,Agric,Food ,Soda ,Beer ,Smoke,Toys ,Fun  ,Books,Hshld,Clths,Hlth ,MedEq,Drugs,Chems,Rubbr,Txtls,BldMt,Cnstr,Steel,FabPr,Mach ,ElcEq,Autos,Aero ,Ships,Guns ,Gold ,Mines,Coal ,Oil  ,Util ,Telcm,PerSv,BusSv,Hardw,Softw,Chips,LabEq,Paper,Boxes,Trans,Whlsl,Rtail,Meals,Banks,Insur,RlEst,Fin  ,Other
Agric,0.05432571621286735,0.008283667977760124,0.009481052819698174,0.009628397957108814,0.011041701258141376,0.014129745667990471,0.01689870084511517,0.0107766703923749,0.012366274341540907,0.011147476603653695,0.01522129350277998,0.017333774023828432,0.02345077698173153,0.010966677629864975,0.012135171793486896,0.008325984743447182,0.010985142119142179,0.012470368562351073,0.014222001938046068,0.010919186408260522,0.014873553626687847,0.014416936635424937,0.011242916057188244,0.012958523812549638,0.011839581073868151,0.011514781518665605,0.012105915301032567,0.012164882961080224,0.012251684978554405,0.012863839424940427,0.004525351313741064,0.02233881725814138,0.01294108441302621,0.017634428772041306,0.026002761343923746,0.026639339364575063,0.0248546350881652,0.01792045684193805,0.010796455739475774,0.012513206894360604,0.012974779634630658,0.014939413073868146,0.016114310306592532,0.011856432482922957,0.009154316508339953,0.009850189248610006,0.011299557804606834,0.01026848342494043,0.014254282548054012
Food ,0.008283667977760124,0.014163267774424145,0.0063119653057982505,0.006994024698967434,0.007326166741858618,0.009429725490071487,0.010458592603653696,0.00845045960921366,0.009397069477362985,0.009498621388403496,0.010711970897537731,0.010686177245432882,0.01479272616362192,0.008627805045274026,0.008023161474185862,0.0065934784622716435,0.007552080457505958,0.009175971850675138,0.010270872247815728,0.008249800965845908,0.01049372469579031,0.010066810999205719,0.008701643075456712,0.009355720698967437,0.009624069407466242,0.007509161575853852,0.002955717845909452,0.006632421617156473,0.009538126684670373,0.0095782026624305,0.004460155844320888,0.014075482903891977,0.009488969461477363,0.011381740880063544,0.015596193569499598,0.016556787545671168,0.015146558182684672,0.011243913969817316,0.007825071002382842,0.009568729563145355,0.009544804670373311,0.00948498023828435,0.011496363583796663,0.007721511002382846,0.007062381197776011,0.008310056368546464,0.007394694767275617,0.006875357795075458,0.010231443984114375
Soda ,0.009481052819698174,0.0063119653057982505,0.06645543503574265,0.00803768475774424,0.009545928617950757,0.008878539038919777,0.008338273288324068,0.007485792708498806,0.00748730461477363,0.008418238641779189,0.010534032787926927,0.00926525907863384,0.012015940691024617,0.006632350182684671,0.006336218220810168,0.007478429166004765,0.006949396632247813,0.007176871207307387,0.008364120015885618,0.003721507640984909,0.008905002366957905,0.008457982573471008,0.007400107061159651,0.007690470198570293,0.007233437418586178,0.0064706409134233514,0.009754396926131845,0.006751385782366954,0.007105752891183479,0.010829002803812547,0.004304847720413026,0.010606140381254965,0.008569536163621922,0.009043242208101668,0.012719164916600474,0.012317999531374108,0.011359530563939632,0.009588662263701348,0.006543964003177124,0.008386237855440825,0.00785304262112788,0.008306856258935664,0.009745722343129468,0.006359243939634631,0.006210647696584592,0.007132528546465448,0.006416689602859412,0.005072401540905482,0.007768897664813345
Beer ,0.009628397957108814,0.006994024698967434,0.00803768475774424,0.03479811553772836,0.007840852856235106,0.008009766571882444,0.009827097383637809,0.0069064093057982535,0.0073888033153296255,0.009391352554408261,0.009762329880857824,0.009905106881652102,0.012907019737887215,0.007087755316918189,0.007037121502779985,0.006365634033359808,0.0063682425035742635,0.0072580058220810175,0.009239525385226372,0.005592942614773627,0.009352657286735505,0.008091882729150119,0.006973540598888006,0.00781477606036537,0.006393382270055601,0.006545260808578236,0.007257735779189835,0.0070311093026211285,0.0030181532025417013,0.008955280980142975,0.00449239156155679,0.012439541137410644,0.009121440138204921,0.009718552022239877,0.014138130610007942,0.013970856052422554,0.014195418176330415,0.00956115174424146,0.007238957032565528,0.006655044781572675,0.008646963097696586,0.008940639388403492,0.010567872386020652,0.007670848660841937,0.005928420195393171,0.007741131640984907,0.006350249208895949,0.006013467822081017,0.00893923668943606
Smoke,0.011041701258141376,0.007326166741858618,0.009545928617950757,0.007840852856235106,0.09103027567752184,0.007899112201747417,0.010129656821286734,0.007084263405877679,0.007778673774424148,0.008743638695790304,0.011651577728355839,0.009622657642573466,0.01362244212073073,0.009705076339952339,0.006463960918189038,0.007208011806195393,0.006915241982525814,0.007121490254169977,0.008109222287529784,0.005374798805401112,0.008327936435266083,0.007528499688641779,0.008370690422557586,0.010258729642573466,0.007057476309769661,0.006326587127879269,0.005402368163621924,0.006084351132644956,0.006087033841143764,0.010171109151707705,0.006547962198570296,0.00902740473073868,0.009548931661636216,0.008715740800635426,0.00997042820810167,0.011038130190627478,0.008682498563939637,0.0074572550420969035,0.008073431637807785,0.010171824988085781,0.008624301302621123,0.00792602787132645,0.010351068691024621,0.005574516054011118,0.0073321315631453545,0.008359849124702144,0.005752541272438443,0.0048279945385226375,0.008244647987291501
Toys ,0.014129745667990471,0.009429725490071487,0.008878539038919777,0.008009766571882444,0.007899112201747417,0.039047934899126294,0.020012249882446386,0.013403381931691818,0.014549595979348684,0.015883645768069894,0.01670476752978554,0.020113793064336773,0.026334257911040507,0.012666187837966643,0.012756184403494837,0.010556632069896744,0.01235225129785544,0.01540054026211279,0.016279396171564736,0.014586027151707702,0.018006945216838762,0.016831920422557586,0.01272974168228753,0.013013072867355044,0.012385050314535347,0.009339226549642574,0.009686296888006351,0.011140094332009527,0.012469791750595705,0.012312281237490072,0.0018955265702938835,0.027441444705321675,0.014706061555202545,0.020849062344718023,0.03131392907545671,0.03335283865766481,0.03043772526449563,0.021656705132644952,0.011343360705321683,0.013989524241461477,0.014062477601270846,0.017542424694201746,0.019125478965845908,0.013006428187450356,0.009364492281175536,0.009790926157267673,0.01107653188085782,0.012044564794281176,0.017593318271644162
Fun  ,0.01689870084511517,0.010458592603653696,0.008338273288324068,0.009827097383637809,0.010129656821286734,0.020012249882446386,0.035349570737092925,0.015024113477362986,0.015369368945194601,0.016258694025416996,0.019348210611596507,0.022509582058776807,0.031068565980937254,0.013571827602859412,0.013984197836378071,0.011236256730738678,0.013544170274821288,0.016185915019857035,0.017749045766481328,0.01534113265766481,0.019149919215250194,0.0188928979412232,0.01432386962827641,0.013572130976965848,0.013519307842732323,0.012298943077045274,0.011326300538522637,0.010657349035742654,0.012514185660047658,0.013796504306592532,0.0034233495218427327,0.031460862872120736,0.01606431604606831,0.022789998878474983,0.03495825866084193,0.03738101208101668,0.033724713401111994,0.02441475208737093,0.01256558722160445,0.0158509453375695,0.015550273153296264,0.018851302740270054,0.020658807579030974,0.014124742868943607,0.010591590546465447,0.011558673683876091,0.013262313901509133,0.013448040670373309,0.02005504719301033
Books,0.0107766703923749,0.00845045960921366,0.007485792708498806,0.0069064093057982535,0.007084263405877679,0.013403381931691818,0.015024113477362986,0.02477249487529785,0.012167929382049249,0.012947693747418587,0.014622438220810165,0.015194218420969022,0.02171423048451152,0.01065404425099285,0.01113646282446386,0.009481080114376489,0.010662766494042889,0.012573782637013501,0.01348750729150119,0.01087822641461477,0.014913604441620331,0.014110631936457504,0.011010706792692615,0.010624273804606826,0.011313215094519454,0.00887952781890389,0.0012015311421763317,0.007603798424146148,0.012324833261318509,0.010602191208895946,0.004218079561556792,0.022344529448768854,0.013492239437648927,0.0166688436918189,0.024561516413026216,0.02634246746624305,0.024420495847498013,0.01739519265131056,0.010544763869737888,0.012976510595710882,0.012600699030976967,0.013741047418586179,0.01592695807148531,0.01041449054169976,0.00918300367593328,0.009976825010325653,0.010254009890389196,0.010823845674344718,0.014242094246227164
Hshld,0.012366274341540907,0.009397069477362985,0.00748730461477363,0.0073888033153296255,0.007778673774424148,0.014549595979348684,0.015369368945194601,0.012167929382049249,0.020562174772041298,0.012784022749801427,0.014862478951548843,0.016365529267672756,0.021932201914217634,0.011546511078633838,0.010966168994440034,0.010186165000794277,0.01115382578554408,0.013275508951548847,0.01494878988085782,0.012814220320889596,0.015292425788721203,0.01467539800794281,0.011728025065925334,0.0117134749324861,0.012240025262907071,0.00885682685146942,0.008220988532168386,0.010223601559968227,0.01240185778713264,0.012308888973788719,0.004285477610802224,0.022144396603653686,0.013089084795869737,0.017212593941223195,0.02489928867831613,0.026043976560762506,0.024102362563939633,0.017631530406671963,0.010823994700555999,0.013234437855440822,0.013403398046068308,0.014265771016679904,0.016249688163621923,0.011115023866560764,0.009399323814138208,0.010334761677521842,0.010224073405877677,0.010410817915806196,0.014690615809372518
Clths,0.011147476603653695,0.009498621388403496,0.008418238641779189,0.009391352554408261,0.008743638695790304,0.015883645768069894,0.016258694025416996,0.012947693747418587,0.012784022749801427,0.029285431706115965,0.015071835774424145,0.015697440486100077,0.021641115988880064,0.011857077579030975,0.011306994405083402,0.010424948168387604,0.011555958996028591,0.013464080277998405,0.014948388800635428,0.011272255834789512,0.015563079850675135,0.014521524819698171,0.012730554314535346,0.0127964268943606,0.01306652215567911,0.010969561901509132,0.007019984716441621,0.01077935164098491,0.011528467677521838,0.011866081224781572,0.0036322075043685453,0.022673059091342335,0.014056920986497216,0.017373079958697378,0.02415890963780779,0.02634866814138204,0.023857012336775216,0.01691903410484512,0.011091189731532964,0.013936481699761714,0.014143770214455917,0.015307264122319298,0.01850100003335981,0.011058719961874503,0.009434330864177916,0.010223312540111199,0.01178173228117553,0.010945526325655285,0.015399731609213657
Hlth ,0.01522129350277998,0.010711970897537731,0.010534032787926927,0.009762329880857824,0.011651577728355839,0.01670476752978554,0.019348210611596507,0.014622438220810165,0.014862478951548843,0.015071835774424145,0.03134362344718031,0.020487976743447184,0.0297564698014297,0.012922566449563147,0.012798312057188243,0.011559362764098491,0.012552787863383633,0.015652781064336773,0.0165954138522637,0.014894098935663222,0.01799246039714059,0.018307046513105642,0.013048871358220809,0.014267833455123112,0.014054867990468619,0.010184955742652902,0.005948423415409056,0.009661482732327246,0.015307389388403498,0.01617621026211279,0.004898636918189039,0.02647291758538523,0.016388548339952343,0.021633248355837964,0.030569329817315312,0.03255241969817315,0.029647736171564732,0.02234621108816521,0.012274723177124702,0.01392305693407466,0.015214315520254167,0.01736404854646545,0.019307975790309767,0.013626086576648131,0.010861020746624303,0.012418593359809372,0.012103606258935666,0.012007218427323272,0.018812646227164418
MedEq,0.017333774023828432,0.010686177245432882,0.00926525907863384,0.009905106881652102,0.009622657642573466,0.020113793064336773,0.022509582058776807,0.015194218420969022,0.016365529267672756,0.015697440486100077,0.020487976743447184,0.030103748505162835,0.03689835042096903,0.014000371475774423,0.014598940479745831,0.011414291037331213,0.013524055586973782,0.016849143113582207,0.018228415536139794,0.0160491962065131,0.020909874414614775,0.02071096736457506,0.014476895431294679,0.014377197553613977,0.013842298074662427,0.01123192523907863,0.009413923694996027,0.011007672616362192,0.015243087564733918,0.015472277099285149,0.0030131460460683076,0.031467007167593326,0.017047868298649724,0.024087695593328042,0.037682329337569494,0.03978835118347895,0.03692023292136616,0.026920238897537727,0.012665895193010323,0.015690411818903894,0.015695255313741066,0.020227015774424147,0.02079112497855441,0.01446316556632248,0.010504512225575855,0.01154663815091342,0.0130864050420969,0.013195410687847497,0.021107053331215247
Drugs,0.02345077698173153,0.01479272616362192,0.012015940691024617,0.012907019737887215,0.01362244212073073,0.026334257911040507,0.031068565980937254,0.02171423048451152,0.021932201914217634,0.021641115988880064,0.0297564698014297,0.03689835042096903,0.06607097447974582,0.019007901509134235,0.01886916176330421,0.013777149197776017,0.018044928991262903,0.02386414251787133,0.024474789181890392,0.02156554087370929,0.029132741175536134,0.030830520778395556,0.018162943931691815,0.0192600322319301,0.019007798101667986,0.011678043947577436,0.010152679769658456,0.012546467116759335,0.022223196910246233,0.021322286378077843,0.00553852991262907,0.04710505386814932,0.022149243820492454,0.03492772509928515,0.05606787740270055,0.0586836564177919,0.055777314074662424,0.04134480569499603,0.016884980969023033,0.021809048657664813,0.021450975107227956,0.02812752677521843,0.028183423868149315,0.018794621159650516,0.014206222168387609,0.016364001207307383,0.017989112652899125,0.018721066735504367,0.030316405909451945
Chems,0.010966677629864975,0.008627805045274026,0.006632350182684671,0.007087755316918189,0.009705076339952339,0.012666187837966643,0.013571827602859412,0.01065404425099285,0.011546511078633838,0.011857077579030975,0.012922566449563147,0.014000371475774423,0.019007901509134235,0.019452100816521045,0.010010844562351073,0.009561554325655282,0.010595625150119142,0.011714480984908654,0.01495997267672756,0.010822332759332802,0.014464120451151708,0.013418019310563939,0.011492697734710088,0.012443907482128673,0.012529351339158064,0.009703793722001587,0.005594720438443207,0.009815204498808579,0.008725127294678314,0.013836412365369345,0.005222570414614773,0.01799803693725178,0.011925618020651306,0.014769467602859413,0.02102004716123908,0.021116349992057186,0.020598423961874508,0.015061375243844322,0.011893483310563937,0.014127385321683875,0.012426225988880064,0.012734766258935661,0.014579365439237487,0.009578848552819702,0.008680187348689434,0.010109086665607624,0.008672173826846704,0.009210385111993645,0.013085080972200158
Rubbr,0.012135171793486896,0.008023161474185862,0.006336218220810168,0.007037121502779985,0.006463960918189038,0.012756184403494837,0.013984197836378071,0.01113646282446386,0.010966168994440034,0.011306994405083402,0.012798312057188243,0.014598940479745831,0.01886916176330421,0.010010844562351073,0.020314854386020646,0.008279002579825258,0.01006507049404289,0.012195700794281176,0.01343891590150913,0.011082928413026211,0.013958131424940429,0.013301825938046064,0.010392561941223195,0.01014770592533757,0.010172450030182684,0.008793420895949167,0.004215199901509133,0.008368530414614774,0.007683689509134234,0.009976911297855438,0.00309477567593328,0.019354796435266084,0.011711721083399525,0.015142322935663225,0.02243356011755361,0.02315430934074662,0.021617778605242253,0.01628980444479746,0.0090658469451946,0.012235869674344714,0.011416398061953933,0.012934470262112788,0.014067844641779194,0.010321849296266877,0.007796791196187453,0.00852671712152502,0.009294840352660842,0.008867546630659254,0.013105962281175535
Txtls,0.008325984743447182,0.0065934784622716435,0.007478429166004765,0.006365634033359808,0.007208011806195393,0.010556632069896744,0.011236256730738678,0.009481080114376489,0.010186165000794277,0.010424948168387604,0.011559362764098491,0.011414291037331213,0.013777149197776017,0.009561554325655282,0.008279002579825258,0.025096577690230337,0.009757475399523432,0.010179309483717236,0.012156356282764097,0.008818882865766481,0.011884662443208896,0.0109418357299444,0.009689145302621128,0.010521659285146945,0.010290109382049245,0.007240772606830818,0.006680145722001587,0.007167637496425734,0.010763964200158856,0.010554300886417794,0.00412227966957903,0.015154541356632243,0.009874349051628277,0.011774946071485302,0.017709345855440824,0.01746525893566322,0.01609807280063542,0.012148471758538521,0.00918328363463066,0.009681130103256552,0.009954450071485304,0.010730167243844319,0.012147463586973788,0.00831882965528197,0.007505025436060366,0.007665831536139795,0.008507495961874506,0.007642108746624305,0.01000540169023034
BldMt,0.010985142119142179,0.007552080457505958,0.006949396632247813,0.0063682425035742635,0.006915241982525814,0.01235225129785544,0.013544170274821288,0.010662766494042889,0.01115382578554408,0.011555958996028591,0.012552787863383633,0.013524055586973782,0.018044928991262903,0.010595625150119142,0.01006507049404289,0.009757475399523432,0.015221692479745827,0.012050419158061952,0.013439423256552816,0.010724384235107229,0.014432034967434473,0.013004018916600475,0.011130585436060365,0.011129274853057982,0.011417147456711676,0.010043247726767273,0.004645387367752185,0.008389974671961876,0.00890200685623511,0.011723391536139794,0.0037081735472597305,0.019177330446386018,0.011738115698173153,0.014883367606036533,0.021336765693407467,0.022230732390786337,0.021135129931691816,0.01561127121207307,0.00995056338681493,0.01212024257347101,0.011764720794281173,0.01273585372517871,0.014323667532962669,0.009693568184273233,0.00850908617633042,0.00935813983796664,0.009515503434471802,0.009556798608419381,0.012879377690230339
Cnstr,0.012470368562351073,0.009175971850675138,0.007176871207307387,0.0072580058220810175,0.007121490254169977,0.01540054026211279,0.016185915019857035,0.012573782637013501,0.013275508951548847,0.013464080277998405,0.015652781064336773,0.016849143113582207,0.02386414251787133,0.011714480984908654,0.012195700794281176,0.010179309483717236,0.012050419158061952,0.028143169237490075,0.015269515218427322,0.01325493267672756,0.016594760111199366,0.01573915884034948,0.012256709491660045,0.01168703553613979,0.013536434034948369,0.011093257450357425,0.006584766282764099,0.010758422986497217,0.013054373780778396,0.013430883931691817,0.004292018808578236,0.02399080465448769,0.013998063296266877,0.017818032740270055,0.026932049920571882,0.027746933653693406,0.026420116235107222,0.019663947807783952,0.010940848546465447,0.013537164336775216,0.014247513216838757,0.015064331540905486,0.01728569230341541,0.01126319393169182,0.009725714876886418,0.010672633677521842,0.011024795226370131,0.011836204368546462,0.01587077407466243
Steel,0.014222001938046068,0.010270872247815728,0.008364120015885618,0.009239525385226372,0.008109222287529784,0.016279396171564736,0.017749045766481328,0.01348750729150119,0.01494878988085782,0.014948388800635428,0.0165954138522637,0.018228415536139794,0.024474789181890392,0.01495997267672756,0.01343891590150913,0.012156356282764097,0.013439423256552816,0.015269515218427322,0.02510444953137411,0.01409173232724384,0.0186468714853058,0.01643986328832406,0.014540938919777603,0.014595120158856232,0.015865760492454327,0.011892713057982524,0.009867332184273233,0.013311813439237484,0.013097009833200947,0.016903430992851468,0.005086371437648927,0.025622472057188247,0.01480891299444003,0.019477535567911045,0.028462192009531366,0.029034268038125494,0.02814925509134233,0.020236823113582207,0.013314447498014298,0.016164040826052422,0.015891191866560763,0.016720107529785547,0.01810591820492454,0.012869302716441622,0.010778289420174742,0.011746967752184277,0.012875590420969025,0.012166383224781571,0.016459890579825262
FabPr,0.010919186408260522,0.008249800965845908,0.003721507640984909,0.005592942614773627,0.005374798805401112,0.014586027151707702,0.01534113265766481,0.01087822641461477,0.012814220320889596,0.011272255834789512,0.014894098935663222,0.0160491962065131,0.02156554087370929,0.010822332759332802,0.011082928413026211,0.008818882865766481,0.010724384235107229,0.01325493267672756,0.01409173232724384,0.036035917166004766,0.01589663773153296,0.01447679356314535,0.01147591700079428,0.01144802656076251,0.012576010808578236,0.009769421801429708,0.007902428289118347,0.009941046189038918,0.01427620647498014,0.01174245523749007,0.0028934215536139786,0.022072428905480536,0.012926633855440824,0.0162431600127085,0.024593340244638596,0.025475129277204127,0.02473422276727561,0.018160677693407467,0.009544343466243046,0.012623562255758539,0.01274974837172359,0.014016314567116758,0.015274675729944398,0.010650370535345512,0.008376765382049242,0.009348981331215247,0.010391429312152499,0.010078758227164418,0.013569192336775218
Mach ,0.014873553626687847,0.01049372469579031,0.008905002366957905,0.009352657286735505,0.008327936435266083,0.018006945216838762,0.019149919215250194,0.014913604441620331,0.015292425788721203,0.015563079850675135,0.01799246039714059,0.020909874414614775,0.029132741175536134,0.014464120451151708,0.013958131424940429,0.011884662443208896,0.014432034967434473,0.016594760111199366,0.0186468714853058,0.01589663773153296,0.025278493667990468,0.01970414474344718,0.014514317003971407,0.0146659824305004,0.016612286382843528,0.012200111990468627,0.008395783138999205,0.010708419240667195,0.014635791679110407,0.01674823290548054,0.004622323329626687,0.0297496283590151,0.016124403612390783,0.021945772956314533,0.03543265137092931,0.035864974884829225,0.03708356315170771,0.026248750255758537,0.012889844549642574,0.01814960911834789,0.016401927116759328,0.018590410532168384,0.019609337909451952,0.013285590729150113,0.010912011193010326,0.012066498929308974,0.012970398147736298,0.013286038455917394,0.019202914903891977
ElcEq,0.014416936635424937,0.010066810999205719,0.008457982573471008,0.008091882729150119,0.007528499688641779,0.016831920422557586,0.0188928979412232,0.014110631936457504,0.01467539800794281,0.014521524819698171,0.018307046513105642,0.02071096736457506,0.030830520778395556,0.013418019310563939,0.013301825938046064,0.0109418357299444,0.013004018916600475,0.01573915884034948,0.01643986328832406,0.01447679356314535,0.01970414474344718,0.02913676143606037,0.012804182471803016,0.01317338462271644,0.014639678859412227,0.010604946913423351,0.007449699148530579,0.009965556549642573,0.014827511799841146,0.015089516006354246,0.0038946680285941214,0.028846348193804598,0.014619814338363776,0.021172648711675932,0.03387918853375695,0.034675001731532956,0.03477915014455917,0.025888686376489275,0.011820206983320095,0.015090050007942812,0.014744479301032565,0.017748043860206508,0.0186938365782367,0.012517063822081013,0.009748020101667991,0.011116604168387608,0.012203193718824463,0.012411438525814137,0.01881145443685465
Autos,0.011242916057188244,0.008701643075456712,0.007400107061159651,0.006973540598888006,0.008370690422557586,0.01272974168228753,0.01432386962827641,0.011010706792692615,0.011728025065925334,0.012730554314535346,0.013048871358220809,0.014476895431294679,0.018162943931691815,0.011492697734710088,0.010392561941223195,0.009689145302621128,0.011130585436060365,0.012256709491660045,0.014540938919777603,0.01147591700079428,0.014514317003971407,0.012804182471803016,0.018600778616362196,0.012377547434471803,0.011653589075456711,0.010128959274027006,0.0077795521223193,0.010389530265289913,0.009780430050834,0.01132207893407466,0.004277708714853058,0.019574702687847494,0.01233672746465449,0.015360798675139004,0.02161923739952343,0.02246248003971406,0.02115764831453535,0.015679087134233518,0.010801493795075456,0.013299826195393166,0.01280022295472597,0.013116848379666403,0.015341378139793487,0.009988373667990469,0.009061554187450358,0.009988570446386019,0.009541038711675933,0.009669596374900715,0.013100500162033363
Aero ,0.012958523812549638,0.009355720698967437,0.007690470198570293,0.00781477606036537,0.010258729642573466,0.013013072867355044,0.013572130976965848,0.010624273804606826,0.0117134749324861,0.0127964268943606,0.014267833455123112,0.014377197553613977,0.0192600322319301,0.012443907482128673,0.01014770592533757,0.010521659285146945,0.011129274853057982,0.01168703553613979,0.014595120158856232,0.01144802656076251,0.0146659824305004,0.01317338462271644,0.012377547434471803,0.045133095377283564,0.013803643510722793,0.012599233185067515,0.005647236870532169,0.009854944400317709,0.009793026004765684,0.013630083669579036,0.004287355933280381,0.019382796695790305,0.013462337172359012,0.015652813280381254,0.02068910085782367,0.021551953661636217,0.020635954567116754,0.015413930563939636,0.011745512787926928,0.01321402976965846,0.01381024813343924,0.013321725003971406,0.01625876563939635,0.010561295949166001,0.010001072803812546,0.010609079428117549,0.00966256109610802,0.009948656489277202,0.013383404098490866
Ships,0.011839581073868151,0.009624069407466242,0.007233437418586178,0.006393382270055601,0.007057476309769661,0.012385050314535347,0.013519307842732323,0.011313215094519454,0.012240025262907071,0.01306652215567911,0.014054867990468619,0.013842298074662427,0.019007798101667986,0.012529351339158064,0.010172450030182684,0.010290109382049245,0.011417147456711676,0.013536434034948369,0.015865760492454327,0.012576010808578236,0.016612286382843528,0.014639678859412227,0.011653589075456711,0.013803643510722793,0.0461236903749007,0.009578564973788718,0.01159846541223193,0.010410157734710088,0.01686821520095313,0.018571871823669574,0.0057927461985702935,0.019582870617950755,0.013354344119142176,0.015601827326449562,0.022837943432883232,0.02376434046862589,0.023969134770452736,0.01750958568228753,0.01199117268943606,0.01420481199364575,0.01388043150119142,0.013655939308975377,0.015302315652104843,0.01077139051310564,0.009674335277204129,0.010878064641779187,0.010636956748212868,0.010543583742652896,0.013786316225575855
Guns ,0.011514781518665605,0.007509161575853852,0.0064706409134233514,0.006545260808578236,0.006326587127879269,0.009339226549642574,0.012298943077045274,0.00887952781890389,0.00885682685146942,0.010969561901509132,0.010184955742652902,0.01123192523907863,0.011678043947577436,0.009703793722001587,0.008793420895949167,0.007240772606830818,0.010043247726767273,0.011093257450357425,0.011892713057982524,0.009769421801429708,0.012200111990468627,0.010604946913423351,0.010128959274027006,0.012599233185067515,0.009578564973788718,0.06491783391739478,0.006164375531374103,0.01070608037172359,0.010790368846703736,0.011187415143764897,0.00436575989197776,0.015034605550436854,0.01023380060841938,0.012227389423351866,0.015996958969023034,0.016838534686258934,0.016171328479745825,0.012359728494042889,0.010256764841938043,0.01120908420969023,0.012445960365369341,0.01036958420174742,0.01253363228435266,0.007826327606036536,0.007990066333598092,0.008629889042096902,0.00672662775694996,0.007472011764892772,0.012252888330420968
Gold ,0.012105915301032567,0.002955717845909452,0.009754396926131845,0.007257735779189835,0.005402368163621924,0.009686296888006351,0.011326300538522637,0.0012015311421763317,0.008220988532168386,0.007019984716441621,0.005948423415409056,0.009413923694996027,0.010152679769658456,0.005594720438443207,0.004215199901509133,0.006680145722001587,0.004645387367752185,0.006584766282764099,0.009867332184273233,0.007902428289118347,0.008395783138999205,0.007449699148530579,0.0077795521223193,0.005647236870532169,0.01159846541223193,0.006164375531374103,0.23956169432724383,0.02424038782843527,-0.007234115642573466,0.017168124624305007,-0.00065600981096108,0.011051921204130262,0.00666929623669579,0.0095300407847498,0.01581032847815727,0.016146742073073865,0.014465869969817316,0.009379305050039715,0.002842636784749801,0.0050960726131850645,0.005858170532168387,0.008533326711675934,0.006293185863383639,0.005900492479745829,0.001602952595710882,0.00099894485146942,0.0094416777299444,0.00496448143288324,0.007356734436854646
Mines,0.012164882961080224,0.006632421617156473,0.006751385782366954,0.0070311093026211285,0.006084351132644956,0.011140094332009527,0.010657349035742654,0.007603798424146148,0.010223601559968227,0.01077935164098491,0.009661482732327246,0.011007672616362192,0.012546467116759335,0.009815204498808579,0.008368530414614774,0.007167637496425734,0.008389974671961876,0.010758422986497217,0.013311813439237484,0.009941046189038918,0.010708419240667195,0.009965556549642573,0.010389530265289913,0.009854944400317709,0.010410157734710088,0.01070608037172359,0.02424038782843527,0.06308283773788721,0.004677532622716442,0.01129830144876886,0.002878501617156474,0.014403931081810963,0.009003479907863385,0.011031087065925337,0.0152550898395552,0.015368969420174738,0.014824611234312942,0.01144765432565528,0.009687620606830817,0.01218459253375695,0.01071640403494837,0.010603294630659253,0.011782695602859413,0.007205569518665609,0.007779737216838757,0.008561432578236694,0.00925567301350278,0.008117998163621923,0.010762894640190626
Coal ,0.012251684978554405,0.009538126684670373,0.007105752891183479,0.0030181532025417013,0.006087033841143764,0.012469791750595705,0.012514185660047658,0.012324833261318509,0.01240185778713264,0.011528467677521838,0.015307389388403498,0.015243087564733918,0.022223196910246233,0.008725127294678314,0.007683689509134234,0.010763964200158856,0.00890200685623511,0.013054373780778396,0.013097009833200947,0.01427620647498014,0.014635791679110407,0.014827511799841146,0.009780430050834,0.009793026004765684,0.01686821520095313,0.010790368846703736,-0.007234115642573466,0.004677532622716442,0.15425781911199363,0.014358299232724383,0.005695159186656076,0.02225463575218427,0.0144720182954726,0.016353335914217632,0.02426004192057188,0.02696561740270055,0.02455647161556791,0.016394506327243843,0.008777144101667987,0.010750900127084986,0.012149120873709295,0.013090049666401904,0.016540364316123907,0.01206628062271644,0.00875863206195393,0.009875490433677518,0.01018498260047657,0.008924699275615572,0.015827268619539318
Oil  ,0.012863839424940427,0.0095782026624305,0.010829002803812547,0.008955280980142975,0.010171109151707705,0.012312281237490072,0.013796504306592532,0.010602191208895946,0.012308888973788719,0.011866081224781572,0.01617621026211279,0.015472277099285149,0.021322286378077843,0.013836412365369345,0.009976911297855438,0.010554300886417794,0.011723391536139794,0.013430883931691817,0.016903430992851468,0.01174245523749007,0.01674823290548054,0.015089516006354246,0.01132207893407466,0.013630083669579036,0.018571871823669574,0.011187415143764897,0.017168124624305007,0.01129830144876886,0.014358299232724383,0.04223364234948372,0.007778530065131058,0.016987843529785548,0.01258541272279587,0.015782966077839553,0.020936388710087368,0.02103696193010325,0.020929537972994437,0.016734014235107227,0.01181161767116759,0.013221768467037329,0.013964864797458293,0.01413813910246227,0.01351621516918189,0.010101241372517871,0.009212313059571091,0.010026710621127878,0.010503089656870532,0.008709823729944399,0.013824667501191419
Util ,0.004525351313741064,0.004460155844320888,0.004304847720413026,0.00449239156155679,0.006547962198570296,0.0018955265702938835,0.0034233495218427327,0.004218079561556792,0.004285477610802224,0.0036322075043685453,0.004898636918189039,0.0030131460460683076,0.00553852991262907,0.005222570414614773,0.00309477567593328,0.00412227966957903,0.0037081735472597305,0.004292018808578236,0.005086371437648927,0.0028934215536139786,0.004622323329626687,0.0038946680285941214,0.004277708714853058,0.004287355933280381,0.0057927461985702935,0.00436575989197776,-0.00065600981096108,0.002878501617156474,0.005695159186656076,0.007778530065131058,0.010035969220015884,0.0037654612994440033,0.004630979691818904,0.004099567218427324,0.004088030900714853,0.00396179231135822,0.004764478119142175,0.004072687949166005,0.004915748111199365,0.005270088387609212,0.004570177315329626,0.0032738456870532165,0.004688670938840349,0.0029954195329626693,0.003969074637013503,0.00532076887053217,0.0027793863637807785,0.002508924244638603,0.0033196370579825257
Telcm,0.02233881725814138,0.014075482903891977,0.010606140381254965,0.012439541137410644,0.00902740473073868,0.027441444705321675,0.031460862872120736,0.022344529448768854,0.022144396603653686,0.022673059091342335,0.02647291758538523,0.031467007167593326,0.04710505386814932,0.01799803693725178,0.019354796435266084,0.015154541356632243,0.019177330446386018,0.02399080465448769,0.025622472057188247,0.022072428905480536,0.0297496283590151,0.028846348193804598,0.019574702687847494,0.019382796695790305,0.019582870617950755,0.015034605550436854,0.011051921204130262,0.014403931081810963,0.02225463575218427,0.016987843529785548,0.0037654612994440033,0.06191101921525018,0.02305722611914217,0.03497406774900715,0.05728466705957107,0.06149185329626688,0.05831462975694996,0.0396027207593328,0.016630784864177916,0.02294319021445592,0.022829373979348686,0.02781122988085782,0.030877753839555207,0.018740517445591735,0.015289080123907861,0.016497885445591744,0.017269736301826846,0.021912210204924544,0.028704839008737094
PerSv,0.01294108441302621,0.009488969461477363,0.008569536163621922,0.009121440138204921,0.009548931661636216,0.014706061555202545,0.01606431604606831,0.013492239437648927,0.013089084795869737,0.014056920986497216,0.016388548339952343,0.017047868298649724,0.022149243820492454,0.011925618020651306,0.011711721083399525,0.009874349051628277,0.011738115698173153,0.013998063296266877,0.01480891299444003,0.012926633855440824,0.016124403612390783,0.014619814338363776,0.01233672746465449,0.013462337172359012,0.013354344119142176,0.01023380060841938,0.00666929623669579,0.009003479907863385,0.0144720182954726,0.01258541272279587,0.004630979691818904,0.02305722611914217,0.02593059669420175,0.017914679310563935,0.02556269039396346,0.027980594765687053,0.02566792939475774,0.018768769548848294,0.011078912921366164,0.013120356870532167,0.01382381294678316,0.015157934162033364,0.017629264779984114,0.011771035113582207,0.00975233153455123,0.011053649270849878,0.010655421205718824,0.011120591355043688,0.015235699780778397
BusSv,0.017634428772041306,0.011381740880063544,0.009043242208101668,0.009718552022239877,0.008715740800635426,0.020849062344718023,0.022789998878474983,0.0166688436918189,0.017212593941223195,0.017373079958697378,0.021633248355837964,0.024087695593328042,0.03492772509928515,0.014769467602859413,0.015142322935663225,0.011774946071485302,0.014883367606036533,0.017818032740270055,0.019477535567911045,0.0162431600127085,0.021945772956314533,0.021172648711675932,0.015360798675139004,0.015652813280381254,0.015601827326449562,0.012227389423351866,0.0095300407847498,0.011031087065925337,0.016353335914217632,0.015782966077839553,0.004099567218427324,0.03497406774900715,0.017914679310563935,0.028755657258141377,0.03952169528514693,0.04268635852263701,0.03943525403653693,0.027741292127084986,0.013140712432088957,0.017348638538522632,0.01762385795075457,0.021014123129467828,0.02273037446544877,0.01470523274980143,0.01172070372359015,0.01292750367593328,0.013803237023034152,0.014867142926131852,0.02173207124384432
Hardw,0.026002761343923746,0.015596193569499598,0.012719164916600474,0.014138130610007942,0.00997042820810167,0.03131392907545671,0.03495825866084193,0.024561516413026216,0.02489928867831613,0.02415890963780779,0.030569329817315312,0.037682329337569494,0.05606787740270055,0.02102004716123908,0.02243356011755361,0.017709345855440824,0.021336765693407467,0.026932049920571882,0.028462192009531366,0.024593340244638596,0.03543265137092931,0.03387918853375695,0.02161923739952343,0.02068910085782367,0.022837943432883232,0.015996958969023034,0.01581032847815727,0.0152550898395552,0.02426004192057188,0.020936388710087368,0.004088030900714853,0.05728466705957107,0.02556269039396346,0.03952169528514693,0.07502175747577441,0.0714077310007943,0.06950745016362192,0.046986068287529784,0.018969488273232724,0.02677375111993646,0.025007130119142174,0.032639935941223185,0.0334401064384432,0.02144453342017474,0.015716774641779188,0.017307473728355838,0.019873468328832408,0.02265809478316123,0.03310810723431294
Softw,0.026639339364575063,0.016556787545671168,0.012317999531374108,0.013970856052422554,0.011038130190627478,0.03335283865766481,0.03738101208101668,0.02634246746624305,0.026043976560762506,0.02634866814138204,0.03255241969817315,0.03978835118347895,0.0586836564177919,0.021116349992057186,0.02315430934074662,0.01746525893566322,0.022230732390786337,0.027746933653693406,0.029034268038125494,0.025475129277204127,0.035864974884829225,0.034675001731532956,0.02246248003971406,0.021551953661636217,0.02376434046862589,0.016838534686258934,0.016146742073073865,0.015368969420174738,0.02696561740270055,0.02103696193010325,0.00396179231135822,0.06149185329626688,0.027980594765687053,0.04268635852263701,0.0714077310007943,0.07992903694201746,0.07099360204924543,0.04810435241461476,0.01933493671167593,0.027651277569499602,0.02645665653693408,0.034449060754567114,0.03623607686258936,0.022369347799841146,0.016778203645750597,0.018472437903097695,0.021008410476568703,0.024133000142970613,0.034619399872915
Chips,0.0248546350881652,0.015146558182684672,0.011359530563939632,0.014195418176330415,0.008682498563939637,0.03043772526449563,0.033724713401111994,0.024420495847498013,0.024102362563939633,0.023857012336775216,0.029647736171564732,0.03692023292136616,0.055777314074662424,0.020598423961874508,0.021617778605242253,0.01609807280063542,0.021135129931691816,0.026420116235107222,0.02814925509134233,0.02473422276727561,0.03708356315170771,0.03477915014455917,0.02115764831453535,0.020635954567116754,0.023969134770452736,0.016171328479745825,0.014465869969817316,0.014824611234312942,0.02455647161556791,0.020929537972994437,0.004764478119142175,0.05831462975694996,0.02566792939475774,0.03943525403653693,0.06950745016362192,0.07099360204924543,0.07707557992692612,0.04960908935027799,0.018215001340746623,0.026764483208895944,0.02518562611596505,0.032122591628276416,0.03281632907704527,0.0203145829451946,0.015464234957903094,0.017456541502779976,0.019582535240667196,0.022808057645750602,0.03192846839078632
LabEq,0.01792045684193805,0.011243913969817316,0.009588662263701348,0.00956115174424146,0.0074572550420969035,0.021656705132644952,0.02441475208737093,0.01739519265131056,0.017631530406671963,0.01691903410484512,0.02234621108816521,0.026920238897537727,0.04134480569499603,0.015061375243844322,0.01628980444479746,0.012148471758538521,0.01561127121207307,0.019663947807783952,0.020236823113582207,0.018160677693407467,0.026248750255758537,0.025888686376489275,0.015679087134233518,0.015413930563939636,0.01750958568228753,0.012359728494042889,0.009379305050039715,0.01144765432565528,0.016394506327243843,0.016734014235107227,0.004072687949166005,0.0396027207593328,0.018768769548848294,0.027741292127084986,0.046986068287529784,0.04810435241461476,0.04960908935027799,0.042300053914217636,0.013200140644956315,0.019054875917394753,0.017835575361397935,0.022935587061159647,0.022913638555996825,0.01505577565687053,0.011062203826846702,0.012780689633042097,0.014137550120730738,0.015608276063542497,0.023245108384432087
