,Agric,Food ,Soda ,Beer ,Smoke,Toys ,Fun  ,Books,Hshld,Clths,Hlth ,MedEq,Drugs,Chems,Rubbr,Txtls,BldMt,Cnstr,Steel,FabPr,Mach ,ElcEq,Autos,Aero ,Ships,Guns ,Gold ,Mines,Coal ,Oil  ,Util ,Telcm,PerSv,BusSv,Hardw,Softw,Chips,LabEq,Paper,Boxes,Trans,Whlsl,Rtail,Meals,Banks,Insur,RlEst,Fin  ,Other
Agric,0.05522717257505955,0.008316986096902302,0.009052361442414612,0.009773875043685465,0.012180996886417793,0.014192017162827643,0.01729987754725973,0.01113744404130262,0.012977921938046071,0.011796421439237488,0.015297552514694201,0.0173215589833201,0.024039263637807784,0.011171695510722795,0.011910663822081016,0.009112061509134232,0.011149447510722795,0.012648423173947576,0.01501332562351072,0.011711536870532169,0.01515301288641779,0.01472672776489277,0.011950050281175535,0.013238388314535348,0.012997135815726762,0.01124149256235107,0.014166958017474184,0.012445534894360602,0.011775514503574263,0.013829126354249405,0.004897298687847499,0.02327891847498014,0.013571016819698169,0.01808537164098491,0.02654450100714853,0.02685757667990469,0.02562166888641779,0.018436602567116763,0.010642120984908656,0.012912783212073072,0.013639901375694994,0.01525824097220016,0.016223856590945197,0.01198559003018268,0.009358191250198569,0.010010910195393168,0.011084692346306593,0.01135600184273233,0.015025222379666404
Food ,0.008316986096902302,0.01429031710722796,0.006238797631453536,0.007182095742652897,0.007984632748212867,0.009693665261318507,0.010930438098490862,0.008870924983320096,0.009746361707704527,0.010025249647339158,0.011050538568705321,0.011064383375694996,0.015789458292295472,0.008986710590945192,0.008213792268467036,0.007212031286735503,0.007830495002382844,0.009688153834789515,0.01072580058776807,0.00872301352660842,0.01107206893725179,0.010339786193804608,0.009248000668784749,0.009959253045274029,0.009953589011914217,0.0078231978776807,0.0028602138776806984,0.006932145016679905,0.009026277688641777,0.009664669515488477,0.004648178454328833,0.01532417773629865,0.01004594453375695,0.011838068854646541,0.016488323561556797,0.017581527950754565,0.016302535992057186,0.012039302959491658,0.008251133328038123,0.010279744989674345,0.009927137423351868,0.009768956482922957,0.011837340733915807,0.007799164689436059,0.00723288153455123,0.008646764049245432,0.00748818179666402,0.007832251262907066,0.010423618679904685
Soda ,0.009052361442414612,0.006238797631453536,0.05719558999046862,0.007581119539316917,0.009966160738681491,0.008512914189038918,0.008976591696584591,0.007899456087370929,0.007473237307386814,0.008838959146942016,0.01007116028435266,0.009429070349483716,0.01264763447974583,0.006396175102462269,0.006251500179507544,0.00818425528991263,0.006696065963463063,0.007621235057982528,0.00875726619539317,0.0040343113343923745,0.008949662646544879,0.007827283525019857,0.00785315560127085,0.00830974994757744,0.007018224039714057,0.006565946471803019,0.008663678913423355,0.007226448972200156,0.005492020420969022,0.010276669038919778,0.004423063426528991,0.011259577942811752,0.008579324200158856,0.00931444095949166,0.012827265038919771,0.012985484821286733,0.011988119423351866,0.009496145104050833,0.007023954964257345,0.008609560096902304,0.007882071498014296,0.008270536403494838,0.009923284816521046,0.006052963513899921,0.006257858436854645,0.0072885107529785526,0.00781762213026211,0.005907446719618748,0.00719802079269261
Beer ,0.009773875043685465,0.007182095742652897,0.007581119539316917,0.033683909483717224,0.007117329229547258,0.007804629928514693,0.010134449324861001,0.006892523478951549,0.007915536505162826,0.00965156096902303,0.009811229690230341,0.01007666946783161,0.013573510738681495,0.007409166846703731,0.0071918167911040505,0.006045855520254168,0.0066339279110405065,0.0072750383955520245,0.009603624368546466,0.005472974630659253,0.009370884098490864,0.008431916330420968,0.00710552163621922,0.008224397077045273,0.006071519888800636,0.006645659444003176,0.00697514004765687,0.007414682001588561,0.0029462464019062748,0.00923956231930103,0.00450770810166799,0.01299338765687053,0.009274739348689436,0.010364462875297855,0.014776477807783957,0.014581877251787133,0.01466457555202542,0.00976154759332804,0.007443432374900713,0.0068027164257347126,0.008745715043685464,0.009157291691818902,0.010882256489277202,0.007570765655281969,0.0060484332327243855,0.00791066352660842,0.0068508390627482155,0.0068043086894360606,0.009092941842732329
Smoke,0.012180996886417793,0.007984632748212867,0.009966160738681491,0.007117329229547258,0.09231762248610008,0.008758210691024625,0.01179135592533757,0.007995588760921366,0.00869698019857029,0.009768214050833994,0.012374602613185067,0.010596496767275615,0.015475168443208894,0.010715486171564733,0.007442556862589355,0.007747053081810963,0.007777450516282765,0.008036639388403493,0.00944309806195393,0.0065884093963463055,0.009277542779984115,0.008504772081016678,0.010009359340746624,0.01109915958697379,0.007800474050833997,0.007379514249404284,0.007588001779189834,0.007404653471008736,0.008216996989674343,0.01214195208895949,0.007373692239872913,0.0112721985146942,0.01105597855440826,0.009607741826846702,0.011102339205718825,0.01253318752184273,0.009869654702144556,0.008769556513105637,0.009281357664813342,0.012306019150119136,0.009338814042891186,0.008834370691024622,0.011331854551231138,0.006374871485305795,0.007746565861795077,0.00924430294678316,0.006381751461477363,0.006382831564733915,0.009407089999999996
Toys ,0.014192017162827643,0.009693665261318507,0.008512914189038918,0.007804629928514693,0.008758210691024625,0.040779904997617154,0.021281057274027005,0.014416775863383637,0.015674413677521842,0.016888829633042095,0.01703764734233519,0.02135721720413026,0.02908499779189833,0.01363201656235107,0.013782893747418585,0.011925442557585385,0.013319529995234308,0.016172156317712464,0.017706178935663223,0.015142670992851466,0.01970205211755362,0.017886568613185074,0.013952703984114377,0.013691958627482131,0.013192099783955517,0.0093116068816521,0.010778233531374106,0.011864832857823669,0.012438123987291503,0.01336927777601271,0.002164838198570293,0.031322184861000794,0.01583324173471008,0.022658600019062745,0.03486093559332804,0.03678581218427323,0.03440805046227163,0.024366400308181102,0.0124391940587768,0.015525391609213662,0.015299069490071482,0.018604751847498012,0.02044385184432089,0.013668840946783162,0.009983000870532166,0.0103138450548054,0.012266086414614777,0.014644265416997614,0.01850304813661636
Fun  ,0.01729987754725973,0.010930438098490862,0.008976591696584591,0.010134449324861001,0.01179135592533757,0.021281057274027005,0.03813393857188245,0.016214061714058776,0.01647782480540111,0.017478196284352657,0.01961324316600476,0.023931166759332805,0.03430516723590149,0.014669576884829229,0.015007521145353454,0.01272775271644162,0.014658623015091344,0.017476309107227958,0.019485420127084995,0.01609370928514694,0.02098248789833201,0.02090881635107228,0.01583737562668784,0.014235568616362196,0.014515864767275616,0.012518701776012706,0.010657728025416998,0.011296575688641779,0.012657921882446384,0.014901886417791898,0.0038651007609213665,0.03593498869737887,0.017208127637807782,0.024905708162033358,0.039085245200953155,0.04123953309769658,0.038330471737887215,0.02730688263860206,0.01387702181096108,0.017394262664019063,0.016827423154884835,0.020058878001588558,0.022007065328038124,0.014863077305798248,0.011212448327243848,0.01234031153772836,0.014112957675933279,0.0162220349960286,0.021014861672756152
Books,0.01113744404130262,0.008870924983320096,0.007899456087370929,0.006892523478951549,0.007995588760921366,0.014416775863383637,0.016214061714058776,0.026041517793486894,0.013077479785544086,0.013568570006354249,0.015192370336775217,0.01604810920571882,0.02377241961080222,0.011715187023034151,0.01171129597934869,0.010446086266878473,0.011366300162033357,0.013307735150119139,0.014491574694201748,0.011966404646544875,0.0159823348816521,0.014873446555996823,0.012295241561556789,0.011071065537728358,0.011966803985702936,0.009790339621922162,0.0018408808387609208,0.008584425169181892,0.011735181247021446,0.011381766481334396,0.004465549342335187,0.024904554463860203,0.01428745609531374,0.01798652653216838,0.026324397023034143,0.028657914209690234,0.02664982135186656,0.019289081428117555,0.011275760905480542,0.014188306104845116,0.013528471682287527,0.014664525111993646,0.016758177118347893,0.010679245903097694,0.009542500902303415,0.010510378692613185,0.010413952030182683,0.012338271723590147,0.015335679296266875
Hshld,0.012977921938046071,0.009746361707704527,0.007473237307386814,0.007915536505162826,0.00869698019857029,0.015674413677521842,0.01647782480540111,0.013077479785544086,0.022013567585385228,0.013845307839555203,0.015323036640190626,0.01750954162827641,0.02425184065925337,0.012736943518665606,0.0117797425019857,0.011592308077839555,0.012099878411437651,0.014504659467831608,0.016201269817315327,0.013828071159650512,0.01680636171564734,0.015773896465448765,0.01293505541699762,0.012402023542494044,0.013300611874503574,0.00935043764892772,0.008776749007148529,0.011396927180301827,0.012175781485305797,0.013355109293089754,0.00466440674344718,0.025125959404289116,0.014249053439237488,0.018839524670373312,0.02771979350277998,0.028827310317712466,0.027293255814138204,0.019900183296266874,0.012067411644162033,0.014870537180301829,0.014605579729944395,0.015306891326449567,0.017415786719618742,0.011827073232724385,0.00997963467831612,0.011121231207307385,0.010907793812549643,0.01255528818109611,0.015264786743447181
Clths,0.011796421439237488,0.010025249647339158,0.008838959146942016,0.00965156096902303,0.009768214050833994,0.016888829633042095,0.017478196284352657,0.013568570006354249,0.013845307839555203,0.030717274489277205,0.01574912540587768,0.016727008903891977,0.023756331731532958,0.013078745256552816,0.012030503718824461,0.011530046330420967,0.012521759504368544,0.014515981720413022,0.016330866004765687,0.012353245663224781,0.016816116524225575,0.015843093984114376,0.013754120868943603,0.013695200006354248,0.01369697331374106,0.011582171799841143,0.007189874649722002,0.011842686157267673,0.012538499690230336,0.012721568482922952,0.0041963737553613965,0.025301028681493247,0.014796648972200153,0.018670975834789515,0.02643229981572677,0.02852365231930103,0.026248170181096108,0.018686085926926124,0.012125098093725178,0.015317536675138996,0.015308498802223985,0.01598697747736299,0.019643322738681496,0.011749323660047656,0.009875903418586176,0.011278697447180304,0.012277066603653698,0.012795334027005558,0.016291769075456715
Hlth ,0.015297552514694201,0.011050538568705321,0.01007116028435266,0.009811229690230341,0.012374602613185067,0.01703764734233519,0.01961324316600476,0.015192370336775217,0.015323036640190626,0.01574912540587768,0.032037527909451934,0.02097980213661636,0.031298461548848286,0.01341681116282764,0.013192035969817318,0.012145040420969025,0.012909706598888007,0.016270659521842736,0.017412940794281174,0.01521341163621922,0.018760526506751387,0.018419664081016675,0.013904210787926927,0.015035949693407465,0.014353540799046863,0.010255558131850672,0.006729674211278791,0.009882937200953141,0.015061668204924548,0.01657784702144559,0.005152774403494837,0.02838174969817315,0.01727246510563939,0.02217943352501986,0.031595232981731544,0.03370448008737094,0.0309922389150119,0.02335046021127879,0.012896938665607621,0.015248598762509927,0.015798197852263697,0.017668710986497218,0.01986380332327244,0.01354766651628276,0.011211828476568706,0.012920283493248608,0.01251966394122319,0.01349854012708499,0.018837642810166796
MedEq,0.0173215589833201,0.011064383375694996,0.009429070349483716,0.01007666946783161,0.010596496767275615,0.02135721720413026,0.023931166759332805,0.01604810920571882,0.01750954162827641,0.016727008903891977,0.02097980213661636,0.031561539181890384,0.03973991281175536,0.014956211000794282,0.015646305488482927,0.012656660865766481,0.014514266560762509,0.017902269285146943,0.019769050659253374,0.01702712809372518,0.022803354058776797,0.022233137227958694,0.015973197593328037,0.015352150277998414,0.014985069094519462,0.011258253534551229,0.008233521652104843,0.011534296584590945,0.01542487616362192,0.016471212200158854,0.0034621238522637016,0.03536702764892772,0.0181572581731533,0.026045624114376484,0.04138753132644956,0.043300082168387606,0.041063202915011913,0.029709045631453535,0.013709933486894362,0.017397087362986494,0.016793897633042097,0.02131964049245432,0.02200512555996823,0.014879173566322481,0.01100698343129468,0.012300281310563939,0.013503490428911831,0.015995466894360606,0.02179076787132645
Drugs,0.024039263637807784,0.015789458292295472,0.01264763447974583,0.013573510738681495,0.015475168443208894,0.02908499779189833,0.03430516723590149,0.02377241961080222,0.02425184065925337,0.023756331731532958,0.031298461548848286,0.03973991281175536,0.07305628980937251,0.02124613414614774,0.02080246453534551,0.016533502581413822,0.01998192854646545,0.0262264723669579,0.02745731359809373,0.023603685583796663,0.03286598141382049,0.034312553208895945,0.020990194193804608,0.02152519694996028,0.020685773177124698,0.012323409467831609,0.00934191933280381,0.0145169429070691,0.02183409827640985,0.02350180546465449,0.006526026092136615,0.05482101989674345,0.024468559428117556,0.038812354725973,0.0630421100714853,0.06558329983320095,0.0639778968943606,0.04703712664813345,0.01887088691024623,0.02564404084988086,0.023856422239872915,0.030476649388403495,0.030939675329626676,0.020119662112787925,0.015414798554408256,0.018178346155679113,0.01943377328832407,0.023676391437648926,0.03225733266878475
Chems,0.011171695510722795,0.008986710590945192,0.006396175102462269,0.007409166846703731,0.010715486171564733,0.01363201656235107,0.014669576884829229,0.011715187023034151,0.012736943518665606,0.013078745256552816,0.01341681116282764,0.014956211000794282,0.02124613414614774,0.021014416983320093,0.010876032786338367,0.010678741961874504,0.011357347532962667,0.01284220215567911,0.016393407037331213,0.011681856814932485,0.01610791016362192,0.014731135896743446,0.012663079210484512,0.012884330160444797,0.013199252881652105,0.009922866611596503,0.006003165572676727,0.01101494644003177,0.00960490407466243,0.015216210548054006,0.005927369993645751,0.020929997863383634,0.012991947151707704,0.01618710565845909,0.023481140279586973,0.023615465409054806,0.02375381636378077,0.01723624133280381,0.013275470166799043,0.015703924214455916,0.013741119307386813,0.013664326160444797,0.01574552981096108,0.01016095008101668,0.009150971212073073,0.010942034038125494,0.009503885660047656,0.011148819523431296,0.013877191099285143
Rubbr,0.011910663822081016,0.008213792268467036,0.006251500179507544,0.0071918167911040505,0.007442556862589355,0.013782893747418585,0.015007521145353454,0.01171129597934869,0.0117797425019857,0.012030503718824461,0.013192035969817318,0.015646305488482927,0.02080246453534551,0.010876032786338367,0.022091687070691025,0.008962580945194597,0.01056110228435266,0.01284905161715647,0.01434137475774424,0.011175855226370136,0.014926990932486102,0.014060999337569498,0.011209701774424145,0.010378558894360602,0.010697399270849882,0.009177065842732328,0.004808688819698172,0.008681903313741062,0.007423373208895952,0.01090065845909452,0.003445540713264495,0.021486478117553616,0.01256351006830818,0.01628131670849881,0.02405863881493248,0.024932859340746624,0.02355897046703733,0.017842443226370134,0.009788224575059574,0.01354219510246227,0.012259514115965054,0.013609079399523431,0.014941461388403493,0.010628313111993647,0.008204809439237489,0.009184045596505163,0.00978144337887212,0.010341679539316917,0.013657442339952341
Txtls,0.009112061509134232,0.007212031286735503,0.00818425528991263,0.006045855520254168,0.007747053081810963,0.011925442557585385,0.01272775271644162,0.010446086266878473,0.011592308077839555,0.011530046330420967,0.012145040420969025,0.012656660865766481,0.016533502581413822,0.010678741961874504,0.008962580945194597,0.03128294073868149,0.010749038729150118,0.011671343884034948,0.014114807386814929,0.009917573590150913,0.013402653629864971,0.012556538054011116,0.010924891667990468,0.011455026211278793,0.011112142454328835,0.007673141763304209,0.007132132644956315,0.008431384622716441,0.011578214813343922,0.01179198519459889,0.004791800929308976,0.0177543995949166,0.01132315850675139,0.013520981477362986,0.020172686370135025,0.020357628538522635,0.019244572541699763,0.014605875655281968,0.010467790802223988,0.01210114045274027,0.011270103669579031,0.012089452946783163,0.013149982557585383,0.00904396800635425,0.0080928290548054,0.008661404424146146,0.00968056480540111,0.009674402398729149,0.010614226711675931
BldMt,0.011149447510722795,0.007830495002382844,0.006696065963463063,0.0066339279110405065,0.007777450516282765,0.013319529995234308,0.014658623015091344,0.011366300162033357,0.012099878411437651,0.012521759504368544,0.012909706598888007,0.014514266560762509,0.01998192854646545,0.011357347532962667,0.01056110228435266,0.010749038729150118,0.016148973572676723,0.013061015478951547,0.014654301318506747,0.011452100969023032,0.01565102334551231,0.014122845884034946,0.012076884219221602,0.01189367036060365,0.012050680235107228,0.01034600292930897,0.0040493438538522645,0.008937167065925336,0.0086387360127085,0.01254644225575854,0.003951253108816522,0.021579024559173945,0.012512501420174738,0.016125749744241462,0.02377141895472597,0.02456272413026211,0.023951481226370135,0.01751330695472597,0.010674174551231135,0.013430022011119936,0.012551136247815727,0.013545194783161237,0.015144381718824465,0.010082596333598093,0.008820459977760127,0.009928443119936455,0.010141135561556791,0.011187303161239077,0.013687710951548845
Cnstr,0.012648423173947576,0.009688153834789515,0.007621235057982528,0.0072750383955520245,0.008036639388403493,0.016172156317712464,0.017476309107227958,0.013307735150119139,0.014504659467831608,0.014515981720413022,0.016270659521842736,0.017902269285146943,0.0262264723669579,0.01284220215567911,0.01284905161715647,0.011671343884034948,0.013061015478951547,0.02991896797299443,0.016713033566322477,0.014350984169976173,0.01801818871485306,0.017401725669579034,0.01353681439396346,0.012966226929308974,0.014523572014297064,0.011124514128673551,0.00665737238443209,0.011985930719618745,0.013308997402700553,0.014496982303415411,0.004603300773629865,0.027012021294678317,0.015039069966640187,0.019327772365369335,0.029766857572676726,0.030325987648927726,0.029615198740270052,0.021800633094519455,0.012006237410643364,0.01533926911993646,0.01518557106910246,0.015939818277998414,0.018496713633042092,0.011757761162827637,0.010074466888006357,0.011429134311358221,0.011594242988085781,0.013936095075456713,0.017192071356632244
Steel,0.01501332562351072,0.01072580058776807,0.00875726619539317,0.009603624368546466,0.00944309806195393,0.017706178935663223,0.019485420127084995,0.014491574694201748,0.016201269817315327,0.016330866004765687,0.017412940794281174,0.019769050659253374,0.02745731359809373,0.016393407037331213,0.01434137475774424,0.014114807386814929,0.014654301318506747,0.016713033566322477,0.0275868154725973,0.015312375679110403,0.0205731519618745,0.018563136600476572,0.016162160492454333,0.01581175342335187,0.01710928366957903,0.01243522659253376,0.010010805528196986,0.014522818999205715,0.014233826767275616,0.018417338459094518,0.005576455011914217,0.029311468101667983,0.01633169912629071,0.02143837137410643,0.032098204797458285,0.03250932386020651,0.03250442359015092,0.02320724525814138,0.014635125814138202,0.01831509424940429,0.0171580303415409,0.01810486379666402,0.019562779285146936,0.013477173248610006,0.011338918633836383,0.012770868482922951,0.013564566878474977,0.014657144686258934,0.017758177235901507
FabPr,0.011711536870532169,0.00872301352660842,0.0040343113343923745,0.005472974630659253,0.0065884093963463055,0.015142670992851466,0.01609370928514694,0.011966404646544875,0.013828071159650512,0.012353245663224781,0.01521341163621922,0.01702712809372518,0.023603685583796663,0.011681856814932485,0.011175855226370136,0.009917573590150913,0.011452100969023032,0.014350984169976173,0.015312375679110403,0.03796783770452739,0.01708061204130262,0.015546045631453538,0.012257853955520258,0.012252752406671964,0.013220486949960288,0.009651463891977758,0.007302685782366957,0.010852383002382842,0.015183027521842734,0.012649451247021444,0.0033976660603653695,0.024639939007148535,0.013932027164416206,0.017562548530579827,0.027074182446386014,0.027760893955520255,0.027620305377283563,0.020122507744241458,0.01045433208895949,0.013633562787926923,0.013508260841938046,0.014919559920571882,0.016132793804606825,0.01100018230341541,0.008823980158856234,0.009963499038919776,0.01091695575059571,0.011756781779189837,0.014305700230341542
Mach ,0.01515301288641779,0.01107206893725179,0.008949662646544879,0.009370884098490864,0.009277542779984115,0.01970205211755362,0.02098248789833201,0.0159823348816521,0.01680636171564734,0.016816116524225575,0.018760526506751387,0.022803354058776797,0.03286598141382049,0.01610791016362192,0.014926990932486102,0.013402653629864971,0.01565102334551231,0.01801818871485306,0.0205731519618745,0.01708061204130262,0.028229142722795867,0.022221873226370138,0.016088764708498807,0.0157070875107228,0.017829971488482928,0.012736651240667196,0.007612303199364573,0.012055413807783957,0.015084228911834793,0.018185338999205717,0.0049309063828435265,0.03472275065925337,0.017802874814932486,0.024558525108816523,0.04066947388085782,0.04063940797458299,0.04328333087847498,0.030193069629864972,0.014517268054011118,0.020507208711675932,0.01796372418109611,0.020247909426528987,0.021371704095313734,0.014058424381254965,0.0115840277426529,0.01305771878633836,0.01405575228594122,0.016581112533756957,0.02023534388562351
ElcEq,0.01472672776489277,0.010339786193804608,0.007827283525019857,0.008431916330420968,0.008504772081016678,0.017886568613185074,0.02090881635107228,0.014873446555996823,0.015773896465448765,0.015843093984114376,0.018419664081016675,0.022233137227958694,0.034312553208895945,0.014731135896743446,0.014060999337569498,0.012556538054011116,0.014122845884034946,0.017401725669579034,0.018563136600476572,0.015546045631453538,0.022221873226370138,0.030764872150913423,0.014254356395552026,0.014069370090548051,0.015856452347895154,0.011050695002382843,0.006328865442414616,0.011193041251787134,0.015151561072279584,0.016367466910246226,0.004351723124702144,0.033666872049245435,0.015905269267672748,0.02346036537569499,0.03875400035266085,0.039085441834789514,0.04059932901826847,0.02903376991739475,0.013081649451945985,0.016954591963463064,0.016348569512311357,0.018945162900714848,0.02008834190945195,0.01314721422081017,0.010351212495631453,0.012104008417791898,0.013057772916600473,0.01573015105639396,0.01941872932327244
Autos,0.011950050281175535,0.009248000668784749,0.00785315560127085,0.00710552163621922,0.010009359340746624,0.013952703984114377,0.01583737562668784,0.012295241561556789,0.01293505541699762,0.013754120868943603,0.013904210787926927,0.015973197593328037,0.020990194193804608,0.012663079210484512,0.011209701774424145,0.010924891667990468,0.012076884219221602,0.01353681439396346,0.016162160492454333,0.012257853955520258,0.016088764708498807,0.014254356395552026,0.02036897744082606,0.013660483062748212,0.013121095372517872,0.010843068333598093,0.007851917814138205,0.01120598975694996,0.009772184011119933,0.012325699444003177,0.004840279782366958,0.02287137991262907,0.01353345012867355,0.01718225400476569,0.024719899091342337,0.02546105254169976,0.024715371045274027,0.018092428827640984,0.01203494702144559,0.015314512770452742,0.014181690853057982,0.01413309168228753,0.016734710068308182,0.010801123729944403,0.009650096225575852,0.01081283121683876,0.010328575343923748,0.011882525099285144,0.014065777348689433
Aero ,0.013238388314535348,0.009959253045274029,0.00830974994757744,0.008224397077045273,0.01109915958697379,0.013691958627482131,0.014235568616362196,0.011071065537728358,0.012402023542494044,0.013695200006354248,0.015035949693407465,0.015352150277998414,0.02152519694996028,0.012884330160444797,0.010378558894360602,0.011455026211278793,0.01189367036060365,0.012966226929308974,0.01581175342335187,0.012252752406671964,0.0157070875107228,0.014069370090548051,0.013660483062748212,0.04734470915965051,0.014548555335980932,0.01292495261636219,0.008625733197776013,0.011678545010325652,0.009396587069102461,0.01441881874503574,0.00453970601429706,0.02156129312152502,0.01409869711199364,0.016823056635424938,0.02293262467990468,0.023762567275615567,0.022796908270055597,0.01670144200794281,0.012578572676727557,0.014702143237490074,0.014787419418586176,0.013976926970611595,0.017107944298649723,0.010740158595710881,0.010347460123907862,0.010964200209690226,0.009979120362192217,0.01148529629864972,0.013634483196187448
Ships,0.012997135815726762,0.009953589011914217,0.007018224039714057,0.006071519888800636,0.007800474050833997,0.013192099783955517,0.014515864767275616,0.011966803985702936,0.013300611874503574,0.01369697331374106,0.014353540799046863,0.014985069094519462,0.020685773177124698,0.013199252881652105,0.010697399270849882,0.011112142454328835,0.012050680235107228,0.014523572014297064,0.01710928366957903,0.013220486949960288,0.017829971488482928,0.015856452347895154,0.013121095372517872,0.014548555335980932,0.046875205609213655,0.011094621680698967,0.011545423656870531,0.012082355132644955,0.01688833433677522,0.019795736521048452,0.006342555343923747,0.021967514193804605,0.013983038551231135,0.01698182120413026,0.025368117385226367,0.02592695349483717,0.026690723556791095,0.019216210708498806,0.01253963426528991,0.015443777167593327,0.014752980200158855,0.014648991869737886,0.016129994732327246,0.011519082325655284,0.010031172108022238,0.01134779665289912,0.010996811274027006,0.012099371834789518,0.014345233428117552
Guns ,0.01124149256235107,0.0078231978776807,0.006565946471803019,0.006645659444003176,0.007379514249404284,0.0093116068816521,0.012518701776012706,0.009790339621922162,0.00935043764892772,0.011582171799841143,0.010255558131850672,0.011258253534551229,0.012323409467831609,0.009922866611596503,0.009177065842732328,0.007673141763304209,0.01034600292930897,0.011124514128673551,0.01243522659253376,0.009651463891977758,0.012736651240667196,0.011050695002382843,0.010843068333598093,0.01292495261636219,0.011094621680698967,0.06604822815567912,0.005844420740270055,0.011208783269261313,0.011473254741858618,0.01253140565528197,0.004579451234312947,0.016262375440826052,0.010844736241461475,0.01260784286576648,0.01642640202065131,0.017611872915011918,0.016962222195393162,0.013064617582208102,0.010627226179507546,0.012177068047656867,0.01284355232406672,0.010679806665607626,0.013052757477362988,0.007863742449563144,0.00816651186020651,0.008953141293089755,0.007191217245432883,0.008436286258935662,0.012639681404289118
Gold ,0.014166958017474184,0.0028602138776806984,0.008663678913423355,0.00697514004765687,0.007588001779189834,0.010778233531374106,0.010657728025416998,0.0018408808387609208,0.008776749007148529,0.007189874649722002,0.006729674211278791,0.008233521652104843,0.00934191933280381,0.006003165572676727,0.004808688819698172,0.007132132644956315,0.0040493438538522645,0.00665737238443209,0.010010805528196986,0.007302685782366957,0.007612303199364573,0.006328865442414616,0.007851917814138205,0.008625733197776013,0.011545423656870531,0.005844420740270055,0.27521319419221607,0.027344363609213662,-0.0021390445432883255,0.019813968705321684,-0.0005189567148530579,0.010436949737887209,0.006919721486894362,0.009418117007148528,0.014951450274821287,0.015147150881652104,0.012709250306592533,0.008985663212073072,0.003628580714853058,0.004680129633042096,0.006166164181096108,0.008554646201747418,0.006423213166004766,0.0065152275266084185,0.0017767237871326455,0.0012624913995234314,0.010270709045274025,0.004098859507545673,0.007461737436060367
Mines,0.012445534894360602,0.006932145016679905,0.007226448972200156,0.007414682001588561,0.007404653471008736,0.011864832857823669,0.011296575688641779,0.008584425169181892,0.011396927180301827,0.011842686157267673,0.009882937200953141,0.011534296584590945,0.0145169429070691,0.01101494644003177,0.008681903313741062,0.008431384622716441,0.008937167065925336,0.011985930719618745,0.014522818999205715,0.010852383002382842,0.012055413807783957,0.011193041251787134,0.01120598975694996,0.011678545010325652,0.012082355132644955,0.011208783269261313,0.027344363609213662,0.06533728447339159,0.004825999682287528,0.01214326837172359,0.003658192603653694,0.01650009712470214,0.009863497010325658,0.01245492169658459,0.01811875057029388,0.01775115536139794,0.018026192730738674,0.013511818007942813,0.010608962001588564,0.014524819272438448,0.01199948145512311,0.01148844306910246,0.013172799783955517,0.007773830030182681,0.008275421242255759,0.009326156073073869,0.009221320813343923,0.00968089706115965,0.011770630703733121
Coal ,0.011775514503574263,0.009026277688641777,0.005492020420969022,0.0029462464019062748,0.008216996989674343,0.012438123987291503,0.012657921882446384,0.011735181247021446,0.012175781485305797,0.012538499690230336,0.015061668204924548,0.01542487616362192,0.02183409827640985,0.00960490407466243,0.007423373208895952,0.011578214813343922,0.0086387360127085,0.013308997402700553,0.014233826767275616,0.015183027521842734,0.015084228911834793,0.015151561072279584,0.009772184011119933,0.009396587069102461,0.01688833433677522,0.011473254741858618,-0.0021390445432883255,0.004825999682287528,0.16752960062748212,0.017279771342335187,0.0067254133359809344,0.022828297847498007,0.014440658776806992,0.01618427193010326,0.02339893123113583,0.026294455210484506,0.024777404392374903,0.015755871254964256,0.009508600524225577,0.010931613320095311,0.01218335990468626,0.013079838395552025,0.01702397712470214,0.012052815853852266,0.008712679412231927,0.010201982708498808,0.010443511159650518,0.010388401413820494,0.01580025249404289
Oil  ,0.013829126354249405,0.009664669515488477,0.010276669038919778,0.00923956231930103,0.01214195208895949,0.01336927777601271,0.014901886417791898,0.011381766481334396,0.013355109293089754,0.012721568482922952,0.01657784702144559,0.016471212200158854,0.02350180546465449,0.015216210548054006,0.01090065845909452,0.01179198519459889,0.01254644225575854,0.014496982303415411,0.018417338459094518,0.012649451247021444,0.018185338999205717,0.016367466910246226,0.012325699444003177,0.01441881874503574,0.019795736521048452,0.01253140565528197,0.019813968705321684,0.01214326837172359,0.017279771342335187,0.04621910239872914,0.009135040794281174,0.019197135917394755,0.013724464813343919,0.016833316155679113,0.022062049658459086,0.022608931024622716,0.022477347450357427,0.018293177823669574,0.012974885432883236,0.015046542081016683,0.014923844892772042,0.015148148911834792,0.014521214583002384,0.010851801779189834,0.00972789502779984,0.01106599615567911,0.011328179666401907,0.010244486640190629,0.014664685972994435
Util ,0.004897298687847499,0.004648178454328833,0.004423063426528991,0.00450770810166799,0.007373692239872913,0.002164838198570293,0.0038651007609213665,0.004465549342335187,0.00466440674344718,0.0041963737553613965,0.005152774403494837,0.0034621238522637016,0.006526026092136615,0.005927369993645751,0.003445540713264495,0.004791800929308976,0.003951253108816522,0.004603300773629865,0.005576455011914217,0.0033976660603653695,0.0049309063828435265,0.004351723124702144,0.004840279782366958,0.00453970601429706,0.006342555343923747,0.004579451234312947,-0.0005189567148530579,0.003658192603653694,0.0067254133359809344,0.009135040794281174,0.011044370533756946,0.0046261597378872135,0.005105898096902302,0.004412344324066717,0.004126394799046864,0.00449977565528197,0.004921888675138998,0.004567698362192216,0.005362894916600476,0.0061335684082605224,0.004966772111199365,0.0037159792184273234,0.005047872749801429,0.0031731327656870536,0.004118758535345512,0.005776977072279586,0.003038590187450357,0.0032609207148530574,0.003875395166004765
Telcm,0.02327891847498014,0.01532417773629865,0.011259577942811752,0.01299338765687053,0.0112721985146942,0.031322184861000794,0.03593498869737887,0.024904554463860203,0.025125959404289116,0.025301028681493247,0.02838174969817315,0.03536702764892772,0.05482101989674345,0.020929997863383634,0.021486478117553616,0.0177543995949166,0.021579024559173945,0.027012021294678317,0.029311468101667983,0.024639939007148535,0.03472275065925337,0.033666872049245435,0.02287137991262907,0.02156129312152502,0.021967514193804605,0.016262375440826052,0.010436949737887209,0.01650009712470214,0.022828297847498007,0.019197135917394755,0.0046261597378872135,0.07277348269261319,0.02603420524225576,0.04035618722795869,0.06784572227164415,0.07136917794281177,0.07002905983320093,0.04704757508339953,0.019348057807783953,0.026784105901509123,0.025963295218427326,0.031043644241461468,0.03443120076250992,0.020693527084988086,0.01667625876092137,0.018543031350278003,0.019243192938840352,0.02762895019857029,0.0311027766878475
PerSv,0.013571016819698169,0.01004594453375695,0.008579324200158856,0.009274739348689436,0.01105597855440826,0.01583324173471008,0.017208127637807782,0.01428745609531374,0.014249053439237488,0.014796648972200153,0.01727246510563939,0.0181572581731533,0.024468559428117556,0.012991947151707704,0.01256351006830818,0.01132315850675139,0.012512501420174738,0.015039069966640187,0.01633169912629071,0.013932027164416206,0.017802874814932486,0.015905269267672748,0.01353345012867355,0.01409869711199364,0.013983038551231135,0.010844736241461475,0.006919721486894362,0.009863497010325658,0.014440658776806992,0.013724464813343919,0.005105898096902302,0.02603420524225576,0.027329252714853054,0.019506543548848298,0.02825183366481335,0.030642680540111197,0.02877245854169976,0.02070376010802224,0.012396598061953928,0.015170867602859408,0.01488064935345512,0.01605615789674345,0.018840055809372515,0.012302238017474185,0.010348451463065924,0.011748350189038921,0.011537448826052421,0.013179699253375692,0.015476169918983327
BusSv,0.01808537164098491,0.011838068854646541,0.00931444095949166,0.010364462875297855,0.009607741826846702,0.022658600019062745,0.024905708162033358,0.01798652653216838,0.018839524670373312,0.018670975834789515,0.02217943352501986,0.026045624114376484,0.038812354725973,0.01618710565845909,0.01628131670849881,0.013520981477362986,0.016125749744241462,0.019327772365369335,0.02143837137410643,0.017562548530579827,0.024558525108816523,0.02346036537569499,0.01718225400476569,0.016823056635424938,0.01698182120413026,0.01260784286576648,0.009418117007148528,0.01245492169658459,0.01618427193010326,0.016833316155679113,0.004412344324066717,0.04035618722795869,0.019506543548848298,0.03142008607466242,0.04501094387926925,0.04788638802223987,0.045615263847498005,0.03162512185544082,0.01464950274821287,0.01962997791262907,0.019146841220015882,0.02256189918347895,0.02447432878792693,0.015547931297855443,0.012426397293089753,0.014009525439237485,0.014646633099285145,0.018345586497220016,0.02264991603494837
Hardw,0.02654450100714853,0.016488323561556797,0.012827265038919771,0.014776477807783957,0.011102339205718825,0.03486093559332804,0.039085245200953155,0.026324397023034143,0.02771979350277998,0.02643229981572677,0.031595232981731544,0.04138753132644956,0.0630421100714853,0.023481140279586973,0.02405863881493248,0.020172686370135025,0.02377141895472597,0.029766857572676726,0.032098204797458285,0.027074182446386014,0.04066947388085782,0.03875400035266085,0.024719899091342337,0.02293262467990468,0.025368117385226367,0.01642640202065131,0.014951450274821287,0.01811875057029388,0.02339893123113583,0.022062049658459086,0.004126394799046864,0.06784572227164415,0.02825183366481335,0.04501094387926925,0.08741045203494836,0.08216652576648133,0.08323272363145351,0.05514316545512311,0.02149695828435266,0.030596044349483716,0.027914338465448777,0.03574017024305004,0.03669135373471009,0.023021021502779987,0.01690869583478952,0.019110286452740266,0.021861322919777597,0.02936022122319301,0.034785259193010315
Softw,0.02685757667990469,0.017581527950754565,0.012985484821286733,0.014581877251787133,0.01253318752184273,0.03678581218427323,0.04123953309769658,0.028657914209690234,0.028827310317712466,0.02852365231930103,0.03370448008737094,0.043300082168387606,0.06558329983320095,0.023615465409054806,0.024932859340746624,0.020357628538522635,0.02456272413026211,0.030325987648927726,0.03250932386020651,0.027760893955520255,0.04063940797458299,0.039085441834789514,0.02546105254169976,0.023762567275615567,0.02592695349483717,0.017611872915011918,0.015147150881652104,0.01775115536139794,0.026294455210484506,0.022608931024622716,0.00449977565528197,0.07136917794281177,0.030642680540111197,0.04788638802223987,0.08216652576648133,0.08987432590150911,0.0829196704765687,0.05544105991262908,0.021584562366957907,0.03137100207307386,0.02916617518665608,0.03742730664019063,0.03931957953931691,0.023798347672756154,0.018053441318506752,0.020224833002382838,0.02300798842732327,0.03043546937251787,0.036189670794281176
Chips,0.02562166888641779,0.016302535992057186,0.011988119423351866,0.01466457555202542,0.009869654702144556,0.03440805046227163,0.038330471737887215,0.02664982135186656,0.027293255814138204,0.026248170181096108,0.0309922389150119,0.041063202915011913,0.0639778968943606,0.02375381636378077,0.02355897046703733,0.019244572541699763,0.023951481226370135,0.029615198740270052,0.03250442359015092,0.027620305377283563,0.04328333087847498,0.04059932901826847,0.024715371045274027,0.022796908270055597,0.026690723556791095,0.016962222195393162,0.012709250306592533,0.018026192730738674,0.024777404392374903,0.022477347450357427,0.004921888675138998,0.07002905983320093,0.02877245854169976,0.045615263847498005,0.08323272363145351,0.0829196704765687,0.09315091013661633,0.059180530689436045,0.02112932659253376,0.03138985353931692,0.028585860276409844,0.03582247342017475,0.03671179611755361,0.022099797007148533,0.01685227799523431,0.019390208096902305,0.021903215461477363,0.030183758077839556,0.03407711623034155
LabEq,0.018436602567116763,0.012039302959491658,0.009496145104050833,0.00976154759332804,0.008769556513105637,0.024366400308181102,0.02730688263860206,0.019289081428117555,0.019900183296266874,0.018686085926926124,0.02335046021127879,0.029709045631453535,0.04703712664813345,0.01723624133280381,0.017842443226370134,0.014605875655281968,0.01751330695472597,0.021800633094519455,0.02320724525814138,0.020122507744241458,0.030193069629864972,0.02903376991739475,0.018092428827640984,0.01670144200794281,0.019216210708498806,0.013064617582208102,0.008985663212073072,0.013511818007942813,0.015755871254964256,0.018293177823669574,0.004567698362192216,0.04704757508339953,0.02070376010802224,0.03162512185544082,0.05514316545512311,0.05544105991262908,0.059180530689436045,0.04796338244797458,0.01504698381254964,0.022541599010325656,0.02037652647498014,0.02534587860524226,0.025483713493248617,0.016354492651310566,0.012151809884034947,0.01429968210166799,0.015823544888006347,0.020356738379666398,0.024815695429706117
