,Agric,Food ,Soda ,Beer ,Smoke,Toys ,Fun  ,Books,Hshld,Clths,Hlth ,MedEq,Drugs,Chems,Rubbr,Txtls,BldMt,Cnstr,Steel,FabPr,Mach ,ElcEq,Autos,Aero ,Ships,Guns ,Gold ,Mines,Coal ,Oil  ,Util ,Telcm,PerSv,BusSv,Hardw,Softw,Chips,LabEq,Paper,Boxes,Trans,Whlsl,Rtail,Meals,Banks,Insur,RlEst,Fin  ,Other
Agric,0.05580790986338363,0.008491254447974583,0.009132294366957902,0.010019218517871324,0.012465297521842734,0.014652077404289117,0.01770855090548054,0.011256364822875297,0.01320220935822081,0.012097008228752976,0.015831920559173946,0.01784416663701351,0.024810694584590946,0.011371779864972197,0.012395650231930103,0.009334590748212865,0.011446391652104844,0.012934605788721206,0.015312412808578235,0.01201657695154885,0.015570680683081815,0.01522206430341541,0.012236044646544876,0.01336586291342335,0.012905013488482924,0.011452520773629862,0.014250126795869738,0.012762187105639398,0.012295005326449565,0.013974814608419383,0.00502032970293884,0.023824326810166798,0.013819319542494043,0.018481729968228753,0.02739545293725179,0.027617482922954725,0.02638819366799047,0.019070334443208894,0.010948461926926131,0.013353572287529787,0.013972151023034153,0.01571171500079428,0.016577268305003973,0.012390466961080222,0.009483817525019854,0.01027878929785544,0.011182141272438443,0.011493281308975374,0.015474004984908661
Food ,0.008491254447974583,0.014335360055599678,0.006259661890389197,0.007189086743447181,0.007957693772835584,0.009889886306592531,0.010983743756949962,0.008949871072279581,0.009774574003177123,0.010057636060365369,0.011227874058776803,0.011233940158856235,0.015964335226370134,0.009059994352660842,0.008361130555996821,0.00733590719618745,0.007863356830818109,0.009788693947577445,0.010819983121525021,0.008749839579030975,0.011154519793486894,0.010540321834789512,0.009313765377283558,0.009929502652899125,0.009955312112787924,0.007870467092930898,0.003308746513105639,0.007050514241461477,0.009351237879269258,0.009856581445591742,0.004689896711675934,0.015419836370135028,0.010139953391580617,0.011994166822875296,0.016634365782366954,0.017803712025416994,0.016407978824463862,0.012193934011119935,0.008273341501191423,0.010401780452740268,0.010002778117553613,0.009918378657664812,0.011926534884829228,0.007990616044479742,0.007287796060365367,0.008739348967434472,0.007531772382843527,0.007816410452740268,0.01061451302621128
Soda ,0.009132294366957902,0.006259661890389197,0.058607136432088966,0.007563900956314534,0.01019042258935663,0.008968531018268467,0.008967116092136615,0.007884051050039713,0.007526248444797455,0.008788750595710885,0.01035414762827641,0.009720516517871326,0.013060342678316118,0.006554632629070691,0.006383448349483715,0.008430439675933278,0.006836155996822873,0.007551612428911831,0.008852407542494044,0.004114733274027006,0.009201352660841938,0.008415681912629067,0.008002461826846705,0.008360922420969022,0.0074770431707704525,0.006606673728355839,0.00915681106910246,0.0076186681302621104,0.006420350862589357,0.010975545696584592,0.004596760965845909,0.011638115698173156,0.008853732568705322,0.009684312915011912,0.013215897639396346,0.013432564066719619,0.012407969855440827,0.00991251137728356,0.006928748320889591,0.008792888959491657,0.007918978401906276,0.008553468924543287,0.0101327600127085,0.006264643577442414,0.006387941496425733,0.0074731064781572674,0.007674827571088164,0.005965376908657666,0.00752986374583002
Beer ,0.010019218517871324,0.007189086743447181,0.007563900956314534,0.033936588675139004,0.007530181143764896,0.00821615643844321,0.010305335671167593,0.007045231720413027,0.007966208948371722,0.009752005941223194,0.010045223536139793,0.010428818862589357,0.014028829933280381,0.007581054034948372,0.007267374206513103,0.006456521760127084,0.006794989253375695,0.0075157224019062755,0.009836619362986496,0.005631375429706114,0.009682325385226368,0.008768088700555995,0.0072668164813343905,0.008257986897537727,0.0063533426735504364,0.006762288675138999,0.006893412063542495,0.007162699521842731,0.003435292039714058,0.009489405191421763,0.004582460244638602,0.01344974722954726,0.009568415434471804,0.01062630488482923,0.015174973490071485,0.015003899729944401,0.015142892743447177,0.010134401995234315,0.007606772277998411,0.006949400802223987,0.008947820471803019,0.009400373342335188,0.011092215971405878,0.007853821343923751,0.0061449480158856234,0.008084557313741062,0.007020235667990469,0.0069001941413820485,0.009295386011119936
Smoke,0.012465297521842734,0.007957693772835584,0.01019042258935663,0.007530181143764896,0.09157171053216835,0.008594391040508338,0.011521320905480538,0.007958652390786336,0.008500288212867356,0.009707684416203335,0.012468345035742652,0.010710443018268465,0.015159205925337567,0.010728415806195392,0.0074593367275615574,0.007777299984114375,0.007710612819698173,0.007919107577442413,0.00929948420969023,0.00659055397934869,0.009086873804606831,0.008346439158061957,0.009903274741858616,0.011323293788721208,0.00810292017474186,0.007353639316918188,0.008697545575853853,0.007407404940428911,0.007960052883240663,0.01221859367752184,0.0074698547418586185,0.010806332406671965,0.010972646354249401,0.009540475377283556,0.010746752120730738,0.01224987917394758,0.009277665035742653,0.0084667968228753,0.009253032104845113,0.012091253518665607,0.009271922621127877,0.008789420444797457,0.011255088800635428,0.00644459990468626,0.007739305353455121,0.009341562176330422,0.006371244686258937,0.006039771945988879,0.00938629334392375
Toys ,0.014652077404289117,0.009889886306592531,0.008968531018268467,0.00821615643844321,0.008594391040508338,0.04091501516123908,0.021458318745035745,0.01447271574900715,0.015887977242255755,0.01713604924543289,0.01755734469896743,0.021824408915011913,0.029361766535345512,0.013766003320095312,0.013931316559173948,0.011866471332803812,0.013452872930897537,0.016348495625099282,0.017741101194598884,0.015434948934074658,0.0197697722954726,0.01806940299602859,0.014033439316918191,0.014054375529785538,0.013184934414614772,0.009318734548054009,0.011105636079428117,0.012124301925337566,0.012360515841143768,0.013255001150119143,0.002171903847498014,0.031156558630659248,0.01596696299920572,0.022926520746624306,0.035145134100079425,0.037135307863383635,0.0344371433455123,0.02442165605718825,0.012584671806195396,0.015669322017474185,0.015427488841938045,0.018754446166799044,0.02066265625416997,0.013856398265289914,0.010053694119142175,0.010499240447974581,0.012378281356632246,0.01456316790468626,0.01886567903415409
Fun  ,0.01770855090548054,0.010983743756949962,0.008967116092136615,0.010305335671167593,0.011521320905480538,0.021458318745035745,0.0381734568943606,0.016199602827640987,0.016551389857029388,0.01756300355837967,0.019966828022239872,0.0242899500714853,0.034420266505162826,0.01469902005559968,0.015048309269261316,0.012630119237490071,0.014732814209690227,0.017558951675933278,0.01948792444003177,0.016289365901509135,0.021007671755361397,0.021020327299444003,0.015800073240667196,0.014657367498014296,0.01442309139793487,0.012421101850675137,0.011135525385226367,0.011344981119936455,0.012837251127879267,0.014912806894360604,0.003917677267672756,0.03579180002382843,0.017349490103256548,0.025071916846703735,0.039186908054011114,0.041500389483717225,0.038262975774424154,0.02731589928514694,0.013912806409849082,0.01740387910246227,0.016827560039714053,0.02015554996822875,0.02208353428117553,0.01499885185067514,0.011225377696584592,0.012399784932486098,0.014259777783955522,0.016115462716441622,0.021236137744241466
Books,0.011256364822875297,0.008949871072279581,0.007884051050039713,0.007045231720413027,0.007958652390786336,0.01447271574900715,0.016199602827640987,0.025942654208101667,0.013049804454328826,0.013630669324860999,0.015434319726767277,0.01626611868467037,0.023872211666401903,0.011667963621922158,0.011792803501191421,0.010414635050039716,0.011401404733915805,0.013282707030976965,0.01452596761239079,0.011993333985702936,0.016017610389197776,0.015006481105639397,0.01228467774424146,0.011282586967434474,0.011926592349483718,0.009673301490071484,0.0015863787640984905,0.008507033347100871,0.011948157731532964,0.011322223358220806,0.004448134665607624,0.02482021084670373,0.014389088845115168,0.018094670849880857,0.0264804500969023,0.02885225995234313,0.02667375951707705,0.019399005636219227,0.01128988862907069,0.014196827323272434,0.013564941693407464,0.01474663808101668,0.016820371234312945,0.010849778535345512,0.009568877280381253,0.010590224006354246,0.010495158290706911,0.01227279084352661,0.015450183783955523
Hshld,0.01320220935822081,0.009774574003177123,0.007526248444797455,0.007966208948371722,0.008500288212867356,0.015887977242255755,0.016551389857029388,0.013049804454328826,0.021914167528196977,0.01390507116759333,0.015568271021445588,0.017751211885623508,0.024298436900714853,0.012737885472597296,0.011756715947577443,0.011695250395552026,0.012076640611596504,0.014473192146147734,0.016200943013502774,0.013912449339158058,0.016823404908657663,0.015909958651310563,0.012895929030976963,0.012517425633042097,0.013205887972994436,0.009300565437648923,0.009081693251787131,0.011426047159650515,0.012485114467037336,0.013394048743447177,0.004669097175536139,0.024986431299443997,0.014279349814138205,0.018975799610802223,0.027814181979348686,0.02898239119936457,0.027288705362986495,0.01995732865448769,0.012035252401906272,0.014856637958697377,0.014645632916600477,0.015457108303415406,0.017485211091342334,0.011941003825258138,0.01000892249086577,0.01119408693725179,0.01113390897378872,0.012466747126290706,0.015436384562351073
Clths,0.012097008228752976,0.010057636060365369,0.008788750595710885,0.009752005941223194,0.009707684416203335,0.01713604924543289,0.01756300355837967,0.013630669324860999,0.01390507116759333,0.03071706808578236,0.01599422846703732,0.01697359688641779,0.024057696997617155,0.013122632533756949,0.012130235679110403,0.01171085096108022,0.012567541191421765,0.014602902176330416,0.016333290706910246,0.012368694583002385,0.01691893572676727,0.016064929944400314,0.013793290389197774,0.01386682602065131,0.013786207053216832,0.01152389715647339,0.007207963590150915,0.011830263701350272,0.01274336660841938,0.012888980174741861,0.004304316409849087,0.0253924074344718,0.014919296171564735,0.018843372962668782,0.02662121734710087,0.028791817918983314,0.026376894297061162,0.018852910436854647,0.012149746084193804,0.015485953391580622,0.015335765972994441,0.016133998474980142,0.019755838983320097,0.011867743320095313,0.009941583415409051,0.011346428117553611,0.012497286957903099,0.012747975472597298,0.016476313232724384
Hlth ,0.015831920559173946,0.011227874058776803,0.01035414762827641,0.010045223536139793,0.012468345035742652,0.01755734469896743,0.019966828022239872,0.015434319726767277,0.015568271021445588,0.01599422846703732,0.032579325648927716,0.021583187869737883,0.031974919123113586,0.013710697569499601,0.013562759567911043,0.012418171132644956,0.013128506211278793,0.016558122624305,0.017716607154884823,0.015375073499602855,0.01912627158061954,0.019016102544876883,0.014098067609213661,0.015290452028594123,0.014656247637807785,0.010426703059571088,0.006973517591739474,0.010284743644162028,0.015712409760127083,0.016999385969817312,0.005341631618745036,0.028701508492454324,0.017527068206513112,0.022718942430500395,0.032294048247815725,0.03454889744241462,0.031531925674344714,0.023880188778395553,0.013092733000794278,0.015532311993645749,0.015997853426528992,0.018086407663224783,0.020192132365369334,0.01400030893725179,0.01132997492613185,0.013192634891183485,0.01280203632724385,0.013581544895949165,0.019515972969023035
MedEq,0.01784416663701351,0.011233940158856235,0.009720516517871326,0.010428818862589357,0.010710443018268465,0.021824408915011913,0.0242899500714853,0.01626611868467037,0.017751211885623508,0.01697359688641779,0.021583187869737883,0.032131938293884034,0.040338320829229536,0.015181827847498015,0.015953002957903094,0.01291870089277204,0.01470336967434472,0.01817299861477363,0.019925619739475778,0.01719801750913423,0.023089236791104056,0.022697366382843524,0.016112018983320094,0.015535705302621125,0.015082434252581413,0.011388059498014297,0.008377114814932488,0.011794364584590947,0.015617243059571085,0.016596922783161244,0.003565406888006354,0.035551075828435266,0.018411721054805402,0.0264755239872915,0.041892441791898334,0.04395992393963463,0.04141098368228753,0.03002052194440032,0.013889175355043689,0.017729709531374104,0.017010784111199363,0.021666561884034947,0.02229858026370135,0.01524265881493248,0.01114270933121525,0.012546024250992854,0.013755659256552815,0.016011771132644955,0.022307680152501983
Drugs,0.024810694584590946,0.015964335226370134,0.013060342678316118,0.014028829933280381,0.015159205925337567,0.029361766535345512,0.034420266505162826,0.023872211666401903,0.024298436900714853,0.024057696997617155,0.031974919123113586,0.040338320829229536,0.07322824346147735,0.02130884444003177,0.02092945566163622,0.016464114160444798,0.020096027633042093,0.026427550589356634,0.027521012862589348,0.02385726228594123,0.03296547207307386,0.03459271323431294,0.02096945359015091,0.02193744774583003,0.02068137933121525,0.012310134794281174,0.009888369947577443,0.014655925459888797,0.02239206536457506,0.023426876543288323,0.006588571996822875,0.05450685930579825,0.02467930793963463,0.03916382971405876,0.06332725505321682,0.06613012343129468,0.06394750603018268,0.047102626255758534,0.018965506746624304,0.02572651727561557,0.02393626953296267,0.030737535197776007,0.03113521204447974,0.020446706096902304,0.015458323316918187,0.018344814641779193,0.01963411788562351,0.023548549254964257,0.032808760352660844
Chems,0.011371779864972197,0.009059994352660842,0.006554632629070691,0.007581054034948372,0.010728415806195392,0.013766003320095312,0.01469902005559968,0.011667963621922158,0.012737885472597296,0.013122632533756949,0.013710697569499601,0.015181827847498015,0.02130884444003177,0.020949762470214454,0.010855385536139794,0.01065769855440826,0.011376587633042095,0.012828784432088954,0.016312968077839555,0.011690194447974582,0.016081472073073873,0.014804533129467829,0.012668215972994437,0.012943091755361395,0.013048514225575852,0.009748723502779985,0.006129052025416998,0.011026163884034948,0.009686627982525816,0.015129056870532167,0.0059125579348689415,0.020841119944400313,0.013103977728355837,0.016307662279586972,0.023567252708498805,0.023747977728355834,0.02370722908657665,0.017214104368546465,0.013233447378872124,0.015796720675138994,0.013744106393963465,0.01372875090548054,0.01578920929308975,0.01019723208895949,0.009195109833200954,0.011008685853852264,0.009590902374900716,0.011097672279586974,0.014029018220810164
Rubbr,0.012395650231930103,0.008361130555996821,0.006383448349483715,0.007267374206513103,0.0074593367275615574,0.013931316559173948,0.015048309269261316,0.011792803501191421,0.011756715947577443,0.012130235679110403,0.013562759567911043,0.015953002957903094,0.02092945566163622,0.010855385536139794,0.02207903304050834,0.008912612174741857,0.010617370794281175,0.012904325013502783,0.014430581186656074,0.01137373904527403,0.015031052406671963,0.01426975189992057,0.011234141818903889,0.010544869223193013,0.010836777393169184,0.009160983880857823,0.004212527278792692,0.00874628247339158,0.007871074419380463,0.01080311133280381,0.0034789566195393166,0.021377998019062747,0.012668054119142175,0.016464482168387605,0.02420845518030183,0.025193608673550437,0.023627098214455917,0.017974974691024624,0.009833063633042097,0.013614868760921366,0.012327005291501188,0.013743433243844317,0.015066632695790309,0.01091325281652105,0.008243826065131054,0.009265841138999203,0.009836406876886415,0.010393498802223986,0.013975637016679905
Txtls,0.009334590748212865,0.00733590719618745,0.008430439675933278,0.006456521760127084,0.007777299984114375,0.011866471332803812,0.012630119237490071,0.010414635050039716,0.011695250395552026,0.01171085096108022,0.012418171132644956,0.01291870089277204,0.016464114160444798,0.01065769855440826,0.008912612174741857,0.03097622694837172,0.01082425343923749,0.011700712336775216,0.014151913633042097,0.010017470633836376,0.01339120393963463,0.01251269591104051,0.010834451437648926,0.011886575339158061,0.011080605026211275,0.007576163126290707,0.006984702068308182,0.008590192362192215,0.011644364752978554,0.011605081976171562,0.00481531550754567,0.01747752496902304,0.01142889878951549,0.013569633073868147,0.020246701661636217,0.020500041556791103,0.01905200977918983,0.014538026764098488,0.01053285695313741,0.012030943129467833,0.011204131685464656,0.01204712418109611,0.013216998144559178,0.009057742665607625,0.008066679409054804,0.008707322719618747,0.009725776050833995,0.009650449779189831,0.010773237890389194
BldMt,0.011446391652104844,0.007863356830818109,0.006836155996822873,0.006794989253375695,0.007710612819698173,0.013452872930897537,0.014732814209690227,0.011401404733915805,0.012076640611596504,0.012567541191421765,0.013128506211278793,0.01470336967434472,0.020096027633042093,0.011376587633042095,0.010617370794281175,0.01082425343923749,0.01616849778395552,0.013047893756949955,0.014625916703733114,0.011583312795869738,0.015689164718030182,0.014199697100873706,0.012070188014297059,0.011929863669579032,0.012007828665607628,0.010328743963463066,0.0042155130262112785,0.00900141900714853,0.008724016513105635,0.012538059030976963,0.003983016266878475,0.021519861231135817,0.012566564416203335,0.01621643597299444,0.023840123208895957,0.02470096746624305,0.023938279539316917,0.01754043955520254,0.010695067362986496,0.013454997212073076,0.012602845234312945,0.013618441644162031,0.015215779110405081,0.010181322986497217,0.008857257092930898,0.00998789602065131,0.010166098403494837,0.01112018077839555,0.013816595504368541
Cnstr,0.012934605788721206,0.009788693947577445,0.007551612428911831,0.0075157224019062755,0.007919107577442413,0.016348495625099282,0.017558951675933278,0.013282707030976965,0.014473192146147734,0.014602902176330416,0.016558122624305,0.01817299861477363,0.026427550589356634,0.012828784432088954,0.012904325013502783,0.011700712336775216,0.013047893756949955,0.030046535828435274,0.016733470131850676,0.01443582591898332,0.018129098173153297,0.017527875812549644,0.013484415917394755,0.013043964867355038,0.014381107062748213,0.011079110773629865,0.006395500822875294,0.012127520330420968,0.013795798360603647,0.014471490223987289,0.004703390735504368,0.02696812395869738,0.015143105308975375,0.019476370007942813,0.029972040419380456,0.030666300047656875,0.029729426725972993,0.021922546389197776,0.012033551466243046,0.015304596791104054,0.015240438671961879,0.016082257010325653,0.018645098154090545,0.011939060988085781,0.010117736063542496,0.011523561855440824,0.01174552618903892,0.013875236034948371,0.01742911480222398
Steel,0.015312412808578235,0.010819983121525021,0.008852407542494044,0.009836619362986496,0.00929948420969023,0.017741101194598884,0.01948792444003177,0.01452596761239079,0.016200943013502774,0.016333290706910246,0.017716607154884823,0.019925619739475778,0.027521012862589348,0.016312968077839555,0.014430581186656074,0.014151913633042097,0.014625916703733114,0.016733470131850676,0.027501617936457508,0.015319049764892774,0.020556429626687845,0.01859772620015886,0.016151100500397142,0.015797617169181884,0.017106586222398735,0.012263639903097699,0.010084378786338366,0.014636383655281972,0.014303002511517072,0.018277094252581415,0.005639875291501193,0.02918237280222398,0.01638809900555997,0.021519720309769653,0.03207504220492454,0.03262768610007942,0.03236997327720412,0.023152789362986495,0.01461986877045274,0.018389446632247813,0.01718579951231136,0.018185783861795073,0.01961270561715647,0.013588916320889596,0.011389903517077044,0.012852180732327247,0.01362827365687053,0.014565465270849879,0.017912506919777596
FabPr,0.01201657695154885,0.008749839579030975,0.004114733274027006,0.005631375429706114,0.00659055397934869,0.015434948934074658,0.016289365901509135,0.011993333985702936,0.013912449339158058,0.012368694583002385,0.015375073499602855,0.01719801750913423,0.02385726228594123,0.011690194447974582,0.01137373904527403,0.010017470633836376,0.011583312795869738,0.01443582591898332,0.015319049764892774,0.0377297609197776,0.017210724305003974,0.01584438661000794,0.012212466600476568,0.01223693664177919,0.013160419601270852,0.009705664182684672,0.007248658366957903,0.010930335356632247,0.015105729272438447,0.01278091107863384,0.0035059397490071484,0.02471646742335186,0.01390965716918189,0.017698409237490064,0.027255042598888,0.028116667736298645,0.027653560454328832,0.020183799250198566,0.010468125221604447,0.013840939563145355,0.013487378047656866,0.015062717580619537,0.016159191170770453,0.011172672895949164,0.008868579075456712,0.010052344888006354,0.011021490610007945,0.01177781854805401,0.01447135342652899
Mach ,0.015570680683081815,0.011154519793486894,0.009201352660841938,0.009682325385226368,0.009086873804606831,0.0197697722954726,0.021007671755361397,0.016017610389197776,0.016823404908657663,0.01691893572676727,0.01912627158061954,0.023089236791104056,0.03296547207307386,0.016081472073073873,0.015031052406671963,0.01339120393963463,0.015689164718030182,0.018129098173153297,0.020556429626687845,0.017210724305003974,0.02824059116759333,0.022309146671961873,0.01610332141382049,0.015835207625099285,0.01786422695790309,0.012613409642573467,0.00797122036536934,0.012162343653693408,0.015275906735504372,0.018151784177918982,0.004984045591739476,0.03455114054011121,0.017920722795869738,0.024715614567116764,0.040724499030976954,0.040828125274027,0.04318511189833201,0.030188673264495633,0.014538035123113585,0.020513159285146937,0.0179660477680699,0.02031464773629865,0.0214630841938046,0.014255493884034945,0.011613118760921366,0.013169462954725973,0.014057836012708495,0.01646946100079428,0.020475214169976167
ElcEq,0.01522206430341541,0.010540321834789512,0.008415681912629067,0.008768088700555995,0.008346439158061957,0.01806940299602859,0.021020327299444003,0.015006481105639397,0.015909958651310563,0.016064929944400314,0.019016102544876883,0.022697366382843524,0.03459271323431294,0.014804533129467829,0.01426975189992057,0.01251269591104051,0.014199697100873706,0.017527875812549644,0.01859772620015886,0.01584438661000794,0.022309146671961873,0.03093049331056394,0.014349083661636218,0.014388222023828435,0.015918311280381254,0.011055515118347892,0.006448126160444798,0.011601875938046066,0.015405695842732329,0.01630824425099285,0.004428460250992851,0.033381370050834,0.016091975809372515,0.023703686949960282,0.03888673929150118,0.0393776320889595,0.040519297972994445,0.029114140861000795,0.01321360708975377,0.017288639642573475,0.016410616598888008,0.019142419496425728,0.02028680523907863,0.013360580034948367,0.01040943785861795,0.012252340179507543,0.013067546768864178,0.015615484041302618,0.019900826907069104
Autos,0.012236044646544876,0.009313765377283558,0.008002461826846705,0.0072668164813343905,0.009903274741858616,0.014033439316918191,0.015800073240667196,0.01228467774424146,0.012895929030976963,0.013793290389197774,0.014098067609213661,0.016112018983320094,0.02096945359015091,0.012668215972994437,0.011234141818903889,0.010834451437648926,0.012070188014297059,0.013484415917394755,0.016151100500397142,0.012212466600476568,0.01610332141382049,0.014349083661636218,0.020279539372517873,0.013705162446386018,0.013011333955520251,0.010789030889594917,0.007935746544876887,0.011385603026211279,0.009979249205718825,0.012305691088165207,0.004885595456711675,0.0227008907466243,0.013559226624305,0.017225490524225576,0.02479064578236696,0.02561327532962669,0.024613167926926124,0.01810718478157268,0.012048531826846705,0.015325692748212869,0.01415664660047657,0.01418035474980143,0.016759467498014297,0.010846602414614773,0.009656647339158058,0.010819439023034155,0.010388021961874503,0.011829677966640187,0.014253064289118347
Aero ,0.01336586291342335,0.009929502652899125,0.008360922420969022,0.008257986897537727,0.011323293788721208,0.014054375529785538,0.014657367498014296,0.011282586967434474,0.012517425633042097,0.01386682602065131,0.015290452028594123,0.015535705302621125,0.02193744774583003,0.012943091755361395,0.010544869223193013,0.011886575339158061,0.011929863669579032,0.013043964867355038,0.015797617169181884,0.01223693664177919,0.015835207625099285,0.014388222023828435,0.013705162446386018,0.04699658971247022,0.014748492543288324,0.013028152266878475,0.00859774304686259,0.011823743555202541,0.00954289558061954,0.014517873575853855,0.0046197589324861,0.021929668200158854,0.014153451901509132,0.017136923780778395,0.02329302329467832,0.024213241556791096,0.02328230335822081,0.01692791334710087,0.01254495820174742,0.014820523844320886,0.014855073842732327,0.014245328559173948,0.01728207699444003,0.010988031822081017,0.010451860225575852,0.01111286549324861,0.010143510366957903,0.011566502881652103,0.013820954548054008
Ships,0.012905013488482924,0.009955312112787924,0.0074770431707704525,0.0063533426735504364,0.00810292017474186,0.013184934414614772,0.01442309139793487,0.011926592349483718,0.013205887972994436,0.013786207053216832,0.014656247637807785,0.015082434252581413,0.02068137933121525,0.013048514225575852,0.010836777393169184,0.011080605026211275,0.012007828665607628,0.014381107062748213,0.017106586222398735,0.013160419601270852,0.01786422695790309,0.015918311280381254,0.013011333955520251,0.014748492543288324,0.04686296327084988,0.010781337097696587,0.011470149741064334,0.011940970050833992,0.017394814832406666,0.019551979768069896,0.006257089486894361,0.021777431585385223,0.014230919599682286,0.017068405138999203,0.02546494328196982,0.026019778808578232,0.026733100184273228,0.019299267050039714,0.01259823921683876,0.0154117171644162,0.014755170962668786,0.014646873259729944,0.016162801782366957,0.011447097169181892,0.010002262093725177,0.011355840424146148,0.011111988910246229,0.012034422233518666,0.014423125944400312
Guns ,0.011452520773629862,0.007870467092930898,0.006606673728355839,0.006762288675138999,0.007353639316918188,0.009318734548054009,0.012421101850675137,0.009673301490071484,0.009300565437648923,0.01152389715647339,0.010426703059571088,0.011388059498014297,0.012310134794281174,0.009748723502779985,0.009160983880857823,0.007576163126290707,0.010328743963463066,0.011079110773629865,0.012263639903097699,0.009705664182684672,0.012613409642573467,0.011055515118347892,0.010789030889594917,0.013028152266878475,0.010781337097696587,0.06566417825416997,0.0060640822462271655,0.011083587861795077,0.011551142381254967,0.01229084074344718,0.00446765427164416,0.016142087483717236,0.010917368984908658,0.012673679070691026,0.016443648851469428,0.01764835803018269,0.016830229804606828,0.01302018487053217,0.010552112563939639,0.012210300262112787,0.012829048287529782,0.010650283191421762,0.013066480943606035,0.007890158754567115,0.00823173572041303,0.009007474406671961,0.007257407471008738,0.008350138128673548,0.012620357830023828
Gold ,0.014250126795869738,0.003308746513105639,0.00915681106910246,0.006893412063542495,0.008697545575853853,0.011105636079428117,0.011135525385226367,0.0015863787640984905,0.009081693251787131,0.007207963590150915,0.006973517591739474,0.008377114814932488,0.009888369947577443,0.006129052025416998,0.004212527278792692,0.006984702068308182,0.0042155130262112785,0.006395500822875294,0.010084378786338366,0.007248658366957903,0.00797122036536934,0.006448126160444798,0.007935746544876887,0.00859774304686259,0.011470149741064334,0.0060640822462271655,0.26968901889753766,0.027285475180301822,-0.003337884184273234,0.018868604212867356,-0.0006193286163621922,0.010432016670373313,0.006835254589356633,0.009295008752978551,0.015253930052422553,0.015372871199364575,0.013006837788721203,0.00905075946624305,0.0038534410579825254,0.005285322081016679,0.006393774516282763,0.008631492876886419,0.006648728667196189,0.00628972083240667,0.0019543523812549637,0.0012803415504368542,0.010304553807783955,0.004570425334392375,0.0075847331469420165
Mines,0.012762187105639398,0.007050514241461477,0.0076186681302621104,0.007162699521842731,0.007407404940428911,0.012124301925337566,0.011344981119936455,0.008507033347100871,0.011426047159650515,0.011830263701350272,0.010284743644162028,0.011794364584590947,0.014655925459888797,0.011026163884034948,0.00874628247339158,0.008590192362192215,0.00900141900714853,0.012127520330420968,0.014636383655281972,0.010930335356632247,0.012162343653693408,0.011601875938046066,0.011385603026211279,0.011823743555202541,0.011940970050833992,0.011083587861795077,0.027285475180301822,0.06550002587926926,0.005105572996028597,0.012166710773629862,0.0035719589451945993,0.016610643652104844,0.010110047250198572,0.012664458705321683,0.018305145461477365,0.017879054424146147,0.018230287621922164,0.013756174494042886,0.010561602209690229,0.014879647267672755,0.012194722752978556,0.011671673075456709,0.013226448841938044,0.007979594573471008,0.00835015460524225,0.009442672042891183,0.009295741234312944,0.009720318455917394,0.012057769795075456
Coal ,0.012295005326449565,0.009351237879269258,0.006420350862589357,0.003435292039714058,0.007960052883240663,0.012360515841143768,0.012837251127879267,0.011948157731532964,0.012485114467037336,0.01274336660841938,0.015712409760127083,0.015617243059571085,0.02239206536457506,0.009686627982525816,0.007871074419380463,0.011644364752978554,0.008724016513105635,0.013795798360603647,0.014303002511517072,0.015105729272438447,0.015275906735504372,0.015405695842732329,0.009979249205718825,0.00954289558061954,0.017394814832406666,0.011551142381254967,-0.003337884184273234,0.005105572996028597,0.16760744751548845,0.016735032203335984,0.006735161423351866,0.022489139235901512,0.014623425518665606,0.016397631874503573,0.02346612725655282,0.026695450452740275,0.024771342713264494,0.015795457639396344,0.009755469421763304,0.011565016274821286,0.012363360703733122,0.013401957316918189,0.017292816339952347,0.012414007281969822,0.008851173127879267,0.010424927722001591,0.010272408700555995,0.010284552482922954,0.01631021830976966
Oil  ,0.013974814608419383,0.009856581445591742,0.010975545696584592,0.009489405191421763,0.01221859367752184,0.013255001150119143,0.014912806894360604,0.011322223358220806,0.013394048743447177,0.012888980174741861,0.016999385969817312,0.016596922783161244,0.023426876543288323,0.015129056870532167,0.01080311133280381,0.011605081976171562,0.012538059030976963,0.014471490223987289,0.018277094252581415,0.01278091107863384,0.018151784177918982,0.01630824425099285,0.012305691088165207,0.014517873575853855,0.019551979768069896,0.01229084074344718,0.018868604212867356,0.012166710773629862,0.016735032203335984,0.04547391724225575,0.009063948867355042,0.01895194323749007,0.013810399059571087,0.01688131224781573,0.022060279104050833,0.02262209963463066,0.022368780517871327,0.018088374214455912,0.013034573585385227,0.01511136133439237,0.015085240025416996,0.015172743402700554,0.014661564244638596,0.010870753277204128,0.009818785874503575,0.01117225053534551,0.011291794637013502,0.010218377563145354,0.014838180225575856
Util ,0.00502032970293884,0.004689896711675934,0.004596760965845909,0.004582460244638602,0.0074698547418586185,0.002171903847498014,0.003917677267672756,0.004448134665607624,0.004669097175536139,0.004304316409849087,0.005341631618745036,0.003565406888006354,0.006588571996822875,0.0059125579348689415,0.0034789566195393166,0.00481531550754567,0.003983016266878475,0.004703390735504368,0.005639875291501193,0.0035059397490071484,0.004984045591739476,0.004428460250992851,0.004885595456711675,0.0046197589324861,0.006257089486894361,0.00446765427164416,-0.0006193286163621922,0.0035719589451945993,0.006735161423351866,0.009063948867355042,0.011035006284352661,0.0046319540969023045,0.005175914954725974,0.0045319891024622715,0.004252113436060366,0.004637937760127085,0.005017990703733123,0.0046595534297061165,0.00541058302779984,0.006132872501985703,0.005051549909451946,0.0037270680476568707,0.005154545537728357,0.003324545899920571,0.004162585296266878,0.0058576804384432085,0.0031040344908657663,0.003271318455917395,0.004005126157267672
Telcm,0.023824326810166798,0.015419836370135028,0.011638115698173156,0.01344974722954726,0.010806332406671965,0.031156558630659248,0.03579180002382843,0.02482021084670373,0.024986431299443997,0.0253924074344718,0.028701508492454324,0.035551075828435266,0.05450685930579825,0.020841119944400313,0.021377998019062747,0.01747752496902304,0.021519861231135817,0.02696812395869738,0.02918237280222398,0.02471646742335186,0.03455114054011121,0.033381370050834,0.0227008907466243,0.021929668200158854,0.021777431585385223,0.016142087483717236,0.010432016670373313,0.016610643652104844,0.022489139235901512,0.01895194323749007,0.0046319540969023045,0.07191049888959491,0.02595892425099285,0.040268910905480536,0.06743973269579032,0.07116799917394757,0.06924525007466242,0.04665108177283559,0.019342077869737885,0.02671288968228753,0.025830807906274823,0.03087371810802223,0.0343748072660842,0.020719212257347103,0.016640688730738675,0.01856600673391581,0.019215471712470216,0.027361743084988083,0.03128983840190627
PerSv,0.013819319542494043,0.010139953391580617,0.008853732568705322,0.009568415434471804,0.010972646354249401,0.01596696299920572,0.017349490103256548,0.014389088845115168,0.014279349814138205,0.014919296171564735,0.017527068206513112,0.018411721054805402,0.02467930793963463,0.013103977728355837,0.012668054119142175,0.01142889878951549,0.012566564416203335,0.015143105308975375,0.01638809900555997,0.01390965716918189,0.017920722795869738,0.016091975809372515,0.013559226624305,0.014153451901509132,0.014230919599682286,0.010917368984908658,0.006835254589356633,0.010110047250198572,0.014623425518665606,0.013810399059571087,0.005175914954725974,0.02595892425099285,0.027403733655281967,0.01972299307386815,0.02845373812867355,0.030959352184273224,0.02884761959015092,0.02082219255917394,0.012450249378872121,0.01517848136616362,0.014929177683876091,0.016222699672756156,0.018951577480540112,0.0124807770548054,0.010393030907069103,0.011878533223193011,0.011623635183478951,0.013155689455123111,0.015795647822081017
BusSv,0.018481729968228753,0.011994166822875296,0.009684312915011912,0.01062630488482923,0.009540475377283556,0.022926520746624306,0.025071916846703735,0.018094670849880857,0.018975799610802223,0.018843372962668782,0.022718942430500395,0.0264755239872915,0.03916382971405876,0.016307662279586972,0.016464482168387605,0.013569633073868147,0.01621643597299444,0.019476370007942813,0.021519720309769653,0.017698409237490064,0.024715614567116764,0.023703686949960282,0.017225490524225576,0.017136923780778395,0.017068405138999203,0.012673679070691026,0.009295008752978551,0.012664458705321683,0.016397631874503573,0.01688131224781573,0.0045319891024622715,0.040268910905480536,0.01972299307386815,0.03172957127084988,0.045244517299443995,0.0483099302621128,0.045706161540905475,0.0317481620969023,0.014747882597299443,0.01980167039714058,0.019255120293884032,0.02276715238284352,0.024682956838760917,0.015814520349483715,0.012515902303415408,0.014186136576648129,0.014770045901509132,0.018287772581413817,0.023089650023828436
Hardw,0.02739545293725179,0.016634365782366954,0.013215897639396346,0.015174973490071485,0.010746752120730738,0.035145134100079425,0.039186908054011114,0.0264804500969023,0.027814181979348686,0.02662121734710087,0.032294048247815725,0.041892441791898334,0.06332725505321682,0.023567252708498805,0.02420845518030183,0.020246701661636217,0.023840123208895957,0.029972040419380456,0.03207504220492454,0.027255042598888,0.040724499030976954,0.03888673929150118,0.02479064578236696,0.02329302329467832,0.02546494328196982,0.016443648851469428,0.015253930052422553,0.018305145461477365,0.02346612725655282,0.022060279104050833,0.004252113436060366,0.06743973269579032,0.02845373812867355,0.045244517299443995,0.08742890284988084,0.08245594853057982,0.0829813324606831,0.055097598557585385,0.02158959591421763,0.030966394980142968,0.027949735828435265,0.03594351505639396,0.03687392515965052,0.02325848074980143,0.016993342481334398,0.01925185469102462,0.021921042090548053,0.029142991841143762,0.03526816627164415
Softw,0.027617482922954725,0.017803712025416994,0.013432564066719619,0.015003899729944401,0.01224987917394758,0.037135307863383635,0.041500389483717225,0.02885225995234313,0.02898239119936457,0.028791817918983314,0.03454889744241462,0.04395992393963463,0.06613012343129468,0.023747977728355834,0.025193608673550437,0.020500041556791103,0.02470096746624305,0.030666300047656875,0.03262768610007942,0.028116667736298645,0.040828125274027,0.0393776320889595,0.02561327532962669,0.024213241556791096,0.026019778808578232,0.01764835803018269,0.015372871199364575,0.017879054424146147,0.026695450452740275,0.02262209963463066,0.004637937760127085,0.07116799917394757,0.030959352184273224,0.0483099302621128,0.08245594853057982,0.0904308018427323,0.08300725064336774,0.05560699863383636,0.021778516822875293,0.031719751930103256,0.02935949782366958,0.037730978363780775,0.03964454204924543,0.02421135612390786,0.01817376298649722,0.02046345633042097,0.023148652708498803,0.03028079335980937,0.036834380238284344
Chips,0.02638819366799047,0.016407978824463862,0.012407969855440827,0.015142892743447177,0.009277665035742653,0.0344371433455123,0.038262975774424154,0.02667375951707705,0.027288705362986495,0.026376894297061162,0.031531925674344714,0.04141098368228753,0.06394750603018268,0.02370722908657665,0.023627098214455917,0.01905200977918983,0.023938279539316917,0.029729426725972993,0.03236997327720412,0.027653560454328832,0.04318511189833201,0.040519297972994445,0.024613167926926124,0.02328230335822081,0.026733100184273228,0.016830229804606828,0.013006837788721203,0.018230287621922164,0.024771342713264494,0.022368780517871327,0.005017990703733123,0.06924525007466242,0.02884761959015092,0.045706161540905475,0.0829813324606831,0.08300725064336774,0.09252756054646544,0.058901879542494026,0.02113527148212867,0.03150236478157267,0.028429941372517864,0.0358425725146942,0.03673863607307386,0.02220240230659253,0.01684717704845115,0.019451224778395552,0.021913753019857027,0.029879426027005555,0.034448586668784746
LabEq,0.019070334443208894,0.012193934011119935,0.00991251137728356,0.010134401995234315,0.0084667968228753,0.02442165605718825,0.02731589928514694,0.019399005636219227,0.01995732865448769,0.018852910436854647,0.023880188778395553,0.03002052194440032,0.047102626255758534,0.017214104368546465,0.017974974691024624,0.014538026764098488,0.01754043955520254,0.021922546389197776,0.023152789362986495,0.020183799250198566,0.030188673264495633,0.029114140861000795,0.01810718478157268,0.01692791334710087,0.019299267050039714,0.01302018487053217,0.00905075946624305,0.013756174494042886,0.015795457639396344,0.018088374214455912,0.0046595534297061165,0.04665108177283559,0.02082219255917394,0.0317481620969023,0.055097598557585385,0.05560699863383636,0.058901879542494026,0.047867659691818894,0.015084797718824464,0.02273677362986497,0.020380859590150912,0.025479165788721204,0.02557235269896744,0.016502909032565526,0.012191230875297854,0.014396977448768862,0.015807155247021445,0.0202076111389992,0.025164208203335984
