,Agric,Food ,Soda ,Beer ,Smoke,Toys ,Fun  ,Books,Hshld,Clths,Hlth ,MedEq,Drugs,Chems,Rubbr,Txtls,BldMt,Cnstr,Steel,FabPr,Mach ,ElcEq,Autos,Aero ,Ships,Guns ,Gold ,Mines,Coal ,Oil  ,Util ,Telcm,PerSv,BusSv,Hardw,Softw,Chips,LabEq,Paper,Boxes,Trans,Whlsl,Rtail,Meals,Banks,Insur,RlEst,Fin  ,Other
Agric,0.11621520443337204,0.0094195254134786,0.004189406383730409,0.005873898843693847,-0.0037718059443747113,0.030698166062742824,0.04307814522932862,0.023734395657923405,0.024433702437901026,0.0202772032130691,0.024872120076388005,0.03787542746715138,0.0437262144544895,0.015449590191833064,0.028448116144051763,0.010496099174508805,0.021033221631155324,0.023709715281819987,0.029315789841368657,0.028981714377599176,0.03160383739752225,0.03352110166975475,0.02515765338583773,0.02329660077844156,0.025670604913531916,0.019886174171012606,0.02204653905033832,0.02240639891079991,0.01763557140022147,0.011358923433719947,0.001301432538237076,0.06421828587893383,0.03321559660105259,0.04205781342686269,0.0648504799290753,0.06659825691347505,0.06677486945408957,0.04525651349357364,0.01578047516411531,0.0211393873473763,0.024794690010937023,0.035634608691947275,0.036898492869933054,0.025084330248969992,0.010867030288104899,0.009479146489541691,0.018134800189643047,0.028546395927149193,0.03494208813636248
Food ,0.0094195254134786,0.016589293062022666,0.0003253912021001388,0.005737004768934754,0.002369075820865276,0.012908509086359805,0.017008385388098877,0.010394301300654935,0.011130719507230403,0.011240923394001156,0.011525439961561345,0.013530484224842607,0.023538552753622568,0.011460490557210316,0.010531150788861968,0.008617442463879285,0.01083154607698697,0.013285811823810938,0.01479194476946155,0.011165878176246147,0.014635081312532454,0.014736749089776392,0.010380397639301518,0.006243288088110629,0.00866482596315804,0.005368310443758843,0.00675027174368779,0.0030669713286433716,0.0015333227322447457,0.005937716861230708,0.004263379527966369,0.027708699398087667,0.013276309065456264,0.01607597518095555,0.028290073718507572,0.02998988886387717,0.028268944603790397,0.018930343140651448,0.008882668130190336,0.011084477097327159,0.009238583444714324,0.013491326302958082,0.015999521768322617,0.009383312653882096,0.005824279060121522,0.008790051870579841,0.010832790975792124,0.013298460042229,0.013632790231677051
Soda ,0.004189406383730409,0.0003253912021001388,0.03227449948355828,0.0071704011004723005,0.0026742841107684156,0.003249977498908176,0.0004198359507075208,-0.0014306633478274732,-0.00011663363903177652,0.0005787942350462092,0.006034452814335279,-0.0007039050940185818,0.0033151534180215036,-0.0017660354055690035,0.00033197343814431163,0.0062040214202953295,-0.0008783742667743663,0.0004996435093776965,0.0022023729379495984,-0.006605716757035241,-0.0011147568170980508,-0.00044689666778875573,-0.00257945389018812,-0.001367116056803619,-0.0009462105672236117,-0.013292440836740239,0.00016751243932459589,-0.0004798862735614227,-0.0025057425564828486,0.006347097302756094,0.007443349558969652,-0.002276252061380341,0.0006346712259214203,0.0005608190339740055,-0.00266380089272566,-0.001593527171993215,-0.00022648218763145407,-0.0003866219038650603,0.00010478295011487968,-0.0015821607153647989,-0.00036470643612589025,0.0024155396584252275,0.00021930639307762346,0.0009477983773367393,0.001178825421208893,0.004652741893085788,0.0017734498421391486,0.00040607309709499265,-0.0019248466102716126
Beer ,0.005873898843693847,0.005737004768934754,0.0071704011004723005,0.0306170116046477,0.004074385700038743,0.009519216202872579,0.007398633817178378,0.004975915692186239,0.006294898562197953,0.007141137380112207,0.012513278173612188,0.011076413403245755,0.02177932404110472,0.005194885873967637,0.005125195360614786,0.0039736700305215335,0.005496045578622027,0.009757006922805091,0.008278454016792414,0.004434669299075164,0.01038975396501126,0.010038029363691005,0.0023559427306063772,0.005915259029032025,0.009873134231306653,-0.004026114169298011,0.0023026552557173833,0.001979817866476027,0.008099000175274424,0.00993430716008382,0.006185107756943156,0.02117273764835049,0.01262540596478955,0.012469062017771327,0.021405563267718367,0.02219225540964542,0.02566821918254456,0.014823584414736675,0.004070425940468794,6.627640070576794e-05,0.004479124088945028,0.010844572521627982,0.01196731104107849,0.00667504084183302,0.0036507189747328277,0.007977494348610753,0.008393079248408689,0.01056174908732495,0.007108453519009397
Smoke,-0.0037718059443747113,0.002369075820865276,0.0026742841107684156,0.004074385700038743,0.09223835500643757,-0.0075305104779496475,0.00396543221605491,-0.0027561719314484067,-0.004959065407419745,-0.0001961927645948198,0.0018968431334179072,-0.003735943687063759,-0.0022232094974494396,0.008055053279435948,-0.0006670832187709564,-0.0039626346212258395,-0.004101890863996323,-0.008284495952623134,-0.003542683719757709,-0.007916142254359198,-0.008466430560554829,-0.005249084751687153,-0.0014699943596580538,-0.0015332625491025573,-0.008125531483094516,-0.010478063604557561,-0.0003972099819629509,0.0004010127651955739,0.0025686366562421704,0.010119764619676756,0.01058614574616674,-0.020814445010336396,3.944728168175118e-05,-0.009107404901651121,-0.023231063468961206,-0.018022657695953428,-0.030716671674498756,-0.015546040458571378,-0.0003747882149590708,0.00741619752240272,-0.0013109271542073014,-0.004685349589519701,-0.006512431735520519,-0.0037272881887223932,0.00016096377958200314,0.004189319407260615,0.002051754178904535,-0.01075509256862094,-0.002134047583668523
Toys ,0.030698166062742824,0.012908509086359805,0.003249977498908176,0.009519216202872579,-0.0075305104779496475,0.06888196838592829,0.04747675718589367,0.033412898166370844,0.02748651438805245,0.033792207081822886,0.025465892539487084,0.046415963071801715,0.05948749894785394,0.02353874646972443,0.030434739192307447,0.02906613654005611,0.029939004741623136,0.03379444277577271,0.0426918848606764,0.030174649340548768,0.041456568165041216,0.038833771275419746,0.03195752295272512,0.020569324957079995,0.02371461082925279,0.003304520407883058,0.029361191690080047,0.02144842273511495,0.004816929846890656,0.007176513641508522,-0.010168400020919002,0.09225347627896051,0.03338860592543753,0.05069592088806526,0.09109669457223842,0.09396518191747652,0.0865184924656048,0.05582703595427093,0.021120564092212503,0.025259595339951667,0.028334136094079983,0.04007352086800485,0.046242246800563554,0.024229512579698877,0.014163502527778324,0.012557066643399537,0.02305245561147857,0.04213207263448141,0.041461062311301776
Fun  ,0.04307814522932862,0.017008385388098877,0.0004198359507075208,0.007398633817178378,0.00396543221605491,0.04747675718589367,0.08132441692522893,0.03312408369108138,0.029311838127627582,0.03155282771965118,0.032024993239520586,0.0514303560332948,0.07254690076284337,0.027891587073418093,0.032866402482866236,0.02354551179676063,0.03071406490036288,0.03561350157037475,0.042427715148445865,0.0382798512955203,0.04481942994690753,0.048893753456261006,0.03252381395845257,0.02627391998264901,0.020116474289979536,0.027466630327103562,0.04408761410981468,0.017658908660902476,0.004178288660757258,0.009991260643912078,-0.0028972030434147905,0.1009897397093163,0.03825680843501004,0.05585510607834756,0.09855416822460768,0.10682468001736518,0.09929773823992503,0.07000982538403851,0.022359319964262082,0.03194355469996601,0.03318136753912677,0.046010600187761,0.05076972533262916,0.02761232381425317,0.01495504594804017,0.016330190246327578,0.027828831519622014,0.04328665812340205,0.05073781080458735
Books,0.023734395657923405,0.010394301300654935,-0.0014306633478274732,0.004975915692186239,-0.0027561719314484067,0.033412898166370844,0.03312408369108138,0.045371694289351526,0.023827560605458768,0.024039468804329917,0.025199188437454396,0.03264498883947241,0.05055644589265193,0.020723071559123795,0.02603244255531264,0.01814451665459147,0.025641360678862125,0.030257759053374845,0.032994363129819605,0.0270079790332815,0.03549311899758038,0.03303861884787309,0.023841815957755124,0.017028345832669017,0.021621308724315027,0.005661515279738694,-0.0022792570610356095,0.0032047727237346406,0.019654164932660645,0.007245101839035092,-0.0014159471912818255,0.07143305314299392,0.028728310874722798,0.04040249388966211,0.07194572141622817,0.07503186435582883,0.07369325666653509,0.05027291957652988,0.016437791897425037,0.026268684767105317,0.024583207339174178,0.03001126962749426,0.03712028816776625,0.017876501006020683,0.01352707239667713,0.012864697245340728,0.022019620750444217,0.03412668424892416,0.03305287997488542
Hshld,0.024433702437901026,0.011130719507230403,-0.00011663363903177652,0.006294898562197953,-0.004959065407419745,0.02748651438805245,0.029311838127627582,0.023827560605458768,0.03203333203800422,0.020792888709333164,0.02266313791316889,0.029032414846366192,0.04422963031205763,0.018112147944571694,0.018712274041540935,0.01876831827076684,0.021870815761099373,0.026051833605599227,0.029295132858985044,0.02645165354106115,0.030758685539854527,0.029155345153214694,0.02000990688954216,0.016652507438955404,0.01995872396909866,0.002565143394975957,0.01724544298827026,0.012978158991193233,0.013524600812355228,0.005894049271846067,0.0018164001212382837,0.0621819367072242,0.0260761830562837,0.03506891662238611,0.06060652657873303,0.06481282575373677,0.062027852598269706,0.04196738996926409,0.015898824531351288,0.02159783816301985,0.021916473496937053,0.026313733314096248,0.03259731387464798,0.01689719195623874,0.01209032157578174,0.014381659840366679,0.01556119731903622,0.03057033285871828,0.02772923645508812
Clths,0.0202772032130691,0.011240923394001156,0.0005787942350462092,0.007141137380112207,-0.0001961927645948198,0.033792207081822886,0.03155282771965118,0.024039468804329917,0.020792888709333164,0.03626248502340581,0.01873014462273622,0.028655137671171532,0.04329822566961539,0.018225829860322555,0.0237873714872513,0.02214653408910706,0.023105830134389344,0.024257120711494596,0.029428957394461348,0.02124719524723322,0.030224648767684742,0.028732841083604098,0.023243339239825803,0.01769362183770258,0.020069587579443344,0.01388106983610708,0.021919127337144066,0.017119541597252354,0.01275464053589231,0.006249681131206065,-0.0011921138028816928,0.06165863679589147,0.025019801097945694,0.03475269284266349,0.059908008179923866,0.06488047938366973,0.0595858014300724,0.04035290538161266,0.017621443099472913,0.023085230604600437,0.02353663188709079,0.02858995153056091,0.034808437470934046,0.01804231483732333,0.010595712402934346,0.010754902663912389,0.019952298179647873,0.028980942595671327,0.02762118585992972
Hlth ,0.024872120076388005,0.011525439961561345,0.006034452814335279,0.012513278173612188,0.0018968431334179072,0.025465892539487084,0.032024993239520586,0.025199188437454396,0.02266313791316889,0.01873014462273622,0.050415562036444365,0.030455574262152684,0.05740168150538304,0.01851986505231931,0.01783258595670989,0.013325196328137985,0.021417527697053428,0.024378810627348032,0.0280876575343625,0.023426779011750585,0.02949941720053921,0.03139454720457921,0.01822738049340813,0.02403799824808191,0.020374419082453167,-0.009333236423265707,0.013875134856775174,-0.001244826739216162,0.019365879218450056,0.015206651061111116,0.0055497870580032025,0.06341105925483786,0.029427252938515405,0.03894888495592445,0.061816675318554705,0.06886965755535984,0.06234231787446916,0.04545101931107331,0.015133064690944022,0.014175527541352496,0.020651950239639134,0.0290533756321939,0.034334712292996936,0.020297055123505738,0.012876263313521024,0.01865108221825517,0.017635675752730073,0.028825651537754682,0.02936182547217512
MedEq,0.03787542746715138,0.013530484224842607,-0.0007039050940185818,0.011076413403245755,-0.003735943687063759,0.046415963071801715,0.0514303560332948,0.03264498883947241,0.029032414846366192,0.028655137671171532,0.030455574262152684,0.0569879163631034,0.07436788806529547,0.021960313272126008,0.029688050962411054,0.026306131600974676,0.027532344873699783,0.03398163895907969,0.039602926029555834,0.03792010159842253,0.04200135168898624,0.04257087967299277,0.02936636169194454,0.022508347134401474,0.02256600449437943,0.0037182281308781985,0.028600405040675573,0.016759267568667326,0.012965944484453392,0.00664118365997736,-0.007695753278346803,0.09352809304626326,0.03598352446389873,0.05330323791981994,0.09625665265653321,0.10172526062757303,0.09463879931331648,0.06501011066799736,0.018495071139857645,0.024365770628385713,0.026514481509010708,0.043321598352905236,0.04433169774595211,0.025111546743557644,0.013917509520740985,0.014145604352405163,0.026547599773897743,0.04155701697342889,0.04480218678497298
Drugs,0.0437262144544895,0.023538552753622568,0.0033151534180215036,0.02177932404110472,-0.0022232094974494396,0.05948749894785394,0.07254690076284337,0.05055644589265193,0.04422963031205763,0.04329822566961539,0.05740168150538304,0.07436788806529547,0.14743581954970672,0.03842432785483437,0.03885575967138191,0.030018835618891525,0.04137650575675746,0.058093381467077584,0.05661112308024417,0.05281847076358149,0.06600041416294812,0.07210324431891006,0.0346033583160676,0.03847004420033982,0.036402369155061905,-0.015851497662113297,0.031478659724717965,0.015627545875357876,0.026778978329204055,0.021883518259983862,0.0021983066590677003,0.1415667802942276,0.0531023663463014,0.0805206553689784,0.14820630619796626,0.15491795676308354,0.15346971858483274,0.10851726155277436,0.03025208997859917,0.03847016768771435,0.04048742666214433,0.06242363047223447,0.06584159887769665,0.03441966202397452,0.022664733441152916,0.030290699853439827,0.037957970000476474,0.06460681591849646,0.06280561377426394
Chems,0.015449590191833064,0.011460490557210316,-0.0017660354055690035,0.005194885873967637,0.008055053279435948,0.02353874646972443,0.027891587073418093,0.020723071559123795,0.018112147944571694,0.018225829860322555,0.01851986505231931,0.021960313272126008,0.03842432785483437,0.031220409275193872,0.01558386214552337,0.011875595933510608,0.018853649526612847,0.023145193870001628,0.02655386722142939,0.01883177196061921,0.02697053223291322,0.0263965736739773,0.017418441328401008,0.015212833021601233,0.014977827200088428,0.0008085326320933073,0.011664804116986253,0.011058303751400496,0.0076099078726600934,0.01285479482482626,0.003891320162928498,0.046982523813728506,0.0211632665383865,0.027346183157925967,0.04752288548751745,0.04905977546753609,0.04970530523391483,0.03388047447670595,0.019463278539608855,0.025717968252405292,0.01910970725247325,0.02189380803630557,0.027525867492676978,0.012436643612121896,0.010285954743275346,0.01369511810408559,0.01469302710438741,0.024216897762070477,0.023776351692778662
Rubbr,0.028448116144051763,0.010531150788861968,0.00033197343814431163,0.005125195360614786,-0.0006670832187709564,0.030434739192307447,0.032866402482866236,0.02603244255531264,0.018712274041540935,0.0237873714872513,0.01783258595670989,0.029688050962411054,0.03885575967138191,0.01558386214552337,0.0455112436204034,0.014745304146030421,0.019388595789866927,0.024131963090154286,0.029294433051694692,0.02323428659397595,0.029525598315851165,0.02637058362951023,0.02099874813223015,0.013166926722790377,0.015493897312059137,0.005664769944707499,0.010954687566177818,0.008614398858589351,0.004813019298115968,0.002526355822594931,-0.002331592102147466,0.05935081055845616,0.026696294058104694,0.03340508454512762,0.060282444667825764,0.060954520065373795,0.059417420461032655,0.04277320886702195,0.013346934660456554,0.022887254291060876,0.02042491922821044,0.027004252817651328,0.032361995919890446,0.01705179654838713,0.009746193822421641,0.009675224086267344,0.01875644236722951,0.02484981122607591,0.028521682937333134
Txtls,0.010496099174508805,0.008617442463879285,0.0062040214202953295,0.0039736700305215335,-0.0039626346212258395,0.02906613654005611,0.02354551179676063,0.01814451665459147,0.01876831827076684,0.02214653408910706,0.013325196328137985,0.026306131600974676,0.030018835618891525,0.011875595933510608,0.014745304146030421,0.08056923717882962,0.019874249588448755,0.02215963626060328,0.027479794219803285,0.01831120056914777,0.02573323493836726,0.023774938463277114,0.016977429108650507,0.010161507955795226,0.013437351330045668,-0.014208536310698757,0.0047567271650496195,0.006425150376731736,0.019642081800754153,0.004054942450143982,0.0001124923859110312,0.04610494270046283,0.017662668826284585,0.028512829315822115,0.052949371557176356,0.055238705735525764,0.050448361367423894,0.03131892493641932,0.011954133478106197,0.01903719873720136,0.016998122478715412,0.025490680445469392,0.025230091816473094,0.012368577302106908,0.009142713863703609,0.008776322696063137,0.019473459272970034,0.028229418322123286,0.016046079191677408
BldMt,0.021033221631155324,0.01083154607698697,-0.0008783742667743663,0.005496045578622027,-0.004101890863996323,0.029939004741623136,0.03071406490036288,0.025641360678862125,0.021870815761099373,0.023105830134389344,0.021417527697053428,0.027532344873699783,0.04137650575675746,0.018853649526612847,0.019388595789866927,0.019874249588448755,0.029248782423419738,0.02783684651589898,0.029224899760432736,0.02381907586666306,0.03384137507658512,0.03070596168161313,0.022035332414616107,0.019421459253384118,0.019847532296080297,0.014084272006312308,0.015074539411947975,0.009367301582955526,0.012750759400391214,0.009186419149759175,5.083213903406543e-05,0.06468519923925413,0.023136143809128488,0.03530651084180093,0.06343646180002079,0.06575614184207781,0.06366029364918115,0.04351388906017244,0.016557091098859802,0.023863836252399642,0.02245959791609028,0.028132093058669642,0.03275696990282109,0.015897118407545197,0.011616489377679803,0.012353979309631604,0.01934815704728306,0.030148365598993143,0.02918003109571366
Cnstr,0.023709715281819987,0.013285811823810938,0.0004996435093776965,0.009757006922805091,-0.008284495952623134,0.03379444277577271,0.03561350157037475,0.030257759053374845,0.026051833605599227,0.024257120711494596,0.024378810627348032,0.03398163895907969,0.058093381467077584,0.023145193870001628,0.024131963090154286,0.02215963626060328,0.02783684651589898,0.046786441301203,0.03268897759866635,0.029574872510729565,0.03997286774268967,0.03970557871399706,0.02175579379527158,0.016871480713101548,0.021524247513936702,0.013204595867893713,0.01715146437799488,0.011076915362576495,0.012653833639275027,0.015323963367288997,0.001231782680761034,0.07720475186997527,0.028307926316257767,0.04156902164109796,0.08210191728858479,0.08028193190605966,0.08462018869096398,0.056979539731299364,0.020664965199774097,0.029404603972009145,0.028014700912562293,0.03253441541111559,0.03869271260704032,0.016295156041678124,0.013492283727977243,0.016615386733943496,0.020417237201853497,0.03863766158072035,0.035151365091445265
Steel,0.029315789841368657,0.01479194476946155,0.0022023729379495984,0.008278454016792414,-0.003542683719757709,0.0426918848606764,0.042427715148445865,0.032994363129819605,0.029295132858985044,0.029428957394461348,0.0280876575343625,0.039602926029555834,0.05661112308024417,0.02655386722142939,0.029294433051694692,0.027479794219803285,0.029224899760432736,0.03268897759866635,0.052507435697187285,0.032252508532870316,0.04089032144093272,0.03701683458205896,0.029212277858315122,0.02234541068551041,0.025675697303230213,0.004032515717171355,0.013929568765452219,0.014288175395128644,0.009518703325288633,0.009131597150766326,-0.0007697758243644171,0.08385809000705799,0.034917609514543514,0.04683936394234249,0.08318880389538809,0.08437825339601537,0.08208272699014758,0.05561768878218207,0.02232658035797783,0.03005780534553947,0.028950561549849416,0.03742035636313828,0.04251734970145439,0.022738100665953984,0.014823828207306943,0.01536021622762124,0.025635813101181442,0.039827737602073636,0.036632700130865434
FabPr,0.028981714377599176,0.011165878176246147,-0.006605716757035241,0.004434669299075164,-0.007916142254359198,0.030174649340548768,0.0382798512955203,0.0270079790332815,0.02645165354106115,0.02124719524723322,0.023426779011750585,0.03792010159842253,0.05281847076358149,0.01883177196061921,0.02323428659397595,0.01831120056914777,0.02381907586666306,0.029574872510729565,0.032252508532870316,0.06754149338945252,0.03576839862885332,0.03434863864879992,0.022879783128342254,0.018517789658418205,0.020215042562805857,0.005962219380279098,0.01743396659572147,0.010891922424138185,0.012819654795692756,0.002610466826436658,-0.00391403679954077,0.07119117674392289,0.030952399279597902,0.03958592634356146,0.07524631593489806,0.07519422696616247,0.07494662167945722,0.05203681008355887,0.01624775988487529,0.02705445252079267,0.025293717884848906,0.034846092821556124,0.03586196436407691,0.02222795807266009,0.012321139958693276,0.012107866214303339,0.018860897706115976,0.034208847022804884,0.03351518223928884
Mach ,0.03160383739752225,0.014635081312532454,-0.0011147568170980508,0.01038975396501126,-0.008466430560554829,0.041456568165041216,0.04481942994690753,0.03549311899758038,0.030758685539854527,0.030224648767684742,0.02949941720053921,0.04200135168898624,0.06600041416294812,0.02697053223291322,0.029525598315851165,0.02573323493836726,0.03384137507658512,0.03997286774268967,0.04089032144093272,0.03576839862885332,0.05780751422066875,0.04748739629277988,0.028349719078864064,0.02697165814525044,0.03423267451864269,0.00893017797582497,0.024063079086213725,0.013738332960920401,0.022684342829193616,0.013854757853136529,0.0012882385787355783,0.09764541087661896,0.03612362663552672,0.05282999192485998,0.10120485697037317,0.10029809290808853,0.11234952010851311,0.07506913238093463,0.02164121662314023,0.038513364157443615,0.03166187119204632,0.04208814978857061,0.0468155025353316,0.021713477873022635,0.016022056024637077,0.01880268157187166,0.02639808891692121,0.04486015270745011,0.043068528116779775
ElcEq,0.03352110166975475,0.014736749089776392,-0.00044689666778875573,0.010038029363691005,-0.005249084751687153,0.038833771275419746,0.048893753456261006,0.03303861884787309,0.029155345153214694,0.028732841083604098,0.03139454720457921,0.04257087967299277,0.07210324431891006,0.0263965736739773,0.02637058362951023,0.023774938463277114,0.03070596168161313,0.03970557871399706,0.03701683458205896,0.03434863864879992,0.04748739629277988,0.05840922822180752,0.025937569102738603,0.024835695968313993,0.02755523475896546,0.007963460387971705,0.021677506805774082,0.014463421510626575,0.019618418182652295,0.015710771538480474,0.0020796133513638648,0.09303006029346657,0.03318486723405684,0.05184553433730372,0.09650354241191093,0.09921459545438044,0.10382829092808574,0.07037156286802686,0.021616087607737998,0.0315523861838499,0.03127849597320513,0.04026288420373699,0.045636964728641254,0.021712996506691708,0.014965907641854004,0.018836427882663168,0.02545148685387098,0.04242543882228243,0.04090192903935716
Autos,0.02515765338583773,0.010380397639301518,-0.00257945389018812,0.0023559427306063772,-0.0014699943596580538,0.03195752295272512,0.03252381395845257,0.023841815957755124,0.02000990688954216,0.023243339239825803,0.01822738049340813,0.02936636169194454,0.0346033583160676,0.017418441328401008,0.02099874813223015,0.016977429108650507,0.022035332414616107,0.02175579379527158,0.029212277858315122,0.022879783128342254,0.028349719078864064,0.025937569102738603,0.03798314685764018,0.01747713770477,0.014716114028408547,0.015715793251798185,0.02213440002317209,0.018502375891951924,0.011353889426640488,0.003948093489159826,-0.004583653424755977,0.05927714973817393,0.02367310246496312,0.03326034264064116,0.05507249079994308,0.05766191811565136,0.05319389735120194,0.03717001429678619,0.01858969347166619,0.02485806217568705,0.022474939435035455,0.02663754013510244,0.03473853109187079,0.01757659137429004,0.011179235633459562,0.01152717647416564,0.019926665676769793,0.027258673334871655,0.02957067843321842
Aero ,0.02329660077844156,0.006243288088110629,-0.001367116056803619,0.005915259029032025,-0.0015332625491025573,0.020569324957079995,0.02627391998264901,0.017028345832669017,0.016652507438955404,0.01769362183770258,0.02403799824808191,0.022508347134401474,0.03847004420033982,0.015212833021601233,0.013166926722790377,0.010161507955795226,0.019421459253384118,0.016871480713101548,0.02234541068551041,0.018517789658418205,0.02697165814525044,0.024835695968313993,0.01747713770477,0.057348423639942546,0.020772814508426097,0.018816819784275827,0.011927674687424667,0.009534794693986217,0.018885661391479326,0.0067101284436117585,-0.0010144907806313285,0.05306470805363196,0.024794526885965718,0.027508639274150627,0.04561830820540614,0.04823385447362992,0.05122337259710096,0.037402094486544725,0.015310819041905751,0.017330777669272494,0.018807832660198007,0.022439585134227863,0.028190248107615556,0.016683661089060588,0.011397046839772183,0.013427692944728509,0.012529485449791123,0.02401979777308812,0.01908355344533996
Ships,0.025670604913531916,0.00866482596315804,-0.0009462105672236117,0.009873134231306653,-0.008125531483094516,0.02371461082925279,0.020116474289979536,0.021621308724315027,0.01995872396909866,0.020069587579443344,0.020374419082453167,0.02256600449437943,0.036402369155061905,0.014977827200088428,0.015493897312059137,0.013437351330045668,0.019847532296080297,0.021524247513936702,0.025675697303230213,0.020215042562805857,0.03423267451864269,0.02755523475896546,0.014716114028408547,0.020772814508426097,0.05799889327105182,-0.00019456340779324874,0.0010643898497906632,0.0071366747664843395,0.026087914805777396,0.010201569325737849,0.005147535552185753,0.05316889678327919,0.02337650817427317,0.031539533564256796,0.05835100267023005,0.0574853886473191,0.0670252318951964,0.04362520276609935,0.013277464544276118,0.020819432250903706,0.016562304476828667,0.02598579034419364,0.028783034347067107,0.015347241050060578,0.010856324049791175,0.0140455955169648,0.01686891506927905,0.0278328658273816,0.028517292417334545
Guns ,0.019886174171012606,0.005368310443758843,-0.013292440836740239,-0.004026114169298011,-0.010478063604557561,0.003304520407883058,0.027466630327103562,0.005661515279738694,0.002565143394975957,0.01388106983610708,-0.009333236423265707,0.0037182281308781985,-0.015851497662113297,0.0008085326320933073,0.005664769944707499,-0.014208536310698757,0.014084272006312308,0.013204595867893713,0.004032515717171355,0.005962219380279098,0.00893017797582497,0.007963460387971705,0.015715793251798185,0.018816819784275827,-0.00019456340779324874,0.3614091952063264,0.017912164872832897,0.03017466516918196,0.016187961785834207,0.006929556055747503,-0.001283500815254606,0.024589187089353558,0.006027563847684091,0.01063357235358154,0.007697022088842551,0.017427131538943083,0.015942325676923615,0.014868679414486656,0.019381806381236762,0.019037854498237524,0.026875724882682864,0.005987758108882048,0.017194926236404885,-0.003128301707115092,0.005050253984358447,0.0044506524517771255,-0.0014743014883907464,0.00693045001648277,0.02302223773282903
Gold ,0.02204653905033832,0.00675027174368779,0.00016751243932459589,0.0023026552557173833,-0.0003972099819629509,0.029361191690080047,0.04408761410981468,-0.0022792570610356095,0.01724544298827026,0.021919127337144066,0.013875134856775174,0.028600405040675573,0.031478659724717965,0.011664804116986253,0.010954687566177818,0.0047567271650496195,0.015074539411947975,0.01715146437799488,0.013929568765452219,0.01743396659572147,0.024063079086213725,0.021677506805774082,0.02213440002317209,0.011927674687424667,0.0010643898497906632,0.017912164872832897,0.3685759619131858,0.07780171087821439,-0.004839847139969204,0.017055867069436417,-0.006952920004687411,0.06532456907050725,0.02171865657469895,0.031972681005918706,0.05401858014176906,0.06698439619075883,0.04566767551657252,0.029215202231238014,0.005467940082003231,0.012596056977140576,0.019886178429979924,0.02715458062026545,0.030077420518774375,0.019574308345081583,0.006127909280346186,0.005109644149691343,0.028393785273661116,0.018620117067740097,0.0265724818339333
Mines,0.02240639891079991,0.0030669713286433716,-0.0004798862735614227,0.001979817866476027,0.0004010127651955739,0.02144842273511495,0.017658908660902476,0.0032047727237346406,0.012978158991193233,0.017119541597252354,-0.001244826739216162,0.016759267568667326,0.015627545875357876,0.011058303751400496,0.008614398858589351,0.006425150376731736,0.009367301582955526,0.011076915362576495,0.014288175395128644,0.010891922424138185,0.013738332960920401,0.014463421510626575,0.018502375891951924,0.009534794693986217,0.0071366747664843395,0.03017466516918196,0.07780171087821439,0.08068854985608002,-0.006836427937417394,-0.005046285974588679,-0.005287395946477518,0.03256644486749783,0.014093806806483967,0.01581991942879224,0.028447090162345624,0.029243930082272544,0.02709351083639931,0.018190741803348075,0.01346023989572486,0.02230503023607305,0.014208635251289329,0.015173481416295868,0.02003457507835661,0.006761350130611074,0.006516849390525271,0.00700126594129283,0.012327836268348996,0.01677889918240037,0.015695117701355586
Coal ,0.01763557140022147,0.0015333227322447457,-0.0025057425564828486,0.008099000175274424,0.0025686366562421704,0.004816929846890656,0.004178288660757258,0.019654164932660645,0.013524600812355228,0.01275464053589231,0.019365879218450056,0.012965944484453392,0.026778978329204055,0.0076099078726600934,0.004813019298115968,0.019642081800754153,0.012750759400391214,0.012653833639275027,0.009518703325288633,0.012819654795692756,0.022684342829193616,0.019618418182652295,0.011353889426640488,0.018885661391479326,0.026087914805777396,0.016187961785834207,-0.004839847139969204,-0.006836427937417394,0.16005820654605635,0.028746823401946037,0.011454464165820587,0.03152169851623974,0.020653465055351396,0.019605593116501837,0.02732470976066426,0.0324053424884841,0.04107590181787684,0.031498071680687516,0.008326448433552654,0.017205600600534977,0.01565728860316029,0.015083742760741826,0.020708283119701118,0.004713265456079063,0.00892675760861124,0.013412778561401809,0.01122914461547494,0.012424967332527704,0.00991779163924166
Oil  ,0.011358923433719947,0.005937716861230708,0.006347097302756094,0.00993430716008382,0.010119764619676756,0.007176513641508522,0.009991260643912078,0.007245101839035092,0.005894049271846067,0.006249681131206065,0.015206651061111116,0.00664118365997736,0.021883518259983862,0.01285479482482626,0.002526355822594931,0.004054942450143982,0.009186419149759175,0.015323963367288997,0.009131597150766326,0.002610466826436658,0.013854757853136529,0.015710771538480474,0.003948093489159826,0.0067101284436117585,0.010201569325737849,0.006929556055747503,0.017055867069436417,-0.005046285974588679,0.028746823401946037,0.06091742428911996,0.0170092794470535,0.013904863609810256,0.007110388773049525,0.013092917378218216,0.012413538223830322,0.017452038253909993,0.01979478250748768,0.01657270452578968,0.007553718347516435,0.009860266080897066,0.01152595627303715,0.008942719932396011,0.007448229670984681,0.0004307726399647192,0.0037920790349451144,0.008011950270659856,0.004572909001733829,0.006292456576856078,0.00992464903917839
Util ,0.001301432538237076,0.004263379527966369,0.007443349558969652,0.006185107756943156,0.01058614574616674,-0.010168400020919002,-0.0028972030434147905,-0.0014159471912818255,0.0018164001212382837,-0.0011921138028816928,0.0055497870580032025,-0.007695753278346803,0.0021983066590677003,0.003891320162928498,-0.002331592102147466,0.0001124923859110312,5.083213903406543e-05,0.001231782680761034,-0.0007697758243644171,-0.00391403679954077,0.0012882385787355783,0.0020796133513638648,-0.004583653424755977,-0.0010144907806313285,0.005147535552185753,-0.001283500815254606,-0.006952920004687411,-0.005287395946477518,0.011454464165820587,0.0170092794470535,0.024948111975194864,-0.0143338410830002,0.0015983569499527887,-0.002080802364112223,-0.010653851977222111,-0.008802657648238312,-0.003530228963760844,-0.00024422286869480326,0.0023716818295153345,0.002823342137161402,-0.00019431521654362033,-0.0027295700404031758,-0.0022096360331397627,-0.0015238435731423998,0.0010616953410022274,0.008682595433417147,0.0007447072368361144,-0.002374905243559055,-0.0038271884010119437
Telcm,0.06421828587893383,0.027708699398087667,-0.002276252061380341,0.02117273764835049,-0.020814445010336396,0.09225347627896051,0.1009897397093163,0.07143305314299392,0.0621819367072242,0.06165863679589147,0.06341105925483786,0.09352809304626326,0.1415667802942276,0.046982523813728506,0.05935081055845616,0.04610494270046283,0.06468519923925413,0.07720475186997527,0.08385809000705799,0.07119117674392289,0.09764541087661896,0.09303006029346657,0.05927714973817393,0.05306470805363196,0.05316889678327919,0.024589187089353558,0.06532456907050725,0.03256644486749783,0.03152169851623974,0.013904863609810256,-0.0143338410830002,0.23934797888512124,0.07055642547884698,0.11115732413070069,0.21419340181124263,0.22274196779339991,0.22157622755458484,0.14582275071109113,0.04090847944520307,0.061090786856320245,0.06360998937290933,0.08843510242584611,0.10020719630042678,0.04984637829415925,0.03264875034703725,0.03206223139841883,0.05374650813680869,0.09586012836795886,0.08836954031041966
PerSv,0.03321559660105259,0.013276309065456264,0.0006346712259214203,0.01262540596478955,3.944728168175118e-05,0.03338860592543753,0.03825680843501004,0.028728310874722798,0.0260761830562837,0.025019801097945694,0.029427252938515405,0.03598352446389873,0.0531023663463014,0.0211632665383865,0.026696294058104694,0.017662668826284585,0.023136143809128488,0.028307926316257767,0.034917609514543514,0.030952399279597902,0.03612362663552672,0.03318486723405684,0.02367310246496312,0.024794526885965718,0.02337650817427317,0.006027563847684091,0.02171865657469895,0.014093806806483967,0.020653465055351396,0.007110388773049525,0.0015983569499527887,0.07055642547884698,0.04673287416268688,0.04135507064505843,0.07123567441085524,0.07510670621486816,0.07472199422731458,0.0512835608303709,0.01878685794019793,0.02225613838326828,0.02401159911085845,0.034141942372196754,0.04099838892755805,0.022974439864498347,0.01338200200569495,0.016623377906685066,0.021820213726019375,0.033268834094046455,0.03352041471486492
BusSv,0.04205781342686269,0.01607597518095555,0.0005608190339740055,0.012469062017771327,-0.009107404901651121,0.05069592088806526,0.05585510607834756,0.04040249388966211,0.03506891662238611,0.03475269284266349,0.03894888495592445,0.05330323791981994,0.0805206553689784,0.027346183157925967,0.03340508454512762,0.028512829315822115,0.03530651084180093,0.04156902164109796,0.04683936394234249,0.03958592634356146,0.05282999192485998,0.05184553433730372,0.03326034264064116,0.027508639274150627,0.031539533564256796,0.01063357235358154,0.031972681005918706,0.01581991942879224,0.019605593116501837,0.013092917378218216,-0.002080802364112223,0.11115732413070069,0.04135507064505843,0.06552323819735868,0.11180203966518382,0.11913751588684791,0.11564355578583849,0.07798848463805934,0.02299903588128232,0.030862377085135007,0.03498793684607012,0.04924531926133678,0.05398203853465208,0.028060577376895747,0.017266395771968503,0.019745103537263567,0.030119217786891722,0.05000891037467594,0.05039173687214872
Hardw,0.0648504799290753,0.028290073718507572,-0.00266380089272566,0.021405563267718367,-0.023231063468961206,0.09109669457223842,0.09855416822460768,0.07194572141622817,0.06060652657873303,0.059908008179923866,0.061816675318554705,0.09625665265653321,0.14820630619796626,0.04752288548751745,0.060282444667825764,0.052949371557176356,0.06343646180002079,0.08210191728858479,0.08318880389538809,0.07524631593489806,0.10120485697037317,0.09650354241191093,0.05507249079994308,0.04561830820540614,0.05835100267023005,0.007697022088842551,0.05401858014176906,0.028447090162345624,0.02732470976066426,0.012413538223830322,-0.010653851977222111,0.21419340181124263,0.07123567441085524,0.11180203966518382,0.2303673380274305,0.22470068581849403,0.23164942608422062,0.1510912590493228,0.040265951830286716,0.06134138901035735,0.05990550964259576,0.08992548984190646,0.09625474995250152,0.04824558184166551,0.030270950197892593,0.03215267731292056,0.05481979089377465,0.09330114865330336,0.08749262159860594
Softw,0.06659825691347505,0.02998988886387717,-0.001593527171993215,0.02219225540964542,-0.018022657695953428,0.09396518191747652,0.10682468001736518,0.07503186435582883,0.06481282575373677,0.06488047938366973,0.06886965755535984,0.10172526062757303,0.15491795676308354,0.04905977546753609,0.060954520065373795,0.055238705735525764,0.06575614184207781,0.08028193190605966,0.08437825339601537,0.07519422696616247,0.10029809290808853,0.09921459545438044,0.05766191811565136,0.04823385447362992,0.0574853886473191,0.017427131538943083,0.06698439619075883,0.029243930082272544,0.0324053424884841,0.017452038253909993,-0.008802657648238312,0.22274196779339991,0.07510670621486816,0.11913751588684791,0.22470068581849403,0.24211708600041792,0.2314666798822938,0.15195883971789456,0.039620665520286966,0.06073147621562302,0.062413013791139726,0.09456889777236348,0.10062816722767755,0.05186550320521422,0.03135364587177193,0.03305889702028438,0.05863868756638877,0.09580923441854002,0.09220957683824679
Chips,0.06677486945408957,0.028268944603790397,-0.00022648218763145407,0.02566821918254456,-0.030716671674498756,0.0865184924656048,0.09929773823992503,0.07369325666653509,0.062027852598269706,0.0595858014300724,0.06234231787446916,0.09463879931331648,0.15346971858483274,0.04970530523391483,0.059417420461032655,0.050448361367423894,0.06366029364918115,0.08462018869096398,0.08208272699014758,0.07494662167945722,0.11234952010851311,0.10382829092808574,0.05319389735120194,0.05122337259710096,0.0670252318951964,0.015942325676923615,0.04566767551657252,0.02709351083639931,0.04107590181787684,0.01979478250748768,-0.003530228963760844,0.22157622755458484,0.07472199422731458,0.11564355578583849,0.23164942608422062,0.2314666798822938,0.2645825588920799,0.16752434161221488,0.03945817000665993,0.06912284888485669,0.06354293895431874,0.09288838909454952,0.09659345031618892,0.04557405196230805,0.031149343894048317,0.03561386006138484,0.054369029929041635,0.09799590677847986,0.0896255892286451
LabEq,0.04525651349357364,0.018930343140651448,-0.0003866219038650603,0.014823584414736675,-0.015546040458571378,0.05582703595427093,0.07000982538403851,0.05027291957652988,0.04196738996926409,0.04035290538161266,0.04545101931107331,0.06501011066799736,0.10851726155277436,0.03388047447670595,0.04277320886702195,0.03131892493641932,0.04351388906017244,0.056979539731299364,0.05561768878218207,0.05203681008355887,0.07506913238093463,0.07037156286802686,0.03717001429678619,0.037402094486544725,0.04362520276609935,0.014868679414486656,0.029215202231238014,0.018190741803348075,0.031498071680687516,0.01657270452578968,-0.00024422286869480326,0.14582275071109113,0.0512835608303709,0.07798848463805934,0.1510912590493228,0.15195883971789456,0.16752434161221488,0.12006627098904042,0.02729952947742278,0.04486553622420366,0.04344286311828425,0.062450869826411196,0.0655665954000878,0.030950702783574754,0.02180770189145913,0.025632620440324015,0.035710663333570376,0.06381203197431817,0.06168523608060626
