,Agric,Food ,Soda ,Beer ,Smoke,Toys ,Fun  ,Books,Hshld,Clths,Hlth ,MedEq,Drugs,Chems,Rubbr,Txtls,BldMt,Cnstr,Steel,FabPr,Mach ,ElcEq,Autos,Aero ,Ships,Guns ,Gold ,Mines,Coal ,Oil  ,Util ,Telcm,PerSv,BusSv,Hardw,Softw,Chips,LabEq,Paper,Boxes,Trans,Whlsl,Rtail,Meals,Banks,Insur,RlEst,Fin  ,Other
Agric,0.05578033517871327,0.009055594622716441,0.009144843741064335,0.00981662447180302,0.011903894892772042,0.015101921437648928,0.018302614884829226,0.011795394781572677,0.01388969471008737,0.013062445162827644,0.01591231796664019,0.018156563471008733,0.025002509833200955,0.012501107656870531,0.012408461127879265,0.011749664773629863,0.012439929316918188,0.014129806632247817,0.016727639547259737,0.012386638808578236,0.016328158284352662,0.015895883637807785,0.014152234789515487,0.015522036862589357,0.013015272009531374,0.008909077625099286,0.011219675504368545,0.012929099189833202,0.010698694598888007,0.013885270198570292,0.005282230961080222,0.024861193820492452,0.014807789285146943,0.019036800428911833,0.027290627156473398,0.027647511111993643,0.026610395790309764,0.019593074559173945,0.011403708562351072,0.014370165822081019,0.015046688888006357,0.015810950945194597,0.017717663923749013,0.013038655067513899,0.00974577788721207,0.010980027450357427,0.011359298101667992,0.012506791739475772,0.016495170262112783
Food ,0.009055594622716441,0.014480586069896745,0.006536849955520253,0.007229895067513899,0.00835942396664019,0.010274151404289118,0.011756234811755363,0.00931897480381255,0.010392591485305799,0.0109816861096108,0.01143205040826052,0.011460442200158853,0.016431757375694987,0.010059028330420968,0.008407480889594919,0.0088853603923749,0.00898848471008737,0.011069533043685461,0.012072781202541698,0.009295873896743448,0.011998744336775218,0.01115468399364575,0.01079813117077045,0.011796246927720407,0.010506163504368544,0.005929651896743446,0.0011334234312946774,0.007231655053216838,0.00918059979984114,0.01028989925019857,0.005062545166004766,0.016081043383637805,0.010900554698967436,0.012620704880063541,0.017032077100873715,0.0182048449197776,0.017012733760127092,0.01287790937410643,0.009126347710881652,0.01155670794757744,0.011403028020651311,0.010325909998411436,0.012897058999205718,0.008645501866560764,0.007578081258141381,0.009414108289118345,0.008098751496425735,0.008738977569499602,0.011394045007148529
Soda ,0.009144843741064335,0.006536849955520253,0.051027797011914226,0.007703537640984909,0.009259056455917392,0.008805931426528994,0.008792955803018268,0.007603212649722,0.007827273423351867,0.009316728486100078,0.010220818084193804,0.009328829777601272,0.01266692796822875,0.0071693850007942825,0.006414473709293088,0.00949502322319301,0.007348029523431294,0.008049175134233515,0.010121092548054014,0.004638293575853853,0.009451120127084985,0.008075387002382842,0.009119760292295474,0.009046335467831613,0.007086445023034153,0.004538330187450359,0.0061569970611596485,0.007175495015091343,0.00791668377760127,0.010543958389197774,0.0047460886004765685,0.011983330754567114,0.0085432403669579,0.009640629569499605,0.012575770730738681,0.013338390959491658,0.012196051110405082,0.010097204999205718,0.007595536915011914,0.009782569215250201,0.008735274508339951,0.008423998297061159,0.010557609436060367,0.006427691413820492,0.006464423040508339,0.007919767142176331,0.0076876340889594896,0.006731204289118349,0.007631945042096902
Beer ,0.00981662447180302,0.007229895067513899,0.007703537640984909,0.033169272875297855,0.007479974876886416,0.007808608252581412,0.010005786767275614,0.006735042549642575,0.007888271644162033,0.009839480111199367,0.00985595285146942,0.010004561739475774,0.01357487326449563,0.007916692978554407,0.007155246767275615,0.006362546473391579,0.0074050212787926915,0.0078109026290706885,0.010393480738681491,0.005908969992057186,0.009795759078633835,0.008906675345512309,0.008026577410643367,0.009574739054805404,0.00657939696584591,0.004900412382843529,0.0057102438284352686,0.006908517394757745,0.0018314191739475757,0.009322025210484511,0.004690806306592533,0.013035188610007943,0.009700514543288324,0.010519046783161236,0.01462158615567911,0.014577554432088958,0.01473598756155679,0.010080927347100876,0.007794457855440825,0.007346745250198569,0.009265808872120732,0.009332473613979347,0.01116870271644162,0.007400812160444796,0.0061276714535345505,0.008199426370135028,0.00710418818903892,0.0071898266560762505,0.009119551739475774
Smoke,0.011903894892772042,0.00835942396664019,0.009259056455917392,0.007479974876886416,0.09347435980778394,0.009208826231930102,0.01215770423828435,0.008170169091342333,0.008917983256552822,0.009873871520254167,0.01309526825099285,0.01083527470214456,0.01599261749960286,0.01130585944082605,0.008022931119936457,0.008091662301826844,0.008111191683876091,0.008421102314535344,0.00997998074503574,0.006770036292295472,0.009845237490071483,0.008744105540905477,0.010645839942811755,0.011627986778395553,0.008316860781572675,0.00763866133915806,0.0066134680063542495,0.0076654592088959495,0.008669909003971403,0.012364445410643368,0.0073944380841938035,0.011342358999205717,0.01096452411596505,0.009928154907069098,0.011084186171564736,0.012703799505957108,0.010294524533756946,0.009534407667990467,0.01001022066401906,0.012828653313741068,0.009560469520254172,0.008992103269261318,0.01158092330420969,0.006404965949166006,0.008097814907069102,0.010114150239872916,0.006086798632247816,0.007008796219221602,0.010082168806989674
Toys ,0.015101921437648928,0.010274151404289118,0.008805931426528994,0.007808608252581412,0.009208826231930102,0.042676494632247805,0.022617303774424148,0.015659130231930107,0.01652065108816521,0.018861003421763303,0.017993349941223195,0.022393826266878466,0.03051505542811755,0.015413240613185065,0.014334653280381256,0.014345843928514694,0.015125530540111199,0.01827264239714059,0.019607606819698174,0.015995393394757747,0.02150954811755361,0.020027699072279585,0.016727205477362984,0.01684926131691819,0.013814535208895952,0.006894962940428909,0.007921789245432881,0.012045458243050035,0.012914201185067508,0.014169345706115964,0.0030496313550436843,0.03371470733915806,0.017281839709293093,0.024056206922954727,0.03684665036536934,0.038795109996822875,0.03657336546147736,0.026269307845909445,0.013688098992851472,0.01796906177442415,0.017842568198570292,0.01992293044638602,0.02261081356632248,0.015310109094519459,0.010659718042891184,0.011789056476568706,0.013449612093725175,0.01639368327243844,0.020282546287529783
Fun  ,0.018302614884829226,0.011756234811755363,0.008792955803018268,0.010005786767275614,0.01215770423828435,0.022617303774424148,0.04063824977918983,0.01728650498173153,0.017804688038125495,0.019355101992057186,0.02060710044162033,0.024752297013502775,0.03588636831135821,0.01669461155837966,0.015673529308975375,0.015189954119142176,0.01654256935663224,0.019703087170770447,0.021608821791898332,0.01736487604765687,0.022785473709293087,0.022469588873709288,0.019071789274027005,0.01835254998252581,0.014500355685464653,0.00859318418745036,0.007911717807783951,0.011233681753772833,0.012402868746624303,0.01583102003494837,0.004890312133439238,0.03824166919777601,0.019117572743447175,0.026369629877680694,0.04045178425734709,0.04308534665289913,0.03999600045750595,0.028742989029388405,0.015660295339158057,0.02018023946306593,0.020546073274027004,0.021360256451151707,0.024441091691818902,0.016581430865766477,0.011920909305798252,0.013929584292295471,0.015280823571088162,0.018074810420969027,0.023403523825258146
Books,0.011795394781572677,0.00931897480381255,0.007603212649722,0.006735042549642575,0.008170169091342333,0.015659130231930107,0.01728650498173153,0.027361630454328833,0.013843772390786336,0.015078298417791895,0.015784754230341543,0.016748489507545667,0.02476989968546466,0.012969729795075454,0.011910234281175533,0.012320684802223989,0.012702910349483716,0.015459420681493249,0.01622549341223193,0.012711792505162824,0.017444547355043683,0.01642332464813344,0.014568779965051633,0.012971292182684672,0.011893233127879268,0.00782041385385226,-0.0008269048292295488,0.008875028695790307,0.012666637277204134,0.012114935030976963,0.004978266398729149,0.026808036902303423,0.015593168398729151,0.019179263189833196,0.028054696386020646,0.030380802784749795,0.02877523189515488,0.020934471515488478,0.012302361868149323,0.015973644538522635,0.015517493806195394,0.015548038214455918,0.01846112644956314,0.012002246235107226,0.009966356231930101,0.011333457366163622,0.011120013158061956,0.013736921111993644,0.016932518392374897
Hshld,0.01388969471008737,0.010392591485305799,0.007827273423351867,0.007888271644162033,0.008917983256552822,0.01652065108816521,0.017804688038125495,0.013843772390786336,0.023181442478157264,0.015326099857029388,0.015901451818903893,0.01816279113582208,0.025389971024622718,0.01432095990468626,0.012311703478951549,0.013615454868943605,0.013841884892772039,0.016558223447180304,0.01814277820492454,0.014939525718824466,0.01840302176330421,0.017434287561556794,0.015333731564733919,0.014658449372517868,0.014011695694996027,0.007135781509134232,0.007169297696584588,0.012607580905480538,0.012368490738681494,0.014221368641779192,0.005571027768069897,0.02708983774424146,0.015384523526608416,0.02010816924543288,0.029375108880063536,0.030494931501191418,0.029213502843526605,0.021319040095313737,0.013274374773629862,0.017257483272438447,0.016871770548054013,0.016426902144559174,0.019339136425734708,0.013207793232724382,0.01049297248610008,0.012234215758538522,0.011742943256552816,0.013931248864177919,0.016910400667196183
Clths,0.013062445162827644,0.0109816861096108,0.009316728486100078,0.009839480111199367,0.009873871520254167,0.018861003421763303,0.019355101992057186,0.015078298417791895,0.015326099857029388,0.03329486398093725,0.01667350762827641,0.01775300868943606,0.025634063237490064,0.01505804391421763,0.01284810119142176,0.014178918795869739,0.014523539332803813,0.017134687158061955,0.01897341395075457,0.01337083365845909,0.018917660873709295,0.017841024057188248,0.016776785023034157,0.016774379771247024,0.014266684822875303,0.007578697496425736,0.004358122827640989,0.013496126411437648,0.013403613731532964,0.013746603888800635,0.005107905722001591,0.027944825861795076,0.016420461855440827,0.020526388899126283,0.028776051993645756,0.031009964768864168,0.028806881861795072,0.020710366999205716,0.013686190856235106,0.017978754309769657,0.018660861150119144,0.017441002007942817,0.022452199777601267,0.013861012660841937,0.010613860384432084,0.012837602459094516,0.013573466563939637,0.01470749003971406,0.01846772303733121
Hlth ,0.01591231796664019,0.01143205040826052,0.010220818084193804,0.00985595285146942,0.01309526825099285,0.017993349941223195,0.02060710044162033,0.015784754230341543,0.015901451818903893,0.01667350762827641,0.033065217321683875,0.02145344387609214,0.03210952275774423,0.01477946228435266,0.01333042198570294,0.014175369378872121,0.014202759078633838,0.017657656413026215,0.01888836118189039,0.015387405712470211,0.019642872438443208,0.019515466446386017,0.01587043743288324,0.01745845155202541,0.01440470422875298,0.0076317594090548075,0.004014847053216839,0.010410107723590151,0.01613435979030977,0.017179785569499607,0.005861717718824463,0.02936971138999206,0.018224733083399523,0.022874899196187452,0.03176704746624305,0.03397968442255759,0.03152399870373312,0.024256597000794283,0.013987229909451943,0.01678333416362192,0.01766347003653693,0.01831502314217633,0.02111688,0.014699969499602863,0.011763888171564735,0.014246544934074663,0.013134933254964256,0.014667103320095312,0.0199145397045274
MedEq,0.018156563471008733,0.011460442200158853,0.009328829777601272,0.010004561739475774,0.01083527470214456,0.022393826266878466,0.024752297013502775,0.016748489507545667,0.01816279113582208,0.01775300868943606,0.02145344387609214,0.032434020007942814,0.04038459037331216,0.016110867180301826,0.015793476505162822,0.014635647760127086,0.015924480532168387,0.019477461803018264,0.02125927482922954,0.01783097323272438,0.024127774360603652,0.02362362301826847,0.018109212613185065,0.017779316179507548,0.015285434741858618,0.009033337148530577,0.006709343653693406,0.011627945416997614,0.015563698474980141,0.017348100889594917,0.004115047799841144,0.036779147243844325,0.019425108697378873,0.027152187021445586,0.0424583330341541,0.044406332509928516,0.042483150452740266,0.031018171318506746,0.014629400190627482,0.019189636370135026,0.018473450079428112,0.022129624972200154,0.023482348117553606,0.015624480881652103,0.01141416330420969,0.013251668975377282,0.014264449380460682,0.017319382430500393,0.023150083081810952
Drugs,0.025002509833200955,0.016431757375694987,0.01266692796822875,0.01357487326449563,0.01599261749960286,0.03051505542811755,0.03588636831135821,0.02476989968546466,0.025389971024622718,0.025634063237490064,0.03210952275774423,0.04038459037331216,0.07478561058617952,0.023351185118347884,0.02135599234312947,0.019669566443208896,0.022059864463860206,0.028777532911834783,0.02983888244003177,0.024590335415409052,0.034766710722795864,0.03618724684988085,0.02421296180460683,0.025226206239872918,0.020880264889594918,0.007888182957903094,0.006586820524225578,0.015120216216044478,0.02308893819221604,0.024734610363780777,0.007827877960285941,0.056933929594916596,0.026289210046068313,0.04045300494996028,0.06433097798252582,0.06732620027958697,0.06597607993010325,0.048775429369340734,0.020546064578236694,0.0280085072025417,0.027123893426528992,0.03156420081334393,0.033296760953137404,0.021721392629070694,0.016079181820492453,0.01980981290548053,0.020750768794281175,0.02577938398729151,0.034271952019062746
Chems,0.012501107656870531,0.010059028330420968,0.0071693850007942825,0.007916692978554407,0.01130585944082605,0.015413240613185065,0.01669461155837966,0.012969729795075454,0.01432095990468626,0.01505804391421763,0.01477946228435266,0.016110867180301826,0.023351185118347884,0.023030183631453528,0.01188160413026211,0.013172102268467033,0.013444401318506747,0.015272674970611598,0.018924825699761713,0.012916447167593331,0.018284883335980936,0.016730766189038918,0.015718351974583,0.015561679799841143,0.013424017194598887,0.007371049763304209,0.0036586999523431285,0.012280946694201747,0.010529826014297061,0.016492518430500397,0.006934815961874503,0.0233448426370135,0.014743745483717234,0.01803664544559174,0.02569625926926131,0.025968744111199364,0.026316091577442417,0.019363325296266876,0.01518961889753773,0.01832791221922161,0.01674777411596505,0.015161681645750592,0.01812169553613979,0.012036993026211279,0.0099913771056394,0.012528209931691821,0.010609824778395551,0.013020636378077838,0.01623140338046068
Rubbr,0.012408461127879265,0.008407480889594919,0.006414473709293088,0.007155246767275615,0.008022931119936457,0.014334653280381256,0.015673529308975375,0.011910234281175533,0.012311703478951549,0.01284810119142176,0.01333042198570294,0.015793476505162822,0.02135599234312947,0.01188160413026211,0.023685780524225576,0.009876516791104052,0.011369004733915805,0.013611150500397138,0.015089626179507544,0.011691589324861001,0.015633348276409845,0.014835129626687846,0.012387975440826052,0.011970909293089756,0.011329056171564733,0.006692290198570293,0.004227739348689436,0.008708871803018266,0.007213834408260524,0.011435862366957905,0.0039044682128673547,0.02223805267672756,0.01328010691024623,0.01694040447974583,0.024560050961080226,0.025401580270055596,0.024290853312152496,0.018321210643367752,0.010547202795869738,0.014467547037331212,0.01391930621127879,0.013969223828435262,0.01582424949960286,0.011245952216044477,0.008454536235107227,0.00967449045274027,0.01035010293884035,0.011159776393963462,0.014184088927720417
Txtls,0.011749664773629863,0.0088853603923749,0.00949502322319301,0.006362546473391579,0.008091662301826844,0.014345843928514694,0.015189954119142176,0.012320684802223989,0.013615454868943605,0.014178918795869739,0.014175369378872121,0.014635647760127086,0.019669566443208896,0.013172102268467033,0.009876516791104052,0.03756017725019857,0.013417836957903098,0.015347469431294676,0.01730153362827641,0.01173718170929309,0.01634499507545671,0.015377107701350283,0.014570637178713266,0.015406659312152496,0.012927105197776014,0.005410293841143764,0.003178314805401112,0.010341956969023037,0.012992973626687847,0.013906219834789514,0.005965466392374901,0.020899088339952347,0.0140591662446386,0.016332393731532956,0.023078130667196186,0.02353058031612391,0.022723076845115164,0.017648372211278785,0.01266681929785544,0.01582299148689436,0.014683768360603653,0.014247689766481334,0.016310147132644955,0.011556644297061158,0.009081870252581413,0.0108692111771247,0.011425234184273231,0.012143992184273233,0.013770905804606833
BldMt,0.012439929316918188,0.00898848471008737,0.007348029523431294,0.0074050212787926915,0.008111191683876091,0.015125530540111199,0.01654256935663224,0.012702910349483716,0.013841884892772039,0.014523539332803813,0.014202759078633838,0.015924480532168387,0.022059864463860206,0.013444401318506747,0.011369004733915805,0.013417836957903098,0.018535510397140586,0.015451908919777598,0.017403421675933284,0.012836987466243049,0.01792926605242256,0.01653306654487689,0.015187561461477369,0.01503294661636219,0.013064575965051624,0.00837548218427323,0.0014562471961874497,0.010270843685464654,0.009128123733121525,0.013839751532962666,0.004994637791898332,0.024325092311358223,0.01428018694996029,0.018139960746624304,0.026430638451151702,0.027201735115170766,0.026859289706115966,0.019815499642573467,0.012571936616362194,0.0163741289833201,0.01552641868943606,0.015270588816521047,0.017702035996822876,0.01198241149324861,0.009607427768069896,0.01140805016679905,0.011377987299444002,0.013044633677521839,0.016258583923749
Cnstr,0.014129806632247817,0.011069533043685461,0.008049175134233515,0.0078109026290706885,0.008421102314535344,0.01827264239714059,0.019703087170770447,0.015459420681493249,0.016558223447180304,0.017134687158061955,0.017657656413026215,0.019477461803018264,0.028777532911834783,0.015272674970611598,0.013611150500397138,0.015347469431294676,0.015451908919777598,0.033701995315329615,0.019823830098490865,0.016125028241461475,0.020890982144559173,0.019965433382049248,0.017283317318506748,0.01641816699126291,0.0153009538141382,0.00845190616203336,0.004296394837172358,0.013148950875297853,0.014768198592533756,0.01647309448451152,0.0059322335218427325,0.0300235031771247,0.017236337733121523,0.02177107002700556,0.03275789082605242,0.033375236182684676,0.03317121576171564,0.024442136220810165,0.01415835559015091,0.018201430679904682,0.018776006892772038,0.017784667615567906,0.02137418163621922,0.01393043339952343,0.010945787532962669,0.013084161855440826,0.012811418692613182,0.016213185607625098,0.019930908581413817
Steel,0.016727639547259737,0.012072781202541698,0.010121092548054014,0.010393480738681491,0.00997998074503574,0.019607606819698174,0.021608821791898332,0.01622549341223193,0.01814277820492454,0.01897341395075457,0.01888836118189039,0.02125927482922954,0.02983888244003177,0.018924825699761713,0.015089626179507544,0.01730153362827641,0.017403421675933284,0.019823830098490865,0.0314622611898332,0.016543637023034154,0.02340944711675933,0.021142044158856232,0.019649890554408255,0.01920210868467037,0.017916587548848294,0.009672974254169976,0.007420529420174741,0.015783858827640985,0.01537701505639396,0.020277391876092135,0.006920229029388402,0.03248803035742652,0.018545541304209694,0.02381822953772835,0.03504100545671169,0.03573661653534552,0.03617370661477363,0.025836675086576652,0.016662900346306592,0.021801172074662423,0.020618939925337573,0.01991308388880064,0.02250026125496425,0.015822219674344724,0.012207413286735504,0.014606477038919775,0.014863463826846706,0.016787020015885622,0.020699971062748207
FabPr,0.012386638808578236,0.009295873896743448,0.004638293575853853,0.005908969992057186,0.006770036292295472,0.015995393394757747,0.01736487604765687,0.012711792505162824,0.014939525718824466,0.01337083365845909,0.015387405712470211,0.01783097323272438,0.024590335415409052,0.012916447167593331,0.011691589324861001,0.01173718170929309,0.012836987466243049,0.016125028241461475,0.016543637023034154,0.04156607003018268,0.018527771437648922,0.01738273126608419,0.013776068969023034,0.014851235199364574,0.013350007034154092,0.010570281369340743,0.006126105321683875,0.01090882206195393,0.01601440138522637,0.013701117655281968,0.004052219342335186,0.025729010611596503,0.015154875955520253,0.0187304703669579,0.028416383876092136,0.028965751844320882,0.02938597626052423,0.02125793464336775,0.011625245451945985,0.015354881070691028,0.014939068279586971,0.01589985380778396,0.01773731580619539,0.011804578570293883,0.0091519322573471,0.010685014589356629,0.011518266919777602,0.012526539793486892,0.01613875545035742
Mach ,0.016328158284352662,0.011998744336775218,0.009451120127084985,0.009795759078633835,0.009845237490071483,0.02150954811755361,0.022785473709293087,0.017444547355043683,0.01840302176330421,0.018917660873709295,0.019642872438443208,0.024127774360603652,0.034766710722795864,0.018284883335980936,0.015633348276409845,0.01634499507545671,0.01792926605242256,0.020890982144559173,0.02340944711675933,0.018527771437648922,0.030831922351072273,0.024622371374106427,0.019106218141382057,0.018875380841938048,0.018463779030976964,0.010034366354249404,0.005233988625893566,0.013267096775218428,0.016441692390786338,0.020209845750595708,0.006267417760127084,0.03760464390786338,0.019877029515488483,0.026699184972200155,0.04337962951548848,0.04330958888006354,0.04656444247815726,0.03260076495631454,0.016328106147736304,0.02363395367752184,0.020898802446386023,0.0218699712152502,0.02389390112787927,0.015909839428117547,0.012309711135822075,0.014681877807783954,0.015271641397934868,0.018672354948371724,0.02254961366163622
ElcEq,0.015895883637807785,0.01115468399364575,0.008075387002382842,0.008906675345512309,0.008744105540905477,0.020027699072279585,0.022469588873709288,0.01642332464813344,0.017434287561556794,0.017841024057188248,0.019515466446386017,0.02362362301826847,0.03618724684988085,0.016730766189038918,0.014835129626687846,0.015377107701350283,0.01653306654487689,0.019965433382049248,0.021142044158856232,0.01738273126608419,0.024622371374106427,0.03343389788085782,0.01741499241938046,0.016978739974583,0.016881265995234315,0.009342188444797457,0.003591341159650517,0.012234967536139792,0.015691770509928517,0.01757448989992057,0.005531816946783162,0.03672809407466244,0.017970843053216837,0.02560703826528991,0.04185784687847497,0.041954489972994446,0.04395826158538523,0.03126572097537727,0.014827110525814136,0.019502544752978548,0.019046602964257347,0.02063271611755361,0.02258509477362987,0.014850025877680702,0.011012943968228753,0.013566395984114374,0.014118625731532967,0.01776535450357426,0.021842487193010317
Autos,0.014152234789515487,0.01079813117077045,0.009119760292295474,0.008026577410643367,0.010645839942811755,0.016727205477362984,0.019071789274027005,0.014568779965051633,0.015333731564733919,0.016776785023034157,0.01587043743288324,0.018109212613185065,0.02421296180460683,0.015718351974583,0.012387975440826052,0.014570637178713266,0.015187561461477369,0.017283317318506748,0.019649890554408255,0.013776068969023034,0.019106218141382057,0.01741499241938046,0.02607994767911041,0.017881478589356632,0.014559651266084193,0.007451642077839552,0.004498079682287526,0.012922122942017469,0.00989595772517871,0.013753511955520256,0.006194484517871326,0.026915292359015085,0.016719982328832407,0.020044225868149326,0.02823452193804607,0.02931155454169977,0.028824579259729942,0.02112916379984115,0.014831492181096109,0.01902901273391581,0.01901590155361398,0.016475512038125494,0.020500993391580614,0.013604152088959492,0.01083196575694996,0.013008610986497221,0.012305045026211275,0.014561896521048452,0.017674190220810168
Aero ,0.015522036862589357,0.011796246927720407,0.009046335467831613,0.009574739054805404,0.011627986778395553,0.01684926131691819,0.01835254998252581,0.012971292182684672,0.014658449372517868,0.016774379771247024,0.01745845155202541,0.017779316179507548,0.025226206239872918,0.015561679799841143,0.011970909293089756,0.015406659312152496,0.01503294661636219,0.01641816699126291,0.01920210868467037,0.014851235199364574,0.018875380841938048,0.016978739974583,0.017881478589356632,0.05601138587926926,0.016342444330420966,0.008819036916600477,0.0037957043526608398,0.013960375307386813,0.010916708806989675,0.016142822713264497,0.005607421035742653,0.025135086560762507,0.01683723649404289,0.01954391320413026,0.025593327601270848,0.02739836665131057,0.026203697032565525,0.019707650803812548,0.015748411316918186,0.01839211673232725,0.019509063525019854,0.0163051605782367,0.02053457108816521,0.014292011080222392,0.011500056222398731,0.013585877502779986,0.011840078374900713,0.013942392692613183,0.01810126791421764
Ships,0.013015272009531374,0.010506163504368544,0.007086445023034153,0.00657939696584591,0.008316860781572675,0.013814535208895952,0.014500355685464653,0.011893233127879268,0.014011695694996027,0.014266684822875303,0.01440470422875298,0.015285434741858618,0.020880264889594918,0.013424017194598887,0.011329056171564733,0.012927105197776014,0.013064575965051624,0.0153009538141382,0.017916587548848294,0.013350007034154092,0.018463779030976964,0.016881265995234315,0.014559651266084193,0.016342444330420966,0.04361307621286736,0.010603300355837966,0.010060884384432088,0.012361267507545667,0.016254221070691025,0.019837509623510715,0.006923108994440033,0.022713145480540115,0.01450059932962669,0.017466795412231933,0.02611530689436061,0.02636219441143764,0.0274530064050834,0.01977335978713265,0.013126960133439239,0.01640206868625893,0.015356276972200157,0.01499231244479746,0.01705050853057983,0.011710815869737885,0.010424055205718824,0.0119040016330421,0.01165436038443209,0.012835763177124699,0.0156305147132645
Guns ,0.008909077625099286,0.005929651896743446,0.004538330187450359,0.004900412382843529,0.00763866133915806,0.006894962940428909,0.00859318418745036,0.00782041385385226,0.007135781509134232,0.007578697496425736,0.0076317594090548075,0.009033337148530577,0.007888182957903094,0.007371049763304209,0.006692290198570293,0.005410293841143764,0.00837548218427323,0.00845190616203336,0.009672974254169976,0.010570281369340743,0.010034366354249404,0.009342188444797457,0.007451642077839552,0.008819036916600477,0.010603300355837966,0.08255155337728357,0.007022651199364574,0.008220090014297063,0.012430030732327246,0.010725513903097693,0.004009780584590945,0.013118067116759332,0.008020373370929309,0.009794327018268463,0.014352341485305797,0.013649044865766482,0.014855501251787131,0.01149040099920572,0.007744979342335183,0.00837427772359015,0.00639730402065131,0.008512745442414616,0.009578065353455123,0.0029989872200158856,0.007186110386020652,0.006765735555202544,0.004702129996822874,0.0065232247815726774,0.009923130243050037
Gold ,0.011219675504368545,0.0011334234312946774,0.0061569970611596485,0.0057102438284352686,0.0066134680063542495,0.007921789245432881,0.007911717807783951,-0.0008269048292295488,0.007169297696584588,0.004358122827640989,0.004014847053216839,0.006709343653693406,0.006586820524225578,0.0036586999523431285,0.004227739348689436,0.003178314805401112,0.0014562471961874497,0.004296394837172358,0.007420529420174741,0.006126105321683875,0.005233988625893566,0.003591341159650517,0.004498079682287526,0.0037957043526608398,0.010060884384432088,0.007022651199364574,0.28639488575059574,0.02591042093725179,-0.003379591548848295,0.018972552025417,-0.0011376858141382046,0.006894227164416204,0.004903584289118346,0.0070436675456711645,0.012221171898332007,0.011506676393963461,0.009667938300238285,0.007062602017474187,0.00119713054805401,0.0026230167593328034,0.0022576516759332814,0.006346222907069104,0.003432755075456709,0.0036066434154090553,0.000978648260524225,-0.0007632695472597307,0.008556781207307388,0.0019936994122319303,0.004457099380460682
Mines,0.012929099189833202,0.007231655053216838,0.007175495015091343,0.006908517394757745,0.0076654592088959495,0.012045458243050035,0.011233681753772833,0.008875028695790307,0.012607580905480538,0.013496126411437648,0.010410107723590151,0.011627945416997614,0.015120216216044478,0.012280946694201747,0.008708871803018266,0.010341956969023037,0.010270843685464654,0.013148950875297853,0.015783858827640985,0.01090882206195393,0.013267096775218428,0.012234967536139792,0.012922122942017469,0.013960375307386813,0.012361267507545667,0.008220090014297063,0.02591042093725179,0.06450681864336776,0.0037487413248609995,0.012171888050833994,0.004154951536139794,0.017809674440031772,0.010244928273232722,0.013168984641779189,0.01934451456711676,0.018861129105639397,0.019525885801429707,0.014460254481334393,0.011285525788721208,0.015515293324860999,0.013110190157267675,0.011865569029388397,0.014488083812549643,0.00849267221604448,0.008433253235901512,0.009916480934074661,0.009776429026211281,0.010739851247021447,0.012095045642573469
Coal ,0.010698694598888007,0.00918059979984114,0.00791668377760127,0.0018314191739475757,0.008669909003971403,0.012914201185067508,0.012402868746624303,0.012666637277204134,0.012368490738681494,0.013403613731532964,0.01613435979030977,0.015563698474980141,0.02308893819221604,0.010529826014297061,0.007213834408260524,0.012992973626687847,0.009128123733121525,0.014768198592533756,0.01537701505639396,0.01601440138522637,0.016441692390786338,0.015691770509928517,0.00989595772517871,0.010916708806989675,0.016254221070691025,0.012430030732327246,-0.003379591548848295,0.0037487413248609995,0.17581285178077838,0.020541657779189825,0.008095473626687848,0.023456975027799837,0.014600003942811756,0.017022310227164415,0.024699694027005555,0.027560640600476576,0.02641534158538522,0.016814209744241464,0.010288504012708496,0.012452830027005554,0.01267111587926926,0.013287864362192217,0.01775546192216044,0.012698648721207309,0.008909138154090546,0.0112079674217633,0.010661205493248609,0.011371944400317715,0.016948839917394754
Oil  ,0.013885270198570292,0.01028989925019857,0.010543958389197774,0.009322025210484511,0.012364445410643368,0.014169345706115964,0.01583102003494837,0.012114935030976963,0.014221368641779192,0.013746603888800635,0.017179785569499607,0.017348100889594917,0.024734610363780777,0.016492518430500397,0.011435862366957905,0.013906219834789514,0.013839751532962666,0.01647309448451152,0.020277391876092135,0.013701117655281968,0.020209845750595708,0.01757448989992057,0.013753511955520256,0.016142822713264497,0.019837509623510715,0.010725513903097693,0.018972552025417,0.012171888050833994,0.020541657779189825,0.05006044448610009,0.010657389096108022,0.020352369213661632,0.015148396590945195,0.018113231161239075,0.02321753958697379,0.02393160604606831,0.024209772829229544,0.019523593070691028,0.013745892727561555,0.017427379911040507,0.016401527405877674,0.015891216063542494,0.01571270230341541,0.01196063842732327,0.009909347158061951,0.011922113525019859,0.012191630891183478,0.011544425893566324,0.016306502583002383
Util ,0.005282230961080222,0.005062545166004766,0.0047460886004765685,0.004690806306592533,0.0073944380841938035,0.0030496313550436843,0.004890312133439238,0.004978266398729149,0.005571027768069897,0.005107905722001591,0.005861717718824463,0.004115047799841144,0.007827877960285941,0.006934815961874503,0.0039044682128673547,0.005965466392374901,0.004994637791898332,0.0059322335218427325,0.006920229029388402,0.004052219342335186,0.006267417760127084,0.005531816946783162,0.006194484517871326,0.005607421035742653,0.006923108994440033,0.004009780584590945,-0.0011376858141382046,0.004154951536139794,0.008095473626687848,0.010657389096108022,0.012521969569499605,0.005931778681493248,0.006019090748212867,0.00543612041938046,0.005522197760127084,0.0059215464241461485,0.006605644327243844,0.005707037683876093,0.006103355755361397,0.007519610430500398,0.006365182490865765,0.004590863968228752,0.0062761792851469414,0.004092253105639397,0.004462069331215251,0.006653011907863382,0.0036003436282764103,0.004234473391580619,0.005118243469420174
Telcm,0.024861193820492452,0.016081043383637805,0.011983330754567114,0.013035188610007943,0.011342358999205717,0.03371470733915806,0.03824166919777601,0.026808036902303423,0.02708983774424146,0.027944825861795076,0.02936971138999206,0.036779147243844325,0.056933929594916596,0.0233448426370135,0.02223805267672756,0.020899088339952347,0.024325092311358223,0.0300235031771247,0.03248803035742652,0.025729010611596503,0.03760464390786338,0.03672809407466244,0.026915292359015085,0.025135086560762507,0.022713145480540115,0.013118067116759332,0.006894227164416204,0.017809674440031772,0.023456975027799837,0.020352369213661632,0.005931778681493248,0.07739799901509134,0.02798838861000794,0.04276505442414616,0.07191094235107226,0.07522939807783954,0.07442242903891978,0.05022639166004766,0.02149987050039714,0.030105212311358227,0.02978592055599682,0.032877640635424935,0.0377186629706116,0.02285598495631453,0.017579762509928515,0.020246121334392377,0.020611361858617953,0.030171372454328826,0.03389669671167594
PerSv,0.014807789285146943,0.010900554698967436,0.0085432403669579,0.009700514543288324,0.01096452411596505,0.017281839709293093,0.019117572743447175,0.015593168398729151,0.015384523526608416,0.016420461855440827,0.018224733083399523,0.019425108697378873,0.026289210046068313,0.014743745483717234,0.01328010691024623,0.0140591662446386,0.01428018694996029,0.017236337733121523,0.018545541304209694,0.015154875955520253,0.019877029515488483,0.017970843053216837,0.016719982328832407,0.01683723649404289,0.01450059932962669,0.008020373370929309,0.004903584289118346,0.010244928273232722,0.014600003942811756,0.015148396590945195,0.006019090748212867,0.02798838861000794,0.02993857953772835,0.02126298377442415,0.030028102644956322,0.03264092711834789,0.030965859040508335,0.022312392792692606,0.013609234490865764,0.017869281698173152,0.018028087699761716,0.01748450912152502,0.021033800444797465,0.014141498339952343,0.011133030970611598,0.013081475621922158,0.012764510327243846,0.014763822811755364,0.01771369254328832
BusSv,0.019036800428911833,0.012620704880063541,0.009640629569499605,0.010519046783161236,0.009928154907069098,0.024056206922954727,0.026369629877680694,0.019179263189833196,0.02010816924543288,0.020526388899126283,0.022874899196187452,0.027152187021445586,0.04045300494996028,0.01803664544559174,0.01694040447974583,0.016332393731532956,0.018139960746624304,0.02177107002700556,0.02381822953772835,0.0187304703669579,0.026699184972200155,0.02560703826528991,0.020044225868149326,0.01954391320413026,0.017466795412231933,0.009794327018268463,0.0070436675456711645,0.013168984641779189,0.017022310227164415,0.018113231161239075,0.00543612041938046,0.04276505442414616,0.02126298377442415,0.03323155933915806,0.0474009933121525,0.05014419115806195,0.04844529258776807,0.03374887889118348,0.01623071778872121,0.022286190795869736,0.021875810544876882,0.023848581235901507,0.026716703161239072,0.017185237220015886,0.013107840895949166,0.015336928413026208,0.0156789074725973,0.0201963460841938,0.024904578624305004
Hardw,0.027290627156473398,0.017032077100873715,0.012575770730738681,0.01462158615567911,0.011084186171564736,0.03684665036536934,0.04045178425734709,0.028054696386020646,0.029375108880063536,0.028776051993645756,0.03176704746624305,0.0424583330341541,0.06433097798252582,0.02569625926926131,0.024560050961080226,0.023078130667196186,0.026430638451151702,0.03275789082605242,0.03504100545671169,0.028416383876092136,0.04337962951548848,0.04185784687847497,0.02823452193804607,0.025593327601270848,0.02611530689436061,0.014352341485305797,0.012221171898332007,0.01934451456711676,0.024699694027005555,0.02321753958697379,0.005522197760127084,0.07191094235107226,0.030028102644956322,0.0474009933121525,0.0919476883161239,0.08578979327243846,0.08812951696584591,0.0583820318903892,0.02314111507545671,0.03325128998411438,0.030959250984908666,0.03735567434471803,0.03941701772835582,0.0247425990548054,0.017563877331215245,0.02038975075456712,0.022861556084193813,0.031970463447180304,0.03721251488482924
Softw,0.027647511111993643,0.0182048449197776,0.013338390959491658,0.014577554432088958,0.012703799505957108,0.038795109996822875,0.04308534665289913,0.030380802784749795,0.030494931501191418,0.031009964768864168,0.03397968442255759,0.044406332509928516,0.06732620027958697,0.025968744111199364,0.025401580270055596,0.02353058031612391,0.027201735115170766,0.033375236182684676,0.03573661653534552,0.028965751844320882,0.04330958888006354,0.041954489972994446,0.02931155454169977,0.02739836665131057,0.02636219441143764,0.013649044865766482,0.011506676393963461,0.018861129105639397,0.027560640600476576,0.02393160604606831,0.0059215464241461485,0.07522939807783954,0.03264092711834789,0.05014419115806195,0.08578979327243846,0.09356564559015092,0.08705160589992056,0.05831578715965051,0.023474404301826842,0.03447633873073868,0.032938768567116763,0.0390388010293884,0.0423962377124702,0.025837173050039713,0.01883946281810961,0.021767370287529786,0.02427035661477363,0.03300408470214456,0.03887845242891184
Chips,0.026610395790309764,0.017012733760127092,0.012196051110405082,0.01473598756155679,0.010294524533756946,0.03657336546147736,0.03999600045750595,0.02877523189515488,0.029213502843526605,0.028806881861795072,0.03152399870373312,0.042483150452740266,0.06597607993010325,0.026316091577442417,0.024290853312152496,0.022723076845115164,0.026859289706115966,0.03317121576171564,0.03617370661477363,0.02938597626052423,0.04656444247815726,0.04395826158538523,0.028824579259729942,0.026203697032565525,0.0274530064050834,0.014855501251787131,0.009667938300238285,0.019525885801429707,0.02641534158538522,0.024209772829229544,0.006605644327243844,0.07442242903891978,0.030965859040508335,0.04844529258776807,0.08812951696584591,0.08705160589992056,0.09901980651945988,0.06298914545194599,0.023111430671961874,0.03445114094678316,0.03203017613661636,0.037687497073868155,0.039888953613979344,0.02392441720413026,0.017675613254964258,0.020939854322478163,0.023048900959491657,0.033210204257347095,0.03681148340587768
LabEq,0.019593074559173945,0.01287790937410643,0.010097204999205718,0.010080927347100876,0.009534407667990467,0.026269307845909445,0.028742989029388405,0.020934471515488478,0.021319040095313737,0.020710366999205716,0.024256597000794283,0.031018171318506746,0.048775429369340734,0.019363325296266876,0.018321210643367752,0.017648372211278785,0.019815499642573467,0.024442136220810165,0.025836675086576652,0.02125793464336775,0.03260076495631454,0.03126572097537727,0.02112916379984115,0.019707650803812548,0.01977335978713265,0.01149040099920572,0.007062602017474187,0.014460254481334393,0.016814209744241464,0.019523593070691028,0.005707037683876093,0.05022639166004766,0.022312392792692606,0.03374887889118348,0.0583820318903892,0.05831578715965051,0.06298914545194599,0.050634023655281975,0.01685794167434472,0.0251059164305004,0.023004978330420967,0.026825975034154088,0.027942780142970615,0.01779655575059571,0.012876049931691813,0.01578493510405083,0.01695401335504369,0.022607219126290712,0.027139585753772833
