,Agric,Food ,Soda ,Beer ,Smoke,Toys ,Fun  ,Books,Hshld,Clths,Hlth ,MedEq,Drugs,Chems,Rubbr,Txtls,BldMt,Cnstr,Steel,FabPr,Mach ,ElcEq,Autos,Aero ,Ships,Guns ,Gold ,Mines,Coal ,Oil  ,Util ,Telcm,PerSv,BusSv,Hardw,Softw,Chips,LabEq,Paper,Boxes,Trans,Whlsl,Rtail,Meals,Banks,Insur,RlEst,Fin  ,Other
Agric,0.10830730690688181,0.007872014269197425,0.002691320423592551,0.007273864654439444,-0.007285675323232888,0.031840894959049515,0.04575140553103579,0.026910009837643727,0.02465788830910815,0.0205451573527288,0.027373752107421562,0.03915448223783824,0.05181055720725904,0.02011425874830084,0.029419458920401948,0.0104458403357692,0.02156528219142297,0.026239807623968433,0.03328144870210227,0.02801504257408886,0.0324470069889309,0.03671495399824156,0.0267236339668421,0.028351697383178477,0.019850685015698612,0.023230624297725943,0.0233181988155332,0.021603765595656937,0.022248972289390285,0.012795136588347947,0.0008621530873777769,0.07143120211594527,0.0361762913733617,0.04476446327706513,0.06589945658841914,0.07000006548300208,0.07060831983064718,0.05004904921311113,0.020020851310446872,0.021308964421640136,0.028852870067319555,0.03673759020344575,0.041884213479082354,0.02407786581703843,0.01321347978585734,0.013081459971476524,0.021902144149437305,0.03110474347628126,0.03402967667486484
Food ,0.007872014269197425,0.01588275693359237,-0.0016293791427007334,0.005019145116331455,0.0004701937988609426,0.011883005395419718,0.014250381624754413,0.011128930198378668,0.010246464320684932,0.009198270803005611,0.009279555130333777,0.013095805173135905,0.021949174029184722,0.011334672652425186,0.011676426693586279,0.006615798466159509,0.00986468698318379,0.012953555974808025,0.013987517541195699,0.012426382764981432,0.015126532589126346,0.013691736428491731,0.010528302113404274,0.005308127461692403,0.009646486849533911,0.0005041344031844104,-0.0018662847681004372,0.0010700617714167737,0.003148590430328908,0.004654542130358213,0.00392922426819081,0.025662156787417734,0.012923081567364523,0.015171703478860816,0.027573565797599224,0.02651645462726975,0.02845712349652589,0.019970984272662716,0.008397033713508245,0.010923126887264824,0.008542836744063035,0.012548448638267226,0.014704675831602235,0.008064745051115513,0.00597635979871846,0.009099993351867692,0.010543256973970227,0.012573858312890242,0.01304951728835245
Soda ,0.002691320423592551,-0.0016293791427007334,0.03312939636558415,0.007464614249375421,0.0021663355237937013,0.0029292541938253673,-0.002927099384012772,-0.001213285429664308,-0.0009980167559678192,-0.0006862823185558181,0.004140269865065269,-0.0007302745697152252,0.0004712665202792864,-0.0026880947729715316,-9.73983429421286e-05,0.004027598041843581,-0.0012494863680031748,-0.000633787495121875,-0.0003561482350101394,-0.008068560833739026,-0.0020991971331302253,-0.0015506092470069484,-0.00282909067286851,-0.0018388157168487376,-0.0022485167486081385,-0.019747244411910177,-0.0006813198101811534,0.0006703296487071611,-0.0006250988865644536,0.0058312005087993385,0.0058585628356794305,-0.003196762958446134,-0.0007304784507215755,-0.0012551231755560887,-0.004345897770625533,-0.0034150903398948297,-0.0020946812350748343,-0.0017396700772927727,-0.0018834132274375768,-0.0029993858216566735,-0.001881028367211764,0.0017376211963382171,-0.0016986497349044108,-0.0002873066147333384,0.0008883100940612718,0.0032903120439993863,0.0023361972889723117,-0.0015077472219542825,-0.004111540070790009
Beer ,0.007273864654439444,0.005019145116331455,0.007464614249375421,0.03041565814471789,0.0030608808626954157,0.007764334008041901,0.006453291426505344,0.0056552370300992595,0.006032022204903855,0.005151688875866125,0.010543891070174562,0.010297583851571071,0.01942119747201187,0.003966467552100764,0.004993215136614165,0.0042473563326884435,0.0051867381698714595,0.010155210865574436,0.007070273260956109,0.00655189874161387,0.010976546988008923,0.01005846940493952,0.0017704028255002367,0.004570172890756154,0.008675367798448439,-0.010950715575170954,-0.007283019740873657,-0.00014723569678770347,0.00741661982083962,0.006703966257296955,0.006783281460529007,0.017647275007894994,0.012326839646389462,0.011249524414575102,0.020523786578197048,0.019188017528523484,0.02714938322403797,0.015812125692582633,0.0022103252053980666,0.0002476931379484311,0.0037407078784601586,0.010238882151700863,0.01057764842723216,0.00640047649958006,0.003144971775473703,0.0075836572500587954,0.007052405017080314,0.010099219222924803,0.006755110382006761
Smoke,-0.007285675323232888,0.0004701937988609426,0.0021663355237937013,0.0030608808626954157,0.0965832209756096,-0.009086634294831334,0.003734376071607632,-0.002562374181447631,-0.005896826465708172,-0.0031735775340071847,-0.0003061994710369056,-0.004001367639943594,-0.0005088855820341014,0.008128941081897443,-0.0005273940430868296,-0.002927933871370405,-0.005855245843939279,-0.008165745118958947,-0.0032932313213915607,-0.007792229483391832,-0.00814968025233499,-0.005431826421240015,-0.0022263026304125758,-0.0009277649614889372,-0.010616720726238324,-0.01833537873937041,-0.01459603878080581,-0.0018919339476017097,0.004278585122870347,0.00788344738203353,0.00936310488328096,-0.017437843560589722,-0.0019624900781349828,-0.01056072964697711,-0.02206533485953052,-0.019941975192845466,-0.026539002618797665,-0.011954365764728237,-0.0019301220118706412,0.010081570413336061,-0.0020603648652669903,-0.006155011999782809,-0.00929891589657728,-0.007569197031299084,6.790499538473074e-05,0.0034114664118106894,-0.0011522516313285575,-0.008867740552917858,-0.005179599395449115
Toys ,0.031840894959049515,0.011883005395419718,0.0029292541938253673,0.007764334008041901,-0.009086634294831334,0.06988388401298275,0.049631080488042496,0.03590371966480625,0.02695832070493404,0.03184185108586783,0.02326150319494243,0.04574129034989215,0.05707901243287592,0.023847638063061626,0.031118710589617682,0.02360285569488553,0.029761806691772214,0.03473425844622105,0.0441968309241624,0.03302996617368056,0.041890752532880854,0.03851082381908776,0.03346565535632365,0.020389455942636518,0.024110604133535427,0.015904681919840215,0.01786938645198636,0.01902471999980966,0.0005182310196522039,0.006763986183156289,-0.010446373134643996,0.08752338208500715,0.03394196578895857,0.050587802029369904,0.08974404619301496,0.08999618998331213,0.08673068005081414,0.05741323576037543,0.022216537461011245,0.028022062530944185,0.029960705402324567,0.03976809079029031,0.045100846159529306,0.023541717247696388,0.014647700637421332,0.013211958082705432,0.02232885941029667,0.04170841822695126,0.04474985052381238
Fun  ,0.04575140553103579,0.014250381624754413,-0.002927099384012772,0.006453291426505344,0.003734376071607632,0.049631080488042496,0.08017336025317384,0.0365038930311379,0.028627776513188544,0.029568375314235184,0.03038214533220205,0.05406886733664608,0.07460250703264446,0.030314510575799293,0.03575697965955636,0.01957103868325986,0.030168248515324753,0.03683089579527886,0.04305928518321074,0.04313032468576131,0.04659091186957271,0.049900009903445834,0.03484540284709628,0.027323237993142683,0.021258111148003057,0.014320705793256047,0.03428131116122356,0.017307450850627296,0.007579681512096235,0.010258052808936787,-0.004255454147470125,0.09870551534804398,0.039845976497396095,0.05685600648199652,0.09985680670576702,0.10352423816305077,0.10037699215850218,0.07204739576489885,0.02387457854454212,0.03538086270260207,0.0342920201842026,0.045355149343829025,0.050768027400399256,0.027130101544775208,0.015849051173262657,0.017990384852496502,0.029430893909874325,0.04309192304058278,0.05325933741983359
Books,0.026910009837643727,0.011128930198378668,-0.001213285429664308,0.0056552370300992595,-0.002562374181447631,0.03590371966480625,0.0365038930311379,0.04904898354048789,0.025477570827742182,0.025227546600463075,0.0272965296385712,0.034515057904487605,0.05216225187053491,0.022726138633131592,0.028863441872892807,0.020040336026220917,0.026633094061770387,0.03199667408177663,0.03667695637091702,0.02871275614098267,0.03855071146212749,0.035142216830946635,0.026250193313536306,0.017350739235923642,0.02426900680035977,0.011528005933762003,-0.006036605496620143,0.0027507868029610764,0.021628778098717983,0.009213238777615405,-0.0005968270117286907,0.07357097415475326,0.03231456701254012,0.0433593730881013,0.07562138358987326,0.07804479711518161,0.07913614580570806,0.05309698379341584,0.018772848218833307,0.029242320637933028,0.027588144033286625,0.03167134556912493,0.03953816665648073,0.018941429536797047,0.014736202753423522,0.014704524507417834,0.022884015824494005,0.03648640663195819,0.03672825175715011
Hshld,0.02465788830910815,0.010246464320684932,-0.0009980167559678192,0.006032022204903855,-0.005896826465708172,0.02695832070493404,0.028627776513188544,0.025477570827742182,0.03286986473292378,0.019462728937843742,0.02217525108386831,0.028089405828586014,0.04274669397175446,0.01918982734901077,0.0202752672877292,0.014590859601396555,0.02162541577491308,0.026629017757465713,0.0297843543870501,0.027236740050866154,0.03186240441788728,0.028724712709804846,0.02060091721502516,0.01607858711739072,0.02027129435649505,0.009094728501672377,0.012721620727357,0.01196756010437216,0.013929294263772042,0.006563350675313547,0.0027759843120491886,0.060058328586440425,0.02692006264427403,0.03547993019114472,0.05915474533477265,0.06198908425069054,0.062370390420860934,0.0430479501437449,0.017232938034220418,0.023083146971528412,0.023372370880704357,0.025480244255560315,0.032693651016847965,0.01591989206552189,0.012634378774183871,0.01584155491426558,0.015241415869980677,0.030284032504805436,0.02904602489022164
Clths,0.0205451573527288,0.009198270803005611,-0.0006862823185558181,0.005151688875866125,-0.0031735775340071847,0.03184185108586783,0.029568375314235184,0.025227546600463075,0.019462728937843742,0.03278623524924315,0.015185635948100585,0.02610976035690571,0.03865533994561237,0.018588400368843738,0.022746784042341574,0.01690377088232027,0.021342869023825022,0.023118754018089663,0.02953009709758184,0.023131002844791814,0.029949206473465047,0.026632418104709933,0.022932009227951203,0.015288158019086513,0.019285055454468406,0.011851679115223314,0.0051981531042287876,0.01284733520471503,0.010484906751656193,0.0056750618427452845,-0.0015449959971083986,0.055462203971554054,0.023497321043805953,0.03272455929429054,0.05510172495337015,0.057383826148403407,0.05804361497952414,0.039253770301851135,0.01679805512930297,0.02407432665494566,0.023167889659172998,0.026396873646447185,0.03191070754025778,0.015922919093074406,0.010156953496104659,0.009502747340427498,0.017605112305265718,0.02712674864175113,0.028115710853967375
Hlth ,0.027373752107421562,0.009279555130333777,0.004140269865065269,0.010543891070174562,-0.0003061994710369056,0.02326150319494243,0.03038214533220205,0.0272965296385712,0.02217525108386831,0.015185635948100585,0.049947903326100225,0.03061317217394262,0.05465100753642501,0.01770603294615175,0.017603250054169645,0.012920848247114671,0.02074065935470787,0.02382570593946337,0.02703714039480108,0.026140061848517627,0.030001824391219668,0.03108171979530461,0.0178991600542448,0.022340063482771608,0.020896699574232805,-0.009422608762014553,-0.0023917156524046242,-0.0047787972308177065,0.02156141710223613,0.013516164922581491,0.0060393908521220105,0.05860761835470116,0.02869079180506524,0.039051843923277936,0.060138967549660916,0.06566497468577301,0.06295662778138074,0.04682719671180034,0.013561913116561936,0.014112095585719263,0.020111600664356983,0.02849487931640049,0.03146491183186057,0.018885146475088405,0.01276627009908163,0.018513524257301323,0.01628508409852533,0.028400333230832436,0.02967963427881751
MedEq,0.03915448223783824,0.013095805173135905,-0.0007302745697152252,0.010297583851571071,-0.004001367639943594,0.04574129034989215,0.05406886733664608,0.034515057904487605,0.028089405828586014,0.02610976035690571,0.03061317217394262,0.056738634164928414,0.07416577588535149,0.023484644267661545,0.031030145052721003,0.01789181347362344,0.02663720075714659,0.034516587535730676,0.041013514168371124,0.03956105275380798,0.04272483330607467,0.04246385484919218,0.030038053264427943,0.021016574675453346,0.020595413824810792,0.013539906772904025,0.023464834720785685,0.01406854357233473,0.008618286036144568,0.007361140121445543,-0.007130079236578585,0.0900327599670957,0.03739132203272144,0.053591907133440815,0.09463158287614425,0.09818667766849204,0.0955249545169135,0.06645705346425802,0.020041476083306035,0.026358622923038227,0.028452392976532768,0.042600065871274906,0.043922753132508895,0.024448425112529055,0.014067994733548611,0.015162427574577734,0.026308815673679455,0.040307778011079855,0.048399099528921914
Drugs,0.05181055720725904,0.021949174029184722,0.0004712665202792864,0.01942119747201187,-0.0005088855820341014,0.05707901243287592,0.07460250703264446,0.05216225187053491,0.04274669397175446,0.03865533994561237,0.05465100753642501,0.07416577588535149,0.14250957830844205,0.038372057900204835,0.040702460065497915,0.02265126208071373,0.040181873352481245,0.05694847416212981,0.05426748506800812,0.055216050221406285,0.06840488711275862,0.07142542054446961,0.034595937090690795,0.03472585188938336,0.03644614218035028,-0.004652649662119524,0.019461052243592552,0.01122653049093496,0.026405339736940744,0.022941421927873344,0.0032672629374357292,0.13303490611032406,0.05406414066010323,0.08047123031819128,0.14518038146270065,0.14978490466855307,0.15512197793476407,0.11004981578765473,0.028865476318059594,0.039271965317077204,0.04091545899464862,0.06228065078058156,0.06273452270741837,0.033280902550008824,0.02192111894498276,0.02961752565164923,0.03579198513447626,0.06108172906059377,0.06705083406738138
Chems,0.02011425874830084,0.011334672652425186,-0.0026880947729715316,0.003966467552100764,0.008128941081897443,0.023847638063061626,0.030314510575799293,0.022726138633131592,0.01918982734901077,0.018588400368843738,0.01770603294615175,0.023484644267661545,0.038372057900204835,0.03290715373752525,0.018402026562318898,0.012182792703168506,0.019878222805008824,0.02473468755790095,0.027752690704838316,0.021569455549718636,0.03005585788548307,0.027891525663235765,0.019458446636643846,0.015761305934622574,0.018966181076032994,0.0074381006711863,0.005046397768808593,0.011610917931602812,0.008131414164310652,0.012631495096709314,0.004567682974365224,0.047840349965704784,0.02236660767839931,0.02938145085782667,0.05126313817528508,0.05083890339160667,0.05504636083384274,0.038539103642990444,0.020485047160401657,0.02864126473949412,0.020465085541740778,0.02376218955170937,0.028626341102424253,0.01273433721897442,0.010973583483035997,0.014861922233906234,0.01438290378949678,0.02607340065952468,0.026787473727847257
Rubbr,0.029419458920401948,0.011676426693586279,-9.73983429421286e-05,0.004993215136614165,-0.0005273940430868296,0.031118710589617682,0.03575697965955636,0.028863441872892807,0.0202752672877292,0.022746784042341574,0.017603250054169645,0.031030145052721003,0.040702460065497915,0.018402026562318898,0.04605065576674552,0.015153637561263875,0.020041309687755953,0.025359040602605028,0.03328622441958606,0.026757477846907803,0.029695333599698944,0.028151321974852473,0.021396602014687082,0.011361596316589426,0.013519362918360702,0.004003187128678481,0.0010862124609151902,0.006556641784975132,0.001106018685403786,0.003253271198318971,-0.0017253851847661681,0.05804843582314128,0.027805871376033707,0.03460005818871478,0.059969453764898185,0.062033550128778765,0.05991867294059351,0.04225728986661589,0.01400711551468087,0.025260998222564036,0.02159552068589132,0.02775596596395357,0.032175255800729156,0.017659058923586865,0.01020880519608613,0.009447781990781471,0.020198295407639007,0.025449892447608157,0.03099264667983533
Txtls,0.0104458403357692,0.006615798466159509,0.004027598041843581,0.0042473563326884435,-0.002927933871370405,0.02360285569488553,0.01957103868325986,0.020040336026220917,0.014590859601396555,0.01690377088232027,0.012920848247114671,0.01789181347362344,0.02265126208071373,0.012182792703168506,0.015153637561263875,0.04741865148443877,0.017472842753479455,0.019488722323979264,0.02312662870173461,0.014306089040488306,0.022169567238380403,0.018184305706303007,0.016301174894647396,0.004175329336377677,0.012650511079159574,-0.0004357618081022446,0.009198177056445952,0.005922265594130342,0.005780646937407064,0.006226132384036348,-0.0004911843844166239,0.03842987860378286,0.014716285755429251,0.022204377962786008,0.0452204813247749,0.042277550180998005,0.042279319247136814,0.027198839943307657,0.011026572850234622,0.017991104194407612,0.016677050535669122,0.01982667171765071,0.02118828988855158,0.009193374767857585,0.007706892281387375,0.006331228556382006,0.019941485264752114,0.01904941299157606,0.018602599235622456
BldMt,0.02156528219142297,0.00986468698318379,-0.0012494863680031748,0.0051867381698714595,-0.005855245843939279,0.029761806691772214,0.030168248515324753,0.026633094061770387,0.02162541577491308,0.021342869023825022,0.02074065935470787,0.02663720075714659,0.040181873352481245,0.019878222805008824,0.020041309687755953,0.017472842753479455,0.02915399061655864,0.028218626290319307,0.030803828864928395,0.024990551624768587,0.035001001443799355,0.030598153485450787,0.022935458876340922,0.018277011510275946,0.02137349506374141,0.017251372248151157,0.005938024146643117,0.008172020701864116,0.011913178009804811,0.010133643722399135,0.0009661409164803618,0.061627756917805164,0.02348684955908776,0.03548184390532611,0.06234580885341613,0.06211043324200676,0.06465601919207725,0.04413549920364989,0.01784089279760278,0.025519907105606785,0.023701512991929182,0.027190311849336544,0.03211427382811305,0.014755198812375964,0.012000897286756377,0.013584245836550086,0.018734762239353484,0.030314671828220716,0.031023777255190513
Cnstr,0.026239807623968433,0.012953555974808025,-0.000633787495121875,0.010155210865574436,-0.008165745118958947,0.03473425844622105,0.03683089579527886,0.03199667408177663,0.026629017757465713,0.023118754018089663,0.02382570593946337,0.034516587535730676,0.05694847416212981,0.02473468755790095,0.025359040602605028,0.019488722323979264,0.028218626290319307,0.04881846119740853,0.033879681987302214,0.03129419263966354,0.042163352716840276,0.04062253704920758,0.022506473981147503,0.013355261800236436,0.023785120194423696,0.017248904988033397,0.013125050345583596,0.010736456365216338,0.011407935908405904,0.017198161223484405,0.002290999573338109,0.07616949849339796,0.029601814215727062,0.04301466383902201,0.08362921551955697,0.08066301685897319,0.08752355760784739,0.05836281888021135,0.021471470222964837,0.029727853867884506,0.029607783423804195,0.03336075852888879,0.039233261911854854,0.016187439762084924,0.013807619628186924,0.017215035314460343,0.021016834426565777,0.03873822536173302,0.0387538288065013
Steel,0.03328144870210227,0.013987517541195699,-0.0003561482350101394,0.007070273260956109,-0.0032932313213915607,0.0441968309241624,0.04305928518321074,0.03667695637091702,0.0297843543870501,0.02953009709758184,0.02703714039480108,0.041013514168371124,0.05426748506800812,0.027752690704838316,0.03328622441958606,0.02312662870173461,0.030803828864928395,0.033879681987302214,0.054286063323544374,0.03423755930679016,0.04379979988600254,0.037534504768646,0.03232188625358707,0.023023524632507644,0.027713095502305055,0.012017420041718737,0.009894798882266005,0.01512424366029312,0.009748742440045312,0.009333966403456209,-0.0015423749306542097,0.08460355573088811,0.03642137019085847,0.04874434159256006,0.08551306005153367,0.0851330328657771,0.08511372302721568,0.058770495967541046,0.022999541028003487,0.03250331718251541,0.03060893732365884,0.038764048621538164,0.043997123529829235,0.02305382540078633,0.015424874033530132,0.01571709470376866,0.026943003003745854,0.039846042635709705,0.039885448768141256
FabPr,0.02801504257408886,0.012426382764981432,-0.008068560833739026,0.00655189874161387,-0.007792229483391832,0.03302996617368056,0.04313032468576131,0.02871275614098267,0.027236740050866154,0.023131002844791814,0.026140061848517627,0.03956105275380798,0.055216050221406285,0.021569455549718636,0.026757477846907803,0.014306089040488306,0.024990551624768587,0.03129419263966354,0.03423755930679016,0.0700410074110499,0.03831002542200241,0.036463168213631665,0.02557922601323782,0.019057470975298793,0.019096660672462604,0.02870608770547221,0.02651998447347625,0.014577964035170985,0.011266413197479988,0.005947353126223813,-0.0037263634360904384,0.07645715900835083,0.03329829730828613,0.0431430648032711,0.0779916074124107,0.08013425640089275,0.07995466655751722,0.05507262015547605,0.019180445251336428,0.028836185194361156,0.0289582777967634,0.03675700002050675,0.04014609431172031,0.022657767975902778,0.013030264775178095,0.013965541356769065,0.020151800719383987,0.035946279357171276,0.03700055007559112
Mach ,0.0324470069889309,0.015126532589126346,-0.0020991971331302253,0.010976546988008923,-0.00814968025233499,0.041890752532880854,0.04659091186957271,0.03855071146212749,0.03186240441788728,0.029949206473465047,0.030001824391219668,0.04272483330607467,0.06840488711275862,0.03005585788548307,0.029695333599698944,0.022169567238380403,0.035001001443799355,0.042163352716840276,0.04379979988600254,0.03831002542200241,0.06082796658103033,0.050150898368481786,0.029932651093541665,0.02663233400550882,0.03593040812833062,0.016775822129981136,0.01881114206471911,0.014220215958584852,0.021294118190536455,0.01642269530059907,0.003124267669290742,0.09636938021823076,0.03794833063329189,0.054891220312043305,0.10284174695359113,0.1011098012256163,0.11649693895149232,0.07768683289006202,0.02402880557474785,0.0427408517623097,0.03439484777978571,0.0427580214017083,0.047645986256432994,0.021719886418831942,0.016962541030995596,0.020968727641277402,0.028383029242197058,0.0458865062250389,0.04716450300741762
ElcEq,0.03671495399824156,0.013691736428491731,-0.0015506092470069484,0.01005846940493952,-0.005431826421240015,0.03851082381908776,0.049900009903445834,0.035142216830946635,0.028724712709804846,0.026632418104709933,0.03108171979530461,0.04246385484919218,0.07142542054446961,0.027891525663235765,0.028151321974852473,0.018184305706303007,0.030598153485450787,0.04062253704920758,0.037534504768646,0.036463168213631665,0.050150898368481786,0.06057712970007353,0.02672968216652811,0.023995771391036064,0.030055046832273984,0.013637241245910063,0.014208482031523252,0.01202831688242296,0.020088969249660367,0.018203549304887417,0.0032959605969869175,0.09128645643117751,0.034373656294907795,0.053319086379294736,0.09736288481871103,0.09782465301509577,0.10741815653535038,0.07356865339392736,0.022725541161028356,0.03314224742885453,0.03295238202482007,0.04066104432064024,0.04604108230669605,0.021171611568346956,0.01548699445427652,0.02021129894930339,0.025629010879268232,0.041914584900702476,0.04436384119607347
Autos,0.0267236339668421,0.010528302113404274,-0.00282909067286851,0.0017704028255002367,-0.0022263026304125758,0.03346565535632365,0.03484540284709628,0.026250193313536306,0.02060091721502516,0.022932009227951203,0.0178991600542448,0.030038053264427943,0.034595937090690795,0.019458446636643846,0.021396602014687082,0.016301174894647396,0.022935458876340922,0.022506473981147503,0.03232188625358707,0.02557922601323782,0.029932651093541665,0.02672968216652811,0.04060582423387793,0.015644207253167845,0.014502261909258464,0.01865393720153187,0.017069584871914706,0.01735877628450832,0.01081770144744172,0.0036841824937863003,-0.003962391050676948,0.05990921098657847,0.02507195915686994,0.03504263855057318,0.05599971380341868,0.05799679302807811,0.0548891423691097,0.03855635187347348,0.020446413038714667,0.027019171231447595,0.024486597826238757,0.02760152536482186,0.03546550029252156,0.017888346676229468,0.01186147746638997,0.012059130612423212,0.02129475009263872,0.02832821921571218,0.0319033943865857
Aero ,0.028351697383178477,0.005308127461692403,-0.0018388157168487376,0.004570172890756154,-0.0009277649614889372,0.020389455942636518,0.027323237993142683,0.017350739235923642,0.01607858711739072,0.015288158019086513,0.022340063482771608,0.021016574675453346,0.03472585188938336,0.015761305934622574,0.011361596316589426,0.004175329336377677,0.018277011510275946,0.013355261800236436,0.023023524632507644,0.019057470975298793,0.02663233400550882,0.023995771391036064,0.015644207253167845,0.05222631711082077,0.022514413517546007,0.020671467007024963,0.00506517924952414,0.010948702564157111,0.0125371879300721,0.0038062147055606768,0.001425241801797833,0.047704891338802055,0.024202924980522816,0.02729608814344501,0.04227641133391214,0.044673479556164186,0.04972575126853017,0.034792406329864356,0.014146799794388508,0.013981170429834523,0.018769335418843226,0.0214883369368572,0.0252717321534374,0.016560807207235583,0.010265405707266742,0.011786828097034222,0.012168644321479667,0.022066621176590903,0.020962974413222923
Ships,0.019850685015698612,0.009646486849533911,-0.0022485167486081385,0.008675367798448439,-0.010616720726238324,0.024110604133535427,0.021258111148003057,0.02426900680035977,0.02027129435649505,0.019285055454468406,0.020896699574232805,0.020595413824810792,0.03644614218035028,0.018966181076032994,0.013519362918360702,0.012650511079159574,0.02137349506374141,0.023785120194423696,0.027713095502305055,0.019096660672462604,0.03593040812833062,0.030055046832273984,0.014502261909258464,0.022514413517546007,0.05456452925617824,0.0032885603204937477,-0.0016201638175784992,0.005163959693006881,0.026655144489753122,0.011419867044490417,0.005693666263460381,0.054024812156211306,0.023713757066231037,0.03160829057817374,0.056271152754164264,0.057382014581557686,0.0697808713571342,0.04398642916440544,0.015005252648651225,0.024995007125856814,0.018756472606900165,0.024926328221476734,0.029721742222310776,0.014038908747240703,0.01128109734915622,0.014697311103842056,0.017263648236261753,0.028709371224492165,0.028242777077019512
Guns ,0.023230624297725943,0.0005041344031844104,-0.019747244411910177,-0.010950715575170954,-0.01833537873937041,0.015904681919840215,0.014320705793256047,0.011528005933762003,0.009094728501672377,0.011851679115223314,-0.009422608762014553,0.013539906772904025,-0.004652649662119524,0.0074381006711863,0.004003187128678481,-0.0004357618081022446,0.017251372248151157,0.017248904988033397,0.012017420041718737,0.02870608770547221,0.016775822129981136,0.013637241245910063,0.01865393720153187,0.020671467007024963,0.0032885603204937477,0.25077156713337595,-0.0020193195948380433,0.027085841854698527,0.035737359712428717,-0.0031884278077624092,-0.009373710792956841,0.03844760721422752,0.013393215879630441,0.0121811405802889,0.024449422800853618,0.02251048565610222,0.026464673954816356,0.017644636890524316,0.018964766695710553,0.02133095083964581,0.02720056963927081,0.007483089569750301,0.021458308146456724,0.0022971694574632218,0.008174863749373837,0.0030509002507024055,0.0023152754446219867,0.010880902668998042,0.023791465425633058
Gold ,0.0233181988155332,-0.0018662847681004372,-0.0006813198101811534,-0.007283019740873657,-0.01459603878080581,0.01786938645198636,0.03428131116122356,-0.006036605496620143,0.012721620727357,0.0051981531042287876,-0.0023917156524046242,0.023464834720785685,0.019461052243592552,0.005046397768808593,0.0010862124609151902,0.009198177056445952,0.005938024146643117,0.013125050345583596,0.009894798882266005,0.02651998447347625,0.01881114206471911,0.014208482031523252,0.017069584871914706,0.00506517924952414,-0.0016201638175784992,-0.0020193195948380433,0.34887511645160235,0.0723149848251356,-0.00835328473180192,0.01031189201692858,-0.007530875222589893,0.04051332231889265,0.011602294345190967,0.024275615881660963,0.038967317986554215,0.04254706536770793,0.037615707156130745,0.025254035420837085,-0.0021675297722883588,0.013345014451874923,0.013057509672565032,0.01926389624508147,0.014579752728058334,0.011496768840065796,0.0035814024564757027,0.00149586995220391,0.01899067546472985,0.016149305345272855,0.021349535731244616
Mines,0.021603765595656937,0.0010700617714167737,0.0006703296487071611,-0.00014723569678770347,-0.0018919339476017097,0.01902471999980966,0.017307450850627296,0.0027507868029610764,0.01196756010437216,0.01284733520471503,-0.0047787972308177065,0.01406854357233473,0.01122653049093496,0.011610917931602812,0.006556641784975132,0.005922265594130342,0.008172020701864116,0.010736456365216338,0.01512424366029312,0.014577964035170985,0.014220215958584852,0.01202831688242296,0.01735877628450832,0.010948702564157111,0.005163959693006881,0.027085841854698527,0.0723149848251356,0.07993682322509695,-0.0069373669961377595,-0.006280740399951885,-0.0054051728285245204,0.029076545046252428,0.01431201594586278,0.014156120505115643,0.0243208749939502,0.022828775899931604,0.02533157755949584,0.01912712525396509,0.013913259535395886,0.02456243151730554,0.014103670630900319,0.01476076999062979,0.018939007668218377,0.0053362083444217995,0.007249327079905311,0.007155712925639231,0.010606379419434804,0.016039528833407105,0.01516913945635226
Coal ,0.022248972289390285,0.003148590430328908,-0.0006250988865644536,0.00741661982083962,0.004278585122870347,0.0005182310196522039,0.007579681512096235,0.021628778098717983,0.013929294263772042,0.010484906751656193,0.02156141710223613,0.008618286036144568,0.026405339736940744,0.008131414164310652,0.001106018685403786,0.005780646937407064,0.011913178009804811,0.011407935908405904,0.009748742440045312,0.011266413197479988,0.021294118190536455,0.020088969249660367,0.01081770144744172,0.0125371879300721,0.026655144489753122,0.035737359712428717,-0.00835328473180192,-0.0069373669961377595,0.16637063180335968,0.03248165149342536,0.01635625633088818,0.026297448668272085,0.019361723690615673,0.018799334400829676,0.022275066138783595,0.029347711012111123,0.040681395201042164,0.03036840942595735,0.0076752383123257235,0.017295200347205338,0.01701189864580923,0.013331946365447453,0.01994367208322926,0.003895310200555989,0.007874465710110922,0.013242058874365149,0.010164757583718868,0.009618997420055187,0.014066863906206597
Oil  ,0.012795136588347947,0.004654542130358213,0.0058312005087993385,0.006703966257296955,0.00788344738203353,0.006763986183156289,0.010258052808936787,0.009213238777615405,0.006563350675313547,0.0056750618427452845,0.013516164922581491,0.007361140121445543,0.022941421927873344,0.012631495096709314,0.003253271198318971,0.006226132384036348,0.010133643722399135,0.017198161223484405,0.009333966403456209,0.005947353126223813,0.01642269530059907,0.018203549304887417,0.0036841824937863003,0.0038062147055606768,0.011419867044490417,-0.0031884278077624092,0.01031189201692858,-0.006280740399951885,0.03248165149342536,0.06265681723133956,0.018737566219620725,0.014881459739692782,0.006715915030613774,0.013742759661683583,0.0160293906906095,0.018688484348696077,0.025538684948897696,0.021530970086894988,0.006050365904674325,0.01065027055413438,0.012400555276458511,0.009671299243072747,0.00592384854914172,-0.0005557377616230253,0.003615323516345171,0.007401730212551298,0.004054484709577331,0.007410272887046326,0.010119288188513143
Util ,0.0008621530873777769,0.00392922426819081,0.0058585628356794305,0.006783281460529007,0.00936310488328096,-0.010446373134643996,-0.004255454147470125,-0.0005968270117286907,0.0027759843120491886,-0.0015449959971083986,0.0060393908521220105,-0.007130079236578585,0.0032672629374357292,0.004567682974365224,-0.0017253851847661681,-0.0004911843844166239,0.0009661409164803618,0.002290999573338109,-0.0015423749306542097,-0.0037263634360904384,0.003124267669290742,0.0032959605969869175,-0.003962391050676948,0.001425241801797833,0.005693666263460381,-0.009373710792956841,-0.007530875222589893,-0.0054051728285245204,0.01635625633088818,0.018737566219620725,0.025490804996812038,-0.010297397084874715,0.001936243288963087,-0.0020777715304688606,-0.008128678153424907,-0.006813707166194728,0.00038230323465554794,0.002425592862302855,0.0015706558956408532,0.00378311996902803,-0.0005793938670281226,-0.0023869156361759065,-0.0017695975514553449,-0.0020645477726549026,0.0014810326081564507,0.008677057823887129,0.000809998504535177,-0.0018250077927128808,-0.005180712632467919
Telcm,0.07143120211594527,0.025662156787417734,-0.003196762958446134,0.017647275007894994,-0.017437843560589722,0.08752338208500715,0.09870551534804398,0.07357097415475326,0.060058328586440425,0.055462203971554054,0.05860761835470116,0.0900327599670957,0.13303490611032406,0.047840349965704784,0.05804843582314128,0.03842987860378286,0.061627756917805164,0.07616949849339796,0.08460355573088811,0.07645715900835083,0.09636938021823076,0.09128645643117751,0.05990921098657847,0.047704891338802055,0.054024812156211306,0.03844760721422752,0.04051332231889265,0.029076545046252428,0.026297448668272085,0.014881459739692782,-0.010297397084874715,0.21882676894802416,0.07101145169125549,0.10891066720950202,0.20298277921111194,0.2067579566732425,0.2138849893072259,0.1406205946189122,0.04322329909993332,0.06650530980198184,0.06589359300417919,0.08434571159672354,0.09499423033666815,0.04870227470403596,0.03265986310254622,0.035202614479337195,0.05288748219707598,0.09173385222022562,0.09442511110903498
PerSv,0.0361762913733617,0.012923081567364523,-0.0007304784507215755,0.012326839646389462,-0.0019624900781349828,0.03394196578895857,0.039845976497396095,0.03231456701254012,0.02692006264427403,0.023497321043805953,0.02869079180506524,0.03739132203272144,0.05406414066010323,0.02236660767839931,0.027805871376033707,0.014716285755429251,0.02348684955908776,0.029601814215727062,0.03642137019085847,0.03329829730828613,0.03794833063329189,0.034373656294907795,0.02507195915686994,0.024202924980522816,0.023713757066231037,0.013393215879630441,0.011602294345190967,0.01431201594586278,0.019361723690615673,0.006715915030613774,0.001936243288963087,0.07101145169125549,0.04867863364779712,0.043624043842326744,0.07265251342886124,0.07654163500756066,0.07918870930307766,0.054580592509776205,0.01888835698709366,0.023563922094698094,0.024811069998037786,0.03511714373494822,0.041984351402954825,0.022642128589132827,0.013676226997785522,0.017055874759601273,0.021820486696756188,0.03469844767140546,0.03632912139520123
BusSv,0.04476446327706513,0.015171703478860816,-0.0012551231755560887,0.011249524414575102,-0.01056072964697711,0.050587802029369904,0.05685600648199652,0.0433593730881013,0.03547993019114472,0.03272455929429054,0.039051843923277936,0.053591907133440815,0.08047123031819128,0.02938145085782667,0.03460005818871478,0.022204377962786008,0.03548184390532611,0.04301466383902201,0.04874434159256006,0.0431430648032711,0.054891220312043305,0.053319086379294736,0.03504263855057318,0.02729608814344501,0.03160829057817374,0.0121811405802889,0.024275615881660963,0.014156120505115643,0.018799334400829676,0.013742759661683583,-0.0020777715304688606,0.10891066720950202,0.043624043842326744,0.06667045559764678,0.1126755994837639,0.11724189719839234,0.11893674163197596,0.08027422982040656,0.024424646638744666,0.034397196276946373,0.03751549928752941,0.04902459141762191,0.05364736646538424,0.027841096926682418,0.01792714770327551,0.020918472486921552,0.030608798760756492,0.04969928341720949,0.05401941524124573
Hardw,0.06589945658841914,0.027573565797599224,-0.004345897770625533,0.020523786578197048,-0.02206533485953052,0.08974404619301496,0.09985680670576702,0.07562138358987326,0.05915474533477265,0.05510172495337015,0.060138967549660916,0.09463158287614425,0.14518038146270065,0.05126313817528508,0.059969453764898185,0.0452204813247749,0.06234580885341613,0.08362921551955697,0.08551306005153367,0.0779916074124107,0.10284174695359113,0.09736288481871103,0.05599971380341868,0.04227641133391214,0.056271152754164264,0.024449422800853618,0.038967317986554215,0.0243208749939502,0.022275066138783595,0.0160293906906095,-0.008128678153424907,0.20298277921111194,0.07265251342886124,0.1126755994837639,0.22680906767866343,0.21825402400810137,0.2321240353693543,0.15057683080376785,0.04339628792612191,0.06608834605813621,0.0630485722439056,0.088418091210515,0.09514028545571966,0.046857735305315514,0.030665915351964453,0.03496339980778804,0.0554920226541419,0.09115876677984142,0.0933542523037159
Softw,0.07000006548300208,0.02651645462726975,-0.0034150903398948297,0.019188017528523484,-0.019941975192845466,0.08999618998331213,0.10352423816305077,0.07804479711518161,0.06198908425069054,0.057383826148403407,0.06566497468577301,0.09818667766849204,0.14978490466855307,0.05083890339160667,0.062033550128778765,0.042277550180998005,0.06211043324200676,0.08066301685897319,0.0851330328657771,0.08013425640089275,0.1011098012256163,0.09782465301509577,0.05799679302807811,0.044673479556164186,0.057382014581557686,0.02251048565610222,0.04254706536770793,0.022828775899931604,0.029347711012111123,0.018688484348696077,-0.006813707166194728,0.2067579566732425,0.07654163500756066,0.11724189719839234,0.21825402400810137,0.22833602998497102,0.23055387025867327,0.1516110921732553,0.04196338701706225,0.06705260238458118,0.06493117862920188,0.09011080071014718,0.09588190490808333,0.04890344735674886,0.03150287839672023,0.03591451012016793,0.05691124496971466,0.09220844146433127,0.09686486893564243
Chips,0.07060831983064718,0.02845712349652589,-0.0020946812350748343,0.02714938322403797,-0.026539002618797665,0.08673068005081414,0.10037699215850218,0.07913614580570806,0.062370390420860934,0.05804361497952414,0.06295662778138074,0.0955249545169135,0.15512197793476407,0.05504636083384274,0.05991867294059351,0.042279319247136814,0.06465601919207725,0.08752355760784739,0.08511372302721568,0.07995466655751722,0.11649693895149232,0.10741815653535038,0.0548891423691097,0.04972575126853017,0.0697808713571342,0.026464673954816356,0.037615707156130745,0.02533157755949584,0.040681395201042164,0.025538684948897696,0.00038230323465554794,0.2138849893072259,0.07918870930307766,0.11893674163197596,0.2321240353693543,0.23055387025867327,0.269627541711528,0.16969581093750263,0.04362472401777483,0.07519412226061942,0.06796204480400903,0.0939950870084981,0.0975967615680599,0.04657123034973096,0.032576954127361876,0.03993628057221257,0.059054820956772267,0.09679242718796016,0.0976628157720134
LabEq,0.05004904921311113,0.019970984272662716,-0.0017396700772927727,0.015812125692582633,-0.011954365764728237,0.05741323576037543,0.07204739576489885,0.05309698379341584,0.0430479501437449,0.039253770301851135,0.04682719671180034,0.06645705346425802,0.11004981578765473,0.038539103642990444,0.04225728986661589,0.027198839943307657,0.04413549920364989,0.05836281888021135,0.058770495967541046,0.05507262015547605,0.07768683289006202,0.07356865339392736,0.03855635187347348,0.034792406329864356,0.04398642916440544,0.017644636890524316,0.025254035420837085,0.01912712525396509,0.03036840942595735,0.021530970086894988,0.002425592862302855,0.1406205946189122,0.054580592509776205,0.08027422982040656,0.15057683080376785,0.1516110921732553,0.16969581093750263,0.12020140379953527,0.029915175280313847,0.048693651574567634,0.046509414587372955,0.0629516641996845,0.06587229142534137,0.03193919548053988,0.022378032473957657,0.027626225020546895,0.038199624017510043,0.06287026223188642,0.06738326802917273
