,Agric,Food ,Soda ,Beer ,Smoke,Toys ,Fun  ,Books,Hshld,Clths,Hlth ,MedEq,Drugs,Chems,Rubbr,Txtls,BldMt,Cnstr,Steel,FabPr,Mach ,ElcEq,Autos,Aero ,Ships,Guns ,Gold ,Mines,Coal ,Oil  ,Util ,Telcm,PerSv,BusSv,Hardw,Softw,Chips,LabEq,Paper,Boxes,Trans,Whlsl,Rtail,Meals,Banks,Insur,RlEst,Fin  ,Other
Agric,0.10554637046167918,0.008922259722004933,0.003908552236651659,0.009920478275518755,-0.004663047996612205,0.025267438804008738,0.04322422667532134,0.024509791508399704,0.024232255069535635,0.018510253663327342,0.029592448766324143,0.0361167556008785,0.0528186826085236,0.019434802533865324,0.029402093556995013,0.00843352700135746,0.01960622771531896,0.024337356065037983,0.030495416421972482,0.027148474168947487,0.03159355564630274,0.035876253943708004,0.02300323178063629,0.028209108189267827,0.01917072360954667,0.00882285567634816,0.023648492165290344,0.017388045590568574,0.02319359644297019,0.015613596117750652,0.007335240206746044,0.06357271480616994,0.036728525950987606,0.04245729515937643,0.060771092893707405,0.0664399859668578,0.06848792207716618,0.04907855832640542,0.01735102815450534,0.018456896713868274,0.024723344036556336,0.03527558572161947,0.03876988873846715,0.023875103285865194,0.011983271365125689,0.014541733540559505,0.0224311326963071,0.028128320628496215,0.029470889070401136
Food ,0.008922259722004933,0.015479733390126742,-0.0017571013946760502,0.004402884511873575,0.0019290943589374834,0.011591431160294,0.01442498379606093,0.009320327852280331,0.008990027918296591,0.008515012330518656,0.007898129388925689,0.012736586600491427,0.020735777335609308,0.010774972041698944,0.010590760690165632,0.005379186210824437,0.008622219257623888,0.011707720000384086,0.012569856160355983,0.011195917898512212,0.013230739236231241,0.012731194329162983,0.010108162886512097,0.005334447294030392,0.008389432729056137,0.003945709354857518,-0.0015976034453659138,0.001304289991725588,0.0035825164123389447,0.005289539657832607,0.0031945698736406155,0.023850758023919918,0.01177993124045275,0.014039005861532195,0.024926407192910296,0.02407849098020063,0.025746587285588676,0.018364713539707922,0.008090224309045286,0.009942326719655134,0.008285242692900487,0.011670452586571631,0.013374247843827177,0.007468202995245349,0.005587259554706646,0.00839355837242183,0.009667148870359627,0.011028737715094487,0.012555190890114453
Soda ,0.003908552236651659,-0.0017571013946760502,0.03359104667251817,0.007128092018847026,0.0012763176499233678,0.004928475062235459,-0.002080404366673729,-0.00012442511534181908,-0.0005203829804806012,8.115596490254853e-05,0.004103721221262631,0.0003526322352780221,0.0008050326579471036,-0.0023199404339679427,0.0002978008189632867,0.004924918009744079,-0.00041056276375492416,0.00025305388715074977,0.0008220672186269526,-0.007619676211237706,-0.0013630663802598581,-0.0009593497013078647,-0.0016897335457842246,-0.0016757287765798866,-0.001754676336517294,-0.0169686953239338,-0.0007087329750724875,0.0018362676970856064,-0.0007811479598841786,0.005232091208525583,0.004495897420161058,-0.0004751943096928225,-0.0004416240889862547,-0.00020265313417443403,-0.0022210261198625995,-0.0016976969594094914,-0.0006422626452428086,-0.0009055323307913045,-0.001049681156768384,-0.0020053816829337877,-0.0006309600242938544,0.002548300560370546,-0.00042962587117613123,2.4758925914691702e-05,0.0013853687043705468,0.0032269875834302296,0.0025702108116089843,-0.00030150769509450757,-0.002722117601303929
Beer ,0.009920478275518755,0.004402884511873575,0.007128092018847026,0.029752494668314637,0.0027719980486059876,0.010520451111660913,0.007918959524407803,0.0059210066319996925,0.005798301143938884,0.005797135630479752,0.009344732357297247,0.011736643375620711,0.019051910971991517,0.004088045740111847,0.004687931610380841,0.004524600970531853,0.005521057101619815,0.010585439507631777,0.007739645604024132,0.006519909481102111,0.010712495886074943,0.010292660743103229,0.0031753494216190245,0.004930120500173896,0.00856868757172714,-0.0035808917390803847,-0.007214471960460836,0.0018030777595014677,0.00759881829547918,0.006128297681017139,0.00398036112092445,0.02055195255276235,0.01197825088403194,0.012055338027404272,0.021925863600539875,0.020094381239355454,0.0275163437108483,0.015947521773734496,0.0032355775311476835,0.0009430457367240088,0.005476317824364296,0.010778819088671652,0.011567347350510562,0.006441616092763043,0.0035507468307440946,0.006833706102347465,0.006632000017446548,0.010844261302832992,0.00860040140040396
Smoke,-0.004663047996612205,0.0019290943589374834,0.0012763176499233678,0.0027719980486059876,0.0912721615926115,0.0001929334096725955,0.008047505638893697,0.0070060878147914325,-0.00034281336819378007,0.0021894739322788335,0.002955442544912457,0.0021125734669985995,0.004975045872715776,0.012060326620717024,0.0043907287207527275,0.003721168680340557,0.0011846976867532497,-0.0008949946932936457,0.005796741305592052,-0.0016610278590168134,0.00033300999474975907,0.00017288329797504075,0.004365184854675893,0.00016724675345064545,-0.005055333830543182,-0.013593266967197872,-0.015693635543835686,0.0024042610018028734,0.002785261751488238,0.003716415867100992,0.005289605556493256,-0.00031916139002322296,0.0027473902584817765,-0.002676668978776849,-0.005337649985176778,-0.005468610247397498,-0.012735445621963081,-0.0035795401521244324,0.002890478819872383,0.017682408915318932,0.0043782117287838535,-0.0002401741761593691,-1.2013145303019533e-05,-0.004519068196947939,0.0033285459491901046,0.005098223252697812,0.0022618122166008846,0.0005465842928866246,0.0028211080545995863
Toys ,0.025267438804008738,0.011591431160294,0.004928475062235459,0.010520451111660913,0.0001929334096725955,0.0560245826520312,0.043598987612683056,0.025017914729922344,0.0213798901548894,0.025237131894757688,0.022187335946217666,0.037448229833499234,0.053102343340454425,0.019865367252708797,0.026610209022273398,0.01583980589097047,0.021538548404304476,0.026310333044803135,0.03345423208324607,0.0265471810892679,0.03332091022182304,0.03254162430437948,0.024121982464791216,0.01910814589739585,0.018218127216437133,-0.0020572722007777744,0.018815741105783625,0.011161967573042221,0.002401256389756842,0.0132549866791886,-0.0008503433044956467,0.06461515213459192,0.030040516958455346,0.04116518301867921,0.06973217291361948,0.07347878813426903,0.07190921817049481,0.04875598730980366,0.015361030349055818,0.018761872431026755,0.020267964596928284,0.03295480353346022,0.03359640775848607,0.02039887124837188,0.010558506177995048,0.01306349714766372,0.019658098878162306,0.030361435677401676,0.03337696309726281
Fun  ,0.04322422667532134,0.01442498379606093,-0.002080404366673729,0.007918959524407803,0.008047505638893697,0.043598987612683056,0.07864022687060804,0.03216354560781734,0.026600204875429106,0.026937450500084562,0.03056237878321383,0.05101308818896839,0.07407323787647103,0.029004630724139936,0.034326011848636144,0.016338918923743128,0.0269027260132319,0.033584324824744015,0.038791826899689366,0.04094151284940969,0.04352618465618569,0.048007167015830014,0.03099633990244239,0.027131650344130738,0.01895394426435192,0.005541717096432738,0.03525627328919298,0.013775357356480987,0.008583670123539392,0.013377355756419504,0.0003817984213597503,0.0896290977068036,0.03877369245526518,0.053406492553866355,0.09227711648396932,0.09761901223620525,0.09528460942257722,0.06931734677945472,0.021040746900445433,0.031733591162805205,0.030275258712326697,0.04293795033311821,0.046297077141454056,0.026136921443973633,0.014215052882940213,0.01832624270794905,0.02877662126258262,0.038583980406279555,0.048775277930993836
Books,0.024509791508399704,0.009320327852280331,-0.00012442511534181908,0.0059210066319996925,0.0070060878147914325,0.025017914729922344,0.03216354560781734,0.037670484985259906,0.018571170922759745,0.01886588784243348,0.023310186248470106,0.027530094935571993,0.04599713557655589,0.01837244712464584,0.023001005436294717,0.011803746852498954,0.017967304235176514,0.023075547761370305,0.025716666063382087,0.02112503549795702,0.02802343675441664,0.02849895522560033,0.01854603276496147,0.016359465363212616,0.01718730728261272,0.006949527156847345,-0.005114197627314303,-0.0023384625840804805,0.024178747311583454,0.014890620063577045,0.004233488902635272,0.05308465077603969,0.026710051050301335,0.033920978563077825,0.05516529593305818,0.06052818119893357,0.06213991709165082,0.04300447010026577,0.01311372560532148,0.020481086322150108,0.020187111300566548,0.024595813419092477,0.02826869058608671,0.015159286140371653,0.01091511341065523,0.012718453805422317,0.018786200766293136,0.024937549395755203,0.027422370235533674
Hshld,0.024232255069535635,0.008990027918296591,-0.0005203829804806012,0.005798301143938884,-0.00034281336819378007,0.0213798901548894,0.026600204875429106,0.018571170922759745,0.028974074228876046,0.015898971098518924,0.01941752999021161,0.024445066780585296,0.039011670867111437,0.016698625255506694,0.016664585870675517,0.009742110609866472,0.016597298386593136,0.021482263780002463,0.023518556290762358,0.02282256280099393,0.02553730075915171,0.02488913443116745,0.016520096276456495,0.015692246721641438,0.016029010637299484,0.00894028900794377,0.013723314431149623,0.009784550092366739,0.01549326530839445,0.009765303781307643,0.004766846034948162,0.04889857514367841,0.02349709720878701,0.0301824185763751,0.04743976840556801,0.051919792354160485,0.052368626473918864,0.0371354778491585,0.014280485975023627,0.018154549594531888,0.019614809765660136,0.021460185618374112,0.02634935346809126,0.013705241454602508,0.010526630396776742,0.014491267521079808,0.012608209609691027,0.023680012201541412,0.02415733444276877
Clths,0.018510253663327342,0.008515012330518656,8.115596490254853e-05,0.005797135630479752,0.0021894739322788335,0.025237131894757688,0.026937450500084562,0.01886588784243348,0.015898971098518924,0.029522938712327366,0.013475165398604758,0.022008285594112165,0.03574588745706698,0.016313447776475743,0.019806033882556223,0.012432050382257408,0.016639122757113697,0.018256244811028603,0.023521064688766597,0.019168160263719522,0.024510879676725585,0.02312455198978061,0.0184123033058391,0.014780176657635917,0.01561655951335281,0.006895951396571336,0.005817545635325631,0.009636034314299751,0.011864822786539057,0.009064407925798393,0.002086238323738815,0.04365026919078962,0.020742566883053832,0.02752746267425815,0.043801285635283876,0.04787729089155117,0.049071580938744475,0.03398285976806048,0.013493866367355653,0.01919179890035794,0.01871078175593717,0.022588949507992975,0.02566828806385739,0.013993681000728236,0.007982697612914036,0.008749326748547915,0.01565223164831717,0.02073955357691911,0.022589650121947868
Hlth ,0.029592448766324143,0.007898129388925689,0.004103721221262631,0.009344732357297247,0.002955442544912457,0.022187335946217666,0.03056237878321383,0.023310186248470106,0.01941752999021161,0.013475165398604758,0.0477303838153082,0.029682752317945562,0.05219417284886057,0.01628749966069846,0.015057377702128321,0.010103692343683801,0.01792031618084604,0.020913554048517177,0.023721969645631842,0.023395268745079623,0.02577160423811855,0.02895992106097927,0.016653589593885913,0.022601540506011358,0.018125945546013492,-0.003052754859836637,-0.0017856954519931442,-0.0046852795150904274,0.022848648180817135,0.015099967930486067,0.004750625675521892,0.05426877924810939,0.026232990176022063,0.03657699277103472,0.05409419191628778,0.06032880490237613,0.05695310361039521,0.04333889406418259,0.012630472610556411,0.011605380727404135,0.019336539049268516,0.02651318528540797,0.02837395841860468,0.017594038130081667,0.01184292928860766,0.01702972414522124,0.014254608575896837,0.024901448549606842,0.028362446081648906
MedEq,0.0361167556008785,0.012736586600491427,0.0003526322352780221,0.011736643375620711,0.0021125734669985995,0.037448229833499234,0.05101308818896839,0.027530094935571993,0.024445066780585296,0.022008285594112165,0.029682752317945562,0.052248579915641274,0.07200503966822608,0.02100619536624566,0.028084446979673185,0.012820819257740028,0.02137661947882563,0.029220645242964405,0.03428687429500595,0.03555130301433201,0.03713107458672871,0.038850756306888036,0.02449063024639444,0.020423278990619322,0.016642045147792786,0.004540662869379899,0.024443042424544748,0.00959621753509887,0.010078660515248857,0.011484347968128231,-0.0018578168863364387,0.07639355845719176,0.03487187874054033,0.0479496332838682,0.08239471289920307,0.08817829572775661,0.08636599555147007,0.06121514733264881,0.01595267326981796,0.020609075571902728,0.022801844497931,0.038524535876830426,0.03683185147229926,0.02250378878674982,0.011560749817854389,0.014852337883088729,0.024557245584272507,0.03320194909024803,0.04186591050137228
Drugs,0.0528186826085236,0.020735777335609308,0.0008050326579471036,0.019051910971991517,0.004975045872715776,0.053102343340454425,0.07407323787647103,0.04599713557655589,0.039011670867111437,0.03574588745706698,0.05219417284886057,0.07200503966822608,0.14081553848421657,0.036359064666132035,0.03746897595335086,0.018110774023865142,0.03571217488060295,0.05262070480071908,0.04880900406747548,0.05143620698357723,0.06282665942930002,0.06861073263568362,0.03133363573449527,0.03485296080680893,0.03253247196946215,-0.0026328920225804557,0.020683370473534534,0.009693924207427007,0.02822909099385359,0.026233631190110688,0.0042796376226468275,0.12449705180825016,0.05110017057123787,0.0764444748533941,0.135876960521379,0.14199707214833163,0.14727562410200676,0.10566181177157447,0.026534715562076497,0.035000539312674286,0.038143286335430196,0.059248227855189836,0.0574032764854541,0.03145583347985073,0.020161260762162653,0.028296689341475622,0.03346929845226055,0.05543397758081356,0.06363918467255181
Chems,0.019434802533865324,0.010774972041698944,-0.0023199404339679427,0.004088045740111847,0.012060326620717024,0.019865367252708797,0.029004630724139936,0.01837244712464584,0.016698625255506694,0.016313447776475743,0.01628749966069846,0.02100619536624566,0.036359064666132035,0.03175077190407264,0.016268871322271047,0.009071813906949526,0.01671606514901859,0.021535737759630216,0.023788855294998745,0.01884073020164112,0.02627945774161464,0.025619165118332825,0.016683823388401433,0.015580498780317701,0.01641260825688757,0.005847672318809158,0.005575034808433016,0.009895880050377082,0.009123612030917423,0.01503701877098273,0.006510479060017349,0.04032225269586648,0.020389640752220835,0.02598973336293795,0.04378972330445227,0.044471875677723545,0.04895663968898143,0.03499971521719639,0.018590600414353984,0.025624540103878386,0.017825599730321853,0.021264290612891836,0.024540466487653272,0.011377934884290111,0.009606894330348035,0.014278072262972933,0.012898370875051988,0.02184416491942124,0.023466983158892334
Rubbr,0.029402093556995013,0.010590760690165632,0.0002978008189632867,0.004687931610380841,0.0043907287207527275,0.026610209022273398,0.034326011848636144,0.023001005436294717,0.016664585870675517,0.019806033882556223,0.015057377702128321,0.028084446979673185,0.03746897595335086,0.016268871322271047,0.04351306256726981,0.01099437200454764,0.0156994052974869,0.02093179200309559,0.02802517725381919,0.02296459007194374,0.024189245948510005,0.02487994271380263,0.018012165440690273,0.010984826425223197,0.00970742467407733,0.004305990069666301,0.001753769253639867,0.004702331632573635,0.0022120136143630596,0.0059373219678687,-0.00029007616760443923,0.048625664936727826,0.024876817379323547,0.0301045130587322,0.050014066155234,0.05347469449458363,0.051310247413434866,0.0371958444042183,0.011477692844197297,0.021125526553694537,0.018460012207939053,0.02439842363784679,0.02678072242808671,0.01580623288403094,0.008375813017897318,0.00810651961729542,0.018016742201899236,0.019708451264335153,0.026976070889936945
Txtls,0.00843352700135746,0.005379186210824437,0.004924918009744079,0.004524600970531853,0.003721168680340557,0.01583980589097047,0.016338918923743128,0.011803746852498954,0.009742110609866472,0.012432050382257408,0.010103692343683801,0.012820819257740028,0.018110774023865142,0.009071813906949526,0.01099437200454764,0.042432783088255155,0.011409972661482224,0.013209944892462192,0.015420469432403857,0.00891467618003373,0.014778701667521654,0.013425017656315237,0.01081369216961053,0.0032930539705625568,0.0076513660918568075,-0.004297803017012058,0.010126838164157466,0.0023488151036508893,0.0073405151230521515,0.010215473519799567,0.0030540323770218963,0.023740885608511907,0.010685710823286107,0.015428683516147535,0.0307731716211245,0.029801130876881802,0.030192325590823636,0.019977961888904928,0.006983638678637362,0.011801849392955291,0.011368388659986123,0.014838296542566555,0.01316349489639395,0.0064808769231288026,0.004971320708599588,0.00492089674887652,0.01721947737876566,0.010844832115493266,0.011868097544456026
BldMt,0.01960622771531896,0.008622219257623888,-0.00041056276375492416,0.005521057101619815,0.0011846976867532497,0.021538548404304476,0.0269027260132319,0.017967304235176514,0.016597298386593136,0.016639122757113697,0.01792031618084604,0.02137661947882563,0.03571217488060295,0.01671606514901859,0.0156994052974869,0.011409972661482224,0.02292088706468739,0.021689423281488235,0.022714049459707623,0.019461219104583087,0.02738473424307956,0.02577087123764101,0.017183280806535313,0.01763923750392049,0.016228180798656237,0.013404588861249837,0.006834518337015233,0.004367016415900999,0.013716149557566384,0.014479420361103628,0.004832446953153103,0.046380190740654886,0.019373410567347846,0.02850874478111168,0.047238054491625645,0.04917281322215426,0.05220782286009796,0.036776930897562024,0.013649537733850742,0.01905307113616856,0.01814607832815832,0.021999511371903313,0.02375668634683867,0.011974968969924869,0.009163205960816902,0.0122510960245498,0.015785926429848204,0.021780594133803573,0.024063487357605436
Cnstr,0.024337356065037983,0.011707720000384086,0.00025305388715074977,0.010585439507631777,-0.0008949946932936457,0.026310333044803135,0.033584324824744015,0.023075547761370305,0.021482263780002463,0.018256244811028603,0.020913554048517177,0.029220645242964405,0.05262070480071908,0.021535737759630216,0.02093179200309559,0.013209944892462192,0.021689423281488235,0.04246495903518697,0.025510961016064742,0.025657306645470623,0.03435314980095416,0.035797962597561635,0.01651726722655839,0.01257067593031987,0.018452886202771544,0.013381664907789461,0.014217740796466417,0.006868891871329918,0.013265237794836408,0.02185746470589705,0.00628553576507598,0.060620692507201826,0.025424129231523835,0.035906925747301435,0.06834389426596656,0.06756688483838619,0.07501650629088366,0.05097907214910229,0.017194875067184198,0.023082336362958252,0.023971846995625212,0.028079388574343264,0.03067976489327831,0.013311470828927696,0.010891451822606434,0.015879881733116046,0.017971098700566193,0.03002730139954425,0.03169024094308171
Steel,0.030495416421972482,0.012569856160355983,0.0008220672186269526,0.007739645604024132,0.005796741305592052,0.03345423208324607,0.038791826899689366,0.025716666063382087,0.023518556290762358,0.023521064688766597,0.023721969645631842,0.03428687429500595,0.04880900406747548,0.023788855294998745,0.02802517725381919,0.015420469432403857,0.022714049459707623,0.025510961016064742,0.04427012643524173,0.027306733541458666,0.034207444694377774,0.03137755541118657,0.024854401746340772,0.022166302538282587,0.021248141145069965,0.005578107530082086,0.011047252423684623,0.010059552081721032,0.011906440295975927,0.014897034142852296,0.0038186918936515706,0.06495632523931605,0.0314585371614477,0.03988080532438035,0.06631692945382855,0.06877358534865254,0.06942558687091843,0.04953136452590012,0.017516176950189494,0.024174830842650288,0.02327866395706256,0.03221704861031411,0.03333051210054973,0.01963986446578559,0.011768031764979642,0.01414998300118701,0.023371391147298692,0.02895413581485849,0.030765652860224462
FabPr,0.027148474168947487,0.011195917898512212,-0.007619676211237706,0.006519909481102111,-0.0016610278590168134,0.0265471810892679,0.04094151284940969,0.02112503549795702,0.02282256280099393,0.019168160263719522,0.023395268745079623,0.03555130301433201,0.05143620698357723,0.01884073020164112,0.02296459007194374,0.00891467618003373,0.019461219104583087,0.025657306645470623,0.027306733541458666,0.06612524661992536,0.031527899584038885,0.032359051729461366,0.020934934109267445,0.018619601424983014,0.014422396402105938,0.027678824248139354,0.027861565395679164,0.01188288833636561,0.01289509016099575,0.009556411893165587,-0.0011953862743350329,0.06401779094894576,0.029729070119740898,0.03732607743952911,0.0652643533566759,0.0692674510184856,0.06927192813936664,0.04879301144439012,0.01578066021940012,0.023389275529343594,0.024629396876518966,0.03248753898790559,0.03314974849589541,0.02035942053237006,0.010640887053603406,0.012561194108864521,0.017435278588887645,0.02866941515485328,0.03146266781600036
Mach ,0.03159355564630274,0.013230739236231241,-0.0013630663802598581,0.010712495886074943,0.00033300999474975907,0.03332091022182304,0.04352618465618569,0.02802343675441664,0.02553730075915171,0.024510879676725585,0.02577160423811855,0.03713107458672871,0.06282665942930002,0.02627945774161464,0.024189245948510005,0.014778701667521654,0.02738473424307956,0.03435314980095416,0.034207444694377774,0.031527899584038885,0.05149368260734291,0.0444597324207762,0.023636619293872486,0.026086213483913344,0.0295934992913518,0.0163053861863075,0.0203179090511682,0.010733782256105306,0.023664236106254663,0.021469507573842417,0.006243643106470946,0.0793977145277612,0.032694541088537823,0.04682812466356534,0.08526004512156403,0.08592135936575772,0.10176657557640247,0.06896947313582238,0.019446296938324545,0.035378055454988115,0.028582087368418184,0.03671694179609175,0.037911357591799616,0.018296453827654203,0.013689253610195962,0.018876338579795184,0.02451210563309024,0.035807996992435885,0.03972324281884372
ElcEq,0.035876253943708004,0.012731194329162983,-0.0009593497013078647,0.010292660743103229,0.00017288329797504075,0.03254162430437948,0.048007167015830014,0.02849895522560033,0.02488913443116745,0.02312455198978061,0.02895992106097927,0.038850756306888036,0.06861073263568362,0.025619165118332825,0.02487994271380263,0.013425017656315237,0.02577087123764101,0.035797962597561635,0.03137755541118657,0.032359051729461366,0.0444597324207762,0.057501710252967096,0.022455379158502712,0.023721669871325245,0.026175356182181038,0.011468072293494185,0.015171010632180527,0.009325612930390186,0.02177386790400627,0.021834359308372596,0.00610029643160605,0.08026737105720255,0.03133687023986902,0.04833336263281715,0.08639007993459434,0.088553889997001,0.09862343344012268,0.06847919777836327,0.01966098785168823,0.028308954527100173,0.028996009461536312,0.03694523021958183,0.03986628543098335,0.019131047384071218,0.013375795717000124,0.019233603319645617,0.023423153675499932,0.035509103288782116,0.03940753615201281
Autos,0.02300323178063629,0.010108162886512097,-0.0016897335457842246,0.0031753494216190245,0.004365184854675893,0.024121982464791216,0.03099633990244239,0.01854603276496147,0.016520096276456495,0.0184123033058391,0.016653589593885913,0.02449063024639444,0.03133363573449527,0.016683823388401433,0.018012165440690273,0.01081369216961053,0.017183280806535313,0.01651726722655839,0.024854401746340772,0.020934934109267445,0.023636619293872486,0.022455379158502712,0.034798540686352325,0.014845013542066186,0.010128960211258958,0.008707094265426986,0.01792280538008091,0.012527000521146596,0.012407178724805214,0.00803322801778547,0.0019150717660718559,0.04439388326619532,0.022084451977828396,0.02849072534024506,0.04187133976406353,0.046235827017067604,0.04406756444138914,0.032245442754071575,0.016004437040391027,0.020815190500448014,0.01822748155170876,0.022831890101532283,0.02759619345009977,0.015633743996260413,0.009094591341111066,0.011686676182624547,0.019304453296423822,0.020382376938668456,0.02438867691068076
Aero ,0.028209108189267827,0.005334447294030392,-0.0016757287765798866,0.004930120500173896,0.00016724675345064545,0.01910814589739585,0.027131650344130738,0.016359465363212616,0.015692246721641438,0.014780176657635917,0.022601540506011358,0.020423278990619322,0.03485296080680893,0.015580498780317701,0.010984826425223197,0.0032930539705625568,0.01763923750392049,0.01257067593031987,0.022166302538282587,0.018619601424983014,0.026086213483913344,0.023721669871325245,0.014845013542066186,0.05320062012278132,0.02225156440768439,0.019232821120597852,0.00525176578436389,0.010276876056947486,0.013042645340615222,0.004617323442540174,0.002519113204546803,0.045912894809139515,0.024170904738506617,0.026673800793327256,0.040646457375503535,0.04349264045512144,0.048844819496319226,0.03438564055024875,0.013625895491979999,0.013147162952169701,0.018018415334441398,0.02106636962423248,0.02438122735656178,0.016492720241202068,0.009983096687154252,0.011965590927628037,0.012044895474062518,0.021123699351397403,0.02002391178510055
Ships,0.01917072360954667,0.008389432729056137,-0.001754676336517294,0.00856868757172714,-0.005055333830543182,0.018218127216437133,0.01895394426435192,0.01718730728261272,0.016029010637299484,0.01561655951335281,0.018125945546013492,0.016642045147792786,0.03253247196946215,0.01641260825688757,0.00970742467407733,0.0076513660918568075,0.016228180798656237,0.018452886202771544,0.021248141145069965,0.014422396402105938,0.0295934992913518,0.026175356182181038,0.010128960211258958,0.02225156440768439,0.05101516057131173,0.0025629775584794195,-0.000935190202709084,0.002680369350862071,0.028506323201967772,0.014826516900175314,0.007947549292318393,0.042369722130414386,0.02018251201595347,0.02608896869344432,0.04420529786497369,0.04698817181527531,0.05975614715682403,0.0379859714530544,0.011887460369801766,0.019965667978014464,0.014723267138306724,0.020796751224471898,0.023141289076742264,0.011742475092758838,0.00908034797311457,0.013339091798980811,0.01465249499655628,0.021909078732602574,0.02314272903693449
Guns ,0.00882285567634816,0.003945709354857518,-0.0169686953239338,-0.0035808917390803847,-0.013593266967197872,-0.0020572722007777744,0.005541717096432738,0.006949527156847345,0.00894028900794377,0.006895951396571336,-0.003052754859836637,0.004540662869379899,-0.0026328920225804557,0.005847672318809158,0.004305990069666301,-0.004297803017012058,0.013404588861249837,0.013381664907789461,0.005578107530082086,0.027678824248139354,0.0163053861863075,0.011468072293494185,0.008707094265426986,0.019232821120597852,0.0025629775584794195,0.21211839199387958,-0.0030424791450704403,0.015057267580078202,0.03719218350840023,0.002606175291344893,0.008587513593363018,0.018006442047031255,0.015137546050318732,0.005952338573657559,0.012484904996124532,0.014034979460115048,0.022291340908900663,0.015589377612258598,0.011940866119415406,0.014887249966322454,0.0159468537808975,0.003372524376525957,0.013753131060761271,0.001555840100411191,0.005131513699980192,0.007544337335065305,0.004121424385752237,0.0041838287222557315,0.011525386004327207
Gold ,0.023648492165290344,-0.0015976034453659138,-0.0007087329750724875,-0.007214471960460836,-0.015693635543835686,0.018815741105783625,0.03525627328919298,-0.005114197627314303,0.013723314431149623,0.005817545635325631,-0.0017856954519931442,0.024443042424544748,0.020683370473534534,0.005575034808433016,0.001753769253639867,0.010126838164157466,0.006834518337015233,0.014217740796466417,0.011047252423684623,0.027861565395679164,0.0203179090511682,0.015171010632180527,0.01792280538008091,0.00525176578436389,-0.000935190202709084,-0.0030424791450704403,0.35658262261896045,0.07402686826024683,-0.008730294205584568,0.010200280340304332,-0.007580314689359656,0.042887655867135124,0.01252760493995335,0.025623259870031074,0.04159624272674815,0.04509245343358081,0.04013741997530403,0.026842385757504528,-0.001868102092347565,0.014334764043186177,0.013742100871187225,0.02031563743887279,0.015826050365021483,0.012138505184564628,0.003959889405274137,0.00189705018938182,0.01992273922754399,0.0174918947888323,0.02239743636163106
Mines,0.017388045590568574,0.001304289991725588,0.0018362676970856064,0.0018030777595014677,0.0024042610018028734,0.011161967573042221,0.013775357356480987,-0.0023384625840804805,0.009784550092366739,0.009636034314299751,-0.0046852795150904274,0.00959621753509887,0.009693924207427007,0.009895880050377082,0.004702331632573635,0.0023488151036508893,0.004367016415900999,0.006868891871329918,0.010059552081721032,0.01188288833636561,0.010733782256105306,0.009325612930390186,0.012527000521146596,0.010276876056947486,0.002680369350862071,0.015057267580078202,0.07402686826024683,0.07693029565728372,-0.006270703384598765,-0.0032237091994115116,0.0005633039457459565,0.01739086535723747,0.012996386194012551,0.009550729796348661,0.014732606409884915,0.014998626489945687,0.018776471723184144,0.015377346692337606,0.010436021980952791,0.020406740225527582,0.008910358481006112,0.011557866260519802,0.013471945570940027,0.003927353504370578,0.005291111674760887,0.007695649098964267,0.009829156031674993,0.01075381335143196,0.009097491037072922
Coal ,0.02319359644297019,0.0035825164123389447,-0.0007811479598841786,0.00759881829547918,0.002785261751488238,0.002401256389756842,0.008583670123539392,0.024178747311583454,0.01549326530839445,0.011864822786539057,0.022848648180817135,0.010078660515248857,0.02822909099385359,0.009123612030917423,0.0022120136143630596,0.0073405151230521515,0.013716149557566384,0.013265237794836408,0.011906440295975927,0.01289509016099575,0.023664236106254663,0.02177386790400627,0.012407178724805214,0.013042645340615222,0.028506323201967772,0.03719218350840023,-0.008730294205584568,-0.006270703384598765,0.16979662301836632,0.03232706404035533,0.01598814699846044,0.030496821419008925,0.020856772968291366,0.020937163221961992,0.026415768843869494,0.033174918112550675,0.04470164871992318,0.03292119857270768,0.008838768539424221,0.019234773160197994,0.01869876636879816,0.014916623842282147,0.0223855860963742,0.004684935297565109,0.00873653865291109,0.013951450748344318,0.011173735211963208,0.011869220597783654,0.01603018637962527
Oil  ,0.015613596117750652,0.005289539657832607,0.005232091208525583,0.006128297681017139,0.003716415867100992,0.0132549866791886,0.013377355756419504,0.014890620063577045,0.009765303781307643,0.009064407925798393,0.015099967930486067,0.011484347968128231,0.026233631190110688,0.01503701877098273,0.0059373219678687,0.010215473519799567,0.014479420361103628,0.02185746470589705,0.014897034142852296,0.009556411893165587,0.021469507573842417,0.021834359308372596,0.00803322801778547,0.004617323442540174,0.014826516900175314,0.002606175291344893,0.010200280340304332,-0.0032237091994115116,0.03232706404035533,0.061337802419542294,0.015598575923598267,0.02604054441126913,0.009296995407247197,0.01883284369122822,0.026444392280918345,0.02768407885649193,0.034117731810089195,0.02679046959504716,0.009301812624888483,0.015307790814944417,0.0169695563946539,0.013412884145274017,0.011691403659495149,0.001202420922605805,0.005660013651021703,0.008115341484815613,0.0058553115212393115,0.013186610856916865,0.015570908929760591
Util ,0.007335240206746044,0.0031945698736406155,0.004495897420161058,0.00398036112092445,0.005289605556493256,-0.0008503433044956467,0.0003817984213597503,0.004233488902635272,0.004766846034948162,0.002086238323738815,0.004750625675521892,-0.0018578168863364387,0.0042796376226468275,0.006510479060017349,-0.00029007616760443923,0.0030540323770218963,0.004832446953153103,0.00628553576507598,0.0038186918936515706,-0.0011953862743350329,0.006243643106470946,0.00610029643160605,0.0019150717660718559,0.002519113204546803,0.007947549292318393,0.008587513593363018,-0.007580314689359656,0.0005633039457459565,0.01598814699846044,0.015598575923598267,0.01792612449691011,0.002949838246880307,0.0029394222777871354,0.002865367234279915,0.001792919551627528,0.0010893768550436192,0.006711389926719388,0.006120864885942568,0.00592376532086167,0.00878203705080414,0.005887269251456023,0.0010666699133635809,0.004242885335408715,-0.000798692990355057,0.0037486050788600777,0.007729258931518319,0.001259154727514339,0.003758261025621314,0.002045106630014099
Telcm,0.06357271480616994,0.023850758023919918,-0.0004751943096928225,0.02055195255276235,-0.00031916139002322296,0.06461515213459192,0.0896290977068036,0.05308465077603969,0.04889857514367841,0.04365026919078962,0.05426877924810939,0.07639355845719176,0.12449705180825016,0.04032225269586648,0.048625664936727826,0.023740885608511907,0.046380190740654886,0.060620692507201826,0.06495632523931605,0.06401779094894576,0.0793977145277612,0.08026737105720255,0.04439388326619532,0.045912894809139515,0.042369722130414386,0.018006442047031255,0.042887655867135124,0.01739086535723747,0.030496821419008925,0.02604054441126913,0.002949838246880307,0.1806504634539051,0.06254494401314636,0.09214047686227948,0.16706514658954846,0.17676541460346182,0.18613948474001024,0.12433579230828602,0.031876224033551184,0.05030881681236679,0.05051246596834701,0.07204495895296556,0.07451937879248088,0.04258045525839285,0.025539622665170632,0.033476125844924334,0.04695395093829997,0.07120998355494476,0.07590796824553242
PerSv,0.036728525950987606,0.01177993124045275,-0.0004416240889862547,0.01197825088403194,0.0027473902584817765,0.030040516958455346,0.03877369245526518,0.026710051050301335,0.02349709720878701,0.020742566883053832,0.026232990176022063,0.03487187874054033,0.05110017057123787,0.020389640752220835,0.024876817379323547,0.010685710823286107,0.019373410567347846,0.025424129231523835,0.0314585371614477,0.029729070119740898,0.032694541088537823,0.03133687023986902,0.022084451977828396,0.024170904738506617,0.02018251201595347,0.015137546050318732,0.01252760493995335,0.012996386194012551,0.020856772968291366,0.009296995407247197,0.0029394222777871354,0.06254494401314636,0.04620285739669786,0.03954758711287577,0.06340741927756834,0.06862475524236956,0.07121399721708178,0.04990526565729304,0.016695536176195527,0.019616534631882544,0.022103298519181972,0.03207104582948949,0.037079852341256186,0.020938834792876743,0.012025377756583532,0.015774238735781914,0.01964543660287896,0.02940135611452411,0.03282068716400065
BusSv,0.04245729515937643,0.014039005861532195,-0.00020265313417443403,0.012055338027404272,-0.002676668978776849,0.04116518301867921,0.053406492553866355,0.033920978563077825,0.0301824185763751,0.02752746267425815,0.03657699277103472,0.0479496332838682,0.0764444748533941,0.02598973336293795,0.0301045130587322,0.015428683516147535,0.02850874478111168,0.035906925747301435,0.03988080532438035,0.03732607743952911,0.04682812466356534,0.04833336263281715,0.02849072534024506,0.026673800793327256,0.02608896869344432,0.005952338573657559,0.025623259870031074,0.009550729796348661,0.020937163221961992,0.01883284369122822,0.002865367234279915,0.09214047686227948,0.03954758711287577,0.05933167225704323,0.09649168309857703,0.10370467130794352,0.10608853428285549,0.07277126811580509,0.019601494321550412,0.02712173888025112,0.03115353685830378,0.0435521432347991,0.04450560733796773,0.025002461141489712,0.014769796738581933,0.019763755561942372,0.027653394029185735,0.04037038374312649,0.046260320939923494
Hardw,0.060771092893707405,0.024926407192910296,-0.0022210261198625995,0.021925863600539875,-0.005337649985176778,0.06973217291361948,0.09227711648396932,0.05516529593305818,0.04743976840556801,0.043801285635283876,0.05409419191628778,0.08239471289920307,0.135876960521379,0.04378972330445227,0.050014066155234,0.0307731716211245,0.047238054491625645,0.06834389426596656,0.06631692945382855,0.0652643533566759,0.08526004512156403,0.08639007993459434,0.04187133976406353,0.040646457375503535,0.04420529786497369,0.012484904996124532,0.04159624272674815,0.014732606409884915,0.026415768843869494,0.026444392280918345,0.001792919551627528,0.16706514658954846,0.06340741927756834,0.09649168309857703,0.19221503169481222,0.1888127565182081,0.20424594113785915,0.1341042879389948,0.033103041757986555,0.050549378990388326,0.04941142145523883,0.0764624611765008,0.07537508349879438,0.040516562637550574,0.02383208060999742,0.03212526656059363,0.04887715846270955,0.07105257364390177,0.07664312528363808
Softw,0.0664399859668578,0.02407849098020063,-0.0016976969594094914,0.020094381239355454,-0.005468610247397498,0.07347878813426903,0.09761901223620525,0.06052818119893357,0.051919792354160485,0.04787729089155117,0.06032880490237613,0.08817829572775661,0.14199707214833163,0.044471875677723545,0.05347469449458363,0.029801130876881802,0.04917281322215426,0.06756688483838619,0.06877358534865254,0.0692674510184856,0.08592135936575772,0.088553889997001,0.046235827017067604,0.04349264045512144,0.04698817181527531,0.014034979460115048,0.04509245343358081,0.014998626489945687,0.033174918112550675,0.02768407885649193,0.0010893768550436192,0.17676541460346182,0.06862475524236956,0.10370467130794352,0.1888127565182081,0.20366098620474385,0.20683726894856796,0.13766013182620734,0.03333181648912407,0.05389778055836526,0.05368557953461923,0.08006286914332332,0.0791414999167697,0.04353148435373605,0.0257381620375227,0.03332777208323255,0.05119122965418507,0.07510712083494847,0.08307707609190676
Chips,0.06848792207716618,0.025746587285588676,-0.0006422626452428086,0.0275163437108483,-0.012735445621963081,0.07190921817049481,0.09528460942257722,0.06213991709165082,0.052368626473918864,0.049071580938744475,0.05695310361039521,0.08636599555147007,0.14727562410200676,0.04895663968898143,0.051310247413434866,0.030192325590823636,0.05220782286009796,0.07501650629088366,0.06942558687091843,0.06927192813936664,0.10176657557640247,0.09862343344012268,0.04406756444138914,0.048844819496319226,0.05975614715682403,0.022291340908900663,0.04013741997530403,0.018776471723184144,0.04470164871992318,0.034117731810089195,0.006711389926719388,0.18613948474001024,0.07121399721708178,0.10608853428285549,0.20424594113785915,0.20683726894856796,0.24729661371411787,0.1564180570059945,0.0357568967775696,0.06290804685662903,0.057937349906539926,0.08446557054869679,0.08170703983741122,0.0412365517473892,0.02715662344448738,0.037030613804724014,0.05323241683643076,0.08048886407905353,0.08513955123590983
LabEq,0.04907855832640542,0.018364713539707922,-0.0009055323307913045,0.015947521773734496,-0.0035795401521244324,0.04875598730980366,0.06931734677945472,0.04300447010026577,0.0371354778491585,0.03398285976806048,0.04333889406418259,0.06121514733264881,0.10566181177157447,0.03499971521719639,0.0371958444042183,0.019977961888904928,0.036776930897562024,0.05097907214910229,0.04953136452590012,0.04879301144439012,0.06896947313582238,0.06847919777836327,0.032245442754071575,0.03438564055024875,0.0379859714530544,0.015589377612258598,0.026842385757504528,0.015377346692337606,0.03292119857270768,0.02679046959504716,0.006120864885942568,0.12433579230828602,0.04990526565729304,0.07277126811580509,0.1341042879389948,0.13766013182620734,0.1564180570059945,0.11260930662502694,0.025318100806810042,0.04141893601325288,0.04069574231129655,0.057379901438775645,0.05651602324414806,0.02881257731972515,0.0191982400262654,0.025909089364954393,0.034725776591507614,0.05319575107534764,0.06013629183361695
