,Agric,Food ,Soda ,Beer ,Smoke,Toys ,Fun  ,Books,Hshld,Clths,Hlth ,MedEq,Drugs,Chems,Rubbr,Txtls,BldMt,Cnstr,Steel,FabPr,Mach ,ElcEq,Autos,Aero ,Ships,Guns ,Gold ,Mines,Coal ,Oil  ,Util ,Telcm,PerSv,BusSv,Hardw,Softw,Chips,LabEq,Paper,Boxes,Trans,Whlsl,Rtail,Meals,Banks,Insur,RlEst,Fin  ,Other
Agric,0.05583954252422557,0.009508993677521841,0.009453531107227955,0.009231383301032566,0.011771152252581416,0.01627687911358221,0.01976194157108816,0.012807972597299443,0.014965188746624303,0.014152652814932486,0.01703377655123114,0.018501694916600482,0.02599873800794281,0.013605787369340743,0.013695667221604448,0.013555396100079428,0.012902402687847501,0.01550444363780778,0.01762932946783161,0.013945486066719621,0.0171987191517077,0.016514632808578233,0.015130146989674343,0.016591007107227957,0.013747575626687845,0.01015995749324861,0.01163015449880858,0.013888720749801424,0.012186905836378076,0.014283885618745034,0.006816925852263699,0.02617264848292295,0.015443852408260524,0.020217278756155678,0.02780253658459094,0.028255000891183473,0.027879910122319294,0.021064766718030183,0.012448926988085782,0.01508282497378872,0.01658411500714853,0.016883530405083395,0.018621031229547256,0.01434801534551231,0.010123969202541699,0.01225022080381255,0.011335326497220013,0.013668274324066717,0.017442067383637804
Food ,0.009508993677521841,0.01640729194598888,0.00787013899920572,0.00788031135822081,0.010165025766481333,0.011875727180301828,0.014125182748212868,0.011515068085782367,0.012331385099285146,0.012632224718030183,0.013196772200158857,0.013341488196981732,0.019237255663224782,0.012225247148530578,0.010101154789515487,0.010987290929308976,0.011020744050833992,0.013481163621922159,0.014371114217633043,0.010973646957903099,0.014327808705321682,0.012877422462271646,0.013251383542494043,0.013754944050833997,0.011386370230341543,0.007951541032565526,-7.535666401906425e-05,0.009378237045274023,0.010947516505162827,0.011747499698173151,0.007541498173153296,0.018695164575059566,0.011748835329626684,0.014559662716441622,0.019240186274821283,0.02002134567116759,0.019671425957108815,0.01501938100079428,0.011145131056393965,0.014106407561556792,0.013693834122319302,0.011954107386814931,0.015019326100079422,0.010324806004765687,0.008522947386814932,0.011493078633836378,0.00916807138999206,0.010946125115170771,0.01348057801429706
Soda ,0.009453531107227955,0.00787013899920572,0.04589285467196188,0.008850230888006353,0.01203132499444003,0.009719970795869738,0.010874611901509134,0.009909644892772039,0.010025018154090548,0.010479038659253379,0.011482871504368544,0.010522297505957106,0.014890736978554402,0.009509103688641779,0.008139083857029389,0.011347709356632246,0.009281617849086576,0.010645573725178716,0.012376915996822876,0.005941497683876093,0.011349120457505957,0.010183657925337567,0.011594290865766481,0.010650658922954723,0.009155856038125494,0.0056050711930103235,0.00025316888959491933,0.008800036689436061,0.00787659499920572,0.01159506515647339,0.007102363100873709,0.014765194503574266,0.009980047510722794,0.01152442251945989,0.014799263637807782,0.015371569067513902,0.014860514401906276,0.012134398112787922,0.009621338192216045,0.012851061521842731,0.010829348587768071,0.00998966897537728,0.012483483926926131,0.008381518474980143,0.007392217734710088,0.010066743173947576,0.008505480476568704,0.008991214894360602,0.009266745455123113
Beer ,0.009231383301032566,0.00788031135822081,0.008850230888006353,0.0316318292867355,0.007492029953931693,0.008852998767275614,0.010416258281175535,0.008098299348689435,0.008674365737887211,0.011216914795869738,0.01121841672438443,0.011110921493248604,0.014671773108816517,0.008713633023034155,0.007898881575853852,0.007702623510722795,0.008489410141382048,0.009431005401111994,0.011024248800635421,0.0077909786624305016,0.010897245166004764,0.00968258093089754,0.00959774865766481,0.010552746287529785,0.008066425772835582,0.007012964676727562,0.004524600768864179,0.008541599625099285,0.00803624201429706,0.010484647313741064,0.006141962713264493,0.014503198602065132,0.01017071538046068,0.011475057258141382,0.015281320285941216,0.015560507088165214,0.016029718989674344,0.011711390671961872,0.009046842713264494,0.00796987658776807,0.010590677655281967,0.0100003556791104,0.012546693960285944,0.008393867100873708,0.006514422837172361,0.008986201766481336,0.007821408927720411,0.008314286519459887,0.010832837483717234
Smoke,0.011771152252581416,0.010165025766481333,0.01203132499444003,0.007492029953931693,0.10111577482287527,0.011197237607625097,0.01566412289594916,0.009961516330420968,0.011469344451151709,0.012142073453534553,0.015354810362192217,0.013151215965051623,0.019904953760127082,0.01436238861477363,0.010394114586179507,0.009326327760127083,0.0101536266624305,0.011037074201747418,0.013437453661636217,0.007594724929308977,0.012503341893566321,0.011662218714853055,0.01389006187450357,0.012806529051628277,0.010163022953137412,0.009407736098490866,0.002053254787926928,0.013678309712470216,0.013898045572676727,0.014575591404289117,0.010669999154884827,0.014955370706910245,0.012811836103256551,0.013060981809372514,0.014621679237490073,0.015334012354249407,0.014265120371723589,0.013022082498808579,0.011903598003177123,0.017264135150119143,0.01299246400158856,0.01163392583002383,0.014352361529785543,0.00897841321683876,0.009212530930897538,0.012547461401111992,0.007545430135027802,0.010161426527402699,0.012631359119936457
Toys ,0.01627687911358221,0.011875727180301828,0.009719970795869738,0.008852998767275614,0.011197237607625097,0.0453926106370135,0.026235930900714854,0.018489245115170774,0.018997496533756944,0.020999714862589357,0.02039934001906275,0.024677636314535345,0.03421866816203335,0.018540601274027006,0.016980576692613176,0.017841102382843525,0.01781937556155679,0.021752870849880854,0.02254069766481334,0.018141373092930898,0.02473127648610008,0.022596375431294675,0.020559313137410645,0.019976562370135027,0.015275330144559174,0.010519994179507546,0.0065373134328832435,0.01525919923113582,0.015233111059571085,0.016564711240667194,0.006751841226370133,0.038496994281175534,0.01926829200635425,0.027040582090548052,0.04055518487688642,0.04221025524702145,0.0412242315107228,0.029739760162033366,0.01633147333121525,0.022196462617950746,0.021159990954725965,0.022432347227958695,0.025434572902303408,0.017211718983320093,0.012018155796664019,0.014278255326449565,0.013950459571088165,0.019868887602859413,0.02315446380301827
Fun  ,0.01976194157108816,0.014125182748212868,0.010874611901509134,0.010416258281175535,0.01566412289594916,0.026235930900714854,0.046852408036536924,0.021521343240667203,0.021805286602065134,0.023135859169181885,0.024556010768864177,0.028645072231930104,0.041383832845115175,0.02101082279428118,0.01895037584749801,0.01955525706910246,0.020710518748212864,0.024787435853852263,0.026328167275615565,0.0207608265274027,0.027979316768864174,0.02710338801111993,0.02444843842732327,0.02341998184908657,0.016462907127879265,0.01267995180619539,0.00605962560285941,0.014944296285941221,0.01670365099920572,0.019860883458300237,0.009508749617156474,0.045249954471803015,0.022468587436060367,0.03136677626211279,0.046125657283558386,0.04853147812708499,0.04730916206830818,0.03433765192851468,0.019404626177918976,0.025782021288324058,0.025893076627482126,0.025159553566322473,0.02955832428752978,0.020158095536139797,0.014110305564733918,0.018197253274027006,0.016578766560762508,0.02305110580937252,0.028325559011914213
Books,0.012807972597299443,0.011515068085782367,0.009909644892772039,0.008098299348689435,0.009961516330420968,0.018489245115170774,0.021521343240667203,0.03190112714853058,0.016649448101667987,0.017346403002382847,0.01869045231135822,0.01969265172359015,0.02908458077839555,0.016322337744241463,0.014720908149324861,0.016439973582208098,0.015474757267672754,0.018467905544082605,0.019506776298649723,0.01465652357426529,0.021102047148530572,0.019648838459094518,0.018288209181890388,0.01608386779984114,0.013650561826846704,0.011335873423351865,-0.002293610976965846,0.012041001461477362,0.016986957490071484,0.01522929777601271,0.008761131151707702,0.032137881048451146,0.017886442239872916,0.022551360841938043,0.03237932346306593,0.03410091696584591,0.03397348327243845,0.02489897507545671,0.015031682652899125,0.020638262128673552,0.018998091072279583,0.01813837509134233,0.02198509415409055,0.014385531723590146,0.011452960778395551,0.014112864813343921,0.012440767752184272,0.017367806719618743,0.02028540899126291
Hshld,0.014965188746624303,0.012331385099285146,0.010025018154090548,0.008674365737887211,0.011469344451151709,0.018997496533756944,0.021805286602065134,0.016649448101667987,0.02608624601111994,0.018090926843526606,0.018155405490071486,0.020366772708498803,0.0291825024050834,0.01777986588721207,0.01520872566163622,0.017291548085782368,0.01694976722478157,0.02029179955520254,0.021873484702144556,0.01730714452104845,0.022148807536139792,0.020238006595710883,0.019597116060365367,0.018045618103256555,0.015648276962668788,0.011141904444797457,0.003766717089753775,0.015367517598093725,0.014685024870532165,0.016686151307386814,0.0089493429324861,0.03155876088959492,0.017635821451945994,0.023314898027005565,0.033211248641779184,0.03389071635266083,0.03425680392057188,0.025184285362986496,0.016565482567116756,0.021502576114376483,0.02058772017156474,0.019113305067513894,0.022933103409054804,0.015762580587768065,0.011999812981731533,0.015065912794281175,0.012669408006354249,0.01723432579507546,0.020470662544876887
Clths,0.014152652814932486,0.012632224718030183,0.010479038659253379,0.011216914795869738,0.012142073453534553,0.020999714862589357,0.023135859169181885,0.017346403002382847,0.018090926843526606,0.03523024166957904,0.018658906508339946,0.020021873788721205,0.02892486139475774,0.017862146937251785,0.01544071391262907,0.017775345456711673,0.01699904822239873,0.020774114201747417,0.022136649944400313,0.015903899010325656,0.021861254071485304,0.02054598978395552,0.020405134725972992,0.019753828978554405,0.015021959270849877,0.010569899262907067,0.0036395833852263695,0.01684771862748213,0.017524576349483716,0.01589894783320095,0.007986126913423354,0.032104787005559965,0.018107925342335185,0.023445598476568706,0.031729788403494844,0.03391484427799841,0.03254357996187449,0.0237905638395552,0.01613773325972994,0.021776413078633833,0.022136131502779984,0.019822624352660842,0.025894125126290708,0.01659733690230341,0.01192530250833995,0.015152104762509932,0.014320011771247023,0.01751983496584591,0.02139673368387609
Hlth ,0.01703377655123114,0.013196772200158857,0.011482871504368544,0.01121841672438443,0.015354810362192217,0.02039934001906275,0.024556010768864177,0.01869045231135822,0.018155405490071486,0.018658906508339946,0.03761679704368546,0.024248081604447972,0.035965041550436845,0.01761838161874503,0.01588881070055599,0.017389980119142175,0.01647678406989675,0.020598341461477373,0.021853577918983316,0.01730804660683082,0.022866109429706113,0.021849128249404284,0.019160017172359014,0.020697525931691815,0.015682843458300236,0.010753802068308184,0.00513519040031771,0.013764012886417787,0.018210850522637014,0.01979705975694996,0.009449999180301826,0.03459964165210486,0.019957279858617952,0.025918574387609212,0.03540821099285146,0.03740012810325655,0.03611368648451151,0.027635238076250988,0.016355680760921365,0.020445690772041298,0.020782811528196984,0.020905193756949957,0.024299068274821287,0.01667831485305798,0.013179364532168393,0.016905834147736297,0.014148699745830018,0.018016572528991266,0.02292225648610008
MedEq,0.018501694916600482,0.013341488196981732,0.010522297505957106,0.011110921493248604,0.013151215965051623,0.024677636314535345,0.028645072231930104,0.01969265172359015,0.020366772708498803,0.020021873788721205,0.024248081604447972,0.03557169801429705,0.04471174973788721,0.01897204338363781,0.018220780047656867,0.017253287672756155,0.01841875463065925,0.022715106243050044,0.024801332581413822,0.02005748637013503,0.02737932841938046,0.026720779682287525,0.02157622697378872,0.02027080540111199,0.01607168954725973,0.012178781858617947,0.004969049769658458,0.015334619221604449,0.019093049436060366,0.020132786227164412,0.007600690992851469,0.041937590436854646,0.021324778347895153,0.030491767164416202,0.04647029645750596,0.04798098854646545,0.0473559530420969,0.03497100935663224,0.01711905494837172,0.023061752422557587,0.021988161699761716,0.024600382557585388,0.0263800668943606,0.017853205718824466,0.012702863939634632,0.015806013756949962,0.015262814646544876,0.020685975837966643,0.026470117998411438
Drugs,0.02599873800794281,0.019237255663224782,0.014890736978554402,0.014671773108816517,0.019904953760127082,0.03421866816203335,0.041383832845115175,0.02908458077839555,0.0291825024050834,0.02892486139475774,0.035965041550436845,0.04471174973788721,0.08314027937092928,0.02795429892930897,0.02471294335822081,0.024645994757744247,0.02577942746306592,0.03330784946783161,0.03488323866560763,0.02740434112152503,0.04012541258776807,0.04098718791421764,0.02922742792692613,0.029052179374106427,0.0226967775822081,0.012710127447180301,0.0017683973121525053,0.02068649834471803,0.02715318757108817,0.02848444741540905,0.01334158731691819,0.0653035660047657,0.029402810141382046,0.04579762269737887,0.0712706095313741,0.07349012540746623,0.07454471273709296,0.05498763062112787,0.024207438563939636,0.03402523139634629,0.03219008706592534,0.035342027672756154,0.03754358302779984,0.024681933057982525,0.018080594522637015,0.023758234986497217,0.02233669998411437,0.031113121664813347,0.039159568533756954
Chems,0.013605787369340743,0.012225247148530578,0.009509103688641779,0.008713633023034155,0.01436238861477363,0.018540601274027006,0.02101082279428118,0.016322337744241463,0.01777986588721207,0.017862146937251785,0.01761838161874503,0.01897204338363781,0.02795429892930897,0.027324342651310563,0.015025302932486098,0.017331542962668783,0.016765142926131855,0.019233759793486894,0.023091958538522632,0.015841792135027802,0.022245097674344714,0.020178909679110405,0.02060361666401906,0.01909806496266878,0.015771568208101668,0.010675906468625896,-3.9188138204922636e-05,0.01611999916123908,0.01549430164257347,0.01933741351389992,0.010835568616362192,0.028873684130262107,0.01697653207466243,0.021600713402700557,0.030167067132644963,0.02996701736457506,0.03180739612708499,0.023733979061159656,0.018806556455917396,0.02368619582366958,0.020878163092930894,0.01811210524225576,0.022032551118347902,0.01493369534551231,0.01176269341223193,0.015585860772041302,0.011752918554408258,0.016811466651310565,0.020150668368546464
Rubbr,0.013695667221604448,0.010101154789515487,0.008139083857029389,0.007898881575853852,0.010394114586179507,0.016980576692613176,0.01895037584749801,0.014720908149324861,0.01520872566163622,0.01544071391262907,0.01588881070055599,0.018220780047656867,0.02471294335822081,0.015025302932486098,0.028205001277204128,0.012990476123907862,0.013836220727561556,0.016984765305798254,0.018702801270849886,0.013993823631453534,0.0189929957172359,0.017879232266878476,0.01585561559968229,0.014673231065925333,0.012962000235107228,0.010196888590945197,0.0019673280826052394,0.011742949845909451,0.012047033448768863,0.014024787939634627,0.006901724536934075,0.026932962255758537,0.015402848171564731,0.019980742220810165,0.02833312438443209,0.02885684661477363,0.029146963444003183,0.021851579945988884,0.013319549826846704,0.018337998989674347,0.017445017741064335,0.016805383828435265,0.01918898321842732,0.013536600444797455,0.00990348252899126,0.012069960355837968,0.011729829610802224,0.014355480393963465,0.017146954649722
Txtls,0.013555396100079428,0.010987290929308976,0.011347709356632246,0.007702623510722795,0.009326327760127083,0.017841102382843525,0.01955525706910246,0.016439973582208098,0.017291548085782368,0.017775345456711673,0.017389980119142175,0.017253287672756155,0.024645994757744247,0.017331542962668783,0.012990476123907862,0.05025660015091341,0.01676934328832406,0.019686869690230344,0.021366678506751394,0.014860865869737885,0.02033406787926926,0.019104960023828436,0.01936241081810961,0.019104935710881652,0.013542279960285937,0.009570766592533756,0.0013614528911834794,0.014339342208101668,0.017336835837966642,0.017573050444797456,0.010153576076250994,0.026601695440826054,0.01689278259729945,0.020076490063542493,0.026592625226370133,0.02748620631453534,0.027982183558379663,0.022583045011914212,0.01638153208101668,0.021458139658459097,0.018867250063542493,0.017257356203335978,0.020661137895154887,0.014713749166004765,0.010762050127084987,0.013681070309769663,0.0122680498649722,0.015878158578236694,0.01791542924543288
BldMt,0.012902402687847501,0.011020744050833992,0.009281617849086576,0.008489410141382048,0.0101536266624305,0.01781937556155679,0.020710518748212864,0.015474757267672754,0.01694976722478157,0.01699904822239873,0.01647678406989675,0.01841875463065925,0.02577942746306592,0.016765142926131855,0.013836220727561556,0.01676934328832406,0.021516909254964255,0.0189035162192216,0.020705593868149325,0.015634233092930893,0.021451817995234313,0.019352263167593326,0.01937507990468626,0.01828184094042891,0.014495814957903098,0.012160914147736302,-0.00010022062589356362,0.01402605298808578,0.013749386611596505,0.016181931431294677,0.008328174347895154,0.02865508184273232,0.01643730936934075,0.02109238032724384,0.030350172867355047,0.030633050115965052,0.031520257849086575,0.023252000654487688,0.015576279097696582,0.020442729988880064,0.01909000399682288,0.01793816063542494,0.021108705340746624,0.014480479015091337,0.01104664969658459,0.014165043412231931,0.012403419698173155,0.01621328545830024,0.019899521785544085
Cnstr,0.01550444363780778,0.013481163621922159,0.010645573725178716,0.009431005401111994,0.011037074201747418,0.021752870849880854,0.024787435853852263,0.018467905544082605,0.02029179955520254,0.020774114201747417,0.020598341461477373,0.022715106243050044,0.03330784946783161,0.019233759793486894,0.016984765305798254,0.019686869690230344,0.0189035162192216,0.03852719342335187,0.024390582843526604,0.018970758204924543,0.025410343034154088,0.023324742986497216,0.022422889181890393,0.02050228575059571,0.015949380667196186,0.012770402859412234,0.0009098409054805362,0.01738087301032566,0.019182951231135822,0.020032407355043684,0.009787025003971404,0.03575607231135823,0.020100798204924546,0.02565906209690229,0.03779226281175536,0.037995545242255756,0.03898861105639396,0.028696089864972192,0.017904794201747416,0.024078141969817307,0.0228987399364575,0.021272542303415406,0.025907632613185065,0.016946840254169974,0.012641090087370932,0.016423515011914216,0.013937091660047656,0.020137201953931688,0.02404766192216044
Steel,0.01762932946783161,0.014371114217633043,0.012376915996822876,0.011024248800635421,0.013437453661636217,0.02254069766481334,0.026328167275615565,0.019506776298649723,0.021873484702144556,0.022136649944400313,0.021853577918983316,0.024801332581413822,0.03488323866560763,0.023091958538522632,0.018702801270849886,0.021366678506751394,0.020705593868149325,0.024390582843526604,0.03790037769658459,0.019017107482128672,0.02800899177124702,0.02527613699761716,0.02504120800635425,0.02305473448768864,0.019917016679904687,0.014720928959491661,0.004894064019062748,0.02002946462271644,0.01976273826846704,0.023807002795869732,0.010790708657664815,0.039511054710087375,0.02137515256552819,0.02810947040508339,0.041018944177918994,0.04061681277204131,0.043271548594122314,0.030967764416203337,0.020552676854646543,0.027664555107227963,0.02556995405877681,0.023572763653693405,0.02657164193804607,0.01870041258141382,0.014089229324861,0.01782309671167593,0.015963955202541697,0.02117221455123114,0.02481960416203336
FabPr,0.013945486066719621,0.010973646957903099,0.005941497683876093,0.0077909786624305016,0.007594724929308977,0.018141373092930898,0.0207608265274027,0.01465652357426529,0.01730714452104845,0.015903899010325656,0.01730804660683082,0.02005748637013503,0.02740434112152503,0.015841792135027802,0.013993823631453534,0.014860865869737885,0.015634233092930893,0.018970758204924543,0.019017107482128672,0.05306616848133439,0.02139532963621922,0.019840018861000785,0.01731380265289913,0.017016469283558374,0.01366166239396346,0.013402054554408259,0.01445483329150119,0.015173856921366162,0.0156824015949166,0.01676877638919778,0.0073420640889594905,0.02970880883240666,0.016660705180301823,0.02127032723907863,0.03189699389992057,0.0316473121223193,0.03324843666719618,0.024223571388403493,0.014233752436854645,0.019449365593328032,0.017817996722795864,0.018221871691818905,0.020441041015091338,0.013365866560762505,0.010440787185067513,0.013420802376489276,0.011826326719618743,0.015379817612390783,0.019248604349483722
Mach ,0.0171987191517077,0.014327808705321682,0.011349120457505957,0.010897245166004764,0.012503341893566321,0.02473127648610008,0.027979316768864174,0.021102047148530572,0.022148807536139792,0.021861254071485304,0.022866109429706113,0.02737932841938046,0.04012541258776807,0.022245097674344714,0.0189929957172359,0.02033406787926926,0.021451817995234313,0.025410343034154088,0.02800899177124702,0.02139532963621922,0.03582238462907069,0.0286456354598888,0.0241424090548054,0.02308379170135028,0.02021022827323273,0.013994412149324863,0.0034233494805401086,0.017655965159650514,0.021707813845909443,0.02374521254646545,0.010562974354249405,0.04438647485305799,0.022412693715647337,0.030991541982525808,0.04925205992057188,0.048341719926926124,0.05401741780460683,0.037966895386814935,0.02008881938999206,0.02895451401747418,0.0256299015694996,0.02521861722001589,0.02823794660206514,0.018797401366163622,0.014043683339158062,0.018055846996028593,0.016663064813343925,0.02312626245909452,0.026834170185861796
ElcEq,0.016514632808578233,0.012877422462271646,0.010183657925337567,0.00968258093089754,0.011662218714853055,0.022596375431294675,0.02710338801111993,0.019648838459094518,0.020238006595710883,0.02054598978395552,0.021849128249404284,0.026720779682287525,0.04098718791421764,0.020178909679110405,0.017879232266878476,0.019104960023828436,0.019352263167593326,0.023324742986497216,0.02527613699761716,0.019840018861000785,0.0286456354598888,0.037716535744241456,0.02156828725972994,0.020444357709293093,0.017701481523431293,0.012864253810961079,0.0017074655742652899,0.015466996193804603,0.019332202617950753,0.02041104883081811,0.009443815548848293,0.04309062204924543,0.02044503697696584,0.029586111769658457,0.04721829111993646,0.0467021678268467,0.05023201419221604,0.03588101995710881,0.01757473101350278,0.0235709620127085,0.023269236948371724,0.023680697204130262,0.025931495652104848,0.017413884257347103,0.012586926467037329,0.016357984069896747,0.015194527291501187,0.02178145088006354,0.025286499993645756
Autos,0.015130146989674343,0.013251383542494043,0.011594290865766481,0.00959774865766481,0.01389006187450357,0.020559313137410645,0.02444843842732327,0.018288209181890388,0.019597116060365367,0.020405134725972992,0.019160017172359014,0.02157622697378872,0.02922742792692613,0.02060361666401906,0.01585561559968229,0.01936241081810961,0.01937507990468626,0.022422889181890393,0.02504120800635425,0.01731380265289913,0.0241424090548054,0.02156828725972994,0.03385539339158062,0.022761669896743445,0.016899312676727566,0.011507280444797457,0.001617990961080223,0.017150031358220807,0.016956110786338366,0.017509393693407465,0.010831743224781573,0.03339647186656076,0.019879386449563143,0.024409603002382846,0.033814003971405875,0.03415877434471804,0.03528526227164416,0.026254895043685462,0.01918328703733121,0.024840931135822086,0.02419316637013503,0.020078388339952343,0.025686794678316117,0.01739981235901509,0.012887536600476571,0.01693508193804607,0.01384278973788721,0.018858313121525017,0.02240727161239079
Aero ,0.016591007107227957,0.013754944050833997,0.010650658922954723,0.010552746287529785,0.012806529051628277,0.019976562370135027,0.02341998184908657,0.01608386779984114,0.018045618103256555,0.019753828978554405,0.020697525931691815,0.02027080540111199,0.029052179374106427,0.01909806496266878,0.014673231065925333,0.019104935710881652,0.01828184094042891,0.02050228575059571,0.02305473448768864,0.017016469283558374,0.02308379170135028,0.020444357709293093,0.022761669896743445,0.0622924859793487,0.01763823380778395,0.012111962274821288,0.003771070916600476,0.01801349638125497,0.017441460117553608,0.019006377699761715,0.009359261293089756,0.03088928813343924,0.01894720506115965,0.02321627526926132,0.030400162764098494,0.031432285474185855,0.03154938082922955,0.023710868012708494,0.018934636305003968,0.02301239978713264,0.023346745674344718,0.019436831834789517,0.024121639291501188,0.017272551834789512,0.012881409432883238,0.016534765521842732,0.013636474090548054,0.0175446887720413,0.021982800425734705
Ships,0.013747575626687845,0.011386370230341543,0.009155856038125494,0.008066425772835582,0.010163022953137412,0.015275330144559174,0.016462907127879265,0.013650561826846704,0.015648276962668788,0.015021959270849877,0.015682843458300236,0.01607168954725973,0.0226967775822081,0.015771568208101668,0.012962000235107228,0.013542279960285937,0.014495814957903098,0.015949380667196186,0.019917016679904687,0.01366166239396346,0.02021022827323273,0.017701481523431293,0.016899312676727566,0.01763823380778395,0.04546376719777601,0.011912487316918187,0.006843447388403492,0.013958141756949961,0.014548283323272439,0.020076852471803016,0.009028550868943608,0.024906708276409843,0.01601989091818904,0.019233144576648133,0.028429012803812548,0.027763346406671958,0.030203315656870525,0.0214783588355838,0.01477512009054805,0.01960036327720413,0.01706554911993646,0.016164885607625096,0.0184448086370135,0.01230250913423352,0.01099680597140588,0.013836299837966642,0.01127160976965846,0.014729905005559969,0.016624246694201747
Guns ,0.01015995749324861,0.007951541032565526,0.0056050711930103235,0.007012964676727562,0.009407736098490866,0.010519994179507546,0.01267995180619539,0.011335873423351865,0.011141904444797457,0.010569899262907067,0.010753802068308184,0.012178781858617947,0.012710127447180301,0.010675906468625896,0.010196888590945197,0.009570766592533756,0.012160914147736302,0.012770402859412234,0.014720928959491661,0.013402054554408259,0.013994412149324863,0.012864253810961079,0.011507280444797457,0.012111962274821288,0.011912487316918187,0.09304188313899917,0.010067203631453532,0.01356663614932486,0.015793083037331214,0.014566179167593332,0.008002263370929309,0.018237218681493247,0.010546533277204133,0.01328234672915012,0.01826364435266084,0.01756788930579825,0.019972597515488476,0.015189446262112787,0.011404694681493247,0.013983353388403492,0.010410564108022238,0.011870972295472595,0.01334770948689436,0.006352291660047656,0.008929800975377282,0.009752853992057187,0.005971173057982526,0.01009088677680699,0.01407401001429706
Gold ,0.01163015449880858,-7.535666401906425e-05,0.00025316888959491933,0.004524600768864179,0.002053254787926928,0.0065373134328832435,0.00605962560285941,-0.002293610976965846,0.003766717089753775,0.0036395833852263695,0.00513519040031771,0.004969049769658458,0.0017683973121525053,-3.9188138204922636e-05,0.0019673280826052394,0.0013614528911834794,-0.00010022062589356362,0.0009098409054805362,0.004894064019062748,0.01445483329150119,0.0034233494805401086,0.0017074655742652899,0.001617990961080223,0.003771070916600476,0.006843447388403492,0.010067203631453532,0.3387231984289118,0.02500656056552819,-0.0022936217124702174,0.019810496570293882,-0.00041657723272438344,0.004817041397934872,0.004282509123113583,0.005537085704527404,0.008509492263701353,0.007767580814932488,0.004825537515488483,0.003370083442414615,-0.0006946314265289916,0.0019679404019062783,0.0006823330119142142,0.005256917601270849,0.00111001219539317,0.0024957178077839566,0.000450187607625099,-0.0021128122192216056,0.008275990262112787,-0.0004903825242255757,0.001554403135822081
Mines,0.013888720749801424,0.009378237045274023,0.008800036689436061,0.008541599625099285,0.013678309712470216,0.01525919923113582,0.014944296285941221,0.012041001461477362,0.015367517598093725,0.01684771862748213,0.013764012886417787,0.015334619221604449,0.02068649834471803,0.01611999916123908,0.011742949845909451,0.014339342208101668,0.01402605298808578,0.01738087301032566,0.02002946462271644,0.015173856921366162,0.017655965159650514,0.015466996193804603,0.017150031358220807,0.01801349638125497,0.013958141756949961,0.01356663614932486,0.02500656056552819,0.06703567367116758,0.0105050906624305,0.01623434804765687,0.008553298954725973,0.02327783558379666,0.013515739488482921,0.017660432527402698,0.02333951164416203,0.023790715564733913,0.024519451749007146,0.018536057334392373,0.01448414619857029,0.02029607337251787,0.016812647682287532,0.015199268689436062,0.017983414284352666,0.011608045623510723,0.01062823368387609,0.013513162109610805,0.010865246989674346,0.014905273226370138,0.01668321989515488
Coal ,0.012186905836378076,0.010947516505162827,0.00787659499920572,0.00803624201429706,0.013898045572676727,0.015233111059571085,0.01670365099920572,0.016986957490071484,0.014685024870532165,0.017524576349483716,0.018210850522637014,0.019093049436060366,0.02715318757108817,0.01549430164257347,0.012047033448768863,0.017336835837966642,0.013749386611596505,0.019182951231135822,0.01976273826846704,0.0156824015949166,0.021707813845909443,0.019332202617950753,0.016956110786338366,0.017441460117553608,0.014548283323272439,0.015793083037331214,-0.0022936217124702174,0.0105050906624305,0.13295828146783156,0.026639483958697384,0.014298890681493247,0.029846755679110392,0.017248190017474185,0.020568001988880064,0.029462804733915805,0.03088189575218427,0.03271511144082605,0.022532155907863376,0.01576539613026211,0.021269732384432083,0.017309567930103256,0.01700352530579825,0.021511096432088952,0.013835392692613184,0.011347816247815726,0.014721801613979346,0.011488898617950754,0.015984109312152505,0.018952790608419385
Oil  ,0.014283885618745034,0.011747499698173151,0.01159506515647339,0.010484647313741064,0.014575591404289117,0.016564711240667194,0.019860883458300237,0.01522929777601271,0.016686151307386814,0.01589894783320095,0.01979705975694996,0.020132786227164412,0.02848444741540905,0.01933741351389992,0.014024787939634627,0.017573050444797456,0.016181931431294677,0.020032407355043684,0.023807002795869732,0.01676877638919778,0.02374521254646545,0.02041104883081811,0.017509393693407465,0.019006377699761715,0.020076852471803016,0.014566179167593332,0.019810496570293882,0.01623434804765687,0.026639483958697384,0.05333283718983319,0.014164072362192219,0.025293798474980148,0.016898312204924538,0.021182645640984907,0.027209358792692612,0.027349511331215246,0.028880480263701342,0.023255612814932488,0.016225746746624303,0.02196791517553614,0.019402247197776012,0.018362004241461474,0.018769681138999208,0.014184808610007947,0.01118524984749801,0.014447979615567909,0.01312179448768864,0.015022786816521048,0.019396174287529787
Util ,0.006816925852263699,0.007541498173153296,0.007102363100873709,0.006141962713264493,0.010669999154884827,0.006751841226370133,0.009508749617156474,0.008761131151707702,0.0089493429324861,0.007986126913423354,0.009449999180301826,0.007600690992851469,0.01334158731691819,0.010835568616362192,0.006901724536934075,0.010153576076250994,0.008328174347895154,0.009787025003971404,0.010790708657664815,0.0073420640889594905,0.010562974354249405,0.009443815548848293,0.010831743224781573,0.009359261293089756,0.009028550868943608,0.008002263370929309,-0.00041657723272438344,0.008553298954725973,0.014298890681493247,0.014164072362192219,0.01931432308816521,0.01185249461477363,0.00864885438602065,0.0095978885019857,0.010164434757744242,0.01029155402065131,0.01230109698490866,0.009975535574265289,0.009158820625893566,0.012450405585385226,0.0106368607974583,0.007962906878474979,0.009960591364575057,0.007330252359015091,0.006478774023828435,0.010259392114376487,0.005304924797458299,0.008196674617950752,0.009241761537728356
Telcm,0.02617264848292295,0.018695164575059566,0.014765194503574266,0.014503198602065132,0.014955370706910245,0.038496994281175534,0.045249954471803015,0.032137881048451146,0.03155876088959492,0.032104787005559965,0.03459964165210486,0.041937590436854646,0.0653035660047657,0.028873684130262107,0.026932962255758537,0.026601695440826054,0.02865508184273232,0.03575607231135823,0.039511054710087375,0.02970880883240666,0.04438647485305799,0.04309062204924543,0.03339647186656076,0.03088928813343924,0.024906708276409843,0.018237218681493247,0.004817041397934872,0.02327783558379666,0.029846755679110392,0.025293798474980148,0.01185249461477363,0.09224300752978552,0.032415123939634624,0.04971637737887213,0.08143591726767276,0.08374744397140588,0.08592380768864175,0.05818628457505958,0.026141012581413818,0.03773608482922955,0.036370393613979334,0.03780581016679904,0.04344332749801429,0.02647777274027006,0.020256484702144556,0.024640948435266083,0.023004263478951546,0.0370202468943606,0.03983664384432089
PerSv,0.015443852408260524,0.011748835329626684,0.009980047510722794,0.01017071538046068,0.012811836103256551,0.01926829200635425,0.022468587436060367,0.017886442239872916,0.017635821451945994,0.018107925342335185,0.019957279858617952,0.021324778347895153,0.029402810141382046,0.01697653207466243,0.015402848171564731,0.01689278259729945,0.01643730936934075,0.020100798204924546,0.02137515256552819,0.016660705180301823,0.022412693715647337,0.02044503697696584,0.019879386449563143,0.01894720506115965,0.01601989091818904,0.010546533277204133,0.004282509123113583,0.013515739488482921,0.017248190017474185,0.016898312204924538,0.00864885438602065,0.032415123939634624,0.03158815405718825,0.023956796938840345,0.033261505321683885,0.03543629637648928,0.034887925906274805,0.025214550374900713,0.01605137091501191,0.020912477059571093,0.02092311096584591,0.019624813804606824,0.02361936589515488,0.016286268530579826,0.012259876945194597,0.015103368584590944,0.013706005766481334,0.017704709488482923,0.019712382465448767
BusSv,0.020217278756155678,0.014559662716441622,0.01152442251945989,0.011475057258141382,0.013060981809372514,0.027040582090548052,0.03136677626211279,0.022551360841938043,0.023314898027005565,0.023445598476568706,0.025918574387609212,0.030491767164416202,0.04579762269737887,0.021600713402700557,0.019980742220810165,0.020076490063542493,0.02109238032724384,0.02565906209690229,0.02810947040508339,0.02127032723907863,0.030991541982525808,0.029586111769658457,0.024409603002382846,0.02321627526926132,0.019233144576648133,0.01328234672915012,0.005537085704527404,0.017660432527402698,0.020568001988880064,0.021182645640984907,0.0095978885019857,0.04971637737887213,0.023956796938840345,0.03758315496584591,0.052808865671167576,0.05502532445274026,0.05511530040667195,0.038680717723590136,0.019420282282764097,0.027185139162827637,0.026248468039714055,0.027045503240667196,0.030530667254964255,0.019956538872120726,0.014802380490865765,0.018519146605242252,0.01719141825258142,0.024550570740270047,0.028861238147736293
Hardw,0.02780253658459094,0.019240186274821283,0.014799263637807782,0.015281320285941216,0.014621679237490073,0.04055518487688642,0.046125657283558386,0.03237932346306593,0.033211248641779184,0.031729788403494844,0.03540821099285146,0.04647029645750596,0.0712706095313741,0.030167067132644963,0.02833312438443209,0.026592625226370133,0.030350172867355047,0.03779226281175536,0.041018944177918994,0.03189699389992057,0.04925205992057188,0.04721829111993646,0.033814003971405875,0.030400162764098494,0.028429012803812548,0.01826364435266084,0.008509492263701353,0.02333951164416203,0.029462804733915805,0.027209358792692612,0.010164434757744242,0.08143591726767276,0.033261505321683885,0.052808865671167576,0.10146565947577442,0.09314369105639397,0.09887038694201748,0.06552836660841939,0.026958212899126283,0.038829360063542484,0.03678546725972995,0.04125533143764892,0.04412638627482128,0.02736244149324861,0.019514215726767276,0.024179514344718028,0.024569183606036545,0.037824689086576636,0.04217724292295473
Softw,0.028255000891183473,0.02002134567116759,0.015371569067513902,0.015560507088165214,0.015334012354249407,0.04221025524702145,0.04853147812708499,0.03410091696584591,0.03389071635266083,0.03391484427799841,0.03740012810325655,0.04798098854646545,0.07349012540746623,0.02996701736457506,0.02885684661477363,0.02748620631453534,0.030633050115965052,0.037995545242255756,0.04061681277204131,0.0316473121223193,0.048341719926926124,0.0467021678268467,0.03415877434471804,0.031432285474185855,0.027763346406671958,0.01756788930579825,0.007767580814932488,0.023790715564733913,0.03088189575218427,0.027349511331215246,0.01029155402065131,0.08374744397140588,0.03543629637648928,0.05502532445274026,0.09314369105639397,0.09989362779825257,0.09607959786814932,0.06438308475138997,0.027118014775218423,0.0393277700381255,0.03797726167275616,0.04245444122319301,0.046551635108816526,0.02836211501191421,0.02055847422875298,0.025086543834789515,0.025614803288324068,0.03841064758220809,0.0432494587799841
Chips,0.027879910122319294,0.019671425957108815,0.014860514401906276,0.016029718989674344,0.014265120371723589,0.0412242315107228,0.04730916206830818,0.03397348327243845,0.03425680392057188,0.03254357996187449,0.03611368648451151,0.0473559530420969,0.07454471273709296,0.03180739612708499,0.029146963444003183,0.027982183558379663,0.031520257849086575,0.03898861105639396,0.043271548594122314,0.03324843666719618,0.05401741780460683,0.05023201419221604,0.03528526227164416,0.03154938082922955,0.030203315656870525,0.019972597515488476,0.004825537515488483,0.024519451749007146,0.03271511144082605,0.028880480263701342,0.01230109698490866,0.08592380768864175,0.034887925906274805,0.05511530040667195,0.09887038694201748,0.09607959786814932,0.11263374334551231,0.07178243005877681,0.028034020241461472,0.041055747860206514,0.03904427105003971,0.04261763485305799,0.04563589236219221,0.027412148625893567,0.02016926934710087,0.02548688747895155,0.024867007911040507,0.04032019197140587,0.04297221192057189
LabEq,0.021064766718030183,0.01501938100079428,0.012134398112787922,0.011711390671961872,0.013022082498808579,0.029739760162033366,0.03433765192851468,0.02489897507545671,0.025184285362986496,0.0237905638395552,0.027635238076250988,0.03497100935663224,0.05498763062112787,0.023733979061159656,0.021851579945988884,0.022583045011914212,0.023252000654487688,0.028696089864972192,0.030967764416203337,0.024223571388403493,0.037966895386814935,0.03588101995710881,0.026254895043685462,0.023710868012708494,0.0214783588355838,0.015189446262112787,0.003370083442414615,0.018536057334392373,0.022532155907863376,0.023255612814932488,0.009975535574265289,0.05818628457505958,0.025214550374900713,0.038680717723590136,0.06552836660841939,0.06438308475138997,0.07178243005877681,0.056507886289118334,0.020886994644956313,0.030594433885623506,0.02810510409372518,0.03035763725178713,0.03235300595552026,0.020698084638602062,0.014742272633836378,0.01914324857188244,0.01817151315329627,0.027755609526608417,0.03207006868625894
