,Agric,Food ,Soda ,Beer ,Smoke,Toys ,Fun  ,Books,Hshld,Clths,Hlth ,MedEq,Drugs,Chems,Rubbr,Txtls,BldMt,Cnstr,Steel,FabPr,Mach ,ElcEq,Autos,Aero ,Ships,Guns ,Gold ,Mines,Coal ,Oil  ,Util ,Telcm,PerSv,BusSv,Hardw,Softw,Chips,LabEq,Paper,Boxes,Trans,Whlsl,Rtail,Meals,Banks,Insur,RlEst,Fin  ,Other
Agric,0.056488532428911824,0.00859605086576648,0.008545392921366163,0.009097165575853852,0.010885346268467037,0.015008150843526606,0.01806528043844321,0.011636981159650514,0.013818095911040506,0.01273783629229547,0.015766927431294677,0.017620951968228753,0.024316472349483715,0.012274304397140584,0.012552739758538526,0.01224659036378078,0.012006895771247021,0.01436309126608419,0.016625163911040505,0.01272550681175536,0.015714002541699752,0.015664943996822875,0.01366503621604448,0.015358682357426528,0.012903167555202544,0.008533623104050835,0.011382622662430505,0.012267615965051628,0.011173216533756945,0.013475807011914216,0.005122967806195392,0.02482704218268467,0.01459191240984908,0.01887094846068308,0.026801061099285147,0.027116647666401903,0.026367365308975377,0.019452272536934077,0.011261608266878472,0.013821545969817316,0.015141685080222397,0.01580788619539317,0.017385021032565527,0.012950246799046862,0.009510857604447975,0.010925170884829229,0.011252769963463066,0.012602995917394754,0.01628325420810167
Food ,0.00859605086576648,0.014673481652104844,0.006548059507545672,0.006915127227958697,0.008705868467037331,0.010137423701350278,0.011929945353455122,0.009506175186656075,0.01054393588562351,0.01097068888006354,0.011336918522637011,0.011356754154090548,0.016594772073073867,0.010197857394757745,0.00837633755361398,0.009183441922160446,0.009366204384432086,0.010997958411437646,0.01221133189833201,0.009190499078633833,0.012035627196187448,0.011174420603653694,0.01097670416203336,0.01187252991262907,0.010464420555996824,0.006137494900714854,0.0011544495790309773,0.007400285861795075,0.007897022494042892,0.009943129642573467,0.005234673089753771,0.016159037442414616,0.010712468228752976,0.012568155901509134,0.016872774249404282,0.0178916258776807,0.01695383471008737,0.012855375933280377,0.009239395679110404,0.011693939793486893,0.011502906989674344,0.010344794694201747,0.012988960667196186,0.00862139262907069,0.007574313407466241,0.009624145353455122,0.008152580238284354,0.008915844463860206,0.011202548816521048
Soda ,0.008545392921366163,0.006548059507545672,0.04566182704368547,0.008008601667990466,0.009435914973788722,0.008142291876092136,0.009005255084988088,0.008032435011914217,0.00812868819062748,0.008976305934868943,0.009965507097696584,0.009273599942811756,0.012759725947577441,0.007360465382049245,0.0064702370420969026,0.009795761737887213,0.007778658916600478,0.007956952902303414,0.010421523752184272,0.004539127717235902,0.009633233645750597,0.008603444648133438,0.009389558471803018,0.009353117305798254,0.006942266141382046,0.004637712984908658,0.004605628444797459,0.007069203860206511,0.00559462409531374,0.01030533803653693,0.0050846069483717225,0.01235859439872915,0.008271199240667196,0.009773005045274024,0.01317045131374107,0.013671710255758533,0.012724343799841144,0.010193280384432084,0.007544613096108022,0.010269735961874502,0.00908795523113582,0.00848402014297061,0.010535224654487684,0.006864114789515488,0.006382093505957105,0.008276459876092136,0.007563447866560762,0.00698319515488483,0.007517405089753771
Beer ,0.009097165575853852,0.006915127227958697,0.008008601667990466,0.03289922102462271,0.007074283558379665,0.007537521286735501,0.009346845274027005,0.006747839030976966,0.007790632724384429,0.009742271445591739,0.009722091413820492,0.009836823860206512,0.013039381334392376,0.007502196481334392,0.006813656830818109,0.006393253987291503,0.007322391310563938,0.007630525845909451,0.009827920802223989,0.006286604900714854,0.0095705647974583,0.008837568459094516,0.007794911429706116,0.00920368978554408,0.006019767053216838,0.005405951310563938,0.004672049825258143,0.007375672827640985,0.006060840206513107,0.009291477958697376,0.004512233224781574,0.01275429076250993,0.009165075639396347,0.010262937362986498,0.01416054618745036,0.0142940731771247,0.014209661294678317,0.010037171763304209,0.007641786735504367,0.006231713693407465,0.008962350174741859,0.009017556330420968,0.011132300127084986,0.007496320714853056,0.005878585091342335,0.00791931131056394,0.006828335250198569,0.007054197466243051,0.009209372930897537
Smoke,0.010885346268467037,0.008705868467037331,0.009435914973788722,0.007074283558379665,0.09384850431135822,0.008909361912629074,0.01277313792533757,0.007978724225575854,0.009809717814138206,0.010248905328038127,0.013183844721207308,0.010992964060365366,0.016884380930897537,0.011945168978554407,0.007856689868149327,0.008366633099285148,0.008442305976171563,0.008772984095313742,0.010951644428911835,0.006863580733915805,0.0102651135822081,0.009191583231135822,0.011504710360603652,0.011286995037331216,0.008342986408260523,0.00819337769023034,0.005158394287529784,0.00870715586973789,0.010004073664813342,0.012910911860206514,0.007898622328832405,0.012023187126290705,0.01080276712946783,0.010406578751389988,0.011969338312946784,0.013020068949960288,0.011213328495631452,0.01042414110881652,0.010271792654487688,0.014493366405083396,0.010206555888800635,0.009348000857823667,0.011987628943606037,0.006765247625099285,0.008082873150119142,0.010284163348689434,0.006355909877680698,0.0071669521525019875,0.01050244533121525
Toys ,0.015008150843526606,0.010137423701350278,0.008142291876092136,0.007537521286735501,0.008909361912629074,0.042887476988085774,0.022898154509928517,0.01589655472597299,0.016686560832406667,0.0190513298395552,0.01792752746942018,0.022354454258935664,0.03069031707069103,0.015774025896743447,0.01464140623034154,0.014708491510722796,0.015585313251787134,0.018712450243050033,0.02004635586656076,0.016212592664019063,0.021812716123907862,0.020436639418586183,0.017366422243050034,0.017681222996028593,0.013703050077839556,0.007845090954725974,0.006287505280381253,0.012612859682287527,0.011109323386814933,0.014325222503574262,0.003377805347100874,0.034514816149324855,0.017534736136616363,0.024372334621127877,0.03741066423828435,0.03911409342970611,0.03733160199841144,0.026632426462271645,0.013891881804606827,0.018723203640984905,0.01837242948689436,0.020024512629070686,0.022778117744241454,0.015116918570293885,0.010677873293089755,0.011932086081016677,0.013304728654487686,0.017105640492454326,0.02012713873868149
Fun  ,0.01806528043844321,0.011929945353455122,0.009005255084988088,0.009346845274027005,0.01277313792533757,0.022898154509928517,0.04224008982366958,0.017852534392374903,0.018616854652899126,0.019930998481334387,0.020605016444797463,0.025182115863383633,0.03663515900873709,0.017602445451945985,0.015999178160444796,0.015407392432088957,0.017530913823669576,0.0204382538649722,0.022498360584590947,0.01795393469737887,0.023575102398729147,0.02349017636854647,0.019954006627482125,0.019371158849880856,0.014982089918983314,0.009007779660047654,0.007395212587768069,0.011905481080222399,0.011295421591739479,0.016192001709293094,0.005283821852263701,0.03958047341699761,0.01987741303891977,0.027253688997617154,0.041714996454328836,0.04417897176171564,0.04149961208578236,0.029911025652104854,0.016278306204924542,0.02119165317235901,0.021626029057982527,0.02185928406671962,0.025220617220015885,0.0170397727720413,0.01229256331691819,0.014624809734710089,0.015070998424146147,0.019267211723590152,0.024362226872120727
Books,0.011636981159650514,0.009506175186656075,0.008032435011914217,0.006747839030976966,0.007978724225575854,0.01589655472597299,0.017852534392374903,0.02790778049245433,0.013867934265289908,0.015117613804606828,0.01579480996028594,0.016899844861000796,0.025105101445591742,0.013243596076250991,0.011961633026211275,0.012715327577442412,0.012982458427323273,0.015193802160444797,0.01644267267672756,0.012437564686258937,0.017670603399523428,0.01671205383637808,0.014829510802223986,0.013420068975377284,0.011758654011119932,0.00818820416203336,-0.0010295054328832395,0.009163234169976171,0.012162748276409847,0.012224733296266879,0.0052362609213661634,0.027606715472597288,0.015604751850675138,0.019404688864177913,0.028577050214455918,0.03060881202541699,0.029265635123113583,0.021253055329626683,0.01244461235901509,0.01672849947577442,0.015660405162827636,0.015602447148530577,0.01874864327243844,0.012117187640984909,0.009984817362986498,0.011517640698967433,0.011171831326449562,0.014094329515488483,0.016910377124702145
Hshld,0.013818095911040506,0.01054393588562351,0.00812868819062748,0.007790632724384429,0.009809717814138206,0.016686560832406667,0.018616854652899126,0.013867934265289908,0.023581491444003174,0.015669629172359017,0.01583544252899126,0.01814693695949166,0.025826536260524235,0.015022414379666404,0.012809804244638602,0.014085623504368549,0.014454351218427324,0.017029970719618745,0.0191318559618745,0.015191436778395552,0.019009814042891184,0.018009029521842725,0.016231815872915015,0.015262147316918185,0.014132174208101669,0.008024316975377284,0.006756873906274822,0.01313092718030183,0.010746697366163623,0.014378764219221605,0.005983512146147735,0.02805851176489277,0.015572842300238284,0.0205318021350278,0.03027376280857824,0.03096074107069102,0.03029917570770452,0.02198115442096902,0.013752885934868944,0.01817412542017474,0.01758445333121525,0.016709572168387605,0.01969059377283558,0.013417640381254967,0.010667739583796661,0.012627069655281967,0.011739112991262908,0.014659692708498808,0.017370502265289915
Clths,0.01273783629229547,0.01097068888006354,0.008976305934868943,0.009742271445591739,0.010248905328038127,0.0190513298395552,0.019930998481334387,0.015117613804606828,0.015669629172359017,0.033025016138204924,0.016496685523431292,0.017781259882446387,0.025967079183478955,0.015378475610802229,0.013144591782366958,0.014897154600476567,0.014988436540111196,0.017801023459888793,0.019570049202541698,0.014298729081810959,0.019207528514694202,0.018255802524225574,0.017235218899126287,0.01740611494201747,0.014400693191421761,0.008098165378872126,0.00399337046703733,0.014236968872120732,0.013688248581413825,0.013608421399523427,0.005272471407466242,0.028989835601270858,0.016420095286735503,0.020873888791104047,0.029192708837172357,0.03135909688482922,0.029359715318506747,0.021048205898332003,0.014005000867355044,0.018630058716441623,0.019212278390786337,0.017614017108816514,0.02284453259729945,0.014133736123907864,0.010678789806195391,0.01304465092613185,0.013405458884829224,0.015237251858617953,0.01876277934233518
Hlth ,0.015766927431294677,0.011336918522637011,0.009965507097696584,0.009722091413820492,0.013183844721207308,0.01792752746942018,0.020605016444797463,0.01579480996028594,0.01583544252899126,0.016496685523431292,0.033317432138204914,0.02131871435742653,0.03202485753455124,0.01489878727720413,0.013317329342335187,0.01454066983796664,0.01408879289277204,0.01745062462907069,0.018931390848292293,0.015199921097696585,0.019322207974583002,0.019244419232724384,0.015657618889594917,0.017668284778395552,0.01409529368069897,0.007924922347895156,0.005080172433677523,0.010586500865766476,0.013911450017474186,0.01727298054487688,0.005860548741858617,0.029682937177124707,0.018240513628276406,0.022773728613185065,0.03133388330262113,0.03356486250516283,0.031190953739475773,0.024083578997617157,0.013856476978554407,0.01688365703891978,0.01752334541858618,0.018155413518665606,0.021010470007942806,0.014448409737887212,0.011694370498808577,0.014291280943606035,0.012972188250992849,0.014831021755361405,0.019452149909451946
MedEq,0.017620951968228753,0.011356754154090548,0.009273599942811756,0.009836823860206512,0.010992964060365366,0.022354454258935664,0.025182115863383633,0.016899844861000796,0.01814693695949166,0.017781259882446387,0.02131871435742653,0.03252723320730739,0.04064650964892772,0.016465522617950753,0.015936233404289117,0.014461975415409055,0.01614319966322478,0.019450573934868945,0.021732277096108026,0.018013636994440033,0.02423640724384432,0.023933119167593327,0.018363442046068306,0.01776066485146942,0.01517236018427323,0.009276387583796664,0.005727208031771252,0.01225397108816521,0.014884724301826848,0.017334314478157274,0.004358945137410643,0.0376822261858618,0.019285544673550436,0.027384636752978544,0.04291238213185066,0.044531189127879275,0.04309541682605242,0.03137427347418586,0.014823351650516283,0.019549687224781568,0.0187825152152502,0.02214540829229547,0.023515576298649716,0.015579993931691821,0.011276674427323273,0.013331329677521844,0.01399928522954726,0.017890404447974583,0.02329039667037331
Drugs,0.024316472349483715,0.016594772073073867,0.012759725947577441,0.013039381334392376,0.016884380930897537,0.03069031707069103,0.03663515900873709,0.025105101445591742,0.025826536260524235,0.025967079183478955,0.03202485753455124,0.04064650964892772,0.07635508664654486,0.02412024936934075,0.021469189639396348,0.020816873413820488,0.022501014881652102,0.02907165466560762,0.030885831583796666,0.025234997995234314,0.03528168,0.03698211689594916,0.02487681219698173,0.02541189773471008,0.02046271392533756,0.0089430880127085,0.0059245580397140575,0.016300884781572676,0.0221069125782367,0.024870735240667192,0.008491492031771247,0.05909774705957109,0.026591942878474988,0.041229464902303406,0.06548533198093727,0.06814648261477362,0.06742722163939635,0.049776833776012705,0.020966779196187453,0.029317700949960293,0.02776158922637013,0.031857711421763295,0.033603369722001585,0.021821787831612385,0.016086025515488482,0.020148009169181896,0.020682878144559175,0.026795696664019066,0.03463543238125497
Chems,0.012274304397140584,0.010197857394757745,0.007360465382049245,0.007502196481334392,0.011945168978554407,0.015774025896743447,0.017602445451945985,0.013243596076250991,0.015022414379666404,0.015378475610802229,0.01489878727720413,0.016465522617950753,0.02412024936934075,0.02384716316282764,0.012348943448768865,0.013923263166004765,0.014135440803812547,0.01580233090389198,0.020055427162827637,0.013599940160444798,0.018978932644956314,0.01746708509451946,0.01680442282922955,0.016022159885623506,0.01389135271167593,0.008325875008737093,0.0026578817585385206,0.013063295909451945,0.01096772016838761,0.01677421225258141,0.007357265056393964,0.024778735620333597,0.014981238457505958,0.018674504149324863,0.026737045463065916,0.026746928335186652,0.02764796784590945,0.020205984652899127,0.015833969528196983,0.019697184886417793,0.017506899922160445,0.015518225623510722,0.018694891358220805,0.012430393248610007,0.010198616725972996,0.012868073413820494,0.010532534239872915,0.013758857942811753,0.016712184667196185
Rubbr,0.012552739758538526,0.00837633755361398,0.0064702370420969026,0.006813656830818109,0.007856689868149327,0.01464140623034154,0.015999178160444796,0.011961633026211275,0.012809804244638602,0.013144591782366958,0.013317329342335187,0.015936233404289117,0.021469189639396348,0.012348943448768865,0.02494725110563939,0.010355043388403495,0.011588073750595708,0.014106846042891183,0.015786023556791106,0.012035395267672756,0.016015205814138202,0.015347279613979345,0.012789084100079428,0.012211886239872915,0.011547667882446386,0.0073560500683081806,0.003950000154090549,0.00926527489277204,0.007865025617156473,0.0117330206878475,0.004145841783955521,0.02295481820969023,0.013554881809372515,0.0173023901223193,0.0251764049070691,0.025961068589356623,0.025049516868943602,0.01866546349324861,0.010903981887212071,0.015246255069102464,0.01460502165369341,0.01432782562351072,0.016251386258935664,0.01153272528991263,0.008568249498014296,0.009846560530579824,0.010267616368546466,0.01175201783161239,0.014191524714853054
Txtls,0.01224659036378078,0.009183441922160446,0.009795761737887213,0.006393253987291503,0.008366633099285148,0.014708491510722796,0.015407392432088957,0.012715327577442412,0.014085623504368549,0.014897154600476567,0.01454066983796664,0.014461975415409055,0.020816873413820488,0.013923263166004765,0.010355043388403495,0.04291169934710087,0.014008243586973789,0.01578018445115171,0.017917985999999997,0.012437975985702936,0.016733148943606033,0.015987277253375693,0.0151056030548054,0.01617608000635425,0.01194310175694996,0.006340131745830026,0.004132342575059574,0.011024270206513104,0.011923973308975376,0.014551247957108816,0.006720862127084987,0.02217261075297855,0.014474154371723594,0.016827048619539316,0.02330439283081811,0.02384637701509134,0.023494667747418582,0.018262058406671958,0.013146091586973788,0.017382435517077043,0.014877244913423345,0.014637137871326448,0.01678199156473392,0.011955297140587766,0.009326077262907068,0.011019390090548056,0.01128216754884829,0.01263193279586974,0.013931616209690231
BldMt,0.012006895771247021,0.009366204384432086,0.007778658916600478,0.007322391310563938,0.008442305976171563,0.015585313251787134,0.017530913823669576,0.012982458427323273,0.014454351218427324,0.014988436540111196,0.01408879289277204,0.01614319966322478,0.022501014881652102,0.014135440803812547,0.011588073750595708,0.014008243586973789,0.019215748683081808,0.015963086360603656,0.018129122214455916,0.013375146284352659,0.01846588457505957,0.017076954983320097,0.016122285442414612,0.01584514666878475,0.013150446150913419,0.009392632514694202,0.0010560953486894336,0.011252638999205717,0.009972370223987288,0.013921202729150121,0.005324096517871326,0.025106204826052428,0.014574108108022238,0.01855566400635425,0.027324982738681496,0.027776258938840347,0.027785269601270843,0.02029113698808578,0.013061767193010321,0.017199118182684672,0.016147000835583798,0.015601501254964258,0.01820975129467831,0.012304470563939634,0.009737689458300237,0.011706994065131055,0.011538232349483719,0.013681386354249406,0.016873808845115166
Cnstr,0.01436309126608419,0.010997958411437646,0.007956952902303414,0.007630525845909451,0.008772984095313742,0.018712450243050033,0.0204382538649722,0.015193802160444797,0.017029970719618745,0.017801023459888793,0.01745062462907069,0.019450573934868945,0.02907165466560762,0.01580233090389198,0.014106846042891183,0.01578018445115171,0.015963086360603656,0.03410226499761714,0.020509835386814928,0.016363739768069898,0.02137578846703733,0.02062902177601271,0.018165904216044478,0.017029094474980144,0.01483678098173153,0.009109260479745829,0.0027928927847498024,0.013997338522637013,0.014298502754567118,0.016851623625099288,0.006446618414614773,0.031230064927720413,0.017666805394757745,0.02230172668467037,0.03338844933439237,0.03396711492930896,0.033978413051628284,0.024764198309769656,0.014376256826052423,0.019105003945988883,0.019388157432883236,0.018188651278792687,0.021963145194598892,0.013969766100079425,0.011095587030976965,0.013400427888800632,0.012861082662430499,0.01701129744241462,0.020089184578236694
Steel,0.016625163911040505,0.01221133189833201,0.010421523752184272,0.009827920802223989,0.010951644428911835,0.02004635586656076,0.022498360584590947,0.01644267267672756,0.0191318559618745,0.019570049202541698,0.018931390848292293,0.021732277096108026,0.030885831583796666,0.020055427162827637,0.015786023556791106,0.017917985999999997,0.018129122214455916,0.020509835386814928,0.033762167769658465,0.017196540713264496,0.024459496076250985,0.022398062022239876,0.021208597679110403,0.019905066675139006,0.01860517040190628,0.011486748406671958,0.0066567002112787885,0.016766695019857038,0.014776202627482127,0.020865514435266082,0.007596857405877681,0.03470354220333598,0.01916061814297061,0.024734247463065923,0.037148379366163616,0.03697807628752978,0.03836211410802225,0.02712831302779984,0.017426835714058776,0.02335830435901509,0.021820290022239872,0.02059490737092931,0.023218008625893568,0.0162472205401112,0.012526585482128672,0.015092925855440828,0.014718065474185865,0.017917628903891984,0.021278906325655284
FabPr,0.01272550681175536,0.009190499078633833,0.004539127717235902,0.006286604900714854,0.006863580733915805,0.016212592664019063,0.01795393469737887,0.012437564686258937,0.015191436778395552,0.014298729081810959,0.015199921097696585,0.018013636994440033,0.025234997995234314,0.013599940160444798,0.012035395267672756,0.012437975985702936,0.013375146284352659,0.016363739768069898,0.017196540713264496,0.04334169189992058,0.01896344346306593,0.017801600169976173,0.014295608913423352,0.015624885572676725,0.012588352616362191,0.011327636660841935,0.007199453100873711,0.012382337370929307,0.011951032162033358,0.014007715604447978,0.004288720433677521,0.02650095941699761,0.015410584192216048,0.01907735333121525,0.029149706146147744,0.0292717316076251,0.03020752381096108,0.021953721142176325,0.01210731240349484,0.016659500915011918,0.015407025196187451,0.016121050023828437,0.017911692597299446,0.011545051993645748,0.009268413231135822,0.010847247869737885,0.01128932852104845,0.013362973431294676,0.01638396865448769
Mach ,0.015714002541699752,0.012035627196187448,0.009633233645750597,0.0095705647974583,0.0102651135822081,0.021812716123907862,0.023575102398729147,0.017670603399523428,0.019009814042891184,0.019207528514694202,0.019322207974583002,0.02423640724384432,0.03528168,0.018978932644956314,0.016015205814138202,0.016733148943606033,0.01846588457505957,0.02137578846703733,0.024459496076250985,0.01896344346306593,0.031482406926131856,0.025346661953931697,0.019985095409054802,0.019480389070691023,0.01851077420174742,0.010943000476568704,0.0043456831771247015,0.014166273741064335,0.01643290154090548,0.02044013077045274,0.006685623606036536,0.0389186671644162,0.020064376552819695,0.02720541671167593,0.04455978246227165,0.04400711539316918,0.047974511008737085,0.033424938617950754,0.01692384250992851,0.024634316155679115,0.021658964098490868,0.02209716031771247,0.024355188403494835,0.016128809531374105,0.012362360063542494,0.014964444543288321,0.015234000254169976,0.01949702471803018,0.02297981861795076
ElcEq,0.015664943996822875,0.011174420603653694,0.008603444648133438,0.008837568459094516,0.009191583231135822,0.020436639418586183,0.02349017636854647,0.01671205383637808,0.018009029521842725,0.018255802524225574,0.019244419232724384,0.023933119167593327,0.03698211689594916,0.01746708509451946,0.015347279613979345,0.015987277253375693,0.017076954983320097,0.02062902177601271,0.022398062022239876,0.017801600169976173,0.025346661953931697,0.03456211205559967,0.0183819955313741,0.01725494623669579,0.016518753652104846,0.010543477976171563,0.0023623293391580643,0.01300890483717236,0.01478011415726767,0.01778763450516283,0.006098579636219221,0.03854752988244639,0.018349132538522637,0.026349753890389196,0.04335413922637014,0.04308427675774423,0.04571962265766481,0.032328431712470206,0.015214513623510725,0.019962977477362982,0.019874209431294677,0.021078207005559967,0.023011865369340745,0.015161253868149325,0.011147595922160441,0.013967468463860206,0.014082133864972198,0.018807619880857822,0.022194390748212865
Autos,0.01366503621604448,0.01097670416203336,0.009389558471803018,0.007794911429706116,0.011504710360603652,0.017366422243050034,0.019954006627482125,0.014829510802223986,0.016231815872915015,0.017235218899126287,0.015657618889594917,0.018363442046068306,0.02487681219698173,0.01680442282922955,0.012789084100079428,0.0151056030548054,0.016122285442414612,0.018165904216044478,0.021208597679110403,0.014295608913423352,0.019985095409054802,0.0183819955313741,0.02876655042255759,0.019305228892772044,0.015158091266084193,0.008178171243844321,0.002594456405083399,0.013322798244638605,0.01144933071644162,0.0141604092025417,0.006837652411437649,0.02837460567593328,0.017200867464654487,0.020751175793486894,0.029866888640190624,0.030321388700555996,0.030331555391580618,0.021959113104050833,0.015586171370929304,0.020182627936457503,0.02008948756314535,0.016956473884034946,0.021261255520254166,0.014178533741064335,0.01106375629706116,0.013499865693407468,0.012453979926926134,0.015458973177124703,0.018460344190627476
Aero ,0.015358682357426528,0.01187252991262907,0.009353117305798254,0.00920368978554408,0.011286995037331216,0.017681222996028593,0.019371158849880856,0.013420068975377284,0.015262147316918185,0.01740611494201747,0.017668284778395552,0.01776066485146942,0.02541189773471008,0.016022159885623506,0.012211886239872915,0.01617608000635425,0.01584514666878475,0.017029094474980144,0.019905066675139006,0.015624885572676725,0.019480389070691023,0.01725494623669579,0.019305228892772044,0.05810162399364575,0.016706286570293886,0.009571998544876885,0.003719745347100876,0.01520349102462272,0.012247158201747417,0.016259966328832403,0.005766983262907068,0.0261741663288324,0.016956855015091345,0.02007347551389992,0.026675347660047654,0.027873379914217625,0.026936379907863375,0.020085451393169182,0.016135798004765688,0.01944250171247021,0.019707208177918982,0.01664024012708499,0.02101903450357427,0.014749263923749005,0.011420660320889594,0.013830142417791897,0.011941857525019856,0.014442330039714056,0.01879424906115965
Ships,0.012903167555202544,0.010464420555996824,0.006942266141382046,0.006019767053216838,0.008342986408260523,0.013703050077839556,0.014982089918983314,0.011758654011119932,0.014132174208101669,0.014400693191421761,0.01409529368069897,0.01517236018427323,0.02046271392533756,0.01389135271167593,0.011547667882446386,0.01194310175694996,0.013150446150913419,0.01483678098173153,0.01860517040190628,0.012588352616362191,0.01851077420174742,0.016518753652104846,0.015158091266084193,0.016706286570293886,0.04216984410484511,0.011264141153296265,0.009088437909451947,0.012368790976965843,0.011999478525814136,0.01914823262271644,0.006671593131056394,0.022574674846703734,0.014459705969817311,0.01756628833042097,0.026615876613185062,0.026048554287529783,0.027642943586973785,0.019977838710087365,0.013266598214455916,0.016899221369340748,0.01569245485623511,0.014988926799046865,0.017033008800635425,0.011543609277204131,0.010216680266878475,0.011864832705321682,0.011366407637807784,0.012833717744241463,0.015113859945988881
Guns ,0.008533623104050835,0.006137494900714854,0.004637712984908658,0.005405951310563938,0.00819337769023034,0.007845090954725974,0.009007779660047654,0.00818820416203336,0.008024316975377284,0.008098165378872126,0.007924922347895156,0.009276387583796664,0.0089430880127085,0.008325875008737093,0.0073560500683081806,0.006340131745830026,0.009392632514694202,0.009109260479745829,0.011486748406671958,0.011327636660841935,0.010943000476568704,0.010543477976171563,0.008178171243844321,0.009571998544876885,0.011264141153296265,0.08691736134074661,0.008257102058776805,0.009561078681493248,0.011226771672756155,0.011435606598888006,0.004657459847498015,0.014329467154884831,0.008592701925337566,0.010419387857029387,0.015339807215250193,0.014431124775218426,0.016081617445591743,0.012004930106433671,0.00849547994281176,0.009906898662430498,0.00736300946465449,0.008964074185861794,0.010228712152501986,0.003487082509928515,0.007487495666401905,0.007353345817315329,0.004756027278792693,0.007328944034948371,0.010442460848292293
Gold ,0.011382622662430505,0.0011544495790309773,0.004605628444797459,0.004672049825258143,0.005158394287529784,0.006287505280381253,0.007395212587768069,-0.0010295054328832395,0.006756873906274822,0.00399337046703733,0.005080172433677523,0.005727208031771252,0.0059245580397140575,0.0026578817585385206,0.003950000154090549,0.004132342575059574,0.0010560953486894336,0.0027928927847498024,0.0066567002112787885,0.007199453100873711,0.0043456831771247015,0.0023623293391580643,0.002594456405083399,0.003719745347100876,0.009088437909451947,0.008257102058776805,0.2969600977585385,0.025783763613979344,-0.0023882348498808575,0.018976995776012705,-0.0017658953439237482,0.004752294266878471,0.004832018003177124,0.006264666678316126,0.01087842751866561,0.01036006249245433,0.007813570489277208,0.005991936398729152,0.000955369509134233,0.0021881518061953958,0.001979332481334393,0.005910699968228754,0.002597508165210484,0.0030613074027005557,0.00044927719301032624,-0.001003767469420174,0.0076693096552819685,0.001115485170770454,0.0033163601842732303
Mines,0.012267615965051628,0.007400285861795075,0.007069203860206511,0.007375672827640985,0.00870715586973789,0.012612859682287527,0.011905481080222399,0.009163234169976171,0.01313092718030183,0.014236968872120732,0.010586500865766476,0.01225397108816521,0.016300884781572676,0.013063295909451945,0.00926527489277204,0.011024270206513104,0.011252638999205717,0.013997338522637013,0.016766695019857038,0.012382337370929307,0.014166273741064335,0.01300890483717236,0.013322798244638605,0.01520349102462272,0.012368790976965843,0.009561078681493248,0.025783763613979344,0.0648174034551231,0.0061712606354249406,0.012837558800635423,0.004691611953931692,0.01931176258141382,0.011232755146942016,0.013999693772835583,0.02010347573471008,0.020174678054011116,0.02049785120730739,0.015199244344718029,0.011779003510722795,0.01656618009531374,0.013591121723590146,0.012446885003971404,0.015258183050039717,0.009074914265289911,0.008743996608419378,0.010509968530579825,0.009469296076250995,0.011526864042891181,0.01322720892772041
Coal ,0.011173216533756945,0.007897022494042892,0.00559462409531374,0.006060840206513107,0.010004073664813342,0.011109323386814933,0.011295421591739479,0.012162748276409847,0.010746697366163623,0.013688248581413825,0.013911450017474186,0.014884724301826848,0.0221069125782367,0.01096772016838761,0.007865025617156473,0.011923973308975376,0.009972370223987288,0.014298502754567118,0.014776202627482127,0.011951032162033358,0.01643290154090548,0.01478011415726767,0.01144933071644162,0.012247158201747417,0.011999478525814136,0.011226771672756155,-0.0023882348498808575,0.0061712606354249406,0.12477425689594915,0.02149881578713264,0.008721287050039711,0.023168546239872908,0.013609261436060366,0.015828496285941223,0.023889154525814135,0.025504200416203333,0.02648388790150914,0.01699315655917395,0.011089609289912627,0.014723647078633838,0.012290925251787136,0.012530892422557584,0.01638750694201747,0.00965472861000794,0.008905074843526609,0.011108113334392376,0.009551213096108024,0.011679595218427322,0.013825457137410641
Oil  ,0.013475807011914216,0.009943129642573467,0.01030533803653693,0.009291477958697376,0.012910911860206514,0.014325222503574262,0.016192001709293094,0.012224733296266879,0.014378764219221605,0.013608421399523427,0.01727298054487688,0.017334314478157274,0.024870735240667192,0.01677421225258141,0.0117330206878475,0.014551247957108816,0.013921202729150121,0.016851623625099288,0.020865514435266082,0.014007715604447978,0.02044013077045274,0.01778763450516283,0.0141604092025417,0.016259966328832403,0.01914823262271644,0.011435606598888006,0.018976995776012705,0.012837558800635423,0.02149881578713264,0.050201330419380456,0.010910433866560763,0.021072539918983318,0.015051309177124701,0.018282747301032565,0.02333019427640985,0.023962969914217636,0.02458549162351072,0.01990102652422558,0.013829450570293883,0.01789898169658459,0.01645544191104051,0.015904933550436855,0.015780565988880065,0.011870239984114378,0.009850560710087372,0.012011313903097696,0.011926867628276409,0.01206070936457506,0.016208326741858622
Util ,0.005122967806195392,0.005234673089753771,0.0050846069483717225,0.004512233224781574,0.007898622328832405,0.003377805347100874,0.005283821852263701,0.0052362609213661634,0.005983512146147735,0.005272471407466242,0.005860548741858617,0.004358945137410643,0.008491492031771247,0.007357265056393964,0.004145841783955521,0.006720862127084987,0.005324096517871326,0.006446618414614773,0.007596857405877681,0.004288720433677521,0.006685623606036536,0.006098579636219221,0.006837652411437649,0.005766983262907068,0.006671593131056394,0.004657459847498015,-0.0017658953439237482,0.004691611953931692,0.008721287050039711,0.010910433866560763,0.013137046892772043,0.006934815598093726,0.006183892243050041,0.005925033337569498,0.006266387159650516,0.006560173917394756,0.0074389881445591725,0.00632064898649722,0.006322977305798253,0.008284534071485305,0.0067637530786338355,0.004889590611596504,0.006573248276409849,0.0043249562033359805,0.004547542441620333,0.006942988851469419,0.0036941330770452743,0.00474676461477363,0.005493974335186655
Telcm,0.02482704218268467,0.016159037442414616,0.01235859439872915,0.01275429076250993,0.012023187126290705,0.034514816149324855,0.03958047341699761,0.027606715472597288,0.02805851176489277,0.028989835601270858,0.029682937177124707,0.0376822261858618,0.05909774705957109,0.024778735620333597,0.02295481820969023,0.02217261075297855,0.025106204826052428,0.031230064927720413,0.03470354220333598,0.02650095941699761,0.0389186671644162,0.03854752988244639,0.02837460567593328,0.0261741663288324,0.022574674846703734,0.014329467154884831,0.004752294266878471,0.01931176258141382,0.023168546239872908,0.021072539918983318,0.006934815598093726,0.08252203211914218,0.028949769288324073,0.044455131002382846,0.0745574134980143,0.07745150109769655,0.07750123310087371,0.05218805146465449,0.022301760657664815,0.03220418814614772,0.03106750666084193,0.0336099122954726,0.03870412474980142,0.023405597347100873,0.01795989449880857,0.02096488934392375,0.020756019812549643,0.03211260131056395,0.03505062532803811
PerSv,0.01459191240984908,0.010712468228752976,0.008271199240667196,0.009165075639396347,0.01080276712946783,0.017534736136616363,0.01987741303891977,0.015604751850675138,0.015572842300238284,0.016420095286735503,0.018240513628276406,0.019285544673550436,0.026591942878474988,0.014981238457505958,0.013554881809372515,0.014474154371723594,0.014574108108022238,0.017666805394757745,0.01916061814297061,0.015410584192216048,0.020064376552819695,0.018349132538522637,0.017200867464654487,0.016956855015091345,0.014459705969817311,0.008592701925337566,0.004832018003177124,0.011232755146942016,0.013609261436060366,0.015051309177124701,0.006183892243050041,0.028949769288324073,0.03033667121683876,0.02160351723272438,0.03067990818268467,0.03309214369023035,0.031725451057982516,0.022771521494837174,0.014141411758538521,0.01817607080857823,0.018572207083399517,0.017605034837172358,0.021141666830818112,0.014279820349483718,0.011100131232724382,0.013207325918983319,0.012514478786338365,0.015399120897537729,0.017486228549642574
BusSv,0.01887094846068308,0.012568155901509134,0.009773005045274024,0.010262937362986498,0.010406578751389988,0.024372334621127877,0.027253688997617154,0.019404688864177913,0.0205318021350278,0.020873888791104047,0.022773728613185065,0.027384636752978544,0.041229464902303406,0.018674504149324863,0.0173023901223193,0.016827048619539316,0.01855566400635425,0.02230172668467037,0.024734247463065923,0.01907735333121525,0.02720541671167593,0.026349753890389196,0.020751175793486894,0.02007347551389992,0.01756628833042097,0.010419387857029387,0.006264666678316126,0.013999693772835583,0.015828496285941223,0.018282747301032565,0.005925033337569498,0.044455131002382846,0.02160351723272438,0.03387418453375695,0.048544243650516274,0.0509476278856235,0.049819888765687055,0.03461226805083399,0.016658004378077833,0.023314508867355047,0.02256063250516283,0.024116818300238287,0.027087196600476576,0.017381364130262106,0.013214541092930895,0.01564469631135822,0.01579277720095314,0.02119170949960286,0.025288712082605237
Hardw,0.026801061099285147,0.016872774249404282,0.01317045131374107,0.01416054618745036,0.011969338312946784,0.03741066423828435,0.041714996454328836,0.028577050214455918,0.03027376280857824,0.029192708837172357,0.03133388330262113,0.04291238213185066,0.06548533198093727,0.026737045463065916,0.0251764049070691,0.02330439283081811,0.027324982738681496,0.03338844933439237,0.037148379366163616,0.029149706146147744,0.04455978246227165,0.04335413922637014,0.029866888640190624,0.026675347660047654,0.026615876613185062,0.015339807215250193,0.01087842751866561,0.02010347573471008,0.023889154525814135,0.02333019427640985,0.006266387159650516,0.0745574134980143,0.03067990818268467,0.048544243650516274,0.09490539623669579,0.08765965712946781,0.09121923734868942,0.06013210085941222,0.024029454522637016,0.03473652891818903,0.03256092179348689,0.03789888818109612,0.04019810610007943,0.02512691026211279,0.01776662243208896,0.020981027523431298,0.022700687301032568,0.03361693158856235,0.03792025136139793
Softw,0.027116647666401903,0.0178916258776807,0.013671710255758533,0.0142940731771247,0.013020068949960288,0.03911409342970611,0.04417897176171564,0.03060881202541699,0.03096074107069102,0.03135909688482922,0.03356486250516283,0.044531189127879275,0.06814648261477362,0.026746928335186652,0.025961068589356623,0.02384637701509134,0.027776258938840347,0.03396711492930896,0.03697807628752978,0.0292717316076251,0.04400711539316918,0.04308427675774423,0.030321388700555996,0.027873379914217625,0.026048554287529783,0.014431124775218426,0.01036006249245433,0.020174678054011116,0.025504200416203333,0.023962969914217636,0.006560173917394756,0.07745150109769655,0.03309214369023035,0.0509476278856235,0.08765965712946781,0.09480571739316915,0.0892757844686259,0.059611736398729145,0.02413164483876092,0.035318328708498804,0.03398157924861,0.03932955089753773,0.04276189383637808,0.025888266640190623,0.01891636084670373,0.022112510497220017,0.024210886239872918,0.0344343310166799,0.03915501908816522
Chips,0.026367365308975377,0.01695383471008737,0.012724343799841144,0.014209661294678317,0.011213328495631452,0.03733160199841144,0.04149961208578236,0.029265635123113583,0.03029917570770452,0.029359715318506747,0.031190953739475773,0.04309541682605242,0.06742722163939635,0.02764796784590945,0.025049516868943602,0.023494667747418582,0.027785269601270843,0.033978413051628284,0.03836211410802225,0.03020752381096108,0.047974511008737085,0.04571962265766481,0.030331555391580618,0.026936379907863375,0.027642943586973785,0.016081617445591743,0.007813570489277208,0.02049785120730739,0.02648388790150914,0.02458549162351072,0.0074389881445591725,0.07750123310087371,0.031725451057982516,0.049819888765687055,0.09121923734868942,0.0892757844686259,0.10280280179666403,0.06520304443367753,0.024087904212867356,0.03571156631294677,0.033792189783955505,0.03839073469420175,0.040715606687847496,0.02440687382049245,0.017960834759332803,0.021527770017474187,0.023011315577442407,0.03517627675138999,0.0376970278189039
LabEq,0.019452272536934077,0.012855375933280377,0.010193280384432084,0.010037171763304209,0.01042414110881652,0.026632426462271645,0.029911025652104854,0.021253055329626683,0.02198115442096902,0.021048205898332003,0.024083578997617157,0.03137427347418586,0.049776833776012705,0.020205984652899127,0.01866546349324861,0.018262058406671958,0.02029113698808578,0.024764198309769656,0.02712831302779984,0.021953721142176325,0.033424938617950754,0.032328431712470206,0.021959113104050833,0.020085451393169182,0.019977838710087365,0.012004930106433671,0.005991936398729152,0.015199244344718029,0.01699315655917395,0.01990102652422558,0.00632064898649722,0.05218805146465449,0.022771521494837174,0.03461226805083399,0.06013210085941222,0.059611736398729145,0.06520304443367753,0.05176618600635424,0.01737008578554408,0.025924149633042095,0.02397260176171565,0.02720954219221604,0.02843645736298649,0.017951472231930103,0.013029850231930103,0.016107346951548845,0.0170286715107228,0.023869858006354248,0.02776096615091342
