,Agric,Food ,Soda ,Beer ,Smoke,Toys ,Fun  ,Books,Hshld,Clths,Hlth ,MedEq,Drugs,Chems,Rubbr,Txtls,BldMt,Cnstr,Steel,FabPr,Mach ,ElcEq,Autos,Aero ,Ships,Guns ,Gold ,Mines,Coal ,Oil  ,Util ,Telcm,PerSv,BusSv,Hardw,Softw,Chips,LabEq,Paper,Boxes,Trans,Whlsl,Rtail,Meals,Banks,Insur,RlEst,Fin  ,Other
Agric,0.055917056902303426,0.00894497652104845,0.008988822081016678,0.009497576806989672,0.011747756568705322,0.015282412613185064,0.01825914300238285,0.011764176457505951,0.013970814900714851,0.013077779094519456,0.015779735313741064,0.01808280171564734,0.024881579475774424,0.012422741318506752,0.012577480603653692,0.011618690611596505,0.012358021763304208,0.014345023415409058,0.016768096012708497,0.012758402382843523,0.01625616400317712,0.01602244575059571,0.01422258548054011,0.01543542767275615,0.012783670436854645,0.009333216552819698,0.01114151180301827,0.01262323615567911,0.011740907609213666,0.013834374138204925,0.005196814646544877,0.0249240410802224,0.01493296050833995,0.019135931151707697,0.027409292168387608,0.0277741167593328,0.026944836219221606,0.019710585131056384,0.011479978332009531,0.014439054519459888,0.015238766640190627,0.015899469579030975,0.017664592088959492,0.013110367529785541,0.00973786818109611,0.010912993963463064,0.01151561680698967,0.012799430754567118,0.016462627577442417
Food ,0.00894497652104845,0.014445393186656073,0.00640345865448769,0.0071212835345512305,0.00845158648610008,0.010141220420969021,0.011625484063542493,0.009376215084988085,0.010367416219221605,0.010907699559968231,0.01131711020015886,0.011389119483717234,0.016336180077839556,0.010014319839555204,0.008353467224781573,0.00883788989833201,0.009066592953137408,0.01095433070214456,0.012009505453534554,0.009016943281969817,0.011938751666401909,0.011132957424940429,0.010884691977760126,0.01181552095313741,0.010303466465448769,0.005916114440031771,0.0009994815615567902,0.0072001749579030955,0.007654613023034154,0.010209386076250992,0.0050967526306592535,0.016038124648133437,0.010741641323272438,0.01251760886576648,0.01685498305957109,0.018009489223193006,0.016903232096902303,0.012806461335980934,0.00913182265607625,0.011501578915011915,0.011412657275615568,0.010269817326449566,0.012838624718030182,0.008474574074662431,0.007575238961080221,0.009476923434471802,0.008134421523431296,0.008727210179507543,0.011216317172359016
Soda ,0.008988822081016678,0.00640345865448769,0.05006217655123114,0.007880679690230343,0.009338988513105642,0.008605873796664016,0.008764631729944397,0.007939120425734712,0.0077908852263701344,0.009227610435266084,0.01014410888482923,0.009266047934868944,0.012622318676727556,0.00722438387132645,0.0064510978776806975,0.009434030568705318,0.007533769518665608,0.007844056300238286,0.010157056455917393,0.004239749369340745,0.00953479746147736,0.008331555753772838,0.009222929023034152,0.00915709931691819,0.007244313010325652,0.004424622017474185,0.005998739315329626,0.006885785747418585,0.005496702071485306,0.010598534193804606,0.004766448725972995,0.012169903285146947,0.0083404166624305,0.009714411585385222,0.012625199186656073,0.01340232797140588,0.012313682073073868,0.010003497987291502,0.007646610684670374,0.010128198270055599,0.00881951624305004,0.008406589914217633,0.010677301572676729,0.006440128038125497,0.006504973181890389,0.00808205815091342,0.007348964220810167,0.006908458528991263,0.007618883399523431
Beer ,0.009497576806989672,0.0071212835345512305,0.007880679690230343,0.032992190619539306,0.007332065758538522,0.007642648713264493,0.00973005720413026,0.006780641429706115,0.00783330139793487,0.009686224297061162,0.009787460277998412,0.010015397942811755,0.01344318472597299,0.007745187140587768,0.0070415746306592515,0.006437901517077045,0.007415110976965846,0.007840828459094519,0.010112193050039714,0.00622144009531374,0.009670048022239872,0.008944468538522637,0.008010789388403498,0.00957985194598888,0.006784856584590946,0.0049412648451151705,0.005397224567116761,0.007128050802223987,0.005605283542494042,0.009380651540905482,0.004690872779984114,0.012912329896743449,0.00978643900714853,0.010455438784749797,0.014389927370929305,0.014440030643367751,0.014302059245432885,0.009887536052422556,0.007835817776012707,0.007132140087370929,0.009290985361397934,0.009253399626687845,0.011272585258141383,0.0075729426846703725,0.006090495679110403,0.00818832347895155,0.007011116783161239,0.007240580905480539,0.009461970833995232
Smoke,0.011747756568705322,0.00845158648610008,0.009338988513105642,0.007332065758538522,0.09422380794122318,0.009007190444797458,0.012018011968228753,0.008253237820492452,0.009113698602065132,0.009842574549642574,0.013069292602065127,0.01081863400317713,0.016174871067513898,0.01137814550754567,0.007785898004765688,0.00831770388085782,0.00812288716759333,0.008308712837172359,0.010273149593328035,0.006781761505957109,0.009807258557585385,0.008793098295472595,0.010573119745830022,0.011416517839555204,0.008351780619539319,0.0076386672279587006,0.0066284233979348696,0.007525544635424942,0.009449233286735505,0.01249918640984909,0.007435361815726768,0.011077283078633836,0.010978514915011912,0.009840349583796664,0.011112296088959488,0.012546320695790307,0.010430971143764891,0.009680440687847498,0.009958463869737888,0.012817112853057984,0.009547054463860206,0.009029716983320094,0.011573610643367751,0.006612959968228754,0.008099485810961081,0.010078459167593326,0.006298713974583002,0.0068589560031771255,0.010160028181096108
Toys ,0.015282412613185064,0.010141220420969021,0.008605873796664016,0.007642648713264493,0.009007190444797458,0.04285998264495631,0.022585783272438445,0.015699667577442417,0.016482853010325652,0.018777461008737086,0.01789425657664813,0.022326395575853853,0.030343010730738678,0.015266736957903098,0.014489744988085779,0.014034499563145354,0.015232736997617157,0.01843582129467831,0.01953359935663225,0.01589211745830024,0.02145912176330421,0.020096583979348687,0.016715442509928513,0.0170703472279587,0.013725149642573474,0.007107388880063546,0.008010729555202538,0.01175568819698173,0.01062230597299444,0.013946425281969821,0.0030770380698967445,0.03354675064336774,0.017486996449563145,0.024053718514694202,0.03683568257347101,0.03884360678316123,0.036621322613185056,0.02621597835583796,0.013740896568705318,0.018125033828435267,0.01796970912629071,0.019874732478157266,0.022515909197776008,0.015187547799841144,0.010688786449563144,0.011830623526608419,0.013438513558379666,0.016614826560762512,0.020058493439237483
Fun  ,0.01825914300238285,0.011625484063542493,0.008764631729944397,0.00973005720413026,0.012018011968228753,0.022585783272438445,0.04138582786973787,0.017635103301032563,0.017893260397140592,0.01946143350913423,0.020599307637807786,0.024795696409849084,0.03586504213185067,0.01688106373629865,0.015630552031771244,0.014813696930897537,0.01688093355361398,0.01985869109769658,0.021667766440031773,0.017273926843526605,0.022911981464654483,0.022890163498014298,0.01918263335980937,0.018804645877680697,0.01446905248610008,0.008665066719618746,0.007979384867355041,0.01118032191898332,0.010759374748212867,0.015921048784749803,0.00484880260206513,0.03849086911517076,0.019392117766481334,0.026513711355043688,0.04047265707386814,0.043242748162033356,0.04022575496425735,0.028900244222398726,0.015817138833995235,0.02022063238443209,0.020755084114376487,0.021353783710881657,0.024576406989674345,0.016607321779189832,0.012032755787132645,0.014106844632247817,0.015146539224781569,0.01845088772676727,0.02370329947577442
Books,0.011764176457505951,0.009376215084988085,0.007939120425734712,0.006780641429706115,0.008253237820492452,0.015699667577442417,0.017635103301032563,0.027493974608419375,0.013810293248610005,0.015077089607625096,0.015829588555996824,0.016777694773629864,0.02482656162668785,0.01302187295313741,0.012014870227164413,0.012352926824463858,0.012779403977760123,0.015397465626687848,0.016221453769658455,0.012519107888800639,0.0175097499030977,0.01663373783002383,0.014697768419380459,0.013097582684670374,0.011538497092930897,0.00786077254964257,-0.001121201131056392,0.008966817245432884,0.012135747526608419,0.012257154916600479,0.005081071669579031,0.026974886443208893,0.015741005159650514,0.019242639199364572,0.028158997769658464,0.03041522973153297,0.028930783320095316,0.021124624235107237,0.012377186738681491,0.016082354204924543,0.015646546306592533,0.015521000686258937,0.01858167631453534,0.012035733852263697,0.01002072234471803,0.011411073569499603,0.011131605788721206,0.013914702697378871,0.01679777823669579
Hshld,0.013970814900714851,0.010367416219221605,0.0077908852263701344,0.00783330139793487,0.009113698602065132,0.016482853010325652,0.017893260397140592,0.013810293248610005,0.023124145671167603,0.015313463558379668,0.015828464320889597,0.01800085367752185,0.02527559830023828,0.014332507339158064,0.012282164003177129,0.01340536760921366,0.013926313328038127,0.016481445766481334,0.018198988641779188,0.014779984368546465,0.018357162795869738,0.017489664098490867,0.015436061223193005,0.014779878506751387,0.013818089626687848,0.007198292390786338,0.0069638776648133435,0.012648214646544873,0.01050006147736299,0.014064857839555201,0.005537535837966641,0.027047487911040502,0.015256824765687056,0.02004996468625894,0.02944520975377284,0.030373381223193014,0.029337170563939637,0.021344940794281175,0.01332677359809373,0.01731431502779984,0.016975504225575856,0.016387861747418585,0.019218602096902303,0.013108888800635427,0.010478683463065925,0.012240244670373313,0.011677202716441622,0.014008280603653694,0.016837579825258138
Clths,0.013077779094519456,0.010907699559968231,0.009227610435266084,0.009686224297061162,0.009842574549642574,0.018777461008737086,0.01946143350913423,0.015077089607625096,0.015313463558379668,0.03334892806830818,0.016658430171564736,0.017678562676727558,0.025534521329626685,0.015019592878474982,0.012844029315329629,0.014060627185067514,0.014622629725178719,0.017214427785544082,0.018893084811755362,0.013543965890389193,0.01884977277521843,0.017983742203335987,0.01681927339158061,0.017004131564733915,0.014188409086576644,0.007623660111199362,0.004428121571088164,0.013726212181096112,0.013173961515488483,0.013583736084193804,0.0049746314900714845,0.02807869925019857,0.0164079705146942,0.020548852077839557,0.028709161061159647,0.030993656136616362,0.028824785504368542,0.020679398718030182,0.013688496339952344,0.01792066713423352,0.01878640922160445,0.017365832789515492,0.022441098872120726,0.013983859475774428,0.01061249330897537,0.012848097483717234,0.01352471098808578,0.014816945455123107,0.0186308757426529
Hlth ,0.015779735313741064,0.01131711020015886,0.01014410888482923,0.009787460277998412,0.013069292602065127,0.01789425657664813,0.020599307637807786,0.015829588555996824,0.015828464320889597,0.016658430171564736,0.03287272344876887,0.02135561311358221,0.03194723806036538,0.014759487178713265,0.013380463539316923,0.014058283639396343,0.014188299545671166,0.01756749988403495,0.018716180211278792,0.015112926919777602,0.01952528577283559,0.019580545891977757,0.0158944709451946,0.017587579062748212,0.013956818173153297,0.007574934614773627,0.004362366962668781,0.010450333401111993,0.013952662713264494,0.01717856580619539,0.005842425355043685,0.029292654243050036,0.018252448217633048,0.02278092689594917,0.03162902483876092,0.03379442936616361,0.03146448588562351,0.02417528662589356,0.014009496810166798,0.016690130082605243,0.017643384805401115,0.01822485611914218,0.021067881969817313,0.014537036854646544,0.011743642837172358,0.014235140273232725,0.013137715629864972,0.01467678936934075,0.01968817553613979
MedEq,0.01808280171564734,0.011389119483717234,0.009266047934868944,0.010015397942811755,0.01081863400317713,0.022326395575853853,0.024795696409849084,0.016777694773629864,0.01800085367752185,0.017678562676727558,0.02135561311358221,0.03231943713264496,0.040192878467037334,0.01599933838760921,0.01583834625893566,0.014484643677521836,0.015974084988085786,0.019478187521842733,0.02117029231930103,0.017751880794281173,0.0239985937887212,0.02363574188244639,0.018101898300238284,0.01782352965845909,0.015120038030182685,0.009093675774424147,0.006765980325655284,0.011694703224781576,0.014058922303415404,0.017210060420969023,0.004081171382049246,0.03672844198570293,0.019421027299444,0.02705472807783955,0.042284398474980146,0.044202289324861,0.04239205141382049,0.030902669571088167,0.014711687513899918,0.01913700288324067,0.018473453685464655,0.022027961294678315,0.02339807847498014,0.015544972422557592,0.01139381742652899,0.013284004718030179,0.014110037370929314,0.017400579126290706,0.023039983701350276
Drugs,0.024881579475774424,0.016336180077839556,0.012622318676727556,0.01344318472597299,0.016174871067513898,0.030343010730738678,0.03586504213185067,0.02482656162668785,0.02527559830023828,0.025534521329626685,0.03194723806036538,0.040192878467037334,0.07468174972359017,0.023332332090548052,0.021225047660047656,0.019715030435266092,0.0220456709706116,0.028641137145353456,0.029747019645750595,0.024431147710881656,0.034622888206513096,0.03617011649086576,0.024242750754567118,0.025241999555202538,0.020558903034154093,0.007827694614773633,0.006784110003177123,0.01521379171405878,0.021480142751389993,0.024582935750595714,0.007797474899126292,0.056859255590150905,0.026248419280381248,0.04030816684511517,0.06409331034789519,0.06703377574900714,0.06587734472597297,0.04873449400953138,0.02060138573153296,0.028013621100873715,0.027115502327243843,0.03142888762986497,0.033199557903097705,0.021646734265289912,0.016064168949960284,0.019798989321683867,0.020739860525814145,0.025836333744241463,0.0340249552660842
Chems,0.012422741318506752,0.010014319839555204,0.00722438387132645,0.007745187140587768,0.01137814550754567,0.015266736957903098,0.01688106373629865,0.01302187295313741,0.014332507339158064,0.015019592878474982,0.014759487178713265,0.01599933838760921,0.023332332090548052,0.023120453266084192,0.011821714379666403,0.013248850260524225,0.013496768254169974,0.01523969876568705,0.01903665935980937,0.012928148568705318,0.018298394735504365,0.01687067645909452,0.015879378681493247,0.015513338840349484,0.013314364289118348,0.007291051882446385,0.003634794324066719,0.012397522103256555,0.01028411139316918,0.016441285806195395,0.006890605701350279,0.023501697274027004,0.014692275769658454,0.01803761053057983,0.025810301833200953,0.025972207996822868,0.02654552537728355,0.01943586992692613,0.015328345286735504,0.01842034275297855,0.016859514400317712,0.015097653698173152,0.01815607758538523,0.012073999205718828,0.010016371301032567,0.012566716184273232,0.010524593552025417,0.013157565579030979,0.016217212803812553
Rubbr,0.012577480603653692,0.008353467224781573,0.0064510978776806975,0.0070415746306592515,0.007785898004765688,0.014489744988085779,0.015630552031771244,0.012014870227164413,0.012282164003177129,0.012844029315329629,0.013380463539316923,0.01583834625893566,0.021225047660047656,0.011821714379666403,0.024185126805401115,0.009739810322478159,0.011321800972200157,0.013649770811755365,0.015147209394757742,0.011748311434471801,0.015708249073868148,0.01504335244162033,0.012449841016679905,0.011996776806989675,0.011302637458300237,0.006769980397140589,0.00428263493884035,0.008597253007148533,0.007373061483717237,0.011519248721207308,0.00391363097378872,0.02234062174424145,0.01339991290548054,0.01705957778872121,0.02483587921842732,0.025629737010325653,0.024580054027005555,0.018347144174741856,0.010649255053216835,0.014597932781572674,0.014154722875297853,0.014042451923749005,0.01594094115965052,0.011307152724384432,0.008442497518665609,0.0097185344177919,0.010344356254169974,0.011351268536934075,0.013967634757744242
Txtls,0.011618690611596505,0.00883788989833201,0.009434030568705318,0.006437901517077045,0.00831770388085782,0.014034499563145354,0.014813696930897537,0.012352926824463858,0.01340536760921366,0.014060627185067514,0.014058283639396343,0.014484643677521836,0.019715030435266092,0.013248850260524225,0.009739810322478159,0.03827702343288324,0.013370670157267672,0.015153133911040511,0.017015516478157265,0.0115517152279587,0.016196853874503578,0.015219946908657661,0.014478253248610008,0.015310307037331213,0.012408037648927719,0.005314850992851466,0.0035376637696584597,0.01069009397299444,0.011615298233518668,0.013990287617156474,0.00601715650675139,0.020641811733121525,0.013974167137410641,0.016092379286735504,0.02256333375059571,0.023098724235107223,0.02244147733915806,0.017650305593328038,0.012743672282764094,0.015740534816521053,0.01449682448768864,0.014079862822875296,0.01623087050039714,0.011460627450357426,0.009084808937251786,0.010771460463860204,0.011464254057188244,0.012026177899920571,0.01340198449563145
BldMt,0.012358021763304208,0.009066592953137408,0.007533769518665608,0.007415110976965846,0.00812288716759333,0.015232736997617157,0.01688093355361398,0.012779403977760123,0.013926313328038127,0.014622629725178719,0.014188299545671166,0.015974084988085786,0.0220456709706116,0.013496768254169974,0.011321800972200157,0.013370670157267672,0.018646184552819696,0.015458207034154087,0.017491492536934074,0.012690857798252582,0.01794535402065131,0.016712232527402702,0.015344179444003176,0.015171456616362192,0.012870298077839551,0.008560005496425735,0.0014026887561556787,0.010358159084988083,0.009264765769658456,0.0137663146624305,0.005006570141382049,0.024415957146942016,0.014322756365369338,0.018204428822875294,0.026637443787132644,0.02733181617791898,0.027039320158856232,0.019945690173153292,0.012679229655281971,0.016361743142176335,0.01562316775218427,0.015323901458300235,0.017794313423351867,0.012055991930103257,0.009608646900714852,0.011472165254964257,0.011505825188244641,0.01313526089277204,0.01640957413820493
Cnstr,0.014345023415409058,0.01095433070214456,0.007844056300238286,0.007840828459094519,0.008308712837172359,0.01843582129467831,0.01985869109769658,0.015397465626687848,0.016481445766481334,0.017214427785544082,0.01756749988403495,0.019478187521842733,0.028641137145353456,0.01523969876568705,0.013649770811755365,0.015153133911040511,0.015458207034154087,0.03317774630500398,0.01970009569658459,0.015818060193804603,0.020932787733121523,0.02010312383320096,0.017352129722001588,0.016914131469420172,0.014964071358220808,0.008431264876886417,0.004108111328038125,0.013367982100079428,0.013838702344718028,0.016575245917394756,0.006030499328038126,0.030098576651310566,0.017236341590150913,0.021869299328038123,0.032760667532962674,0.033423568390786335,0.03311461298649722,0.024410990050833987,0.014130020165210483,0.01834021494678316,0.01882234984114376,0.0178802919285147,0.021482953582208107,0.013718516505162828,0.010969709042096905,0.01315505241302621,0.012846106470214452,0.01632120332962669,0.019678419126290706
Steel,0.016768096012708497,0.012009505453534554,0.010157056455917393,0.010112193050039714,0.010273149593328035,0.01953359935663225,0.021667766440031773,0.016221453769658455,0.018198988641779188,0.018893084811755362,0.018716180211278792,0.02117029231930103,0.029747019645750595,0.01903665935980937,0.015147209394757742,0.017015516478157265,0.017491492536934074,0.01970009569658459,0.03180215710722796,0.016601935739475774,0.023460769057982524,0.02131980738204925,0.019824493725178718,0.019174437807783953,0.017846958252581414,0.009522243335980934,0.007551398473391582,0.01570877888482923,0.013814703850675139,0.02015939201747418,0.006839431220015885,0.03270968266560762,0.018624037281969815,0.023834639480540112,0.03543455025893566,0.035771939027799834,0.03661963069896743,0.025937147137410636,0.016808364171564734,0.022019217269261322,0.020840822835583795,0.019846178635424927,0.022513401779189833,0.015794107005559967,0.012228671895154884,0.014655715720413024,0.014641239931691816,0.016995237083399523,0.020575649880857826
FabPr,0.012758402382843523,0.009016943281969817,0.004239749369340745,0.00622144009531374,0.006781761505957109,0.01589211745830024,0.017273926843526605,0.012519107888800639,0.014779984368546465,0.013543965890389193,0.015112926919777602,0.017751880794281173,0.024431147710881656,0.012928148568705318,0.011748311434471801,0.0115517152279587,0.012690857798252582,0.015818060193804603,0.016601935739475774,0.04173283205083398,0.01847751883081811,0.017255856813343923,0.01368489569499603,0.014862939094519457,0.012736934900714857,0.010510343764892773,0.006684401124702145,0.011252390335186655,0.011067582061953934,0.013461727688641779,0.0038456891119936455,0.02570172494996028,0.015114505461477362,0.01861495608578237,0.02842046890548054,0.02866405200317713,0.029501796791104054,0.02123569848451151,0.011727585563145354,0.015550049264495634,0.014912033169181887,0.015862767453534554,0.017517965814138205,0.0114540309451946,0.009077937245432884,0.010617326182684671,0.011465753270849881,0.012614929893566324,0.01578635752184273
Mach ,0.01625616400317712,0.011938751666401909,0.00953479746147736,0.009670048022239872,0.009807258557585385,0.02145912176330421,0.022911981464654483,0.0175097499030977,0.018357162795869738,0.01884977277521843,0.01952528577283559,0.0239985937887212,0.034622888206513096,0.018298394735504365,0.015708249073868148,0.016196853874503578,0.01794535402065131,0.020932787733121523,0.023460769057982524,0.01847751883081811,0.030789411526608416,0.024752985617156466,0.01917060247815727,0.018815981985702935,0.018188064305003974,0.010067123685464651,0.005449376969023035,0.013347455733121523,0.01554712681810961,0.020155787466243053,0.006218486630659253,0.03765648766322478,0.019873327501191425,0.0266723175440826,0.043466952476568704,0.04327466424781573,0.0467351938522637,0.03262169050675138,0.016413946446386017,0.023702495723590147,0.020990823431294686,0.021808244349483717,0.02389048727561557,0.015880861667990465,0.01229662974424146,0.014717531037331212,0.015246480009531372,0.018790733490071487,0.02247688679904687
ElcEq,0.01602244575059571,0.011132957424940429,0.008331555753772838,0.008944468538522637,0.008793098295472595,0.020096583979348687,0.022890163498014298,0.01663373783002383,0.017489664098490867,0.017983742203335987,0.019580545891977757,0.02363574188244639,0.03617011649086576,0.01687067645909452,0.01504335244162033,0.015219946908657661,0.016712232527402702,0.02010312383320096,0.02131980738204925,0.017255856813343923,0.024752985617156466,0.033887837602859405,0.01765284600476568,0.017027685814138206,0.016611275107227957,0.009629848006354249,0.00366415006671962,0.012405814494042891,0.01394774399046863,0.017663503026211273,0.0055627922303415405,0.03688549317553614,0.01815724682605242,0.025738393088165206,0.04219309411278792,0.04214673190468626,0.04442166774424146,0.031501234597299435,0.014990032054011119,0.019459529917394757,0.019351345409054803,0.020714093602859408,0.02266195205718824,0.014938928832406672,0.011068785026211283,0.01364974163304209,0.014117776236695785,0.018042196142970608,0.021848360635424932
Autos,0.01422258548054011,0.010884691977760126,0.009222929023034152,0.008010789388403498,0.010573119745830022,0.016715442509928513,0.01918263335980937,0.014697768419380459,0.015436061223193005,0.01681927339158061,0.0158944709451946,0.018101898300238284,0.024242750754567118,0.015879378681493247,0.012449841016679905,0.014478253248610008,0.015344179444003176,0.017352129722001588,0.019824493725178718,0.01368489569499603,0.01917060247815727,0.01765284600476568,0.026397608768864173,0.018108731342335184,0.014671532740270051,0.007347637553613976,0.004373060015885621,0.012862036250992848,0.009974881143764894,0.013788521461477358,0.006274482223987289,0.02720611539316919,0.016866994884829234,0.020142919205718823,0.028579622144559176,0.02955865877680699,0.029114683463065925,0.02126374951548848,0.015000931596505165,0.019051524638602064,0.01928611539316918,0.016455588371723597,0.020627524479745838,0.013775535154884833,0.010870267482128671,0.01305880327243844,0.01234495615567911,0.014770518824463856,0.017708890675138995
Aero ,0.01543542767275615,0.01181552095313741,0.00915709931691819,0.00957985194598888,0.011416517839555204,0.0170703472279587,0.018804645877680697,0.013097582684670374,0.014779878506751387,0.017004131564733915,0.017587579062748212,0.01782352965845909,0.025241999555202538,0.015513338840349484,0.011996776806989675,0.015310307037331213,0.015171456616362192,0.016914131469420172,0.019174437807783953,0.014862939094519457,0.018815981985702935,0.017027685814138206,0.018108731342335184,0.05600921397934868,0.016270229324861,0.008986054233518666,0.003952713963463065,0.014656527498014294,0.01110852762509928,0.016009147227958688,0.005611781350277999,0.025341431358220808,0.016745140238284346,0.019676850770452736,0.025795121874503567,0.02758695752184273,0.026241616012708503,0.01978196908657664,0.01585834910246227,0.018248373947577445,0.019579886036536927,0.016337963749007152,0.02058862551231136,0.014370233836378074,0.011487607815726764,0.013641094932486102,0.012171579316918188,0.013854910849880855,0.01845517229547259
Ships,0.012783670436854645,0.010303466465448769,0.007244313010325652,0.006784856584590946,0.008351780619539319,0.013725149642573474,0.01446905248610008,0.011538497092930897,0.013818089626687848,0.014188409086576644,0.013956818173153297,0.015120038030182685,0.020558903034154093,0.013314364289118348,0.011302637458300237,0.012408037648927719,0.012870298077839551,0.014964071358220808,0.017846958252581414,0.012736934900714857,0.018188064305003974,0.016611275107227957,0.014671532740270051,0.016270229324861,0.042509510595710884,0.010385837617156472,0.010002264082605237,0.01227882976965846,0.01234512638602065,0.01926881382049245,0.006671437903097696,0.02258724861000794,0.014379443145353454,0.017225737664813345,0.026227884892772044,0.026025833645750594,0.027444790246227157,0.019657685559968226,0.013186021318506746,0.01644024003177125,0.01525834468625893,0.014759680254169972,0.016713383256552816,0.011353770706910243,0.010253987418586179,0.011726642192216046,0.011497791898332011,0.012715609531374105,0.015276689023034156
Guns ,0.009333216552819698,0.005916114440031771,0.004424622017474185,0.0049412648451151705,0.0076386672279587006,0.007107388880063546,0.008665066719618746,0.00786077254964257,0.007198292390786338,0.007623660111199362,0.007574934614773627,0.009093675774424147,0.007827694614773633,0.007291051882446385,0.006769980397140589,0.005314850992851466,0.008560005496425735,0.008431264876886417,0.009522243335980934,0.010510343764892773,0.010067123685464651,0.009629848006354249,0.007347637553613976,0.008986054233518666,0.010385837617156472,0.08291174900714852,0.007502960508339951,0.008053395679110406,0.010333176457505956,0.010593350818109613,0.003978656489277204,0.012801839269261317,0.008126218840349484,0.009795910119142178,0.014356594090548054,0.013694755361397934,0.01496745245432883,0.011456859253375693,0.007681908117553613,0.00837720737092931,0.006527719046862588,0.008590116346306591,0.00951927879269261,0.003085665003971407,0.00722097769658459,0.006847361461477361,0.0049048142335186675,0.006711392565528198,0.009975383637807781
Gold ,0.01114151180301827,0.0009994815615567902,0.005998739315329626,0.005397224567116761,0.0066284233979348696,0.008010729555202538,0.007979384867355041,-0.001121201131056392,0.0069638776648133435,0.004428121571088164,0.004362366962668781,0.006765980325655284,0.006784110003177123,0.003634794324066719,0.00428263493884035,0.0035376637696584597,0.0014026887561556787,0.004108111328038125,0.007551398473391582,0.006684401124702145,0.005449376969023035,0.00366415006671962,0.004373060015885621,0.003952713963463065,0.010002264082605237,0.007502960508339951,0.28718839215091335,0.026496039536139784,-0.0013969755774424174,0.018967792525814136,-0.0013845735456711674,0.00688031961556791,0.0048866683860206515,0.007168555318506754,0.012343820505162827,0.011692793038919777,0.009693916417791899,0.006978028662430502,0.0012621003113582193,0.003122588389197776,0.0022838308419380476,0.006460281351866562,0.003411012486100079,0.003938327212073074,0.0009830374551231139,-0.0007013297442414608,0.008330608827640985,0.0016496375917394769,0.004107561302621127
Mines,0.01262323615567911,0.0072001749579030955,0.006885785747418585,0.007128050802223987,0.007525544635424942,0.01175568819698173,0.01118032191898332,0.008966817245432884,0.012648214646544873,0.013726212181096112,0.010450333401111993,0.011694703224781576,0.01521379171405878,0.012397522103256555,0.008597253007148533,0.01069009397299444,0.010358159084988083,0.013367982100079428,0.01570877888482923,0.011252390335186655,0.013347455733121523,0.012405814494042891,0.012862036250992848,0.014656527498014294,0.01227882976965846,0.008053395679110406,0.026496039536139784,0.06497440447339158,0.004942300632247814,0.012465299285146943,0.004185827761715647,0.01778036984273233,0.010561560171564729,0.013186529461477366,0.019225263250198566,0.018903289334392375,0.01936814611596505,0.014472382741858619,0.011331609836378079,0.015554391536139793,0.01311545003971406,0.011890387596505162,0.014662930675139,0.008681362160444796,0.008468162249404287,0.009937758652899123,0.009762289220015888,0.010678973166004765,0.012375385734710087
Coal ,0.011740907609213666,0.007654613023034154,0.005496702071485306,0.005605283542494042,0.009449233286735505,0.01062230597299444,0.010759374748212867,0.012135747526608419,0.01050006147736299,0.013173961515488483,0.013952662713264494,0.014058922303415404,0.021480142751389993,0.01028411139316918,0.007373061483717237,0.011615298233518668,0.009264765769658456,0.013838702344718028,0.013814703850675139,0.011067582061953934,0.01554712681810961,0.01394774399046863,0.009974881143764894,0.01110852762509928,0.01234512638602065,0.010333176457505956,-0.0013969755774424174,0.004942300632247814,0.12191539419221605,0.019789774217633043,0.008236677264495632,0.021594385810961084,0.0132740088228753,0.015352627415409053,0.02277968519142176,0.02449980226846703,0.025069124273232726,0.0160205997426529,0.010349744806989672,0.013123866061953931,0.011853954138204921,0.012147481153296271,0.015803499316918185,0.009475859571088168,0.008810662760921366,0.010901779691818903,0.00985181744559174,0.010937764613185071,0.013218270691024618
Oil  ,0.013834374138204925,0.010209386076250992,0.010598534193804606,0.009380651540905482,0.01249918640984909,0.013946425281969821,0.015921048784749803,0.012257154916600479,0.014064857839555201,0.013583736084193804,0.01717856580619539,0.017210060420969023,0.024582935750595714,0.016441285806195395,0.011519248721207308,0.013990287617156474,0.0137663146624305,0.016575245917394756,0.02015939201747418,0.013461727688641779,0.020155787466243053,0.017663503026211273,0.013788521461477358,0.016009147227958688,0.01926881382049245,0.010593350818109613,0.018967792525814136,0.012465299285146943,0.019789774217633043,0.04992442051628275,0.01064057471803018,0.020292713820492452,0.015085160103256551,0.018037951175536134,0.02303670370135028,0.023758114996028593,0.024121840865766478,0.019518347601270854,0.013766376759332804,0.017304052795869735,0.01637650969817315,0.015816492192216043,0.015668897251787137,0.011870860111199366,0.009858284559173949,0.011932527355043685,0.01204262018268467,0.011584370738681493,0.016016372740270055
Util ,0.005196814646544877,0.0050967526306592535,0.004766448725972995,0.004690872779984114,0.007435361815726768,0.0030770380698967445,0.00484880260206513,0.005081071669579031,0.005537535837966641,0.0049746314900714845,0.005842425355043685,0.004081171382049246,0.007797474899126292,0.006890605701350279,0.00391363097378872,0.00601715650675139,0.005006570141382049,0.006030499328038126,0.006839431220015885,0.0038456891119936455,0.006218486630659253,0.0055627922303415405,0.006274482223987289,0.005611781350277999,0.006671437903097696,0.003978656489277204,-0.0013845735456711674,0.004185827761715647,0.008236677264495632,0.01064057471803018,0.01260561761874503,0.005883521725178712,0.0060080643733121525,0.00540731248768864,0.005482031193010326,0.005891018818109611,0.00652637778395552,0.005708116157267672,0.006114387580619539,0.007543571496425737,0.006384080484511518,0.004578278088959491,0.006278696139793485,0.004111710913423352,0.004427409826846704,0.006664483911040509,0.003600954819698173,0.0042453565814138195,0.005016310532168387
Telcm,0.0249240410802224,0.016038124648133437,0.012169903285146947,0.012912329896743449,0.011077283078633836,0.03354675064336774,0.03849086911517076,0.026974886443208893,0.027047487911040502,0.02807869925019857,0.029292654243050036,0.03672844198570293,0.056859255590150905,0.023501697274027004,0.02234062174424145,0.020641811733121525,0.024415957146942016,0.030098576651310566,0.03270968266560762,0.02570172494996028,0.03765648766322478,0.03688549317553614,0.02720611539316919,0.025341431358220808,0.02258724861000794,0.012801839269261317,0.00688031961556791,0.01778036984273233,0.021594385810961084,0.020292713820492452,0.005883521725178712,0.07817295192374901,0.028037654357426528,0.04284314266243051,0.07210711398888005,0.07527631757903099,0.07467235658459094,0.05032624693566322,0.021666818700556,0.030238188946783165,0.030036436235107225,0.03267569947895155,0.03780182297061159,0.02278971323272438,0.01760188885782367,0.020363741718824463,0.02050808786973789,0.03050792840031771,0.03386697121525019
PerSv,0.01493296050833995,0.010741641323272438,0.0083404166624305,0.00978643900714853,0.010978514915011912,0.017486996449563145,0.019392117766481334,0.015741005159650514,0.015256824765687056,0.0164079705146942,0.018252448217633048,0.019421027299444,0.026248419280381248,0.014692275769658454,0.01339991290548054,0.013974167137410641,0.014322756365369338,0.017236341590150913,0.018624037281969815,0.015114505461477362,0.019873327501191425,0.01815724682605242,0.016866994884829234,0.016745140238284346,0.014379443145353454,0.008126218840349484,0.0048866683860206515,0.010561560171564729,0.0132740088228753,0.015085160103256551,0.0060080643733121525,0.028037654357426528,0.030154660745035745,0.02132853652581414,0.030203004778395545,0.03272869511993645,0.03117287497220016,0.022325827375694992,0.013851514258935662,0.017934116633836376,0.01820784477362986,0.01754192136775218,0.021056592819698173,0.014249814297061158,0.011141285938046067,0.013102122900714854,0.012613263521842734,0.014974954605242253,0.017463606671961875
BusSv,0.019135931151707697,0.01251760886576648,0.009714411585385222,0.010455438784749797,0.009840349583796664,0.024053718514694202,0.026513711355043688,0.019242639199364572,0.02004996468625894,0.020548852077839557,0.02278092689594917,0.02705472807783955,0.04030816684511517,0.01803761053057983,0.01705957778872121,0.016092379286735504,0.018204428822875294,0.021869299328038123,0.023834639480540112,0.01861495608578237,0.0266723175440826,0.025738393088165206,0.020142919205718823,0.019676850770452736,0.017225737664813345,0.009795910119142178,0.007168555318506754,0.013186529461477366,0.015352627415409053,0.018037951175536134,0.00540731248768864,0.04284314266243051,0.02132853652581414,0.0332404403669579,0.04752208155043686,0.05014754523590152,0.048590348459094525,0.03378747755520255,0.01633622691342335,0.022320988652899127,0.022005598133439233,0.02379524870055599,0.026702847212073073,0.01714162764098491,0.013100195275615569,0.015346991933280376,0.015707297599682295,0.020400681791898332,0.024796555138999206
Hardw,0.027409292168387608,0.01685498305957109,0.012625199186656073,0.014389927370929305,0.011112296088959488,0.03683568257347101,0.04047265707386814,0.028158997769658464,0.02944520975377284,0.028709161061159647,0.03162902483876092,0.042284398474980146,0.06409331034789519,0.025810301833200953,0.02483587921842732,0.02256333375059571,0.026637443787132644,0.032760667532962674,0.03543455025893566,0.02842046890548054,0.043466952476568704,0.04219309411278792,0.028579622144559176,0.025795121874503567,0.026227884892772044,0.014356594090548054,0.012343820505162827,0.019225263250198566,0.02277968519142176,0.02303670370135028,0.005482031193010326,0.07210711398888005,0.030203004778395545,0.04752208155043686,0.09244442582366959,0.08602096730103258,0.08871316575059572,0.05852088984273232,0.023322663084988086,0.03354205228276409,0.031358135091342325,0.037316163609213665,0.03940015415409054,0.02478332724384432,0.017624394052422557,0.02045631852581414,0.02254765223828435,0.032339942157267675,0.03709560228752979
Softw,0.0277741167593328,0.018009489223193006,0.01340232797140588,0.014440030643367751,0.012546320695790307,0.03884360678316123,0.043242748162033356,0.03041522973153297,0.030373381223193014,0.030993656136616362,0.03379442936616361,0.044202289324861,0.06703377574900714,0.025972207996822868,0.025629737010325653,0.023098724235107223,0.02733181617791898,0.033423568390786335,0.035771939027799834,0.02866405200317713,0.04327466424781573,0.04214673190468626,0.02955865877680699,0.02758695752184273,0.026025833645750594,0.013694755361397934,0.011692793038919777,0.018903289334392375,0.02449980226846703,0.023758114996028593,0.005891018818109611,0.07527631757903099,0.03272869511993645,0.05014754523590152,0.08602096730103258,0.09363645197140587,0.08737308309769656,0.05837428512470212,0.023646661432883243,0.03458483838284353,0.033192455297855444,0.03897692616679905,0.04231705992057188,0.025734789451945985,0.01885350048610008,0.021780789502779983,0.02417612358061954,0.03329488512787927,0.03863604419380461
Chips,0.026944836219221606,0.016903232096902303,0.012313682073073868,0.014302059245432885,0.010430971143764891,0.036621322613185056,0.04022575496425735,0.028930783320095316,0.029337170563939637,0.028824785504368542,0.03146448588562351,0.04239205141382049,0.06587734472597297,0.02654552537728355,0.024580054027005555,0.02244147733915806,0.027039320158856232,0.03311461298649722,0.03661963069896743,0.029501796791104054,0.0467351938522637,0.04442166774424146,0.029114683463065925,0.026241616012708503,0.027444790246227157,0.01496745245432883,0.009693916417791899,0.01936814611596505,0.025069124273232726,0.024121840865766478,0.00652637778395552,0.07467235658459094,0.03117287497220016,0.048590348459094525,0.08871316575059572,0.08737308309769656,0.09984232558379666,0.06329072661636219,0.02333364929308975,0.03464739552819699,0.03247570710881652,0.03771231800635425,0.0399594527084988,0.023994954662430505,0.01774603372517871,0.021010204050833987,0.02285469228752978,0.03367418258935663,0.036719710627482124
LabEq,0.019710585131056384,0.012806461335980934,0.010003497987291502,0.009887536052422556,0.009680440687847498,0.02621597835583796,0.028900244222398726,0.021124624235107237,0.021344940794281175,0.020679398718030182,0.02417528662589356,0.030902669571088167,0.04873449400953138,0.01943586992692613,0.018347144174741856,0.017650305593328038,0.019945690173153292,0.024410990050833987,0.025937147137410636,0.02123569848451151,0.03262169050675138,0.031501234597299435,0.02126374951548848,0.01978196908657664,0.019657685559968226,0.011456859253375693,0.006978028662430502,0.014472382741858619,0.0160205997426529,0.019518347601270854,0.005708116157267672,0.05032624693566322,0.022325827375694992,0.03378747755520255,0.05852088984273232,0.05837428512470212,0.06329072661636219,0.05070059039078633,0.01697034777124702,0.02522733329150119,0.02318734623510723,0.026803506222398726,0.028018920190627485,0.01788488536934075,0.012918655291501192,0.01585220127402701,0.016871272579825257,0.02288656455599682,0.02715396943606037
