,Agric,Food ,Soda ,Beer ,Smoke,Toys ,Fun  ,Books,Hshld,Clths,Hlth ,MedEq,Drugs,Chems,Rubbr,Txtls,BldMt,Cnstr,Steel,FabPr,Mach ,ElcEq,Autos,Aero ,Ships,Guns ,Gold ,Mines,Coal ,Oil  ,Util ,Telcm,PerSv,BusSv,Hardw,Softw,Chips,LabEq,Paper,Boxes,Trans,Whlsl,Rtail,Meals,Banks,Insur,RlEst,Fin  ,Other
Agric,0.05644828731374106,0.008905699749007148,0.008816214100079428,0.009618806945194599,0.011089011374106436,0.015361553594916597,0.018213631072279586,0.011839735320095315,0.01392999700079428,0.012927210509928512,0.01579181623510723,0.01808755966322478,0.024831661629864964,0.012341446341540904,0.012566926322478158,0.011996140403494837,0.012261481067513898,0.014389856273232724,0.016691295326449567,0.012696726786338364,0.016014088603653692,0.015991840965845914,0.013963544711675937,0.015396537283558382,0.012936189712470214,0.009077279599682287,0.011335656800635426,0.012631538382843525,0.011905061375694996,0.013863178637013501,0.005242009124702146,0.02507819332803813,0.014656658592533756,0.018988817747418587,0.027254568133439242,0.027632788555996827,0.026806389845909454,0.019628316009531376,0.011579719491660045,0.01444761344559174,0.015173166862589352,0.015790661318506753,0.017599947926926134,0.013100989763304207,0.009671796562351072,0.010893457734710088,0.01128610143288324,0.01276271168864178,0.016398261140587764
Food ,0.008905699749007148,0.014635308079428118,0.0063785144686258925,0.007053554258935662,0.008677750103256552,0.010151060530579825,0.011895501985702939,0.00952071741382049,0.010543133321683874,0.010894496915011912,0.01143375062748213,0.011442461118347898,0.016581741934868943,0.010168646554408259,0.008480361445591738,0.0090654775567911,0.009179652193804606,0.011007786849880857,0.012179469490071489,0.009167171288324068,0.012085865667990468,0.011196925248610008,0.01082993100555997,0.011976351485305797,0.010541245912629074,0.006262578211278793,0.0013486368355837956,0.007561452130262111,0.007755282919777601,0.010126486093725183,0.005209372489277204,0.016228833693407465,0.01086184402223987,0.01261314963621922,0.01701741499602859,0.018092931402700553,0.01705939088800636,0.01291848167434472,0.009244203780778396,0.011822663466243048,0.01158142204924543,0.010347621953931692,0.012982803478951548,0.008568154500397138,0.007667868765687054,0.009599307787132645,0.00818538931850675,0.008867676749801429,0.011202642675138999
Soda ,0.008816214100079428,0.0063785144686258925,0.048598984621127876,0.008009146708498806,0.00936776337569499,0.008544561702938842,0.008837758490865768,0.007985395847498014,0.007926509965051629,0.008822314096902302,0.010243370309769663,0.00941392798570294,0.012819442039714055,0.007278649091342334,0.006454277084988086,0.009605563210484511,0.0075943153899920585,0.00784542491024623,0.010290402830818106,0.004539273825258141,0.009700209275615566,0.008472023084988086,0.009419041451945989,0.009361325353455126,0.007573301558379665,0.00455343663542494,0.005322499323272441,0.006916566287529784,0.005733948814932485,0.010587294643367749,0.00491453479110405,0.012281796624305003,0.008410339898332007,0.009724841442414612,0.012801162478157269,0.01357549497855441,0.012597105992057187,0.010141104935663225,0.007579714900714853,0.01025683511675933,0.008813615377283554,0.008417638649722,0.010682428713264493,0.006630682095313741,0.006479947170770453,0.008152390239872914,0.007495777693407465,0.006794048684670373,0.007405878398729148
Beer ,0.009618806945194599,0.007053554258935662,0.008009146708498806,0.032901148865766484,0.007046702263701349,0.007505217893566321,0.009576189436060364,0.00680925071008737,0.00790332661000794,0.009792473976171563,0.009843776949960286,0.009901202111199365,0.013199442204924541,0.007507211089753771,0.006922015305798252,0.006234200392374898,0.007231549525019855,0.0077712171040508335,0.009907422833995235,0.0062023567768069885,0.009600598908657663,0.00878836454964257,0.007779518821286734,0.00947817764892772,0.006081099026211279,0.005056533207307387,0.004527428225575852,0.007175919945988879,0.005775518273232725,0.00926714650675139,0.004556940519459888,0.01273484451945989,0.00953561105957109,0.010376960597299445,0.014187257442414612,0.014414891633042097,0.014122267949166004,0.009880352277998411,0.007637449610802224,0.006669198986497218,0.00899598366957903,0.009193965226370135,0.01113126126290707,0.00750013015567911,0.0059774436028594115,0.008011754935663225,0.006907552670373313,0.007136498759332803,0.009158154605242254
Smoke,0.011089011374106436,0.008677750103256552,0.00936776337569499,0.007046702263701349,0.09407709800635425,0.009159732200158857,0.012595523733121526,0.008151291421763303,0.009636787172359013,0.010080354853057982,0.013229355917394759,0.010974763343923749,0.0166478954725973,0.01169208722001588,0.008032044281175538,0.008430573145353455,0.008292602430500395,0.008572758848292296,0.010743701747418587,0.006745740833995234,0.010127919817315329,0.009089354630659253,0.011005087196187448,0.011133321254964258,0.008726275972994439,0.007934556552819699,0.00542593772835584,0.00817749764892772,0.009710027299444,0.012839082176330419,0.007716005313741062,0.011700619706115965,0.010986059809372518,0.01014711498014297,0.011755213248610005,0.012983177752184277,0.011036672263701352,0.010230233161239076,0.010237423081810961,0.013737348228752977,0.009911988657664812,0.00919746600476569,0.011807964328832406,0.0067074374344718015,0.008116195424940426,0.010235899729944401,0.00624546800635425,0.007069336656076253,0.010527846862589355
Toys ,0.015361553594916597,0.010151060530579825,0.008544561702938842,0.007505217893566321,0.009159732200158857,0.042983135084988085,0.022899894328832403,0.01573764970293884,0.016728738624305003,0.01886437974900715,0.018105708657664813,0.022524358532168387,0.030661900003177117,0.015580263231135824,0.014723155615567909,0.014021264444797458,0.0154000784177919,0.018626909814138205,0.019868114211278796,0.015932349140587766,0.021731705594916596,0.02030000574424146,0.017141003704527397,0.017453491787132642,0.014216940981731532,0.007488526284352662,0.006817476142970609,0.01209520912470214,0.010910279065925338,0.014103207536139795,0.0032035060651310556,0.03410053191421763,0.017646764492454326,0.02426049001429706,0.037303341350278,0.03915374737410643,0.03714259077998411,0.026509128571882448,0.013949123971405878,0.018431041696584584,0.018236017696584585,0.020000338332009527,0.022714266910246222,0.015145111281969815,0.010735584038125495,0.01194606593804607,0.013344673620333597,0.016923297340746626,0.020166947761715643
Fun  ,0.018213631072279586,0.011895501985702939,0.008837758490865768,0.009576189436060364,0.012595523733121526,0.022899894328832403,0.04194452209690229,0.017760699857029383,0.01837096910246227,0.019696711231135818,0.020690796568705327,0.02520860325655282,0.036615355965051624,0.017396174058776807,0.015955110071485305,0.015110279380460681,0.01741113747418586,0.02030344621127879,0.02214166363780778,0.01760858632247816,0.023446307974583008,0.023374895218427325,0.01978577343923749,0.019382276219221603,0.015109219046862587,0.00912049328038125,0.00753504482922955,0.011677662684670373,0.011326838077839553,0.01633425254964257,0.005187455361397935,0.03952660265289913,0.019816487021445586,0.02708490738681493,0.041326964829229554,0.04409320656076251,0.04116290675138997,0.029614371548848283,0.016122922478157265,0.02098491583796664,0.021259555552025418,0.021736198919777596,0.025044938125496432,0.016931211167593326,0.012275405496425735,0.01453790379666402,0.015088180873709296,0.01898721158061954,0.02416902239872915
Books,0.011839735320095315,0.00952071741382049,0.007985395847498014,0.00680925071008737,0.008151291421763303,0.01573764970293884,0.017760699857029383,0.02775796029229547,0.013920982115965048,0.01516417505321684,0.01588107701350278,0.01695659192692613,0.025044598277998407,0.013129598001588564,0.011973743113582212,0.012581127869737885,0.012878932664019063,0.015439639831612393,0.01638468442891183,0.012618113235901512,0.017641285283558378,0.016836510767275614,0.014880488667196191,0.01340365922160445,0.011933666932486096,0.008056255517077043,-0.001165558195393169,0.009269700320889593,0.012149877722001589,0.012425945690230342,0.005186368632247815,0.027356264988085775,0.015691185613979346,0.01937589580937252,0.02856243008737093,0.030725025617156475,0.02930942126767275,0.021328823444003178,0.012499507164416203,0.016331058528991263,0.0157148031771247,0.015585111453534556,0.018794801604447978,0.012024018087370927,0.010038967523431294,0.011510610427323271,0.011052755158061952,0.014126558503574263,0.01690210762192216
Hshld,0.01392999700079428,0.010543133321683874,0.007926509965051629,0.00790332661000794,0.009636787172359013,0.016728738624305003,0.01837096910246227,0.013920982115965048,0.023493018794281176,0.015507918074662428,0.01592429984114376,0.0182431151056394,0.025847438233518663,0.014763205386814929,0.012649340087370928,0.013779206254169974,0.01428151228911835,0.016959704808578235,0.018688528409849088,0.015053194949960286,0.018790335032565525,0.017844161404289117,0.01590213556473391,0.015159129356632248,0.014150244268467033,0.007738209204130261,0.00691283114853058,0.013191713305798254,0.010823595874503574,0.014324805378872122,0.005828749558379668,0.027770283073868147,0.015521256111199365,0.020379730732327243,0.030024499221604446,0.03090150486576648,0.02997816088006354,0.02174437914058776,0.013619046306592534,0.018060272664019054,0.017348987482128667,0.016592981874503573,0.019587631191421765,0.013325307232724386,0.010668091895154885,0.012517978192216044,0.011757576244638605,0.014417260395552025,0.017265602833995235
Clths,0.012927210509928512,0.010894496915011912,0.008822314096902302,0.009792473976171563,0.010080354853057982,0.01886437974900715,0.019696711231135818,0.01516417505321684,0.015507918074662428,0.03279571365210486,0.016700853915806196,0.017851447072279585,0.025923105677521846,0.015188571164416204,0.01307534382843527,0.014302988969023035,0.014802718678316127,0.01755304024781573,0.01929180646862589,0.013757769639396348,0.019084730332009532,0.018130617207307385,0.017012526360603655,0.01742419498014297,0.014428973305798249,0.007964214125496426,0.004314124644956313,0.014025383586973788,0.013438022945194595,0.013687354293884034,0.005147803424940429,0.028702714598888,0.016474208603653687,0.020714476517871318,0.02900533474185862,0.03133563425575854,0.02922044345035742,0.020931900511517082,0.013895036155679108,0.018295755926926123,0.019085728514694207,0.017457946115965055,0.02264408187450357,0.014058318926131852,0.010697489760127086,0.01297238496584591,0.013472077312152502,0.015065036841938046,0.018547582640190626
Hlth ,0.01579181623510723,0.01143375062748213,0.010243370309769663,0.009843776949960286,0.013229355917394759,0.018105708657664813,0.020690796568705327,0.01588107701350278,0.01592429984114376,0.016700853915806196,0.03301466328832407,0.021588718046068312,0.03234112902303416,0.014904923161239082,0.013416406370135027,0.01422228900714853,0.014258482478157265,0.017688389563145352,0.018875920667196188,0.015269497585385226,0.019608034233518663,0.019640198030182684,0.01588411132644956,0.017783892835583796,0.01395538104845115,0.007844409023034151,0.004519903065925338,0.010685233169181888,0.014303276425734708,0.01732773045274027,0.005958390548054011,0.029908838840349485,0.018402228530579823,0.022938598379666403,0.03183227529785544,0.03405130460683081,0.03164157791898331,0.024464107688641778,0.01404544305003971,0.016927013852263702,0.017681174455917395,0.01831312473391581,0.021179901397934867,0.014592639285146942,0.011850643494837172,0.014415974805401112,0.013144674249404291,0.014876830166799046,0.019704658459094523
MedEq,0.01808755966322478,0.011442461118347898,0.00941392798570294,0.009901202111199365,0.010974763343923749,0.022524358532168387,0.02520860325655282,0.01695659192692613,0.0182431151056394,0.017851447072279585,0.021588718046068312,0.03260395242414615,0.04075968964575059,0.01628299373947577,0.016056760675138997,0.01460727274503574,0.016190869696584592,0.01971181625575854,0.021604206395552026,0.017975251229547257,0.024311571226370135,0.024039480438443214,0.01838511075774424,0.018032966306592534,0.015474377637807783,0.009307914862589356,0.0063122892962668795,0.012199596876886414,0.014534611448768862,0.01742560478792693,0.004280515334392374,0.03758672923749006,0.019559572641779183,0.02743397236536933,0.04294516203335981,0.0447726934980143,0.04310435400476569,0.03139106538681494,0.014903328752978558,0.019501438789515487,0.0187390442573471,0.02223779118347895,0.02364053997617156,0.015695790733915804,0.011484322942017473,0.01350514797140588,0.014136336543288323,0.01780549790468626,0.023392329683876095
Drugs,0.024831661629864964,0.016581741934868943,0.012819442039714055,0.013199442204924541,0.0166478954725973,0.030661900003177117,0.036615355965051624,0.025044598277998407,0.025847438233518663,0.025923105677521846,0.03234112902303416,0.04075968964575059,0.0759871581000794,0.02393852013979348,0.02171112791104051,0.02041947074821287,0.022410672069896744,0.02915990985861796,0.03050320907386815,0.024948475628276408,0.03530295717871326,0.03690880824781572,0.02471311126926131,0.02548109057982526,0.0208825135440826,0.00837776557903097,0.006463654811755363,0.015834495199364574,0.02227473906910246,0.02500198101350278,0.00826592412390786,0.058437063288324056,0.02670469413185067,0.041092989369340756,0.06528731606036536,0.06813502040349484,0.06715798594440031,0.04968958359332803,0.0209474122319301,0.028944906776806986,0.027664523749007144,0.03188103720413026,0.03365590827640984,0.02195977373153296,0.016291230570293885,0.02020862534710087,0.020816767669579028,0.026527171583796666,0.03468599309293089
Chems,0.012341446341540904,0.010168646554408259,0.007278649091342334,0.007507211089753771,0.01169208722001588,0.015580263231135824,0.017396174058776807,0.013129598001588564,0.014763205386814929,0.015188571164416204,0.014904923161239082,0.01628299373947577,0.02393852013979348,0.023561339747418582,0.012194828220810167,0.013642774927720414,0.013876757499602857,0.01575252304527402,0.01958813593963463,0.013220522320889593,0.01879203298332009,0.01725813144400318,0.01652587237172359,0.01606418492454329,0.013881543712470213,0.007843227154884828,0.0027737598538522634,0.012716681947577444,0.010880021895154884,0.01670021319459889,0.007169058629070691,0.024398708554408264,0.014936176937251787,0.018478508111199363,0.0264927834471803,0.026568055143764892,0.027298715447180304,0.019977051960285944,0.01571129857029388,0.019245016365369336,0.017272468308181098,0.015354521985702939,0.018505896576648133,0.012260113491660044,0.010165439409054806,0.01281002308498809,0.010474820120730739,0.013569397806195396,0.01656238640826052
Rubbr,0.012566926322478158,0.008480361445591738,0.006454277084988086,0.006922015305798252,0.008032044281175538,0.014723155615567909,0.015955110071485305,0.011973743113582212,0.012649340087370928,0.01307534382843527,0.013416406370135027,0.016056760675138997,0.02171112791104051,0.012194828220810167,0.02461794769658459,0.010048523232724382,0.011579727259729942,0.01416786741064337,0.015606933455123111,0.011857405710881657,0.016035802613185064,0.015282353709293086,0.01283339823669579,0.01238543299444003,0.011451186600476565,0.007108903272438441,0.00427766239872915,0.00901101316918189,0.007786100373312153,0.011725056028594123,0.004108906536934074,0.023079348443208896,0.013691575043685466,0.01730385893566322,0.025271758665607623,0.026094395480540114,0.025069213200953133,0.01863266976171565,0.010905337172359014,0.01519970482922955,0.014512569912629072,0.014321554741858615,0.016256084583002383,0.011480163312152503,0.008606538586179506,0.009869270754567118,0.010275988832406671,0.011738892652899124,0.014208431961874504
Txtls,0.011996140403494837,0.0090654775567911,0.009605563210484511,0.006234200392374898,0.008430573145353455,0.014021264444797458,0.015110279380460681,0.012581127869737885,0.013779206254169974,0.014302988969023035,0.01422228900714853,0.01460727274503574,0.02041947074821287,0.013642774927720414,0.010048523232724382,0.03995765029229548,0.0135929287720413,0.015470460967434471,0.0172380802827641,0.011566705015091341,0.016526569119936458,0.01558476274503574,0.014802187301032567,0.015362973931691823,0.012156401189833198,0.00553347834471803,0.0038596428848292307,0.010593102147736299,0.012044755172359017,0.014292940146147737,0.006337095741064338,0.021381971318506745,0.014173481833200953,0.016416588009531375,0.023051323939634636,0.02353963966799046,0.02294015040190627,0.01794026021127879,0.013044448117553611,0.016645367266084194,0.014808471421763305,0.014189955345512314,0.016534104948371722,0.01161579310722796,0.009175748873709293,0.010938101166004762,0.011468095158061952,0.012193325866560766,0.013727116613185066
BldMt,0.012261481067513898,0.009179652193804606,0.0075943153899920585,0.007231549525019855,0.008292602430500395,0.0154000784177919,0.01741113747418586,0.012878932664019063,0.01428151228911835,0.014802718678316127,0.014258482478157265,0.016190869696584592,0.022410672069896744,0.013876757499602857,0.011579727259729942,0.0135929287720413,0.019071328730738683,0.015826447183478955,0.01786707746465449,0.012896523091342331,0.01832763945671168,0.017032400578236698,0.01586364801906275,0.015594180778395555,0.01323208549960286,0.009066891857029385,0.0011885758030182683,0.010822966633836377,0.009751026843526607,0.013960260772041301,0.005194586754567117,0.02491107035742652,0.014516732727561557,0.018498484536934073,0.027229940174741857,0.027795289687053214,0.02764973792533757,0.020229978449563143,0.01296585347100874,0.017007124117553615,0.01602905992057188,0.015522615091342338,0.018077158617950752,0.012260178678316122,0.009729653102462271,0.011650803958697381,0.011538916848292294,0.013485591761715645,0.0166932442954726
Cnstr,0.014389856273232724,0.011007786849880857,0.00784542491024623,0.0077712171040508335,0.008572758848292296,0.018626909814138205,0.02030344621127879,0.015439639831612393,0.016959704808578235,0.01755304024781573,0.017688389563145352,0.01971181625575854,0.02915990985861796,0.01575252304527402,0.01416786741064337,0.015470460967434471,0.015826447183478955,0.03357709829864973,0.020211168098490863,0.01596643206830818,0.02142518618109611,0.020631351116759327,0.017943691669579032,0.01715670146147736,0.015081389974583003,0.008813642919777601,0.0036103000095313747,0.013823278096902302,0.014177841335980936,0.017003399876092142,0.006286002524225576,0.030920128617950737,0.017660325010325655,0.022311076460683078,0.033593030214455914,0.034081409675933275,0.03402062487370929,0.02483167971882446,0.014427596266878479,0.019013364057188245,0.01938489172359015,0.018142712803812546,0.02183758396346306,0.01396152311517077,0.011167605490071486,0.013325782595710883,0.012852802735504371,0.016813927995234314,0.019975238455917393
Steel,0.016691295326449567,0.012179469490071489,0.010290402830818106,0.009907422833995235,0.010743701747418587,0.019868114211278796,0.02214166363780778,0.01638468442891183,0.018688528409849088,0.01929180646862589,0.018875920667196188,0.021604206395552026,0.03050320907386815,0.01958813593963463,0.015606933455123111,0.0172380802827641,0.01786707746465449,0.020211168098490863,0.032705985887212075,0.016815938227164415,0.024104470821286736,0.021948608730738683,0.020711623974583,0.01967581127879269,0.01828231192692613,0.010249318468625895,0.006239737683876093,0.016346646551231137,0.01453523796981732,0.02055715600317713,0.0072086310691024625,0.03391874397140588,0.019052385429706113,0.024416555018268463,0.03658909785544083,0.03664560588085782,0.03773224253534551,0.02667417907227959,0.01720058214455917,0.0229300320381255,0.021390017760127084,0.020288818681493247,0.022963523351866556,0.01609166878792693,0.012446749216838757,0.014959143046862586,0.014657183707704528,0.017497035625099282,0.021052124346306586
FabPr,0.012696726786338364,0.009167171288324068,0.004539273825258141,0.0062023567768069885,0.006745740833995234,0.015932349140587766,0.01760858632247816,0.012618113235901512,0.015053194949960286,0.013757769639396348,0.015269497585385226,0.017975251229547257,0.024948475628276408,0.013220522320889593,0.011857405710881657,0.011566705015091341,0.012896523091342331,0.01596643206830818,0.016815938227164415,0.042419267626687844,0.018660567328038127,0.017495223326449563,0.013951519456711678,0.015153925512311357,0.01295047392692613,0.010988040721207305,0.007080669782366957,0.01166194177283558,0.011375035953931691,0.013673089572676727,0.003965717961874504,0.026166217005559968,0.015237070281175538,0.018860272527402695,0.028721336679904678,0.028942085914217635,0.029723160498808576,0.021575135248610006,0.011852649547259732,0.016023482735504368,0.015070347037331212,0.01599004077839555,0.01764612474185862,0.01144158178395552,0.009097459361397936,0.01077686035266084,0.011345607571088165,0.012877385844320889,0.015975618465448767
Mach ,0.016014088603653692,0.012085865667990468,0.009700209275615566,0.009600598908657663,0.010127919817315329,0.021731705594916596,0.023446307974583008,0.017641285283558378,0.018790335032565525,0.019084730332009532,0.019608034233518663,0.024311571226370135,0.03530295717871326,0.01879203298332009,0.016035802613185064,0.016526569119936458,0.01832763945671168,0.02142518618109611,0.024104470821286736,0.018660567328038127,0.03136116190468626,0.02519207582525814,0.01977407395393169,0.019391910865766478,0.018703642463860203,0.010707165944400316,0.004691224629070688,0.01391931437331215,0.016181715455123116,0.020410354150913423,0.006513896792692613,0.03859095757744241,0.02012079873868149,0.027127418725972997,0.04430523253375696,0.04399024614614773,0.047633389455123104,0.03318821683399523,0.016794890786338366,0.024511252718030185,0.021433715774424152,0.022056095806195396,0.02428325311358221,0.016072465923749005,0.01245569738522637,0.014971901439237484,0.015265830465448767,0.019269495515488483,0.022895251869737895
ElcEq,0.015991840965845914,0.011196925248610008,0.008472023084988086,0.00878836454964257,0.009089354630659253,0.02030000574424146,0.023374895218427325,0.016836510767275614,0.017844161404289117,0.018130617207307385,0.019640198030182684,0.024039480438443214,0.03690880824781572,0.01725813144400318,0.015282353709293086,0.01558476274503574,0.017032400578236698,0.020631351116759327,0.021948608730738683,0.017495223326449563,0.02519207582525814,0.034344425823669575,0.01816332773947578,0.01744871590150914,0.01674463613661636,0.010021168222398732,0.002940931043685468,0.012790431364575056,0.014417821687053215,0.017864711714058776,0.005828049035742654,0.03797730671961874,0.01840938050516283,0.02622854939475774,0.04303072565528197,0.042949291996822875,0.04530631659412231,0.03209343475138999,0.015233034567116756,0.020031617137410647,0.01972928216044479,0.02101262125496426,0.023036673645750596,0.015156036428911836,0.011241788454328834,0.013913411990468624,0.014100845661636217,0.018543881995234313,0.02220946232883241
Autos,0.013963544711675937,0.01082993100555997,0.009419041451945989,0.007779518821286734,0.011005087196187448,0.017141003704527397,0.01978577343923749,0.014880488667196191,0.01590213556473391,0.017012526360603655,0.01588411132644956,0.01838511075774424,0.02471311126926131,0.01652587237172359,0.01283339823669579,0.014802187301032567,0.01586364801906275,0.017943691669579032,0.020711623974583,0.013951519456711678,0.01977407395393169,0.01816332773947578,0.02822885153931692,0.019154884066719623,0.015155802392374894,0.0077351618617950745,0.002740205121525017,0.0131554655567911,0.010879831920571882,0.014106327097696584,0.006576750509928512,0.028059691262907072,0.017169916562351072,0.020604330243050042,0.02959854535345512,0.030208518147736292,0.030048742163621925,0.021697890392374897,0.015459497887212074,0.020082769906274816,0.019856412835583797,0.016802047180301826,0.02114230927720413,0.014105890061953931,0.01106151800476569,0.013362640025417,0.012431252784749804,0.015218548057188244,0.018222678398729153
Aero ,0.015396537283558382,0.011976351485305797,0.009361325353455126,0.00947817764892772,0.011133321254964258,0.017453491787132642,0.019382276219221603,0.01340365922160445,0.015159129356632248,0.01742419498014297,0.017783892835583796,0.018032966306592534,0.02548109057982526,0.01606418492454329,0.01238543299444003,0.015362973931691823,0.015594180778395555,0.01715670146147736,0.01967581127879269,0.015153925512311357,0.019391910865766478,0.01744871590150914,0.019154884066719623,0.0570945712787927,0.016996221334392374,0.009488628117553613,0.002458649277204136,0.015224548339952342,0.012170409579030978,0.016324851088165202,0.005737103590150914,0.026032280873709287,0.016917198665607626,0.020013473137410642,0.026610233550436853,0.02808221542494043,0.026963326576648135,0.020177556679904684,0.016182486417791894,0.01896937019857029,0.01973692578236695,0.016511761874503574,0.020959205480540113,0.014615744162033364,0.011534064463860206,0.013888769944400319,0.012248760031771246,0.01427762648133439,0.01877279301032565
Ships,0.012936189712470214,0.010541245912629074,0.007573301558379665,0.006081099026211279,0.008726275972994439,0.014216940981731532,0.015109219046862587,0.011933666932486096,0.014150244268467033,0.014428973305798249,0.01395538104845115,0.015474377637807783,0.0208825135440826,0.013881543712470213,0.011451186600476565,0.012156401189833198,0.01323208549960286,0.015081389974583003,0.01828231192692613,0.01295047392692613,0.018703642463860203,0.01674463613661636,0.015155802392374894,0.016996221334392374,0.042821891626687855,0.01116230417474186,0.00905569193963463,0.01268536880381255,0.012573766117553615,0.01931812381572677,0.006830309513899919,0.023027369523431297,0.014632141785544082,0.017771463021445597,0.027026690929308973,0.026624724957903103,0.028128894230341536,0.020244821879269258,0.013374515440826054,0.01696733136457506,0.015666787513899917,0.015136142827640982,0.01721217285941223,0.011524407706115965,0.01040199719777601,0.011889139736298647,0.011710423323272438,0.013018890870532164,0.015481784413026205
Guns ,0.009077279599682287,0.006262578211278793,0.00455343663542494,0.005056533207307387,0.007934556552819699,0.007488526284352662,0.00912049328038125,0.008056255517077043,0.007738209204130261,0.007964214125496426,0.007844409023034151,0.009307914862589356,0.00837776557903097,0.007843227154884828,0.007108903272438441,0.00553347834471803,0.009066891857029385,0.008813642919777601,0.010249318468625895,0.010988040721207305,0.010707165944400316,0.010021168222398732,0.0077351618617950745,0.009488628117553613,0.01116230417474186,0.08413332047021442,0.007415212123907861,0.009073510697378873,0.010857139701350278,0.011007926106433676,0.004299039869737886,0.0135902642573471,0.008430121823669581,0.010216550602065133,0.015066995583796663,0.014278776714853055,0.015803825696584593,0.012017448937251783,0.008108738014297059,0.009460645191421766,0.00700599119936458,0.008784637903097694,0.00987598927720413,0.003304242513105639,0.007445806881652104,0.007215568019062746,0.005006690490865763,0.007187395847498015,0.010334844092136615
Gold ,0.011335656800635426,0.0013486368355837956,0.005322499323272441,0.004527428225575852,0.00542593772835584,0.006817476142970609,0.00753504482922955,-0.001165558195393169,0.00691283114853058,0.004314124644956313,0.004519903065925338,0.0063122892962668795,0.006463654811755363,0.0027737598538522634,0.00427766239872915,0.0038596428848292307,0.0011885758030182683,0.0036103000095313747,0.006239737683876093,0.007080669782366957,0.004691224629070688,0.002940931043685468,0.002740205121525017,0.002458649277204136,0.00905569193963463,0.007415212123907861,0.29203205277839556,0.026196358519459888,-0.0018929339094519505,0.018323698503574265,-0.0017130817220015872,0.005583920349483717,0.004693423059571089,0.006738700918189039,0.010879083113582213,0.010972135606036534,0.008448741972994443,0.006514640813343922,0.0009822487688641783,0.002995258103256555,0.0017855722319301051,0.006212621826846705,0.0027551575853852275,0.0034301633105639395,0.0005828422621127889,-0.0009107754154090545,0.008000520521048451,0.0013004339825258139,0.003258989407466242
Mines,0.012631538382843525,0.007561452130262111,0.006916566287529784,0.007175919945988879,0.00817749764892772,0.01209520912470214,0.011677662684670373,0.009269700320889593,0.013191713305798254,0.014025383586973788,0.010685233169181888,0.012199596876886414,0.015834495199364574,0.012716681947577444,0.00901101316918189,0.010593102147736299,0.010822966633836377,0.013823278096902302,0.016346646551231137,0.01166194177283558,0.01391931437331215,0.012790431364575056,0.0131554655567911,0.015224548339952342,0.01268536880381255,0.009073510697378873,0.026196358519459888,0.06548476040667196,0.0056307538332009514,0.012834641137410644,0.004543410614773629,0.018850523065925336,0.011080867151707701,0.01372401012867355,0.019918969118347896,0.019764884254169973,0.02021955651151708,0.015125077099285147,0.011538127370929303,0.016002334951548843,0.013337055186656078,0.012268594471803018,0.015063104892772041,0.009034822268467035,0.00865626943288324,0.010310679923749006,0.009712801804606831,0.01133207535186656,0.012686901928514693
Coal ,0.011905061375694996,0.007755282919777601,0.005733948814932485,0.005775518273232725,0.009710027299444,0.010910279065925338,0.011326838077839553,0.012149877722001589,0.010823595874503574,0.013438022945194595,0.014303276425734708,0.014534611448768862,0.02227473906910246,0.010880021895154884,0.007786100373312153,0.012044755172359017,0.009751026843526607,0.014177841335980936,0.01453523796981732,0.011375035953931691,0.016181715455123116,0.014417821687053215,0.010879831920571882,0.012170409579030978,0.012573766117553615,0.010857139701350278,-0.0018929339094519505,0.0056307538332009514,0.1227394558522637,0.02060164139475774,0.008562511343923747,0.02299489241461478,0.013675357467831611,0.015922497645750596,0.02381457626687847,0.02536941818745035,0.026061908787926927,0.01657716333121524,0.010880636521048452,0.014204685474185866,0.01236050058776807,0.01262617138999206,0.01624149686258936,0.009661057186656075,0.008990539482128673,0.011194717229547256,0.009785956756155683,0.011458997723590153,0.013736706166799046
Oil  ,0.013863178637013501,0.010126486093725183,0.010587294643367749,0.00926714650675139,0.012839082176330419,0.014103207536139795,0.01633425254964257,0.012425945690230342,0.014324805378872122,0.013687354293884034,0.01732773045274027,0.01742560478792693,0.02500198101350278,0.01670021319459889,0.011725056028594123,0.014292940146147737,0.013960260772041301,0.017003399876092142,0.02055715600317713,0.013673089572676727,0.020410354150913423,0.017864711714058776,0.014106327097696584,0.016324851088165202,0.01931812381572677,0.011007926106433676,0.018323698503574265,0.012834641137410644,0.02060164139475774,0.04979128838125496,0.010817318573471008,0.02097716554408261,0.015186568374900717,0.01832845873868149,0.023366383891977757,0.02410387408737093,0.02457002281810961,0.01991162896584591,0.013924854900714852,0.017945952934074666,0.016635414710087375,0.015975014868943607,0.0159645415567911,0.012017516025416997,0.010002810338363782,0.012130619876092133,0.012243148841938046,0.012025055208895949,0.01623449160285941
Util ,0.005242009124702146,0.005209372489277204,0.00491453479110405,0.004556940519459888,0.007716005313741062,0.0032035060651310556,0.005187455361397935,0.005186368632247815,0.005828749558379668,0.005147803424940429,0.005958390548054011,0.004280515334392374,0.00826592412390786,0.007169058629070691,0.004108906536934074,0.006337095741064338,0.005194586754567117,0.006286002524225576,0.0072086310691024625,0.003965717961874504,0.006513896792692613,0.005828049035742654,0.006576750509928512,0.005737103590150914,0.006830309513899919,0.004299039869737886,-0.0017130817220015872,0.004543410614773629,0.008562511343923747,0.010817318573471008,0.012863582492454326,0.006498766250992851,0.006185458227164416,0.005717822354249403,0.005961058332009529,0.00633175990627482,0.007066589671167592,0.006082832077839555,0.00628921977760127,0.008066597861795075,0.006619420841938047,0.004740804209690229,0.006481656671961875,0.004256915537728354,0.004545741598093726,0.006841006837172357,0.0036622192565528198,0.0045256572247815725,0.005287434643367751
Telcm,0.02507819332803813,0.016228833693407465,0.012281796624305003,0.01273484451945989,0.011700619706115965,0.03410053191421763,0.03952660265289913,0.027356264988085775,0.027770283073868147,0.028702714598888,0.029908838840349485,0.03758672923749006,0.058437063288324056,0.024398708554408264,0.023079348443208896,0.021381971318506745,0.02491107035742652,0.030920128617950737,0.03391874397140588,0.026166217005559968,0.03859095757744241,0.03797730671961874,0.028059691262907072,0.026032280873709287,0.023027369523431297,0.0135902642573471,0.005583920349483717,0.018850523065925336,0.02299489241461478,0.02097716554408261,0.006498766250992851,0.08076542804606832,0.028894038109610807,0.04395916222398729,0.07381398185861796,0.0769513079666402,0.07654585034154088,0.05158034361397935,0.0222508077045274,0.031440685925337566,0.030754665798252583,0.03340419293089753,0.0384988031056394,0.023265948872120728,0.017970709134233515,0.020910105988880066,0.0205935464177919,0.03160993508339952,0.034785422144559174
PerSv,0.014656658592533756,0.01086184402223987,0.008410339898332007,0.00953561105957109,0.010986059809372518,0.017646764492454326,0.019816487021445586,0.015691185613979346,0.015521256111199365,0.016474208603653687,0.018402228530579823,0.019559572641779183,0.02670469413185067,0.014936176937251787,0.013691575043685466,0.014173481833200953,0.014516732727561557,0.017660325010325655,0.019052385429706113,0.015237070281175538,0.02012079873868149,0.01840938050516283,0.017169916562351072,0.016917198665607626,0.014632141785544082,0.008430121823669581,0.004693423059571089,0.011080867151707701,0.013675357467831611,0.015186568374900717,0.006185458227164416,0.028894038109610807,0.030340761563145354,0.021640716142970612,0.03065771431294678,0.033198946951548854,0.031674475850675135,0.02268146312629071,0.014172475933280379,0.018447506535345513,0.01854791145353455,0.017698682827640984,0.021240320873709292,0.014401028000000001,0.011228369715647337,0.013263034795869738,0.01254008383161239,0.015359067415409045,0.01766901354725974
BusSv,0.018988817747418587,0.01261314963621922,0.009724841442414612,0.010376960597299445,0.01014711498014297,0.02426049001429706,0.02708490738681493,0.01937589580937252,0.020379730732327243,0.020714476517871318,0.022938598379666403,0.02743397236536933,0.041092989369340756,0.018478508111199363,0.01730385893566322,0.016416588009531375,0.018498484536934073,0.022311076460683078,0.024416555018268463,0.018860272527402695,0.027127418725972997,0.02622854939475774,0.020604330243050042,0.020013473137410642,0.017771463021445597,0.010216550602065133,0.006738700918189039,0.01372401012867355,0.015922497645750596,0.01832845873868149,0.005717822354249403,0.04395916222398729,0.021640716142970612,0.033703548619539316,0.04830237979348689,0.05088030450833994,0.049486359688641776,0.03436878675774425,0.01662080683081811,0.023002285038919778,0.022381487084988085,0.024026527815726763,0.02701692714853058,0.017327324301826846,0.013262665525019857,0.015617621337569498,0.01580785854805401,0.02092140194440032,0.025287271205718824
Hardw,0.027254568133439242,0.01701741499602859,0.012801162478157269,0.014187257442414612,0.011755213248610005,0.037303341350278,0.041326964829229554,0.02856243008737093,0.030024499221604446,0.02900533474185862,0.03183227529785544,0.04294516203335981,0.06528731606036536,0.0264927834471803,0.025271758665607623,0.023051323939634636,0.027229940174741857,0.033593030214455914,0.03658909785544083,0.028721336679904678,0.04430523253375696,0.04303072565528197,0.02959854535345512,0.026610233550436853,0.027026690929308973,0.015066995583796663,0.010879083113582213,0.019918969118347896,0.02381457626687847,0.023366383891977757,0.005961058332009529,0.07381398185861796,0.03065771431294678,0.04830237979348689,0.0940657821763304,0.08727622522637013,0.09037920530579822,0.059626622081016684,0.02382787494837172,0.03467709035742653,0.032059845210484515,0.037800126354249404,0.04005716787926926,0.0251567941223193,0.017903966608419378,0.020976651914217635,0.022654036378077835,0.0330920185861795,0.037860693089753775
Softw,0.027632788555996827,0.018092931402700553,0.01357549497855441,0.014414891633042097,0.012983177752184277,0.03915374737410643,0.04409320656076251,0.030725025617156475,0.03090150486576648,0.03133563425575854,0.03405130460683081,0.0447726934980143,0.06813502040349484,0.026568055143764892,0.026094395480540114,0.02353963966799046,0.027795289687053214,0.034081409675933275,0.03664560588085782,0.028942085914217635,0.04399024614614773,0.042949291996822875,0.030208518147736292,0.02808221542494043,0.026624724957903103,0.014278776714853055,0.010972135606036534,0.019764884254169973,0.02536941818745035,0.02410387408737093,0.00633175990627482,0.0769513079666402,0.033198946951548854,0.05088030450833994,0.08727622522637013,0.09479060508181096,0.08883259679428115,0.05930493440349483,0.024078412660841934,0.035413252527402704,0.03376562077839556,0.03937618470214456,0.04283965665607626,0.026055208274821284,0.019110959561556787,0.022197121296266876,0.024348389671167595,0.03412239440349484,0.03934545771564734
Chips,0.026806389845909454,0.01705939088800636,0.012597105992057187,0.014122267949166004,0.011036672263701352,0.03714259077998411,0.04116290675138997,0.02930942126767275,0.02997816088006354,0.02922044345035742,0.03164157791898331,0.04310435400476569,0.06715798594440031,0.027298715447180304,0.025069213200953133,0.02294015040190627,0.02764973792533757,0.03402062487370929,0.03773224253534551,0.029723160498808576,0.047633389455123104,0.04530631659412231,0.030048742163621925,0.026963326576648135,0.028128894230341536,0.015803825696584593,0.008448741972994443,0.02021955651151708,0.026061908787926927,0.02457002281810961,0.007066589671167592,0.07654585034154088,0.031674475850675135,0.049486359688641776,0.09037920530579822,0.08883259679428115,0.10170217943764893,0.0644552269197776,0.02392808832406672,0.03583772023510723,0.03325396314535345,0.03825382106433678,0.04064666892772041,0.02438497900238284,0.018056359733121523,0.021518025620333597,0.022968097893566325,0.034570715053216836,0.037597234497220015
LabEq,0.019628316009531376,0.01291848167434472,0.010141104935663225,0.009880352277998411,0.010230233161239076,0.026509128571882448,0.029614371548848283,0.021328823444003178,0.02174437914058776,0.020931900511517082,0.024464107688641778,0.03139106538681494,0.04968958359332803,0.019977051960285944,0.01863266976171565,0.01794026021127879,0.020229978449563143,0.02483167971882446,0.02667417907227959,0.021575135248610006,0.03318821683399523,0.03209343475138999,0.021697890392374897,0.020177556679904684,0.020244821879269258,0.012017448937251783,0.006514640813343922,0.015125077099285147,0.01657716333121524,0.01991162896584591,0.006082832077839555,0.05158034361397935,0.02268146312629071,0.03436878675774425,0.059626622081016684,0.05930493440349483,0.0644552269197776,0.051336411391580614,0.017315417045274027,0.025912411720413024,0.023639940746624306,0.027122962557585388,0.028426133542494035,0.01808904355361398,0.013099477922160442,0.016132374849880855,0.01697868736139793,0.023489813345512308,0.027785929588562353
