,Agric,Food ,Soda ,Beer ,Smoke,Toys ,Fun  ,Books,Hshld,Clths,Hlth ,MedEq,Drugs,Chems,Rubbr,Txtls,BldMt,Cnstr,Steel,FabPr,Mach ,ElcEq,Autos,Aero ,Ships,Guns ,Gold ,Mines,Coal ,Oil  ,Util ,Telcm,PerSv,BusSv,Hardw,Softw,Chips,LabEq,Paper,Boxes,Trans,Whlsl,Rtail,Meals,Banks,Insur,RlEst,Fin  ,Other
Agric,0.05997019738046066,0.008824586644956315,0.008256350730738682,0.007851587494837171,0.010450752133439233,0.015911303023034156,0.018787443278792695,0.012816505901509132,0.014471419972994438,0.013619871421763304,0.016142389077045276,0.01812503552025417,0.025273391380460683,0.012873427887212073,0.013124312268467038,0.014057313436060365,0.013101739234312945,0.015526180646544875,0.016605576262112783,0.014455491193010324,0.016675002266878475,0.015426179289912623,0.014752769723590155,0.015830150177918976,0.012649327067513899,0.010868681475774421,0.010704695918983318,0.014296403042096905,0.01238721185861795,0.013605113471008737,0.007063953912629071,0.025876941478951546,0.015274023669579029,0.019715874600476566,0.026450142505162824,0.02742572493884035,0.026667180452740268,0.020456070247815723,0.011984958266878473,0.01475582779825258,0.015752271011914218,0.016226908999205723,0.018077181812549643,0.01373759468149325,0.009794853478951548,0.011999932322478157,0.010489918984908657,0.013718093266084195,0.017051184733915804
Food ,0.008824586644956315,0.01606836266719619,0.0070636183558379665,0.007742305328038123,0.009772220435266083,0.011582065447180299,0.014201660289118343,0.011748840786338364,0.012224930419380458,0.012619975186656075,0.0129514010039714,0.012679545607625103,0.01857587304527403,0.012322909459888795,0.010054555423351867,0.011257238036536936,0.011094820403494838,0.013717397729944401,0.01431179782525814,0.010886991609213663,0.01427479415567911,0.012526312420969023,0.013548249186656078,0.013327418127084987,0.010984153942811754,0.007319168684670372,-0.0007572540381254957,0.009465282899126288,0.011887663407466244,0.011224004686258933,0.0077548501096108,0.01890948378554408,0.011650590023828433,0.014320470759332803,0.01875159177283558,0.019445785332803812,0.019365846711675933,0.01476080349960286,0.011105678899126288,0.014205917930103255,0.013658212781572676,0.01172876204130262,0.014992102546465448,0.010209718341540906,0.008401186012708499,0.01160253650675139,0.008804476128673551,0.011218568662430498,0.013360256695790308
Soda ,0.008256350730738682,0.0070636183558379665,0.0443654323034154,0.009259623860206512,0.010201531024622719,0.009209991826846705,0.010784660873709294,0.009764723423351869,0.009640915258141385,0.010119301191421761,0.010839286322478157,0.009760489563145354,0.013952328943606039,0.00940645570293884,0.007940828840349481,0.01142467167593328,0.00900127672756156,0.010445058991262905,0.011835302263701348,0.00585619153296267,0.010949073717235898,0.009262447029388401,0.011374340706910246,0.009100954813343925,0.008225972287529786,0.004159524185861797,-0.0016433649007148554,0.008860652144559174,0.007797021088165211,0.010630567482128673,0.006936311008737093,0.01439764224781573,0.010047016679904685,0.01091555039714059,0.013809538308181097,0.014475449332803812,0.01425461773629865,0.011756011810961082,0.00928120272438443,0.01241249973788721,0.01049434746624305,0.009362582120730737,0.01234251343129468,0.00784407030976966,0.006936344106433677,0.00985337597299444,0.007488243455123111,0.008870596036536933,0.009001076806989675
Beer ,0.007851587494837171,0.007742305328038123,0.009259623860206512,0.032421123977760126,0.00890607158697379,0.009177599783955518,0.010578330916600478,0.00883901204130262,0.00886691539952343,0.011445507069102462,0.010899598303415407,0.010828677807783958,0.014386467119936458,0.009155541604447976,0.008314151078633836,0.008447925566322477,0.008840578179507544,0.010381112813343925,0.011251626617950755,0.007436275374106433,0.011120352273232725,0.009900442611596507,0.010335705334392375,0.010122520057188241,0.007740627787132642,0.00537902553137411,0.0017823018395552036,0.008530481207307388,0.009333703097696586,0.01004132991262907,0.007047726900714853,0.015051825366163625,0.010770702557585388,0.011380200139793484,0.015175927301032566,0.015402747787132643,0.016051158220810165,0.01191136268149325,0.009461368247815728,0.008146158811755361,0.011014163615567911,0.010163556314535346,0.012980927161239074,0.008519938103256554,0.006461662779984115,0.009204012416203337,0.007090621998411436,0.008930200711675934,0.011364833455123116
Smoke,0.010450752133439233,0.009772220435266083,0.010201531024622719,0.00890607158697379,0.1043664295853852,0.010440558862589358,0.01481203779507545,0.010391998189038923,0.010785880641779187,0.01192934973788721,0.014840013045274025,0.012301035297855444,0.018942793696584585,0.014380507482128673,0.01043867851310564,0.00945036232565528,0.009894809251787132,0.011460895529785542,0.013569087650516284,0.00686977418268467,0.012119108778395555,0.010999366646544877,0.014060058853057979,0.012300438119142176,0.009268225753772834,0.00814033622239873,-0.0002827433709293109,0.013926434916600481,0.015137314980142973,0.013572676727561557,0.011354590379666398,0.014237238519459891,0.01318152895949166,0.012491463841143762,0.014070591764892771,0.0141718260714853,0.013439289626687846,0.012444232546465452,0.012041727421763302,0.016304830265289918,0.012588223663224783,0.011462014837172357,0.013911799853852266,0.00819377962827641,0.00876564915011914,0.012447951193010324,0.006665202395552023,0.010171038042891182,0.012659212041302624
Toys ,0.015911303023034156,0.011582065447180299,0.009209991826846705,0.009177599783955518,0.010440558862589358,0.04564671221445591,0.02679631671485306,0.019431269952343132,0.01951826811596505,0.021588641175536136,0.020093865626687846,0.02427877734710088,0.03406400054328832,0.019032783423351865,0.01721085235742653,0.019206461610802226,0.018483400355837967,0.022833749596505172,0.023396587308975376,0.018259227256552817,0.025400422686258927,0.02266499232565528,0.021682968646544877,0.019570479604447976,0.015101813259729945,0.009409146063542496,0.005331372204924544,0.015901426282764093,0.017047120881652108,0.016129841540905483,0.0076303753200953105,0.040460594508339935,0.020028579221604444,0.027242230791104043,0.041081509930103254,0.04262639597617157,0.04231744693407466,0.03025290882128673,0.01694330660365369,0.023080559963463067,0.02196066469579031,0.022790230984908656,0.026164983912629065,0.017322653528196973,0.012101436719618747,0.014780565418586179,0.013327608583002378,0.020818358876886423,0.023841500476568706
Fun  ,0.018787443278792695,0.014201660289118343,0.010784660873709294,0.010578330916600478,0.01481203779507545,0.02679631671485306,0.04799597937410642,0.02297983758538522,0.022657447421763302,0.024089517331215247,0.02487355354408261,0.028663063415409043,0.041475373274027,0.02214963548848292,0.0193645770802224,0.02142405612708499,0.021612121258141385,0.02614227651787133,0.02745218749483717,0.021491637401111995,0.029114375421763303,0.027454171965051625,0.026088486297061158,0.023411603126290703,0.016745991923749003,0.01187787058935663,0.0038923596886417805,0.01610984746624305,0.019205581699761717,0.01952527107227959,0.010459524943606037,0.047525486424146154,0.023404504050833993,0.032030352794281174,0.047276138058776805,0.04938096831771246,0.04902838907069102,0.03518698793328038,0.020454421471008736,0.02719516831771247,0.027015032228752973,0.0257246864177919,0.03089635762351073,0.020696531799841145,0.014450664590945196,0.0190510250166799,0.016336391555202542,0.024285075876092133,0.0288863476409849
Books,0.012816505901509132,0.011748840786338364,0.009764723423351869,0.00883901204130262,0.010391998189038923,0.019431269952343132,0.02297983758538522,0.0341593682525814,0.017799742517871323,0.018873879269261325,0.019191244861000798,0.02021093556791104,0.029897892152501982,0.017789260722795866,0.015784109666401903,0.018391803145353453,0.016812169849086577,0.020197174765687057,0.020988840976965843,0.015880265146942015,0.022776344440031772,0.0205441467593328,0.02039877095313741,0.01708138448768864,0.014261812637013505,0.011374822613185067,-0.003270848554408261,0.01362832000794281,0.0195109598649722,0.015573652565528196,0.00985617035742653,0.034917329714058774,0.019337592152501984,0.023717884980142965,0.03460553506751389,0.035837657466243046,0.03662877300238285,0.026453750683081808,0.016403064996028595,0.022413112732327246,0.02055604694201747,0.019185426028594126,0.023891098975377282,0.015049148625893566,0.011957379054805402,0.015314802438443213,0.012529344328832404,0.018875952795869736,0.021693131866560758
Hshld,0.014471419972994438,0.012224930419380458,0.009640915258141385,0.00886691539952343,0.010785880641779187,0.01951826811596505,0.022657447421763302,0.017799742517871323,0.02702098570135027,0.019059952279586977,0.018459111345512307,0.020349019920571886,0.029341397779189836,0.01883423279586974,0.01566710077680699,0.018962223866560757,0.017600254017474184,0.021814773837966636,0.02300224767434472,0.017945184969023035,0.02338984908816521,0.020734772881652104,0.02119493350754567,0.018435565545671165,0.016031638263701346,0.010735504824463858,0.0026814796870532173,0.016647000484511516,0.016593432907069102,0.016697497966640194,0.00987816127720413,0.03367880794757745,0.018593088514694205,0.02390052759809372,0.03435080066878476,0.03486529084511516,0.03589016372517871,0.026052778813343926,0.017545469749007146,0.022994653593328026,0.02175306345671167,0.01974364105639396,0.024115260004765687,0.0163031669833201,0.01228437362192216,0.015921049231135825,0.012392192570293881,0.018499136700555998,0.021359938602065132
Clths,0.013619871421763304,0.012619975186656075,0.010119301191421761,0.011445507069102462,0.01192934973788721,0.021588641175536136,0.024089517331215247,0.018873879269261325,0.019059952279586977,0.036300509928514704,0.019025615694996025,0.020153518856235116,0.029262815790309767,0.019067373502779983,0.016306316854646546,0.019494748689436053,0.018001863193010323,0.022258215917394755,0.0235623936457506,0.016675136902303413,0.023176000317712466,0.021166131850675143,0.022126790277998416,0.02005696289118348,0.015547668752978552,0.009957499444003176,0.002328864305003969,0.01785227980937252,0.019001753423351864,0.015821325941223194,0.008912087084988082,0.034429926004765694,0.01905027326449563,0.024304179698173157,0.033467991898332,0.0352305520889595,0.03474576066719619,0.024836263320095316,0.01725764120730739,0.0232757514853058,0.0233277567593328,0.020557605559968228,0.02728315329626688,0.017039471389992053,0.012219582081016681,0.016021546179507545,0.01402813210484511,0.018789171374106434,0.022450050833995237
Hlth ,0.016142389077045276,0.0129514010039714,0.010839286322478157,0.010899598303415407,0.014840013045274025,0.020093865626687846,0.02487355354408261,0.019191244861000798,0.018459111345512307,0.019025615694996025,0.03834313883399524,0.023675367688641778,0.03536065321048451,0.018205305798252577,0.01613739299761716,0.018142324784749805,0.016869264991262903,0.02130913275297856,0.02239781964733916,0.017736172270055597,0.02343136763780779,0.021645087612390784,0.019998502055599682,0.020241444238284355,0.015705064393963457,0.01007054541064337,0.0037526633899920567,0.014405457474185862,0.01915830471803018,0.01914894586179507,0.009872888025416998,0.03564250307227957,0.019983540238284355,0.026188038100079428,0.03576304925814138,0.037452489969817315,0.03683019288324067,0.027878914637013502,0.016900596657664812,0.021086771304209696,0.021260720616362194,0.021085312374900713,0.02474444067355043,0.016730029687053217,0.013209578649722001,0.01747916195075457,0.01379543241302621,0.018855910379666403,0.02276228845115171
MedEq,0.01812503552025417,0.012679545607625103,0.009760489563145354,0.010828677807783958,0.012301035297855444,0.02427877734710088,0.028663063415409043,0.02021093556791104,0.020349019920571886,0.020153518856235116,0.023675367688641778,0.034979562700556,0.04400174735504369,0.019004979412231927,0.018057177855440826,0.018034983288324063,0.018541590405083398,0.02309693499602859,0.02477654325655282,0.02017274621127879,0.02739970360603653,0.02630307650516283,0.021968935281969817,0.01957886945194599,0.015480840285941223,0.011287279968228757,0.0034009440190627504,0.015542296203335982,0.019766225289912634,0.01926540819698173,0.007990803907863383,0.04281766065131057,0.021544609753772835,0.030191299444003176,0.04614551227958698,0.04762612555996823,0.047385513931691825,0.034831985575853854,0.017228424876886417,0.02318523335980937,0.022082148467037332,0.02439055758538523,0.026396055536139797,0.017515137760127086,0.012473860460683082,0.015780797108816514,0.014497150913423353,0.021172966989674337,0.026355257633042094
Drugs,0.025273391380460683,0.01857587304527403,0.013952328943606039,0.014386467119936458,0.018942793696584585,0.03406400054328832,0.041475373274027,0.029897892152501982,0.029341397779189836,0.029262815790309767,0.03536065321048451,0.04400174735504369,0.08281413292454329,0.028369493582208097,0.024791677556791097,0.02571270575377284,0.026156518875297855,0.034197101601270846,0.03513376342811754,0.027631482325655286,0.04054011507227959,0.040814958446386024,0.03010048262748213,0.028418953102462268,0.022398539040508342,0.011665082646544875,-0.00016459282922954964,0.021020362716441615,0.028476629277204124,0.027652810897537735,0.014242738827640988,0.06691949962509931,0.029788648451151704,0.045742489807783955,0.071538513197776,0.0735401162605242,0.07533543347100871,0.05520315315965051,0.02461547406830818,0.034587473019857026,0.032592830036536936,0.035387626417791904,0.037822916654487684,0.024336407542494044,0.017932650595710885,0.024008700235107226,0.021549198783161232,0.03199765231771246,0.039421198888006354
Chems,0.012873427887212073,0.012322909459888795,0.00940645570293884,0.009155541604447976,0.014380507482128673,0.019032783423351865,0.02214963548848292,0.017789260722795866,0.01883423279586974,0.019067373502779983,0.018205305798252577,0.019004979412231927,0.028369493582208097,0.029015354400317706,0.01599482720413026,0.019084992470214453,0.017797125941223194,0.021099155369340743,0.02468962688641779,0.016256324019062744,0.023865039324860997,0.02072175258935663,0.022684663836378082,0.019598975131056396,0.016395274447974582,0.010276493097696583,-0.0013538283955520265,0.01744820586973789,0.01734889678316124,0.019380309880857823,0.012102054138204924,0.031385127029388414,0.018087895377283558,0.02257123568705322,0.0318532834551231,0.03122272702938841,0.03399508809372517,0.02504742850675139,0.02022911781572676,0.02573917778395552,0.022337095266084194,0.01906990534551231,0.023501364567116757,0.015515961493248607,0.012213999531374106,0.016750004710087366,0.0115545697299444,0.018325099150119147,0.021441843733121524
Rubbr,0.013124312268467038,0.010054555423351867,0.007940828840349481,0.008314151078633836,0.01043867851310564,0.01721085235742653,0.0193645770802224,0.015784109666401903,0.01566710077680699,0.016306316854646546,0.01613739299761716,0.018057177855440826,0.024791677556791097,0.01599482720413026,0.029513997615567906,0.014363182023828433,0.01472712489912629,0.018163035537728352,0.019714162749801433,0.014300850544876885,0.02012113105798253,0.018310057456711677,0.01724943654169976,0.015002862511517074,0.012971351559968232,0.009468795690230342,0.0008047273439237502,0.012551224821286731,0.013719614289118344,0.013958664098490864,0.007922134875297856,0.02856040734392375,0.016206453502779983,0.020567514254169975,0.029508949072279588,0.029617450845115165,0.030775398006354246,0.022791231140587766,0.0142101891771247,0.01960954261636219,0.01842866409213662,0.01731679698967434,0.020219143563145345,0.013713208603653694,0.010121998880063541,0.012651731868149326,0.011435772268467037,0.015492989822081015,0.017894095170770445
Txtls,0.014057313436060365,0.011257238036536936,0.01142467167593328,0.008447925566322477,0.00945036232565528,0.019206461610802226,0.02142405612708499,0.018391803145353453,0.018962223866560757,0.019494748689436053,0.018142324784749805,0.018034983288324063,0.02571270575377284,0.019084992470214453,0.014363182023828433,0.05485179600317711,0.018425878036536936,0.022066472590945192,0.023556796848292292,0.01567347585067514,0.022548457499602857,0.020134933064336773,0.02157633106910246,0.020145569302621125,0.014735938605242254,0.009519301432883242,0.0012692858268467046,0.016359281048451146,0.02009715682287529,0.01853264775218427,0.011578217194598887,0.030231038424146144,0.018759520698967427,0.021560387335980934,0.029070213655281958,0.029617397763304205,0.030897620524225577,0.024475674548054008,0.01809626893089754,0.02418888853375695,0.02077470957267672,0.018752530961080215,0.022814728146147743,0.015996278182684672,0.011466051278792695,0.01490541911993646,0.012447578090548053,0.01788983871008737,0.01964612003177125
BldMt,0.013101739234312945,0.011094820403494838,0.00900127672756156,0.008840578179507544,0.009894809251787132,0.018483400355837967,0.021612121258141385,0.016812169849086577,0.017600254017474184,0.018001863193010323,0.016869264991262903,0.018541590405083398,0.026156518875297855,0.017797125941223194,0.01472712489912629,0.018425878036536936,0.022337337988880056,0.020493837388403494,0.02217521991421763,0.01649526832088959,0.022820672368546468,0.01991143514535345,0.02109670406354249,0.019114247904686254,0.01483339369658459,0.01185189418903892,-0.0008037271358220817,0.015239162192216044,0.015988616902303417,0.016204743383637806,0.009475723215250201,0.03088092922637014,0.017112420428911833,0.02182886133121525,0.031788669445591736,0.03180425749324862,0.033519217505957107,0.024192414786338365,0.016775784324066716,0.0222071620841938,0.02029373972359015,0.01869307377283558,0.022420739552025414,0.015039922789515492,0.011344136711675935,0.015086867571088168,0.012009553086576646,0.01745581504050834,0.02102102725972994
Cnstr,0.015526180646544875,0.013717397729944401,0.010445058991262905,0.010381112813343925,0.011460895529785542,0.022833749596505172,0.02614227651787133,0.020197174765687057,0.021814773837966636,0.022258215917394755,0.02130913275297856,0.02309693499602859,0.034197101601270846,0.021099155369340743,0.018163035537728352,0.022066472590945192,0.020493837388403494,0.04177224104686259,0.02637837429547259,0.02008183320413026,0.027496760109610805,0.024311204894360602,0.025119378883240666,0.021524105478951547,0.01691897201429706,0.012541860274821284,0.0004853967069102489,0.019193901675933284,0.021123868459094516,0.020447147911040506,0.011918968031771244,0.03882620871644162,0.02191063529785544,0.02685990746147736,0.03979640331850675,0.03956468956791104,0.04174532874503574,0.030480151591739463,0.01999898643844321,0.026693794683081817,0.024824711030976967,0.022634235178713262,0.02779490954249405,0.017977223675933286,0.013305953161239078,0.017985805971405876,0.013462994419380463,0.022273971909451948,0.02641673339158062
Steel,0.016605576262112783,0.01431179782525814,0.011835302263701348,0.011251626617950755,0.013569087650516284,0.023396587308975376,0.02745218749483717,0.020988840976965843,0.02300224767434472,0.0235623936457506,0.02239781964733916,0.02477654325655282,0.03513376342811754,0.02468962688641779,0.019714162749801433,0.023556796848292292,0.02217521991421763,0.02637837429547259,0.04054658468467037,0.01971055580937252,0.029900942317712467,0.025951181764892774,0.027466998327243843,0.02371839853693407,0.02051085944876886,0.013550139957108813,0.0030047115917394753,0.021414490683081808,0.022845338832406668,0.023915506449563143,0.012264495593328036,0.04266443200476568,0.02217734973788722,0.02910632293407466,0.04319057053057983,0.042328005310563944,0.04620906113582208,0.03229138631771247,0.022173497224781565,0.029941614063542496,0.02722524758379666,0.02464000305798253,0.028157037421763304,0.01947160779030977,0.01439890353455123,0.018859003207307382,0.015633025841143764,0.022898455499602868,0.02641099099285147
FabPr,0.014455491193010324,0.010886991609213663,0.00585619153296267,0.007436275374106433,0.00686977418268467,0.018259227256552817,0.021491637401111995,0.015880265146942015,0.017945184969023035,0.016675136902303413,0.017736172270055597,0.02017274621127879,0.027631482325655286,0.016256324019062744,0.014300850544876885,0.01567347585067514,0.01649526832088959,0.02008183320413026,0.01971055580937252,0.05734099843685463,0.02249274843844321,0.020293007081810966,0.01806454043844321,0.017089554760921364,0.0138546130166799,0.013907432428911832,0.013261531796664023,0.015996156616362188,0.01614362104845115,0.016430526449563148,0.007538844142970607,0.031163595243844322,0.017558050865766478,0.02174645513264496,0.03325690433995235,0.03281075433518665,0.03484242041302621,0.025019583107227957,0.015226401038919778,0.020268466583002385,0.01819744456235107,0.018730456441620337,0.021680359024622717,0.01406102718347895,0.010691452660841937,0.014149279876092135,0.011718103552025416,0.016591703806195398,0.019195376489277206
Mach ,0.016675002266878475,0.01427479415567911,0.010949073717235898,0.011120352273232725,0.012119108778395555,0.025400422686258927,0.029114375421763303,0.022776344440031772,0.02338984908816521,0.023176000317712466,0.02343136763780779,0.02739970360603653,0.04054011507227959,0.023865039324860997,0.02012113105798253,0.022548457499602857,0.022820672368546468,0.027496760109610805,0.029900942317712467,0.02249274843844321,0.03798557194440031,0.029253382162033353,0.02652574280698967,0.023558715915806192,0.020745358019062743,0.013052691077045276,0.0014668949594916604,0.019174935528196976,0.024142583645750587,0.023905570309769655,0.012127763742652897,0.047655294165210485,0.023659349451945984,0.03209596787450356,0.05129882150754567,0.04998395172835583,0.0569153566878475,0.03954419799364574,0.02159299948054011,0.031041993872915008,0.02728170311993646,0.026228764980142975,0.029882756992851468,0.019406238100079427,0.014513479372517873,0.01922109002223987,0.01644149283081811,0.025187367032565525,0.028287396521048454
ElcEq,0.015426179289912623,0.012526312420969023,0.009262447029388401,0.009900442611596507,0.010999366646544877,0.02266499232565528,0.027454171965051625,0.0205441467593328,0.020734772881652104,0.021166131850675143,0.021645087612390784,0.02630307650516283,0.040814958446386024,0.02072175258935663,0.018310057456711677,0.020134933064336773,0.01991143514535345,0.024311204894360602,0.025951181764892774,0.020293007081810966,0.029253382162033353,0.0383632991564734,0.022656265247021443,0.020594423258141384,0.017630815690230343,0.012393235960285938,0.0004422523796664047,0.015828540293884034,0.02062158933280381,0.019793963002382838,0.010174306312946782,0.044624545088165206,0.020945510373312146,0.029683276843526604,0.04794704719777601,0.04718106064654488,0.051465373050039724,0.03640129006036537,0.018158491464654484,0.024367945555202542,0.023871600454328828,0.02398280847498014,0.02671380162509928,0.017544406951548845,0.012603600548054013,0.016683188436854648,0.014725817558379666,0.022634231903097695,0.02581399366163622
Autos,0.014752769723590155,0.013548249186656078,0.011374340706910246,0.010335705334392375,0.014060058853057979,0.021682968646544877,0.026088486297061158,0.02039877095313741,0.02119493350754567,0.022126790277998416,0.019998502055599682,0.021968935281969817,0.03010048262748213,0.022684663836378082,0.01724943654169976,0.02157633106910246,0.02109670406354249,0.025119378883240666,0.027466998327243843,0.01806454043844321,0.02652574280698967,0.022656265247021443,0.03716344796028595,0.023943744316123904,0.0180787742319301,0.01135486849722001,0.0002030205416997627,0.01920285751389992,0.019983773367752183,0.01784027321683876,0.012907089988880066,0.03679152252740269,0.021390809213661634,0.025831394775218428,0.036450142298649714,0.03620963475615567,0.03880543200158857,0.028229605768069897,0.02117367796505163,0.027707056567116767,0.026361693728355836,0.02140262170770453,0.027865923750595704,0.018557691774424144,0.013527421024622717,0.01852242901826847,0.013664626895949168,0.020864362034948365,0.02451745370929309
Aero ,0.015830150177918976,0.013327418127084987,0.009100954813343925,0.010122520057188241,0.012300438119142176,0.019570479604447976,0.023411603126290703,0.01708138448768864,0.018435565545671165,0.02005696289118348,0.020241444238284355,0.01957886945194599,0.028418953102462268,0.019598975131056396,0.015002862511517074,0.020145569302621125,0.019114247904686254,0.021524105478951547,0.02371839853693407,0.017089554760921364,0.023558715915806192,0.020594423258141384,0.023943744316123904,0.06167240587609213,0.017472212713264497,0.011863559178713266,0.0020621955631453565,0.018778710349483717,0.01891102947577442,0.01819107413820492,0.010267497340746622,0.03183502968546465,0.019315965464654486,0.02320525132168387,0.030408510038125492,0.03126041306274821,0.032283310730738674,0.023801982028594116,0.019755843563145352,0.02406268802700556,0.023922434748212866,0.01953125249404289,0.024719643998411436,0.01738226091183479,0.012849172922954724,0.016996143191421755,0.012920490813343921,0.018387423537728355,0.022237923923749004
Ships,0.012649327067513899,0.010984153942811754,0.008225972287529786,0.007740627787132642,0.009268225753772834,0.015101813259729945,0.016745991923749003,0.014261812637013505,0.016031638263701346,0.015547668752978552,0.015705064393963457,0.015480840285941223,0.022398539040508342,0.016395274447974582,0.012971351559968232,0.014735938605242254,0.01483339369658459,0.01691897201429706,0.02051085944876886,0.0138546130166799,0.020745358019062743,0.017630815690230343,0.0180787742319301,0.017472212713264497,0.04566582292454329,0.011781266927720411,0.006112121618745034,0.014464653129467833,0.015558618959491661,0.01918204449563144,0.009623264578236696,0.026340688576648136,0.0160746677680699,0.019243083747418583,0.028748184548054015,0.027815659366163623,0.030999881882446387,0.02181877169023035,0.015260424354249402,0.020281254235107234,0.017521034436854648,0.016299573669579032,0.018901249100873704,0.01251719664495631,0.010961073383637804,0.014252959083399522,0.010889976868943604,0.015477382349483716,0.01684618692613185
Guns ,0.010868681475774421,0.007319168684670372,0.004159524185861797,0.00537902553137411,0.00814033622239873,0.009409146063542496,0.01187787058935663,0.011374822613185067,0.010735504824463858,0.009957499444003176,0.01007054541064337,0.011287279968228757,0.011665082646544875,0.010276493097696583,0.009468795690230342,0.009519301432883242,0.01185189418903892,0.012541860274821284,0.013550139957108813,0.013907432428911832,0.013052691077045276,0.012393235960285938,0.01135486849722001,0.011863559178713266,0.011781266927720411,0.09605879487053214,0.010579156312946779,0.01401029627482129,0.014624788173153292,0.013307261620333594,0.007707957159650516,0.017382292706910246,0.01025623005559968,0.012446153517077048,0.0167456081223193,0.016128835855440827,0.018344275051628278,0.014359127242255755,0.010685794902303416,0.013716143131056393,0.009380766160444799,0.01127934135822081,0.012657731737887212,0.006052306541699761,0.00843782442414615,0.009273043880857824,0.005741225288324069,0.009551385590150912,0.013440509944400318
Gold ,0.010704695918983318,-0.0007572540381254957,-0.0016433649007148554,0.0017823018395552036,-0.0002827433709293109,0.005331372204924544,0.0038923596886417805,-0.003270848554408261,0.0026814796870532173,0.002328864305003969,0.0037526633899920567,0.0034009440190627504,-0.00016459282922954964,-0.0013538283955520265,0.0008047273439237502,0.0012692858268467046,-0.0008037271358220817,0.0004853967069102489,0.0030047115917394753,0.013261531796664023,0.0014668949594916604,0.0004422523796664047,0.0002030205416997627,0.0020621955631453565,0.006112121618745034,0.010579156312946779,0.33697420468784745,0.025198428538522635,-0.0025510592930897556,0.018567632359015093,-0.0005967940460683064,0.0036129333931691856,0.003410924225575853,0.003972082718030182,0.004875932830818112,0.004902070117553616,0.0017639597537728348,0.0018075571262907086,-0.002244963274027007,-0.00019948973947577403,-0.0012301231739475784,0.003822511239078637,-0.0004479591088165201,0.0011635590023828433,-0.00014257722795869835,-0.0030702017680698966,0.008119957539316918,-0.0012980211898332003,-0.0010367092136616338
Mines,0.014296403042096905,0.009465282899126288,0.008860652144559174,0.008530481207307388,0.013926434916600481,0.015901426282764093,0.01610984746624305,0.01362832000794281,0.016647000484511516,0.01785227980937252,0.014405457474185862,0.015542296203335982,0.021020362716441615,0.01744820586973789,0.012551224821286731,0.016359281048451146,0.015239162192216044,0.019193901675933284,0.021414490683081808,0.015996156616362188,0.019174935528196976,0.015828540293884034,0.01920285751389992,0.018778710349483717,0.014464653129467833,0.01401029627482129,0.025198428538522635,0.06727394464654489,0.01258317897537728,0.01648993742652899,0.009760871389992059,0.025023340309769652,0.01455628355837967,0.018536784154090543,0.024588377370929306,0.02495080585385226,0.02621657565528197,0.01944371406671962,0.015640810238284352,0.022922283137410647,0.0182890439872915,0.016098026711675935,0.019351899245432885,0.012497444225575851,0.011036544853057984,0.014552789777601272,0.010395360420969026,0.016185010540111195,0.01816006378077839
Coal ,0.01238721185861795,0.011887663407466244,0.007797021088165211,0.009333703097696586,0.015137314980142973,0.017047120881652108,0.019205581699761717,0.0195109598649722,0.016593432907069102,0.019001753423351864,0.01915830471803018,0.019766225289912634,0.028476629277204124,0.01734889678316124,0.013719614289118344,0.02009715682287529,0.015988616902303417,0.021123868459094516,0.022845338832406668,0.01614362104845115,0.024142583645750587,0.02062158933280381,0.019983773367752183,0.01891102947577442,0.015558618959491661,0.014624788173153292,-0.0025510592930897556,0.01258317897537728,0.1362162039634631,0.027884502192216044,0.01684419374106434,0.03400698477362986,0.019000850230341537,0.022373856513105635,0.03251576451945989,0.03354291268467037,0.03659091117553614,0.0243941087132645,0.017904099181890384,0.02440825840349484,0.01982312481334392,0.018871877180301828,0.02395864791898332,0.014883265639396343,0.012368956370135027,0.016354839420174738,0.01252445467037331,0.018086952382843524,0.021234661111993645
Oil  ,0.013605113471008737,0.011224004686258933,0.010630567482128673,0.01004132991262907,0.013572676727561557,0.016129841540905483,0.01952527107227959,0.015573652565528196,0.016697497966640194,0.015821325941223194,0.01914894586179507,0.01926540819698173,0.027652810897537735,0.019380309880857823,0.013958664098490864,0.01853264775218427,0.016204743383637806,0.020447147911040506,0.023915506449563143,0.016430526449563148,0.023905570309769655,0.019793963002382838,0.01784027321683876,0.01819107413820492,0.01918204449563144,0.013307261620333594,0.018567632359015093,0.01648993742652899,0.027884502192216044,0.052351858459094514,0.014808991834789512,0.026139554074662424,0.017138860079428123,0.02090966498808578,0.026761409356632244,0.02683806822875298,0.028916839602859408,0.022921220635424937,0.01626724843526609,0.022362984130262113,0.019461084130262107,0.018206006211278797,0.0187193880381255,0.013778009404289115,0.010985480397140587,0.014550307974583001,0.012450836489277202,0.015584599571088167,0.01922463444003177
Util ,0.007063953912629071,0.0077548501096108,0.006936311008737093,0.007047726900714853,0.011354590379666398,0.0076303753200953105,0.010459524943606037,0.00985617035742653,0.00987816127720413,0.008912087084988082,0.009872888025416998,0.007990803907863383,0.014242738827640988,0.012102054138204924,0.007922134875297856,0.011578217194598887,0.009475723215250201,0.011918968031771244,0.012264495593328036,0.007538844142970607,0.012127763742652897,0.010174306312946782,0.012907089988880066,0.010267497340746622,0.009623264578236696,0.007707957159650516,-0.0005967940460683064,0.009760871389992059,0.01684419374106434,0.014808991834789512,0.021481181356632247,0.013947003984114375,0.009664654360603653,0.01060408287212073,0.011799039517077045,0.011612197096108019,0.014596541890389196,0.011343914706910242,0.010432437445591742,0.014205149661636217,0.012054857880857823,0.00888511367752184,0.011068852403494837,0.007907599072279588,0.006939161270849881,0.011269076244638599,0.004991244238284351,0.009511527097696586,0.011061029261318508
Telcm,0.025876941478951546,0.01890948378554408,0.01439764224781573,0.015051825366163625,0.014237238519459891,0.040460594508339935,0.047525486424146154,0.034917329714058774,0.03367880794757745,0.034429926004765694,0.03564250307227957,0.04281766065131057,0.06691949962509931,0.031385127029388414,0.02856040734392375,0.030231038424146144,0.03088092922637014,0.03882620871644162,0.04266443200476568,0.031163595243844322,0.047655294165210485,0.044624545088165206,0.03679152252740269,0.03183502968546465,0.026340688576648136,0.017382292706910246,0.0036129333931691856,0.025023340309769652,0.03400698477362986,0.026139554074662424,0.013947003984114375,0.09780216058935663,0.034717903510722806,0.05171127776171564,0.08551981705639396,0.0870652877505957,0.09112043409849087,0.06120360437013502,0.02837040667037331,0.0407567136918189,0.0390162136330421,0.03965708137410644,0.0461228709150119,0.02778134603971405,0.02106515840349483,0.026223366651310566,0.023043949628276415,0.03973976854805401,0.04237637529785544
PerSv,0.015274023669579029,0.011650590023828433,0.010047016679904685,0.010770702557585388,0.01318152895949166,0.020028579221604444,0.023404504050833993,0.019337592152501984,0.018593088514694205,0.01905027326449563,0.019983540238284355,0.021544609753772835,0.029788648451151704,0.018087895377283558,0.016206453502779983,0.018759520698967427,0.017112420428911833,0.02191063529785544,0.02217734973788722,0.017558050865766478,0.023659349451945984,0.020945510373312146,0.021390809213661634,0.019315965464654486,0.0160746677680699,0.01025623005559968,0.003410924225575853,0.01455628355837967,0.019000850230341537,0.017138860079428123,0.009664654360603653,0.034717903510722806,0.033242343955520254,0.024663231898332014,0.03449802652899126,0.03646141658459096,0.036558902621127876,0.026234774106433677,0.016866972962668782,0.022356775091342335,0.021945173852263702,0.020354514376489274,0.02488313023034154,0.016687839459888793,0.012579030786338366,0.015980600349483714,0.0134013887847498,0.018921738204924547,0.02091614335186656
BusSv,0.019715874600476566,0.014320470759332803,0.01091555039714059,0.011380200139793484,0.012491463841143762,0.027242230791104043,0.032030352794281174,0.023717884980142965,0.02390052759809372,0.024304179698173157,0.026188038100079428,0.030191299444003176,0.045742489807783955,0.02257123568705322,0.020567514254169975,0.021560387335980934,0.02182886133121525,0.02685990746147736,0.02910632293407466,0.02174645513264496,0.03209596787450356,0.029683276843526604,0.025831394775218428,0.02320525132168387,0.019243083747418583,0.012446153517077048,0.003972082718030182,0.018536784154090543,0.022373856513105635,0.02090966498808578,0.01060408287212073,0.05171127776171564,0.024663231898332014,0.03810658619698174,0.053873006826052415,0.05572932784590946,0.0566875696664019,0.03951858775377284,0.020351279235901503,0.028377269974583008,0.027141727532962664,0.02744464296266878,0.031464274536934074,0.02010147919301032,0.014928614988085778,0.019275587207307387,0.016686273377283557,0.025786140144559173,0.029570982764098492
Hardw,0.026450142505162824,0.01875159177283558,0.013809538308181097,0.015175927301032566,0.014070591764892771,0.041081509930103254,0.047276138058776805,0.03460553506751389,0.03435080066878476,0.033467991898332,0.03576304925814138,0.04614551227958698,0.071538513197776,0.0318532834551231,0.029508949072279588,0.029070213655281958,0.031788669445591736,0.03979640331850675,0.04319057053057983,0.03325690433995235,0.05129882150754567,0.04794704719777601,0.036450142298649714,0.030408510038125492,0.028748184548054015,0.0167456081223193,0.004875932830818112,0.024588377370929306,0.03251576451945989,0.026761409356632244,0.011799039517077045,0.08551981705639396,0.03449802652899126,0.053873006826052415,0.10428577292930896,0.09516585984590943,0.10260949889594917,0.06720266620651309,0.02874432519936457,0.04058255876568705,0.03861346311993646,0.04217007281175535,0.04588216903415408,0.027665038322478155,0.019820905806195395,0.025149356106433682,0.02391958312470214,0.04013126339475775,0.043487331326449566
Softw,0.02742572493884035,0.019445785332803812,0.014475449332803812,0.015402747787132643,0.0141718260714853,0.04262639597617157,0.04938096831771246,0.035837657466243046,0.03486529084511516,0.0352305520889595,0.037452489969817315,0.04762612555996823,0.0735401162605242,0.03122272702938841,0.029617450845115165,0.029617397763304205,0.03180425749324862,0.03956468956791104,0.042328005310563944,0.03281075433518665,0.04998395172835583,0.04718106064654488,0.03620963475615567,0.03126041306274821,0.027815659366163623,0.016128835855440827,0.004902070117553616,0.02495080585385226,0.03354291268467037,0.02683806822875298,0.011612197096108019,0.0870652877505957,0.03646141658459096,0.05572932784590946,0.09516585984590943,0.10144190527561557,0.0989281202303415,0.06564375856870532,0.028366260001588553,0.04080861483876091,0.039249891180301824,0.043082141675933286,0.04791379721842732,0.028608034007942814,0.020742250794281183,0.025857426311358216,0.024925860363780774,0.04027838606671962,0.04423329081810961
Chips,0.026667180452740268,0.019365846711675933,0.01425461773629865,0.016051158220810165,0.013439289626687846,0.04231744693407466,0.04902838907069102,0.03662877300238285,0.03589016372517871,0.03474576066719619,0.03683019288324067,0.047385513931691825,0.07533543347100871,0.03399508809372517,0.030775398006354246,0.030897620524225577,0.033519217505957107,0.04174532874503574,0.04620906113582208,0.03484242041302621,0.0569153566878475,0.051465373050039724,0.03880543200158857,0.032283310730738674,0.030999881882446387,0.018344275051628278,0.0017639597537728348,0.02621657565528197,0.03659091117553614,0.028916839602859408,0.014596541890389196,0.09112043409849087,0.036558902621127876,0.0566875696664019,0.10260949889594917,0.0989281202303415,0.11766573146147737,0.07421651387609214,0.030198300246227164,0.04357575789515487,0.04143021977760126,0.04400483096902304,0.04802100717235901,0.028108523304209685,0.020788063486894357,0.026903101389992055,0.024498652621127878,0.043258870619539314,0.04500645999999999
LabEq,0.020456070247815723,0.01476080349960286,0.011756011810961082,0.01191136268149325,0.012444232546465452,0.03025290882128673,0.03518698793328038,0.026453750683081808,0.026052778813343926,0.024836263320095316,0.027878914637013502,0.034831985575853854,0.05520315315965051,0.02504742850675139,0.022791231140587766,0.024475674548054008,0.024192414786338365,0.030480151591739463,0.03229138631771247,0.025019583107227957,0.03954419799364574,0.03640129006036537,0.028229605768069897,0.023801982028594116,0.02181877169023035,0.014359127242255755,0.0018075571262907086,0.01944371406671962,0.0243941087132645,0.022921220635424937,0.011343914706910242,0.06120360437013502,0.026234774106433677,0.03951858775377284,0.06720266620651309,0.06564375856870532,0.07421651387609214,0.05773632332168386,0.022060705320095315,0.032101430006354244,0.029362167660047653,0.031000284900714853,0.0336621029404289,0.021072839733121525,0.015043626457505952,0.019981495896743442,0.017651468039714055,0.029515572805401107,0.03324722845115171
