,Agric,Food ,Soda ,Beer ,Smoke,Toys ,Fun  ,Books,Hshld,Clths,Hlth ,MedEq,Drugs,Chems,Rubbr,Txtls,BldMt,Cnstr,Steel,FabPr,Mach ,ElcEq,Autos,Aero ,Ships,Guns ,Gold ,Mines,Coal ,Oil  ,Util ,Telcm,PerSv,BusSv,Hardw,Softw,Chips,LabEq,Paper,Boxes,Trans,Whlsl,Rtail,Meals,Banks,Insur,RlEst,Fin  ,Other
Agric,0.056798906471803016,0.009512382252581412,0.00906315816997617,0.009144099634630658,0.011490288362192217,0.016035984266878477,0.019337440152501988,0.012509256432088962,0.01468872284670373,0.013881175561556795,0.016969174284352663,0.01842531262907069,0.02575531390627482,0.013245545448768863,0.013317077833200954,0.013152074198570292,0.012733810109610805,0.015706847714058773,0.017401691177124704,0.013963528876886417,0.017037187170770456,0.016586517610802223,0.014966373108816523,0.016369707882446384,0.013765931424940427,0.00980566461000794,0.01171390900714853,0.013602438875297858,0.012231448991262906,0.014418641918983321,0.00636933962192216,0.026034504324066718,0.015326002223987294,0.020054882389197764,0.027769258243050036,0.028192344603653694,0.027581650427323277,0.020991946541699766,0.012373596854646545,0.014762161499602862,0.01623431553931692,0.016738790201747424,0.018620918487688647,0.014050069598093719,0.010032657880857825,0.012056210535345512,0.011458235971405878,0.013529209938046065,0.017431698217633036
Food ,0.009512382252581412,0.01608736752343129,0.007519073289912629,0.007564476981731535,0.009499544063542495,0.011394371266084191,0.013480909534551232,0.01081625164098491,0.011944031332803813,0.012318765197776013,0.012691580625893565,0.013023708848292298,0.01868290215726767,0.011611537505957108,0.009697646373312151,0.010307391669579034,0.010594596009531373,0.012994122910246226,0.013741416285941223,0.010570950843526605,0.013751707939634629,0.012378211520254168,0.012691048489277202,0.013495060880063539,0.011258048044479742,0.0077880306338363806,6.960095313739015e-06,0.0087223973375695,0.010195936870532173,0.011393196562351071,0.006908431110405082,0.017772042738681493,0.011479531882446386,0.0141148021096108,0.018565124111199365,0.019428024552819702,0.018894048590945196,0.014524864870532169,0.010624053502779986,0.01343279712152502,0.013071320578236694,0.01158780032406672,0.01453861263860206,0.01001255956155679,0.008313751186656074,0.01106617833836378,0.0089762175822081,0.010369585086576644,0.013042767459888803
Soda ,0.00906315816997617,0.007519073289912629,0.0451879179205719,0.00836818212073074,0.010989886875297852,0.008905732989674344,0.009974553100873708,0.008730960759332801,0.009242315335980935,0.009834009447180301,0.010802429799841144,0.010028299650516284,0.014026850711675932,0.008390815933280381,0.007209513998411435,0.010286198071485304,0.008467026017474186,0.009469296595710884,0.011203365515488482,0.005177805124702148,0.010439191569499602,0.009313085992057187,0.010516036678316125,0.010462546233518664,0.008276138004765687,0.005304626289118348,0.0016802986973788712,0.007631504994440032,0.006519470428911833,0.01086827529150119,0.006063113389992057,0.013142585733121524,0.009263616942017475,0.010785709194598888,0.013642915485305801,0.01439881289277204,0.013515664532168384,0.011195670486100078,0.008678743661636217,0.011712063237490071,0.009985294017474186,0.009283744875297852,0.01153580429070691,0.007725729005559971,0.006954691623510723,0.009236572770452742,0.008016001172359014,0.008035666047656872,0.00858477398093725
Beer ,0.009144099634630658,0.007564476981731535,0.00836818212073074,0.03197541660841938,0.007150541890389199,0.008478396338363782,0.009992746362192216,0.0076289228752978566,0.008324313232724383,0.01061933376489277,0.010675248776806989,0.010784192200158856,0.013937899134233517,0.008248331739475775,0.007509049801429706,0.0074065349801429705,0.008071361286735504,0.008587284424146144,0.010352002319301033,0.007133795186656077,0.010359132637013503,0.009135804384432088,0.008877563868149325,0.010260493423351866,0.007501955091342335,0.006617498514694201,0.004148103018268466,0.007830957601270847,0.00735544941223193,0.010107323208895949,0.005459618435266083,0.013721317625099283,0.009755529618745038,0.01095702254169976,0.01465939426528991,0.014900998125496423,0.015063979324861006,0.010978090937251784,0.00842915203335981,0.007287549420174741,0.009878958061953933,0.00950244159650516,0.011990392494042892,0.008126466902303411,0.006223003264495629,0.008585168268467036,0.0072687471803018254,0.007877577911040509,0.010357390683081811
Smoke,0.011490288362192217,0.009499544063542495,0.010989886875297852,0.007150541890389199,0.09757037188880063,0.010129521931691816,0.014202627126290706,0.008979184565528195,0.010738837572676728,0.011357669223193008,0.014728389884034949,0.012549721239078633,0.018995408235107227,0.01309789515488483,0.009370845235901508,0.008648887796664022,0.009220762865766483,0.01062255923113582,0.012409580073073866,0.007158138662430501,0.011672881563145355,0.010558573305798258,0.012738643291501194,0.01225891912946783,0.009201992139793488,0.010159937556791102,0.002811152216044475,0.011890455269261318,0.012069588752978555,0.013938328050833993,0.009215088819698174,0.013483692028594126,0.01189748073073868,0.012152284041302622,0.013284120324066716,0.014202788225575849,0.012832114446386017,0.01224765996505163,0.01105885429706116,0.016613381166004765,0.011785043037331216,0.010783220225575851,0.013057076073073865,0.007968469153296267,0.008758561582208101,0.011399441289912628,0.007015354541699764,0.009058338071485305,0.011966838805401113
Toys ,0.016035984266878477,0.011394371266084191,0.008905732989674344,0.008478396338363782,0.010129521931691816,0.044562893818903895,0.025207424525814145,0.01744035956473392,0.018232550640190623,0.020439248592533755,0.019667531680698964,0.02413593288324067,0.0331629750929309,0.017404465401111992,0.016281333779189836,0.01658626643685465,0.017089522646544876,0.02093753453375695,0.02154844807625099,0.017584909010325653,0.02378675159809373,0.021773151173947576,0.019505702435266087,0.01926702770135028,0.014694711259729938,0.010052069170770455,0.007170909245432881,0.014194038376489278,0.013954006012708497,0.016172979526608424,0.005594405389992056,0.037008768567116754,0.018494077100873706,0.02617213792851469,0.0394975996918189,0.04108366600794281,0.03986002077998411,0.028675262044479746,0.015410894845115167,0.02099397146306593,0.020121272006354246,0.02166606295949166,0.02459782355361398,0.016542589329626687,0.011572883175536139,0.013599144643367748,0.013701216181096109,0.01892052682922954,0.022198321853852253
Fun  ,0.019337440152501988,0.013480909534551232,0.009974553100873708,0.009992746362192216,0.014202627126290706,0.025207424525814145,0.04539476844956314,0.020203070827640984,0.02082771241938046,0.022310480141382046,0.02349387903574265,0.02782663807783956,0.04004276200317712,0.019783128117553617,0.018010551221604446,0.018120917969817317,0.019746878548054007,0.023591790610007938,0.024988537194598887,0.019997460622716443,0.02666757488641779,0.025881496114376495,0.023094070282764095,0.022348568003177124,0.01606428625575854,0.01180713928991263,0.006994996806989673,0.013936082760921361,0.014982812176330422,0.019011093903097694,0.008140982864177918,0.043238047677521846,0.021584602025417003,0.030211566522637012,0.044799344791104055,0.04717957762033361,0.04555161077204131,0.03297303230659253,0.018265025774424144,0.024306074846703732,0.024538411196187444,0.024199259528196973,0.02838485589674344,0.019231756954725975,0.013534727369340747,0.01719732176806989,0.01617233405242256,0.021838198314535342,0.027235961186656076
Books,0.012509256432088962,0.01081625164098491,0.008730960759332801,0.0076289228752978566,0.008979184565528195,0.01744035956473392,0.020203070827640984,0.030158446773629867,0.015608320495631453,0.016638101931691813,0.017673301258141382,0.018989802541699765,0.027776702039714055,0.01509846068308181,0.013585049938046068,0.014911785461477358,0.014701906757744243,0.01742900321842732,0.01823934865131056,0.014084001156473394,0.019931859148530576,0.018569143599682283,0.017129350853057976,0.015376706833995236,0.012984392108022241,0.01059233414138205,-0.0008989639714058777,0.011165309979348685,0.015281464162033357,0.014497049289912625,0.0074431302652899125,0.030141457953931694,0.017016688848292293,0.021503633143764894,0.031069108123907865,0.032818223555202544,0.03220043484352661,0.023569721394757735,0.013963259872915012,0.01901593341382049,0.017608924212867354,0.017287507548848287,0.020916079901509132,0.013670762513105636,0.010929774115965052,0.013285095698173153,0.0121506074725973,0.01608886860365369,0.01931405133915806
Hshld,0.01468872284670373,0.011944031332803813,0.009242315335980935,0.008324313232724383,0.010738837572676728,0.018232550640190623,0.02082771241938046,0.015608320495631453,0.02520593241620334,0.01736219289594916,0.017361408381254967,0.019770509134233512,0.028138697747418583,0.016753756187450355,0.014314038138204923,0.01608960655123114,0.016139895396346308,0.019325245191421765,0.020743916581413824,0.016748196575059573,0.0211119776203336,0.019371275024622714,0.018457914084193804,0.017416890668784754,0.015373686665607622,0.010191850795869737,0.0047806348530579825,0.014738508873709292,0.013162384940428911,0.016001586090548053,0.007937314179507543,0.03004680081969817,0.016827837934868937,0.0224276389070691,0.032164363132644966,0.03282198634471803,0.03271112704050833,0.024085131316918192,0.015499161906274822,0.020205631536139794,0.019458192305003973,0.018294909350277996,0.021959435971405886,0.015090407173947573,0.011553335612390789,0.014388998754567112,0.012422590265289907,0.016345079377283554,0.019559485026211278
Clths,0.013881175561556795,0.012318765197776013,0.009834009447180301,0.01061933376489277,0.011357669223193008,0.020439248592533755,0.022310480141382046,0.016638101931691813,0.01736219289594916,0.034593446638602074,0.018128313650516287,0.01958141669579031,0.028177781685464653,0.017109208181096097,0.01474504088006354,0.016821557620333594,0.01638069119301032,0.01995039427958697,0.021259714033359807,0.015477479558379668,0.021096336713264496,0.019779233493248605,0.01947772472279587,0.019304950878474978,0.01484468654169976,0.009758556875297857,0.004013066417791899,0.016165624015885626,0.016408854511517076,0.015472863116759333,0.007165310187450355,0.03100148578713264,0.017593708538522636,0.02275931092295472,0.03093601970770453,0.03305435223510722,0.031434681860206516,0.022992983966640186,0.01542518915806195,0.02090591742017475,0.02124322463542494,0.019206062339952347,0.02508029556314535,0.015952400846703733,0.011627040554408255,0.014576014365369344,0.014100304250992853,0.016857331356632244,0.020787763013502783
Hlth ,0.016969174284352663,0.012691580625893565,0.010802429799841144,0.010675248776806989,0.014728389884034949,0.019667531680698964,0.02349387903574265,0.017673301258141382,0.017361408381254967,0.018128313650516287,0.03613252659412232,0.023436050182684666,0.034731036929308984,0.01662385453534551,0.014983957486894357,0.01628122340587768,0.015685918541699758,0.01966024890071485,0.02072279426211279,0.016722235415409056,0.021708493434471798,0.020952422792692604,0.01799329795234313,0.019890745934868937,0.015373608047656865,0.010353041113582206,0.005649247672756156,0.012869434036536932,0.01689211665607625,0.01926204041938046,0.008297904195393169,0.032606101844320896,0.019226743105639394,0.02488258605559968,0.03401556244956314,0.03607148953772836,0.03438325262430499,0.026338665002382834,0.015486494797458297,0.019494057016679906,0.01953091535504369,0.020106210724384434,0.023303488846703732,0.016033934616362187,0.012688376382843527,0.01613394012867355,0.013821358732327243,0.017109639893566325,0.0218847148355838
MedEq,0.01842531262907069,0.013023708848292298,0.010028299650516284,0.010784192200158856,0.012549721239078633,0.02413593288324067,0.02782663807783956,0.018989802541699765,0.019770509134233512,0.01958141669579031,0.023436050182684666,0.03485512892772041,0.04379223226370134,0.018218378808578236,0.017554185988880058,0.016228468848292297,0.017781636187450354,0.02186935868149325,0.023875508594122317,0.019482327942811753,0.02658097485305798,0.0259994271644162,0.020662637791898336,0.019979123717235897,0.016193646163621917,0.011849135488482924,0.005642894837172359,0.014731718061953933,0.01792045488482923,0.019612555329626684,0.006750637410643365,0.04060085037331215,0.02070755582208102,0.029748599396346304,0.045579484924543286,0.047030356854646536,0.046204094630659255,0.03401902489277203,0.016490942541699756,0.02224568676727562,0.021134132168387606,0.024036059428117554,0.025690541842732326,0.017266343177124704,0.012345969737887213,0.015241047926926135,0.015050201938046065,0.02003980735504368,0.025618495552025413
Drugs,0.02575531390627482,0.01868290215726767,0.014026850711675932,0.013937899134233517,0.018995408235107227,0.0331629750929309,0.04004276200317712,0.027776702039714055,0.028138697747418583,0.028177781685464653,0.034731036929308984,0.04379223226370134,0.08148697578872119,0.0266116566957903,0.023577155370929304,0.023255494675138995,0.024798492476568693,0.03221394089118348,0.0335215849658459,0.026594504683081818,0.03883160312787926,0.03981495875456712,0.02787162871644162,0.028111255158061944,0.02208343069420175,0.011844773466243049,0.002825327513899917,0.019676620432088954,0.025433947791898327,0.027793175389992056,0.01179446472915012,0.06324129411755361,0.02850477538522637,0.04457682499444003,0.06979887049086575,0.0720158911644162,0.0724390191564734,0.05357947949642574,0.02317004132644957,0.03254732953772836,0.030821998875297848,0.03429484731850675,0.036470085898332005,0.023887803235901513,0.01745942157426529,0.022743165316918192,0.021913159196187453,0.029930321876092132,0.037857143404289126
Chems,0.013245545448768863,0.011611537505957108,0.008390815933280381,0.008248331739475775,0.01309789515488483,0.017404465401111992,0.019783128117553617,0.01509846068308181,0.016753756187450355,0.017109208181096097,0.01662385453534551,0.018218378808578236,0.0266116566957903,0.025885338808578233,0.014055106179507544,0.015973438888006355,0.015803793582208098,0.018186335266084194,0.02167956289118348,0.015057293121525017,0.02101344211278793,0.01893899672756156,0.019244900953137408,0.018086896457505955,0.014961751294678315,0.01041865955520254,0.0010072302779984138,0.015034068911834791,0.013782583780778394,0.018562541509134233,0.009449939618745035,0.02697189593328038,0.016162091612390784,0.02049275364575059,0.02871057038919778,0.028629942621127877,0.030011381556791103,0.022404978061953934,0.0175655287847498,0.022000467132644953,0.019455675679110402,0.01713489478951549,0.020964506830818103,0.014185357442414611,0.011147511119936457,0.01459026457505957,0.011379780238284351,0.015660418347895156,0.01896955598093725
Rubbr,0.013317077833200954,0.009697646373312151,0.007209513998411435,0.007509049801429706,0.009370845235901508,0.016281333779189836,0.018010551221604446,0.013585049938046068,0.014314038138204923,0.01474504088006354,0.014983957486894357,0.017554185988880058,0.023577155370929304,0.014055106179507544,0.026763924581413818,0.012026940924543287,0.013080812130262114,0.01617820993486894,0.01755664798093726,0.013575834204924541,0.017961661868149324,0.016925006868943607,0.01480782074344718,0.014082549178713264,0.012325556835583796,0.00926231545353455,0.003212992756155678,0.011011889861795075,0.010861005321683876,0.01348058413343924,0.0058977178999205715,0.02541176552501986,0.0146476322954726,0.019071380263701355,0.027183894767275618,0.027791759733121525,0.02753362857188245,0.020837519113582205,0.0125239442573471,0.017419015911040506,0.016425321855440832,0.015989519837966638,0.01828171984432089,0.013035737471008732,0.009447562627482127,0.01137225934551231,0.011296206443208896,0.013515826455917392,0.016304551329626688
Txtls,0.013152074198570292,0.010307391669579034,0.010286198071485304,0.0074065349801429705,0.008648887796664022,0.01658626643685465,0.018120917969817317,0.014911785461477358,0.01608960655123114,0.016821557620333594,0.01628122340587768,0.016228468848292297,0.023255494675138995,0.015973438888006355,0.012026940924543287,0.04765781508498809,0.015707111116759334,0.018235330551231138,0.019621256381254962,0.013910492829229546,0.018943185985702934,0.01764075210802224,0.01783378448610008,0.018225924930897534,0.013455637432883243,0.008445831952343138,0.0023235656552819694,0.013432537988880066,0.015316525861795077,0.016552177181890386,0.00870945273073868,0.02433461965687053,0.01593121904686259,0.018866907558379664,0.02513483477045274,0.02591319900873709,0.02608652218903892,0.02097866726926132,0.014927033407466244,0.01980201926608419,0.017102857162827643,0.016202523612390787,0.01940049074821287,0.013686677131056398,0.01017280060683082,0.012826035193010328,0.011931831974583,0.014531079780778397,0.0164755911771247
BldMt,0.012733810109610805,0.010594596009531373,0.008467026017474186,0.008071361286735504,0.009220762865766483,0.017089522646544876,0.019746878548054007,0.014701906757744243,0.016139895396346308,0.01638069119301032,0.015685918541699758,0.017781636187450354,0.024798492476568693,0.015803793582208098,0.013080812130262114,0.015707111116759334,0.020778446519459887,0.01807999606989674,0.019639765204130258,0.015039090274821285,0.02054635220651311,0.0184577840127085,0.018295501861795068,0.017581111440826053,0.014193690122319297,0.011679442576648132,0.0008422313264495626,0.013211811075456706,0.012635907720413024,0.015659637216838763,0.007310135761715647,0.027177911837966633,0.015820586576648137,0.020252699926926132,0.02934045910087372,0.029618692943606032,0.030204129331215246,0.022278907606036537,0.01471667579030977,0.019413616876886426,0.018010447072279587,0.0172060136330421,0.02031029721683876,0.013868286198570294,0.010617623774424146,0.01343925547577442,0.012214155240667197,0.015407482805401107,0.01901142080698967
Cnstr,0.015706847714058773,0.012994122910246226,0.009469296595710884,0.008587284424146144,0.01062255923113582,0.02093753453375695,0.023591790610007938,0.01742900321842732,0.019325245191421765,0.01995039427958697,0.01966024890071485,0.02186935868149325,0.03221394089118348,0.018186335266084194,0.01617820993486894,0.018235330551231138,0.01807999606989674,0.03712343748848294,0.023100961563145353,0.018227344212867355,0.02419768540270056,0.022462152667196186,0.021112447963463066,0.019520813785544083,0.01586159869420175,0.011786737558379666,0.0016158878316123895,0.016679297471008738,0.017396458451151703,0.019146569518665616,0.008853909297855442,0.03406919657347101,0.019531010397140586,0.02470327950119142,0.03642267661000795,0.03663734384749801,0.03725430775377283,0.027544881917394754,0.016781512970611596,0.022430330096902307,0.021983135675933282,0.020339951490071482,0.024897660519459894,0.01615348885305798,0.012188143810961078,0.015714060147736294,0.013643522392374898,0.019104292341540905,0.022876161488482916
Steel,0.017401691177124704,0.013741416285941223,0.011203365515488482,0.010352002319301033,0.012409580073073866,0.02154844807625099,0.024988537194598887,0.01823934865131056,0.020743916581413824,0.021259714033359807,0.02072279426211279,0.023875508594122317,0.0335215849658459,0.02167956289118348,0.01755664798093726,0.019621256381254962,0.019639765204130258,0.023100961563145353,0.03607387574900714,0.01831671236219221,0.026648510589356623,0.024052039498014294,0.023476608050833993,0.022264749814138205,0.019258022633836375,0.01400437195869738,0.00613654516282764,0.018814676994440033,0.01772855850675139,0.022962682084193806,0.009374346223987291,0.03742004471485306,0.020570891660047667,0.026933860835583787,0.03960742188403494,0.039170108231930095,0.04134707233677522,0.029481161480540117,0.01922030710087371,0.02596587748371723,0.02398115292772041,0.022431208813343925,0.0254478484384432,0.01790132522319301,0.013458034668784747,0.016805891609213662,0.015593105347100872,0.01993562116600476,0.023535288978554406
FabPr,0.013963528876886417,0.010570950843526605,0.005177805124702148,0.007133795186656077,0.007158138662430501,0.017584909010325653,0.019997460622716443,0.014084001156473394,0.016748196575059573,0.015477479558379668,0.016722235415409056,0.019482327942811753,0.026594504683081818,0.015057293121525017,0.013575834204924541,0.013910492829229546,0.015039090274821285,0.018227344212867355,0.01831671236219221,0.05034264056552819,0.020827283968228756,0.018911287135822078,0.01650438073709293,0.01658497525655282,0.01399020502621128,0.013342274684670372,0.013411216711675934,0.014595927980937248,0.014609430007942813,0.016048019056393966,0.006377794208101668,0.028169577274027004,0.01632999687053217,0.020611381394757742,0.030704388384432086,0.030668898039714065,0.031997879742652884,0.023258330525814132,0.01367576967434472,0.018568725127879264,0.01679046923590151,0.01769428955361398,0.019955327094519457,0.013098209426528992,0.01009058669102462,0.012870372381254963,0.011808339965051632,0.014638479685464653,0.01850144766640191
Mach ,0.017037187170770456,0.013751707939634629,0.010439191569499602,0.010359132637013503,0.011672881563145355,0.02378675159809373,0.02666757488641779,0.019931859148530576,0.0211119776203336,0.021096336713264496,0.021708493434471798,0.02658097485305798,0.03883160312787926,0.02101344211278793,0.017961661868149324,0.018943185985702934,0.02054635220651311,0.02419768540270056,0.026648510589356623,0.020827283968228756,0.034516387957108804,0.02754977422716441,0.022804674006354247,0.022178327660047653,0.019789730455917386,0.013376758359015093,0.00464626257347101,0.016526722068308183,0.019918908030182685,0.02305157774106434,0.0093659862700556,0.04234782919301031,0.021639850667196182,0.02988794864813344,0.04793705867196186,0.04702179851945988,0.052119918171564736,0.03653504183161239,0.018968386409849082,0.02751753929150118,0.024238853776012707,0.02426014874821287,0.02713631695472597,0.01808463737410643,0.013530426196981731,0.01718131128991263,0.01630630864813344,0.022031375235901512,0.02576834415091342
ElcEq,0.016586517610802223,0.012378211520254168,0.009313085992057187,0.009135804384432088,0.010558573305798258,0.021773151173947576,0.025881496114376495,0.018569143599682283,0.019371275024622714,0.019779233493248605,0.020952422792692604,0.0259994271644162,0.03981495875456712,0.01893899672756156,0.016925006868943607,0.01764075210802224,0.0184577840127085,0.022462152667196186,0.024052039498014294,0.018911287135822078,0.02754977422716441,0.03658600715488483,0.02032423124384432,0.019495200965845907,0.017436416374900714,0.012272869242255758,0.002179967053216837,0.014697386414614771,0.01770270192216044,0.01971108907386815,0.008131745556791106,0.041355899361397934,0.019634450293884033,0.028501683266084186,0.04597065886576647,0.04546107207625098,0.048654823567911044,0.03459930683399523,0.016576917490071483,0.022094192305003972,0.021939578725972988,0.022788512768864178,0.025030810503574266,0.016672672895949165,0.012050857893566322,0.015509000044479745,0.015048790017474188,0.02075764772676728,0.02424329037648927
Autos,0.014966373108816523,0.012691048489277202,0.010516036678316125,0.008877563868149325,0.012738643291501194,0.019505702435266087,0.023094070282764095,0.017129350853057976,0.018457914084193804,0.01947772472279587,0.01799329795234313,0.020662637791898336,0.02787162871644162,0.019244900953137408,0.01480782074344718,0.01783378448610008,0.018295501861795068,0.021112447963463066,0.023476608050833993,0.01650438073709293,0.022804674006354247,0.02032423124384432,0.03218398667355044,0.021932199437648923,0.016418026316123907,0.01098730937410643,0.002634917855440829,0.015834096721207308,0.015115604710087372,0.01667825770293884,0.009396249278792694,0.0312561546957903,0.018950073987291503,0.023188689725178718,0.03238141020174742,0.0326738192279587,0.03340159338681493,0.024833182508339952,0.017866830031771246,0.023316686246227167,0.022749697467831606,0.019017345640984902,0.024424043938046067,0.0164235795567911,0.012293242292295472,0.015870777698173154,0.013389192409849088,0.017711006708498813,0.021238947194598887
Aero ,0.016369707882446384,0.013495060880063539,0.010462546233518664,0.010260493423351866,0.01225891912946783,0.01926702770135028,0.022348568003177124,0.015376706833995236,0.017416890668784754,0.019304950878474978,0.019890745934868937,0.019979123717235897,0.028111255158061944,0.018086896457505955,0.014082549178713264,0.018225924930897534,0.017581111440826053,0.019520813785544083,0.022264749814138205,0.01658497525655282,0.022178327660047653,0.019495200965845907,0.021932199437648923,0.062265943313741044,0.017703548270055606,0.011989219580619546,0.004221231675933278,0.01710723459253376,0.015798140222398727,0.01864684998252581,0.008372280486100078,0.02949370466401906,0.018420392899126288,0.02255806359332804,0.0295310490420969,0.030616501356632242,0.030165271234312948,0.022783438560762512,0.01816488649722002,0.022123489328038124,0.02224416977918982,0.018733852241461478,0.02356937489118348,0.016644725601270855,0.012622820203335976,0.01582374730103256,0.013312671345512313,0.016785511895154884,0.021343367107227958
Ships,0.013765931424940427,0.011258048044479742,0.008276138004765687,0.007501955091342335,0.009201992139793488,0.014694711259729938,0.01606428625575854,0.012984392108022241,0.015373686665607622,0.01484468654169976,0.015373608047656865,0.016193646163621917,0.02208343069420175,0.014961751294678315,0.012325556835583796,0.013455637432883243,0.014193690122319297,0.01586159869420175,0.019258022633836375,0.01399020502621128,0.019789730455917386,0.017436416374900714,0.016418026316123907,0.017703548270055606,0.043393958881652116,0.011978139866560763,0.008069029166004767,0.013550228460683081,0.013551285639396343,0.020110603501191416,0.008228565188244637,0.02389428315488483,0.01567303204130262,0.018780858541699766,0.027629742131850668,0.02732388000635425,0.029126032155679115,0.02108986311993645,0.014358472359015089,0.018506144546465444,0.016545658198570297,0.015761659548848294,0.018188423818903888,0.012230580374900712,0.010715700298649723,0.013175714544876885,0.011037006595710884,0.01394332260206513,0.016282543660047655
Guns ,0.00980566461000794,0.0077880306338363806,0.005304626289118348,0.006617498514694201,0.010159937556791102,0.010052069170770455,0.01180713928991263,0.01059233414138205,0.010191850795869737,0.009758556875297857,0.010353041113582206,0.011849135488482924,0.011844773466243049,0.01041865955520254,0.00926231545353455,0.008445831952343138,0.011679442576648132,0.011786737558379666,0.01400437195869738,0.013342274684670372,0.013376758359015093,0.012272869242255758,0.01098730937410643,0.011989219580619546,0.011978139866560763,0.09067611471167591,0.010096354614773628,0.012816782471803019,0.015419986314535344,0.014228733826846703,0.007385909008737093,0.01732425715806195,0.010298564789515487,0.012801886166799045,0.017948938462271635,0.01689509792533757,0.018915098454328833,0.014567000077839554,0.010690088046068306,0.013520004308181094,0.009840769239078631,0.011265643305798254,0.012694947607625101,0.005564375744241465,0.00879436238760921,0.009543271010325654,0.005602831424940428,0.009623512983320093,0.0137201641604448
Gold ,0.01171390900714853,6.960095313739015e-06,0.0016802986973788712,0.004148103018268466,0.002811152216044475,0.007170909245432881,0.006994996806989673,-0.0008989639714058777,0.0047806348530579825,0.004013066417791899,0.005649247672756156,0.005642894837172359,0.002825327513899917,0.0010072302779984138,0.003212992756155678,0.0023235656552819694,0.0008422313264495626,0.0016158878316123895,0.00613654516282764,0.013411216711675934,0.00464626257347101,0.002179967053216837,0.002634917855440829,0.004221231675933278,0.008069029166004767,0.010096354614773628,0.33366540127084987,0.02551703272438443,-0.00028425151707704976,0.019985457950754567,0.00047193764892772017,0.006334306036536934,0.005378654471803018,0.006144174169976171,0.009749388117553609,0.008606151008737089,0.006551043955520251,0.004498562621127877,0.00018076106433677702,0.003323716886417789,0.001684459253375695,0.006384511596505163,0.0018142510722795864,0.003258889928514692,0.0008241985861795068,-0.0011628530420969014,0.008324689563145353,0.00042494756155679044,0.0025715765687053193
Mines,0.013602438875297858,0.0087223973375695,0.007631504994440032,0.007830957601270847,0.011890455269261318,0.014194038376489278,0.013936082760921361,0.011165309979348685,0.014738508873709292,0.016165624015885626,0.012869434036536932,0.014731718061953933,0.019676620432088954,0.015034068911834791,0.011011889861795075,0.013432537988880066,0.013211811075456706,0.016679297471008738,0.018814676994440033,0.014595927980937248,0.016526722068308183,0.014697386414614771,0.015834096721207308,0.01710723459253376,0.013550228460683081,0.012816782471803019,0.02551703272438443,0.06706665359173945,0.009180518903891977,0.015324447726767278,0.007385064695790308,0.021778976435266082,0.01284162320889595,0.016610471758538525,0.02226527903415409,0.022667362325655277,0.02296680502303415,0.017547751253375692,0.013441904289118345,0.019086391885623506,0.015498899247021445,0.014464483281969817,0.01707718779030977,0.01079960108975377,0.010067369687053216,0.012647109588562348,0.010306327358220811,0.014004370735504364,0.015943859879269263
Coal ,0.012231448991262906,0.010195936870532173,0.006519470428911833,0.00735544941223193,0.012069588752978555,0.013954006012708497,0.014982812176330422,0.015281464162033357,0.013162384940428911,0.016408854511517076,0.01689211665607625,0.01792045488482923,0.025433947791898327,0.013782583780778394,0.010861005321683876,0.015316525861795077,0.012635907720413024,0.017396458451151703,0.01772855850675139,0.014609430007942813,0.019918908030182685,0.01770270192216044,0.015115604710087372,0.015798140222398727,0.013551285639396343,0.015419986314535344,-0.00028425151707704976,0.009180518903891977,0.13021772574265286,0.02496525874503574,0.012602274114376488,0.027105863471008747,0.016081206965845907,0.018888526211278785,0.02746603242255758,0.02878854058776807,0.030173472271644155,0.020414437768069896,0.01404286042096902,0.019017068880063544,0.015486890420969027,0.015420778165210485,0.019904388252581413,0.012654279563145352,0.010520588252581413,0.013407589729944401,0.010975884686258935,0.014231539769658456,0.017186059960285938
Oil  ,0.014418641918983321,0.011393196562351071,0.01086827529150119,0.010107323208895949,0.013938328050833993,0.016172979526608424,0.019011093903097694,0.014497049289912625,0.016001586090548053,0.015472863116759333,0.01926204041938046,0.019612555329626684,0.027793175389992056,0.018562541509134233,0.01348058413343924,0.016552177181890386,0.015659637216838763,0.019146569518665616,0.022962682084193806,0.016048019056393966,0.02305157774106434,0.01971108907386815,0.01667825770293884,0.01864684998252581,0.020110603501191416,0.014228733826846703,0.019985457950754567,0.015324447726767278,0.02496525874503574,0.052702953226370135,0.013266892937251785,0.024102788282764097,0.016519630436854647,0.020524002395552014,0.02642505577124702,0.026619629127879272,0.027917757979348697,0.022578336514694198,0.015508012708498803,0.020918307240667195,0.018598735129467834,0.017810930173153293,0.018140880438443203,0.013662345836378079,0.01087164116282764,0.013891013127879267,0.012834461680698963,0.014158613776012702,0.018637455212073068
Util ,0.00636933962192216,0.006908431110405082,0.006063113389992057,0.005459618435266083,0.009215088819698174,0.005594405389992056,0.008140982864177918,0.0074431302652899125,0.007937314179507543,0.007165310187450355,0.008297904195393169,0.006750637410643365,0.01179446472915012,0.009449939618745035,0.0058977178999205715,0.00870945273073868,0.007310135761715647,0.008853909297855442,0.009374346223987291,0.006377794208101668,0.0093659862700556,0.008131745556791106,0.009396249278792694,0.008372280486100078,0.008228565188244637,0.007385909008737093,0.00047193764892772017,0.007385064695790308,0.012602274114376488,0.013266892937251785,0.017355794711675934,0.009860936697378872,0.007659211763304209,0.008310315269261315,0.008784059256552817,0.008928523977760125,0.010585824633836378,0.008715146082605244,0.007979922724384435,0.011064152235107224,0.009160269540905479,0.006895433409054805,0.008888337679110405,0.006337368738681494,0.0058144398300238286,0.009149992741858617,0.0047901190818109615,0.006940057558379667,0.008024319283558378
Telcm,0.026034504324066718,0.017772042738681493,0.013142585733121524,0.013721317625099283,0.013483692028594126,0.037008768567116754,0.043238047677521846,0.030141457953931694,0.03004680081969817,0.03100148578713264,0.032606101844320896,0.04060085037331215,0.06324129411755361,0.02697189593328038,0.02541176552501986,0.02433461965687053,0.027177911837966633,0.03406919657347101,0.03742004471485306,0.028169577274027004,0.04234782919301031,0.041355899361397934,0.0312561546957903,0.02949370466401906,0.02389428315488483,0.01732425715806195,0.006334306036536934,0.021778976435266082,0.027105863471008747,0.024102788282764097,0.009860936697378872,0.08854434727720412,0.030959189237490074,0.047724235015091335,0.07906055511040512,0.08136207778236695,0.08289193157585385,0.055751888830818094,0.02441288790309769,0.03552191487212072,0.03413488380619539,0.03630632796028594,0.041635548100079425,0.025351966546465446,0.019316937812549638,0.023161079223193014,0.022537832568705334,0.03521258864654487,0.03814354600317713
PerSv,0.015326002223987294,0.011479531882446386,0.009263616942017475,0.009755529618745038,0.01189748073073868,0.018494077100873706,0.021584602025417003,0.017016688848292293,0.016827837934868937,0.017593708538522636,0.019226743105639394,0.02070755582208102,0.02850477538522637,0.016162091612390784,0.0146476322954726,0.01593121904686259,0.015820586576648137,0.019531010397140586,0.020570891660047667,0.01632999687053217,0.021639850667196182,0.019634450293884033,0.018950073987291503,0.018420392899126288,0.01567303204130262,0.010298564789515487,0.005378654471803018,0.01284162320889595,0.016081206965845907,0.016519630436854647,0.007659211763304209,0.030959189237490074,0.03092040501191422,0.02318055305798252,0.032376165830023826,0.03456621585385225,0.03366861405083399,0.024354766012708494,0.015290924138204924,0.020068404225575855,0.02004059933280381,0.01900378825258141,0.0227532456791104,0.015613689777601272,0.0118859464892772,0.01446064992057188,0.013548246243050038,0.016932756687847494,0.01916927503574265
BusSv,0.020054882389197764,0.0141148021096108,0.010785709194598888,0.01095702254169976,0.012152284041302622,0.02617213792851469,0.030211566522637012,0.021503633143764894,0.0224276389070691,0.02275931092295472,0.02488258605559968,0.029748599396346304,0.04457682499444003,0.02049275364575059,0.019071380263701355,0.018866907558379664,0.020252699926926132,0.02470327950119142,0.026933860835583787,0.020611381394757742,0.02988794864813344,0.028501683266084186,0.023188689725178718,0.02255806359332804,0.018780858541699766,0.012801886166799045,0.006144174169976171,0.016610471758538525,0.018888526211278785,0.020524002395552014,0.008310315269261315,0.047724235015091335,0.02318055305798252,0.03650296877521842,0.05156283771882446,0.05376183064019061,0.053454134573471014,0.03742311481810963,0.01842415575853852,0.025953110570293883,0.02495137660365369,0.02619015533280381,0.029497854357426523,0.019167659860206507,0.014303632130262112,0.017640591297855442,0.016846940054011116,0.023506869652104842,0.027874808003177123
Hardw,0.027769258243050036,0.018565124111199365,0.013642915485305801,0.01465939426528991,0.013284120324066716,0.0394975996918189,0.044799344791104055,0.031069108123907865,0.032164363132644966,0.03093601970770453,0.03401556244956314,0.045579484924543286,0.06979887049086575,0.02871057038919778,0.027183894767275618,0.02513483477045274,0.02934045910087372,0.03642267661000795,0.03960742188403494,0.030704388384432086,0.04793705867196186,0.04597065886576647,0.03238141020174742,0.0295310490420969,0.027629742131850668,0.017948938462271635,0.009749388117553609,0.02226527903415409,0.02746603242255758,0.02642505577124702,0.008784059256552817,0.07906055511040512,0.032376165830023826,0.05156283771882446,0.09953205719459884,0.0914517125782367,0.0966426131437649,0.06391194970293886,0.025930567895154882,0.037408629585385225,0.035274517572676724,0.04020469198093724,0.04287870407942812,0.026773925245432886,0.018905501073868153,0.023117742243050046,0.024140640705321677,0.03663699371882446,0.040918631577442396
Softw,0.028192344603653694,0.019428024552819702,0.01439881289277204,0.014900998125496423,0.014202788225575849,0.04108366600794281,0.04717957762033361,0.032818223555202544,0.03282198634471803,0.03305435223510722,0.03607148953772836,0.047030356854646536,0.0720158911644162,0.028629942621127877,0.027791759733121525,0.02591319900873709,0.029618692943606032,0.03663734384749801,0.039170108231930095,0.030668898039714065,0.04702179851945988,0.04546107207625098,0.0326738192279587,0.030616501356632242,0.02732388000635425,0.01689509792533757,0.008606151008737089,0.022667362325655277,0.02878854058776807,0.026619629127879272,0.008928523977760125,0.08136207778236695,0.03456621585385225,0.05376183064019061,0.0914517125782367,0.0982285096997617,0.09392923146624306,0.06288938207466242,0.025943489372517867,0.03783225570770453,0.036523756098490866,0.04143777068149325,0.04528316631612391,0.027612065391580624,0.019976835761715647,0.024122142786338358,0.02520023511993646,0.03723812411755362,0.042010549223193014
Chips,0.027581650427323277,0.018894048590945196,0.013515664532168384,0.015063979324861006,0.012832114446386017,0.03986002077998411,0.04555161077204131,0.03220043484352661,0.03271112704050833,0.031434681860206516,0.03438325262430499,0.046204094630659255,0.0724390191564734,0.030011381556791103,0.02753362857188245,0.02608652218903892,0.030204129331215246,0.03725430775377283,0.04134707233677522,0.031997879742652884,0.052119918171564736,0.048654823567911044,0.03340159338681493,0.030165271234312948,0.029126032155679115,0.018915098454328833,0.006551043955520251,0.02296680502303415,0.030173472271644155,0.027917757979348697,0.010585824633836378,0.08289193157585385,0.03366861405083399,0.053454134573471014,0.0966426131437649,0.09392923146624306,0.10950722894201743,0.06961351291977759,0.026432013431294678,0.038960915876092135,0.03702076109928514,0.041137268096902296,0.0440387910929309,0.02640094588880063,0.019312934139793486,0.024145954927720415,0.024339300705321688,0.03871573404447975,0.04133838391262907
LabEq,0.020991946541699766,0.014524864870532169,0.011195670486100078,0.010978090937251784,0.01224765996505163,0.028675262044479746,0.03297303230659253,0.023569721394757735,0.024085131316918192,0.022992983966640186,0.026338665002382834,0.03401902489277203,0.05357947949642574,0.022404978061953934,0.020837519113582205,0.02097866726926132,0.022278907606036537,0.027544881917394754,0.029481161480540117,0.023258330525814132,0.03653504183161239,0.03459930683399523,0.024833182508339952,0.022783438560762512,0.02108986311993645,0.014567000077839554,0.004498562621127877,0.017547751253375692,0.020414437768069896,0.022578336514694198,0.008715146082605244,0.055751888830818094,0.024354766012708494,0.03742311481810963,0.06391194970293886,0.06288938207466242,0.06961351291977759,0.05490676850039714,0.019550079769658456,0.028765542061953937,0.02655054065766481,0.029364150181096102,0.03118634977124702,0.019844325097696586,0.014139623156473394,0.01825341213502779,0.017931061601270847,0.02653467783478952,0.030802842066719616
