,Agric,Food ,Soda ,Beer ,Smoke,Toys ,Fun  ,Books,Hshld,Clths,Hlth ,MedEq,Drugs,Chems,Rubbr,Txtls,BldMt,Cnstr,Steel,FabPr,Mach ,ElcEq,Autos,Aero ,Ships,Guns ,Gold ,Mines,Coal ,Oil  ,Util ,Telcm,PerSv,BusSv,Hardw,Softw,Chips,LabEq,Paper,Boxes,Trans,Whlsl,Rtail,Meals,Banks,Insur,RlEst,Fin  ,Other
Agric,0.06010986888641777,0.008839349947577445,0.008513092772041302,0.00795163041143765,0.010622139640984907,0.01576936160127085,0.018844813648927712,0.012770926239872915,0.014464018522637016,0.013713319428117557,0.01629161323590151,0.018162629928514695,0.025379451285146938,0.012882774703733122,0.013159282503574267,0.013857434058776806,0.012982509382049243,0.015522688946783164,0.016480017073868147,0.01461824753613979,0.01674057863065925,0.015456617143764891,0.014743447104050832,0.016015702551231133,0.012774968864177921,0.011179985696584594,0.010925642490865767,0.014339672495631456,0.011971247466243048,0.013823953512311356,0.007110417569499602,0.02580896775218428,0.01527873279110405,0.019804480838760914,0.026636817404289113,0.02751623245115171,0.026658742386020652,0.020530979850675136,0.012009212880063543,0.014784516975377285,0.01582619679745831,0.01628126858776807,0.01803316458776807,0.013692801391580623,0.009841342938840349,0.012071399301032567,0.010453970611596504,0.013675926443208895,0.01712817951389992
Food ,0.008839349947577445,0.01605029460047657,0.0071800553375694996,0.00770579966163622,0.009748050662430502,0.011576295073868146,0.014057287920571883,0.011664830220810166,0.012248058610007946,0.012606224130262111,0.012843638182684667,0.01275028720413026,0.018605066849880857,0.01224886032247816,0.009835947693407466,0.011199058927720414,0.010978209440826054,0.013649802233518667,0.014185209188244636,0.010900125150119143,0.014205489069102462,0.012508810922954725,0.013414438913423352,0.013313181045274026,0.010999345639396346,0.00730502204606831,-0.0012390846957903061,0.009404991855440826,0.011756603065925337,0.011186878670373313,0.007783367918983319,0.018727892573471006,0.01169673622875298,0.014267318092136617,0.018730750227164413,0.01946198203177125,0.0193580313121525,0.014702251887212074,0.01107906001429706,0.014097279178713264,0.013625407787132641,0.011753093857029388,0.014913898084193801,0.010201343237490071,0.008381106552819697,0.011534004781572677,0.008804015242255759,0.011134878305003969,0.013265224451151709
Soda ,0.008513092772041302,0.0071800553375694996,0.04447780237490071,0.009190652922954725,0.01104342176330421,0.009346081628276407,0.010812188196981733,0.009749009944400318,0.009727064678316126,0.010165593280381257,0.010825049944400315,0.009849525869737885,0.01409523715647339,0.009374286235107228,0.007925032065131057,0.011548257974583002,0.009124233828435264,0.010615836171564733,0.011985778713264493,0.0054423101985702944,0.010957913971405879,0.009493911358220806,0.011279751961874505,0.009362281334392373,0.008164057410643365,0.004197208435266082,-0.0022750554408260543,0.008763556576648134,0.008497504003177125,0.010789126473391579,0.007090167378872119,0.014334837577442411,0.009941909896743447,0.011012668840349477,0.014009299571088171,0.014672443439237489,0.01438285530579825,0.01175114791898332,0.009403024868943607,0.012560035512311359,0.010507089007148529,0.009610349920571882,0.012291467037331217,0.007863203081810962,0.006981107092930896,0.00983167289912629,0.007525366632247815,0.00893494739475774,0.00908183498014297
Beer ,0.00795163041143765,0.00770579966163622,0.009190652922954725,0.03219667624940429,0.008660903675933283,0.008905812030182687,0.010548538017474187,0.00855895349960286,0.008788047426528991,0.011375596044479746,0.010743794300238283,0.01078554874503574,0.014375804851469422,0.009094521177124702,0.008070893027799843,0.008241474876886416,0.00865353256711676,0.010158985324860998,0.01135640214138205,0.007157939942811756,0.011079353952343128,0.00968278121048451,0.010249897461477362,0.01010562515647339,0.007774358125496424,0.005545221709293087,0.0018808095758538514,0.008380496872120731,0.009469251898332007,0.010094430549642574,0.006897209571088167,0.014778411175536141,0.01069155369658459,0.011365225135822077,0.015220309445591737,0.015330273126290704,0.01595743626211279,0.011794847579030977,0.009504032189038917,0.008202661590150914,0.011053694954725973,0.010104042050833996,0.012776771132644953,0.008441710525814137,0.006469225059571089,0.009100875790309769,0.006989144392374902,0.008766427515488482,0.01121900616997617
Smoke,0.010622139640984907,0.009748050662430502,0.01104342176330421,0.008660903675933283,0.10482265452581414,0.010687533483717234,0.015258017366163619,0.010481429051628275,0.011113064177918984,0.012214620714853061,0.015053944832406673,0.012486856489277208,0.019245977957108817,0.014526069540905476,0.010510231510722796,0.009779878665607625,0.010149117483717232,0.01142533469737887,0.013775915723590151,0.007425464597299445,0.012549951593328036,0.011259903116759333,0.014376768533756952,0.012433060994440031,0.00944329267672756,0.008235883043685463,-0.0006826684861000841,0.013831890319301033,0.015182349769658458,0.013932116721207309,0.011278238411437649,0.01475199393169182,0.0131157914725973,0.012710607955520252,0.014640513512311352,0.01486597713741065,0.0142055669451946,0.012763981343923748,0.012151697232724383,0.016694100772041302,0.012865054875297856,0.011598916403494839,0.014131129353455124,0.008574270176330423,0.008833906179507543,0.012439498046068307,0.006861956282764097,0.010308348428911833,0.012903940308181093
Toys ,0.01576936160127085,0.011576295073868146,0.009346081628276407,0.008905812030182687,0.010687533483717234,0.04560429904845115,0.026666611586973782,0.019064990208101668,0.019269760389197782,0.021362199761715644,0.02013122202382843,0.02432594323272438,0.03394905604130261,0.019019845698173152,0.01697803581731533,0.018724894146147735,0.01823930712787927,0.02250064964892772,0.02306036669737887,0.018321735850675144,0.02517807487053217,0.02249087435107228,0.021378947996822873,0.019648504546465446,0.015088649118347898,0.009640650741858617,0.0052804710659253365,0.015571544856235109,0.017000729737887212,0.016124657564733906,0.00754806750595711,0.039758127791898336,0.01971421735345512,0.0271337238141382,0.04089768939158061,0.042443026355837965,0.0420104028737093,0.030020432751389995,0.01672809032724384,0.022998888859412227,0.02173583716918189,0.022624064522637002,0.025805377849086576,0.017288359764892774,0.011999543550436854,0.014598013423351864,0.013396512414614772,0.020468008017474188,0.023638656756155674
Fun  ,0.018844813648927712,0.014057287920571883,0.010812188196981733,0.010548538017474187,0.015258017366163619,0.026666611586973782,0.047763979405877684,0.02256747539952342,0.022397187402700552,0.023800842605242255,0.024680544838760917,0.02853111960285941,0.04129373959015091,0.02181922592216044,0.01910928527084988,0.020964616155679103,0.021308031355043684,0.025834402408260525,0.027070309744241457,0.02128669631771247,0.028729638243050033,0.02716439176489277,0.025597642122319297,0.023354353658459094,0.016583725687053213,0.011959596295472594,0.004597482071485306,0.015666952308181093,0.01892963637807784,0.019608900743447184,0.01040212494042891,0.04681319099285148,0.023065727809372518,0.03170572145194599,0.04683213920254171,0.048942800721207304,0.04833710650675139,0.034806029766481325,0.02010235500238284,0.026886219059571084,0.026662722433677517,0.025520353324861,0.030379931571088165,0.020565877057982525,0.014284604082605245,0.01878228552819698,0.01630844907069102,0.023942512594122323,0.028782651297855438
Books,0.012770926239872915,0.011664830220810166,0.009749009944400318,0.00855895349960286,0.010481429051628275,0.019064990208101668,0.02256747539952342,0.03364151551389992,0.017417529150119144,0.0183888533121525,0.018945557655281973,0.019951338109610806,0.029382754452740266,0.017409552012708496,0.015236576063542492,0.0179187530420969,0.016411652981731535,0.019837370840349484,0.020385956339952337,0.015605821267672758,0.02210972688800636,0.02003798812390786,0.019848875431294672,0.01679720055917395,0.013911562922954724,0.011333149312152499,-0.0032622627227958693,0.013044444594122318,0.01920823768069897,0.015268761957108811,0.009723450262112786,0.033915361397934864,0.01897969589197776,0.023381002090548046,0.033619920463860205,0.03502696923907863,0.03553691352501986,0.025745033188244636,0.015969798659253378,0.021831733776012708,0.02002773157744242,0.018797514236695793,0.023221743250198566,0.014790565833200956,0.011782255631453534,0.015000901159650519,0.012400173788721205,0.018403615777601266,0.021225590799046862
Hshld,0.014464018522637016,0.012248058610007946,0.009727064678316126,0.008788047426528991,0.011113064177918984,0.019269760389197782,0.022397187402700552,0.017417529150119144,0.02680408215250199,0.018731564463860206,0.01832305181890389,0.020237788808578232,0.02908437297855441,0.018583205504368545,0.01533689735504369,0.0185752985146942,0.017337002883240665,0.02149409494837172,0.02264969566322477,0.017611551564733912,0.02293715301826846,0.020435403145353456,0.020732074027005557,0.018255138776806987,0.01585423272438443,0.010686218983320096,0.0026677586973788696,0.016332084328832406,0.01624090918189039,0.016568254479745827,0.009758202962668784,0.03290508164416203,0.018358829928514696,0.02369413651310564,0.03380409436060366,0.03438155073073867,0.03520625654487688,0.025670431858617955,0.017239523518665607,0.022628480182684665,0.021414842335186656,0.019527902263701352,0.023688699698173145,0.01608790818109611,0.012160550015885622,0.015709057362986494,0.012388827474185859,0.018106361628276408,0.020956388625893566
Clths,0.013713319428117557,0.012606224130262111,0.010165593280381257,0.011375596044479746,0.012214620714853061,0.021362199761715644,0.023800842605242255,0.0183888533121525,0.018731564463860206,0.03602985096108021,0.01889251904686259,0.019995335456711675,0.029012077521842733,0.0187339843208896,0.015792910484511518,0.01894603162827641,0.01766219922160445,0.02189919326449563,0.023085856203335982,0.016318922478157267,0.022680994646544876,0.020835443653693407,0.021677371818903887,0.019929551580619542,0.015346499761715645,0.01004176514694202,0.002262023002382842,0.017629245067513906,0.01906389054805401,0.01573218978554408,0.008789234964257344,0.03355686787926926,0.018782981540905484,0.02396302066719618,0.03279234154090547,0.034667021080222384,0.033926859332803816,0.024352314455917394,0.016909519412231924,0.022883848816521044,0.023009170770452735,0.0202663671644162,0.026769746783161245,0.01685929127879269,0.012099514138204924,0.01580412978554408,0.014018590675138994,0.018366637029388403,0.022090306910246226
Hlth ,0.01629161323590151,0.012843638182684667,0.010825049944400315,0.010743794300238283,0.015053944832406673,0.02013122202382843,0.024680544838760917,0.018945557655281973,0.01832305181890389,0.01889251904686259,0.038023169016679896,0.023712613248610005,0.03546642155996822,0.017998656756155678,0.015932427526608423,0.017959002986497226,0.016734082077839555,0.021091248381254965,0.022237605502779978,0.01753872211596505,0.023349690586179507,0.021489386427323273,0.019755573782366958,0.02035235130738681,0.01562509887212073,0.009937699011914214,0.0036852727942811776,0.014099693293089752,0.019656879745830014,0.01934068684352661,0.009917940619539314,0.03532928756155679,0.01982587986656077,0.026030290300238287,0.03569923191104051,0.03744098072120731,0.03676198420333598,0.027784699170770446,0.016723824692613187,0.021002821108816516,0.0211497088355838,0.021003268034948376,0.02443878275456712,0.016707560457505957,0.013132685401111998,0.017246715552025414,0.013830384876886417,0.018661401569499605,0.022806594363780776
MedEq,0.018162629928514695,0.01275028720413026,0.009849525869737885,0.01078554874503574,0.012486856489277208,0.02432594323272438,0.02853111960285941,0.019951338109610806,0.020237788808578232,0.019995335456711675,0.023712613248610005,0.034986576195393165,0.04392688675138998,0.018901956481334393,0.017919166775218424,0.0178653550675139,0.01843925368546465,0.02300964376489277,0.024623828435266077,0.01999075582208101,0.02727260185067514,0.02621127517077045,0.021709565814138205,0.019600228308181096,0.015517347355043683,0.01144507324861001,0.0035699206989674315,0.01545395940428912,0.019963773836378075,0.019415476179507545,0.00792010415409055,0.04233942922160444,0.021458914312946782,0.030127007966640192,0.04591034049245433,0.047450202676727574,0.04708956574265289,0.03467487223987291,0.0170887598649722,0.02308241244638602,0.021988683764892773,0.024368804249404286,0.02616879402700556,0.01754349340746624,0.012429975845909453,0.015719371548848293,0.014562054257347098,0.020950316735504362,0.02621729594916601
Drugs,0.025379451285146938,0.018605066849880857,0.01409523715647339,0.014375804851469422,0.019245977957108817,0.03394905604130261,0.04129373959015091,0.029382754452740266,0.02908437297855441,0.029012077521842733,0.03546642155996822,0.04392688675138998,0.08254253592374898,0.028168938468625886,0.024537669969817315,0.02534634190627482,0.025890404298649725,0.03382771541223192,0.03477059807466243,0.027482946281175535,0.04016659570770453,0.04054188986814932,0.02963286832724384,0.02843177390945194,0.022282478506751392,0.011833153194598888,0.00013455168864177883,0.02090762170929309,0.028569702176330414,0.027703593210484517,0.014086910135027799,0.0659931867672756,0.02960683051945988,0.04553085604130262,0.07097834887370928,0.07307501921842731,0.07458044092454329,0.0548057739571088,0.024300174389197772,0.034352277499602846,0.03232370272279587,0.035187524108022235,0.037435840203335985,0.024289809270849876,0.01782934673550437,0.023900760127084985,0.021567562589356635,0.03157688788880063,0.039096001404289114
Chems,0.012882774703733122,0.01224886032247816,0.009374286235107228,0.009094521177124702,0.014526069540905476,0.019019845698173152,0.02181922592216044,0.017409552012708496,0.018583205504368545,0.0187339843208896,0.017998656756155678,0.018901956481334393,0.028168938468625886,0.028651754247815724,0.015565783382049248,0.01867211158856235,0.01747321863224782,0.020852171466243054,0.024172607961874506,0.016066857197776015,0.02339665624622716,0.020403722236695787,0.02221559324543288,0.019497828028594122,0.016173414042891184,0.010291265725178711,-0.0013508435710881655,0.017046863254964253,0.01752779270849881,0.019344183366163625,0.012013562883240668,0.03055534955520255,0.0179802624432089,0.02223855484829229,0.03123415387450357,0.030721460725972986,0.03330483137887212,0.02461179836219222,0.0198839617426529,0.025346183302621127,0.02205305986656076,0.018834786670373308,0.02302808818427323,0.015427570459094523,0.012087801818903893,0.016538908705321684,0.011573801151707704,0.01796780879904686,0.02116719710246227
Rubbr,0.013159282503574267,0.009835947693407466,0.007925032065131057,0.008070893027799843,0.010510231510722796,0.01697803581731533,0.01910928527084988,0.015236576063542492,0.01533689735504369,0.015792910484511518,0.015932427526608423,0.017919166775218424,0.024537669969817315,0.015565783382049248,0.028679119648927713,0.013659955877680699,0.01424098724225576,0.01778425851945989,0.019191861178713264,0.014119339453534554,0.01951582993963463,0.01791030584273233,0.016740525731532962,0.014691058084193806,0.012890672692613184,0.009682034525814136,0.0006190219729944391,0.012094995073868152,0.01351054737092931,0.01380801475615568,0.007715714654487688,0.027587146060365372,0.015859442745035743,0.020087832052422552,0.028724172905480534,0.02897193935980937,0.029878752109610798,0.022202437281969818,0.013808413529785542,0.018935932532168385,0.01792150189992057,0.017073603064336768,0.019486731488482924,0.013585647059571089,0.009930073367752182,0.012369284463860207,0.01142008077045274,0.015010266209690228,0.017516162630659252
Txtls,0.013857434058776806,0.011199058927720414,0.011548257974583002,0.008241474876886416,0.009779878665607625,0.018724894146147735,0.020964616155679103,0.0179187530420969,0.0185752985146942,0.01894603162827641,0.017959002986497226,0.0178653550675139,0.02534634190627482,0.01867211158856235,0.013659955877680699,0.053587899722001585,0.0179449837887212,0.021543434392374897,0.02296114827640985,0.01569254282764098,0.021914902565528194,0.019785509833200952,0.021045457410643367,0.019834303224781566,0.01441548886417792,0.00992979169181891,0.0008922030500397134,0.015843422883240667,0.019855400969023034,0.018161279261318504,0.011487282962668785,0.029022101247021447,0.01836751234312947,0.02109555576648134,0.028241013979348684,0.028845471588562353,0.02985038833200954,0.023881927077045267,0.017711493145353457,0.023682038149324864,0.020318154805401112,0.01833561152501986,0.0220899871644162,0.01570652416203336,0.011293729968228755,0.014651346957903093,0.012261851842732326,0.017340599880857822,0.0190809546624305
BldMt,0.012982509382049243,0.010978209440826054,0.009124233828435264,0.00865353256711676,0.010149117483717232,0.01823930712787927,0.021308031355043684,0.016411652981731535,0.017337002883240665,0.01766219922160445,0.016734082077839555,0.01843925368546465,0.025890404298649725,0.01747321863224782,0.01424098724225576,0.0179449837887212,0.02188511894996028,0.020108331974583,0.021596069375695,0.01634607365528197,0.022262511702938834,0.019527019202541705,0.020584131100873707,0.018907619037331215,0.014627310976965844,0.011886300101667992,-0.0008634355011914222,0.014858297107227959,0.015634593598093723,0.01604445629706116,0.009329476799046861,0.029932499563145344,0.016880326716441615,0.021528812751389986,0.0311670442319301,0.031242182711675927,0.03274901401588562,0.023717250069896736,0.016474353180301823,0.021750514692613184,0.019918304187450362,0.018429527274027004,0.021903814760921365,0.014833925979348692,0.011206814670373313,0.014869686401906274,0.01194265031771247,0.017031848973788715,0.02064012955679111
Cnstr,0.015522688946783164,0.013649802233518667,0.010615836171564733,0.010158985324860998,0.01142533469737887,0.02250064964892772,0.025834402408260525,0.019837370840349484,0.02149409494837172,0.02189919326449563,0.021091248381254965,0.02300964376489277,0.03382771541223192,0.020852171466243054,0.01778425851945989,0.021543434392374897,0.020108331974583,0.04123397686417792,0.025902757972994444,0.020116800400317717,0.027017300959491657,0.023935165839555197,0.02460465336934075,0.021334913213661634,0.016682003685464655,0.012391683316918192,-9.323567275615405e-05,0.018839729146942017,0.021315223987291496,0.020366913293089754,0.01172879528196982,0.03799344786338362,0.02168646820651311,0.02659872351707705,0.03918168093407466,0.03915050420015886,0.0410653602319301,0.030015721267672754,0.019641287170770447,0.02629674284034949,0.02450318222716441,0.022349888130262115,0.027272259736298647,0.01776331013185067,0.01316518746624305,0.017755552756155677,0.013383343844320893,0.021839579599682284,0.02589206813661636
Steel,0.016480017073868147,0.014185209188244636,0.011985778713264493,0.01135640214138205,0.013775915723590151,0.02306036669737887,0.027070309744241457,0.020385956339952337,0.02264969566322477,0.023085856203335982,0.022237605502779978,0.024623828435266077,0.03477059807466243,0.024172607961874506,0.019191861178713264,0.02296114827640985,0.021596069375695,0.025902757972994444,0.03977107668943606,0.01941206542970612,0.029213382710087374,0.025483338719618748,0.02678011152343129,0.023323376730738678,0.020313966195393166,0.013643508486100075,0.003276370446386024,0.021205031027799838,0.022538823669579027,0.02371562737410643,0.012060000000000001,0.04133430433677523,0.021983603056393963,0.0286322819952343,0.04218560751707704,0.04147691224146147,0.04506470748848292,0.03167343271167593,0.02168654865131056,0.029283245451945987,0.026802689861795074,0.02428219293407466,0.02752209556155679,0.01928710229070691,0.014229397362986495,0.01863040594122319,0.015570843526608414,0.02235887153613979,0.02590819470691024
FabPr,0.01461824753613979,0.010900125150119143,0.0054423101985702944,0.007157939942811756,0.007425464597299445,0.018321735850675144,0.02128669631771247,0.015605821267672758,0.017611551564733912,0.016318922478157267,0.01753872211596505,0.01999075582208101,0.027482946281175535,0.016066857197776015,0.014119339453534554,0.01569254282764098,0.01634607365528197,0.020116800400317717,0.01941206542970612,0.05651145144400317,0.02205551583478951,0.019951367294678314,0.01778317469737887,0.017209208444797456,0.013812376203335985,0.013679633099285144,0.014148373992057192,0.01580760630023829,0.01670132416203336,0.01659763139952343,0.007469162621127878,0.03066579426528991,0.01706223337887212,0.021518372292295473,0.03270907754725973,0.032313216581413826,0.034192945134233516,0.024576093702938846,0.014899206414614775,0.020024812718030183,0.017980656019062746,0.01853873500555997,0.02123565157744241,0.01386498782525814,0.01056999579030977,0.013825990055599677,0.011850205067513898,0.01632323514853058,0.019249912984908656
Mach ,0.01674057863065925,0.014205489069102462,0.010957913971405879,0.011079353952343128,0.012549951593328036,0.02517807487053217,0.028729638243050033,0.02210972688800636,0.02293715301826846,0.022680994646544876,0.023349690586179507,0.02727260185067514,0.04016659570770453,0.02339665624622716,0.01951582993963463,0.021914902565528194,0.022262511702938834,0.027017300959491657,0.029213382710087374,0.02205551583478951,0.03720755407625098,0.02878230933121525,0.025737451348689433,0.02335769968546465,0.02055774366957903,0.013158535825258144,0.0018868032343129456,0.018758665872915015,0.024120421620333597,0.023804625888800633,0.01186127335186656,0.04628229548054011,0.023350033143764888,0.03164967634789516,0.05032125218745035,0.04912494546624305,0.055698292722795875,0.03886044352184272,0.02111052422716441,0.03044965772359015,0.026791536295472596,0.02590097680222399,0.02917662410802224,0.019198737493248613,0.01431516645750596,0.018934605607625093,0.016390947617156475,0.024543115563145347,0.027784252022239872
ElcEq,0.015456617143764891,0.012508810922954725,0.009493911358220806,0.00968278121048451,0.011259903116759333,0.02249087435107228,0.02716439176489277,0.02003798812390786,0.020435403145353456,0.020835443653693407,0.021489386427323273,0.02621127517077045,0.04054188986814932,0.020403722236695787,0.01791030584273233,0.019785509833200952,0.019527019202541705,0.023935165839555197,0.025483338719618748,0.019951367294678314,0.02878230933121525,0.037993612988085776,0.022128309795075456,0.020495549146942012,0.0176061551389992,0.012394449544082604,0.0008108348594122303,0.015551391942811753,0.02029501639396347,0.01976187241938046,0.009977668975377283,0.04362448216044479,0.020713466332009534,0.029427748187450354,0.04727717043367754,0.04662548143606036,0.05065112196346306,0.0359160842065131,0.017842696082605244,0.02397173046544877,0.023501479129467834,0.023734090719618746,0.026207398799046853,0.017399956200158852,0.012447921810961077,0.0164572490548054,0.014671293788721208,0.022185171545671165,0.025440426007942808
Autos,0.014743447104050832,0.013414438913423352,0.011279751961874505,0.010249897461477362,0.014376768533756952,0.021378947996822873,0.025597642122319297,0.019848875431294672,0.020732074027005557,0.021677371818903887,0.019755573782366958,0.021709565814138205,0.02963286832724384,0.02221559324543288,0.016740525731532962,0.021045457410643367,0.020584131100873707,0.02460465336934075,0.02678011152343129,0.01778317469737887,0.025737451348689433,0.022128309795075456,0.036351044791104056,0.02363666419062748,0.0176497397299444,0.011252744127084985,0.00039882021286735534,0.018516037756949957,0.019972264336775212,0.017696003825258138,0.012698949197776014,0.03561736419380461,0.021092154560762508,0.02540918793328039,0.03541388029864971,0.03536222806036537,0.03760212326608419,0.02751556757426529,0.020676274986497215,0.0270529711008737,0.025834808883240665,0.02106284903574265,0.02715512315170771,0.0182435675107228,0.013346590309769658,0.01825096800635425,0.013623236759332805,0.020347095421763304,0.02397510003494837
Aero ,0.016015702551231133,0.013313181045274026,0.009362281334392373,0.01010562515647339,0.012433060994440031,0.019648504546465446,0.023354353658459094,0.01679720055917395,0.018255138776806987,0.019929551580619542,0.02035235130738681,0.019600228308181096,0.02843177390945194,0.019497828028594122,0.014691058084193806,0.019834303224781566,0.018907619037331215,0.021334913213661634,0.023323376730738678,0.017209208444797456,0.02335769968546465,0.020495549146942012,0.02363666419062748,0.06196849071326449,0.017503157394757742,0.012194474478157264,0.001938591726767278,0.018523400101667985,0.018857955202541698,0.018422400991262904,0.010140614964257345,0.031294029197776005,0.019328434389197777,0.023097005166004762,0.03015357859253375,0.031079332822875293,0.03188814488959492,0.023658138433677523,0.019524919891977764,0.023777021356632243,0.023756869286735503,0.019547789680698965,0.024380136857823666,0.017383154287529786,0.01278145696584591,0.016920776711675932,0.012986271135822082,0.018089879847498005,0.02208216196346306
Ships,0.012774968864177921,0.010999345639396346,0.008164057410643365,0.007774358125496424,0.00944329267672756,0.015088649118347898,0.016583725687053213,0.013911562922954724,0.01585423272438443,0.015346499761715645,0.01562509887212073,0.015517347355043683,0.022282478506751392,0.016173414042891184,0.012890672692613184,0.01441548886417792,0.014627310976965844,0.016682003685464655,0.020313966195393166,0.013812376203335985,0.02055774366957903,0.0176061551389992,0.0176497397299444,0.017503157394757742,0.0455314080381255,0.011722137283558379,0.006090553772835578,0.014212707926926131,0.01608017204130262,0.01944454417791898,0.009604732803812552,0.025794892136616364,0.016042245941223193,0.019145789070691022,0.028558279301032562,0.02770958573471009,0.030700973852263697,0.021581348054011122,0.015084089499602861,0.020162147704527397,0.01743235920571882,0.016256876282764097,0.018599945861795072,0.012492462652899125,0.01087970268467037,0.014134287688641778,0.010867905321683876,0.015240289467831614,0.016649836155679113
Guns ,0.011179985696584594,0.00730502204606831,0.004197208435266082,0.005545221709293087,0.008235883043685463,0.009640650741858617,0.011959596295472594,0.011333149312152499,0.010686218983320096,0.01004176514694202,0.009937699011914214,0.01144507324861001,0.011833153194598888,0.010291265725178711,0.009682034525814136,0.00992979169181891,0.011886300101667992,0.012391683316918192,0.013643508486100075,0.013679633099285144,0.013158535825258144,0.012394449544082604,0.011252744127084985,0.012194474478157264,0.011722137283558379,0.09557919047498016,0.01085345183796664,0.0136894711898332,0.015541025671167592,0.01380165924384432,0.007779516838760923,0.01749740204924543,0.010323930115965049,0.012516344276409847,0.016957371825258142,0.016457960702144562,0.018680100489277204,0.014447903501191421,0.010675308374900718,0.013838808282764098,0.009481556721207306,0.011298496447974581,0.012682735110405083,0.006131429458300242,0.008449901588562351,0.00920585407466243,0.005888724781572679,0.00956023395393169,0.013503918341540902
Gold ,0.010925642490865767,-0.0012390846957903061,-0.0022750554408260543,0.0018808095758538514,-0.0006826684861000841,0.0052804710659253365,0.004597482071485306,-0.0032622627227958693,0.0026677586973788696,0.002262023002382842,0.0036852727942811776,0.0035699206989674315,0.00013455168864177883,-0.0013508435710881655,0.0006190219729944391,0.0008922030500397134,-0.0008634355011914222,-9.323567275615405e-05,0.003276370446386024,0.014148373992057192,0.0018868032343129456,0.0008108348594122303,0.00039882021286735534,0.001938591726767278,0.006090553772835578,0.01085345183796664,0.3369902265544083,0.02476016669102462,-0.0022108678951548843,0.01879200456235107,-0.0006129646703733114,0.0038594942017474215,0.003546332810166799,0.0038726413598093746,0.005385586071485302,0.005303385950754563,0.0023867602605242193,0.0020066705512311357,-0.0023319052644956316,-8.988928991263091e-05,-0.0010879866433677551,0.0038629810516282756,-0.00050876705957109,0.0014918186052422554,-0.0002520879110405089,-0.0031447228911834803,0.007894663701350276,-0.0012667436187450366,-0.0009739995424940411
Mines,0.014339672495631456,0.009404991855440826,0.008763556576648134,0.008380496872120731,0.013831890319301033,0.015571544856235109,0.015666952308181093,0.013044444594122318,0.016332084328832406,0.017629245067513906,0.014099693293089752,0.01545395940428912,0.02090762170929309,0.017046863254964253,0.012094995073868152,0.015843422883240667,0.014858297107227959,0.018839729146942017,0.021205031027799838,0.01580760630023829,0.018758665872915015,0.015551391942811753,0.018516037756949957,0.018523400101667985,0.014212707926926131,0.0136894711898332,0.02476016669102462,0.06696309111834788,0.012787796235107228,0.016411256408260525,0.009695818546465448,0.024523457672756155,0.01436687191104051,0.01827882239396346,0.02419203651151707,0.02464100668308181,0.02585878057664813,0.019212179617156475,0.01531105492772041,0.02243967864813344,0.017881966046068308,0.01586236284193804,0.01887363185385226,0.012286209982525814,0.010801495988880068,0.01426821504368546,0.010465154702144557,0.01572321137251787,0.017735890605242256
Coal ,0.011971247466243048,0.011756603065925337,0.008497504003177125,0.009469251898332007,0.015182349769658458,0.017000729737887212,0.01892963637807784,0.01920823768069897,0.01624090918189039,0.01906389054805401,0.019656879745830014,0.019963773836378075,0.028569702176330414,0.01752779270849881,0.01351054737092931,0.019855400969023034,0.015634593598093723,0.021315223987291496,0.022538823669579027,0.01670132416203336,0.024120421620333597,0.02029501639396347,0.019972264336775212,0.018857955202541698,0.01608017204130262,0.015541025671167592,-0.0022108678951548843,0.012787796235107228,0.13605196031771247,0.02799734435266084,0.016574678363780772,0.03345805367752184,0.018841736521048452,0.022331203987291503,0.03219135507545671,0.03316305316918189,0.0362592514217633,0.02448545323272438,0.01769252621127879,0.023891420349483716,0.019532089086576644,0.018606426767275613,0.023757414233518667,0.015019903891977757,0.012310982573471008,0.016383166036536927,0.01231871833200953,0.017851150579825264,0.021140145131056397
Oil  ,0.013823953512311356,0.011186878670373313,0.010789126473391579,0.010094430549642574,0.013932116721207309,0.016124657564733906,0.019608900743447184,0.015268761957108811,0.016568254479745827,0.01573218978554408,0.01934068684352661,0.019415476179507545,0.027703593210484517,0.019344183366163625,0.01380801475615568,0.018161279261318504,0.01604445629706116,0.020366913293089754,0.02371562737410643,0.01659763139952343,0.023804625888800633,0.01976187241938046,0.017696003825258138,0.018422400991262904,0.01944454417791898,0.01380165924384432,0.01879200456235107,0.016411256408260525,0.02799734435266084,0.05275338252422557,0.014614450460683085,0.02563548434471802,0.01705632557267673,0.020807423426528988,0.0266769989579031,0.026741151321683875,0.028663657161239076,0.02289315958538522,0.016120764236695798,0.022146436853057977,0.01939400102621128,0.018174035010325655,0.018516546548054007,0.013888285693407467,0.010897324344718028,0.014451815107227959,0.012441784837172357,0.015331042460683085,0.019222008222398727
Util ,0.007110417569499602,0.007783367918983319,0.007090167378872119,0.006897209571088167,0.011278238411437649,0.00754806750595711,0.01040212494042891,0.009723450262112786,0.009758202962668784,0.008789234964257344,0.009917940619539314,0.00792010415409055,0.014086910135027799,0.012013562883240668,0.007715714654487688,0.011487282962668785,0.009329476799046861,0.01172879528196982,0.012060000000000001,0.007469162621127878,0.01186127335186656,0.009977668975377283,0.012698949197776014,0.010140614964257345,0.009604732803812552,0.007779516838760923,-0.0006129646703733114,0.009695818546465448,0.016574678363780772,0.014614450460683085,0.02128261775218427,0.013581960166799042,0.00965251453534551,0.01049315845115171,0.011474624749801429,0.01130104901509134,0.014173720675139003,0.01113029173153296,0.010329421072279589,0.014048216401906274,0.011927802652899123,0.008783450301826846,0.010924381858617953,0.007836568165210486,0.006897668602065132,0.01121762149324861,0.004922106791104049,0.00932830791898332,0.010786232692613184
Telcm,0.02580896775218428,0.018727892573471006,0.014334837577442411,0.014778411175536141,0.01475199393169182,0.039758127791898336,0.04681319099285148,0.033915361397934864,0.03290508164416203,0.03355686787926926,0.03532928756155679,0.04233942922160444,0.0659931867672756,0.03055534955520255,0.027587146060365372,0.029022101247021447,0.029932499563145344,0.03799344786338362,0.04133430433677523,0.03066579426528991,0.04628229548054011,0.04362448216044479,0.03561736419380461,0.031294029197776005,0.025794892136616364,0.01749740204924543,0.0038594942017474215,0.024523457672756155,0.03345805367752184,0.02563548434471802,0.013581960166799042,0.09550181114376488,0.034059047434471794,0.050873721358220804,0.08365299682287529,0.08544087571882446,0.08884767141382048,0.05988385714853057,0.02748886861795075,0.03966749575059571,0.03816656926131851,0.038914986521048446,0.04490355107227958,0.02722646741858618,0.02073643220810166,0.025809677760127082,0.02287532685464654,0.038786032732327246,0.04141928867355044
PerSv,0.01527873279110405,0.01169673622875298,0.009941909896743447,0.01069155369658459,0.0131157914725973,0.01971421735345512,0.023065727809372518,0.01897969589197776,0.018358829928514696,0.018782981540905484,0.01982587986656077,0.021458914312946782,0.02960683051945988,0.0179802624432089,0.015859442745035743,0.01836751234312947,0.016880326716441615,0.02168646820651311,0.021983603056393963,0.01706223337887212,0.023350033143764888,0.020713466332009534,0.021092154560762508,0.019328434389197777,0.016042245941223193,0.010323930115965049,0.003546332810166799,0.01436687191104051,0.018841736521048452,0.01705632557267673,0.00965251453534551,0.034059047434471794,0.03299968555361397,0.02446919076092136,0.03408135902779984,0.03606103438284351,0.036027851272438446,0.025941858598888003,0.01671006234154091,0.02205186739952343,0.021677662131850673,0.020222600743447176,0.024497144501985705,0.016490678328832404,0.012510976838760917,0.015814581509134232,0.013415895631453534,0.018641824031771243,0.020637998970611596
BusSv,0.019804480838760914,0.014267318092136617,0.011012668840349477,0.011365225135822077,0.012710607955520252,0.0271337238141382,0.03170572145194599,0.023381002090548046,0.02369413651310564,0.02396302066719618,0.026030290300238287,0.030127007966640192,0.04553085604130262,0.02223855484829229,0.020087832052422552,0.02109555576648134,0.021528812751389986,0.02659872351707705,0.0286322819952343,0.021518372292295473,0.03164967634789516,0.029427748187450354,0.02540918793328039,0.023097005166004762,0.019145789070691022,0.012516344276409847,0.0038726413598093746,0.01827882239396346,0.022331203987291503,0.020807423426528988,0.01049315845115171,0.050873721358220804,0.02446919076092136,0.03774906778554409,0.05326695207625099,0.05526147758697378,0.05599743307227959,0.03911995692930897,0.02000580993010326,0.02802606472915011,0.026899059250198566,0.027270340662430496,0.030999387507545672,0.02003833361715647,0.014831569714058775,0.019055502351072274,0.01669907821286735,0.025404246667196186,0.029265542919777603
Hardw,0.026636817404289113,0.018730750227164413,0.014009299571088171,0.015220309445591737,0.014640513512311352,0.04089768939158061,0.04683213920254171,0.033619920463860205,0.03380409436060366,0.03279234154090547,0.03569923191104051,0.04591034049245433,0.07097834887370928,0.03123415387450357,0.028724172905480534,0.028241013979348684,0.0311670442319301,0.03918168093407466,0.04218560751707704,0.03270907754725973,0.05032125218745035,0.04727717043367754,0.03541388029864971,0.03015357859253375,0.028558279301032562,0.016957371825258142,0.005385586071485302,0.02419203651151707,0.03219135507545671,0.0266769989579031,0.011474624749801429,0.08365299682287529,0.03408135902779984,0.05326695207625099,0.10287833897378872,0.09403891531691819,0.10086846454011116,0.06630402682128674,0.027960265213661635,0.03980152213502781,0.03793394112152501,0.04177897411278793,0.04494382486417793,0.02743622469261319,0.01955889200953137,0.024831857283558377,0.02402828711675933,0.03923810081652105,0.04282741715011914
Softw,0.02751623245115171,0.01946198203177125,0.014672443439237489,0.015330273126290704,0.01486597713741065,0.042443026355837965,0.048942800721207304,0.03502696923907863,0.03438155073073867,0.034667021080222384,0.03744098072120731,0.047450202676727574,0.07307501921842731,0.030721460725972986,0.02897193935980937,0.028845471588562353,0.031242182711675927,0.03915050420015886,0.04147691224146147,0.032313216581413826,0.04912494546624305,0.04662548143606036,0.03536222806036537,0.031079332822875293,0.02770958573471009,0.016457960702144562,0.005303385950754563,0.02464100668308181,0.03316305316918189,0.026741151321683875,0.01130104901509134,0.08544087571882446,0.03606103438284351,0.05526147758697378,0.09403891531691819,0.10046440249563145,0.09744651108657665,0.06488833858141381,0.027766537062748207,0.04017409638919778,0.03871664380937251,0.04275796850992851,0.047122132289118344,0.028370402592533754,0.02053178971405877,0.025581249007148525,0.02495060585385226,0.03953000792216043,0.04368262263383638
Chips,0.026658742386020652,0.0193580313121525,0.01438285530579825,0.01595743626211279,0.0142055669451946,0.0420104028737093,0.04833710650675139,0.03553691352501986,0.03520625654487688,0.033926859332803816,0.03676198420333598,0.04708956574265289,0.07458044092454329,0.03330483137887212,0.029878752109610798,0.02985038833200954,0.03274901401588562,0.0410653602319301,0.04506470748848292,0.034192945134233516,0.055698292722795875,0.05065112196346306,0.03760212326608419,0.03188814488959492,0.030700973852263697,0.018680100489277204,0.0023867602605242193,0.02585878057664813,0.0362592514217633,0.028663657161239076,0.014173720675139003,0.08884767141382048,0.036027851272438446,0.05599743307227959,0.10086846454011116,0.09744651108657665,0.11551142622875299,0.07307324918665607,0.029384968449563145,0.042641931251787134,0.0406434989070691,0.04349758720095313,0.04692987120571883,0.027777214786338367,0.020478142835583794,0.026521494884829223,0.024469912970611594,0.04223164894837171,0.044159437699761724
LabEq,0.020530979850675136,0.014702251887212074,0.01175114791898332,0.011794847579030977,0.012763981343923748,0.030020432751389995,0.034806029766481325,0.025745033188244636,0.025670431858617955,0.024352314455917394,0.027784699170770446,0.03467487223987291,0.0548057739571088,0.02461179836219222,0.022202437281969818,0.023881927077045267,0.023717250069896736,0.030015721267672754,0.03167343271167593,0.024576093702938846,0.03886044352184272,0.0359160842065131,0.02751556757426529,0.023658138433677523,0.021581348054011122,0.014447903501191421,0.0020066705512311357,0.019212179617156475,0.02448545323272438,0.02289315958538522,0.01113029173153296,0.05988385714853057,0.025941858598888003,0.03911995692930897,0.06630402682128674,0.06488833858141381,0.07307324918665607,0.057110736169976174,0.021622859677521845,0.031586065161239074,0.028934314608419377,0.030730013755361392,0.03299060408578237,0.02084626701191421,0.014871810635424941,0.019755304257347103,0.01762810572676727,0.028926539204130255,0.03277205587926926
Paper,0.012009212880063543,0.01107906001429706,0.009403024868943607,0.009504032189038917,0.012151697232724383,0.01672809032724384,0.02010235500238284,0.015969798659253378,0.017239523518665607,0.016909519412231924,0.016723824692613187,0.0170887598649722,0.024300174389197772,0.0198839617426529,0.013808413529785542,0.017711493145353457,0.016474353180301823,0.019641287170770447,0.02168654865131056,0.014899206414614775,0.02111052422716441,0.017842696082605244,0.020676274986497215,0.019524919891977764,0.015084089499602861,0.010675308374900718,-0.0023319052644956316,0.01531105492772041,0.01769252621127879,0.016120764236695798,0.010329421072279589,0.02748886861795075,0.01671006234154091,0.02000580993010326,0.027960265213661635,0.027766537062748207,0.029384968449563145,0.021622859677521845,0.02613554403653693,0.024016775801429704,0.02082281111675933,0.01706537310087371,0.02179114080381254,0.014596914363780777,0.011431570826052421,0.015271460381254967,0.010076203677521845,0.016542727715647337,0.019219540282764097
