,Agric,Food ,Soda ,Beer ,Smoke,Toys ,Fun  ,Books,Hshld,Clths,Hlth ,MedEq,Drugs,Chems,Rubbr,Txtls,BldMt,Cnstr,Steel,FabPr,Mach ,ElcEq,Autos,Aero ,Ships,Guns ,Gold ,Mines,Coal ,Oil  ,Util ,Telcm,PerSv,BusSv,Hardw,Softw,Chips,LabEq,Paper,Boxes,Trans,Whlsl,Rtail,Meals,Banks,Insur,RlEst,Fin  ,Other
Agric,0.05645882909451945,0.008949412541699762,0.008868638602065132,0.009582792557585384,0.01134374497220016,0.015404705957108812,0.018339773876092137,0.011934088665607624,0.013994312930897531,0.012933350730738681,0.015868675186656075,0.018146078816521048,0.024860764432088952,0.012394937418586181,0.012575948911834788,0.011982192009531375,0.012286146743447178,0.014417660754567118,0.01668947978554408,0.012823902366957901,0.0160657229070691,0.01597639084193804,0.01398324548054011,0.0155357918268467,0.012916902509928514,0.009152025679110408,0.011650418530579824,0.012710455329626688,0.011829892303415407,0.01389046334392375,0.005233741429706116,0.025080222938840345,0.014753636401906274,0.019048004463860208,0.027277442096902298,0.027650687323272444,0.026799712112787925,0.019688464265289914,0.011572579920571882,0.014543272613185065,0.015214475814138205,0.015840645440826053,0.0176601571644162,0.013120658387609214,0.009718197855440824,0.010909165067513901,0.011286513050039713,0.012839250381254963,0.01644268474980143
Food ,0.008949412541699762,0.014480625148530579,0.0062066635234312925,0.007030462142970611,0.0084786111898332,0.010094539539316917,0.011737650228752977,0.009415663293089753,0.010434785731532961,0.010828090467037333,0.011395658907069103,0.011424056055599681,0.016464009852263702,0.010057300729150119,0.008437970001588562,0.008912862789515488,0.00908198131056394,0.011000361857029387,0.012086828532168388,0.009077686557585384,0.011961896924543287,0.01112314750595711,0.010810564457505957,0.011888690057188246,0.01035051863065925,0.006017364163621922,0.0011907036139793504,0.0073909015059571105,0.00778206414138205,0.01011013032406672,0.005142062312946784,0.016150259799841145,0.01079857510881652,0.012532901747418586,0.016903898681493244,0.018012386500397146,0.016944943801429708,0.01284287379030977,0.009138125369340746,0.011617056708498807,0.011537915064336777,0.010306538492454331,0.012885960563939635,0.008541410908657664,0.007618100711675933,0.009523564718030184,0.00814573143288324,0.008793876700555998,0.011057656651310562
Soda ,0.008868638602065132,0.0062066635234312925,0.04941667066560762,0.008162429375694995,0.009401107882446386,0.008507273518665606,0.00876277469737887,0.007961519466243048,0.007776414557585387,0.008852199097696583,0.010260427253375694,0.009302580486100078,0.01275926331374107,0.007210673442414613,0.006512653801429704,0.009534651640984907,0.007480592120730737,0.007714984546465449,0.010215801664813338,0.004413119275615567,0.009531370980142968,0.008422879968228754,0.009329347272438445,0.009309992196981733,0.007369175351866562,0.004323055167593331,0.006180610675138996,0.0071414000063542505,0.005435938865766484,0.010532780320889595,0.0048229456203335965,0.012240863084988085,0.00826646199841144,0.009667305893566323,0.012620874853057983,0.013346366411437646,0.012367606074662432,0.010014022951548848,0.0075679097061159654,0.010120893826846703,0.008835905709293091,0.008277716359015093,0.010627676664019061,0.006456910589356632,0.006528414366957906,0.008088144590945192,0.007376329143764894,0.006938337702938839,0.007355149477362986
Beer ,0.009582792557585384,0.007030462142970611,0.008162429375694995,0.032974043035742646,0.0072250649023034175,0.0076614676727561545,0.00971437533121525,0.006843189558379663,0.007814561877680698,0.00978216931056394,0.009740256200158856,0.009964048487688643,0.013209741887212072,0.0076158894694201736,0.006891796765687051,0.00635039748054011,0.007334632176330423,0.007842921558379665,0.009982834930897536,0.006140661496425733,0.009614819453534552,0.00883679014297061,0.007897747694996026,0.009567432754567118,0.006309895920571881,0.004873041729944404,0.004974891000794281,0.007051068660841938,0.005548945310563938,0.009283994552819695,0.0045953666624305,0.012765104044479744,0.009572898870532169,0.010419847005559967,0.014325693566322479,0.014431575247021445,0.014186247636219217,0.009842416551231135,0.007703947640984907,0.006645655221604448,0.009102021694996028,0.009161839029388405,0.011224377625099285,0.007590465739475774,0.006043280511517074,0.008066039571088163,0.006977363166004764,0.007200226889594917,0.009338791577442412
Smoke,0.01134374497220016,0.0084786111898332,0.009401107882446386,0.0072250649023034175,0.0940840994058777,0.009244918951548844,0.012451032686258932,0.008159701019857031,0.009453746706910246,0.010049718976965848,0.01313267721683876,0.011008271275615565,0.016588037089753774,0.011663418833995232,0.00803875219062748,0.008177901388403495,0.008215770929308974,0.008613427062748211,0.010711114637013503,0.006640341178713266,0.010064356117553611,0.009076189134233519,0.010953418084193806,0.0113441791644162,0.008451301782366959,0.007748001245432885,0.0059246882287529775,0.008055661877680701,0.00956756633518666,0.012760457785544084,0.007672839307386813,0.011648896069896745,0.011058207536139794,0.010094448895949168,0.01161804829229547,0.012910876517871319,0.010978367104050835,0.01012954783796664,0.010118297156473395,0.013451946452740273,0.009901458319301028,0.009229773159650515,0.011784249245432882,0.006740674865766481,0.008173681734710085,0.010184912692613185,0.00631069580301827,0.007084909629864971,0.010479495517077045
Toys ,0.015404705957108812,0.010094539539316917,0.008507273518665606,0.0076614676727561545,0.009244918951548844,0.04304091774424146,0.022868001493248614,0.0157604362827641,0.016668004575059573,0.018868908181096107,0.018035084702144554,0.022524520317712467,0.03066748956314535,0.015590567180301825,0.014715157267672755,0.013995178427323271,0.01536997324861001,0.018674575949166005,0.019927573248610005,0.01597054903891977,0.02173470176330421,0.02028494401906275,0.017145031739475774,0.017440331818903896,0.013977277077045274,0.00748593664813344,0.007175801652104842,0.012017220047656867,0.0110800122319301,0.014134637394757744,0.0032316385067513898,0.03411699126290706,0.017674625766481333,0.02425656981731533,0.03727610592533757,0.03916556892772042,0.03715440991262907,0.026489403621922154,0.013942431993645754,0.018483104559173947,0.01819876117553614,0.020019493343923746,0.022725101795075447,0.01522985032565528,0.010746850961080225,0.01190654420969023,0.013466093661636218,0.016888315138999205,0.02027093118347895
Fun  ,0.018339773876092137,0.011737650228752977,0.00876277469737887,0.00971437533121525,0.012451032686258932,0.022868001493248614,0.04175537317077044,0.017718211639396342,0.018194240606830815,0.01960565626846704,0.020693377057982527,0.025126271966640187,0.03645507815409054,0.017202964227164417,0.015949777925337565,0.014883126281175538,0.017246098069896743,0.020194867896743445,0.022006618250992847,0.01756215328355838,0.023235524425734705,0.023218015019857027,0.019611281547259732,0.01921003297696584,0.01477194516600477,0.008979907305798248,0.007736642930897535,0.011449485531374103,0.011190807264495629,0.016254806435266084,0.005088168409849086,0.03932269797617157,0.01973822951389992,0.02693630359015091,0.040966061795075455,0.04383941025893567,0.04084245783478952,0.0294268222065131,0.01599532861000794,0.020781591488482916,0.02109428044003177,0.021633540633836375,0.02489620806195393,0.01682909833677522,0.012200027675933277,0.014393188737092926,0.015045348138204927,0.01887195835901509,0.023906445111993642
Books,0.011934088665607624,0.009415663293089753,0.007961519466243048,0.006843189558379663,0.008159701019857031,0.0157604362827641,0.017718211639396342,0.027707165335980936,0.013829889680698964,0.015041713990468622,0.01587929348054011,0.016929297872915014,0.024954272066719622,0.013085277262907067,0.011972885890389195,0.012358231164416202,0.012812989984114374,0.015404823505957106,0.016323547852263698,0.012660715208895947,0.017542725976171566,0.016726505059571087,0.014852096200158853,0.013485703483717238,0.011692630332009533,0.007925343944400316,-0.0013452686179507534,0.009078746710087373,0.012198163782366956,0.012429631242255757,0.005133200123907864,0.0272691972867355,0.01570020613661636,0.019348226735504362,0.028366367434471802,0.030603262281175537,0.029110661666401916,0.021251204802223988,0.012399777537728352,0.016194131396346307,0.015677723382049247,0.015585760751389992,0.018686962978554406,0.012045028802223984,0.010023903278792693,0.011451043796664019,0.011072659858617955,0.014023517742652898,0.016798264822875296
Hshld,0.013994312930897531,0.010434785731532961,0.007776414557585387,0.007814561877680698,0.009453746706910246,0.016668004575059573,0.018194240606830815,0.013829889680698964,0.023368495447180296,0.015405465737887206,0.0159829914471803,0.01821715803971406,0.02574359173312153,0.014647454141382047,0.012595057677521844,0.013514342824463857,0.014152979078633833,0.016861289820492453,0.018567487145353452,0.0150026714598888,0.01863266645274027,0.017749636457505956,0.015764805127879266,0.01507209013185067,0.014050407250198564,0.007621088193804607,0.006648005639396347,0.01304286272279587,0.010784427269261317,0.014232113172359017,0.005743770592533754,0.027624299780778395,0.015463075326449562,0.020294552787926932,0.029869347386814935,0.030761535339158055,0.02979677937092931,0.021679121585385226,0.01349772403494837,0.0178615194980143,0.0172830940969023,0.01656187894837172,0.0194484066878475,0.013246747936457505,0.010606310506751386,0.012433855472597299,0.01171254253534551,0.014291451555202544,0.016995701185067515
Clths,0.012933350730738681,0.010828090467037333,0.008852199097696583,0.00978216931056394,0.010049718976965848,0.018868908181096107,0.01960565626846704,0.015041713990468622,0.015405465737887206,0.03276621142335186,0.01670723240349484,0.017839985183478953,0.025854085461477362,0.015140717507545665,0.012998396702144558,0.014156078656076253,0.014755869523431296,0.01751249463224782,0.019220128068308178,0.013755693839555204,0.018995723949166002,0.01808172019857029,0.01698625489118347,0.017424994962668784,0.014458541099285146,0.007830339029388402,0.004315654892772041,0.013975470312946783,0.013380122959491663,0.013646096776806988,0.005100068171564734,0.02865379383002382,0.01646180563780779,0.020662019142176326,0.02893257594916599,0.03123785375377284,0.029114195928514688,0.020886778632247815,0.013832252136616362,0.018077692171564734,0.01905521167116759,0.01742403647180302,0.022562589872915016,0.014044076176330423,0.010696137540905478,0.012968271660047654,0.013434814841938045,0.015018689304209692,0.018448114055599683
Hlth ,0.015868675186656075,0.011395658907069103,0.010260427253375694,0.009740256200158856,0.01313267721683876,0.018035084702144554,0.020693377057982527,0.01587929348054011,0.0159829914471803,0.01670723240349484,0.03296862894996029,0.021545400848292293,0.03228600242096902,0.014915639933280381,0.013477845388403494,0.01433601609531374,0.014307554964257344,0.017748658932486092,0.018859146500397137,0.015202327205718817,0.019660526525814133,0.01965338301826847,0.015989793664813342,0.01781853557108816,0.013893770001588555,0.00783426345035743,0.004175357728355836,0.010679327809372516,0.01430024548689436,0.01734503688324067,0.00595677152025417,0.029846090115965052,0.01836724038443209,0.022936399777601264,0.03185120292295472,0.03406088715488484,0.03166696785702938,0.024454378779984114,0.014057128069896742,0.016984492003177126,0.017760393941223192,0.018305000606830813,0.021196364177918977,0.01459679179348689,0.011845999644162029,0.01439566942017474,0.013112191444003178,0.014870723218427324,0.01965536486735504
MedEq,0.018146078816521048,0.011424056055599681,0.009302580486100078,0.009964048487688643,0.011008271275615565,0.022524520317712467,0.025126271966640187,0.016929297872915014,0.01821715803971406,0.017839985183478953,0.021545400848292293,0.03253963091183479,0.04063459207942811,0.01625018057664813,0.016081953283558378,0.014562974617950752,0.016187108999205717,0.019712838908657663,0.02153768514217633,0.018020213178713263,0.024274447812549647,0.023938522025416995,0.018376579637807783,0.018114291480540105,0.015377038865766477,0.009332560154090548,0.006263149237490069,0.012085831113582208,0.014466537107227957,0.017420548058776807,0.00425608708816521,0.03741466215726767,0.019573290527402705,0.02735477056393964,0.042721220460683086,0.044618125645750586,0.042899745498014306,0.03126923413343924,0.014873091914217635,0.019493174656076254,0.01871297900079428,0.022217604061953927,0.023602578260524223,0.01568110903733121,0.011478774624305004,0.013450045734710083,0.014146102413026213,0.017727351979348695,0.02327351036378077
Drugs,0.024860764432088952,0.016464009852263702,0.01275926331374107,0.013209741887212072,0.016588037089753774,0.03066748956314535,0.03645507815409054,0.024954272066719622,0.02574359173312153,0.025854085461477362,0.03228600242096902,0.04063459207942811,0.07571604073709293,0.023821302999205717,0.021713624006354244,0.020155409677521836,0.022360858347895154,0.029111049687053216,0.030349208009531375,0.02493415910405084,0.03516157472279588,0.0367140081810961,0.024695059113582205,0.02555131228276409,0.0207389653629865,0.008210714824463857,0.006189624193804606,0.01562838547418586,0.022216890824463854,0.024985137725178703,0.008153657493248612,0.05813750943288321,0.02662776905798252,0.040946834058776804,0.06497641407466244,0.06785612512152503,0.06681092369499601,0.0494918776203336,0.02085540025416997,0.028840726538522644,0.027618999532962672,0.03180138345035742,0.033554059428117546,0.021902874398729146,0.016248244346306593,0.020085974487688642,0.02075101047498014,0.026396175926926134,0.03447545007783956
Chems,0.012394937418586181,0.010057300729150119,0.007210673442414613,0.0076158894694201736,0.011663418833995232,0.015590567180301825,0.017202964227164417,0.013085277262907067,0.014647454141382047,0.015140717507545665,0.014915639933280381,0.01625018057664813,0.023821302999205717,0.023467705370929307,0.012119438830818108,0.013398120530579826,0.013739161183478947,0.015676978444797457,0.019467447496425736,0.013225967421763301,0.018670627936457504,0.017156512478157266,0.016426788584590946,0.01604279883876092,0.013571709264495633,0.007705109926926129,0.0028024036139793485,0.012642660241461478,0.010856557844320885,0.01665053153455123,0.007089175971405876,0.024232267539316912,0.014872625240667197,0.0183809725019857,0.02634659072279586,0.026433320060365365,0.027108875261318506,0.01989161968069897,0.015604218173153297,0.019045032187450357,0.017172018216044478,0.01530343002223987,0.01842445163621922,0.012217101625099286,0.010144440829229544,0.012736995822081014,0.01046626770929309,0.0134886561350278,0.0164212748816521
Rubbr,0.012575948911834788,0.008437970001588562,0.006512653801429704,0.006891796765687051,0.00803875219062748,0.014715157267672755,0.015949777925337565,0.011972885890389195,0.012595057677521844,0.012998396702144558,0.013477845388403494,0.016081953283558378,0.021713624006354244,0.012119438830818108,0.02456863926290707,0.009818960311358219,0.01155864524225576,0.014106382055599682,0.015555682408260524,0.011945774373312151,0.01599096404130262,0.015269007974583002,0.012807272845115172,0.012371088095313744,0.011386866795869737,0.007128271415409054,0.004031020365369341,0.00893997195869738,0.007772586262112785,0.011709753111993643,0.0040728970865766476,0.023021694557585383,0.013659290478157268,0.017311944781572674,0.02531159599682288,0.026065227374106433,0.025045587621922154,0.018691510303415416,0.010862406100079429,0.015123855517077045,0.014494606684670373,0.01430020628435266,0.016185621731532963,0.011474595507545671,0.008573311243844322,0.009870420810166801,0.010220432425734711,0.011681962427323273,0.014141059749007149
Txtls,0.011982192009531375,0.008912862789515488,0.009534651640984907,0.00635039748054011,0.008177901388403495,0.013995178427323271,0.014883126281175538,0.012358231164416202,0.013514342824463857,0.014156078656076253,0.01433601609531374,0.014562974617950752,0.020155409677521836,0.013398120530579826,0.009818960311358219,0.039090538897537726,0.013383527164416197,0.015196515065925337,0.01700206186814933,0.01160085507227959,0.01621204505798253,0.015360656536934077,0.014493302551231138,0.015252649509134233,0.012129657645750596,0.005320870605242254,0.003707304702144557,0.010411361982525813,0.01182786287847498,0.01417217838602065,0.006096797896743447,0.02112648232565528,0.01408310952501986,0.01622673664813343,0.022721134392374904,0.023215873823669575,0.02257686522319301,0.017782259580619537,0.012816637108816524,0.016167572943606035,0.014559831768069896,0.014132451860206513,0.016310336822875294,0.01144577703256553,0.009081710163621921,0.010809362478157267,0.01134860804130262,0.012031567653693405,0.013383350011119939
BldMt,0.012286146743447178,0.00908198131056394,0.007480592120730737,0.007334632176330423,0.008215770929308974,0.01536997324861001,0.017246098069896743,0.012812989984114374,0.014152979078633833,0.014755869523431296,0.014307554964257344,0.016187108999205717,0.022360858347895154,0.013739161183478947,0.01155864524225576,0.013383527164416197,0.018900218133439242,0.0157459739872915,0.017782280675139,0.012879111961874502,0.018162393153296263,0.016931207648927717,0.015698230071485308,0.0154790932406672,0.013016338760921361,0.00892644204130262,0.0014526552263701344,0.01075860440031771,0.00973277363780778,0.013923400214455914,0.005134308101667991,0.02489483199364576,0.014499894320889594,0.018419841636219226,0.026997012231930104,0.027668579173947577,0.027443729428117555,0.02015382378872121,0.012854212359015087,0.01681631178713264,0.015890605123113577,0.015503008046068311,0.01796837422557585,0.01218289200158856,0.00969347737887212,0.011581257521842732,0.01150880299444003,0.013438288284352657,0.01654905793486894
Cnstr,0.014417660754567118,0.011000361857029387,0.007714984546465449,0.007842921558379665,0.008613427062748211,0.018674575949166005,0.020194867896743445,0.015404823505957106,0.016861289820492453,0.01751249463224782,0.017748658932486092,0.019712838908657663,0.029111049687053216,0.015676978444797457,0.014106382055599682,0.015196515065925337,0.0157459739872915,0.0335038835440826,0.020158129847498013,0.01603619109134233,0.02135362396505163,0.020545144630659252,0.01781603277839555,0.017162907623510717,0.01503733646068308,0.00884425705957109,0.0035096685544082603,0.013763499415409056,0.014167237653693406,0.016951999842732327,0.006247596241461477,0.03082421438602065,0.01767554225416997,0.022255451771247024,0.03347792803812549,0.033983693658459095,0.03388525648451151,0.024804475915806194,0.014357958030182683,0.01890274764416203,0.019262402775218426,0.018155563048451152,0.021774677879269254,0.013960196938840349,0.011150910471803012,0.013306562144559173,0.012856329726767271,0.01669974747736299,0.019866529782366953
Steel,0.01668947978554408,0.012086828532168388,0.010215801664813338,0.009982834930897536,0.010711114637013503,0.019927573248610005,0.022006618250992847,0.016323547852263698,0.018567487145353452,0.019220128068308178,0.018859146500397137,0.02153768514217633,0.030349208009531375,0.019467447496425736,0.015555682408260524,0.01700206186814933,0.017782280675139,0.020158129847498013,0.03257600884988086,0.016843741204130264,0.023949159513899913,0.021784965186656072,0.020622734433677528,0.01965827332962669,0.01811421762986497,0.010082760684670374,0.00629588154884829,0.016199145382049245,0.01444072722319301,0.02050740147577442,0.0070986312088959485,0.03373828960127084,0.01901458023987291,0.02429970390786338,0.036315941572676716,0.036449773092930904,0.03746499760603653,0.026524474250992858,0.0170977381731533,0.022710194913423354,0.021283763372517875,0.020212232297061164,0.022871726552819698,0.01604720952660842,0.012410388400317711,0.014884644305003972,0.014594498883240666,0.017432997764892776,0.02091719987609214
FabPr,0.012823902366957901,0.009077686557585384,0.004413119275615567,0.006140661496425733,0.006640341178713266,0.01597054903891977,0.01756215328355838,0.012660715208895947,0.0150026714598888,0.013755693839555204,0.015202327205718817,0.018020213178713263,0.02493415910405084,0.013225967421763301,0.011945774373312151,0.01160085507227959,0.012879111961874502,0.01603619109134233,0.016843741204130264,0.04217161655917393,0.01867696116282764,0.017562261858617954,0.013992284810166799,0.015247585302621124,0.012992380880063542,0.01079506600158856,0.007028862017474184,0.011559416495631449,0.011367032654487685,0.013644548962668783,0.003992860092136615,0.026221431726767257,0.015252274135027805,0.01886517636219221,0.02878928908657665,0.029000935593328035,0.02981216791739475,0.02155539772517871,0.011821756791104048,0.015948901769658463,0.015111954859412233,0.016018410624305004,0.017679406830818107,0.011472433861795077,0.00911365986338364,0.01076543666401906,0.011361983980937252,0.01289288991898332,0.015962404441620334
Mach ,0.0160657229070691,0.011961896924543287,0.009531370980142968,0.009614819453534552,0.010064356117553611,0.02173470176330421,0.023235524425734705,0.017542725976171566,0.01863266645274027,0.018995723949166002,0.019660526525814133,0.024274447812549647,0.03516157472279588,0.018670627936457504,0.01599096404130262,0.01621204505798253,0.018162393153296263,0.02135362396505163,0.023949159513899913,0.01867696116282764,0.031193227952343125,0.02504908967434472,0.01964652906115965,0.019337366471803015,0.018477388327243844,0.010581178671961875,0.004682253518665606,0.013776922910246226,0.01612795656552819,0.02033999349642573,0.006414141833200953,0.03842144574424146,0.020097328505162826,0.027023785448768864,0.044055602319301015,0.043795550195393176,0.04735609893884034,0.03309864389833202,0.016656953359809372,0.02426685669896744,0.021326492743447178,0.0220168434853058,0.024149948069896746,0.016026656613185062,0.012413098065131058,0.014880779475774425,0.015237524540111198,0.019138784244638603,0.022652833372517868
ElcEq,0.01597639084193804,0.01112314750595711,0.008422879968228754,0.00883679014297061,0.009076189134233519,0.02028494401906275,0.023218015019857027,0.016726505059571087,0.017749636457505956,0.01808172019857029,0.01965338301826847,0.023938522025416995,0.0367140081810961,0.017156512478157266,0.015269007974583002,0.015360656536934077,0.016931207648927717,0.020545144630659252,0.021784965186656072,0.017562261858617954,0.02504908967434472,0.03419944037331216,0.01809531162827641,0.01740952154884829,0.016580270611596507,0.009985669142176329,0.003006676354249406,0.012660793852263702,0.014374791779189832,0.017836601707704527,0.00574154181096108,0.03776166910246227,0.018366260643367754,0.026106858443208897,0.04272982681493249,0.04268350066719619,0.044971994082605236,0.03195757718030182,0.015153913741064333,0.01991376563939635,0.019648353685464654,0.02093211285941223,0.022910540357426533,0.015080509475774426,0.011195577521842732,0.013807105401111991,0.01407414764892772,0.018426854797458297,0.021996582700556003
Autos,0.01398324548054011,0.010810564457505957,0.009329347272438445,0.007897747694996026,0.010953418084193806,0.017145031739475774,0.019611281547259732,0.014852096200158853,0.015764805127879266,0.01698625489118347,0.015989793664813342,0.018376579637807783,0.024695059113582205,0.016426788584590946,0.012807272845115172,0.014493302551231138,0.015698230071485308,0.01781603277839555,0.020622734433677528,0.013992284810166799,0.01964652906115965,0.01809531162827641,0.028020346935663222,0.019056195180301824,0.015089798297061157,0.007794920390786336,0.002933373772835583,0.013119766811755362,0.010771871647339155,0.014032357003971407,0.0065184035202541695,0.027995530713264494,0.017156312447974584,0.020535541191421768,0.029410249340746625,0.030081052314535343,0.02987639326131851,0.021669793687053216,0.01538077855440826,0.019872997788721206,0.019703954532168392,0.01676757351231136,0.02102695861795076,0.014033250741858619,0.01102343778872121,0.013326472374900715,0.012401323625099282,0.015139586239872913,0.018035217016679907
Aero ,0.0155357918268467,0.011888690057188246,0.009309992196981733,0.009567432754567118,0.0113441791644162,0.017440331818903896,0.01921003297696584,0.013485703483717238,0.01507209013185067,0.017424994962668784,0.01781853557108816,0.018114291480540105,0.02555131228276409,0.01604279883876092,0.012371088095313744,0.015252649509134233,0.0154790932406672,0.017162907623510717,0.01965827332962669,0.015247585302621124,0.019337366471803015,0.01740952154884829,0.019056195180301824,0.05726737317077044,0.016646473420174748,0.009469479366163623,0.002979834130262114,0.01522875659729944,0.012185601583796665,0.016300214517871323,0.005748943679110405,0.025992971761715646,0.01698358613343923,0.020008209102462267,0.026534261540905477,0.028061753331215248,0.02687720883717236,0.02019689660206513,0.016093247879269256,0.018905282443208892,0.01975469403177124,0.016560200573471014,0.020914572478157263,0.01461358123431295,0.011587576803812555,0.013867214630659255,0.012295156913423347,0.0142938014344718,0.018697126865766474
Ships,0.012916902509928514,0.01035051863065925,0.007369175351866562,0.006309895920571881,0.008451301782366959,0.013977277077045274,0.01477194516600477,0.011692630332009533,0.014050407250198564,0.014458541099285146,0.013893770001588555,0.015377038865766477,0.0207389653629865,0.013571709264495633,0.011386866795869737,0.012129657645750596,0.013016338760921361,0.01503733646068308,0.01811421762986497,0.012992380880063542,0.018477388327243844,0.016580270611596507,0.015089798297061157,0.016646473420174748,0.04223151987926927,0.010905424365369336,0.009293735647339157,0.012595379799841142,0.012750978023828437,0.019392909264495627,0.006758842427323271,0.02299701800158856,0.014501016009531374,0.017575272629070687,0.026620684861000794,0.026432476689436057,0.027820597639396337,0.02008966677998411,0.013232094996028596,0.016673469045274024,0.015440021118347892,0.01500295570770453,0.01698995375694996,0.011400024505162825,0.010298558258935662,0.011773405972994441,0.011577770907069105,0.012955267758538523,0.015282670303415409
Guns ,0.009152025679110408,0.006017364163621922,0.004323055167593331,0.004873041729944404,0.007748001245432885,0.00748593664813344,0.008979907305798248,0.007925343944400316,0.007621088193804607,0.007830339029388402,0.00783426345035743,0.009332560154090548,0.008210714824463857,0.007705109926926129,0.007128271415409054,0.005320870605242254,0.00892644204130262,0.00884425705957109,0.010082760684670374,0.01079506600158856,0.010581178671961875,0.009985669142176329,0.007794920390786336,0.009469479366163623,0.010905424365369336,0.08371009698332012,0.007061836211278795,0.008863648320889593,0.010958376881652108,0.01097934543129468,0.004221049032565528,0.013564596447974583,0.008397601113582209,0.010169711056393964,0.015021830436854646,0.014203895158061947,0.0156787686624305,0.011992086324066719,0.00793815275615568,0.00917076056870532,0.006990092141382048,0.008771689644162035,0.009778042073073867,0.0033051389626687863,0.007397514214455916,0.00712972903891978,0.004949131544082605,0.007101794683081813,0.010166130138204926
Gold ,0.011650418530579824,0.0011907036139793504,0.006180610675138996,0.004974891000794281,0.0059246882287529775,0.007175801652104842,0.007736642930897535,-0.0013452686179507534,0.006648005639396347,0.004315654892772041,0.004175357728355836,0.006263149237490069,0.006189624193804606,0.0028024036139793485,0.004031020365369341,0.003707304702144557,0.0014526552263701344,0.0035096685544082603,0.00629588154884829,0.007028862017474184,0.004682253518665606,0.003006676354249406,0.002933373772835583,0.002979834130262114,0.009293735647339157,0.007061836211278795,0.29279668084988086,0.025846524146147735,-0.002021536751389995,0.018221040389197776,-0.0016532868149324868,0.005415633359809374,0.00477839733915806,0.006606483383637807,0.01089786964257347,0.010631085099285146,0.008359883566322477,0.006176524741858619,0.0009658528038125501,0.002666822160444798,0.0017329884273232724,0.006105732033359811,0.002725187235901509,0.003584121215250199,0.0007421854646544885,-0.0008764848133439222,0.008199712112787928,0.0012347375456711696,0.003473502700555996
Mines,0.012710455329626688,0.0073909015059571105,0.0071414000063542505,0.007051068660841938,0.008055661877680701,0.012017220047656867,0.011449485531374103,0.009078746710087373,0.01304286272279587,0.013975470312946783,0.010679327809372516,0.012085831113582208,0.01562838547418586,0.012642660241461478,0.00893997195869738,0.010411361982525813,0.01075860440031771,0.013763499415409056,0.016199145382049245,0.011559416495631449,0.013776922910246226,0.012660793852263702,0.013119766811755362,0.01522875659729944,0.012595379799841142,0.008863648320889593,0.025846524146147735,0.06552911606671963,0.005465833305798249,0.01272207002700556,0.004434953722001588,0.018579022894360597,0.010957080155679108,0.013603111262907065,0.01978827151707704,0.019528889048451153,0.019966055113582203,0.015000835262907068,0.01146177289912629,0.015846437972994443,0.013387971714058776,0.01221515688324067,0.014982140476568703,0.008949568206513105,0.008663900339952343,0.010233101318506748,0.009639530525814139,0.011215302929308977,0.012431424362192215
Coal ,0.011829892303415407,0.00778206414138205,0.005435938865766484,0.005548945310563938,0.00956756633518666,0.0110800122319301,0.011190807264495629,0.012198163782366956,0.010784427269261317,0.013380122959491663,0.01430024548689436,0.014466537107227957,0.022216890824463854,0.010856557844320885,0.007772586262112785,0.01182786287847498,0.00973277363780778,0.014167237653693406,0.01444072722319301,0.011367032654487685,0.01612795656552819,0.014374791779189832,0.010771871647339155,0.012185601583796665,0.012750978023828437,0.010958376881652108,-0.002021536751389995,0.005465833305798249,0.12283898169817314,0.0204295078522637,0.008469808899126291,0.022828980409849087,0.013682219375694997,0.015850251707704526,0.023725106878474983,0.02532334798093725,0.026050079938046065,0.016539306905480538,0.010823028848292296,0.014050107936457506,0.012332068484511516,0.012566506031771247,0.016177803026211274,0.009659899172359012,0.008914742821286735,0.011138450182684665,0.009756146845115173,0.011410510088959491,0.013601799164416206
Oil  ,0.01389046334392375,0.01011013032406672,0.010532780320889595,0.009283994552819695,0.012760457785544084,0.014134637394757744,0.016254806435266084,0.012429631242255757,0.014232113172359017,0.013646096776806988,0.01734503688324067,0.017420548058776807,0.024985137725178703,0.01665053153455123,0.011709753111993643,0.01417217838602065,0.013923400214455914,0.016951999842732327,0.02050740147577442,0.013644548962668783,0.02033999349642573,0.017836601707704527,0.014032357003971407,0.016300214517871323,0.019392909264495627,0.01097934543129468,0.018221040389197776,0.01272207002700556,0.0204295078522637,0.04972751201111995,0.010781634112787925,0.020895801264495632,0.015155179537728358,0.01828591248610008,0.023296132676727553,0.02404013423034154,0.024500011448768868,0.019870029259729943,0.013893712724384433,0.017766380622716443,0.01659275443526608,0.015916686876886417,0.015902316274821287,0.011989882482922954,0.00997635771564734,0.012134615170770456,0.012187590552819698,0.0119810649197776,0.016113801712470212
Util ,0.005233741429706116,0.005142062312946784,0.0048229456203335965,0.0045953666624305,0.007672839307386813,0.0032316385067513898,0.005088168409849086,0.005133200123907864,0.005743770592533754,0.005100068171564734,0.00595677152025417,0.00425608708816521,0.008153657493248612,0.007089175971405876,0.0040728970865766476,0.006096797896743447,0.005134308101667991,0.006247596241461477,0.0070986312088959485,0.003992860092136615,0.006414141833200953,0.00574154181096108,0.0065184035202541695,0.005748943679110405,0.006758842427323271,0.004221049032565528,-0.0016532868149324868,0.004434953722001588,0.008469808899126291,0.010781634112787925,0.012781816673550434,0.0063781351930103265,0.006178846649722,0.005642765814138205,0.005794566258935663,0.006199690090548054,0.006902443110405085,0.006005484838760922,0.006210949864972198,0.007893904953137408,0.0065628566131850676,0.004703476260524225,0.006415313407466242,0.004217174109610801,0.004518279822081016,0.006788369690230343,0.003622181194598888,0.004486166001588562,0.005174486659253376
Telcm,0.025080222938840345,0.016150259799841145,0.012240863084988085,0.012765104044479744,0.011648896069896745,0.03411699126290706,0.03932269797617157,0.0272691972867355,0.027624299780778395,0.02865379383002382,0.029846090115965052,0.03741466215726767,0.05813750943288321,0.024232267539316912,0.023021694557585383,0.02112648232565528,0.02489483199364576,0.03082421438602065,0.03373828960127084,0.026221431726767257,0.03842144574424146,0.03776166910246227,0.027995530713264494,0.025992971761715646,0.02299701800158856,0.013564596447974583,0.005415633359809374,0.018579022894360597,0.022828980409849087,0.020895801264495632,0.0063781351930103265,0.08032073209849083,0.028775025073868143,0.04374745677521842,0.07346997254964259,0.076581629146942,0.07615687264813344,0.051339927059571085,0.022191041842732316,0.03134564665925337,0.03067126372041302,0.0332370362573471,0.03836511316918188,0.023181029051628277,0.017892492505162835,0.02077520082605243,0.020502419647339162,0.03142867750913423,0.03449602253852264
PerSv,0.014753636401906274,0.01079857510881652,0.00826646199841144,0.009572898870532169,0.011058207536139794,0.017674625766481333,0.01973822951389992,0.01570020613661636,0.015463075326449562,0.01646180563780779,0.01836724038443209,0.019573290527402705,0.02662776905798252,0.014872625240667197,0.013659290478157268,0.01408310952501986,0.014499894320889594,0.01767554225416997,0.01901458023987291,0.015252274135027805,0.020097328505162826,0.018366260643367754,0.017156312447974584,0.01698358613343923,0.014501016009531374,0.008397601113582209,0.00477839733915806,0.010957080155679108,0.013682219375694997,0.015155179537728358,0.006178846649722,0.028775025073868143,0.030369837920571883,0.021582764749801427,0.030597810802223985,0.033126810106433674,0.03160343714535345,0.02262981282128674,0.014114009277204128,0.018422330703733125,0.018509526025417004,0.01770402837331216,0.021225843296266873,0.014421068223987291,0.011227523046862588,0.013217085988880065,0.012568334387609213,0.015296664691024623,0.01759898465766481
BusSv,0.019048004463860208,0.012532901747418586,0.009667305893566323,0.010419847005559967,0.010094448895949168,0.02425656981731533,0.02693630359015091,0.019348226735504362,0.020294552787926932,0.020662019142176326,0.022936399777601264,0.02735477056393964,0.040946834058776804,0.0183809725019857,0.017311944781572674,0.01622673664813343,0.018419841636219226,0.022255451771247024,0.02429970390786338,0.01886517636219221,0.027023785448768864,0.026106858443208897,0.020535541191421768,0.020008209102462267,0.017575272629070687,0.010169711056393964,0.006606483383637807,0.013603111262907065,0.015850251707704526,0.01828591248610008,0.005642765814138205,0.04374745677521842,0.021582764749801427,0.03360318433677521,0.048077972549642564,0.050696755806195384,0.04924911216838761,0.03425376309769657,0.016548608959491663,0.022903644352660846,0.02231595950754567,0.02396509062748213,0.026933646910246224,0.01727490352660841,0.013224611151707708,0.01553159380460683,0.015767341334392372,0.02082146540111199,0.025103241493248607
Hardw,0.027277442096902298,0.016903898681493244,0.012620874853057983,0.014325693566322479,0.01161804829229547,0.03727610592533757,0.040966061795075455,0.028366367434471802,0.029869347386814935,0.02893257594916599,0.03185120292295472,0.042721220460683086,0.06497641407466244,0.02634659072279586,0.02531159599682288,0.022721134392374904,0.026997012231930104,0.03347792803812549,0.036315941572676716,0.02878928908657665,0.044055602319301015,0.04272982681493249,0.029410249340746625,0.026534261540905477,0.026620684861000794,0.015021830436854646,0.01089786964257347,0.01978827151707704,0.023725106878474983,0.023296132676727553,0.005794566258935663,0.07346997254964259,0.030597810802223985,0.048077972549642564,0.09338661953931691,0.08683809153296265,0.0897536581096108,0.059344451818903896,0.023677477966640187,0.03440331100873709,0.03187866169976171,0.037695350087370925,0.0398465353455123,0.025026850548054008,0.017836812486100074,0.02079380978554408,0.02261888587768069,0.032892100460683076,0.037468304940428916
Softw,0.027650687323272444,0.018012386500397146,0.013346366411437646,0.014431575247021445,0.012910876517871319,0.03916556892772042,0.04383941025893567,0.030603262281175537,0.030761535339158055,0.03123785375377284,0.03406088715488484,0.044618125645750586,0.06785612512152503,0.026433320060365365,0.026065227374106433,0.023215873823669575,0.027668579173947577,0.033983693658459095,0.036449773092930904,0.029000935593328035,0.043795550195393176,0.04268350066719619,0.030081052314535343,0.028061753331215248,0.026432476689436057,0.014203895158061947,0.010631085099285146,0.019528889048451153,0.02532334798093725,0.02404013423034154,0.006199690090548054,0.076581629146942,0.033126810106433674,0.050696755806195384,0.08683809153296265,0.09444992184908654,0.08836800201111994,0.0590861176203336,0.02395584841938046,0.035254197324861,0.03363596182049246,0.03928692893089753,0.04267684996028593,0.025988962976965846,0.019039396689436057,0.022054837458300246,0.02430434877521842,0.03389665449722001,0.03901674237331215
Chips,0.026799712112787925,0.016944943801429708,0.012367606074662432,0.014186247636219217,0.010978367104050835,0.03715440991262907,0.04084245783478952,0.029110661666401916,0.02979677937092931,0.029114195928514688,0.03166696785702938,0.042899745498014306,0.06681092369499601,0.027108875261318506,0.025045587621922154,0.02257686522319301,0.027443729428117555,0.03388525648451151,0.03746499760603653,0.02981216791739475,0.04735609893884034,0.044971994082605236,0.02987639326131851,0.02687720883717236,0.027820597639396337,0.0156787686624305,0.008359883566322477,0.019966055113582203,0.026050079938046065,0.024500011448768868,0.006902443110405085,0.07615687264813344,0.03160343714535345,0.04924911216838761,0.0897536581096108,0.08836800201111994,0.10106260400158856,0.06416777118824464,0.02376115796664019,0.03559358143606036,0.03304987540746625,0.03812617882922954,0.04041413787926926,0.02428144249563145,0.017968107917394765,0.021329273566322478,0.0229162224638602,0.034318161650516286,0.03719797754725973
LabEq,0.019688464265289914,0.01284287379030977,0.010014022951548848,0.009842416551231135,0.01012954783796664,0.026489403621922154,0.0294268222065131,0.021251204802223988,0.021679121585385226,0.020886778632247815,0.024454378779984114,0.03126923413343924,0.0494918776203336,0.01989161968069897,0.018691510303415416,0.017782259580619537,0.02015382378872121,0.024804475915806194,0.026524474250992858,0.02155539772517871,0.03309864389833202,0.03195757718030182,0.021669793687053216,0.02019689660206513,0.02008966677998411,0.011992086324066719,0.006176524741858619,0.015000835262907068,0.016539306905480538,0.019870029259729943,0.006005484838760922,0.051339927059571085,0.02262981282128674,0.03425376309769657,0.059344451818903896,0.0590861176203336,0.06416777118824464,0.05120579350436854,0.01724399361397935,0.02581411275297856,0.023596091204130268,0.02706355857188244,0.028327159038919775,0.018042277977760125,0.013055473801429707,0.016035848435266085,0.0169286796457506,0.023351196509928514,0.027539219065925335
