,Agric,Food ,Soda ,Beer ,Smoke,Toys ,Fun  ,Books,Hshld,Clths,Hlth ,MedEq,Drugs,Chems,Rubbr,Txtls,BldMt,Cnstr,Steel,FabPr,Mach ,ElcEq,Autos,Aero ,Ships,Guns ,Gold ,Mines,Coal ,Oil  ,Util ,Telcm,PerSv,BusSv,Hardw,Softw,Chips,LabEq,Paper,Boxes,Trans,Whlsl,Rtail,Meals,Banks,Insur,RlEst,Fin  ,Other
Agric,0.05682631542494041,0.007279452327243845,0.006627402414614773,0.006555921143764893,0.009051347513899919,0.013550878888006353,0.016529400158856233,0.012119875043685465,0.011864522986497218,0.011096178077839556,0.0138713770293884,0.015781964956314534,0.022216366068308183,0.011817453820492452,0.011687734996028596,0.013108043050039713,0.011787479809372515,0.014053723399523434,0.015092253312152502,0.012324683749007147,0.015445728800635427,0.014587575949166005,0.014611573407466244,0.014355688546465448,0.010275289563145353,0.009215657855440828,0.009755931501191417,0.013764192946783164,0.009369938173153297,0.010329588530579822,0.007872898173153293,0.023279462494042894,0.013232996092136615,0.017091793645750593,0.023934407625099286,0.024227731882446386,0.024891725051628275,0.019262924098490872,0.010741089753772836,0.012770287498014291,0.01380223231135822,0.014144805401111996,0.015838514662430497,0.012145597807783955,0.00739459005559968,0.010715738617950754,0.00818548352660842,0.012986397458300235,0.01486691262907069
Food ,0.007279452327243845,0.013884972484511517,0.0057372642414614755,0.005798686401906277,0.00999345310246227,0.009532391579030974,0.012526576719618746,0.010609758152501987,0.01027063483399523,0.010279537254964258,0.010690287555202542,0.010410093070691021,0.016240074517871326,0.011428142810166795,0.008452197227958695,0.010115171064336775,0.009686287596505165,0.012649492911834785,0.01271651540587768,0.008873562768864177,0.012769313704527397,0.011117004937251786,0.012821437269261316,0.011421570152501986,0.008443335617156475,0.005876572196981733,-0.0023207697442414617,0.007711931945988884,0.009457009734710085,0.008097215839555203,0.008288695080222397,0.017013742276409848,0.00977502482764098,0.012135556200158857,0.016699335480540107,0.016919972702144556,0.017853093993645746,0.01354963431771247,0.010146839321683872,0.012535348957903097,0.011951550106433676,0.01010803335186656,0.012905533995234314,0.008772591451945987,0.006389883669579032,0.010579413299444002,0.0065870600698967425,0.01049278925655282,0.011462941555202546
Soda ,0.006627402414614773,0.0057372642414614755,0.03409359955520254,0.007023368387609214,0.009902500270055598,0.007532820428911835,0.009259348975377283,0.00825505448768864,0.008059881016679907,0.007326246767275615,0.008171070976965844,0.006985402255758539,0.011179462875297858,0.008744692231930105,0.005972371119936458,0.010152984495631453,0.00734141451945989,0.008673228371723593,0.01021999510722796,0.004667126354249404,0.008872710405083402,0.007026068816521049,0.010501276632247813,0.0075173664495631455,0.005956552565528194,0.0026235947895154876,-0.0044165429070691,0.007576385861795075,0.00620702964257347,0.007045317521842731,0.007223871803018268,0.011820109610802222,0.00784484949960286,0.008602443907863381,0.010872801779189834,0.011162312692613186,0.012090471040508342,0.009677763335980936,0.00802350357426529,0.010479125909451947,0.008897174678316126,0.007608660905480539,0.010010108244638608,0.006678882700555997,0.005085584177918984,0.008787636886417791,0.005326327243844321,0.008078596727561553,0.007924606799046862
Beer ,0.006555921143764893,0.005798686401906277,0.007023368387609214,0.030064948530579814,0.008754687783955517,0.007768186449563146,0.008664836870532168,0.007034348196981731,0.006735485750595707,0.008505597490071484,0.008764952311358218,0.008439240826052423,0.01245391652104845,0.008475512486100081,0.007281967069102464,0.007184147402700555,0.00751000298649722,0.009414475742652896,0.009755828054011118,0.006076621397934868,0.009717140158856235,0.008827939666401906,0.009496226036536931,0.008684407958697378,0.004971709086576648,0.0034167303891977758,-0.0013538583637807777,0.007296041779189832,0.0073780064177919,0.006976234138204923,0.007316806687847498,0.012835847768069895,0.008412952803812549,0.00933453194598888,0.013044324559173946,0.012737791453534549,0.014220680111199367,0.010568971993645749,0.007846319888800633,0.007426288943606036,0.00896781661636219,0.008233868610007942,0.010653083812549643,0.007120718808578236,0.00467698922954726,0.007816632597299441,0.005026526417791899,0.00830670012708499,0.009446248657664814
Smoke,0.009051347513899919,0.00999345310246227,0.009902500270055598,0.008754687783955517,0.08261746976330421,0.010429946668784749,0.014154696838760921,0.01193121887847498,0.009807260359015092,0.010477483215250197,0.012956299177124703,0.011707287650516282,0.01789750558856235,0.01559587261000794,0.010656185099285145,0.009637178459094519,0.010557203532962668,0.012573400279586975,0.01637176666560763,0.006222606729150121,0.013002556861000795,0.011217299723590151,0.01537553015409055,0.01250932672279587,0.008275955761715645,0.007389790017474189,-0.004645783110405083,0.014115318824463858,0.016466521296266877,0.011778116778395553,0.013150764219221607,0.015693501598093726,0.012261766589356628,0.012254089906274825,0.015706752915011914,0.01469877781096108,0.01507459098967435,0.013131588333598095,0.012878383186656078,0.016384863269261314,0.013142395367752184,0.011112803304209693,0.014109086735504367,0.00905913205401112,0.008083871771247022,0.013373357814138204,0.0055169748181096104,0.011803773350278,0.012821547526608423
Toys ,0.013550878888006353,0.009532391579030974,0.007532820428911835,0.007768186449563146,0.010429946668784749,0.040017873072279574,0.02437809030182684,0.018146108239872914,0.01683478342811755,0.018842681019857033,0.016818855498014297,0.021501753594916594,0.030970898600476568,0.018240644223987294,0.015080726441620333,0.018078304249404292,0.017249073807783958,0.020774040489277206,0.0216433962319301,0.016155385612390785,0.02358793648451151,0.021021010497220015,0.021157202575059573,0.016840857459888798,0.012328298063542494,0.007158198598888008,0.0021916404861000807,0.01402409512311358,0.01416133875774424,0.012716609358220811,0.008735296764098491,0.03749466488165211,0.017770666003177123,0.02418244112470215,0.03825936451945989,0.038577310779984116,0.040399789625099276,0.028898355747418586,0.015429208058776808,0.0217306012533757,0.020063851202541703,0.020382862930897534,0.023386244400317707,0.015080937409054805,0.00955272185861795,0.013584480177918981,0.010789430617950752,0.019896954689436055,0.021099350260524227
Fun  ,0.016529400158856233,0.012526576719618746,0.009259348975377283,0.008664836870532168,0.014154696838760921,0.02437809030182684,0.04407744939634631,0.021466522470214456,0.02025815224781572,0.021410900571882444,0.021453160317712473,0.025497693057982527,0.0384684840587768,0.021649806330420962,0.01772474926926132,0.020324435925337565,0.019988564273232715,0.02460358948371723,0.02562621893566322,0.018807732398729148,0.027537724980142966,0.025792516505162823,0.025897741723590148,0.022108618594122314,0.01372630968228753,0.009906508228752975,0.0010276789674344713,0.01368064714853058,0.016919479015091336,0.015948293097696586,0.011883254575059572,0.045109377958697364,0.02098408339158062,0.02909031291501191,0.044451907823669576,0.046007910976965855,0.04757895042891184,0.03422625122319301,0.0191944287132645,0.02584991147736299,0.025124236949960285,0.023442352223987287,0.028899003923749007,0.019071631938046067,0.011716168212867355,0.018139666592533753,0.012888511532962667,0.023732923550436852,0.026518588745035744
Books,0.012119875043685465,0.010609758152501987,0.00825505448768864,0.007034348196981731,0.01193121887847498,0.018146108239872914,0.021466522470214456,0.032117803162827634,0.016514237718824463,0.016380053289912624,0.017120295135822083,0.01826159117394758,0.02835347003494837,0.0176373244432089,0.014364335957108818,0.01740130715647339,0.01594944649086576,0.01939320804447974,0.02037331209531374,0.013416921698173153,0.021884902098490866,0.01976805983161239,0.020806808487688646,0.016406095525019853,0.012235302514694202,0.009447269728355839,-0.004431516095313741,0.012431375980937253,0.017663934366957897,0.012903092983320097,0.011219553803018268,0.033839025431294675,0.017204734022239876,0.021818557877680698,0.03300350852263702,0.033503423904686254,0.03585470959015092,0.026071542762509923,0.015908131753772835,0.02187741812073073,0.019507835513899917,0.017507991111993644,0.022380486243050036,0.014115067667990469,0.009883847323272438,0.014903734322478152,0.0097983031644162,0.01875226997776013,0.020112593180301827
Hshld,0.011864522986497218,0.01027063483399523,0.008059881016679907,0.006735485750595707,0.009807260359015092,0.01683478342811755,0.02025815224781572,0.016514237718824463,0.02426730175694996,0.016198086773629865,0.015476917667990468,0.017451852225575853,0.026181344571882453,0.01806931388085782,0.013359877140587771,0.017656252263701353,0.01601219155520255,0.020281039866560758,0.021269304934074664,0.015129061407466244,0.02169811466878475,0.01918575402065131,0.02077394534074662,0.01637433247339158,0.013086018414614771,0.008499133909451945,-0.00040287054487688634,0.014700663129467825,0.013110827475774425,0.012730567803018268,0.010872401455123111,0.030956480756155674,0.016191783078633837,0.020977304775218423,0.0317694420969023,0.03145920812073073,0.03411378088641779,0.024794385537728347,0.016231883965051628,0.021475020664019066,0.01983971924384432,0.01739384610007943,0.021823900206513105,0.014404547558379666,0.009674941858617952,0.014843781833200953,0.00938885151389992,0.017848987837966637,0.018782510322478154
Clths,0.011096178077839556,0.010279537254964258,0.007326246767275615,0.008505597490071484,0.010477483215250197,0.018842681019857033,0.021410900571882444,0.016380053289912624,0.016198086773629865,0.03148664539475774,0.01505957364257347,0.016547082198570297,0.025759134173153297,0.017624377445591734,0.013824085003971406,0.017896783717235902,0.015766841899920572,0.020196416527402693,0.02089811527243844,0.013961182230341538,0.020496588476568704,0.019217100721207303,0.02078384517553614,0.0177268460969023,0.011653900012708497,0.0071643597204130265,0.00029235397617156423,0.014964900397140582,0.015619215860206512,0.011184675548848291,0.009643023914217633,0.030790067726767272,0.016044590058776804,0.020936168171564733,0.029915959857029387,0.03089337491342336,0.03194879644479746,0.022998020228752976,0.01521685921207307,0.020836953839555198,0.02042040895313741,0.017664011739475776,0.02435076721207308,0.014781957334392378,0.009072052708498809,0.014164358786338364,0.010102289645750596,0.017462961089753776,0.019369273585385236
Hlth ,0.0138713770293884,0.010690287555202542,0.008171070976965844,0.008764952311358218,0.012956299177124703,0.016818855498014297,0.021453160317712473,0.017120295135822083,0.015476917667990468,0.01505957364257347,0.03351973176171565,0.020090227024622716,0.03180025149483717,0.01700751722954726,0.014129539920571883,0.016399559523431292,0.014755118011119936,0.018901431536139792,0.02010499874821287,0.014009108740270053,0.02083219108498809,0.01943469876409849,0.01904280613820493,0.017669095891977758,0.011930677591739476,0.00776884414932486,0.002705323882446384,0.011736114376489274,0.015821154872120727,0.014705177575853852,0.010745044212867351,0.03231016538840349,0.016640541979348694,0.02264450422875297,0.032182821922160446,0.03303682049880858,0.0340304014551231,0.02592814629388403,0.014888812918189042,0.018505053750595704,0.018267765826846707,0.018250848800635426,0.021400572581413823,0.014417491653693403,0.00965938818109611,0.01586932230023828,0.009710411876092133,0.01757179146624305,0.018997614671961878
MedEq,0.015781964956314534,0.010410093070691021,0.006985402255758539,0.008439240826052423,0.011707287650516282,0.021501753594916594,0.025497693057982527,0.01826159117394758,0.017451852225575853,0.016547082198570297,0.020090227024622716,0.03163772730103255,0.04087634816203336,0.017527188511517078,0.015604703193010322,0.016475010325655275,0.016294780498808573,0.021072960597299444,0.0226516453629865,0.017073447682287527,0.024738111364575058,0.0242834660460683,0.020727838525814137,0.017235614030182686,0.011547949725178714,0.008954202630659254,0.002616181083399522,0.013240657950754567,0.01689424418745036,0.01544697812867355,0.009051585918983316,0.03958161854805401,0.018447157057982524,0.026942191256552825,0.04272769089753772,0.043505353220015884,0.0447365736743447,0.03301813810325654,0.015535629604447973,0.02078430625575854,0.019439111745830028,0.02154716861000794,0.023078269293089745,0.015165139647339159,0.009297693788721207,0.01401688534392375,0.011085395088165209,0.02010345532009531,0.023384088146147744
Drugs,0.022216366068308183,0.016240074517871326,0.011179462875297858,0.01245391652104845,0.01789750558856235,0.030970898600476568,0.0384684840587768,0.02835347003494837,0.026181344571882453,0.025759134173153297,0.03180025149483717,0.04087634816203336,0.08074824867196186,0.027497000204924536,0.022783950730738686,0.024579396656076252,0.02425417941540905,0.032664677884034946,0.03341623375377284,0.024279480211278792,0.03851856233042097,0.03917507229229547,0.029868509215250194,0.02586105992216044,0.018542515267672758,0.00989401969499603,-0.0010277073137410653,0.01931354548054011,0.024906903841143763,0.0233549388101668,0.015802990854646544,0.06419810956791103,0.02697644603494838,0.04253356998888006,0.0689303380381255,0.06984865273391579,0.07370820072915012,0.05442385355520256,0.023230340528991266,0.032403610514694196,0.03025367055123114,0.032651696338363775,0.03499185930103257,0.022117398235107225,0.014486817807783952,0.022672261178713266,0.017520812317712464,0.03161109357744241,0.03624604063383638
Chems,0.011817453820492452,0.011428142810166795,0.008744692231930105,0.008475512486100081,0.01559587261000794,0.018240644223987294,0.021649806330420962,0.0176373244432089,0.01806931388085782,0.017624377445591734,0.01700751722954726,0.017527188511517078,0.027497000204924536,0.029756354343129468,0.015041322501985697,0.019327958705321686,0.01749466271961874,0.02129121361080222,0.024664177677521843,0.0148612638649722,0.02360108892295472,0.020613433690230342,0.023727035458300235,0.019017573011914223,0.014970086721207308,0.008940852069896744,-0.0027109357807783936,0.01685864142970611,0.016405611926926127,0.016494302861000797,0.013776458352660838,0.031097901418586173,0.016886322142970606,0.021303565636219223,0.031358250778395554,0.030138991701350273,0.03435413748848292,0.02533979682764098,0.020209554651310566,0.025525368306592536,0.021906486945194596,0.01806106690230342,0.022784445448768863,0.014804067003971407,0.010649136028594125,0.016872382957903095,0.009422142802223985,0.018841825952343134,0.020941168052422555
Rubbr,0.011687734996028596,0.008452197227958695,0.005972371119936458,0.007281967069102464,0.010656185099285145,0.015080726441620333,0.01772474926926132,0.014364335957108818,0.013359877140587771,0.013824085003971406,0.014129539920571883,0.015604703193010322,0.022783950730738686,0.015041322501985697,0.05003980599682288,0.013189043343923746,0.01343814352660842,0.016280857283558377,0.01913561566322478,0.012312033796664021,0.018581451254964253,0.017338470373312154,0.016550908316123904,0.012665708935663225,0.010933078689436061,0.008056311247021443,-0.0031811636695790305,0.010927337124702145,0.012012455123113584,0.011079435925337567,0.008716795941223193,0.02777096974583002,0.01393283873709293,0.018225997871326453,0.027681634511517075,0.027303170230341536,0.02998581519459889,0.021795067633042096,0.013903166584590945,0.01781202606036537,0.016937906433677524,0.015406513288324064,0.017944942509928515,0.011987288443208895,0.007982805226370135,0.011680307545671167,0.008658618474980142,0.014888946378077838,0.016666571254964256
Txtls,0.013108043050039713,0.010115171064336775,0.010152984495631453,0.007184147402700555,0.009637178459094519,0.018078304249404292,0.020324435925337565,0.01740130715647339,0.017656252263701353,0.017896783717235902,0.016399559523431292,0.016475010325655275,0.024579396656076252,0.019327958705321686,0.013189043343923746,0.057232051270849876,0.017365894122319304,0.021987114408260525,0.023213943097696595,0.01417139822875298,0.021793144932486103,0.019415089976171567,0.021925419880857822,0.018978364837172353,0.012727022883240666,0.007851983240667196,0.0018262377601270874,0.015331469483717235,0.019010489404289118,0.016658374209690234,0.012823708554408259,0.029038898308181092,0.017942634400317715,0.0201173882446386,0.02804052428117553,0.02799548616362192,0.030549844122319307,0.024250863613979348,0.017824084344718032,0.02382896005559968,0.02038523625099285,0.01730848242255759,0.021630224924543282,0.01482733100079428,0.009827447895154884,0.014495553804606829,0.010374285003971405,0.017805943661636216,0.01887888456711676
BldMt,0.011787479809372515,0.009686287596505165,0.00734141451945989,0.00751000298649722,0.010557203532962668,0.017249073807783958,0.019988564273232715,0.01594944649086576,0.01601219155520255,0.015766841899920572,0.014755118011119936,0.016294780498808573,0.02425417941540905,0.01749466271961874,0.01343814352660842,0.017365894122319304,0.021269737944400315,0.019914784851469424,0.02111068931532963,0.014627408187450355,0.021467181645750597,0.01890957306433677,0.02097844749483717,0.017975997264495634,0.012466678789515484,0.010622117718824464,-0.0021400802096902287,0.013931157140587772,0.014205519021445592,0.012933186366957903,0.01067844742494043,0.02955931090389197,0.015195779542494037,0.019721604200158855,0.029956649451945993,0.029317833722001585,0.032403458430500395,0.023504341372517872,0.01621776971247021,0.021240660400317704,0.01903676107386815,0.017024212946783163,0.020854956219221604,0.01387344140111199,0.00920817807783956,0.014329663281969813,0.009144491266084196,0.01704306711040508,0.019169636730738678
Cnstr,0.014053723399523434,0.012649492911834785,0.008673228371723593,0.009414475742652896,0.012573400279586975,0.020774040489277206,0.02460358948371723,0.01939320804447974,0.020281039866560758,0.020196416527402693,0.018901431536139792,0.021072960597299444,0.032664677884034946,0.02129121361080222,0.016280857283558377,0.021987114408260525,0.019914784851469424,0.04094591665766481,0.02611138985861795,0.01779967742017474,0.02641009061795075,0.023953657023034147,0.025516553791898326,0.020521098700555997,0.01434043655599682,0.011049963329626683,-0.0016493159777601289,0.017929878093725173,0.018912671828435267,0.017665461718824462,0.01391151240031771,0.03771786655440826,0.02066718269737887,0.024877133496425733,0.03838105502779985,0.03755344967752185,0.041454878868943605,0.03015514172517872,0.019834082376489277,0.025759364841938047,0.023758672571882442,0.021155067005559965,0.02660816076250993,0.01681317850357427,0.011378806131850676,0.01777413713105639,0.010946627177124702,0.0223862640889595,0.02490751648610007
Steel,0.015092253312152502,0.01271651540587768,0.01021999510722796,0.009755828054011118,0.01637176666560763,0.0216433962319301,0.02562621893566322,0.02037331209531374,0.021269304934074664,0.02089811527243844,0.02010499874821287,0.0226516453629865,0.03341623375377284,0.024664177677521843,0.01913561566322478,0.023213943097696595,0.02111068931532963,0.02611138985861795,0.04048017031930103,0.01773672463224782,0.029081217131056394,0.02539902048610008,0.028169313664813338,0.022590037000794275,0.01750085997140588,0.011830920152501983,0.0014908849753772844,0.02065692171564734,0.021309869795075456,0.019956411488482918,0.013869746268467037,0.04160377073232723,0.02058975867831612,0.027090420200158852,0.04180139037331215,0.040066891520254166,0.04602204303097697,0.03234867742017474,0.021596948969023033,0.029051747208895952,0.0260881743669579,0.022974565115170764,0.026579946528991254,0.01817807330897538,0.012031634916600477,0.018403529442414617,0.012395938312946784,0.023119579005559974,0.02430684341223193
FabPr,0.012324683749007147,0.008873562768864177,0.004667126354249404,0.006076621397934868,0.006222606729150121,0.016155385612390785,0.018807732398729148,0.013416921698173153,0.015129061407466244,0.013961182230341538,0.014009108740270053,0.017073447682287527,0.024279480211278792,0.0148612638649722,0.012312033796664021,0.01417139822875298,0.014627408187450355,0.01779967742017474,0.01773672463224782,0.05803345946147736,0.020225811674344715,0.01802633273391581,0.016300203362986494,0.01517348592057188,0.011606722870532165,0.012343580279586973,0.013788043307386819,0.014276464686258934,0.013826013083399523,0.01298642714376489,0.007876505482128674,0.02862414197140587,0.014546334667196186,0.018879273448768864,0.03003354100873709,0.02912889333121525,0.032227289170770446,0.023224247007148528,0.013663277777601271,0.018407746930897535,0.016420235145353457,0.016355181151707705,0.01885881818903892,0.01265101414297061,0.008116903653693407,0.012525989426528989,0.008570113166004768,0.015396261618745037,0.016981907884034947
Mach ,0.015445728800635427,0.012769313704527397,0.008872710405083402,0.009717140158856235,0.013002556861000795,0.02358793648451151,0.027537724980142966,0.021884902098490866,0.02169811466878475,0.020496588476568704,0.02083219108498809,0.024738111364575058,0.03851856233042097,0.02360108892295472,0.018581451254964253,0.021793144932486103,0.021467181645750597,0.02641009061795075,0.029081217131056394,0.020225811674344715,0.03676084125655282,0.028499325598093712,0.02663011225258141,0.02263699611278792,0.01789600484988086,0.011419433127879271,1.9971593328040483e-05,0.01762720727561556,0.021807265868149323,0.02022538299126291,0.013621900617950758,0.046227306924543285,0.021635823903097703,0.029883342023828422,0.049702214988085774,0.04742172474662431,0.056226871115170766,0.03922127858459094,0.020883702524225577,0.02947104919301032,0.026057091145353463,0.02448102803018268,0.028117315186656073,0.01803342013820492,0.012056399571088167,0.01849945159015091,0.01308921966957903,0.02511763089912629,0.02595628884352661
ElcEq,0.014587575949166005,0.011117004937251786,0.007026068816521049,0.008827939666401906,0.011217299723590151,0.021021010497220015,0.025792516505162823,0.01976805983161239,0.01918575402065131,0.019217100721207303,0.01943469876409849,0.0242834660460683,0.03917507229229547,0.020613433690230342,0.017338470373312154,0.019415089976171567,0.01890957306433677,0.023953657023034147,0.02539902048610008,0.01802633273391581,0.028499325598093712,0.03865768974741858,0.022824388581413824,0.019520810249404292,0.015135849550436856,0.010970857404289118,0.000520037159650517,0.015349564511517078,0.01865838915965052,0.016862118144559173,0.011559580644956316,0.04335452494996028,0.019414331513899916,0.027980345220015888,0.04709218347895154,0.045407653744241466,0.05151481408737093,0.03638931433836378,0.017612155513899917,0.02318801580301827,0.0231936853121525,0.02248965563145353,0.025340008864177914,0.016276488559173945,0.010543787418586179,0.016087611475774418,0.012106811958697379,0.022662054684670377,0.023910520362192215
Autos,0.014611573407466244,0.012821437269261316,0.010501276632247813,0.009496226036536931,0.01537553015409055,0.021157202575059573,0.025897741723590148,0.020806808487688646,0.02077394534074662,0.02078384517553614,0.01904280613820493,0.020727838525814137,0.029868509215250194,0.023727035458300235,0.016550908316123904,0.021925419880857822,0.02097844749483717,0.025516553791898326,0.028169313664813338,0.016300203362986494,0.02663011225258141,0.022824388581413824,0.0388730610627482,0.02420383226211279,0.01652970539952343,0.01097184346624305,-0.0025168179920571888,0.01878285585385226,0.018821372854646534,0.01530441955361398,0.014761999026211272,0.03708346125019857,0.020217308039714055,0.024941959637807785,0.03622258127879269,0.03547721207942811,0.039603423845909445,0.028971679995234305,0.021804257739475773,0.028076650597299444,0.026608967574265285,0.020925766266878473,0.027827338729150122,0.018308267960285948,0.01209377389992057,0.019053920457505952,0.01145630072438443,0.021897675938046063,0.023951963607625096
Aero ,0.014355688546465448,0.011421570152501986,0.0075173664495631455,0.008684407958697378,0.01250932672279587,0.016840857459888798,0.022108618594122314,0.016406095525019853,0.01637433247339158,0.0177268460969023,0.017669095891977758,0.017235614030182686,0.02586105992216044,0.019017573011914223,0.012665708935663225,0.018978364837172353,0.017975997264495634,0.020521098700555997,0.022590037000794275,0.01517348592057188,0.02263699611278792,0.019520810249404292,0.02420383226211279,0.05632991615409055,0.014846572579825256,0.010230361877680692,0.0015282652803812525,0.0160127962827641,0.016861873696584595,0.014698300617950757,0.011698415499602861,0.02996715750119142,0.017501041272438442,0.02098506435583797,0.028555451699761716,0.02854020118189039,0.0319085317887212,0.02349953847021445,0.01907319678633836,0.02254273004130262,0.022792553785544078,0.017731765901509135,0.022738346735504365,0.015815783909451944,0.010174824257347103,0.016000723729944398,0.009685625204130263,0.018041964405083398,0.019723635235901506
Ships,0.010275289563145353,0.008443335617156475,0.005956552565528194,0.004971709086576648,0.008275955761715645,0.012328298063542494,0.01372630968228753,0.012235302514694202,0.013086018414614771,0.011653900012708497,0.011930677591739476,0.011547949725178714,0.018542515267672758,0.014970086721207308,0.010933078689436061,0.012727022883240666,0.012466678789515484,0.01434043655599682,0.01750085997140588,0.011606722870532165,0.01789600484988086,0.015135849550436856,0.01652970539952343,0.014846572579825256,0.04381345902938839,0.009845469836378077,0.0009195398792692624,0.011187217601270847,0.011890494729150115,0.012655997742652898,0.009766605745830026,0.022818213164416203,0.01269702913582208,0.015698854379666408,0.02484983616362192,0.0228897509833201,0.02781383860365369,0.019646123633042096,0.012812400185861796,0.01788132537092931,0.014648026446386016,0.013052942263701354,0.015404918840349485,0.009509621018268466,0.007750948546465449,0.012302954420969021,0.007140401185067512,0.013989194778395555,0.014288480192216043
Guns ,0.009215657855440828,0.005876572196981733,0.0026235947895154876,0.0034167303891977758,0.007389790017474189,0.007158198598888008,0.009906508228752975,0.009447269728355839,0.008499133909451945,0.0071643597204130265,0.00776884414932486,0.008954202630659254,0.00989401969499603,0.008940852069896744,0.008056311247021443,0.007851983240667196,0.010622117718824464,0.011049963329626683,0.011830920152501983,0.012343580279586973,0.011419433127879271,0.010970857404289118,0.01097184346624305,0.010230361877680692,0.009845469836378077,0.10070142347259729,0.01093914562668785,0.012770072629070693,0.014684849556791108,0.010830264625893565,0.00845317157426529,0.014775670986497218,0.00847918382525814,0.010396576514694202,0.01460004773629865,0.01366064170293884,0.016699838154090547,0.013247799723590147,0.009379782217633041,0.012261697788721207,0.00716142796505163,0.009656843193010326,0.010117847116759336,0.00458903446862589,0.006218260460683082,0.007997825677521843,0.00406636331691819,0.00846400272279587,0.010889830147736295
Gold ,0.009755931501191417,-0.0023207697442414617,-0.0044165429070691,-0.0013538583637807777,-0.004645783110405083,0.0021916404861000807,0.0010276789674344713,-0.004431516095313741,-0.00040287054487688634,0.00029235397617156423,0.002705323882446384,0.002616181083399522,-0.0010277073137410653,-0.0027109357807783936,-0.0031811636695790305,0.0018262377601270874,-0.0021400802096902287,-0.0016493159777601289,0.0014908849753772844,0.013788043307386819,1.9971593328040483e-05,0.000520037159650517,-0.0025168179920571888,0.0015282652803812525,0.0009195398792692624,0.01093914562668785,0.30988108296108025,0.029812414583002378,0.000682334792692611,0.012712681007148528,-0.0006876930230341541,0.002498287088165211,0.0023358188816521054,0.0020075746338363764,0.0030070317871326428,0.0015730893788721226,0.0003584755615567915,0.001003480066719618,-0.0035238189642573465,-0.0028826762414614787,-0.0023766379857029394,0.00203616046068308,-0.0015847841143764876,0.0002551764988085794,-0.00047561013502779917,-0.0027536495822080985,0.006877353861795075,-0.001378780495631452,-0.003533033826846705
Mines,0.013764192946783164,0.007711931945988884,0.007576385861795075,0.007296041779189832,0.014115318824463858,0.01402409512311358,0.01368064714853058,0.012431375980937253,0.014700663129467825,0.014964900397140582,0.011736114376489274,0.013240657950754567,0.01931354548054011,0.01685864142970611,0.010927337124702145,0.015331469483717235,0.013931157140587772,0.017929878093725173,0.02065692171564734,0.014276464686258934,0.01762720727561556,0.015349564511517078,0.01878285585385226,0.0160127962827641,0.011187217601270847,0.012770072629070693,0.029812414583002378,0.06691789280381256,0.0105135866878475,0.013267391453534554,0.01063946366957903,0.022125871421763303,0.013359129054805399,0.015815637299444,0.022738184718030182,0.022051892454328828,0.024829300365369334,0.01907993334392375,0.014252722859412231,0.021043375059571084,0.01693935828435266,0.014446620174741857,0.01700160184273233,0.011499878665607626,0.008533549992057188,0.013339345321683875,0.007487564956314536,0.015302300428911833,0.016232276441620334
Coal ,0.009369938173153297,0.009457009734710085,0.00620702964257347,0.0073780064177919,0.016466521296266877,0.01416133875774424,0.016919479015091336,0.017663934366957897,0.013110827475774425,0.015619215860206512,0.015821154872120727,0.01689424418745036,0.024906903841143763,0.016405611926926127,0.012012455123113584,0.019010489404289118,0.014205519021445592,0.018912671828435267,0.021309869795075456,0.013826013083399523,0.021807265868149323,0.01865838915965052,0.018821372854646534,0.016861873696584595,0.011890494729150115,0.014684849556791108,0.000682334792692611,0.0105135866878475,0.1270022689372518,0.02581273669896744,0.017915583631453534,0.03023383602223987,0.016010922967434466,0.018923883869737885,0.029004012772041312,0.028487000273232716,0.03352583168864179,0.02284638696743447,0.01622270150277998,0.023017685032565537,0.016886739259729944,0.01608769086576648,0.020814986973788717,0.01293736334868944,0.00911425353455123,0.014717094748212868,0.009661833722001585,0.016611213731532955,0.018801928050833992
Oil  ,0.010329588530579822,0.008097215839555203,0.007045317521842731,0.006976234138204923,0.011778116778395553,0.012716609358220811,0.015948293097696586,0.012903092983320097,0.012730567803018268,0.011184675548848291,0.014705177575853852,0.01544697812867355,0.0233549388101668,0.016494302861000797,0.011079435925337567,0.016658374209690234,0.012933186366957903,0.017665461718824462,0.019956411488482918,0.01298642714376489,0.02022538299126291,0.016862118144559173,0.01530441955361398,0.014698300617950757,0.012655997742652898,0.010830264625893565,0.012712681007148528,0.013267391453534554,0.02581273669896744,0.0455503145655282,0.014888844220810167,0.02190363095631454,0.013091518794281177,0.01677166146465449,0.021828156322478157,0.021386587615567908,0.02480418456076251,0.019884693291501193,0.013262775023034154,0.01858899676092136,0.015578984095313737,0.014335196751389988,0.014796464003177126,0.010669185529785543,0.007354764781572674,0.011941217645750594,0.008532957944400314,0.013438337558379662,0.01548355812708499
Util ,0.007872898173153293,0.008288695080222397,0.007223871803018268,0.007316806687847498,0.013150764219221607,0.008735296764098491,0.011883254575059572,0.011219553803018268,0.010872401455123111,0.009643023914217633,0.010745044212867351,0.009051585918983316,0.015802990854646544,0.013776458352660838,0.008716795941223193,0.012823708554408259,0.01067844742494043,0.01391151240031771,0.013869746268467037,0.007876505482128674,0.013621900617950758,0.011559580644956316,0.014761999026211272,0.011698415499602861,0.009766605745830026,0.00845317157426529,-0.0006876930230341541,0.01063946366957903,0.017915583631453534,0.014888844220810167,0.022962484401906277,0.015934567245432886,0.01019803549324861,0.011556687237490069,0.014003631890389195,0.013377110678316125,0.016943084706910253,0.0129087851644162,0.01162088837331215,0.015542763308975372,0.01370059377918983,0.009852028602065127,0.01254248643367752,0.008899455938046068,0.00743975289912629,0.012786432158856232,0.005449327907863382,0.011215566003177128,0.012196720862589354
Telcm,0.023279462494042894,0.017013742276409848,0.011820109610802222,0.012835847768069895,0.015693501598093726,0.03749466488165211,0.045109377958697364,0.033839025431294675,0.030956480756155674,0.030790067726767272,0.03231016538840349,0.03958161854805401,0.06419810956791103,0.031097901418586173,0.02777096974583002,0.029038898308181092,0.02955931090389197,0.03771786655440826,0.04160377073232723,0.02862414197140587,0.046227306924543285,0.04335452494996028,0.03708346125019857,0.02996715750119142,0.022818213164416203,0.014775670986497218,0.002498287088165211,0.022125871421763303,0.03023383602223987,0.02190363095631454,0.015934567245432886,0.0957498801763304,0.03230918502462271,0.048571724695790304,0.08330156302621126,0.08352387738204926,0.0901776784003177,0.06062035827005559,0.027213178428911834,0.03910682372200158,0.03722913566957903,0.03734847239872914,0.043504981397934885,0.025999256652899125,0.017655489960285944,0.025257693763304206,0.018847634595710885,0.03974145481969817,0.03913423662112789
PerSv,0.013232996092136615,0.00977502482764098,0.00784484949960286,0.008412952803812549,0.012261766589356628,0.017770666003177123,0.02098408339158062,0.017204734022239876,0.016191783078633837,0.016044590058776804,0.016640541979348694,0.018447157057982524,0.02697644603494838,0.016886322142970606,0.01393283873709293,0.017942634400317715,0.015195779542494037,0.02066718269737887,0.02058975867831612,0.014546334667196186,0.021635823903097703,0.019414331513899916,0.020217308039714055,0.017501041272438442,0.01269702913582208,0.00847918382525814,0.0023358188816521054,0.013359129054805399,0.016010922967434466,0.013091518794281177,0.01019803549324861,0.03230918502462271,0.030759175629864972,0.021791540187450352,0.03174436015091341,0.03294812765051628,0.03467823399364574,0.02496848106910246,0.015327411855440823,0.020609027099285138,0.019824294252581406,0.01783067969023034,0.022235287196187455,0.014673812182684666,0.009849834328832404,0.014433697429706117,0.010263467409054806,0.01794858523749007,0.018457696551231133
BusSv,0.017091793645750593,0.012135556200158857,0.008602443907863381,0.00933453194598888,0.012254089906274825,0.02418244112470215,0.02909031291501191,0.021818557877680698,0.020977304775218423,0.020936168171564733,0.02264450422875297,0.026942191256552825,0.04253356998888006,0.021303565636219223,0.018225997871326453,0.0201173882446386,0.019721604200158855,0.024877133496425733,0.027090420200158852,0.018879273448768864,0.029883342023828422,0.027980345220015888,0.024941959637807785,0.02098506435583797,0.015698854379666408,0.010396576514694202,0.0020075746338363764,0.015815637299444,0.018923883869737885,0.01677166146465449,0.011556687237490069,0.048571724695790304,0.021791540187450352,0.03437266359968229,0.05077056927720412,0.051531448565528194,0.054448688559173945,0.038131713639396346,0.01877117892930898,0.026052059297855434,0.024710324104845117,0.02484060301826846,0.028394830214455904,0.017964799599682287,0.011633231389992052,0.017687855955520245,0.013269940854646545,0.024871603850675127,0.02667903403971406
Hardw,0.023934407625099286,0.016699335480540107,0.010872801779189834,0.013044324559173946,0.015706752915011914,0.03825936451945989,0.044451907823669576,0.03300350852263702,0.0317694420969023,0.029915959857029387,0.032182821922160446,0.04272769089753772,0.0689303380381255,0.031358250778395554,0.027681634511517075,0.02804052428117553,0.029956649451945993,0.03838105502779985,0.04180139037331215,0.03003354100873709,0.049702214988085774,0.04709218347895154,0.03622258127879269,0.028555451699761716,0.02484983616362192,0.01460004773629865,0.0030070317871326428,0.022738184718030182,0.029004012772041312,0.021828156322478157,0.014003631890389195,0.08330156302621126,0.03174436015091341,0.05077056927720412,0.10290818350277997,0.09191545496425733,0.10217485136616362,0.06711684868149323,0.02736084475774424,0.0386876431056394,0.03675372022239873,0.03977486844320889,0.04329071667990468,0.025662739642573474,0.01655998451151708,0.02416415173947577,0.01971140319301033,0.04026635093725179,0.04039314782366958
Softw,0.024227731882446386,0.016919972702144556,0.011162312692613186,0.012737791453534549,0.01469877781096108,0.038577310779984116,0.046007910976965855,0.033503423904686254,0.03145920812073073,0.03089337491342336,0.03303682049880858,0.043505353220015884,0.06984865273391579,0.030138991701350273,0.027303170230341536,0.02799548616362192,0.029317833722001585,0.03755344967752185,0.040066891520254166,0.02912889333121525,0.04742172474662431,0.045407653744241466,0.03547721207942811,0.02854020118189039,0.0228897509833201,0.01366064170293884,0.0015730893788721226,0.022051892454328828,0.028487000273232716,0.021386587615567908,0.013377110678316125,0.08352387738204926,0.03294812765051628,0.051531448565528194,0.09191545496425733,0.09624300871167595,0.09681734350436853,0.06466016217950754,0.026177495428117547,0.03798402830182685,0.03631060201429706,0.03993412784749802,0.04408928473391579,0.025978488381254963,0.016693877108816518,0.024067436930897537,0.020098940073073866,0.039566656088959484,0.04043319751548848
Chips,0.024891725051628275,0.017853093993645746,0.012090471040508342,0.014220680111199367,0.01507459098967435,0.040399789625099276,0.04757895042891184,0.03585470959015092,0.03411378088641779,0.03194879644479746,0.0340304014551231,0.0447365736743447,0.07370820072915012,0.03435413748848292,0.02998581519459889,0.030549844122319307,0.032403458430500395,0.041454878868943605,0.04602204303097697,0.032227289170770446,0.056226871115170766,0.05151481408737093,0.039603423845909445,0.0319085317887212,0.02781383860365369,0.016699838154090547,0.0003584755615567915,0.024829300365369334,0.03352583168864179,0.02480418456076251,0.016943084706910253,0.0901776784003177,0.03467823399364574,0.054448688559173945,0.10217485136616362,0.09681734350436853,0.11839760593963464,0.07506761828911836,0.029482289885623496,0.04254616752819698,0.04054283553931692,0.04259153516282764,0.04652831537728356,0.02688250762351072,0.01803793682287529,0.026447199955520258,0.020745678624305004,0.04420185516600477,0.042985573119936456
LabEq,0.019262924098490872,0.01354963431771247,0.009677763335980936,0.010568971993645749,0.013131588333598095,0.028898355747418586,0.03422625122319301,0.026071542762509923,0.024794385537728347,0.022998020228752976,0.02592814629388403,0.03301813810325654,0.05442385355520256,0.02533979682764098,0.021795067633042096,0.024250863613979348,0.023504341372517872,0.03015514172517872,0.03234867742017474,0.023224247007148528,0.03922127858459094,0.03638931433836378,0.028971679995234305,0.02349953847021445,0.019646123633042096,0.013247799723590147,0.001003480066719618,0.01907993334392375,0.02284638696743447,0.019884693291501193,0.0129087851644162,0.06062035827005559,0.02496848106910246,0.038131713639396346,0.06711684868149323,0.06466016217950754,0.07506761828911836,0.05829416675297855,0.021874588786338366,0.031282842880063534,0.029018636066719616,0.02989613317712471,0.03283631553613979,0.020113440036536936,0.01325227334392375,0.019796101833200956,0.014928833102462272,0.030350909339158072,0.03177223242732327
