,Agric,Food ,Soda ,Beer ,Smoke,Toys ,Fun  ,Books,Hshld,Clths,Hlth ,MedEq,Drugs,Chems,Rubbr,Txtls,BldMt,Cnstr,Steel,FabPr,Mach ,ElcEq,Autos,Aero ,Ships,Guns ,Gold ,Mines,Coal ,Oil  ,Util ,Telcm,PerSv,BusSv,Hardw,Softw,Chips,LabEq,Paper,Boxes,Trans,Whlsl,Rtail,Meals,Banks,Insur,RlEst,Fin  ,Other
Agric,0.05904066516918188,0.008836110954725975,0.00808945541858618,0.007648747733121524,0.01007983227323272,0.015675760803812548,0.018949649588562354,0.013258555980937252,0.014334580336775218,0.013593620111199366,0.01637691989197776,0.01822028756473391,0.0254498874344718,0.012882496228752973,0.013776890195393169,0.014177199005559967,0.013111244714853053,0.015481058541699762,0.016868838344718022,0.014536453407466246,0.01691794229706116,0.015564812965845911,0.015218665296266882,0.01612414618268468,0.012798571463065926,0.010704659984114377,0.010960920422557583,0.014823482007942805,0.012743485318506753,0.01365980205559968,0.007597026640190628,0.026149996384432092,0.01535599988244638,0.019765982532168394,0.026542553131056384,0.027586604530579824,0.026835597985702946,0.02058446445115171,0.012001463456711676,0.014851871256552818,0.01566625753772835,0.01631396769817315,0.018149268216044477,0.013724549839555199,0.009757671977760127,0.012100490265289912,0.010632471596505164,0.01380207490389198,0.017178125067513903
Food ,0.008836110954725975,0.016074674343129463,0.007182650133439237,0.007795583839555205,0.010212149807783955,0.011386751880857823,0.01442761096743447,0.012090333351866562,0.012244858956314534,0.012540841525019856,0.012863363348689436,0.012727598749801427,0.018627515965051623,0.012522679942811754,0.010178497183478949,0.011360000779984114,0.011220231647339157,0.013817562665607625,0.014305587096108024,0.010815560571882443,0.014374634414614774,0.012670052490865766,0.013902254544876884,0.013584732459094516,0.010774266138204923,0.007453032549642571,-0.0010176357601270854,0.009090704838760922,0.012199289200953135,0.011030579985702942,0.008136749316918187,0.019225154640190624,0.011633534883240662,0.014358647841143766,0.0187310439618745,0.019405903110405083,0.019455904635424938,0.014821978567116756,0.011327544128673551,0.014241862007942809,0.013719593566322475,0.011861030911834792,0.015054133523431294,0.010401186903891975,0.008364033494837171,0.011772097065925335,0.008819846918189036,0.011355055072279588,0.013457889062748212
Soda ,0.00808945541858618,0.007182650133439237,0.04251002125337571,0.008907353243844321,0.010371864374900714,0.009441896630659252,0.0105858063923749,0.009946450333598094,0.009764828106433678,0.0099124117553614,0.010512085159650514,0.009614547502779982,0.013732934042891179,0.009561485026211278,0.007309841806195393,0.011417800843526607,0.00902217220333598,0.010542249591739472,0.011766100297061157,0.006066239078633835,0.010863615129467832,0.00920652146624305,0.011446363710881651,0.009470405882446383,0.007792665788721205,0.003890810722795869,-0.0025129248784749826,0.00918100831771247,0.008253078049245435,0.010307842098490866,0.007433701723590151,0.014462201947577438,0.009919717281969817,0.010746503726767274,0.013434193731532967,0.014298759822081016,0.014140753499602853,0.011461762490865765,0.009283509307386814,0.012323001388403495,0.010351724654487686,0.009333655915806194,0.012211642530579823,0.007961616546465447,0.006759159976171567,0.010126932332009533,0.007272651175536138,0.008846904190627482,0.009276463423351866
Beer ,0.007648747733121524,0.007795583839555205,0.008907353243844321,0.030940660478157276,0.008930681448768865,0.00949800952660842,0.010645670328832405,0.00877212982525814,0.009191231213661635,0.011086926671961872,0.01118361662271644,0.010701132881652106,0.0143355285146942,0.00940138464177919,0.008863220557585384,0.008526940973788722,0.008832481471008739,0.010909431666401905,0.011299494330420974,0.007515461191421765,0.011247519161239077,0.009952514660841934,0.010375500314535348,0.010433699855440829,0.007508309042096901,0.005287950007942813,0.0004249322271644151,0.008611520679904687,0.009695523901509134,0.00987985139475774,0.007463616258935661,0.015211993229547261,0.010640799359809374,0.011330148225575853,0.015280198954725974,0.015453819736298651,0.016041133350278,0.01196117697220016,0.009709269955520254,0.008417610900714852,0.010725625401111993,0.01012701211596505,0.012898874136616362,0.008724680489277208,0.0064756336854646535,0.009326028211278795,0.007077255496425736,0.009084661324861,0.011567804932486098
Smoke,0.01007983227323272,0.010212149807783955,0.010371864374900714,0.008930681448768865,0.10493241967275614,0.010307333127879268,0.01552375730579825,0.011314348371723588,0.011290963539316919,0.011788289690230342,0.01475907540587768,0.012567191084988084,0.019142015631453537,0.01495776674185862,0.012079386992851469,0.009625678786338363,0.010432716873709294,0.011999022284352661,0.01394478057505957,0.007240242065131055,0.01271720118189039,0.011351726748212866,0.014865256260524224,0.013133009258141379,0.009280077274027005,0.008020546624305003,-0.0012876394535345527,0.014093896673550436,0.015225256571882449,0.01349614385385226,0.0120127589197776,0.015025958087370932,0.013172543675933273,0.012797916498808582,0.014070123914217633,0.014421487224781575,0.01373279067196187,0.012666357566322476,0.012663129760127085,0.016467084486100077,0.013121255694996028,0.011708483628276414,0.014186836454328838,0.008970366379666403,0.008802484924543288,0.012942632324066719,0.006878968991262905,0.010403414373312153,0.01274487243844321
Toys ,0.015675760803812548,0.011386751880857823,0.009441896630659252,0.00949800952660842,0.010307333127879268,0.04444847100714852,0.026884066598888007,0.019788472875297853,0.01939557112470214,0.021427252899126288,0.019677423555202543,0.024078743928514695,0.03381102748212867,0.018957383961874505,0.01697129484829229,0.01945389839714059,0.01856252908975377,0.0226447608228753,0.023264792354249407,0.018339515075456714,0.02550306694837172,0.022455779051628277,0.022180325776012706,0.019162321672756166,0.014984326122319301,0.009160469880857823,0.004478025097696586,0.015200721169181891,0.017150978668784747,0.016153512805401112,0.008051709936457504,0.040648400549642576,0.01983360053852263,0.02694573203494838,0.04098103624146148,0.042450228257347095,0.04216571607307387,0.030331674738681497,0.01708046694042891,0.02301670616997617,0.021977239253375695,0.022721004271644158,0.026075063070691025,0.01742616339316918,0.011939398308181097,0.014861684563939635,0.01326804779189833,0.02087856874980143,0.023421533494837173
Fun  ,0.018949649588562354,0.01442761096743447,0.0105858063923749,0.010645670328832405,0.01552375730579825,0.026884066598888007,0.04849488664654488,0.023716191548848294,0.022858313976171562,0.024313733852263694,0.024974682141382053,0.028896797756949952,0.04192907815726767,0.022689218370135027,0.019819043355043683,0.021716431065925332,0.022097565801429703,0.026652446208101657,0.02789364198888007,0.021484766799046862,0.029568423389992056,0.027718641918983315,0.026880258643367745,0.02391103702621128,0.016462945296266886,0.01186944241461477,0.002324586503574266,0.01588427316282764,0.020002245610802227,0.01970143869102462,0.011087618236695787,0.048329325998411436,0.023411244962668786,0.03231013060524225,0.04774379082446385,0.049826378344718016,0.049736968305003966,0.035640243253375684,0.021036293127879267,0.02754557694042891,0.02735216406671962,0.026095628664019068,0.031399954548054006,0.021255524060365367,0.014579358856235106,0.01959402142652899,0.01611541728355838,0.024854812403494835,0.02924731450357427
Books,0.013258555980937252,0.012090333351866562,0.009946450333598094,0.00877212982525814,0.011314348371723588,0.019788472875297853,0.023716191548848294,0.03490157266878475,0.018348952017474187,0.019060210389197772,0.019535314916600478,0.020717779372517873,0.03042400181096107,0.018366543542494042,0.01619084726767276,0.018763629205718828,0.017261161318506756,0.020804831310563935,0.021523098768864175,0.015964178046068304,0.02335176940428911,0.02106258389992057,0.021232667227958694,0.01759316407466243,0.014308285448768863,0.01140812462271644,-0.0034990223749007134,0.013489177760127086,0.02011465375694996,0.01567150563145353,0.010617457259729943,0.035917052787926916,0.019406075957108818,0.02410187958697379,0.03520113386814932,0.036423487529785546,0.037297468752978555,0.02693924543288325,0.016955388014297062,0.02292381307386815,0.02091237612390786,0.019591499356632253,0.024522107505957107,0.015599048260524226,0.012052247045274026,0.015910478546465448,0.012441093987291502,0.019469738935663224,0.022247646378077836
Hshld,0.014334580336775218,0.012244858956314534,0.009764828106433678,0.009191231213661635,0.011290963539316919,0.01939557112470214,0.022858313976171562,0.018348952017474187,0.027147061558379662,0.019037122541699758,0.01847991322637013,0.020430476935663217,0.029503661604447978,0.01917385237172359,0.015693788687847498,0.01917941880381255,0.017880871253375695,0.02205919578395552,0.02332762929150119,0.018076413216838755,0.023762121855440826,0.020799531121525015,0.021727922497220022,0.01862173642732327,0.015984484698967433,0.010686142065131058,0.002305935922160441,0.01630640684988086,0.016893861197776007,0.016878967191421762,0.010516185965051628,0.03423706624622718,0.01866608388085782,0.02406453123431294,0.034700242189038916,0.035149689779189836,0.03631820259888801,0.026401983726767272,0.017836684770452735,0.02311830617633043,0.021927031405877682,0.01998189889277204,0.02436045510881652,0.016488931710881654,0.012390905694996028,0.01631863371088165,0.01230419387609213,0.018961059945988873,0.02160550343923749
Clths,0.013593620111199366,0.012540841525019856,0.0099124117553614,0.011086926671961872,0.011788289690230342,0.021427252899126288,0.024313733852263694,0.019060210389197772,0.019037122541699758,0.035869901318506744,0.018712844416203342,0.020104231453534547,0.029303884384432093,0.01912410748212867,0.016239058808578236,0.019572736012708505,0.01799890036536934,0.02240967564733916,0.02347358916600477,0.016414671421763307,0.023187938745035743,0.021126378872120738,0.022359969150119136,0.02007053137410644,0.015258622017474183,0.009630273741064331,0.0018310810484511509,0.01760472590945195,0.01942066160444798,0.015504359904686255,0.009329180301826846,0.03451237448768864,0.01885842328832406,0.024247711548848288,0.03352447253375695,0.035190484956314536,0.03479488460683082,0.024896739698173152,0.017307289658459093,0.023175500397140593,0.023169786719618737,0.020553469706115973,0.027248133979348686,0.017184910722795873,0.01206769563145353,0.016124369594916598,0.013858370802223983,0.018984191675933283,0.022614882795869734
Hlth ,0.01637691989197776,0.012863363348689436,0.010512085159650514,0.01118361662271644,0.01475907540587768,0.019677423555202543,0.024974682141382053,0.019535314916600478,0.01847991322637013,0.018712844416203342,0.03804329375059571,0.023501343822081015,0.03532449375694995,0.018222182665607625,0.016586020530579827,0.0182560037045274,0.016986166487688643,0.021453205045274024,0.022322470157267665,0.017677333216838766,0.02339519956791104,0.021518629064336773,0.020334080177918976,0.020281945633042097,0.015262351243844317,0.009880884861000798,0.0027967183923749005,0.013825186357426529,0.019937543898332008,0.018808799733121523,0.010428989134233516,0.03581475757267673,0.019736232514694203,0.025987158907069097,0.03556901148212867,0.037246111606036546,0.03675447109769659,0.027883782169976164,0.016992779361397932,0.020922693197776003,0.021178504336775213,0.021112457709293094,0.02479163649880858,0.016892200495631452,0.013013441874503573,0.017722070398729146,0.013596608038125497,0.0190151136076251,0.022606278888006343
MedEq,0.01822028756473391,0.012727598749801427,0.009614547502779982,0.010701132881652106,0.012567191084988084,0.024078743928514695,0.028896797756949952,0.020717779372517873,0.020430476935663217,0.020104231453534547,0.023501343822081015,0.03493507452104846,0.044108325274027,0.019233492371723587,0.018238513644162038,0.018216477898332008,0.01869602753613979,0.023260103552025416,0.024839675995234307,0.02012202538522637,0.02751024322160445,0.026303770231930104,0.02236220989992057,0.019814778619539314,0.015204145382049249,0.011427663907863385,0.0024434143653693416,0.015066599542494046,0.02044032118189039,0.0192383977553614,0.008531959849086576,0.04321980140111198,0.02149167441302621,0.030243561893566324,0.04617430592216044,0.047701931876092125,0.04748153505321684,0.03487847843685464,0.017476580973788722,0.023213141442414615,0.02217294857823669,0.02452697809849087,0.026524995664813346,0.017774941019857028,0.012456445043685467,0.016066382177918982,0.014283908411437648,0.02146708285305798,0.02646792717235901
Drugs,0.0254498874344718,0.018627515965051623,0.013732934042891179,0.0143355285146942,0.019142015631453537,0.03381102748212867,0.04192907815726767,0.03042400181096107,0.029503661604447978,0.029303884384432093,0.03532449375694995,0.044108325274027,0.08315273245432885,0.02870811844320891,0.02527615154884829,0.026000725274027008,0.026433251215250194,0.03449455351866561,0.035445781127879265,0.02758049350277999,0.04086512953137411,0.04099821048451151,0.030645982875297854,0.028633496108022235,0.022215482668784745,0.01171184756155679,-0.0010385417950754567,0.02054020196981731,0.029154833868149318,0.027706721461477353,0.01493114033359809,0.06757510970611597,0.029714458236695787,0.04587339834789515,0.07189261874503575,0.07380921073868149,0.07579966602065133,0.055545039142176324,0.024998896393963462,0.0348325128514694,0.032822039237490074,0.03557620775218428,0.03807549220015884,0.024665145734710087,0.01794434999205719,0.024403710913423353,0.02132669105639396,0.032442584749801426,0.03964731367752184
Chems,0.012882496228752973,0.012522679942811754,0.009561485026211278,0.00940138464177919,0.01495776674185862,0.018957383961874505,0.022689218370135027,0.018366543542494042,0.01917385237172359,0.01912410748212867,0.018222182665607625,0.019233492371723587,0.02870811844320891,0.02927260782208102,0.016144208374900715,0.01941013670532168,0.018080344038125497,0.021547011005559967,0.0248841312660842,0.0162432368228753,0.024199872508339954,0.02096687734392375,0.023184584616362185,0.019933602459094518,0.01633192597934869,0.010318998125496422,-0.0014191928133439238,0.01724059757903098,0.018338411234312943,0.019325712781572673,0.012781886290706907,0.03203606274185862,0.01804610100714853,0.022723806856235103,0.032166717337569505,0.03157762320571882,0.034438223650516284,0.025428706319301036,0.020599306884829225,0.025882324613185067,0.02253286322478157,0.019337861833200954,0.02382555461159651,0.015825886792692614,0.012209211151707701,0.01706136954408261,0.011500155075456708,0.018744874865766478,0.021758714662430505
Rubbr,0.013776890195393169,0.010178497183478949,0.007309841806195393,0.008863220557585384,0.012079386992851469,0.01697129484829229,0.019819043355043683,0.01619084726767276,0.015693788687847498,0.016239058808578236,0.016586020530579827,0.018238513644162038,0.02527615154884829,0.016144208374900715,0.05229348602223987,0.014610419559968226,0.015158747173947577,0.018287522150913418,0.020630905212073072,0.014138243939634627,0.02050880967752184,0.019041167448768864,0.017830065779189837,0.014722388290706911,0.012934359431294676,0.009510405162827638,-0.0028708773518665623,0.012087890274821286,0.01453297886576648,0.013839215604447973,0.0085065318268467,0.030520164285941224,0.016176462028594123,0.020745476708498807,0.030052309995234307,0.030341679498014296,0.0317347268689436,0.023391104057188247,0.015221017072279585,0.019464245213661635,0.01879103451945989,0.017624582997617155,0.020332624081016673,0.014085373579030974,0.01024500968228753,0.012997594295472599,0.011551863200953139,0.016171720832406672,0.01869386667990468
Txtls,0.014177199005559967,0.011360000779984114,0.011417800843526607,0.008526940973788722,0.009625678786338363,0.01945389839714059,0.021716431065925332,0.018763629205718828,0.01917941880381255,0.019572736012708505,0.0182560037045274,0.018216477898332008,0.026000725274027008,0.01941013670532168,0.014610419559968226,0.05536794061795075,0.018598665572676726,0.022207395999999994,0.023805763007148522,0.015721971247021443,0.022833374894360606,0.02025389090865766,0.021929209696584587,0.020480525316918182,0.01456458005718824,0.009715597347100874,0.0018204104543288319,0.016280129029388402,0.020342914802223985,0.018766428862589356,0.012081113034154087,0.030576028965845905,0.01892698964416203,0.02177269983161239,0.02941555619698173,0.029929111663224785,0.031225637953931688,0.024816481385226366,0.018371132106433676,0.024543380501985696,0.020957451898332008,0.01904057288482923,0.0230656118141382,0.016296293858617947,0.011497824598888004,0.015155799852263702,0.01248305886417792,0.018293516969023035,0.020068034384432092
BldMt,0.013111244714853053,0.011220231647339157,0.00902217220333598,0.008832481471008739,0.010432716873709294,0.01856252908975377,0.022097565801429703,0.017261161318506756,0.017880871253375695,0.01799890036536934,0.016986166487688643,0.01869602753613979,0.026433251215250194,0.018080344038125497,0.015158747173947577,0.018598665572676726,0.02257828650675139,0.020885113207307387,0.02241815749960286,0.016533129404289117,0.023069470996028598,0.020121096797458295,0.02152741904368546,0.019351240435266086,0.014635440495631457,0.011782848355837967,-0.0012735235869737887,0.014914348257347101,0.01645550162986497,0.016173273674344714,0.009925389880857822,0.03137764010802223,0.017037071266084194,0.021954137296266878,0.03201396738999206,0.03198616864813344,0.03381325354090549,0.024439661197776012,0.017115133124702135,0.02241428837490072,0.0204419157426529,0.018892669486894362,0.022685512142970606,0.015344047288324067,0.011312806878474982,0.01533185657505957,0.011921253105639395,0.017718117274027008,0.02124523626687848
Cnstr,0.015481058541699762,0.013817562665607625,0.010542249591739472,0.010909431666401905,0.011999022284352661,0.0226447608228753,0.026652446208101657,0.020804831310563935,0.02205919578395552,0.02240967564733916,0.021453205045274024,0.023260103552025416,0.03449455351866561,0.021547011005559967,0.018287522150913418,0.022207395999999994,0.020885113207307387,0.04243381552978553,0.02680387694042891,0.020200838729150114,0.027902956073073863,0.02453229259094519,0.025737088184273234,0.021697096848292304,0.01684781821763304,0.012417504940428908,0.00018284635107227628,0.018863343625099283,0.02193160156314535,0.020544149423351858,0.012565683796664024,0.03937521552343129,0.021962227987291503,0.027018767421763307,0.040229459043685474,0.03992593645115169,0.042377804314535326,0.030889500073073863,0.020475617375694997,0.027015567383637806,0.02520559644162034,0.02291448593804607,0.02823822657029388,0.018166288406671966,0.013382668514694199,0.018369207348689433,0.013476301493248612,0.02265197676886417,0.026753336886417782
Steel,0.016868838344718022,0.014305587096108024,0.011766100297061157,0.011299494330420974,0.01394478057505957,0.023264792354249407,0.02789364198888007,0.021523098768864175,0.02332762929150119,0.02347358916600477,0.022322470157267665,0.024839675995234307,0.035445781127879265,0.0248841312660842,0.020630905212073072,0.023805763007148522,0.02241815749960286,0.02680387694042891,0.04089270311517077,0.01961852581413821,0.030155493553613983,0.026119921952343122,0.02792961662907069,0.023872332373312155,0.020134980876886414,0.013511855806195393,0.0022228641890389214,0.02075315591421763,0.023739149572676727,0.023750621799841148,0.012869104630659252,0.04326447615250197,0.021978239280381253,0.02918721427799841,0.04354672807307386,0.042575632984908664,0.04666212512152502,0.032658598767275615,0.022434135769658463,0.03009542065448769,0.0273091869579031,0.024862162441620334,0.028335302524225583,0.01986930444479746,0.014306481961874506,0.01917018895790309,0.01543283555996823,0.02331847018903892,0.026653252764098488
FabPr,0.014536453407466246,0.010815560571882443,0.006066239078633835,0.007515461191421765,0.007240242065131055,0.018339515075456714,0.021484766799046862,0.015964178046068304,0.018076413216838755,0.016414671421763307,0.017677333216838766,0.02012202538522637,0.02758049350277999,0.0162432368228753,0.014138243939634627,0.015721971247021443,0.016533129404289117,0.020200838729150114,0.01961852581413821,0.058034255440826056,0.02239199745830024,0.0202037152025417,0.01814499002382844,0.016800611787132647,0.013473522605242256,0.013687589610802221,0.012089295694996035,0.015480938967434469,0.01591853372517871,0.016135459348689433,0.007719716409849086,0.031404475710881646,0.017297156378077834,0.02165539370929308,0.03311243138999206,0.03261682436854646,0.03465709032565528,0.02478961092930897,0.015342025067513898,0.02018076505162828,0.018159260111199366,0.018699379158061948,0.02169702598888006,0.0142520336457506,0.010583371660047657,0.014208025671167595,0.011654294265289916,0.016562522954725975,0.01907298341540905
Mach ,0.01691794229706116,0.014374634414614774,0.010863615129467832,0.011247519161239077,0.01271720118189039,0.02550306694837172,0.029568423389992056,0.02335176940428911,0.023762121855440826,0.023187938745035743,0.02339519956791104,0.02751024322160445,0.04086512953137411,0.024199872508339954,0.02050880967752184,0.022833374894360606,0.023069470996028598,0.027902956073073863,0.030155493553613983,0.02239199745830024,0.03839365608260524,0.029545422379666397,0.027058210922954726,0.023855010020651306,0.020460472603653697,0.01302319965051628,0.0007131148276409854,0.018856010319301026,0.0247361461350278,0.023873638246227163,0.012797757553613976,0.04832274267831612,0.02365235441461477,0.032304279072279576,0.05178118170611597,0.05034412125178713,0.057356683571088155,0.039995366494042894,0.02199161789356632,0.031197118703733113,0.027486578745035743,0.02650229589197776,0.030182102157267684,0.01983443084352661,0.014487376552819698,0.019575807796664013,0.016398626084193797,0.025595631974583002,0.028520760031771248
ElcEq,0.015564812965845911,0.012670052490865766,0.00920652146624305,0.009952514660841934,0.011351726748212866,0.022455779051628277,0.027718641918983315,0.02106258389992057,0.020799531121525015,0.021126378872120738,0.021518629064336773,0.026303770231930104,0.04099821048451151,0.02096687734392375,0.019041167448768864,0.02025389090865766,0.020121096797458295,0.02453229259094519,0.026119921952343122,0.0202037152025417,0.029545422379666397,0.03873521844479747,0.022984853585385222,0.020803238174741858,0.01735370471485306,0.012568228228752979,-0.0001836476362192203,0.01546832535663225,0.02127332035583797,0.019783534546465448,0.010810121612390786,0.04511790678633836,0.020928129202541702,0.02978358705639396,0.04806513521525019,0.04733262077204131,0.05177370614138204,0.03664649235266084,0.01852066890071485,0.024457059536139792,0.02402754848292295,0.024090063579030978,0.026855136427323265,0.01777955966957903,0.012606526838760923,0.016915940509928513,0.014650238498808579,0.022932211463065923,0.025979228061953928
Autos,0.015218665296266882,0.013902254544876884,0.011446363710881651,0.010375500314535348,0.014865256260524224,0.022180325776012706,0.026880258643367745,0.021232667227958694,0.021727922497220022,0.022359969150119136,0.020334080177918976,0.02236220989992057,0.030645982875297854,0.023184584616362185,0.017830065779189837,0.021929209696584587,0.02152741904368546,0.025737088184273234,0.02792961662907069,0.01814499002382844,0.027058210922954726,0.022984853585385222,0.038058823358220806,0.024623035539316915,0.018120266363780776,0.011497646449563142,8.501314694201675e-05,0.018988354160444792,0.020852334119142165,0.01801346005401112,0.013710342748212865,0.03765775762351072,0.02152096761874503,0.026229912857823674,0.037029550208101655,0.036821978192216026,0.03949153784273232,0.02879959827164417,0.021700419469420165,0.02825554537887212,0.026805456171564733,0.021945617785544085,0.028464619177124697,0.01916472013343924,0.013614948276409852,0.019056808660841935,0.013658542875297858,0.02140446292613185,0.024988630055599686
Aero ,0.01612414618268468,0.013584732459094516,0.009470405882446383,0.010433699855440829,0.013133009258141379,0.019162321672756166,0.02391103702621128,0.01759316407466243,0.01862173642732327,0.02007053137410644,0.020281945633042097,0.019814778619539314,0.028633496108022235,0.019933602459094518,0.014722388290706911,0.020480525316918182,0.019351240435266086,0.021697096848292304,0.023872332373312155,0.016800611787132647,0.023855010020651306,0.020803238174741858,0.024623035539316915,0.06132780869102462,0.017452186208101673,0.011798643224781573,0.0020942531421763314,0.018247476492454326,0.019677562039714054,0.01833265591262907,0.011060812319301035,0.03223890974106433,0.019211896732327236,0.02326320970929309,0.03054240187132644,0.03136704167752185,0.032652346967434465,0.023961507729944397,0.020208123864972196,0.024317109607625096,0.02404028258935663,0.01973673865448769,0.025101870311358222,0.017668727167593323,0.01284020950754567,0.017384637189833192,0.012755080277998411,0.01870543240031771,0.02230574796664019
Ships,0.012798571463065926,0.010774266138204923,0.007792665788721205,0.007508309042096901,0.009280077274027005,0.014984326122319301,0.016462945296266886,0.014308285448768863,0.015984484698967433,0.015258622017474183,0.015262351243844317,0.015204145382049249,0.022215482668784745,0.01633192597934869,0.012934359431294676,0.01456458005718824,0.014635440495631457,0.01684781821763304,0.020134980876886414,0.013473522605242256,0.020460472603653697,0.01735370471485306,0.018120266363780776,0.017452186208101673,0.045718371221604444,0.011432157807783958,0.006110754271644162,0.013944729779189835,0.01587997221922161,0.018540584949960283,0.009881348673550436,0.02616956869896743,0.01576057419221604,0.019022803996822876,0.02870296759968228,0.027421953054805402,0.03079147060841938,0.021654152101667996,0.015032830617950752,0.020156165756949965,0.017303943288324068,0.016161956749801434,0.01877902191898332,0.012249512368546463,0.010652221810961073,0.01404714045750596,0.010487709245432885,0.015353240711675932,0.017005772978554407
Guns ,0.010704659984114377,0.007453032549642571,0.003890810722795869,0.005287950007942813,0.008020546624305003,0.009160469880857823,0.01186944241461477,0.01140812462271644,0.010686142065131058,0.009630273741064331,0.009880884861000798,0.011427663907863385,0.01171184756155679,0.010318998125496422,0.009510405162827638,0.009715597347100874,0.011782848355837967,0.012417504940428908,0.013511855806195393,0.013687589610802221,0.01302319965051628,0.012568228228752979,0.011497646449563142,0.011798643224781573,0.011432157807783958,0.09660049795075454,0.01017888837172359,0.014103009308975376,0.015154565655281968,0.013011487577442417,0.008144555377283562,0.017379312438443206,0.010065570214455918,0.01238835380460683,0.016775876409849087,0.01608520203335981,0.018333325369340746,0.014385274440031768,0.010711334058776808,0.013732452772041302,0.009210443876092133,0.011547336886417793,0.012545981239078633,0.006196564352660842,0.008218570563939633,0.009213338951548846,0.005829836076250993,0.009574247942811757,0.013391888594122318
Gold ,0.010960920422557583,-0.0010176357601270854,-0.0025129248784749826,0.0004249322271644151,-0.0012876394535345527,0.004478025097696586,0.002324586503574266,-0.0034990223749007134,0.002305935922160441,0.0018310810484511509,0.0027967183923749005,0.0024434143653693416,-0.0010385417950754567,-0.0014191928133439238,-0.0028708773518665623,0.0018204104543288319,-0.0012735235869737887,0.00018284635107227628,0.0022228641890389214,0.012089295694996035,0.0007131148276409854,-0.0001836476362192203,8.501314694201675e-05,0.0020942531421763314,0.006110754271644162,0.01017888837172359,0.334328199172359,0.026871532829229543,-0.001976738503574261,0.018115257745830025,0.00019076019857029304,0.0026775422811755366,0.0029113528498808604,0.003152104648133439,0.0033861485845909462,0.0034983880984908637,0.0007676142144559163,0.0011702096076251008,-0.0024999670865766487,-0.0005889764988085802,-0.0016770459888800619,0.0029579266227164358,-0.001321916786338365,0.000491316149324861,-0.00044224216838760835,-0.0032345911151707707,0.00770134933280381,-0.0016951795901509123,-0.001596912637013502
Mines,0.014823482007942805,0.009090704838760922,0.00918100831771247,0.008611520679904687,0.014093896673550436,0.015200721169181891,0.01588427316282764,0.013489177760127086,0.01630640684988086,0.01760472590945195,0.013825186357426529,0.015066599542494046,0.02054020196981731,0.01724059757903098,0.012087890274821286,0.016280129029388402,0.014914348257347101,0.018863343625099283,0.02075315591421763,0.015480938967434469,0.018856010319301026,0.01546832535663225,0.018988354160444792,0.018247476492454326,0.013944729779189835,0.014103009308975376,0.026871532829229543,0.06508922342176329,0.013402768686258934,0.01617817404924543,0.010089713359809373,0.024543905613979344,0.014237589350278001,0.018019370776806987,0.02394264298014297,0.024313268644956323,0.025599093839555203,0.01922332364098491,0.015377922757744241,0.022426378484511515,0.017735980174741855,0.015930074497220018,0.018958094633836374,0.012392194382843526,0.01062635977760127,0.014282563227958699,0.010068445655281968,0.015973139590150908,0.018236803780778393
Coal ,0.012743485318506753,0.012199289200953135,0.008253078049245435,0.009695523901509134,0.015225256571882449,0.017150978668784747,0.020002245610802227,0.02011465375694996,0.016893861197776007,0.01942066160444798,0.019937543898332008,0.02044032118189039,0.029154833868149318,0.018338411234312943,0.01453297886576648,0.020342914802223985,0.01645550162986497,0.02193160156314535,0.023739149572676727,0.01591853372517871,0.0247361461350278,0.02127332035583797,0.020852334119142165,0.019677562039714054,0.01587997221922161,0.015154565655281968,-0.001976738503574261,0.013402768686258934,0.13681981848451155,0.028396442745035746,0.017647927688641776,0.035182366017474195,0.019549972346306593,0.022851990544876875,0.03334574054328832,0.03429024528038126,0.037538660594122315,0.025039072540111198,0.01878959534868943,0.025311124308181096,0.020655635361397938,0.019370992679904688,0.0247757295694996,0.015176026033359805,0.012664264368546467,0.01689662898173153,0.013100561969817315,0.018493725979348688,0.021527921143764898
Oil  ,0.01365980205559968,0.011030579985702942,0.010307842098490866,0.00987985139475774,0.01349614385385226,0.016153512805401112,0.01970143869102462,0.01567150563145353,0.016878967191421762,0.015504359904686255,0.018808799733121523,0.0192383977553614,0.027706721461477353,0.019325712781572673,0.013839215604447973,0.018766428862589356,0.016173273674344714,0.020544149423351858,0.023750621799841148,0.016135459348689433,0.023873638246227163,0.019783534546465448,0.01801346005401112,0.01833265591262907,0.018540584949960283,0.013011487577442417,0.018115257745830025,0.01617817404924543,0.028396442745035746,0.051549298584590945,0.015144319944400315,0.026258428108022244,0.016949611486894365,0.02069506945830024,0.026647748063542486,0.02661234330738681,0.02886082352978554,0.02274863515806195,0.01628603941382049,0.02205490094678316,0.019307226195393167,0.018062680732327252,0.018722308732327244,0.013911391015091342,0.01070556755361398,0.014480991607625102,0.012200226791104045,0.015657870424146143,0.01913740377283558
Util ,0.007597026640190628,0.008136749316918187,0.007433701723590151,0.007463616258935661,0.0120127589197776,0.008051709936457504,0.011087618236695787,0.010617457259729943,0.010516185965051628,0.009329180301826846,0.010428989134233516,0.008531959849086576,0.01493114033359809,0.012781886290706907,0.0085065318268467,0.012081113034154087,0.009925389880857822,0.012565683796664024,0.012869104630659252,0.007719716409849086,0.012797757553613976,0.010810121612390786,0.013710342748212865,0.011060812319301035,0.009881348673550436,0.008144555377283562,0.00019076019857029304,0.010089713359809373,0.017647927688641776,0.015144319944400315,0.022196480119142176,0.014863472359015088,0.009837023709293092,0.011095224622716438,0.012650360937251786,0.01227993397934869,0.015440319491660043,0.012013842859412233,0.011015246044479746,0.014751433343923752,0.01262695639396346,0.009415001961874503,0.011753347966640189,0.008355673137410641,0.007114020563939634,0.011831984710087371,0.00528139176330421,0.010046807466243049,0.011532398610007948
Telcm,0.026149996384432092,0.019225154640190624,0.014462201947577438,0.015211993229547261,0.015025958087370932,0.040648400549642576,0.048329325998411436,0.035917052787926916,0.03423706624622718,0.03451237448768864,0.03581475757267673,0.04321980140111198,0.06757510970611597,0.03203606274185862,0.030520164285941224,0.030576028965845905,0.03137764010802223,0.03937521552343129,0.04326447615250197,0.031404475710881646,0.04832274267831612,0.04511790678633836,0.03765775762351072,0.03223890974106433,0.02616956869896743,0.017379312438443206,0.0026775422811755366,0.024543905613979344,0.035182366017474195,0.026258428108022244,0.014863472359015088,0.09926726691660046,0.03476728070849881,0.05212007460524226,0.08636377092295472,0.08783011083717235,0.09206536024146149,0.06187662874027006,0.02906691174900715,0.04126227475138998,0.03951246710087371,0.0401088978014297,0.04667610831135823,0.028451470856235107,0.021172515059571087,0.026843694300238276,0.022950466131850675,0.04046024198888005,0.04283805183478951
PerSv,0.01535599988244638,0.011633534883240662,0.009919717281969817,0.010640799359809374,0.013172543675933273,0.01983360053852263,0.023411244962668786,0.019406075957108818,0.01866608388085782,0.01885842328832406,0.019736232514694203,0.02149167441302621,0.029714458236695787,0.01804610100714853,0.016176462028594123,0.01892698964416203,0.017037071266084194,0.021962227987291503,0.021978239280381253,0.017297156378077834,0.02365235441461477,0.020928129202541702,0.02152096761874503,0.019211896732327236,0.01576057419221604,0.010065570214455918,0.0029113528498808604,0.014237589350278001,0.019549972346306593,0.016949611486894365,0.009837023709293092,0.03476728070849881,0.03309684921207307,0.024413564378077835,0.03437304494678316,0.036247647574265275,0.036459539647339154,0.026214080521048448,0.01690302783002383,0.022299265915806197,0.021873206687847497,0.020218009196187447,0.024865854524225576,0.016787094767275614,0.012377303280381254,0.01592533387291501,0.01321800150119142,0.01889702895631453,0.02090026162827641
BusSv,0.019765982532168394,0.014358647841143766,0.010746503726767274,0.011330148225575853,0.012797916498808582,0.02694573203494838,0.03231013060524225,0.02410187958697379,0.02406453123431294,0.024247711548848288,0.025987158907069097,0.030243561893566324,0.04587339834789515,0.022723806856235103,0.020745476708498807,0.02177269983161239,0.021954137296266878,0.027018767421763307,0.02918721427799841,0.02165539370929308,0.032304279072279576,0.02978358705639396,0.026229912857823674,0.02326320970929309,0.019022803996822876,0.01238835380460683,0.003152104648133439,0.018019370776806987,0.022851990544876875,0.02069506945830024,0.011095224622716438,0.05212007460524226,0.024413564378077835,0.038114974335186645,0.05403857740428913,0.05583826448292294,0.05684338441938046,0.0397098032279587,0.020572608667196183,0.028477832654487688,0.027160616044479745,0.027568891939634636,0.03157339887529785,0.020413396797458298,0.014815604193804606,0.019472354204924536,0.0164078245274027,0.02606090432406672,0.029732483431294674
Hardw,0.026542553131056384,0.0187310439618745,0.013434193731532967,0.015280198954725974,0.014070123914217633,0.04098103624146148,0.04774379082446385,0.03520113386814932,0.034700242189038916,0.03352447253375695,0.03556901148212867,0.04617430592216044,0.07189261874503575,0.032166717337569505,0.030052309995234307,0.02941555619698173,0.03201396738999206,0.040229459043685474,0.04354672807307386,0.03311243138999206,0.05178118170611597,0.04806513521525019,0.037029550208101655,0.03054240187132644,0.02870296759968228,0.016775876409849087,0.0033861485845909462,0.02394264298014297,0.03334574054328832,0.026647748063542486,0.012650360937251786,0.08636377092295472,0.03437304494678316,0.05403857740428913,0.10521551987926925,0.09571628690706911,0.10324930555679111,0.06788757723272437,0.029122786837172353,0.04074969697220016,0.03889382811755362,0.04245389813185067,0.04625747780460683,0.02804789311517077,0.019791628292295478,0.0255618413629865,0.02369810200158856,0.04069642854328833,0.04367016077839555
Softw,0.027586604530579824,0.019405903110405083,0.014298759822081016,0.015453819736298651,0.014421487224781575,0.042450228257347095,0.049826378344718016,0.036423487529785546,0.035149689779189836,0.035190484956314536,0.037246111606036546,0.047701931876092125,0.07380921073868149,0.03157762320571882,0.030341679498014296,0.029929111663224785,0.03198616864813344,0.03992593645115169,0.042575632984908664,0.03261682436854646,0.05034412125178713,0.04733262077204131,0.036821978192216026,0.03136704167752185,0.027421953054805402,0.01608520203335981,0.0034983880984908637,0.024313268644956323,0.03429024528038126,0.02661234330738681,0.01227993397934869,0.08783011083717235,0.036247647574265275,0.05583826448292294,0.09571628690706911,0.101774016228753,0.0993385933534551,0.06611535170135027,0.028664234992851468,0.04088596077521843,0.03931955999999999,0.04338987801111993,0.048110718309769644,0.029031140988085784,0.020641848419380462,0.026200665378872123,0.02469018738681493,0.04073540288482923,0.044432898204924534
Chips,0.026835597985702946,0.019455904635424938,0.014140753499602853,0.016041133350278,0.01373279067196187,0.04216571607307387,0.049736968305003966,0.037297468752978555,0.03631820259888801,0.03479488460683082,0.03675447109769659,0.04748153505321684,0.07579966602065133,0.034438223650516284,0.0317347268689436,0.031225637953931688,0.03381325354090549,0.042377804314535326,0.04666212512152502,0.03465709032565528,0.057356683571088155,0.05177370614138204,0.03949153784273232,0.032652346967434465,0.03079147060841938,0.018333325369340746,0.0007676142144559163,0.025599093839555203,0.037538660594122315,0.02886082352978554,0.015440319491660043,0.09206536024146149,0.036459539647339154,0.05684338441938046,0.10324930555679111,0.0993385933534551,0.11822770817474187,0.07476434585544084,0.03060330936934074,0.043765340282764104,0.04169478509928515,0.044358738471803015,0.04838384425099285,0.02852822854964257,0.020689760413026212,0.027280310748212862,0.024245156822875296,0.043816648698967446,0.04530419688641779
LabEq,0.02058446445115171,0.014821978567116756,0.011461762490865765,0.01196117697220016,0.012666357566322476,0.030331674738681497,0.035640243253375684,0.02693924543288325,0.026401983726767272,0.024896739698173152,0.027883782169976164,0.03487847843685464,0.055545039142176324,0.025428706319301036,0.023391104057188247,0.024816481385226366,0.024439661197776012,0.030889500073073863,0.032658598767275615,0.02478961092930897,0.039995366494042894,0.03664649235266084,0.02879959827164417,0.023961507729944397,0.021654152101667996,0.014385274440031768,0.0011702096076251008,0.01922332364098491,0.025039072540111198,0.02274863515806195,0.012013842859412233,0.06187662874027006,0.026214080521048448,0.0397098032279587,0.06788757723272437,0.06611535170135027,0.07476434585544084,0.058283951097696594,0.022434307177124704,0.03232415140270055,0.029613170516282764,0.03122298422239873,0.03405016529944401,0.021491399701350278,0.015011022208101665,0.020335999707704527,0.017591141254964256,0.029976671828435268,0.033540421540905474
