,Agric,Food ,Soda ,Beer ,Smoke,Toys ,Fun  ,Books,Hshld,Clths,Hlth ,MedEq,Drugs,Chems,Rubbr,Txtls,BldMt,Cnstr,Steel,FabPr,Mach ,ElcEq,Autos,Aero ,Ships,Guns ,Gold ,Mines,Coal ,Oil  ,Util ,Telcm,PerSv,BusSv,Hardw,Softw,Chips,LabEq,Paper,Boxes,Trans,Whlsl,Rtail,Meals,Banks,Insur,RlEst,Fin  ,Other
Agric,0.059423748236695786,0.008831426942017474,0.007888458403494837,0.007897207974583003,0.010469672247815727,0.015721116497220015,0.019058439340746625,0.01331829982525814,0.014357497942811756,0.013623759586973786,0.016305807998411435,0.018309340063542498,0.025554813939634626,0.013049792557585382,0.013635791270849882,0.014228929467831613,0.013155065822081013,0.015437209023034155,0.01696047669579031,0.014573442025416999,0.016975823574265293,0.015588249547259724,0.015370235432883244,0.01623930779189833,0.01296232178713265,0.010675722184273236,0.010641163606036534,0.014638615980937249,0.012852346028594124,0.013598244829229547,0.00756943978554408,0.026295428196981725,0.0154425557426529,0.01979197450357427,0.02665694532962669,0.027592567545671166,0.02690091525814138,0.020581518427323274,0.01205069569499603,0.014939294495631453,0.015736198665607628,0.016279550691024623,0.01817531132644956,0.013857302470214456,0.009784169467831613,0.012143050285941223,0.010629443907863382,0.013909677950754566,0.017202182406671956
Food ,0.008831426942017474,0.0161158580714853,0.00718962676409849,0.007816421712470214,0.01028429139952343,0.0114039034344718,0.014481105760127082,0.012182152590945197,0.012287748969023031,0.012627304552819699,0.012865469166004765,0.012755110538522636,0.01868452081969817,0.012603581725178713,0.010203167694996027,0.01138839133915806,0.011275630938840351,0.013830647625099286,0.014375960692613187,0.010794926595710881,0.014414141401111991,0.01267761471644162,0.013996683945988886,0.013697678964257344,0.010810729823669577,0.007431629763304209,-0.0011085559586973793,0.009052279421763303,0.012190072444797459,0.011064679606036536,0.00818698283081811,0.019285381820492453,0.011676580142970613,0.014381248940428911,0.018790597077045272,0.019452530586179507,0.019529320158856233,0.014864755469420173,0.011381151656870533,0.014326733572676732,0.013761137861795074,0.011902858262112789,0.015108088641779191,0.010399621623510723,0.008384955710881653,0.011815719777601274,0.008820304476568706,0.011403089976171564,0.013515787291501194
Soda ,0.007888458403494837,0.00718962676409849,0.041736308910246225,0.008812068949960285,0.010520261903097697,0.009442825450357425,0.010725871362986496,0.01000717202223987,0.009706891204130262,0.009953620854646543,0.010354578085782367,0.009616898748212865,0.013879763674344714,0.00981327096584591,0.007322314260524228,0.011403567917394757,0.009071982641779186,0.010465977220015885,0.011834902379666402,0.006040627960285939,0.010937778865766482,0.009055750948371724,0.011556792290706906,0.009704769164416203,0.00802558952660842,0.003978598940428911,-0.002658513864972202,0.008845948416203335,0.008164322298649723,0.010321777086576648,0.007461949437648929,0.014526274055599683,0.010087039809372518,0.010707955288324066,0.013471042470214453,0.014268211154884828,0.01405476985702939,0.011465057274027003,0.009373771857029391,0.012351692719618747,0.0104467407974583,0.009317485318506753,0.012181108880063542,0.008053553186656078,0.0067439701350278,0.01009624950754567,0.007214017099285148,0.008870761953931694,0.009206069571088165
Beer ,0.007897207974583003,0.007816421712470214,0.008812068949960285,0.03143396623351866,0.009234801633042097,0.009565781216838758,0.010772520266878473,0.008815553277204131,0.009296294246227167,0.01119944992533757,0.011127219316918187,0.010755652886417789,0.014416445477362986,0.009525007002382842,0.008832082846703733,0.008567852015885625,0.008892133579030976,0.010840549579030977,0.011383540155679111,0.007501078754567115,0.011310633575853851,0.009966996841938046,0.01048343325178713,0.010581577353455121,0.007438453966640189,0.005298520552819697,0.0004912619094519447,0.00842231432565528,0.009825086881652104,0.0098954970548054,0.00743837940587768,0.01530425173629865,0.010710363494837177,0.011394783739475774,0.01531576012708499,0.015445779463065924,0.01612781693407466,0.012015366583002384,0.009705371634630658,0.00852638791421763,0.010597735110405085,0.010105768590945193,0.01292587987291501,0.008816856927720412,0.006498826592533758,0.009384709070691024,0.0070740193550436845,0.009163379285146944,0.011750982366957903
Smoke,0.010469672247815727,0.01028429139952343,0.010520261903097697,0.009234801633042097,0.10495796768228753,0.010512992584590946,0.015648413528196983,0.011481341502779983,0.011327660104845117,0.011940615339158061,0.01483742354249404,0.012628678640190629,0.019274475482128673,0.01509891392533757,0.012103269712470213,0.009727968876886416,0.010522370891183476,0.011819383828435266,0.014105113734710083,0.007186888629070692,0.012814804530579822,0.011358702182684671,0.015116509362986497,0.013320488940428915,0.00938133694042891,0.007862262646544875,-0.0017206223923749019,0.013662857722001587,0.015567868123907867,0.013386972695790308,0.01207204799364575,0.01519168819062748,0.013281294837172362,0.012865123221604453,0.014213151517077045,0.014566131380460687,0.013920477585385227,0.012728533166004764,0.01277129472279587,0.016663406519459883,0.013244668632247814,0.011791806570293883,0.014393087847498017,0.009041342513105637,0.008858974805401114,0.013079384241461475,0.006941239599682287,0.010557948562351071,0.01285193375694996
Toys ,0.015721116497220015,0.0114039034344718,0.009442825450357425,0.009565781216838758,0.010512992584590946,0.044431284922954714,0.026990323553613974,0.019826570408260524,0.01941436461795075,0.02154083360127085,0.01969405174741858,0.024090081108816518,0.03387284150436854,0.019051744633836378,0.01697412233995235,0.019527190303415404,0.018624575324861,0.02266253696584591,0.02334084287847498,0.018272290864177913,0.02554966656711675,0.022454936676727565,0.022225465024622713,0.019188648405083393,0.014971276239872912,0.009136519884034947,0.004855730258935663,0.015080351853852265,0.017120518177918986,0.01618551501826846,0.008066447258141379,0.04071648254487689,0.019867370389197773,0.027009096022239873,0.04104146227958697,0.04249462928991262,0.04220109937251787,0.030343528142970602,0.017097060168387607,0.023101859877680694,0.02198405421445592,0.02274828456235107,0.026123959110405083,0.017461052500397138,0.011967819634630658,0.014924278054011118,0.013369211081810961,0.020927298157267668,0.023522146918189043
Fun  ,0.019058439340746625,0.014481105760127082,0.010725871362986496,0.010772520266878473,0.015648413528196983,0.026990323553613974,0.048640529580619526,0.0238352933375695,0.02296089744400318,0.024438482058776807,0.025026657069102468,0.028964044660841938,0.04205704082764099,0.022834410486100083,0.019903274692613184,0.02183528719301033,0.02220287240826052,0.026644476219221596,0.028044412670373314,0.02148335808895949,0.02969285225099284,0.027727468489277207,0.027045652103256553,0.024030599861795073,0.016544341920571887,0.011874373472597299,0.0022000936203335993,0.01570907881810961,0.020114535979348685,0.019628620384432086,0.011171313402700556,0.04847214958856235,0.023533968991262904,0.03239719942494043,0.04785437473391582,0.04993730562986495,0.049855143550436846,0.03572238036219222,0.021148897391580622,0.02770259272279587,0.02742876451787132,0.026178483011914222,0.03155535536139793,0.02134372569817315,0.014639389324861004,0.019733644455917396,0.016190476708498807,0.024967336918189045,0.029374296576648144
Books,0.01331829982525814,0.012182152590945197,0.01000717202223987,0.008815553277204131,0.011481341502779983,0.019826570408260524,0.0238352933375695,0.03505107554567117,0.01845869613343924,0.019197556721207314,0.01959717226370135,0.02077609703574265,0.030535392908657664,0.018506019882446385,0.016230000038125497,0.01882726253852263,0.017357248444797458,0.02082991952343129,0.02167341632406672,0.0159142623542494,0.023430910773629864,0.021089883437648928,0.021417928489277198,0.01774788160127085,0.014351084708498805,0.011367599993645753,-0.0037000656648133435,0.013385512368546461,0.020248148727561557,0.01566759042414615,0.010708164594122316,0.036031755355043674,0.019528048482922954,0.02416774365051628,0.0353122874344718,0.03651681293725179,0.03738645318506751,0.02699963276886418,0.017065516454328834,0.023066117941223194,0.02100563698808578,0.01967342372676727,0.02465375065925338,0.015636859717235902,0.012099274567116763,0.016023361397934862,0.01245344255440826,0.019565722160444797,0.0223150533121525
Hshld,0.014357497942811756,0.012287748969023031,0.009706891204130262,0.009296294246227167,0.011327660104845117,0.01941436461795075,0.02296089744400318,0.01845869613343924,0.02719285479110405,0.019154037324860998,0.01850975201747418,0.02046706248451152,0.029580987658459096,0.019274591502779978,0.015749938822875297,0.019235168273232725,0.017936408023828433,0.0220078346624305,0.02343103325814138,0.01803288144082605,0.023830672902303413,0.020802551253375694,0.021866998393963465,0.018778715938046066,0.016078989275615563,0.010607971613979349,0.002130203961874505,0.01625286890548054,0.016858008497220012,0.01685756827958697,0.01056328053534551,0.03433274078792692,0.018781519142176333,0.024102351609213663,0.03479676893566323,0.035247920308181094,0.03642955252581413,0.026438054071485303,0.017925139266084193,0.023229874549642576,0.021982035621922157,0.02005820224940429,0.024440550309769667,0.016514353640984906,0.01242431138999206,0.016382584996028595,0.012308643348689434,0.019032365003971406,0.02168613996028594
Clths,0.013623759586973786,0.012627304552819699,0.009953620854646543,0.01119944992533757,0.011940615339158061,0.02154083360127085,0.024438482058776807,0.019197556721207314,0.019154037324860998,0.03599063189197776,0.018716797553613978,0.020180523691818903,0.029424536610007945,0.019275173655281964,0.016319687218427324,0.019655005477362986,0.018093111796664025,0.022431157680698966,0.023604040565528197,0.01641221021763304,0.02328100513423351,0.021156817226370136,0.022515747774424145,0.02023104436536934,0.015299223866560765,0.009672740200158857,0.0017350899507545653,0.017469106649722,0.019537163119936456,0.015491376571882445,0.00943292983637808,0.034630066903891976,0.0189878991262907,0.024321007955520255,0.033641865702938846,0.03527280829864971,0.03492433178713264,0.025015929734710087,0.01741112007625099,0.02331366574106434,0.02323931174583002,0.02063471999364574,0.027379311803018263,0.017252062290706912,0.012113124225575854,0.01622878509928515,0.013865712737092925,0.01907736457505957,0.022718905830023832
Hlth ,0.016305807998411435,0.012865469166004765,0.010354578085782367,0.011127219316918187,0.01483742354249404,0.01969405174741858,0.025026657069102468,0.01959717226370135,0.01850975201747418,0.018716797553613978,0.03802639675138999,0.0235269192533757,0.03538833457505957,0.018324246505162827,0.016584566425734706,0.018238523018268466,0.017037065504368544,0.021429941127879274,0.02239091656870532,0.017692089459888802,0.023428932772041305,0.021489479189833197,0.020411086775218426,0.020386956052422557,0.015394558165210482,0.009898659245432883,0.0024142719459888775,0.013714034535345513,0.020183609285146942,0.018875325274027008,0.010450519086576644,0.0358647768228753,0.019785511739475767,0.025979818951548845,0.03556108887212073,0.03724856154090548,0.03674368806195393,0.027896958109610796,0.017027025321683875,0.02090268988880063,0.021198145353455128,0.021117240667196193,0.024818374837172353,0.016907543518665604,0.013026019158061952,0.017753944265289912,0.013554964003177124,0.019053258919777594,0.022554748665607628
MedEq,0.018309340063542498,0.012755110538522636,0.009616898748212865,0.010755652886417789,0.012628678640190629,0.024090081108816518,0.028964044660841938,0.02077609703574265,0.02046706248451152,0.020180523691818903,0.0235269192533757,0.0349379044892772,0.044156937782366956,0.019296625185067518,0.01824522596664019,0.01825058165528197,0.018741548076250995,0.02324655529785544,0.024910118735504364,0.02008340930579825,0.027536754675138993,0.02630410286894361,0.022441496244638603,0.01984869757267673,0.015208554830818104,0.011361262230341543,0.0023897776584590946,0.014958736654487687,0.02049231467196187,0.01920263292772041,0.008560961045274026,0.04327500899761715,0.021547570516282765,0.03027147744559174,0.046207892311358224,0.047735259914217634,0.047490769960285936,0.034870054602065124,0.017526031694996023,0.023278314989674344,0.022198070621127882,0.02455442037172359,0.026584522446386018,0.0178019415694996,0.012476897029388404,0.01612325501191422,0.01429268259253375,0.02151376079428118,0.026512756965845912
Drugs,0.025554813939634626,0.01868452081969817,0.013879763674344714,0.014416445477362986,0.019274475482128673,0.03387284150436854,0.04205704082764099,0.030535392908657664,0.029580987658459096,0.029424536610007945,0.03538833457505957,0.044156937782366956,0.08326274803971405,0.028844716935663223,0.025346161729944403,0.026073787749007152,0.02652201695154884,0.034474936711675924,0.035570151478951546,0.02754509357744241,0.040956387977760134,0.04100320342176329,0.030803168592533754,0.028742096525814137,0.0222984438268467,0.011681550327243842,-0.0010997311930103252,0.020390850255758534,0.029210227750595695,0.027668925007148525,0.01498643993169182,0.06769422272597299,0.029819471517077045,0.0459413000127085,0.07199302320095313,0.07390931957744241,0.07589137962668785,0.05560696266560762,0.025096120902303412,0.03497833682128673,0.032900364104845106,0.03564873378236696,0.038198954249404296,0.024726080217633027,0.01799312698967434,0.024510118752978562,0.02138087734392375,0.03253706044479747,0.03975686065925337
Chems,0.013049792557585382,0.012603581725178713,0.00981327096584591,0.009525007002382842,0.01509891392533757,0.019051744633836378,0.022834410486100083,0.018506019882446385,0.019274591502779978,0.019275173655281964,0.018324246505162827,0.019296625185067518,0.028844716935663223,0.029425449930103258,0.016235115598093718,0.019495935231135818,0.018181932789515493,0.021513071040508338,0.02503245422716442,0.01617863734233518,0.024317757953931686,0.02097494388244638,0.023382335042096896,0.020079764802223992,0.01641527111834789,0.010277906991262905,-0.0014695223923749006,0.01705781622875298,0.018366665653693406,0.019268646405083398,0.012849182648133436,0.03217227727720413,0.018160828721207306,0.022811715104050834,0.03229429370135027,0.03170779192057188,0.0345637481096108,0.025510168988085773,0.020723416883240663,0.02609437615409054,0.022640274319301035,0.01942777209849086,0.023985420238284354,0.01588773899444003,0.012266309801429707,0.01719201606830818,0.011585114738681495,0.018861402176330425,0.02190753538522637
Rubbr,0.013635791270849882,0.010203167694996027,0.007322314260524228,0.008832082846703733,0.012103269712470213,0.01697412233995235,0.019903274692613184,0.016230000038125497,0.015749938822875297,0.016319687218427324,0.016584566425734706,0.01824522596664019,0.025346161729944403,0.016235115598093718,0.05234039626846705,0.014628104006354252,0.015215625050039715,0.018350284289118345,0.020685782087370926,0.014089971903097699,0.020549820695790307,0.019036398166799043,0.017912628071485304,0.01489157603971406,0.012991906165210485,0.009499171324861,-0.0025903207529785564,0.012072063517077044,0.01434682578395552,0.013866391529785546,0.008525635334392372,0.030541957162827642,0.016217725496425736,0.02076136839078634,0.030088840818109603,0.030367276069896743,0.031757954797458306,0.023423205245432878,0.015250182862589355,0.019500296411437648,0.01883925842096902,0.01765969271485306,0.02035960212867355,0.014076628027005557,0.010243687625099283,0.013020933574265287,0.011631581242255759,0.016197560492454327,0.01874842477362986
Txtls,0.014228929467831613,0.01138839133915806,0.011403567917394757,0.008567852015885625,0.009727968876886416,0.019527190303415404,0.02183528719301033,0.01882726253852263,0.019235168273232725,0.019655005477362986,0.018238523018268466,0.01825058165528197,0.026073787749007152,0.019495935231135818,0.014628104006354252,0.05548871145988879,0.01866435124384432,0.02227259132644956,0.023900316104845117,0.015752542551231135,0.022874708397140585,0.02029429231453534,0.021967354808578234,0.020446766392374895,0.014562635380460683,0.009757582379666402,0.0020074756346306634,0.01615725148212867,0.02038210800953138,0.018726513512311357,0.012185767110405081,0.03065824153772835,0.019018028339952343,0.021834967472597302,0.029489039999999994,0.029963964657664818,0.03126178427323272,0.02485719339793487,0.018449608012708493,0.024596001702938845,0.02101241692136616,0.01910405821763304,0.023158171501191416,0.016381725903097694,0.011537121779189833,0.015244031771247021,0.012524047186656076,0.018349435043685466,0.020116965845909454
BldMt,0.013155065822081013,0.011275630938840351,0.009071982641779186,0.008892133579030976,0.010522370891183476,0.018624575324861,0.02220287240826052,0.017357248444797458,0.017936408023828433,0.018093111796664025,0.017037065504368544,0.018741548076250995,0.02652201695154884,0.018181932789515493,0.015215625050039715,0.01866435124384432,0.022640069850675137,0.020864128578236694,0.022519691971405877,0.016504412179507537,0.023140985722001583,0.02012535331850675,0.021630891007148535,0.019429157876092132,0.014685135423351864,0.011800867690230341,-0.0012999749737887208,0.014785630621127878,0.01652142288959492,0.016175140098490862,0.009998378962668782,0.031460510096902296,0.0171313199364575,0.02201196209372517,0.0320948737172359,0.03206450788562351,0.03388767611596505,0.024501476438443203,0.01720313615250198,0.022528916710087367,0.02050842180142971,0.01896387020810167,0.022784793073868142,0.015390936706910247,0.011352478252581412,0.015412405679110402,0.011954253134233518,0.01778304862589357,0.02130858660047657
Cnstr,0.015437209023034155,0.013830647625099286,0.010465977220015885,0.010840549579030977,0.011819383828435266,0.02266253696584591,0.026644476219221596,0.02082991952343129,0.0220078346624305,0.022431157680698966,0.021429941127879274,0.02324655529785544,0.034474936711675924,0.021513071040508338,0.018350284289118345,0.02227259132644956,0.020864128578236694,0.04243132644956314,0.026791573153296264,0.02023795393169182,0.02790132784749801,0.024535189197776013,0.025711347164416202,0.021622849086576645,0.016846077108816523,0.012411465925337567,0.0001805828435266088,0.018909452772041303,0.021723344908657665,0.020442374964257347,0.012641242478157266,0.03938712400317712,0.02202046840349484,0.027015248165210483,0.04028881820492454,0.039974188848292284,0.042421785099285146,0.030901282382843526,0.020541757013502776,0.02704930220810167,0.025273609181890384,0.02297540095313742,0.028265275806195395,0.018185609467831612,0.013392985512311356,0.018365587640984903,0.013440122414614775,0.022640061254964254,0.026758698300238283
Steel,0.01696047669579031,0.014375960692613187,0.011834902379666402,0.011383540155679111,0.014105113734710083,0.02334084287847498,0.028044412670373314,0.02167341632406672,0.02343103325814138,0.023604040565528197,0.02239091656870532,0.024910118735504364,0.035570151478951546,0.02503245422716442,0.020685782087370926,0.023900316104845117,0.022519691971405877,0.026791573153296264,0.04105821308339952,0.01959210569023034,0.03025024252899127,0.0261472826115965,0.028092666567116762,0.023978832419380463,0.020221051253375696,0.013497057150119141,0.002012926360603655,0.020596047269261317,0.023938359498014296,0.023750229788721208,0.012972289868149323,0.04340187513264494,0.022114515202541696,0.0292688368355838,0.04365547720413026,0.04268309627323273,0.046766127974583,0.03272776401588562,0.022558687320095312,0.03023352165845909,0.02739148006989674,0.024958851812549636,0.028485473518665608,0.01993602063860207,0.014368991961874505,0.019304146751389997,0.015457293293089756,0.023427094932486098,0.02672957394757744
FabPr,0.014573442025416999,0.010794926595710881,0.006040627960285939,0.007501078754567115,0.007186888629070692,0.018272290864177913,0.02148335808895949,0.0159142623542494,0.01803288144082605,0.01641221021763304,0.017692089459888802,0.02008340930579825,0.02754509357744241,0.01617863734233518,0.014089971903097699,0.015752542551231135,0.016504412179507537,0.02023795393169182,0.01959210569023034,0.05807677734551231,0.022372047027799838,0.02017491418268467,0.018066500258935657,0.016636852598888002,0.013364253586973789,0.013776795308975378,0.012304162570293884,0.015513259812549644,0.015692738066719617,0.016124323310563942,0.007755369895154885,0.03135641763621923,0.0172778841938046,0.021644493448768863,0.03306540836378077,0.0325691841429706,0.03454735287529786,0.02473034189992057,0.015363528158856238,0.020193266422557584,0.018146317820492447,0.018692226420969026,0.02165008413026211,0.014279744986497216,0.010583421953931693,0.014189690381254966,0.01165767481493249,0.01651368557585385,0.019053741135822075
Mach ,0.016975823574265293,0.014414141401111991,0.010937778865766482,0.011310633575853851,0.012814804530579822,0.02554966656711675,0.02969285225099284,0.023430910773629864,0.023830672902303413,0.02328100513423351,0.023428932772041305,0.027536754675138993,0.040956387977760134,0.024317757953931686,0.020549820695790307,0.022874708397140585,0.023140985722001583,0.02790132784749801,0.03025024252899127,0.022372047027799838,0.038442001690230335,0.029551043062748212,0.0271678367084988,0.02392631529150119,0.020522036994440034,0.013019484880063544,0.0007675099729944406,0.018716829725178713,0.024755978789515486,0.023876190729150117,0.012847526710087369,0.04839817145671167,0.02374207532962668,0.0323454991517077,0.05183155567911041,0.05038840141064336,0.05738213353455122,0.040034017785544086,0.02206907265448769,0.0312767454932486,0.027534381903097697,0.026555977652104844,0.030258553200953137,0.01988899215885623,0.01451850621127879,0.019645979825258137,0.01642177886576648,0.025657164352660845,0.028587442827640978
ElcEq,0.015588249547259724,0.01267761471644162,0.009055750948371724,0.009966996841938046,0.011358702182684671,0.022454936676727565,0.027727468489277207,0.021089883437648928,0.020802551253375694,0.021156817226370136,0.021489479189833197,0.02630410286894361,0.04100320342176329,0.02097494388244638,0.019036398166799043,0.02029429231453534,0.02012535331850675,0.024535189197776013,0.0261472826115965,0.02017491418268467,0.029551043062748212,0.038752021471008744,0.022998331510722787,0.02081553128196981,0.01734613815091342,0.012484806154090547,-0.00026173061795075307,0.015469425042096897,0.021273339167593327,0.019709404555996818,0.010830817502779984,0.04514914192851469,0.020968562351072275,0.029796680590945195,0.04810716948371723,0.047356356403494844,0.05180397320095314,0.036624108930897535,0.01854281279110405,0.024475260978554406,0.024045075545671164,0.024102908060365365,0.02688277134233519,0.017785316152501986,0.012610287529785547,0.016938026767275613,0.014640507247021445,0.022953028880063547,0.025987643161239072
Autos,0.015370235432883244,0.013996683945988886,0.011556792290706906,0.01048343325178713,0.015116509362986497,0.022225465024622713,0.027045652103256553,0.021417928489277198,0.021866998393963465,0.022515747774424145,0.020411086775218426,0.022441496244638603,0.030803168592533754,0.023382335042096896,0.017912628071485304,0.021967354808578234,0.021630891007148535,0.025711347164416202,0.028092666567116762,0.018066500258935657,0.0271678367084988,0.022998331510722787,0.038265877444003185,0.024788727493248612,0.018249217872915013,0.011471107687053214,-0.0001351810865766476,0.018895450522637008,0.02078782664177919,0.018012383142176326,0.013793002260524224,0.03780332443844321,0.021676853185067506,0.026305325308975367,0.03715220237490072,0.03692761049404289,0.03959306723590151,0.02887503542811755,0.021872190614773624,0.028495094187450352,0.026898929556791105,0.022031437401111992,0.028587288324066717,0.019223007121525023,0.013671533089753773,0.019170178594122317,0.013638017556791102,0.021520474741858614,0.025134034146147732
Aero ,0.01623930779189833,0.013697678964257344,0.009704769164416203,0.010581577353455121,0.013320488940428915,0.019188648405083393,0.024030599861795073,0.01774788160127085,0.018778715938046066,0.02023104436536934,0.020386956052422557,0.01984869757267673,0.028742096525814137,0.020079764802223992,0.01489157603971406,0.020446766392374895,0.019429157876092132,0.021622849086576645,0.023978832419380463,0.016636852598888002,0.02392631529150119,0.02081553128196981,0.024788727493248612,0.06145815418427323,0.017472775086576648,0.011689125850675141,0.002046598827640984,0.018199344476568704,0.01961241692930897,0.018312121772835584,0.0110829344892772,0.03233689708975378,0.019347081207307385,0.02334114013343924,0.030620715369340742,0.03147162535663224,0.032742931715647336,0.024039733620333598,0.020329334716441615,0.024550937151707707,0.024035760972200157,0.01980814272915012,0.02520755828435266,0.01767647898490865,0.012879315297855439,0.01747392402700556,0.012692115145353454,0.018790657934868938,0.022523762930897535
Ships,0.01296232178713265,0.010810729823669577,0.00802558952660842,0.007438453966640189,0.00938133694042891,0.014971276239872912,0.016544341920571887,0.014351084708498805,0.016078989275615563,0.015299223866560765,0.015394558165210482,0.015208554830818104,0.0222984438268467,0.01641527111834789,0.012991906165210485,0.014562635380460683,0.014685135423351864,0.016846077108816523,0.020221051253375696,0.013364253586973789,0.020522036994440034,0.01734613815091342,0.018249217872915013,0.017472775086576648,0.04581546397299442,0.011296464192216043,0.005987806903891979,0.01388944489912629,0.015856057714058777,0.018371133007148533,0.009859529377283559,0.02623713654328831,0.015848484320889596,0.019067260654487685,0.02873905031771247,0.027486353464654494,0.03073320591739475,0.021605292902303418,0.015125762942017472,0.020264538158856232,0.01739803039872915,0.016180980339952338,0.018870001143764897,0.012290572077839554,0.01067402528991263,0.014138174495631449,0.010542523831612392,0.01542057459888801,0.017051193955520256
Guns ,0.010675722184273236,0.007431629763304209,0.003978598940428911,0.005298520552819697,0.007862262646544875,0.009136519884034947,0.011874373472597299,0.011367599993645753,0.010607971613979349,0.009672740200158857,0.009898659245432883,0.011361262230341543,0.011681550327243842,0.010277906991262905,0.009499171324861,0.009757582379666402,0.011800867690230341,0.012411465925337567,0.013497057150119141,0.013776795308975378,0.013019484880063544,0.012484806154090547,0.011471107687053214,0.011689125850675141,0.011296464192216043,0.09671860538681494,0.01037583725814138,0.013940301820492452,0.015128844430500395,0.013060832139793482,0.008185780773629863,0.017341087634630662,0.01001064384432089,0.01236858137887212,0.01669962183478952,0.016052400911834786,0.018244913701350278,0.01436967599364575,0.010694469496425735,0.013729550324066715,0.009170852587768067,0.011551578675138998,0.012535021763304212,0.006219855404289117,0.008229128165210485,0.009215162565528198,0.005871346954725972,0.009535059173947577,0.013404178403494841
Gold ,0.010641163606036534,-0.0011085559586973793,-0.002658513864972202,0.0004912619094519447,-0.0017206223923749019,0.004855730258935663,0.0022000936203335993,-0.0037000656648133435,0.002130203961874505,0.0017350899507545653,0.0024142719459888775,0.0023897776584590946,-0.0010997311930103252,-0.0014695223923749006,-0.0025903207529785564,0.0020074756346306634,-0.0012999749737887208,0.0001805828435266088,0.002012926360603655,0.012304162570293884,0.0007675099729944406,-0.00026173061795075307,-0.0001351810865766476,0.002046598827640984,0.005987806903891979,0.01037583725814138,0.3352391182779984,0.026533116066719622,-0.002074192079428113,0.01776124611278793,0.0001719400127084987,0.002662324327243842,0.0028325741699761708,0.0031600402732327227,0.003434744416203336,0.003489620359015094,0.000967927386814939,0.0013917556346306592,-0.002682836454328832,-0.0007128794821286728,-0.00174660385067514,0.002907984819698172,-0.001285145385226371,0.0005953984718030182,-0.000488345671167593,-0.0032916921207307385,0.00787927360127085,-0.0017450155043685466,-0.0014061341223193028
Mines,0.014638615980937249,0.009052279421763303,0.008845948416203335,0.00842231432565528,0.013662857722001587,0.015080351853852265,0.01570907881810961,0.013385512368546461,0.01625286890548054,0.017469106649722,0.013714034535345513,0.014958736654487687,0.020390850255758534,0.01705781622875298,0.012072063517077044,0.01615725148212867,0.014785630621127878,0.018909452772041303,0.020596047269261317,0.015513259812549644,0.018716829725178713,0.015469425042096897,0.018895450522637008,0.018199344476568704,0.01388944489912629,0.013940301820492452,0.026533116066719622,0.06543815627640985,0.013035280514694202,0.015963476397140585,0.010035273696584596,0.02439803052581413,0.01424142646544877,0.017878574532168384,0.0238503904050834,0.024210186916600474,0.02544880028594122,0.01908154257029388,0.015347267621922159,0.022238422754567114,0.017716849410643366,0.01587248882605242,0.018813836092136608,0.01231589202859412,0.01054113823669579,0.014132548752978551,0.009862364714853055,0.01585355370929309,0.01807835027799841
Coal ,0.012852346028594124,0.012190072444797459,0.008164322298649723,0.009825086881652104,0.015567868123907867,0.017120518177918986,0.020114535979348685,0.020248148727561557,0.016858008497220012,0.019537163119936456,0.020183609285146942,0.02049231467196187,0.029210227750595695,0.018366665653693406,0.01434682578395552,0.02038210800953138,0.01652142288959492,0.021723344908657665,0.023938359498014296,0.015692738066719617,0.024755978789515486,0.021273339167593327,0.02078782664177919,0.01961241692930897,0.015856057714058777,0.015128844430500395,-0.002074192079428113,0.013035280514694202,0.1378069883574265,0.02896464398411438,0.0177092333963463,0.03521888777442415,0.019429742398729147,0.02296286859729944,0.033266969046862584,0.03435491746783162,0.03757446710881651,0.024980946659253375,0.018753197096108024,0.025343663019857025,0.020537153480540107,0.019420361086576646,0.024868538745035744,0.015049753237490072,0.012739448705321687,0.017031347998411436,0.013244460606830816,0.018559859237490067,0.021431979054805407
Oil  ,0.013598244829229547,0.011064679606036536,0.010321777086576648,0.0098954970548054,0.013386972695790308,0.01618551501826846,0.019628620384432086,0.01566759042414615,0.01685756827958697,0.015491376571882445,0.018875325274027008,0.01920263292772041,0.027668925007148525,0.019268646405083398,0.013866391529785546,0.018726513512311357,0.016175140098490862,0.020442374964257347,0.023750229788721208,0.016124323310563942,0.023876190729150117,0.019709404555996818,0.018012383142176326,0.018312121772835584,0.018371133007148533,0.013060832139793482,0.01776124611278793,0.015963476397140585,0.02896464398411438,0.05161448696425735,0.015153319529785544,0.026213359224781574,0.016904137410643366,0.020695246570293882,0.026554616521048454,0.02660546533439237,0.028813578776806983,0.022765044695790305,0.016227876181096106,0.0220267205528197,0.0192176368355838,0.018045359542494043,0.018764851310563938,0.013874610395552024,0.010709662303415406,0.014507734074662427,0.012161444282764097,0.015635626656076252,0.019083586560762512
Util ,0.00756943978554408,0.00818698283081811,0.007461949437648929,0.00743837940587768,0.01207204799364575,0.008066447258141379,0.011171313402700556,0.010708164594122316,0.01056328053534551,0.00943292983637808,0.010450519086576644,0.008560961045274026,0.01498643993169182,0.012849182648133436,0.008525635334392372,0.012185767110405081,0.009998378962668782,0.012641242478157266,0.012972289868149323,0.007755369895154885,0.012847526710087369,0.010830817502779984,0.013793002260524224,0.0110829344892772,0.009859529377283559,0.008185780773629863,0.0001719400127084987,0.010035273696584596,0.0177092333963463,0.015153319529785544,0.022313111960285938,0.014938488581413818,0.009911976298649724,0.011143567984114377,0.012725586266878475,0.01233943586656076,0.015492083439237489,0.012059171193010322,0.011093871129467829,0.014822802546465445,0.01269502349166005,0.009493437191421763,0.01184754471803018,0.008399681491660047,0.007158095377283556,0.011919600611596505,0.005308098007942812,0.01009603382049245,0.011564834463860208
Telcm,0.026295428196981725,0.019285381820492453,0.014526274055599683,0.01530425173629865,0.01519168819062748,0.04071648254487689,0.04847214958856235,0.036031755355043674,0.03433274078792692,0.034630066903891976,0.0358647768228753,0.04327500899761715,0.06769422272597299,0.03217227727720413,0.030541957162827642,0.03065824153772835,0.031460510096902296,0.03938712400317712,0.04340187513264494,0.03135641763621923,0.04839817145671167,0.04514914192851469,0.03780332443844321,0.03233689708975378,0.02623713654328831,0.017341087634630662,0.002662324327243842,0.02439803052581413,0.03521888777442415,0.026213359224781574,0.014938488581413818,0.09937881842096903,0.034883132549642565,0.052189696470214444,0.08646622184273231,0.08790496454964258,0.09213045145353456,0.06191378018745035,0.02917882949642573,0.0413982050420969,0.03960719736934074,0.04017723942176331,0.04679606888006354,0.028518364355837968,0.021215151898332004,0.026951022033359816,0.023001441664813344,0.040555489753772836,0.042914339714058766
PerSv,0.0154425557426529,0.011676580142970613,0.010087039809372518,0.010710363494837177,0.013281294837172362,0.019867370389197773,0.023533968991262904,0.019528048482922954,0.018781519142176333,0.0189878991262907,0.019785511739475767,0.021547570516282765,0.029819471517077045,0.018160828721207306,0.016217725496425736,0.019018028339952343,0.0171313199364575,0.02202046840349484,0.022114515202541696,0.0172778841938046,0.02374207532962668,0.020968562351072275,0.021676853185067506,0.019347081207307385,0.015848484320889596,0.01001064384432089,0.0028325741699761708,0.01424142646544877,0.019429742398729147,0.016904137410643366,0.009911976298649724,0.034883132549642565,0.03318502735504368,0.024474975885623505,0.034475040953137415,0.03633796419380462,0.03656332791104051,0.026253188752978558,0.017017216521048453,0.022447380079428113,0.021958334297061163,0.020294697601270843,0.02497675901509134,0.01682278652899126,0.012422332962668788,0.01603560111199364,0.013283113423351865,0.018993624114376485,0.021019743288324073
BusSv,0.01979197450357427,0.014381248940428911,0.010707955288324066,0.011394783739475774,0.012865123221604453,0.027009096022239873,0.03239719942494043,0.02416774365051628,0.024102351609213663,0.024321007955520255,0.025979818951548845,0.03027147744559174,0.0459413000127085,0.022811715104050834,0.02076136839078634,0.021834967472597302,0.02201196209372517,0.027015248165210483,0.0292688368355838,0.021644493448768863,0.0323454991517077,0.029796680590945195,0.026305325308975367,0.02334114013343924,0.019067260654487685,0.01236858137887212,0.0031600402732327227,0.017878574532168384,0.02296286859729944,0.020695246570293882,0.011143567984114377,0.052189696470214444,0.024474975885623505,0.03815232578872121,0.054093466513105634,0.0558799637045274,0.05690188449563145,0.03974472467672755,0.02061474624940429,0.028519268374900722,0.027196812123907864,0.02761069348371724,0.03164741680698967,0.020449875815726763,0.014839646195393174,0.019534650913423345,0.01644470421604448,0.026117870659253375,0.02977169237490071
Hardw,0.02665694532962669,0.018790597077045272,0.013471042470214453,0.01531576012708499,0.014213151517077045,0.04104146227958697,0.04785437473391582,0.0353122874344718,0.03479676893566323,0.033641865702938846,0.03556108887212073,0.046207892311358224,0.07199302320095313,0.03229429370135027,0.030088840818109603,0.029489039999999994,0.0320948737172359,0.04028881820492454,0.04365547720413026,0.03306540836378077,0.05183155567911041,0.04810716948371723,0.03715220237490072,0.030620715369340742,0.02873905031771247,0.01669962183478952,0.003434744416203336,0.0238503904050834,0.033266969046862584,0.026554616521048454,0.012725586266878475,0.08646622184273231,0.034475040953137415,0.054093466513105634,0.10531831160444795,0.09576999969817315,0.10330807765687054,0.06791822501985703,0.029227441620333597,0.040877244567116756,0.038983116695790306,0.042507093598093716,0.04636237239078633,0.02809907668784749,0.019820596822875302,0.025651657291501193,0.023718628689436055,0.04078064173153296,0.04376883795869738
Softw,0.027592567545671166,0.019452530586179507,0.014268211154884828,0.015445779463065924,0.014566131380460687,0.04249462928991262,0.04993730562986495,0.03651681293725179,0.035247920308181094,0.03527280829864971,0.03724856154090548,0.047735259914217634,0.07390931957744241,0.03170779192057188,0.030367276069896743,0.029963964657664818,0.03206450788562351,0.039974188848292284,0.04268309627323273,0.0325691841429706,0.05038840141064336,0.047356356403494844,0.03692761049404289,0.03147162535663224,0.027486353464654494,0.016052400911834786,0.003489620359015094,0.024210186916600474,0.03435491746783162,0.02660546533439237,0.01233943586656076,0.08790496454964258,0.03633796419380462,0.0558799637045274,0.09576999969817315,0.10180301641938044,0.09935507197776011,0.06614238546783162,0.028741748803812535,0.04094740201111993,0.039378982169976165,0.043430179069102466,0.04819114617950754,0.029064372451151708,0.020663188816521048,0.026276889229547268,0.024704046373312152,0.04080202732327243,0.04446951845909451
Chips,0.02690091525814138,0.019529320158856233,0.01405476985702939,0.01612781693407466,0.013920477585385227,0.04220109937251787,0.049855143550436846,0.03738645318506751,0.03642955252581413,0.03492433178713264,0.03674368806195393,0.047490769960285936,0.07589137962668785,0.0345637481096108,0.031757954797458306,0.03126178427323272,0.03388767611596505,0.042421785099285146,0.046766127974583,0.03454735287529786,0.05738213353455122,0.05180397320095314,0.03959306723590151,0.032742931715647336,0.03073320591739475,0.018244913701350278,0.000967927386814939,0.02544880028594122,0.03757446710881651,0.028813578776806983,0.015492083439237489,0.09213045145353456,0.03656332791104051,0.05690188449563145,0.10330807765687054,0.09935507197776011,0.11822925069896745,0.07477617428117553,0.030667286036536935,0.04385807022239872,0.04171439075456711,0.04438896006354249,0.0484663137092931,0.028563403756949966,0.020703247752184267,0.02735815687847498,0.024249547545671175,0.04387992395552026,0.04539206885623511
LabEq,0.020581518427323274,0.014864755469420173,0.011465057274027003,0.012015366583002384,0.012728533166004764,0.030343528142970602,0.03572238036219222,0.02699963276886418,0.026438054071485303,0.025015929734710087,0.027896958109610796,0.034870054602065124,0.05560696266560762,0.025510168988085773,0.023423205245432878,0.02485719339793487,0.024501476438443203,0.030901282382843526,0.03272776401588562,0.02473034189992057,0.040034017785544086,0.036624108930897535,0.02887503542811755,0.024039733620333598,0.021605292902303418,0.01436967599364575,0.0013917556346306592,0.01908154257029388,0.024980946659253375,0.022765044695790305,0.012059171193010322,0.06191378018745035,0.026253188752978558,0.03974472467672755,0.06791822501985703,0.06614238546783162,0.07477617428117553,0.058304753302621116,0.022475184470214456,0.03241982297378873,0.02962821619062748,0.031256077566322475,0.03410413010325656,0.02150243873868149,0.015026256711675933,0.020386385115170772,0.017640476733915802,0.030011151040508343,0.033628396870532165
