,Agric,Food ,Soda ,Beer ,Smoke,Toys ,Fun  ,Books,Hshld,Clths,Hlth ,MedEq,Drugs,Chems,Rubbr,Txtls,BldMt,Cnstr,Steel,FabPr,Mach ,ElcEq,Autos,Aero ,Ships,Guns ,Gold ,Mines,Coal ,Oil  ,Util ,Telcm,PerSv,BusSv,Hardw,Softw,Chips,LabEq,Paper,Boxes,Trans,Whlsl,Rtail,Meals,Banks,Insur,RlEst,Fin  ,Other
Agric,0.05950834257505957,0.008856082624305003,0.007897818911834787,0.007839531324861,0.009915874257347102,0.0157623049197776,0.01879287903891978,0.012716356044479744,0.014339244692613183,0.013477636419380464,0.016060125118347895,0.018066361069102463,0.025251294001588563,0.012801128565528197,0.013735400706910244,0.014162641364575065,0.013062453380460682,0.01556284071961874,0.016578559504368547,0.014471391369340747,0.016786166301826846,0.015408014902303414,0.014873266942017472,0.01588545155837967,0.012438807455123112,0.010693833308975373,0.0107346327847498,0.014550037572676726,0.012564508487688638,0.013410746605242253,0.007378064038125496,0.025961879250198567,0.015408226476568703,0.019648764903891974,0.026515936983320103,0.02743862193328038,0.026524114344718037,0.02050903541382049,0.011937296482922957,0.014696895669579033,0.015623790104845115,0.01615467707227958,0.018067893583796665,0.013589130571882447,0.00969296369023034,0.012013124851469421,0.010399316393963463,0.01373484670373312,0.017160627579030977
Food ,0.008856082624305003,0.016006483723590148,0.006908486004765685,0.007704877312152501,0.00986550055599682,0.011320898338363777,0.014290859729944398,0.01191435275615568,0.012165547780778394,0.012527380892772036,0.012804946821286734,0.012631239358220811,0.018570830957903097,0.012438757814138205,0.010104213979348688,0.011430677216838762,0.011126138166799046,0.013694990176330418,0.014243315291501189,0.010737624629070689,0.014280090586179508,0.012577635602859414,0.01373905410643368,0.013521788835583795,0.010820673321683875,0.007444278341540907,-0.0011103682986497215,0.00905951508181096,0.012081267285146939,0.011009434624305004,0.008015824152501988,0.019055786046068307,0.01152592562986497,0.014288173922160443,0.018619438176330428,0.01930649087212073,0.019309908339952348,0.014720883520254168,0.011235687517077044,0.014155601537728359,0.013646613617156474,0.011727632444797461,0.014940079891977761,0.010295769626687847,0.008326379532962669,0.01168775686735504,0.008656748848292296,0.011306883304209692,0.013444072965845905
Soda ,0.007897818911834787,0.006908486004765685,0.043183540516282766,0.008754168411437646,0.009856084440031773,0.009248061644162033,0.0105437553375695,0.0096692216203336,0.009650812501985701,0.009680536949960286,0.010349590039714059,0.009547274781572676,0.013727158745035745,0.009333619761715647,0.007309875893566321,0.011380786664019064,0.008903778403494838,0.010518665154884827,0.011553500460683075,0.005783812589356631,0.010760642644956313,0.009026945123113582,0.011231753328038127,0.009225438919777602,0.007748760023828434,0.003747896648133439,-0.002111374662430499,0.008902978332009532,0.007885910937251784,0.01011613845909452,0.0071390612231930104,0.014153175027799841,0.00985005684670373,0.010589509459888801,0.01344787085782367,0.014115898911834793,0.013938410103256554,0.011435021278792694,0.00908046748212867,0.012214311231135823,0.01020311864177919,0.009151087267672754,0.012106059197776008,0.007899940246227165,0.006708931286735501,0.00985630730738681,0.00735823556791104,0.008790389801429706,0.009080483899920572
Beer ,0.007839531324861,0.007704877312152501,0.008754168411437646,0.03075753189992057,0.008844125234312947,0.009618103912629069,0.010601681088165208,0.008795421334392378,0.009187279660047653,0.01124053711517077,0.01111724253852264,0.010690896468625893,0.01439667533915806,0.009229822824463859,0.008741015337569496,0.008441139318506747,0.008728995070691024,0.010633770273232725,0.011172060861000793,0.0074114089801429715,0.011121964818109611,0.009909479871326449,0.010254020301826847,0.010455728711675934,0.0076788678109610785,0.005147357572676731,0.001140484038125496,0.008508764969023036,0.00953897306910246,0.009810039701350278,0.007347822379666401,0.015112592934074668,0.010679921768069894,0.011373772506751388,0.015219133866560763,0.015404421752184275,0.015961601969817316,0.01190344623828435,0.009531585359809372,0.008434313766481337,0.010760645637807787,0.010057844516282763,0.012861758616362195,0.008620395845909451,0.006439566857823669,0.009203741296266879,0.006892041699761714,0.009087201239078633,0.011676417631453535
Smoke,0.009915874257347102,0.00986550055599682,0.009856084440031773,0.008844125234312947,0.10470782245432883,0.010258225075456711,0.015266155274027006,0.010787933200953139,0.010988419237490074,0.011742282112787928,0.014551966973788718,0.012397134289118346,0.019024579618745038,0.01454871987291501,0.011941689078633837,0.009624339801429708,0.01009879854646545,0.011533475131056393,0.013585824559173948,0.006898482104845114,0.012239695067513899,0.011116096608419382,0.01427999571088165,0.012616846799046861,0.009077574066719617,0.007910635552025414,-0.001112581683876088,0.014039395138999202,0.014649146584590943,0.013281874948371722,0.0116115445274027,0.014585044924543284,0.013035603629864974,0.012576704884829228,0.01380928369340747,0.014085515655281971,0.013294541953931689,0.012396836910246225,0.012381390119142174,0.016011608959491656,0.012687515242255759,0.011463604598888006,0.013931075051628274,0.008582108220810165,0.008652538975377285,0.012596468610007943,0.006429330627482126,0.010346864813343924,0.012806002660841937
Toys ,0.0157623049197776,0.011320898338363777,0.009248061644162033,0.009618103912629069,0.010258225075456711,0.044383812579825266,0.02672008936457506,0.019513565544082602,0.019317348146147734,0.021478815539316916,0.019527662643367753,0.02394954697537728,0.03369086331691819,0.01891007511358221,0.01690074755361397,0.019402107582208103,0.018454712328832407,0.022437159239078634,0.0231996021223193,0.01821937702779984,0.025348637647339165,0.022315991957108816,0.021905061064336772,0.019132517795075455,0.01480309547418586,0.009349073416997616,0.004692889795075458,0.015261094970611594,0.017152588309769654,0.016018678881652107,0.007929826567116759,0.040442212066719614,0.019867958123907865,0.026879278028594123,0.04076499117871327,0.042296578806989685,0.041997250833995234,0.030262647086576645,0.01695987652422558,0.02285471759809373,0.02189582511040509,0.022671003159650514,0.025952848684670377,0.017359984646544875,0.011917063782366955,0.0147263207593328,0.013172006719618745,0.020799866084193805,0.02347527573788721
Fun  ,0.01879287903891978,0.014290859729944398,0.0105437553375695,0.010601681088165208,0.015266155274027006,0.02672008936457506,0.048243611302621135,0.023459752073073863,0.022733411834789514,0.02420849253375695,0.024803948451151702,0.02871205061953932,0.041760739555202535,0.022503200127084982,0.019741860309769658,0.021792457879269256,0.02194385670373313,0.026414248967434478,0.027719777378872115,0.021379424964257345,0.029376938864177915,0.02759254968228753,0.02655714443208896,0.02377659030976966,0.016459250397140593,0.011806138395552028,0.003024276330420969,0.015893724733915805,0.019707476576648134,0.01960219552025417,0.010903871421763302,0.04802708895949165,0.023428340865766478,0.03217683522637013,0.04747197422557585,0.0495867001350278,0.04942759980937252,0.03545754418586179,0.020881068943606036,0.027442048069896748,0.027179381437648927,0.02588351196981731,0.03113385190627483,0.02102993625893566,0.014528618482922952,0.019374339904686254,0.01608615023034154,0.024743793486894358,0.029168010047656873
Books,0.012716356044479744,0.01191435275615568,0.0096692216203336,0.008795421334392378,0.010787933200953139,0.019513565544082602,0.023459752073073863,0.034625109610802215,0.01818856724384432,0.01904663739475774,0.01937847666401906,0.020545766084193808,0.030274244003177124,0.018210510659253373,0.016094412438443208,0.018808193343923748,0.017100360301826847,0.02052702778395552,0.021361566608419376,0.01587261955520254,0.023148880174741853,0.020885554455917395,0.020870820905480536,0.017418088737092927,0.014246249833200952,0.011337960254169976,-0.0032876372676727567,0.0134838229706116,0.019919025972994442,0.015605075202541705,0.010370205019857028,0.03560236949960286,0.019383751088165205,0.023956468482922953,0.03494924805401112,0.0362184775059571,0.03705465258141381,0.026757381652104853,0.016783795710881653,0.022712140174741862,0.02074683531374106,0.01938026816521049,0.024286916616362186,0.015374213804606827,0.011988344320889594,0.01564333550436854,0.01244588298649722,0.01933080660841938,0.02220396452740269
Hshld,0.014339244692613183,0.012165547780778394,0.009650812501985701,0.009187279660047653,0.010988419237490074,0.019317348146147734,0.022733411834789514,0.01818856724384432,0.02705148981096108,0.01902845735345512,0.018375992705321684,0.02033625827164416,0.029465778103256554,0.019038991084988084,0.015611618792692612,0.01922945751548848,0.01777318542017474,0.02194036508657664,0.023208030868943606,0.01801085597776013,0.023620592911834788,0.02069858277045274,0.021510328641779194,0.018508874954725973,0.015947639113582206,0.010746404467037333,0.0023278867227958713,0.016312535961874503,0.016821214014297058,0.01678874724702144,0.010362214119142175,0.034058579749007147,0.01863167967911041,0.023971931625099276,0.03455307999046862,0.03500637337251786,0.03612240339952343,0.026297598637013503,0.01771845211119937,0.023028100803812547,0.021864324152501984,0.019853407272438436,0.02422854766322478,0.016393517537728355,0.012338466786338367,0.016179253909451945,0.012216861382049249,0.0188776127720413,0.021561770983320096
Clths,0.013477636419380464,0.012527380892772036,0.009680536949960286,0.01124053711517077,0.011742282112787928,0.021478815539316916,0.02420849253375695,0.01904663739475774,0.01902845735345512,0.036002257594916605,0.01873199719142176,0.020063099822081015,0.029286579196187452,0.019075142004765688,0.016207459110405074,0.019635258608419373,0.017966897502779983,0.022334945159650513,0.02350023540587768,0.01649652750119142,0.023168238414614767,0.021109007189833197,0.022235797839555194,0.02012708250357426,0.015212655278792698,0.009704712355837964,0.001904492752978554,0.017546494951548842,0.019467111132644956,0.015498294277998408,0.009292713251787136,0.034504049925337565,0.018886410360603657,0.024217708343129467,0.033455641407466236,0.035150619224781576,0.03471853378872121,0.02485926916282764,0.01728539338522637,0.023197749045274024,0.023176410462271643,0.02049038360921366,0.027199950605242253,0.017099187307386812,0.012047082157267673,0.016056523818903885,0.013773647783955517,0.018914176934074663,0.0226401512406672
Hlth ,0.016060125118347895,0.012804946821286734,0.010349590039714059,0.01111724253852264,0.014551966973788718,0.019527662643367753,0.024803948451151702,0.01937847666401906,0.018375992705321684,0.01873199719142176,0.037920557845909454,0.023426836292295472,0.03523914778077839,0.01817795072915012,0.016532536822875296,0.018228983698173155,0.016921634767275616,0.021270771701350277,0.02230077410007943,0.01762271999046863,0.023324691841143764,0.02147642913741064,0.02015793645750595,0.020250735269261314,0.015265722138204924,0.009834803583796662,0.002808676054011121,0.013926253572676729,0.019726836196981727,0.018775948524225573,0.010288505868149321,0.03570861657823669,0.019838612000000002,0.02595164764733915,0.03542996486417792,0.03719253314376489,0.036698889118347885,0.027851775863383634,0.016897559065925338,0.020910726748212868,0.021209586976965848,0.020981257591739477,0.024709272219221604,0.01678315334392375,0.01301181112946783,0.01756324195075457,0.013639973788721206,0.01891956111199365,0.022636929884034943
MedEq,0.018066361069102463,0.012631239358220811,0.009547274781572676,0.010690896468625893,0.012397134289118346,0.02394954697537728,0.02871205061953932,0.020545766084193808,0.02033625827164416,0.020063099822081015,0.023426836292295472,0.034829338997617164,0.04402607733439237,0.019163365204130263,0.01820834432883241,0.018237517771247023,0.018610733421763306,0.02311030875138999,0.0248224490293884,0.020025884163621915,0.027411476220810162,0.026220140687847497,0.022179340746624306,0.019797630862589354,0.015168205844320892,0.01141985115806195,0.0025111885528196994,0.015134779119936456,0.020198215407466243,0.01917576343764893,0.008402957801429708,0.04306419794122319,0.021502919779189833,0.030177386308181096,0.046017715540905474,0.047574505704527405,0.04734762249404289,0.03480393454964258,0.017411297995234314,0.023170134729150117,0.02211658651787133,0.024390613329626692,0.026388138352660843,0.017655720357426526,0.012443666320889593,0.015939505070691022,0.014281449896743447,0.02139031402700556,0.026409550727561553
Drugs,0.025251294001588563,0.018570830957903097,0.013727158745035745,0.01439667533915806,0.019024579618745038,0.03369086331691819,0.041760739555202535,0.030274244003177124,0.029465778103256554,0.029286579196187452,0.03523914778077839,0.04402607733439237,0.08304254410802224,0.028682494849880853,0.025230827942811757,0.026052212590945194,0.026368044355837963,0.0343787015440826,0.035399870455917394,0.027539551577442405,0.04077587964733915,0.04092251007783954,0.030474429864972195,0.028588468346306593,0.022146927755361402,0.011711058255758534,-0.0008745598538522685,0.020617564365369337,0.02908730967752185,0.027668136349483726,0.014862522745035744,0.06743545685782368,0.029751926033359802,0.04579824047339157,0.0717489672025417,0.07368563967911038,0.07564916165210483,0.05547161766799047,0.0249552527466243,0.03477956336139793,0.03272931830659253,0.03548434878157269,0.03796574277045273,0.024545626894360607,0.01792605023351866,0.02426556237648927,0.021325589579030982,0.03237643507545671,0.03959207474821286
Chems,0.012801128565528197,0.012438757814138205,0.009333619761715647,0.009229822824463859,0.01454871987291501,0.01891007511358221,0.022503200127084982,0.018210510659253373,0.019038991084988084,0.019075142004765688,0.01817795072915012,0.019163365204130263,0.028682494849880853,0.029220711015091355,0.016143397839555203,0.019401333324860992,0.01801449273391581,0.021339359898332005,0.024895891240667198,0.016109262976965844,0.02412377446227164,0.02090829981254964,0.023038671612390784,0.019968510996028595,0.016370102201747415,0.010266672527402697,-0.0013906577029388395,0.01733729446227164,0.018019164568705323,0.019328077388403492,0.012602014938840351,0.031904589032565524,0.01805214793328038,0.022710430633836376,0.03206066047974584,0.031535320768864165,0.03437282684670374,0.025373765235901513,0.020502227056393964,0.025865320965845907,0.022561698223987292,0.019186944533756953,0.023710421051628277,0.015747407752184275,0.012209081899920569,0.01697394101350278,0.011454764543288322,0.018694727625099286,0.021736406182684662
Rubbr,0.013735400706910244,0.010104213979348688,0.007309875893566321,0.008741015337569496,0.011941689078633837,0.01690074755361397,0.019741860309769658,0.016094412438443208,0.015611618792692612,0.016207459110405074,0.016532536822875296,0.01820834432883241,0.025230827942811757,0.016143397839555203,0.05229915004765687,0.014547851032565529,0.015120088332009528,0.018164385154884832,0.02060324673550437,0.014112515623510723,0.020465923439237487,0.01897105374900715,0.017786962922954726,0.014717210897537724,0.012997761040508338,0.009465417855440826,-0.0024985840984908655,0.012074107196187447,0.014314419817315328,0.013813307609213657,0.008407772930897537,0.030407457855440825,0.016229940881652104,0.020749148316123907,0.030006304694201746,0.03031233795869738,0.03172893807783955,0.023330568729150115,0.01516685089753773,0.01944926592533757,0.01880792413820492,0.01759382985702939,0.020270365949166005,0.014022833876092138,0.01024694227958697,0.012892711787132643,0.011564601159650514,0.01614256765687053,0.018719002851469418
Txtls,0.014162641364575065,0.011430677216838762,0.011380786664019064,0.008441139318506747,0.009624339801429708,0.019402107582208103,0.021792457879269256,0.018808193343923748,0.01922945751548848,0.019635258608419373,0.018228983698173155,0.018237517771247023,0.026052212590945194,0.019401333324860992,0.014547851032565529,0.05529408840508338,0.01862247362509928,0.022290133847498013,0.023873582417791896,0.015755153237490074,0.022878455413820487,0.020242533326449562,0.02200476505162827,0.020484933254964255,0.014723974451151707,0.00956362441938046,0.0013615194312946804,0.01623757647021445,0.020361991988880064,0.01875377812867355,0.012070649353455124,0.030666687104050832,0.018901463960285938,0.021785975572676725,0.02942794925972995,0.030005730775218422,0.03133194077839554,0.024834354498808577,0.018358678227164416,0.024628462932486092,0.02104091014932486,0.01901243833677522,0.02312052377918983,0.016320875385226367,0.011526900185861791,0.015196349493248607,0.012501446910246228,0.018262231707704527,0.020139508703733124
BldMt,0.013062453380460682,0.011126138166799046,0.008903778403494838,0.008728995070691024,0.01009879854646545,0.018454712328832407,0.02194385670373313,0.017100360301826847,0.01777318542017474,0.017966897502779983,0.016921634767275616,0.018610733421763306,0.026368044355837963,0.01801449273391581,0.015120088332009528,0.01862247362509928,0.022494251912629076,0.020717433977760127,0.022361592635424938,0.016457328976965845,0.022966543496425733,0.02002626391262907,0.02137073899920572,0.019339895580619538,0.014684494946783162,0.011790156384432086,-0.0010201267450357422,0.01494655773788721,0.016231508894360605,0.016134058052422556,0.009785181471008736,0.031194107901509133,0.0170281246878475,0.02191396970770453,0.031880877494837166,0.03188865695154885,0.03369607059571088,0.024341487353455118,0.017014352959491653,0.02235210950277998,0.020412547105639396,0.018782155172359014,0.022541182212867356,0.015245752684670374,0.011291729084988085,0.015211432568705318,0.011881814757744235,0.017664677839555203,0.02120913040984908
Cnstr,0.01556284071961874,0.013694990176330418,0.010518665154884827,0.010633770273232725,0.011533475131056393,0.022437159239078634,0.026414248967434478,0.02052702778395552,0.02194036508657664,0.022334945159650513,0.021270771701350277,0.02311030875138999,0.0343787015440826,0.021339359898332005,0.018164385154884832,0.022290133847498013,0.020717433977760127,0.04217165766322478,0.026611812873709288,0.019942051915806197,0.027677161939634626,0.024410253412231925,0.025425248578236696,0.021536110036536934,0.016956708433677522,0.012344476702144556,0.0006466261699761736,0.018958132956314544,0.021618636725972997,0.02044162809213661,0.012382847015091342,0.03904720356473391,0.02189585849245434,0.0269172102954726,0.039982347566322476,0.03971185779348689,0.04207135926926132,0.030759001714058775,0.02023406056870532,0.026858574061953928,0.025044160274821283,0.022702219334392378,0.027986173777601257,0.01800443397140588,0.013312669720413029,0.018196136905480532,0.013337778379666402,0.022615711135822076,0.026641506819698176
Steel,0.016578559504368547,0.014243315291501189,0.011553500460683075,0.011172060861000793,0.013585824559173948,0.0231996021223193,0.027719777378872115,0.021361566608419376,0.023208030868943606,0.02350023540587768,0.02230077410007943,0.0248224490293884,0.035399870455917394,0.024895891240667198,0.02060324673550437,0.023873582417791896,0.022361592635424938,0.026611812873709288,0.04090104912470213,0.019614308492454328,0.030086111542494035,0.02610447362668785,0.02778023942811754,0.023899948384432088,0.02018698507386815,0.013522166074662431,0.0023427584813343976,0.020929661280381255,0.02337780416838761,0.023755848203335976,0.012729910621127877,0.043153553493248606,0.022036330605242255,0.029195801931691814,0.043451231593328046,0.04256076107386815,0.04661819116759333,0.03260547717871326,0.0223931323081811,0.03009601078951548,0.02734722946465449,0.02476396914376488,0.02826794133121525,0.019716444447974577,0.014316122420969024,0.019031987405877686,0.015385124098490861,0.023294055663224778,0.026679621235901518
FabPr,0.014471391369340747,0.010737624629070689,0.005783812589356631,0.0074114089801429715,0.006898482104845114,0.01821937702779984,0.021379424964257345,0.01587261955520254,0.01801085597776013,0.01649652750119142,0.01762271999046863,0.020025884163621915,0.027539551577442405,0.016109262976965844,0.014112515623510723,0.015755153237490074,0.016457328976965845,0.019942051915806197,0.019614308492454328,0.05787540044320891,0.022339113612390785,0.02013892831930103,0.017969939571088167,0.01680175455440826,0.013588005974583001,0.013675890128673547,0.012453732876886416,0.015430128362192215,0.01566886497378872,0.01610274582366958,0.007609325185067512,0.031239917166004758,0.017249737758538528,0.02163083672597299,0.0329804024892772,0.03257177953772836,0.03457209111993645,0.0247498742192216,0.015173385054805399,0.020075842808578236,0.018132153783955517,0.018584792135027804,0.021550797850675138,0.014214744900714855,0.010572750486100081,0.014155603396346307,0.011618935138999205,0.016542738395552026,0.01909927405401112
Mach ,0.016786166301826846,0.014280090586179508,0.010760642644956313,0.011121964818109611,0.012239695067513899,0.025348637647339165,0.029376938864177915,0.023148880174741853,0.023620592911834788,0.023168238414614767,0.023324691841143764,0.027411476220810162,0.04077587964733915,0.02412377446227164,0.020465923439237487,0.022878455413820487,0.022966543496425733,0.027677161939634626,0.030086111542494035,0.022339113612390785,0.03825180444638601,0.02941075920095313,0.026865218745035738,0.0238231999872915,0.020548964830818108,0.013039093496425737,0.0010979205178713234,0.01888565570135027,0.02449949007307386,0.02379041181254964,0.01263691114217633,0.04810131332168387,0.023612094295472594,0.03222794665448769,0.05158260280698967,0.05023028212708499,0.05720528521048452,0.03985174201906274,0.021848387247021452,0.03112529821763303,0.027393656754567113,0.026359880840349487,0.02998567047974583,0.019698989189833194,0.014461582289118344,0.019431007272438437,0.016301045289912625,0.025514696806989676,0.028532943092930894
ElcEq,0.015408014902303414,0.012577635602859414,0.009026945123113582,0.009909479871326449,0.011116096608419382,0.022315991957108816,0.02759254968228753,0.020885554455917395,0.02069858277045274,0.021109007189833197,0.02147642913741064,0.026220140687847497,0.04092251007783954,0.02090829981254964,0.01897105374900715,0.020242533326449562,0.02002626391262907,0.024410253412231925,0.02610447362668785,0.02013892831930103,0.02941075920095313,0.03861295747577442,0.02283475167593328,0.020751090033359804,0.017410028154090543,0.0124930682573471,-0.00024053592057188483,0.015500271917394757,0.021149468725972995,0.01978180077521843,0.010676081099285145,0.0449734810293884,0.020877631544082603,0.029705921075456707,0.04791432527561556,0.04723463351389991,0.051662992851469414,0.0365323504098491,0.018424346840349482,0.02436756013343924,0.023899057348689433,0.023975537104050836,0.026718566482922954,0.017653745837966636,0.01258705568387609,0.0168137421350278,0.014537260889594911,0.022846824019062746,0.025995058698967437
Autos,0.014873266942017472,0.01373905410643368,0.011231753328038127,0.010254020301826847,0.01427999571088165,0.021905061064336772,0.02655714443208896,0.020870820905480536,0.021510328641779194,0.022235797839555194,0.02015793645750595,0.022179340746624306,0.030474429864972195,0.023038671612390784,0.017786962922954726,0.02200476505162827,0.02137073899920572,0.025425248578236696,0.02778023942811754,0.017969939571088167,0.026865218745035738,0.02283475167593328,0.03772069934868943,0.024466864718030182,0.01807433957108816,0.011452640349483718,0.00015154951548848416,0.019094444892772042,0.020405818427323273,0.01791582424146147,0.013443246004765687,0.03733759463065925,0.021497861604447967,0.02608016444797458,0.036767730071485295,0.036616619189833194,0.03924194544876886,0.028633916568705318,0.021544174265289914,0.02808875266084194,0.026668585258141392,0.021682882637013505,0.02819646300238285,0.018962244543288317,0.013567694297061162,0.01881624934074662,0.013639784463860207,0.021283058077839555,0.024890160095313744
Aero ,0.01588545155837967,0.013521788835583795,0.009225438919777602,0.010455728711675934,0.012616846799046861,0.019132517795075455,0.02377659030976966,0.017418088737092927,0.018508874954725973,0.02012708250357426,0.020250735269261314,0.019797630862589354,0.028588468346306593,0.019968510996028595,0.014717210897537724,0.020484933254964255,0.019339895580619538,0.021536110036536934,0.023899948384432088,0.01680175455440826,0.0238231999872915,0.020751090033359804,0.024466864718030182,0.06143989416362192,0.017425921410643364,0.011929255834789517,0.002054329162827642,0.018393703720413025,0.019474565604447974,0.018337018789515488,0.010893835158061952,0.032176280902303414,0.01935391293407466,0.023269469375695,0.030474387221604452,0.03138547093248611,0.03263877722001588,0.02396061110087371,0.02014823929467831,0.0243586250420969,0.02415253130420969,0.019622603895154883,0.025071677070691023,0.01763315285146942,0.012861912038125495,0.017270876130262118,0.012741769658459093,0.01861978646544877,0.02239460469579031
Ships,0.012438807455123112,0.010820673321683875,0.007748760023828434,0.0076788678109610785,0.009077574066719617,0.01480309547418586,0.016459250397140593,0.014246249833200952,0.015947639113582206,0.015212655278792698,0.015265722138204924,0.015168205844320892,0.022146927755361402,0.016370102201747415,0.012997761040508338,0.014723974451151707,0.014684494946783162,0.016956708433677522,0.02018698507386815,0.013588005974583001,0.020548964830818108,0.017410028154090543,0.01807433957108816,0.017425921410643364,0.04564588476409848,0.011574249569499602,0.0057786197204130274,0.014053200247815723,0.0157444649070691,0.01857465659094519,0.00986992275774424,0.02618202704368546,0.015795296077839558,0.018976306975377288,0.028674160370135024,0.02744364451310564,0.030784455250198583,0.021679132675139,0.015115238964257344,0.020138717509134235,0.01733729199841144,0.016119773170770454,0.018732572792692616,0.012263772081016677,0.010682811579030978,0.014067305356632243,0.010702792994440031,0.01531036737092931,0.016930152729150116
Guns ,0.010693833308975373,0.007444278341540907,0.003747896648133439,0.005147357572676731,0.007910635552025414,0.009349073416997616,0.011806138395552028,0.011337960254169976,0.010746404467037333,0.009704712355837964,0.009834803583796662,0.01141985115806195,0.011711058255758534,0.010266672527402697,0.009465417855440826,0.00956362441938046,0.011790156384432086,0.012344476702144556,0.013522166074662431,0.013675890128673547,0.013039093496425737,0.0124930682573471,0.011452640349483718,0.011929255834789517,0.011574249569499602,0.0962903368768864,0.010523133286735506,0.013746759231135821,0.01506273979984114,0.012940295320095314,0.008055711161239081,0.0174071307132645,0.010086016006354245,0.012434685680698969,0.016813780981731533,0.016165827158061957,0.018395222208101667,0.014372713842732329,0.010597069019857032,0.013884987564733916,0.009295901013502781,0.011430943377283558,0.012577250401906276,0.006099905003971401,0.008236198417791902,0.009189347564733916,0.0056843508498808535,0.009540920698967434,0.01356609901191422
Gold ,0.0107346327847498,-0.0011103682986497215,-0.002111374662430499,0.001140484038125496,-0.001112581683876088,0.004692889795075458,0.003024276330420969,-0.0032876372676727567,0.0023278867227958713,0.001904492752978554,0.002808676054011121,0.0025111885528196994,-0.0008745598538522685,-0.0013906577029388395,-0.0024985840984908655,0.0013615194312946804,-0.0010201267450357422,0.0006466261699761736,0.0023427584813343976,0.012453732876886416,0.0010979205178713234,-0.00024053592057188483,0.00015154951548848416,0.002054329162827642,0.0057786197204130274,0.010523133286735506,0.33625081322319295,0.025906638500397136,-0.0016823863161239063,0.018079090395552028,3.560809531374111e-05,0.002754278417791896,0.003299147078633837,0.0032908869356632247,0.003822023729944397,0.0037957236632247863,0.0010973120889594945,0.0014032775440826028,-0.002540093585385225,-0.0006160852231930114,-0.0013609941254964272,0.0033086000730738648,-0.0010433037045273978,0.0008883890230341547,-0.0003482893820492456,-0.0031350952629070716,0.00834253042096902,-0.001783682986497218,-0.0011319390976965865
Mines,0.014550037572676726,0.00905951508181096,0.008902978332009532,0.008508764969023036,0.014039395138999202,0.015261094970611594,0.015893724733915805,0.0134838229706116,0.016312535961874503,0.017546494951548842,0.013926253572676729,0.015134779119936456,0.020617564365369337,0.01733729446227164,0.012074107196187447,0.01623757647021445,0.01494655773788721,0.018958132956314544,0.020929661280381255,0.015430128362192215,0.01888565570135027,0.015500271917394757,0.019094444892772042,0.018393703720413025,0.014053200247815723,0.013746759231135821,0.025906638500397136,0.06495067810007943,0.013019791034154097,0.01622866175694996,0.010018685661636221,0.02466103869102462,0.014151015383637807,0.018111672953137408,0.024108512806989668,0.024467874509928513,0.02576191005559968,0.019276526506751386,0.015441893299444,0.02255890149007149,0.017884295714058775,0.0158655284892772,0.01904793552343129,0.012289447815726766,0.010690768508339952,0.014374313404289116,0.010014278316123908,0.016003700873709295,0.01823976840667196
Coal ,0.012564508487688638,0.012081267285146939,0.007885910937251784,0.00953897306910246,0.014649146584590943,0.017152588309769654,0.019707476576648134,0.019919025972994442,0.016821214014297058,0.019467111132644956,0.019726836196981727,0.020198215407466243,0.02908730967752185,0.018019164568705323,0.014314419817315328,0.020361991988880064,0.016231508894360605,0.021618636725972997,0.02337780416838761,0.01566886497378872,0.02449949007307386,0.021149468725972995,0.020405818427323273,0.019474565604447974,0.0157444649070691,0.01506273979984114,-0.0016823863161239063,0.013019791034154097,0.13734467122954724,0.028235682293884026,0.017499839517077044,0.03485435320730738,0.019235831677521843,0.02268211993804606,0.033105118559173946,0.0340258144257347,0.03717339224781574,0.02493807119777601,0.018410395691818907,0.02506772008260524,0.020394693364575063,0.019086827976171564,0.024608173396346307,0.015005716131850675,0.012485582826052418,0.01672019784273232,0.012740773169181888,0.01838603965051628,0.02156344527879269
Oil  ,0.013410746605242253,0.011009434624305004,0.01011613845909452,0.009810039701350278,0.013281874948371722,0.016018678881652107,0.01960219552025417,0.015605075202541705,0.01678874724702144,0.015498294277998408,0.018775948524225573,0.01917576343764893,0.027668136349483726,0.019328077388403492,0.013813307609213657,0.01875377812867355,0.016134058052422556,0.02044162809213661,0.023755848203335976,0.01610274582366958,0.02379041181254964,0.01978180077521843,0.01791582424146147,0.018337018789515488,0.01857465659094519,0.012940295320095314,0.018079090395552028,0.01622866175694996,0.028235682293884026,0.051520780530579825,0.015070211240667195,0.026191716098490858,0.01693296450516282,0.020701736705321685,0.026544744413026213,0.026595649969817305,0.02881572517871326,0.022730242452740267,0.01620814587450357,0.022031300225575853,0.01929733694678316,0.017971534322478153,0.018640569702938842,0.013814126926131851,0.01070239209531374,0.014483811933280378,0.012159340714853058,0.015610362732327238,0.019207052625893565
Util ,0.007378064038125496,0.008015824152501988,0.0071390612231930104,0.007347822379666401,0.0116115445274027,0.007929826567116759,0.010903871421763302,0.010370205019857028,0.010362214119142175,0.009292713251787136,0.010288505868149321,0.008402957801429708,0.014862522745035744,0.012602014938840351,0.008407772930897537,0.012070649353455124,0.009785181471008736,0.012382847015091342,0.012729910621127877,0.007609325185067512,0.01263691114217633,0.010676081099285145,0.013443246004765687,0.010893835158061952,0.00986992275774424,0.008055711161239081,3.560809531374111e-05,0.010018685661636221,0.017499839517077044,0.015070211240667195,0.021965327631453542,0.014652649270849881,0.00976011775059571,0.01097856769499603,0.012483895142176326,0.01214415336616362,0.015280392756155682,0.011879278500397139,0.010846463942811756,0.014612115183478953,0.01253821993963463,0.009216951841143765,0.011599226420969026,0.008203373661636218,0.00705323176489277,0.011645120584590947,0.005189902938840349,0.009934426497220017,0.011519135904686256
Telcm,0.025961879250198567,0.019055786046068307,0.014153175027799841,0.015112592934074668,0.014585044924543284,0.040442212066719614,0.04802708895949165,0.03560236949960286,0.034058579749007147,0.034504049925337565,0.03570861657823669,0.04306419794122319,0.06743545685782368,0.031904589032565524,0.030407457855440825,0.030666687104050832,0.031194107901509133,0.03904720356473391,0.043153553493248606,0.031239917166004758,0.04810131332168387,0.0449734810293884,0.03733759463065925,0.032176280902303414,0.02618202704368546,0.0174071307132645,0.002754278417791896,0.02466103869102462,0.03485435320730738,0.026191716098490858,0.014652649270849881,0.09896542529626687,0.03470473422716441,0.05200519729308976,0.0860981290039714,0.08761962340905483,0.09181976409849085,0.061715265518665595,0.028906803888800632,0.04109432360921367,0.039365641887212074,0.03990630086735504,0.04643088836854646,0.02823767933280381,0.02111902354884829,0.02661482686576648,0.022790410643367755,0.04036671606036537,0.042767445350278
PerSv,0.015408226476568703,0.01152592562986497,0.00985005684670373,0.010679921768069894,0.013035603629864974,0.019867958123907865,0.023428340865766478,0.019383751088165205,0.01863167967911041,0.018886410360603657,0.019838612000000002,0.021502919779189833,0.029751926033359802,0.01805214793328038,0.016229940881652104,0.018901463960285938,0.0170281246878475,0.02189585849245434,0.022036330605242255,0.017249737758538528,0.023612094295472594,0.020877631544082603,0.021497861604447967,0.01935391293407466,0.015795296077839558,0.010086016006354245,0.003299147078633837,0.014151015383637807,0.019235831677521843,0.01693296450516282,0.00976011775059571,0.03470473422716441,0.03308908393804606,0.024483498044479746,0.03440803197299444,0.036264269545671156,0.03646816695790309,0.026199061447180302,0.01688179484034948,0.022265397884034945,0.021897094403494837,0.020242151499602856,0.02481204242573471,0.016759100611596505,0.012397280621127877,0.015960256930897542,0.013182090150913423,0.01894089528196982,0.020909853688641778
BusSv,0.019648764903891974,0.014288173922160443,0.010589509459888801,0.011373772506751388,0.012576704884829228,0.026879278028594123,0.03217683522637013,0.023956468482922953,0.023971931625099276,0.024217708343129467,0.02595164764733915,0.030177386308181096,0.04579824047339157,0.022710430633836376,0.020749148316123907,0.021785975572676725,0.02191396970770453,0.0269172102954726,0.029195801931691814,0.02163083672597299,0.03222794665448769,0.029705921075456707,0.02608016444797458,0.023269469375695,0.018976306975377288,0.012434685680698969,0.0032908869356632247,0.018111672953137408,0.02268211993804606,0.020701736705321685,0.01097856769499603,0.05200519729308976,0.024483498044479746,0.03808470128514694,0.05393122034471803,0.05577174779825257,0.05674933947577442,0.039636790057188245,0.02053345288641779,0.02843560420651311,0.0271435047926926,0.0274868512613185,0.03146500484034948,0.020335491397934866,0.01481201116918189,0.019387899218427318,0.016416544257347097,0.025995861382049252,0.02971733441938046
Hardw,0.026515936983320103,0.018619438176330428,0.01344787085782367,0.015219133866560763,0.01380928369340747,0.04076499117871327,0.04747197422557585,0.03494924805401112,0.03455307999046862,0.033455641407466236,0.03542996486417792,0.046017715540905474,0.0717489672025417,0.03206066047974584,0.030006304694201746,0.02942794925972995,0.031880877494837166,0.039982347566322476,0.043451231593328046,0.0329804024892772,0.05158260280698967,0.04791432527561556,0.036767730071485295,0.030474387221604452,0.028674160370135024,0.016813780981731533,0.003822023729944397,0.024108512806989668,0.033105118559173946,0.026544744413026213,0.012483895142176326,0.0860981290039714,0.03440803197299444,0.05393122034471803,0.10493105520413028,0.09549639947100873,0.1030073567593328,0.06773340821763303,0.028985444187450356,0.040634535097696586,0.03875450324225575,0.04229737924861001,0.045998446403494854,0.027902698832406668,0.019750648551231133,0.02537519795710882,0.02366877885623511,0.040589146497220015,0.04357563386973789
Softw,0.02743862193328038,0.01930649087212073,0.014115898911834793,0.015404421752184275,0.014085515655281971,0.042296578806989685,0.0495867001350278,0.0362184775059571,0.03500637337251786,0.035150619224781576,0.03719253314376489,0.047574505704527405,0.07368563967911038,0.031535320768864165,0.03031233795869738,0.030005730775218422,0.03188865695154885,0.03971185779348689,0.04256076107386815,0.03257177953772836,0.05023028212708499,0.04723463351389991,0.036616619189833194,0.03138547093248611,0.02744364451310564,0.016165827158061957,0.0037957236632247863,0.024467874509928513,0.0340258144257347,0.026595649969817305,0.01214415336616362,0.08761962340905483,0.036264269545671156,0.05577174779825257,0.09549639947100873,0.10163129089594915,0.0991765716282764,0.06598496603812548,0.028594908390786336,0.04083223346783161,0.03925017411755362,0.04324440125337569,0.04791626882764098,0.028886750015885622,0.020627643226370132,0.026055548686258933,0.024652426068308184,0.04064620924543288,0.04439559916918188
Chips,0.026524114344718037,0.019309908339952348,0.013938410103256554,0.015961601969817316,0.013294541953931689,0.041997250833995234,0.04942759980937252,0.03705465258141381,0.03612240339952343,0.03471853378872121,0.036698889118347885,0.04734762249404289,0.07564916165210483,0.03437282684670374,0.03172893807783955,0.03133194077839554,0.03369607059571088,0.04207135926926132,0.04661819116759333,0.03457209111993645,0.05720528521048452,0.051662992851469414,0.03924194544876886,0.03263877722001588,0.030784455250198583,0.018395222208101667,0.0010973120889594945,0.02576191005559968,0.03717339224781574,0.02881572517871326,0.015280392756155682,0.09181976409849085,0.03646816695790309,0.05674933947577442,0.1030073567593328,0.0991765716282764,0.11803757979348692,0.07461027037331215,0.03051220298649722,0.043694995234312944,0.04157926970611596,0.04416664489277204,0.04815489331215249,0.02834096702144559,0.020664025067513896,0.027094395456711676,0.024194400444797464,0.04372365477362986,0.04526206160444796
LabEq,0.02050903541382049,0.014720883520254168,0.011435021278792694,0.01190344623828435,0.012396836910246225,0.030262647086576645,0.03545754418586179,0.026757381652104853,0.026297598637013503,0.02485926916282764,0.027851775863383634,0.03480393454964258,0.05547161766799047,0.025373765235901513,0.023330568729150115,0.024834354498808577,0.024341487353455118,0.030759001714058775,0.03260547717871326,0.0247498742192216,0.03985174201906274,0.0365323504098491,0.028633916568705318,0.02396061110087371,0.021679132675139,0.014372713842732329,0.0014032775440826028,0.019276526506751386,0.02493807119777601,0.022730242452740267,0.011879278500397139,0.061715265518665595,0.026199061447180302,0.039636790057188245,0.06773340821763303,0.06598496603812548,0.07461027037331215,0.05816163669420174,0.022342060155679105,0.03228291909769658,0.02949842597776012,0.03110528643526608,0.03390020373788721,0.02134810138999206,0.014979123731532961,0.020188918192216042,0.017462262637013507,0.02989331615567911,0.033500302308181094
