,Agric,Food ,Soda ,Beer ,Smoke,Toys ,Fun  ,Books,Hshld,Clths,Hlth ,MedEq,Drugs,Chems,Rubbr,Txtls,BldMt,Cnstr,Steel,FabPr,Mach ,ElcEq,Autos,Aero ,Ships,Guns ,Gold ,Mines,Coal ,Oil  ,Util ,Telcm,PerSv,BusSv,Hardw,Softw,Chips,LabEq,Paper,Boxes,Trans,Whlsl,Rtail,Meals,Banks,Insur,RlEst,Fin  ,Other
Agric,0.06010004882605239,0.00896785984432089,0.008162467571088166,0.008193436250992852,0.01063574792692613,0.016046482694201746,0.019447203717235902,0.01412339070373312,0.014714484816521049,0.013799518652899126,0.016977272654487688,0.018686523494837168,0.026201954262112786,0.013725153639396345,0.01362572587132645,0.014662047021445591,0.013646398150913426,0.015943022659253375,0.017607560501985708,0.014372449512311357,0.01764195486576648,0.016046305594916602,0.016551667958697378,0.016579410084193807,0.013387639955520255,0.010614234395552025,0.010346466115965052,0.015514082903891979,0.012838321639396343,0.013611601207307391,0.008147293947577442,0.026944795240667188,0.01570411607942812,0.020214958627482127,0.027400586274821285,0.02823809253057982,0.027779090808578235,0.021287825283558385,0.012740523628276412,0.015612340422557578,0.016623498198570293,0.016651046106433677,0.018871788435266084,0.014428639606036539,0.009856161118347894,0.01275831861477363,0.010765085687053215,0.014493845992057192,0.017497367930103255
Food ,0.00896785984432089,0.016083832889594914,0.00755072170293884,0.007611740349483717,0.010740581556791102,0.011303551758538522,0.014827820254169977,0.01267393564098491,0.012588841992057186,0.012744186281175537,0.013190922528991263,0.012800899491660047,0.0190078413121525,0.013018032695790308,0.010403966754567116,0.011612022605242254,0.011549035015091342,0.014295984619539317,0.01468716244956314,0.010587388365369342,0.014814593385226367,0.012828007138999203,0.014777566799046862,0.01394318388562351,0.011169743008737092,0.007626975955520257,-0.0016674517553613977,0.009371709540905482,0.012337554652899126,0.011110692200158853,0.008444658204924542,0.01973049491342334,0.011979649601270851,0.01452267704845115,0.0192235541223193,0.019798545283558375,0.020122652292295474,0.01524839210802224,0.011844999011914215,0.014585598986497219,0.014276734093725174,0.012058293960285942,0.01552217208895949,0.010777890538522635,0.008431557931691818,0.012331471463065926,0.008867557362986497,0.01177596327879269,0.013566047266084192
Soda ,0.008162467571088166,0.00755072170293884,0.039544349159650515,0.008445806687847498,0.012241340349483714,0.009808076721207308,0.01124792592533757,0.010174173785544083,0.010200879113582204,0.009954002179507544,0.010878685077045275,0.00979973501191422,0.014211217566322478,0.010547053099285145,0.00783391881810961,0.011493738347895155,0.009273163186656077,0.011006215558379665,0.012258520517871324,0.006543727478951548,0.01138842603335981,0.00900359333121525,0.0124306335822081,0.010239795977760128,0.008528031790309771,0.003975909884034949,-0.0022353416362192206,0.00917972087053217,0.008084354220810167,0.010119786020651313,0.007751484861000795,0.01510179613026211,0.010512510328832407,0.01103749878633836,0.013784908848292296,0.014432978567116757,0.014686821785544084,0.01184262900079428,0.009730297369340748,0.013068121057982524,0.011020053496425734,0.009618904184273231,0.012692848467037336,0.008582546277998414,0.007055010792692612,0.01054804962351072,0.0072451418903892,0.009353821845909452,0.009579791520254172
Beer ,0.008193436250992852,0.007611740349483717,0.008445806687847498,0.03240100815726767,0.009557628490865767,0.009503549070691023,0.010775454733915805,0.009142117339158063,0.009219130031771244,0.011272019809372515,0.011236909467831612,0.010965637148530579,0.01487278167593328,0.009841685742652897,0.009094952025416997,0.008824008109610803,0.0090828505401112,0.011285912573471005,0.011640953494837169,0.007596426528991262,0.011677027625099284,0.01041428389992057,0.011029847990468621,0.010486277108816519,0.007456157918983321,0.005474916171564736,-0.0005497113741064336,0.008406791675933278,0.009959217926926132,0.009792089547259731,0.007537146386020652,0.015675524940428908,0.010863370007942814,0.011560361818903893,0.015874649261318506,0.015702916870532168,0.016640215353455123,0.012407800413026209,0.009783199849086575,0.008875284805401111,0.01134106308181096,0.01021295809372518,0.01328507768864178,0.009063004074662429,0.006641667569499602,0.009565730444797457,0.007132971993645752,0.009568927005559965,0.011544977370929311
Smoke,0.01063574792692613,0.010740581556791102,0.012241340349483714,0.009557628490865767,0.10623979036536935,0.01185257137410643,0.01635476876092136,0.012477461104050836,0.012035790142970609,0.012664787847498015,0.015283451008737087,0.01327190018268467,0.02026201617950754,0.016012208316123912,0.012178226401906274,0.01029273176330421,0.011429817212073074,0.012888564519459886,0.01567282539316918,0.007056292517871327,0.013942579682287527,0.01237864625099285,0.01667107915806196,0.015017796886417792,0.009716552549642573,0.008059033057982525,-0.004715074551231136,0.014586020492454325,0.016209036100079427,0.013742189213661634,0.012992489356632247,0.017054946386020644,0.01427269181890389,0.013725702343129467,0.015694727132644956,0.01601763598093725,0.015604269841143761,0.013939493375694995,0.014036450111199363,0.017425504694201746,0.014377498284352658,0.012596123494837169,0.01583355095313741,0.009804324424146145,0.009448329745830023,0.014374434209690229,0.007028367640984907,0.011970992073073871,0.013597104710087371
Toys ,0.016046482694201746,0.011303551758538522,0.009808076721207308,0.009503549070691023,0.01185257137410643,0.04399864733280383,0.027343351358220802,0.02025860338046068,0.019625770503574263,0.021737704641779185,0.020021723742652896,0.024257768292295468,0.0343970719110405,0.019675477706115968,0.017034563170770452,0.01986173270849881,0.018976713512311356,0.023260715685464648,0.023690594401906274,0.01830295670849881,0.025965874579825264,0.022671748613185067,0.02319554230341541,0.019513435787132643,0.015232752552819698,0.008610654252581416,0.004087951644162035,0.01578038867037331,0.017386991885623503,0.01601538900714853,0.008405697378872121,0.041084011539316914,0.020413892187450357,0.027196016768864174,0.04123524505162828,0.04264459642255756,0.04295377976806989,0.030911355640984902,0.017625250332009533,0.023916027602859415,0.0225030426624305,0.022736057861795073,0.026604252295472596,0.01768725561874503,0.011835112984908656,0.015384266096902303,0.01362020092136616,0.02133317244162033,0.023620100034948372
Fun  ,0.019447203717235902,0.014827820254169977,0.01124792592533757,0.010775454733915805,0.01635476876092136,0.027343351358220802,0.049537617212073067,0.02473407915011915,0.023529968792692618,0.024919710262112788,0.02561041787132645,0.02922603848292295,0.042651756957903096,0.023628846409849087,0.02035552975377284,0.022334376910246218,0.02277087633836378,0.02746172451945988,0.028689501517077047,0.021248188784749798,0.03051517996822875,0.02820708478951549,0.02835958117553614,0.025127762668784744,0.017130328498808578,0.012140712486100078,0.0012900551389992071,0.01621780041302621,0.020453919912629067,0.01965289339158062,0.011738308546465449,0.04947954733915804,0.024259666846703734,0.032844137990468626,0.04862690177918982,0.05076113990468626,0.05105547571882446,0.0364876015567911,0.021844901008737087,0.028394384440031766,0.02846779077045274,0.02656667294678316,0.0326575467593328,0.02190264340746624,0.014846749920571887,0.020668936131850675,0.01628874085782367,0.02562619639396347,0.029731396274821284
Books,0.01412339070373312,0.01267393564098491,0.010174173785544083,0.009142117339158063,0.012477461104050836,0.02025860338046068,0.02473407915011915,0.03626957651945989,0.019356476347895148,0.019607853353455124,0.02050291017950754,0.02120759462271644,0.031469615534551236,0.019584320560762508,0.01676692617633042,0.019516127299444,0.01821926464336775,0.02187791766004766,0.022649572332009527,0.016073790760921365,0.024444481896743444,0.021893781637807783,0.023089719888800632,0.018861830951548846,0.01502500569658459,0.01163898949324861,-0.004390775329626687,0.014165815161239074,0.020796679763304213,0.015866609674344716,0.011445440079428118,0.0373554433709293,0.02033232672915011,0.0248706692025417,0.03633847461477362,0.037395209172359015,0.038818171194598905,0.02809103060841938,0.01806910920889595,0.024125877431294677,0.022360683809372506,0.02017361472915011,0.025795156783161233,0.01650630918347895,0.012394113577442415,0.017091896884829226,0.012771390103256553,0.020441693416997617,0.022892162257347103
Hshld,0.014714484816521049,0.012588841992057186,0.010200879113582204,0.009219130031771244,0.012035790142970609,0.019625770503574263,0.023529968792692618,0.019356476347895148,0.027721371849086573,0.01950863230182684,0.019198644133439236,0.020811671493248602,0.030267668055599672,0.020096964268467032,0.01588793784273233,0.01988457014297061,0.01847778304527403,0.022767613968228753,0.02401673632565528,0.01791886045432884,0.02447833230500397,0.021270572389197773,0.02321018664019063,0.019483684219221604,0.01647784300873709,0.01100434340587768,0.0015464860206513113,0.016890609048451154,0.017022451229547257,0.01686847118347895,0.01105103925337569,0.035115397137410645,0.01916745411278793,0.02447739630976966,0.03552731950754567,0.035823618182684674,0.037414087709293095,0.027160652632247814,0.01864025593804607,0.02408397940746624,0.022956711552025413,0.020404505747418585,0.025293563502779986,0.017027204907069098,0.012575621069102464,0.017193423623510715,0.012493831056393965,0.019709034494042894,0.02190256298490866
Clths,0.013799518652899126,0.012744186281175537,0.009954002179507544,0.011272019809372515,0.012664787847498015,0.021737704641779185,0.024919710262112788,0.019607853353455124,0.01950863230182684,0.036143353461477346,0.019166915952343128,0.02036279874503574,0.0300349308435266,0.01987849337887212,0.016597939335980937,0.020173548991262905,0.018509520733915805,0.02321400574741858,0.023942232695790305,0.016633858611596504,0.023750219437648924,0.02142699703574266,0.02360833963463066,0.02110408625258141,0.015580263644162035,0.009881617353455122,0.000886885528196982,0.017810951478951544,0.0197266829451946,0.015252956028594123,0.009795321652104845,0.0352548708308181,0.019437068092136613,0.02469189204447975,0.034242943161239076,0.03567576784114376,0.03554708746306592,0.025671546802223992,0.01796346830500397,0.02379746151231136,0.02391563760444797,0.020792361569499603,0.028064978538522627,0.01762679427164416,0.012177601680698966,0.01677154730103256,0.013906749420174742,0.019544582976965843,0.022871818735504364
Hlth ,0.016977272654487688,0.013190922528991263,0.010878685077045275,0.011236909467831612,0.015283451008737087,0.020021723742652896,0.02561041787132645,0.02050291017950754,0.019198644133439236,0.019166915952343128,0.03865293127243844,0.024034651834789516,0.036264638916600464,0.019180099358220803,0.01701641085941223,0.018866265941223193,0.01765435330579825,0.022305022198570296,0.023209761216838758,0.017685196613185065,0.024278881124702147,0.02207538125814138,0.021622919618745032,0.02131118123590151,0.0157731327593328,0.010283700066719617,0.0018329830341540882,0.014443718011119941,0.02071198862907069,0.019403336330420972,0.01095436136616362,0.03709088086417791,0.02046959125019857,0.02652301592692613,0.03664716305003971,0.03800681802700555,0.037859843294678314,0.028792785760127084,0.017843811841143763,0.02166428779348689,0.022095935942811756,0.02158021223828435,0.02572854705321684,0.017556051631453535,0.013249187313741065,0.01864236984590945,0.013886665448768864,0.019812133458300234,0.02291098815250199
MedEq,0.018686523494837168,0.012800899491660047,0.00979973501191422,0.010965637148530579,0.01327190018268467,0.024257768292295468,0.02922603848292295,0.02120759462271644,0.020811671493248602,0.02036279874503574,0.024034651834789516,0.035563749825258145,0.04501125578236696,0.01973901745035743,0.018407948117553613,0.01869683449563145,0.019025272160444796,0.02395374274027006,0.025637741437648926,0.019965598983320093,0.027965512708498813,0.026640373002382842,0.023332391628276414,0.020664893153296265,0.015399201477362985,0.011529487386814936,0.00197232131850675,0.015499841397934866,0.020912963137410638,0.01965635312152502,0.009019033216838763,0.0440002823669579,0.022020733820492452,0.030648378514694204,0.04689441834789515,0.04827992560762511,0.04826966397934869,0.03546208333598094,0.01813527389197776,0.02365157082605242,0.022846208117553616,0.024703746243050037,0.027144324694201742,0.018091247585385228,0.012545607982525813,0.01662412426528991,0.014634647450357426,0.022116565766481334,0.02678316601270849
Drugs,0.026201954262112786,0.0190078413121525,0.014211217566322478,0.01487278167593328,0.02026201617950754,0.0343970719110405,0.042651756957903096,0.031469615534551236,0.030267668055599672,0.0300349308435266,0.036264638916600464,0.04501125578236696,0.08522665553455123,0.029854479162827637,0.025826929480540113,0.026706501755361392,0.02724203538204924,0.03557137681810961,0.03687842945671167,0.027687133350277997,0.041999934509928505,0.04179584117712471,0.03256595242255758,0.029880859990468616,0.02322211689594916,0.012640342217633042,-0.0013801088324066715,0.021635888108022236,0.029973115410643365,0.028298056695790306,0.015938398649721998,0.06922537042414616,0.030868531558379663,0.04682385684352661,0.07349833278792692,0.07518655227005559,0.07751804827164417,0.05702821049722002,0.02622147175059571,0.03586058450039713,0.03418330280857824,0.036257096921366166,0.03951601895949166,0.025480008405083403,0.018312984840349485,0.025561337583796667,0.02175558416203336,0.03376714749166005,0.04032282796028593
Chems,0.013725153639396345,0.013018032695790308,0.010547053099285145,0.009841685742652897,0.016012208316123912,0.019675477706115968,0.023628846409849087,0.019584320560762508,0.020096964268467032,0.01987849337887212,0.019180099358220803,0.01973901745035743,0.029854479162827637,0.030657745275615562,0.016683946745035743,0.02026597122319301,0.01905566686417792,0.022636428386020646,0.025964069866560763,0.016413708988085782,0.025291492641779188,0.021712141933280388,0.025018726560762507,0.021187821553613984,0.01717314332327244,0.010477711043685467,-0.0024482765845909456,0.017815903173947576,0.018805174165210475,0.019361520206513105,0.013539646878474983,0.03336002226211279,0.01899796767593328,0.02351717007307387,0.033445829086576645,0.03267427316600477,0.03591420875138999,0.026519218611596496,0.021713965764892772,0.027076159334392374,0.023933883949166006,0.01995330580460683,0.025116753971405874,0.016598745984114375,0.012522038250992852,0.018213858050833996,0.01168946117553614,0.019719505769658457,0.02274456315647339
Rubbr,0.01362572587132645,0.010403966754567116,0.00783391881810961,0.009094952025416997,0.012178226401906274,0.017034563170770452,0.02035552975377284,0.01676692617633042,0.01588793784273233,0.016597939335980937,0.01701641085941223,0.018407948117553613,0.025826929480540113,0.016683946745035743,0.05224689616521048,0.01509449194598888,0.015499876880063542,0.018538300403494832,0.02119248425099285,0.014153971259729944,0.020984966621127882,0.01925774807307386,0.018613633010325654,0.015276045667990464,0.013370930694201748,0.00981367102779984,-0.0030029163463065954,0.0121849178522637,0.014250441512311359,0.014136620746624308,0.008815021318506753,0.030986597877680697,0.016590110392374905,0.0209255883335981,0.030513170579825256,0.03059020357108817,0.03232946621763303,0.023877243520254166,0.015794641817315335,0.019860407618745038,0.01932455017633042,0.01783310453375695,0.020880665353455122,0.014140401702938843,0.010248494779984118,0.013457713404289116,0.011426546942017475,0.01637823468149325,0.018821606341540904
Txtls,0.014662047021445591,0.011612022605242254,0.011493738347895155,0.008824008109610803,0.01029273176330421,0.01986173270849881,0.022334376910246218,0.019516127299444,0.01988457014297061,0.020173548991262905,0.018866265941223193,0.01869683449563145,0.026706501755361392,0.02026597122319301,0.01509449194598888,0.05721939328832405,0.0192061430420969,0.02326233266878475,0.024915565615567906,0.01592817979348689,0.02352998244638602,0.020804903232724378,0.023286855488482923,0.021119901159650508,0.014899680810166795,0.009716192263701351,0.0006654952660841924,0.01649488555996823,0.020643205710881646,0.01899032764098491,0.01267843772835583,0.03151281212073073,0.019762640349483718,0.022240806505162827,0.030051063717235902,0.03059782775218427,0.03213598591739477,0.0257658921683876,0.019203249269261317,0.02516086601270851,0.022047599857029386,0.019184317077045272,0.023966106743447176,0.016733759547259728,0.011713131731532964,0.015907976783161238,0.012588964336775216,0.018790048117553613,0.020565541167593335
BldMt,0.013646398150913426,0.011549035015091342,0.009273163186656077,0.0090828505401112,0.011429817212073074,0.018976713512311356,0.02277087633836378,0.01821926464336775,0.01847778304527403,0.018509520733915805,0.01765435330579825,0.019025272160444796,0.02724203538204924,0.01905566686417792,0.015499876880063542,0.0192061430420969,0.02330718203494837,0.02177438555837967,0.023182528389197782,0.016747149369340745,0.023775498900714846,0.020535528843526604,0.022821748355837966,0.02021322917871327,0.015156048676727566,0.012085240861000794,-0.0018605335186656087,0.015399733992057185,0.016717119169181886,0.016170001286735503,0.010496992422557585,0.032436027631453535,0.01777623223510723,0.02240015717394758,0.03282061777601271,0.032661673324861,0.03477433364416203,0.025291154592533758,0.017940779108816526,0.02318074068467037,0.02138645033518666,0.019269029108816525,0.02360210084988085,0.01606613308498809,0.011511961872915012,0.0161443049451946,0.01211795451945989,0.018414960829229547,0.02169484083717236
Cnstr,0.015943022659253375,0.014295984619539317,0.011006215558379665,0.011285912573471005,0.012888564519459886,0.023260715685464648,0.02746172451945988,0.02187791766004766,0.022767613968228753,0.02321400574741858,0.022305022198570296,0.02395374274027006,0.03557137681810961,0.022636428386020646,0.018538300403494832,0.02326233266878475,0.02177438555837967,0.04358488287688642,0.0280289705146942,0.020244004403494838,0.02876973852581414,0.02515691557267672,0.02750729018268467,0.02307159986020651,0.017357123428117547,0.01281069982208102,-0.0019082281334392365,0.019356494030182685,0.021864705040508338,0.020895462033359808,0.013493855075456713,0.04081633545035741,0.02326089262589356,0.027708021793486887,0.04141942289118347,0.040920386563939634,0.04373302378236695,0.03201108909293089,0.021696844751389992,0.027933084414614777,0.026428211237490073,0.0234940272533757,0.029513028872120733,0.0189004904892772,0.013634489056393966,0.01937079221127879,0.013705425655281966,0.02356408959173947,0.027458186644956306
Steel,0.017607560501985708,0.01468716244956314,0.012258520517871324,0.011640953494837169,0.01567282539316918,0.023690594401906274,0.028689501517077047,0.022649572332009527,0.02401673632565528,0.023942232695790305,0.023209761216838758,0.025637741437648926,0.03687842945671167,0.025964069866560763,0.02119248425099285,0.024915565615567906,0.023182528389197782,0.0280289705146942,0.04271504281334393,0.019756632705321683,0.03134015402382844,0.026954226333598095,0.029795604590945185,0.025329339583796656,0.020845390027005563,0.013801070630659254,0.0020864387132644964,0.0218969033328038,0.02470472239396346,0.024226242271644157,0.013540494471803019,0.04484372215091342,0.023143338700556,0.030038380541699758,0.044784821175536144,0.04371573010007943,0.048270886193804596,0.033980922090548045,0.023572939791898333,0.03112289526767276,0.02856271349642573,0.02544181385861794,0.029528466743447182,0.020533556802223983,0.014652719251787127,0.02029155369817315,0.01575576538522637,0.02438330847021445,0.027340829351866564
FabPr,0.014372449512311357,0.010587388365369342,0.006543727478951548,0.007596426528991262,0.007056292517871327,0.01830295670849881,0.021248188784749798,0.016073790760921365,0.01791886045432884,0.016633858611596504,0.017685196613185065,0.019965598983320093,0.027687133350277997,0.016413708988085782,0.014153971259729944,0.01592817979348689,0.016747149369340745,0.020244004403494838,0.019756632705321683,0.060545529505957096,0.02253500629706116,0.020085623663224788,0.018422217378872122,0.01702194472438443,0.013872984393963462,0.014068688826052419,0.013638660174741864,0.01559292350119142,0.016127761486894363,0.0162474672279587,0.007800753613979349,0.03163905784273233,0.017422547094519465,0.021644781045274022,0.03292934395552025,0.03231976947418586,0.03483943496743447,0.025312054786338366,0.015595408883240664,0.020353893864972196,0.01869902415885624,0.01860024345035743,0.0217506672279587,0.014704571018268466,0.010493593156473392,0.014219640387609216,0.01150051389992057,0.01690591595869738,0.018973764060365366
Mach ,0.01764195486576648,0.014814593385226367,0.01138842603335981,0.011677027625099284,0.013942579682287527,0.025965874579825264,0.03051517996822875,0.024444481896743444,0.02447833230500397,0.023750219437648924,0.024278881124702147,0.027965512708498813,0.041999934509928505,0.025291492641779188,0.020984966621127882,0.02352998244638602,0.023775498900714846,0.02876973852581414,0.03134015402382844,0.02253500629706116,0.039429057988880065,0.030310543043685457,0.028681185131056393,0.025041306853057985,0.021132090700555994,0.013374565934868944,8.300301826846678e-05,0.019605917623510723,0.025261105267672754,0.02424947904686259,0.01350160127084988,0.04958243296584591,0.024518294735504365,0.03292709206989674,0.05286707599682287,0.05127664369181891,0.05873920982049245,0.04108812579507545,0.023020040416203327,0.03209529191104051,0.028716831879269256,0.02703249190150913,0.03132362530579824,0.020558788127084986,0.014754558509928519,0.020620263945988877,0.016645007466243048,0.026531680660841935,0.02910323772200159
ElcEq,0.016046305594916602,0.012828007138999203,0.00900359333121525,0.01041428389992057,0.01237864625099285,0.022671748613185067,0.02820708478951549,0.021893781637807783,0.021270572389197773,0.02142699703574266,0.02207538125814138,0.026640373002382842,0.04179584117712471,0.021712141933280388,0.01925774807307386,0.020804903232724378,0.020535528843526604,0.02515691557267672,0.026954226333598095,0.020085623663224788,0.030310543043685457,0.03951323447021445,0.024212281953931693,0.02156343325814138,0.017564140038125498,0.012702719323272438,-0.0008619959173947591,0.016343370954725968,0.02168497898173153,0.019888585655281968,0.011307926243050041,0.04602561025893566,0.021656400800635425,0.030176412671961868,0.049099170373312157,0.047988906951548845,0.05293194369023035,0.03756635023351867,0.019292102165210493,0.024886352878474977,0.02509512047974583,0.024409514992851464,0.027732591461477357,0.01830817021286735,0.012759899544082604,0.017607997094519462,0.014763262414614772,0.023669269760127083,0.026257065828435268
Autos,0.016551667958697378,0.014777566799046862,0.0124306335822081,0.011029847990468621,0.01667107915806196,0.02319554230341541,0.02835958117553614,0.023089719888800632,0.02321018664019063,0.02360833963463066,0.021622919618745032,0.023332391628276414,0.03256595242255758,0.025018726560762507,0.018613633010325654,0.023286855488482923,0.022821748355837966,0.02750729018268467,0.029795604590945185,0.018422217378872122,0.028681185131056393,0.024212281953931693,0.04076227129467831,0.026358457410643372,0.019474614042891185,0.012073680285941218,-0.0009753689594916596,0.020259329404289116,0.021733184130262113,0.018595896076250996,0.014773208482922955,0.039766229928514696,0.022947987259729942,0.02745660481334392,0.038794883590150916,0.03862891100873708,0.04176138295472597,0.030534766513105643,0.023409455075456706,0.02985694184273233,0.02883535634630659,0.02293865442414615,0.03045821046862589,0.020346182192216043,0.014244415234312947,0.02075273027799842,0.014111829007148528,0.022880431644162036,0.02619998835583797
Aero ,0.016579410084193807,0.01394318388562351,0.010239795977760128,0.010486277108816519,0.015017796886417792,0.019513435787132643,0.025127762668784744,0.018861830951548846,0.019483684219221604,0.02110408625258141,0.02131118123590151,0.020664893153296265,0.029880859990468616,0.021187821553613984,0.015276045667990464,0.021119901159650508,0.02021322917871327,0.02307159986020651,0.025329339583796656,0.01702194472438443,0.025041306853057985,0.02156343325814138,0.026358457410643372,0.06032721509769658,0.018093754433677525,0.012652440819698178,0.0026984420651310526,0.018588036988085775,0.02029859386179508,0.01904853833200953,0.011723148975377283,0.03364037088482924,0.020356553861795076,0.024135767637807778,0.03177197029388404,0.032518319212073064,0.03430970610325656,0.02527440153772836,0.02139201730262113,0.025674687669579026,0.025498742919777596,0.020539240718030177,0.026363713359809367,0.01850060755520254,0.013174656254169977,0.01838065817950754,0.013174585798252578,0.019771682789515486,0.02315956491818904
Ships,0.013387639955520255,0.011169743008737092,0.008528031790309771,0.007456157918983321,0.009716552549642573,0.015232752552819698,0.017130328498808578,0.01502500569658459,0.01647784300873709,0.015580263644162035,0.0157731327593328,0.015399201477362985,0.02322211689594916,0.01717314332327244,0.013370930694201748,0.014899680810166795,0.015156048676727566,0.017357123428117547,0.020845390027005563,0.013872984393963462,0.021132090700555994,0.017564140038125498,0.019474614042891185,0.018093754433677525,0.047174833366163606,0.011343503580619538,0.004895073868149325,0.014268559008737093,0.015879880212867358,0.017797876187450358,0.010249472279586974,0.0269141055567911,0.01632380353296267,0.019554942528991256,0.029352260333598078,0.027839706649722008,0.03147797067196188,0.022316077350278,0.015645035517077046,0.021287342783161238,0.01834489428435266,0.016419375517077048,0.019487666957903105,0.012630338544876886,0.01083047577124702,0.014859212336775215,0.010602404162033357,0.016014095955520252,0.017439142611596504
Guns ,0.010614234395552025,0.007626975955520257,0.003975909884034949,0.005474916171564736,0.008059033057982525,0.008610654252581416,0.012140712486100078,0.01163898949324861,0.01100434340587768,0.009881617353455122,0.010283700066719617,0.011529487386814936,0.012640342217633042,0.010477711043685467,0.00981367102779984,0.009716192263701351,0.012085240861000794,0.01281069982208102,0.013801070630659254,0.014068688826052419,0.013374565934868944,0.012702719323272438,0.012073680285941218,0.012652440819698178,0.011343503580619538,0.09911670284988086,0.010692702271644166,0.014235679358220807,0.015798988679904688,0.013724492454328833,0.008471955774424146,0.01753608512787927,0.010442484486100082,0.012676358001588561,0.017332375853852253,0.01650051084352661,0.018889532292295473,0.014925441988880066,0.010968355644162032,0.013687562544876889,0.009327078843526609,0.011939807637807786,0.012868514106433674,0.006504816352660838,0.00830665518347895,0.009653079374106434,0.006143291628276413,0.009857105899920572,0.013500980864177916
Gold ,0.010346466115965052,-0.0016674517553613977,-0.0022353416362192206,-0.0005497113741064336,-0.004715074551231136,0.004087951644162035,0.0012900551389992071,-0.004390775329626687,0.0015464860206513113,0.000886885528196982,0.0018329830341540882,0.00197232131850675,-0.0013801088324066715,-0.0024482765845909456,-0.0030029163463065954,0.0006654952660841924,-0.0018605335186656087,-0.0019082281334392365,0.0020864387132644964,0.013638660174741864,8.300301826846678e-05,-0.0008619959173947591,-0.0009753689594916596,0.0026984420651310526,0.004895073868149325,0.010692702271644166,0.32929827796664013,0.028160908435266085,-0.0033009972200158835,0.01730283167593328,-3.0626338363781026e-05,0.0019039069737887139,0.0024571457347100888,0.0026508135822081026,0.0024933564098490817,0.0018312597299444,5.649706115962055e-06,0.0009182841938046087,-0.0035148871326449583,-0.0016694638760921348,-0.0024841772200158833,0.0021866266560762503,-0.0023326089118347925,0.00036886212867354916,-0.0009664532327243833,-0.003321777458300236,0.007491432374900716,-0.002435416362192214,-0.003519912835583797
Mines,0.015514082903891979,0.009371709540905482,0.00917972087053217,0.008406791675933278,0.014586020492454325,0.01578038867037331,0.01621780041302621,0.014165815161239074,0.016890609048451154,0.017810951478951544,0.014443718011119941,0.015499841397934866,0.021635888108022236,0.017815903173947576,0.0121849178522637,0.01649488555996823,0.015399733992057185,0.019356494030182685,0.0218969033328038,0.01559292350119142,0.019605917623510723,0.016343370954725968,0.020259329404289116,0.018588036988085775,0.014268559008737093,0.014235679358220807,0.028160908435266085,0.06669007546306592,0.013848606633836384,0.016595125814138207,0.010581127593328033,0.025341108136616358,0.01516671475138999,0.018471696724384437,0.025120879428117547,0.024912117718824456,0.02676977714376489,0.020217064476568705,0.016128824895949165,0.023026206748212864,0.018603357566322476,0.016354973490071485,0.019432924416203333,0.013054259247021452,0.010723582354249405,0.014892155463065933,0.010055475710881653,0.016564461629864972,0.01850095348054011
Coal ,0.012838321639396343,0.012337554652899126,0.008084354220810167,0.009959217926926132,0.016209036100079427,0.017386991885623503,0.020453919912629067,0.020796679763304213,0.017022451229547257,0.0197266829451946,0.02071198862907069,0.020912963137410638,0.029973115410643365,0.018805174165210475,0.014250441512311359,0.020643205710881646,0.016717119169181886,0.021864705040508338,0.02470472239396346,0.016127761486894363,0.025261105267672754,0.02168497898173153,0.021733184130262113,0.02029859386179508,0.015879880212867358,0.015798988679904688,-0.0033009972200158835,0.013848606633836384,0.1373470720555997,0.029311416219221603,0.01808096306592533,0.03548096428594122,0.01997542545512311,0.023295393021445582,0.03408897307386814,0.03448536649086577,0.0383519614980143,0.02569067563463066,0.01929196680381254,0.026015151559968232,0.02118255390309769,0.019544917725178714,0.02531983951548849,0.015436975725178714,0.012833464007942807,0.01756380260683082,0.013475117156473392,0.019097042659253372,0.021819448084193796
Oil  ,0.013611601207307391,0.011110692200158853,0.010119786020651313,0.009792089547259731,0.013742189213661634,0.01601538900714853,0.01965289339158062,0.015866609674344716,0.01686847118347895,0.015252956028594123,0.019403336330420972,0.01965635312152502,0.028298056695790306,0.019361520206513105,0.014136620746624308,0.01899032764098491,0.016170001286735503,0.020895462033359808,0.024226242271644157,0.0162474672279587,0.02424947904686259,0.019888585655281968,0.018595896076250996,0.01904853833200953,0.017797876187450358,0.013724492454328833,0.01730283167593328,0.016595125814138207,0.029311416219221603,0.051986886131850686,0.01559210436854647,0.02660035876092137,0.017338797140587763,0.020904169229547256,0.026951497633042096,0.026840759682287527,0.029234559253375706,0.023182544813343912,0.01642709698173153,0.022172887482128666,0.019777325782366958,0.018083582430500393,0.019112311151707705,0.013836091834789519,0.010775164654487688,0.014907579142176329,0.012434370484511516,0.016073329690230342,0.019328310389197776
Util ,0.008147293947577442,0.008444658204924542,0.007751484861000795,0.007537146386020652,0.012992489356632247,0.008405697378872121,0.011738308546465449,0.011445440079428118,0.01105103925337569,0.009795321652104845,0.01095436136616362,0.009019033216838763,0.015938398649721998,0.013539646878474983,0.008815021318506753,0.01267843772835583,0.010496992422557585,0.013493855075456713,0.013540494471803019,0.007800753613979349,0.01350160127084988,0.011307926243050041,0.014773208482922955,0.011723148975377283,0.010249472279586974,0.008471955774424146,-3.0626338363781026e-05,0.010581127593328033,0.01808096306592533,0.01559210436854647,0.023054655853852267,0.01583802687847498,0.010463096139793486,0.011578940444797457,0.013694279586973786,0.013153431644162035,0.01648231664813344,0.01280505239078634,0.011766281953931696,0.01527305294678316,0.013645592247815723,0.009801467132644955,0.01252730746624305,0.008858177204130263,0.007360926306592534,0.012572711374106437,0.005446818173153295,0.010775557903097697,0.012087118014297057
Telcm,0.026944795240667188,0.01973049491342334,0.01510179613026211,0.015675524940428908,0.017054946386020644,0.041084011539316914,0.04947954733915804,0.0373554433709293,0.035115397137410645,0.0352548708308181,0.03709088086417791,0.0440002823669579,0.06922537042414616,0.03336002226211279,0.030986597877680697,0.03151281212073073,0.032436027631453535,0.04081633545035741,0.04484372215091342,0.03163905784273233,0.04958243296584591,0.04602561025893566,0.039766229928514696,0.03364037088482924,0.0269141055567911,0.01753608512787927,0.0019039069737887139,0.025341108136616358,0.03548096428594122,0.02660035876092137,0.01583802687847498,0.10146208469579032,0.03608079334074662,0.05296756316759333,0.08782174802223985,0.0891844565401112,0.09386494107386815,0.06327537265131057,0.030383365251787135,0.042525901467831605,0.0409939985448769,0.0408123163081811,0.048109137172359,0.029393190338363785,0.021524681884034946,0.028193601337569495,0.02316650671961874,0.041818884937251784,0.04326531828117553
PerSv,0.01570411607942812,0.011979649601270851,0.010512510328832407,0.010863370007942814,0.01427269181890389,0.020413892187450357,0.024259666846703734,0.02033232672915011,0.01916745411278793,0.019437068092136613,0.02046959125019857,0.022020733820492452,0.030868531558379663,0.01899796767593328,0.016590110392374905,0.019762640349483718,0.01777623223510723,0.02326089262589356,0.023143338700556,0.017422547094519465,0.024518294735504365,0.021656400800635425,0.022947987259729942,0.020356553861795076,0.01632380353296267,0.010442484486100082,0.0024571457347100888,0.01516671475138999,0.01997542545512311,0.017338797140587763,0.010463096139793486,0.03608079334074662,0.03413772737728355,0.025159117667990467,0.0354967893884035,0.03731833587926925,0.03785888766957903,0.027274800876886423,0.017903554389197777,0.02330249415726767,0.022996282370135023,0.02072139944082605,0.025956592374900708,0.017361270443208895,0.012735995151707707,0.016916137086576646,0.013580197553613976,0.019875959847498015,0.021382884104845113
BusSv,0.020214958627482127,0.01452267704845115,0.01103749878633836,0.011560361818903893,0.013725702343129467,0.027196016768864174,0.032844137990468626,0.0248706692025417,0.02447739630976966,0.02469189204447975,0.02652301592692613,0.030648378514694204,0.04682385684352661,0.02351717007307387,0.0209255883335981,0.022240806505162827,0.02240015717394758,0.027708021793486887,0.030038380541699758,0.021644781045274022,0.03292709206989674,0.030176412671961868,0.02745660481334392,0.024135767637807778,0.019554942528991256,0.012676358001588561,0.0026508135822081026,0.018471696724384437,0.023295393021445582,0.020904169229547256,0.011578940444797457,0.05296756316759333,0.025159117667990467,0.038575331613979344,0.054886290881652096,0.05643273858300237,0.057861566511517075,0.04055692561715647,0.021317865002382842,0.029145361510722792,0.02803272649086577,0.027873003660047656,0.03235238918983321,0.020961431242255753,0.014913989561556795,0.020232023499602857,0.016748017839555207,0.026786597652104845,0.03008228720730739
Hardw,0.027400586274821285,0.0192235541223193,0.013784908848292296,0.015874649261318506,0.015694727132644956,0.04123524505162828,0.04862690177918982,0.03633847461477362,0.03552731950754567,0.034242943161239076,0.03664716305003971,0.04689441834789515,0.07349833278792692,0.033445829086576645,0.030513170579825256,0.030051063717235902,0.03282061777601271,0.04141942289118347,0.044784821175536144,0.03292934395552025,0.05286707599682287,0.049099170373312157,0.038794883590150916,0.03177197029388404,0.029352260333598078,0.017332375853852253,0.0024933564098490817,0.025120879428117547,0.03408897307386814,0.026951497633042096,0.013694279586973786,0.08782174802223985,0.0354967893884035,0.054886290881652096,0.1069699823669579,0.09692142554408262,0.10510136700555996,0.06920640883240668,0.03032117431294678,0.04182792443208895,0.04024475606036535,0.04310805941223193,0.04766842530579825,0.028949837728355833,0.020188163574265287,0.026829474678316124,0.02417330538522637,0.041959299253375694,0.04441058638602064
Softw,0.02823809253057982,0.019798545283558375,0.014432978567116757,0.015702916870532168,0.01601763598093725,0.04264459642255756,0.05076113990468626,0.037395209172359015,0.035823618182684674,0.03567576784114376,0.03800681802700555,0.04827992560762511,0.07518655227005559,0.03267427316600477,0.03059020357108817,0.03059782775218427,0.032661673324861,0.040920386563939634,0.04371573010007943,0.03231976947418586,0.05127664369181891,0.047988906951548845,0.03862891100873708,0.032518319212073064,0.027839706649722008,0.01650051084352661,0.0018312597299444,0.024912117718824456,0.03448536649086577,0.026840759682287527,0.013153431644162035,0.0891844565401112,0.03731833587926925,0.05643273858300237,0.09692142554408262,0.10260707444638603,0.10085638726290706,0.06729192372994443,0.029644814046068314,0.04153343640667196,0.04048952760603654,0.04382887912946782,0.04931889323272437,0.029768170779984105,0.020854874570293877,0.02726851713105639,0.024993655917394754,0.04180852396505162,0.0449126264432089
Chips,0.027779090808578235,0.020122652292295474,0.014686821785544084,0.016640215353455123,0.015604269841143761,0.04295377976806989,0.05105547571882446,0.038818171194598905,0.037414087709293095,0.03554708746306592,0.037859843294678314,0.04826966397934869,0.07751804827164417,0.03591420875138999,0.03232946621763303,0.03213598591739477,0.03477433364416203,0.04373302378236695,0.048270886193804596,0.03483943496743447,0.05873920982049245,0.05293194369023035,0.04176138295472597,0.03430970610325656,0.03147797067196188,0.018889532292295473,5.649706115962055e-06,0.02676977714376489,0.0383519614980143,0.029234559253375706,0.01648231664813344,0.09386494107386815,0.03785888766957903,0.057861566511517075,0.10510136700555996,0.10085638726290706,0.12047022788085779,0.07642205366799047,0.031989325609213665,0.04490579148371724,0.043310464295472605,0.045109497054805395,0.05005087230341541,0.02966833106115965,0.02114641445750596,0.028760515483717233,0.024548388737092922,0.0453190690039714,0.046273851934868944
LabEq,0.021287825283558385,0.01524839210802224,0.01184262900079428,0.012407800413026209,0.013939493375694995,0.030911355640984902,0.0364876015567911,0.02809103060841938,0.027160652632247814,0.025671546802223992,0.028792785760127084,0.03546208333598094,0.05702821049722002,0.026519218611596496,0.023877243520254166,0.0257658921683876,0.025291154592533758,0.03201108909293089,0.033980922090548045,0.025312054786338366,0.04108812579507545,0.03756635023351867,0.030534766513105643,0.02527440153772836,0.022316077350278,0.014925441988880066,0.0009182841938046087,0.020217064476568705,0.02569067563463066,0.023182544813343912,0.01280505239078634,0.06327537265131057,0.027274800876886423,0.04055692561715647,0.06920640883240668,0.06729192372994443,0.07642205366799047,0.05964414318665607,0.02354072197617156,0.03327654020015886,0.03090291716600477,0.03178449020492454,0.03532576333598094,0.02236118356155679,0.015374469490071483,0.02144344881334392,0.01785337807783955,0.03103691445909452,0.03407590197299445
Paper,0.012740523628276412,0.011844999011914215,0.009730297369340748,0.009783199849086575,0.014036450111199363,0.017625250332009533,0.021844901008737087,0.01806910920889595,0.01864025593804607,0.01796346830500397,0.017843811841143763,0.01813527389197776,0.02622147175059571,0.021713965764892772,0.015794641817315335,0.019203249269261317,0.017940779108816526,0.021696844751389992,0.023572939791898333,0.015595408883240664,0.023020040416203327,0.019292102165210493,0.023409455075456706,0.02139201730262113,0.015645035517077046,0.010968355644162032,-0.0035148871326449583,0.016128824895949165,0.01929196680381254,0.01642709698173153,0.011766281953931696,0.030383365251787135,0.017903554389197777,0.021317865002382842,0.03032117431294678,0.029644814046068314,0.031989325609213665,0.02354072197617156,0.028002134409849087,0.025617600824463863,0.02276638737728356,0.018151444346306594,0.02384737768864178,0.015788240830818107,0.011879799239078634,0.0169466321477363,0.010278418602065131,0.018202360759332806,0.0206760177172359
