,Agric,Food ,Soda ,Beer ,Smoke,Toys ,Fun  ,Books,Hshld,Clths,Hlth ,MedEq,Drugs,Chems,Rubbr,Txtls,BldMt,Cnstr,Steel,FabPr,Mach ,ElcEq,Autos,Aero ,Ships,Guns ,Gold ,Mines,Coal ,Oil  ,Util ,Telcm,PerSv,BusSv,Hardw,Softw,Chips,LabEq,Paper,Boxes,Trans,Whlsl,Rtail,Meals,Banks,Insur,RlEst,Fin  ,Other
Agric,0.059505519763304225,0.008713608779984115,0.00804374329626688,0.008002703167593326,0.010096183936457505,0.015796434281175536,0.019107059223193012,0.013930577334392373,0.014329821019857029,0.013457214424146149,0.01671205014138205,0.018400979849086577,0.025726082222398736,0.01327525943129468,0.013170110814932487,0.01438563190786338,0.013345110471803019,0.015629356999205715,0.017092760233518665,0.013852142309769657,0.0173534900381255,0.01585879122001588,0.016253375679110407,0.016634376949960283,0.012910153350277996,0.010570619922160443,0.009681195796664018,0.015277328236695786,0.012529481715647333,0.012699269553613978,0.008002687204130261,0.026458393013502782,0.015261713140587762,0.019868819999999995,0.027088255774424145,0.027826666479745833,0.02767433871644162,0.021046064538522636,0.01256403477680699,0.015459418119142174,0.01621713244638602,0.016235956459094522,0.018547285115170772,0.01403156750277998,0.009557336319301031,0.01258173826687847,0.010094832894360603,0.014580403488482923,0.017077113968228756
Food ,0.008713608779984115,0.01562118452581414,0.007113231938046066,0.007161793436060362,0.011206493305798251,0.01106302474980143,0.014496339407466238,0.012195164136616362,0.012280859545671168,0.012270067386814932,0.012815930497220015,0.012486098927720412,0.018564666787926926,0.01263553811596505,0.010101106983320096,0.011296980940428915,0.011237738926131849,0.014037619486894365,0.014412826845115167,0.010265971227958696,0.01448827571564734,0.012668350724384428,0.014473998903891977,0.013555686973788719,0.010555250608419381,0.007318707667990469,-0.0019990820365369324,0.009188242772041305,0.01226437416997617,0.010270507050039715,0.008309248220810167,0.019378554494042886,0.011603420705321684,0.014149748196981731,0.018838673057982522,0.019444669186656074,0.0199211457887212,0.01503542687688642,0.011448809791898332,0.014181652362192211,0.013885589158061956,0.011794661107227959,0.01506814246227164,0.010339755950754568,0.008143279366163624,0.012105341831612392,0.00839199783796664,0.011767483355043682,0.013161936856235108
Soda ,0.00804374329626688,0.007113231938046066,0.037533527807783955,0.008519449118347894,0.012405384718030177,0.009287743796664019,0.011163264042891183,0.009659363907863382,0.00994180190627482,0.009573063574265288,0.010470590182684668,0.009547059801429707,0.013966755496425735,0.010116986910246225,0.007535511151707704,0.011396686115965053,0.009031142859412233,0.010644416401906272,0.011799862152501986,0.006373047561556793,0.010986480135027798,0.008853041612390785,0.012180326084193805,0.009581810214455918,0.00802490724384432,0.0035429498570293894,-0.0028221679904686285,0.008826344328832404,0.008039381445591739,0.009301318697378873,0.007510890492454328,0.014417818157267675,0.010193393057982527,0.010910876330420968,0.013519971644162031,0.014097595544082605,0.014577242017474184,0.011663242962668786,0.00952405652104845,0.012647925162827643,0.010800983169181889,0.009384195528196982,0.01237254843526608,0.008223198610007941,0.006786642025416997,0.010321519054805398,0.00705264194598888,0.009353063193010325,0.00942314091342335
Beer ,0.008002703167593326,0.007161793436060362,0.008519449118347894,0.03247878680857822,0.010462804816521046,0.009208930103256553,0.010658989839555204,0.008876086144559172,0.008790271307386813,0.010985511421763305,0.010992978262112785,0.01066920946783161,0.01478683262271644,0.009578907463065922,0.008956854316123909,0.008653679783955521,0.00888179635901509,0.01117516435901509,0.011459382888006357,0.007341857372517871,0.011497656673550436,0.010256863656870533,0.010890766195393168,0.010644969563145354,0.0068665286671961865,0.005139968203335981,-0.0014641133979348686,0.008452970357426525,0.010302965083399524,0.009124893591739475,0.00746658611596505,0.015682840743447182,0.010695181331215251,0.011393563272438444,0.015637648768864174,0.01558660971564734,0.016566515405877676,0.01236681716918189,0.009593409448768861,0.008916232158856235,0.011206074027005561,0.009972721626687848,0.013091036092136616,0.008704062290706908,0.006432108835583795,0.009455104266878478,0.006817103110405085,0.009573055447180302,0.011356087326449563
Smoke,0.010096183936457505,0.011206493305798251,0.012405384718030177,0.010462804816521046,0.09589074926767274,0.011850567498014296,0.016048557788721208,0.01269391271803018,0.011464096038125498,0.012138311199364574,0.014846109788721213,0.013573619793486898,0.02008969167911041,0.016372653591739474,0.012216468759332806,0.010576151879269262,0.011686000946783159,0.013286704413026209,0.015935092829229544,0.006815499876092136,0.014292884784749802,0.012292760514694204,0.0166026133121525,0.014837856489277204,0.009400480177918983,0.007713393308975377,-0.0025607406322478146,0.014530453280381257,0.017205489086576646,0.013712754332009528,0.013020579666401905,0.017967164632247814,0.01415308005718824,0.013991984368546467,0.01683716285941223,0.016722420066719618,0.01666381556155679,0.014430165394757744,0.01392332444162033,0.017465597693407463,0.01422957715647339,0.012501240235107229,0.016004593868149328,0.010180133318506753,0.00919838230976966,0.014392196270055599,0.00734257108181096,0.012242542411437645,0.013758659291501192
Toys ,0.015796434281175536,0.01106302474980143,0.009287743796664019,0.009208930103256553,0.011850567498014296,0.04380111936457506,0.027145439142176327,0.02000037617156473,0.019412321747418585,0.021470718824463855,0.01980612,0.02414679383637808,0.034158565687053215,0.019440278792692615,0.016987487275615564,0.019500070818109613,0.018793099444003168,0.023073694741858615,0.02340383104050834,0.0182166447974583,0.025674281842732318,0.022689725718824463,0.022918741191421767,0.01920130684670373,0.014811022494042892,0.0084753381731533,0.003647918888006355,0.01566442465448769,0.01754326865766482,0.015119098427323273,0.008340057950754567,0.040857346465448786,0.020033730071485303,0.027003589992057174,0.041210012644956315,0.04243735558379667,0.04290380664019061,0.030756717235901506,0.017334834662430496,0.023812043018268465,0.022208816616362193,0.0225667812867355,0.026436927974583,0.017321562700555997,0.011623229642573472,0.015293637235901509,0.01335644034948372,0.021366906433677522,0.02333087685464655
Fun  ,0.019107059223193012,0.014496339407466238,0.011163264042891183,0.010658989839555204,0.016048557788721208,0.027145439142176327,0.04785007823828436,0.023915831599682278,0.02334372878792692,0.024555795869737888,0.0249962367974583,0.0288777804686259,0.04227491991898331,0.023468436810166797,0.019977721553613978,0.021915733448768862,0.022374505515488488,0.02713901817474186,0.0281993468101668,0.021033713842732324,0.030247170181096107,0.028090274635424933,0.028024985814138204,0.02477312830818109,0.016541732254169977,0.011987604433677525,0.0007104343987291475,0.015753753288324065,0.020843069642573465,0.01879970815567911,0.01174166933280381,0.049032975793486894,0.023928994570293884,0.0324691853375695,0.04833471512311356,0.05042216117394758,0.0509536081048451,0.036365120725972984,0.0215378282954726,0.028346104918189046,0.028059256560762507,0.026215632376489283,0.03238023917394758,0.021456717097696577,0.014529536525814141,0.020419340316123902,0.015787895308975373,0.025641523424940426,0.02913910728038126
Books,0.013930577334392373,0.012195164136616362,0.009659363907863382,0.008876086144559172,0.01269391271803018,0.02000037617156473,0.023915831599682278,0.03536017427164415,0.01907087991104051,0.019094246354249403,0.020011697518665605,0.020871585544082596,0.0311204351517077,0.019288523374106428,0.01635910010484512,0.019037218382843522,0.017831700371723585,0.021670141019857026,0.022210759688641783,0.015670766208101667,0.024072288845115166,0.021697891304209686,0.02272513016679904,0.01843117003971406,0.014408317566322479,0.011304379812549644,-0.0054080314725973,0.013874347132644958,0.021131182144559175,0.015064183237490071,0.011247669451945988,0.0368446223415409,0.019804749394757747,0.024424398633836383,0.03593527837966639,0.036843067177124704,0.038480151714058775,0.027816462182684666,0.0176966255822081,0.023890776413026213,0.02190192889594917,0.019795241067513892,0.025344931119936454,0.016006881550436856,0.012077326443208894,0.01682211340428912,0.012442414176330416,0.020386543275615565,0.022310080819698163
Hshld,0.014329821019857029,0.012280859545671168,0.00994180190627482,0.008790271307386813,0.011464096038125498,0.019412321747418585,0.02334372878792692,0.01907087991104051,0.027443768743447183,0.019166943669579026,0.018913937042096898,0.020618000031771246,0.029955362236695787,0.019776745741064337,0.015616844695790312,0.019661795253375698,0.01818569446227164,0.022574228359015087,0.023698568552819703,0.017390913086576646,0.024211317343923754,0.021313626554408258,0.022953157108816517,0.019166012327243843,0.01586761748689436,0.010672931965051627,0.000611108257347102,0.0166721594598888,0.0170575637172359,0.01592815038602065,0.010904288133439237,0.03484366739316917,0.0188366986878475,0.024194197553613978,0.03530302128673551,0.03556845348371725,0.0373806895694996,0.026979851221604442,0.018368912794281177,0.023864478716441623,0.022607817633042093,0.020171758239872908,0.025056453979348692,0.01660585397299444,0.01232334223351867,0.017056708416203336,0.012100770808578236,0.01978947858935663,0.02149944771405878
Clths,0.013457214424146149,0.012270067386814932,0.009573063574265288,0.010985511421763305,0.012138311199364574,0.021470718824463855,0.024555795869737888,0.019094246354249403,0.019166943669579026,0.03552146821286735,0.018551678411437643,0.019975264432088958,0.029559747164416207,0.019402876441620334,0.016167531183478953,0.019867403685464653,0.01815427644162033,0.022892010548054013,0.023465352533756947,0.01622651399523431,0.02332402922954726,0.02132479777601271,0.02323817537728356,0.02068370068308181,0.014814270405083397,0.009318313868149328,0.0006411712470214432,0.01730900320889595,0.019719341032565525,0.014231801556791105,0.009576764130262113,0.034864733089753776,0.018899920889594916,0.024291097220015885,0.033801175949166005,0.03528199072279587,0.035394777760127075,0.025353417569499603,0.017512653121525015,0.02351989448768864,0.023482887116759332,0.020416165115170765,0.02764569131056394,0.01716323104050834,0.011792770865766477,0.016486848895949167,0.013437991739475774,0.019517301826846706,0.02234061159650516
Hlth ,0.01671205014138205,0.012815930497220015,0.010470590182684668,0.010992978262112785,0.014846109788721213,0.01980612,0.0249962367974583,0.020011697518665605,0.018913937042096898,0.018551678411437643,0.03808285397299445,0.023747353010325656,0.03590852993804606,0.018904230290706907,0.016763835412231934,0.018386223231135822,0.017352925191421766,0.022044898179507548,0.02295526558856235,0.017251921582208098,0.023984404250992845,0.022058672616362192,0.02136025782366958,0.020798026274821284,0.015169892702144553,0.010006409633042092,0.0014641744813343907,0.014241188721207304,0.021047084511517072,0.018275506617950753,0.010790046481334392,0.036877185874503574,0.020123398646544874,0.02629463761715647,0.03636009798252581,0.03780999884988085,0.037830802713264486,0.028599918328832404,0.01751287432565528,0.021360751968228755,0.02166218039714058,0.021324815637807786,0.02545729162827641,0.017048307945988883,0.01289548186179507,0.018467836022239874,0.013265560489277203,0.019884908664019065,0.022284660733915797
MedEq,0.018400979849086577,0.012486098927720412,0.009547059801429707,0.01066920946783161,0.013573619793486898,0.02414679383637808,0.0288777804686259,0.020871585544082596,0.020618000031771246,0.019975264432088958,0.023747353010325656,0.03538000990468626,0.044793014543288316,0.019456786783161244,0.01815026651310564,0.01838568341540905,0.018773289293089752,0.02389763239872915,0.02539396193010326,0.019722865607625102,0.027748537879269262,0.02659992677521843,0.02314378333598094,0.020395685416997614,0.014915911056393965,0.011324901104050834,0.0014242883081810962,0.015131043534551232,0.02115938433677521,0.018825843463065928,0.009018700548054013,0.04384881675933281,0.021716761826846696,0.03043529904686258,0.046766441636219215,0.048123607601270844,0.0483607169658459,0.03541205117553615,0.017945289086576645,0.0235534408101668,0.022619676560762508,0.0244909469658459,0.026948397140587763,0.017733126028594122,0.012293265742652899,0.016542745059571082,0.014232117609213656,0.022235804066719624,0.02644682200953138
Drugs,0.025726082222398736,0.018564666787926926,0.013966755496425735,0.01478683262271644,0.02008969167911041,0.034158565687053215,0.04227491991898331,0.0311204351517077,0.029955362236695787,0.029559747164416207,0.03590852993804606,0.044793014543288316,0.08522559709451946,0.029553035278792692,0.025452852616362195,0.026339564819698166,0.026913775596505166,0.035351207337569496,0.03647236191104051,0.027325678786338358,0.04174955699920572,0.041701246349483724,0.032282924622716445,0.02945745529785544,0.02254709875456712,0.012286565129467835,-0.002465293461477364,0.02126040010325655,0.030295343097696586,0.027259145760127085,0.01588091474980143,0.06906660847974583,0.030378641934868954,0.046559472009531366,0.07342830984908658,0.07500859809531374,0.07758083913899923,0.056894348217633034,0.02602370612867355,0.03573572008578236,0.033754904042891186,0.03596126519301031,0.03925789057982526,0.02503532982843526,0.018008431988880063,0.02548140843685465,0.021141893158061944,0.03399874053057983,0.03982043038443208
Chems,0.01327525943129468,0.01263553811596505,0.010116986910246225,0.009578907463065922,0.016372653591739474,0.019440278792692615,0.023468436810166797,0.019288523374106428,0.019776745741064337,0.019402876441620334,0.018904230290706907,0.019456786783161244,0.029553035278792692,0.030377150538522628,0.016453228428911837,0.020104845515488485,0.01879075209531374,0.02242258276727561,0.02562058037172359,0.016021390100079424,0.0249158805528197,0.0216969232025417,0.02471432365369341,0.020841571151707712,0.016579873118347892,0.010293146007942813,-0.003140214856235108,0.01754930757744242,0.01884802163621922,0.018267772721207304,0.013504003240667195,0.03309694332644956,0.018561430538522633,0.023186639428117554,0.033238789547259735,0.03239654647815726,0.03582395695631454,0.026278839466243042,0.02147197827482128,0.02692351115488483,0.02354476454328832,0.01960869463383638,0.02487276895949166,0.016165144012708497,0.012232046284352658,0.018120037693407462,0.01115218151548848,0.019834544991262908,0.022380270430500393
Rubbr,0.013170110814932487,0.010101106983320096,0.007535511151707704,0.008956854316123909,0.012216468759332806,0.016987487275615564,0.019977721553613978,0.01635910010484512,0.015616844695790312,0.016167531183478953,0.016763835412231934,0.01815026651310564,0.025452852616362195,0.016453228428911837,0.0522507107926926,0.014808956994440028,0.015271532034948375,0.0182729528482923,0.02086378412390786,0.014037046087370933,0.020658479431294677,0.019127674271644163,0.018293374868943606,0.01488371968228753,0.013059905944400318,0.009711144841938045,-0.0032085043812549643,0.01193398200158856,0.01427382239872915,0.013425278779984114,0.008669575552025417,0.03073001899285147,0.016167332543288324,0.020613625830023827,0.030266552088959498,0.030311667231135812,0.03224959767434471,0.023659271240667194,0.015553841010325656,0.019737628638602064,0.01898030565528197,0.017564655310563938,0.020587238983320093,0.013833576352660843,0.009988862071485303,0.013337582528991256,0.010960819485305797,0.016368344603653696,0.01841317489118348
Txtls,0.01438563190786338,0.011296980940428915,0.011396686115965053,0.008653679783955521,0.010576151879269262,0.019500070818109613,0.021915733448768862,0.019037218382843522,0.019661795253375698,0.019867403685464653,0.018386223231135822,0.01838568341540905,0.026339564819698166,0.020104845515488485,0.014808956994440028,0.05705112933439238,0.018894892632247817,0.02324853637172359,0.024547327755361392,0.015655498052422556,0.023306190649721996,0.020746690449563145,0.023045951262907073,0.020619184368546463,0.014378679053216836,0.009346256022239869,-0.0003800633455123118,0.01617040478157268,0.021015941636219223,0.01833153967275615,0.012562041509134234,0.03132506467355044,0.01944581431612391,0.02202715777601271,0.02983621337569499,0.03035887862430501,0.03207577781096107,0.025439342942017464,0.019016918271644166,0.02500750388562351,0.021814230675138997,0.018956327825258145,0.023708869515488486,0.01628629299126291,0.011429997995234312,0.015639446598888003,0.012372374522637012,0.018756162503574265,0.020339332324066723
BldMt,0.013345110471803019,0.011237738926131849,0.009031142859412233,0.00888179635901509,0.011686000946783159,0.018793099444003168,0.022374505515488488,0.017831700371723585,0.01818569446227164,0.01815427644162033,0.017352925191421766,0.018773289293089752,0.026913775596505166,0.01879075209531374,0.015271532034948375,0.018894892632247817,0.0229871397045274,0.021561939193010325,0.02282954477204131,0.016459681410643363,0.023507435008737095,0.02051592267831612,0.022530852486100084,0.020010085877680696,0.014615740250992852,0.011942550471803016,-0.0021088472311358224,0.015135999984114376,0.016771388339952342,0.015440800775218432,0.010429471787132643,0.032210758894360605,0.01738878256393963,0.022099795806195397,0.03255629747418586,0.03233993178395553,0.03465332143606036,0.025013694509928512,0.017803465963463064,0.02307113310881652,0.021072317347100872,0.019020871901509136,0.023336774392374898,0.015678845442414612,0.011262694274821284,0.015960417312152503,0.011704130792692613,0.01842145688959491,0.021388636451151705
Cnstr,0.015629356999205715,0.014037619486894365,0.010644416401906272,0.01117516435901509,0.013286704413026209,0.023073694741858615,0.02713901817474186,0.021670141019857026,0.022574228359015087,0.022892010548054013,0.022044898179507548,0.02389763239872915,0.035351207337569496,0.02242258276727561,0.0182729528482923,0.02324853637172359,0.021561939193010325,0.043802272551231126,0.027745921091342333,0.02003078014932486,0.028514835169181883,0.02527290162509929,0.02726783633042096,0.022676537776012713,0.016890260292295477,0.012660831169181885,-0.0016618369277204125,0.01885752674344718,0.022198390150913426,0.020189057099285142,0.013588017402700554,0.040618667771247015,0.02304229541223193,0.02750724042891182,0.041378432835583796,0.04077030425575854,0.0437897645146942,0.03185572912946782,0.021608269915806194,0.027784584409849093,0.026023671159650513,0.023358966467037327,0.029292553200953142,0.018631484706910246,0.013470000338363779,0.019341444700555998,0.013424796833995235,0.02377178064495632,0.027239941577442403
Steel,0.017092760233518665,0.014412826845115167,0.011799862152501986,0.011459382888006357,0.015935092829229544,0.02340383104050834,0.0281993468101668,0.022210759688641783,0.023698568552819703,0.023465352533756947,0.02295526558856235,0.02539396193010326,0.03647236191104051,0.02562058037172359,0.02086378412390786,0.024547327755361392,0.02282954477204131,0.027745921091342333,0.042363635359809367,0.01938312239555202,0.031021872951548846,0.026907134012708497,0.029425196266878464,0.024995775075456715,0.02014102703415409,0.013655554244638601,0.001380613594916604,0.021589269523431293,0.02478389896743447,0.02311469151389992,0.013384253335980936,0.04459363979984114,0.022725098767275614,0.02969018787926926,0.04452376271644162,0.04342248920254169,0.04813715678157268,0.03371044965687053,0.02327699390627482,0.030842283752184275,0.028209283836378076,0.025159213227958693,0.029265384114376482,0.02011734394122319,0.01436720632406672,0.020130492332009524,0.015138957901509136,0.0245069226878475,0.026783685100873707
FabPr,0.013852142309769657,0.010265971227958696,0.006373047561556793,0.007341857372517871,0.006815499876092136,0.0182166447974583,0.021033713842732324,0.015670766208101667,0.017390913086576646,0.01622651399523431,0.017251921582208098,0.019722865607625102,0.027325678786338358,0.016021390100079424,0.014037046087370933,0.015655498052422556,0.016459681410643363,0.02003078014932486,0.01938312239555202,0.06066862807942812,0.022396734799046858,0.019814614061953933,0.01808813397934869,0.017030629579030974,0.013665361264495628,0.01373263670214456,0.013233043266084196,0.015503922287529786,0.016519292517871324,0.01552887710246227,0.007816867799841143,0.031753449639396344,0.017047233277204133,0.0214129882446386,0.03294284613185068,0.032256550589356635,0.034874461299443986,0.025153906859412226,0.015323538630659252,0.020187030506751386,0.018512587450357422,0.01838753659094519,0.021494973407466245,0.014273135809372518,0.01018951391898332,0.013977532225575856,0.010884212085782366,0.016845556543288325,0.01889904710405084
Mach ,0.0173534900381255,0.01448827571564734,0.010986480135027798,0.011497656673550436,0.014292884784749802,0.025674281842732318,0.030247170181096107,0.024072288845115166,0.024211317343923754,0.02332402922954726,0.023984404250992845,0.027748537879269262,0.04174955699920572,0.0249158805528197,0.020658479431294677,0.023306190649721996,0.023507435008737095,0.028514835169181883,0.031021872951548846,0.022396734799046858,0.03925197885782365,0.03041815840667196,0.028437946640190625,0.0249074722319301,0.020540362805401106,0.01318387019698173,-0.00046169905321684286,0.01909601227164416,0.025345872787926927,0.023167673544082598,0.013333072335186652,0.04952194728832407,0.024196578169976172,0.032702963828435266,0.052769705210484505,0.05112643475933281,0.05884914048927721,0.04098504699444003,0.022762827590150907,0.03184845222239874,0.028478923359809373,0.026873335089753782,0.03115753725178712,0.020176771448768862,0.014488117104050834,0.020470784481334388,0.016182061895154882,0.026683379958697375,0.028682698216044474
ElcEq,0.01585879122001588,0.012668350724384428,0.008853041612390785,0.010256863656870533,0.012292760514694204,0.022689725718824463,0.028090274635424933,0.021697891304209686,0.021313626554408258,0.02132479777601271,0.022058672616362192,0.02659992677521843,0.041701246349483724,0.0216969232025417,0.019127674271644163,0.020746690449563145,0.02051592267831612,0.02527290162509929,0.026907134012708497,0.019814614061953933,0.03041815840667196,0.04038814694042892,0.024192771389992058,0.021581580794281175,0.017346498684670367,0.012766099035742653,-0.001438922157267675,0.015977926282764093,0.021688269134233516,0.019184376317712474,0.011315978880063542,0.046222992892772034,0.021548607380460678,0.030231619682287526,0.04935614543288325,0.048146069399523435,0.053469801661636215,0.03776910328991262,0.019218263345512306,0.024925188718030185,0.025032111810961075,0.024509137240667195,0.027826164924543297,0.01803886018903892,0.01263434833836378,0.01764123866084194,0.014555781351866555,0.023962509687053213,0.025950403636219217
Autos,0.016253375679110407,0.014473998903891977,0.012180326084193805,0.010890766195393168,0.0166026133121525,0.022918741191421767,0.028024985814138204,0.02272513016679904,0.022953157108816517,0.02323817537728356,0.02136025782366958,0.02314378333598094,0.032282924622716445,0.02471432365369341,0.018293374868943606,0.023045951262907073,0.022530852486100084,0.02726783633042096,0.029425196266878464,0.01808813397934869,0.028437946640190625,0.024192771389992058,0.04051148400317711,0.026229091660047662,0.01888379339158062,0.011931709308975377,-0.001395360063542495,0.019982682430500387,0.021801940524225575,0.017572340841938042,0.014638667783955514,0.039621382430500396,0.022605251088165208,0.02721839027799841,0.03855023272438443,0.038346468800635414,0.041647931469420175,0.03030517571088165,0.023247514757744236,0.029688759332803807,0.028561630452740266,0.02271121542494043,0.030227480254169964,0.01993267353455123,0.013998768594122317,0.020597047037331218,0.013663727450357424,0.02299529105639396,0.025761526401906272
Aero ,0.016634376949960283,0.013555686973788719,0.009581810214455918,0.010644969563145354,0.014837856489277204,0.01920130684670373,0.02477312830818109,0.01843117003971406,0.019166012327243843,0.02068370068308181,0.020798026274821284,0.020395685416997614,0.02945745529785544,0.020841571151707712,0.01488371968228753,0.020619184368546463,0.020010085877680696,0.022676537776012713,0.024995775075456715,0.017030629579030974,0.0249074722319301,0.021581580794281175,0.026229091660047662,0.060655846258935664,0.01753724981731533,0.012287505242255761,0.0020105232406671964,0.018276951119936456,0.02065965305798253,0.018104270119142174,0.011513247513899922,0.03356288498808579,0.020237973852263693,0.0241161428435266,0.031876124257347094,0.03239382314535346,0.03462841397934868,0.02526734098490865,0.02131369375694996,0.025395439046862592,0.02548688996028594,0.020246241318506747,0.02613182106433677,0.018175735806195397,0.012847735965051628,0.018175065718824462,0.012636462382843527,0.019832600095313742,0.022606036934074664
Ships,0.012910153350277996,0.010555250608419381,0.00802490724384432,0.0068665286671961865,0.009400480177918983,0.014811022494042892,0.016541732254169977,0.014408317566322479,0.01586761748689436,0.014814270405083397,0.015169892702144553,0.014915911056393965,0.02254709875456712,0.016579873118347892,0.013059905944400318,0.014378679053216836,0.014615740250992852,0.016890260292295477,0.02014102703415409,0.013665361264495628,0.020540362805401106,0.017346498684670367,0.01888379339158062,0.01753724981731533,0.04666605978713265,0.010988712587768071,0.003876332575059571,0.013709088498808579,0.01599693715647339,0.016471828397140585,0.009943180762509931,0.026330373833200953,0.015682078996028595,0.01887821375694996,0.028620747291501193,0.0271225527974583,0.03102223286417791,0.0217949000127085,0.015136143205718822,0.020902096368546463,0.0177108952025417,0.015940091872915015,0.018866901254964253,0.011856272759332803,0.010340131536139793,0.01448334831771247,0.009771511545671168,0.015875967377283553,0.016833507294678317
Guns ,0.010570619922160443,0.007318707667990469,0.0035429498570293894,0.005139968203335981,0.007713393308975377,0.0084753381731533,0.011987604433677525,0.011304379812549644,0.010672931965051627,0.009318313868149328,0.010006409633042092,0.011324901104050834,0.012286565129467835,0.010293146007942813,0.009711144841938045,0.009346256022239869,0.011942550471803016,0.012660831169181885,0.013655554244638601,0.01373263670214456,0.01318387019698173,0.012766099035742653,0.011931709308975377,0.012287505242255761,0.010988712587768071,0.09965834498967438,0.01006939141223193,0.013970801930103256,0.01600182258935664,0.01274685522478157,0.008391815131056394,0.017373477429706113,0.01001667021763304,0.012318628069896748,0.016982221588562354,0.016142190657664816,0.018765020495631456,0.014635749224781568,0.010643086976965845,0.013461111780778393,0.009112858752978552,0.011698171280381255,0.012685373947577435,0.006047277478951546,0.00800839209372518,0.009503328465448766,0.005657170606830818,0.00975136453693407,0.013178864929308972
Gold ,0.009681195796664018,-0.0019990820365369324,-0.0028221679904686285,-0.0014641133979348686,-0.0025607406322478146,0.003647918888006355,0.0007104343987291475,-0.0054080314725973,0.000611108257347102,0.0006411712470214432,0.0014641744813343907,0.0014242883081810962,-0.002465293461477364,-0.003140214856235108,-0.0032085043812549643,-0.0003800633455123118,-0.0021088472311358224,-0.0016618369277204125,0.001380613594916604,0.013233043266084196,-0.00046169905321684286,-0.001438922157267675,-0.001395360063542495,0.0020105232406671964,0.003876332575059571,0.01006939141223193,0.3253739471898331,0.027199162462271647,-0.001950201715647342,0.015814335466243046,-0.00022226727561556594,0.0008557289722001585,0.0025724389642573465,0.001642930293884032,0.001523711262907069,0.0008068046163621971,-0.0008078166354249375,-0.00020464149642573633,-0.0045029291374106386,-0.0021273420746624307,-0.0031326550754567136,0.001618973683876092,-0.002773168737092932,-0.0003356840635424928,-0.0015920012994440022,-0.0037941625321683886,0.00682282509610802,-0.0023497505893566306,-0.004348194468625891
Mines,0.015277328236695786,0.009188242772041305,0.008826344328832404,0.008452970357426525,0.014530453280381257,0.01566442465448769,0.015753753288324065,0.013874347132644958,0.0166721594598888,0.01730900320889595,0.014241188721207304,0.015131043534551232,0.02126040010325655,0.01754930757744242,0.01193398200158856,0.01617040478157268,0.015135999984114376,0.01885752674344718,0.021589269523431293,0.015503922287529786,0.01909601227164416,0.015977926282764093,0.019982682430500387,0.018276951119936456,0.013709088498808579,0.013970801930103256,0.027199162462271647,0.06624416202541698,0.014097157204130255,0.015454444130262104,0.010405033431294676,0.024844161032565527,0.015022775901509139,0.01800877758538522,0.024733213042096896,0.024709105377283557,0.02640848189038919,0.019738770111199365,0.015767749833200954,0.022706430103256552,0.018275541358220806,0.016014365567911044,0.019186272152501984,0.012744268760921365,0.010421066489277202,0.014790101548848288,0.009799606076250989,0.016384998093725178,0.018058868665607627
Coal ,0.012529481715647333,0.01226437416997617,0.008039381445591739,0.010302965083399524,0.017205489086576646,0.01754326865766482,0.020843069642573465,0.021131182144559175,0.0170575637172359,0.019719341032565525,0.021047084511517072,0.02115938433677521,0.030295343097696586,0.01884802163621922,0.01427382239872915,0.021015941636219223,0.016771388339952342,0.022198390150913426,0.02478389896743447,0.016519292517871324,0.025345872787926927,0.021688269134233516,0.021801940524225575,0.02065965305798253,0.01599693715647339,0.01600182258935664,-0.001950201715647342,0.014097157204130255,0.13593950195393167,0.029598536648133434,0.018330404861000796,0.035816709070691025,0.020053555679110404,0.023335044638602063,0.03437738490865765,0.03465789045274027,0.038572745734710076,0.02585022335186656,0.01959854576648133,0.026416353677521848,0.021248149261318513,0.019617682223987295,0.025553769150119143,0.015610433137410645,0.01305366230341541,0.017884343606036537,0.013456155266084192,0.019531885814138204,0.022030565401111986
Oil  ,0.012699269553613978,0.010270507050039715,0.009301318697378873,0.009124893591739475,0.013712754332009528,0.015119098427323273,0.01879970815567911,0.015064183237490071,0.01592815038602065,0.014231801556791105,0.018275506617950753,0.018825843463065928,0.027259145760127085,0.018267772721207304,0.013425278779984114,0.01833153967275615,0.015440800775218432,0.020189057099285142,0.02311469151389992,0.01552887710246227,0.023167673544082598,0.019184376317712474,0.017572340841938042,0.018104270119142174,0.016471828397140585,0.01274685522478157,0.015814335466243046,0.015454444130262104,0.029598536648133434,0.05060768320254169,0.015198569849086574,0.025551081347100872,0.01628422060047657,0.01994993776012708,0.0257670901985703,0.02560751624463859,0.028141098249404292,0.022138334436854642,0.01553619384908658,0.021291376749801433,0.018785792724384437,0.01719656893407466,0.018215710150913424,0.012931533712470217,0.010087391091342336,0.01424174614138205,0.011587163539316915,0.015577447885623506,0.018568659113582204
Util ,0.008002687204130261,0.008309248220810167,0.007510890492454328,0.00746658611596505,0.013020579666401905,0.008340057950754567,0.01174166933280381,0.011247669451945988,0.010904288133439237,0.009576764130262113,0.010790046481334392,0.009018700548054013,0.01588091474980143,0.013504003240667195,0.008669575552025417,0.012562041509134234,0.010429471787132643,0.013588017402700554,0.013384253335980936,0.007816867799841143,0.013333072335186652,0.011315978880063542,0.014638667783955514,0.011513247513899922,0.009943180762509931,0.008391815131056394,-0.00022226727561556594,0.010405033431294676,0.018330404861000796,0.015198569849086574,0.02310680107227959,0.015737557347100875,0.010205895234312942,0.01151190295472597,0.013698943717235897,0.013037925440826055,0.01652480481334392,0.012677178355837964,0.01171386144559174,0.015219706767275612,0.013447106108022239,0.009703753161239077,0.012409013185067515,0.008689068395552028,0.007275916544876885,0.01258341870532168,0.005291639769658458,0.010937042827640985,0.012048858737092933
Telcm,0.026458393013502782,0.019378554494042886,0.014417818157267675,0.015682840743447182,0.017967164632247814,0.040857346465448786,0.049032975793486894,0.0368446223415409,0.03484366739316917,0.034864733089753776,0.036877185874503574,0.04384881675933281,0.06906660847974583,0.03309694332644956,0.03073001899285147,0.03132506467355044,0.032210758894360605,0.040618667771247015,0.04459363979984114,0.031753449639396344,0.04952194728832407,0.046222992892772034,0.039621382430500396,0.03356288498808579,0.026330373833200953,0.017373477429706113,0.0008557289722001585,0.024844161032565527,0.035816709070691025,0.025551081347100872,0.015737557347100875,0.10139822647180301,0.035921141197776014,0.05281783758538521,0.08800412498808581,0.08912684485782366,0.09424745192057185,0.06339012898173152,0.0302201167974583,0.04241166756473391,0.0408384382366958,0.040799694332009535,0.04795505490071483,0.02906467807148531,0.021234780088959484,0.028085455532962666,0.022751152492454327,0.042095944991262894,0.042807887602859404
PerSv,0.015261713140587762,0.011603420705321684,0.010193393057982527,0.010695181331215251,0.01415308005718824,0.020033730071485303,0.023928994570293884,0.019804749394757747,0.0188366986878475,0.018899920889594916,0.020123398646544874,0.021716761826846696,0.030378641934868954,0.018561430538522633,0.016167332543288324,0.01944581431612391,0.01738878256393963,0.02304229541223193,0.022725098767275614,0.017047233277204133,0.024196578169976172,0.021548607380460678,0.022605251088165208,0.020237973852263693,0.015682078996028595,0.01001667021763304,0.0025724389642573465,0.015022775901509139,0.020053555679110404,0.01628422060047657,0.010205895234312942,0.035921141197776014,0.03390558736139793,0.024826686671961872,0.03517636467037331,0.036955397518665604,0.0377135263923749,0.027050631348689437,0.01756921115806195,0.02299403636536934,0.022705664765687052,0.020451306055599677,0.0255868314853058,0.01689223111358221,0.012416845823669578,0.016631597550436854,0.01320105171405877,0.01979548383161239,0.020844676292295465
BusSv,0.019868819999999995,0.014149748196981731,0.010910876330420968,0.011393563272438444,0.013991984368546467,0.027003589992057174,0.0324691853375695,0.024424398633836383,0.024194197553613978,0.024291097220015885,0.02629463761715647,0.03043529904686258,0.046559472009531366,0.023186639428117554,0.020613625830023827,0.02202715777601271,0.022099795806195397,0.02750724042891182,0.02969018787926926,0.0214129882446386,0.032702963828435266,0.030231619682287526,0.02721839027799841,0.0241161428435266,0.01887821375694996,0.012318628069896748,0.001642930293884032,0.01800877758538522,0.023335044638602063,0.01994993776012708,0.01151190295472597,0.05281783758538521,0.024826686671961872,0.03828652870532167,0.05473199971405877,0.05621654244638602,0.05792082757744241,0.04046695744241462,0.02105915380460682,0.02902092438443209,0.027762114328832403,0.02765481707704527,0.03208801896743446,0.020515320428911837,0.014664871310563935,0.0201057160127085,0.01635580846703733,0.02698187809372517,0.029682627593328036
Hardw,0.027088255774424145,0.018838673057982522,0.013519971644162031,0.015637648768864174,0.01683716285941223,0.041210012644956315,0.04833471512311356,0.03593527837966639,0.03530302128673551,0.033801175949166005,0.03636009798252581,0.046766441636219215,0.07342830984908658,0.033238789547259735,0.030266552088959498,0.02983621337569499,0.03255629747418586,0.041378432835583796,0.04452376271644162,0.03294284613185068,0.052769705210484505,0.04935614543288325,0.03855023272438443,0.031876124257347094,0.028620747291501193,0.016982221588562354,0.001523711262907069,0.024733213042096896,0.03437738490865765,0.0257670901985703,0.013698943717235897,0.08800412498808581,0.03517636467037331,0.05473199971405877,0.1072498562986497,0.09697179464654486,0.10555893070691023,0.06923355061159649,0.0301074651310564,0.04177898976965846,0.040004922112787916,0.04304254943606036,0.047547780142970605,0.028502224861000798,0.01995015633042096,0.026789422605242252,0.023682037378872114,0.04242423987291501,0.044068365480540106
Softw,0.027826666479745833,0.019444669186656074,0.014097595544082605,0.01558660971564734,0.016722420066719618,0.04243735558379667,0.05042216117394758,0.036843067177124704,0.03556845348371725,0.03528199072279587,0.03780999884988085,0.048123607601270844,0.07500859809531374,0.03239654647815726,0.030311667231135812,0.03035887862430501,0.03233993178395553,0.04077030425575854,0.04342248920254169,0.032256550589356635,0.05112643475933281,0.048146069399523435,0.038346468800635414,0.03239382314535346,0.0271225527974583,0.016142190657664816,0.0008068046163621971,0.024709105377283557,0.03465789045274027,0.02560751624463859,0.013037925440826055,0.08912684485782366,0.036955397518665604,0.05621654244638602,0.09697179464654486,0.10251031938204927,0.10122461826528992,0.06735068697855441,0.029353793308975376,0.041499448346306575,0.04022441811755361,0.043721376757744235,0.04910138992851469,0.029316812068308176,0.020597294339952343,0.027152499826846702,0.02456896294360604,0.04215085233359809,0.04442418442732327
Chips,0.02767433871644162,0.0199211457887212,0.014577242017474184,0.016566515405877676,0.01666381556155679,0.04290380664019061,0.0509536081048451,0.038480151714058775,0.0373806895694996,0.035394777760127075,0.037830802713264486,0.0483607169658459,0.07758083913899923,0.03582395695631454,0.03224959767434471,0.03207577781096107,0.03465332143606036,0.0437897645146942,0.04813715678157268,0.034874461299443986,0.05884914048927721,0.053469801661636215,0.041647931469420175,0.03462841397934868,0.03102223286417791,0.018765020495631456,-0.0008078166354249375,0.02640848189038919,0.038572745734710076,0.028141098249404292,0.01652480481334392,0.09424745192057185,0.0377135263923749,0.05792082757744241,0.10555893070691023,0.10122461826528992,0.12126052353296266,0.07677748053057981,0.031887551491660046,0.044977379177124695,0.043286166211278794,0.045272172584590945,0.05018273490071486,0.029304390319301033,0.021031713591739477,0.028819997169181898,0.02417086191262907,0.04590306184590946,0.04598570834948373
LabEq,0.021046064538522636,0.01503542687688642,0.011663242962668786,0.01236681716918189,0.014430165394757744,0.030756717235901506,0.036365120725972984,0.027816462182684666,0.026979851221604442,0.025353417569499603,0.028599918328832404,0.03541205117553615,0.056894348217633034,0.026278839466243042,0.023659271240667194,0.025439342942017464,0.025013694509928512,0.03185572912946782,0.03371044965687053,0.025153906859412226,0.04098504699444003,0.03776910328991262,0.03030517571088165,0.02526734098490865,0.0217949000127085,0.014635749224781568,-0.00020464149642573633,0.019738770111199365,0.02585022335186656,0.022138334436854642,0.012677178355837964,0.06339012898173152,0.027050631348689437,0.04046695744241462,0.06923355061159649,0.06735068697855441,0.07677748053057981,0.059721635931691795,0.023348798417791895,0.03305296750119142,0.030781808760921365,0.03170087549960286,0.03520523656870532,0.02197464742017474,0.015199386975377278,0.021384986724384436,0.017372545923749,0.03142021866878474,0.03370003388562351
