,Agric,Food ,Soda ,Beer ,Smoke,Toys ,Fun  ,Books,Hshld,Clths,Hlth ,MedEq,Drugs,Chems,Rubbr,Txtls,BldMt,Cnstr,Steel,FabPr,Mach ,ElcEq,Autos,Aero ,Ships,Guns ,Gold ,Mines,Coal ,Oil  ,Util ,Telcm,PerSv,BusSv,Hardw,Softw,Chips,LabEq,Paper,Boxes,Trans,Whlsl,Rtail,Meals,Banks,Insur,RlEst,Fin  ,Other
Agric,0.05608954169817316,0.007684507393169181,0.007938993210484512,0.006313285310563938,0.007735036729150119,0.01370136264177919,0.01696873870849881,0.012689675170770454,0.012519214517871328,0.011702281836378075,0.014132846733915808,0.016963441293089753,0.023590222309769662,0.012675664818109613,0.012226960625893568,0.01322823276409849,0.01255258761556791,0.015116110590945194,0.016105732571882442,0.012711319026211278,0.01645718905003971,0.015566272273232727,0.015758867526608412,0.014282187669579031,0.010069455264495632,0.009732414127084988,0.011096247189833201,0.015928705407466243,0.010701292400317709,0.010566806965845912,0.008256614691024624,0.024187230737092922,0.013638233205718824,0.017782972392374898,0.0251584911564734,0.025428078803812548,0.027005443936457492,0.02082602670373312,0.011335263362986495,0.014467705861795077,0.01451526230500397,0.014806118676727556,0.016366252322478157,0.012161685553613978,0.007531044819698172,0.010991907880857826,0.008247609132644955,0.013807445901509136,0.015595352152501983
Food ,0.007684507393169181,0.013730041785544083,0.0063235629166004765,0.005702334595710882,0.009952452479745829,0.009665093483717236,0.012845808597299443,0.010915317807783957,0.010591638386020652,0.010547061820492453,0.010747968139793488,0.01105104149960286,0.01710806942652899,0.012225400775218427,0.008970410808578235,0.01058687647339158,0.010463574398729148,0.013225713410643368,0.013758569188244637,0.008929492854646545,0.013342506897537727,0.012207747380460683,0.013514608400317712,0.01149005898014297,0.00865521811596505,0.0064483268117553625,0.0011615734011119943,0.009750991809372517,0.010347604949960284,0.008633774138204925,0.008704668511517077,0.017772628219221605,0.00994815232406672,0.012582178929308975,0.0174677077172359,0.017383924085782366,0.019047053197776016,0.014617239205718826,0.010600475634630659,0.013716484066719617,0.012723703631453531,0.010537357445591738,0.01325034292613185,0.008886199612390785,0.006655117782366958,0.0110096250293884,0.006551170363780779,0.011355692390786338,0.012017607275615566
Soda ,0.007938993210484512,0.0063235629166004765,0.03027955031612391,0.007115345166004766,0.009195748076250992,0.007445946277998411,0.009848385667990468,0.00856191402700556,0.009124554100079427,0.007945222023828432,0.008644026189038916,0.007555223663224782,0.011849680057188243,0.009790121146942016,0.006572344425734711,0.010721649769658458,0.008101470335186656,0.010019271704527403,0.010861790779984113,0.005569725461477364,0.009713641490071487,0.008709961404289117,0.011296829502779984,0.007681929455123113,0.006956762201747421,0.001818238382843529,-0.0037737537029388386,0.009040977594916599,0.006818525248610005,0.007264307815726768,0.007835138319301032,0.012697388762509925,0.007777466913423351,0.009178251110405088,0.011619922417791898,0.011601873801429703,0.013031708136616364,0.010532560953137409,0.00888086617633042,0.01124247234312947,0.00965212624940429,0.007926495977760125,0.0103527741350278,0.007053311650516284,0.0053632148625893565,0.00925808974424146,0.005357880263701349,0.008952405575853853,0.008667751104050835
Beer ,0.006313285310563938,0.005702334595710882,0.007115345166004766,0.02659006292454328,0.008746813148530578,0.007811206403494839,0.00827705806036537,0.007453521493248611,0.007656262498808577,0.007996702322478157,0.00840571997299444,0.008849411275615567,0.01273592881334392,0.008925083099285146,0.007430878789515488,0.007763673145353456,0.008196107780778394,0.009551630292295473,0.010216774484511517,0.006657672500397141,0.009995230689436058,0.009671306706910245,0.009758588778395551,0.008698075434471805,0.0054243961763304205,0.0026057093899920555,-5.461661318506923e-05,0.008647645143764893,0.007699443402700557,0.007025326489277206,0.007451183504368545,0.013363882022239872,0.008520735521842734,0.009549239328038122,0.013714007833200956,0.013318107893566323,0.015006049096108025,0.011131622954725973,0.0084359811898332,0.008589783955520252,0.0091882107974583,0.008338864112787928,0.01061576951389992,0.006684886532168387,0.0047005672088959475,0.007964287096108021,0.004617184865766481,0.008747492287529786,0.009437136457505955
Smoke,0.007735036729150119,0.009952452479745829,0.009195748076250992,0.008746813148530578,0.082968215121525,0.0107762491771247,0.013779724833995232,0.011805440826052425,0.009674508976965847,0.010533264279586974,0.011940177857029388,0.011733242424146148,0.01812179475138999,0.01645016949483717,0.010954702948371725,0.008729453399523432,0.011090892193804604,0.013223378495631452,0.016644839945988883,0.007040358908657665,0.013582239480540109,0.011767760260524226,0.01572495220333598,0.011655939288324068,0.00749529672915012,0.007215845729944398,-0.0013749421540905514,0.015241927475774427,0.015789626710087375,0.010922558943606034,0.013267469915806192,0.015608800271644156,0.01174707843844321,0.012122685971405879,0.015568873577442412,0.01412429854328832,0.01570497322001588,0.0136188364892772,0.013127438336775217,0.01699567050039714,0.01369707901350278,0.011116377876092137,0.013541156573471007,0.00902759304845115,0.008084436991262907,0.013692019108816518,0.005298767960285941,0.012269156671961873,0.012273108530579824
Toys ,0.01370136264177919,0.009665093483717236,0.007445946277998411,0.007811206403494839,0.0107762491771247,0.037149775013502785,0.023956459140587773,0.01819594865766481,0.017299279782366957,0.018263551694996032,0.016870695699761715,0.021788225636219218,0.03167953993328039,0.019118380922954727,0.015393873833200952,0.018583328935663224,0.01789775753455123,0.02166310555837967,0.022305555644162034,0.01586236736934074,0.024309080379666403,0.02235764386338364,0.022203327904686255,0.017185918961080224,0.01306461622398729,0.007656730772041301,0.004537334395552026,0.014980601140587768,0.01509268785067514,0.01297794987291501,0.009771937817315331,0.03774621638284352,0.018101253901509132,0.024403876881652103,0.039370141272438444,0.03874549871167594,0.04164077865925337,0.030104132724384426,0.016264881904686255,0.022772082287529787,0.020844261313741064,0.0204254115313741,0.023549253707704526,0.015244744228752978,0.009864646255758537,0.01440806266401906,0.010632114841938043,0.02091465384432089,0.021686921143764894
Fun  ,0.01696873870849881,0.012845808597299443,0.009848385667990468,0.00827705806036537,0.013779724833995232,0.023956459140587773,0.0435492328054011,0.02154280746624305,0.020917928764098495,0.021056923888800635,0.021489350495631457,0.026208705737887212,0.03950027026528992,0.02303669005401112,0.018292136524225577,0.021024709444003177,0.021115808756155673,0.025457443131056395,0.02704242141699762,0.019119478,0.02843608257505957,0.02737666066401906,0.026946834732327247,0.022371985343923744,0.013932856055599682,0.010133995709293088,0.003823763110405085,0.016245449725178714,0.01879382878157268,0.016133499308975372,0.01262941503415409,0.04541636051945989,0.02152251010166798,0.029471150791104045,0.045277546861000766,0.04620033118506751,0.0489352791008737,0.03553657107227958,0.020373416967434464,0.02722689887212073,0.026419834444797455,0.023862604830818108,0.029246470517871322,0.019232426319301034,0.01196181690548054,0.01873171131532963,0.01249831464177919,0.024835416592533757,0.027457305067513902
Books,0.012689675170770454,0.010915317807783957,0.00856191402700556,0.007453521493248611,0.011805440826052425,0.01819594865766481,0.02154280746624305,0.031101838284352652,0.016866904718030182,0.01620766379666402,0.017165554598888,0.01893061801429706,0.029126194884829225,0.018830558602065135,0.015106389483717234,0.017684801842732332,0.016794304241461475,0.020439059761715644,0.02162503072279587,0.013750407021445596,0.022514117490071487,0.02079489045274027,0.021480697887212075,0.015957223891977755,0.012595975949166007,0.009605880285941223,-0.0008698372041302638,0.013887444638602064,0.018169239745830023,0.01327285258141382,0.011951187069102465,0.03435367739475775,0.017279249404289116,0.022194852104845123,0.03388175656870531,0.03366979977760126,0.036924689308975384,0.027236061922160444,0.01653629661636219,0.023158373947577447,0.0205466165528197,0.017874345416997624,0.022764325496425736,0.013989521938046067,0.010015022144559174,0.015554070214455911,0.00947510792692613,0.01960313861795075,0.020645353772835582
Hshld,0.012519214517871328,0.010591638386020652,0.009124554100079427,0.007656262498808577,0.009674508976965847,0.017299279782366957,0.020917928764098495,0.016866904718030182,0.024761647687053218,0.01682871255917395,0.016021521269261315,0.018466946487688637,0.02774579479586974,0.019322024754567117,0.014444543342335187,0.018187332176330423,0.01689060813979349,0.021258796913423344,0.022678871571088166,0.015489743013502782,0.02278074733439238,0.020827793099285143,0.02194155257823669,0.016728274436854648,0.013324886749801427,0.009132454984908658,0.0017476190087370935,0.0163311165274027,0.015185720740270055,0.013326377227958697,0.011565914230341541,0.032190304065131056,0.017386571347100872,0.021878152789515482,0.03338172982208101,0.03274188557108816,0.03643175535822082,0.02655867998411438,0.017032404586179516,0.022742092899126286,0.020847907706115963,0.01809910202859412,0.022833804538522642,0.014982858833995234,0.010005598465448769,0.015569114521048456,0.009200432897537728,0.019045917545671167,0.019735877299444003
Clths,0.011702281836378075,0.010547061820492453,0.007945222023828432,0.007996702322478157,0.010533264279586974,0.018263551694996032,0.021056923888800635,0.01620766379666402,0.01682871255917395,0.025605928997617152,0.015151651717235896,0.017424270970611597,0.026877959517077044,0.018578227787132646,0.014345952559173945,0.01841294735504368,0.016898911447180302,0.020986188098490868,0.02196440882605242,0.014435858853057981,0.021494454087370926,0.02034917719459889,0.02160982759650516,0.017660009137410646,0.012051474814932482,0.007360558366957906,0.001924676162033358,0.01635494325019857,0.016831109140587774,0.012297676092136618,0.01044733771564734,0.03119564456870532,0.016373937906274824,0.0211790656457506,0.0317688623542494,0.03136393415091342,0.034009745817315334,0.02473551024622716,0.016148248590945193,0.021873765146942014,0.021090024787926927,0.017747180632247814,0.023834531704527397,0.014744166583002385,0.009342845585385225,0.01470688791739476,0.00964076148689436,0.01821297077045274,0.020263394312946784
Hlth ,0.014132846733915808,0.010747968139793488,0.008644026189038916,0.00840571997299444,0.011940177857029388,0.016870695699761715,0.021489350495631457,0.017165554598888,0.016021521269261315,0.015151651717235896,0.032287099442414605,0.021004097019857032,0.03292668763145354,0.018053966168387607,0.014774651745830026,0.016747537005559966,0.015574339545671166,0.01991785063860206,0.02137957616203336,0.014650381965051626,0.021801831401111988,0.020615591955520256,0.01993053122795869,0.017476872848292295,0.01200270616203336,0.008119017939634633,0.005176719723590151,0.01396533860841938,0.017782096943606034,0.01489057281175536,0.011353320393963466,0.03320848074503574,0.01696748832883241,0.022994565148530578,0.033403111648927716,0.033864211003971405,0.036026211275615554,0.02739499416997617,0.015669113212073076,0.02008406643367752,0.01912752568864178,0.018821949558379666,0.02186204034471802,0.014308063599682286,0.009914253111993645,0.016403925990468624,0.009483179744241461,0.01878144780778395,0.01937400136616362
MedEq,0.016963441293089753,0.01105104149960286,0.007555223663224782,0.008849411275615567,0.011733242424146148,0.021788225636219218,0.026208705737887212,0.01893061801429706,0.018466946487688637,0.017424270970611597,0.021004097019857032,0.033046814938840346,0.04318881033200953,0.019212169972994443,0.016764337988880062,0.01755484646544877,0.017696902754567118,0.023023928962668787,0.024702878481334397,0.018310388343129466,0.02628972756473392,0.026603350843526608,0.02225140617633042,0.017550729321683875,0.012571356590945194,0.01029250512787927,0.0067306140365369325,0.01646943381096108,0.019198369842732325,0.0164827235107228,0.0100977808228753,0.041439264644956314,0.019604977947577443,0.028284500184273233,0.045027196184273234,0.04516341210802223,0.0475741130548054,0.035470664876886424,0.01670674125814138,0.02291674538522637,0.021033767729944405,0.022661333601270844,0.024287915618745035,0.015759971081810962,0.009932231809372518,0.015129800486100083,0.011423593699761715,0.02189229281969817,0.02461028784749802
Drugs,0.023590222309769662,0.01710806942652899,0.011849680057188243,0.01273592881334392,0.01812179475138999,0.03167953993328039,0.03950027026528992,0.029126194884829225,0.02774579479586974,0.026877959517077044,0.03292668763145354,0.04318881033200953,0.08333416048292296,0.030079122395552018,0.024552943231135823,0.025999086386020654,0.026403932142970616,0.03499473107545671,0.03623745824305004,0.026186811806195396,0.04079820046386021,0.042390038913423356,0.03215710736775219,0.026512567606036534,0.019932810586179506,0.011951433690230343,0.004424603774424147,0.023355059355043683,0.027549816165210482,0.024889488165210485,0.01711259680381255,0.06614048674185863,0.028390611863383635,0.044141829604447964,0.0716919248101668,0.07195871874821286,0.0773011532772041,0.05738750252581415,0.024897657938046065,0.03519194141382049,0.03243368981096108,0.034121928692613185,0.03635287426846704,0.02291665422716442,0.015210075431294674,0.024183757356632245,0.017800386980142968,0.033855458014297055,0.03769024772041303
Chems,0.012675664818109613,0.012225400775218427,0.009790121146942016,0.008925083099285146,0.01645016949483717,0.019118380922954727,0.02303669005401112,0.018830558602065135,0.019322024754567117,0.018578227787132646,0.018053966168387607,0.019212169972994443,0.030079122395552018,0.030514944195393166,0.0163998967720413,0.020363897037331213,0.018889347050039713,0.023081688147736295,0.02664970649404289,0.016031582111199368,0.025318889180301823,0.022852315253375697,0.02527582433042097,0.01936996375853852,0.015741216986497216,0.00913469054964257,0.0012138889944400316,0.0196859048101668,0.019727868057188246,0.01667509046068308,0.014865658007942813,0.03361927916282763,0.018502485831612393,0.023095807429706114,0.0341403629404289,0.03316693121366164,0.03795048096266878,0.028233641985702933,0.02151659806036537,0.02848014567116759,0.023787213593328038,0.01952995850516283,0.02460851229388403,0.015601059717235898,0.01145964784432089,0.01811397669102462,0.009671796462271643,0.020922272239872915,0.022400652390786337
Rubbr,0.012226960625893568,0.008970410808578235,0.006572344425734711,0.007430878789515488,0.010954702948371725,0.015393873833200952,0.018292136524225577,0.015106389483717234,0.014444543342335187,0.014345952559173945,0.014774651745830026,0.016764337988880062,0.024552943231135823,0.0163998967720413,0.05126577309610802,0.014025169038919778,0.0144718202446386,0.017314927469420177,0.02048261528832407,0.013431707262907069,0.01977526608737093,0.01886614579189833,0.017975356359015086,0.013236181934868942,0.011634510014297062,0.008631708622716444,0.00024785749960285944,0.012774115621922159,0.014448439040508338,0.012004740254169978,0.009586792387609214,0.0296738412613185,0.014599598408260523,0.019314388444797465,0.029635817375694998,0.029100603720413027,0.03249720948054011,0.023718461286735503,0.015062746754567117,0.019753887529785543,0.018247881915806192,0.01646229503097697,0.019108278605242255,0.012161646665607621,0.008528164899126289,0.012497326872120728,0.00868410705957109,0.016294973200953133,0.017699150405083394
Txtls,0.01322823276409849,0.01058687647339158,0.010721649769658458,0.007763673145353456,0.008729453399523432,0.018583328935663224,0.021024709444003177,0.017684801842732332,0.018187332176330423,0.01841294735504368,0.016747537005559966,0.01755484646544877,0.025999086386020654,0.020363897037331213,0.014025169038919778,0.05840285826052422,0.017861648673550435,0.022769437100873705,0.02442155451945989,0.01631010936457506,0.022937525694996023,0.020598789483717232,0.022801194567116757,0.018966491199364572,0.01232998334392375,0.00852159090548054,0.006003492152501983,0.017678115440826054,0.02035736068308181,0.016658051080222395,0.013024939920571882,0.03079742814138206,0.018736078451151706,0.02128497114376489,0.029867560198570297,0.029757120643367753,0.03306277863383638,0.025931747084988088,0.01811181519459889,0.02529955996822875,0.021214737974583002,0.018137426378077838,0.02251420348689435,0.015580647402700558,0.01020987779189833,0.015153230921366162,0.010301235416997616,0.01933466637807784,0.020080075806195394
BldMt,0.01255258761556791,0.010463574398729148,0.008101470335186656,0.008196107780778394,0.011090892193804604,0.01789775753455123,0.021115808756155673,0.016794304241461475,0.01689060813979349,0.016898911447180302,0.015574339545671166,0.017696902754567118,0.026403932142970616,0.018889347050039713,0.0144718202446386,0.017861648673550435,0.022268797814138205,0.021640507723590153,0.023013321563145346,0.01553009075774424,0.022834821432883238,0.020755232908657658,0.022385506891183474,0.01854153024305004,0.012933039498014299,0.01109749243526608,0.0008404221382049232,0.016213221610802225,0.017000509795075454,0.01396650694201747,0.011789607542494043,0.03151919800476569,0.016047135548848294,0.020971151796664016,0.03215328951231136,0.03126219668308181,0.03490019839237489,0.025508404320889595,0.01738148119459889,0.02310145769658459,0.020562531018268472,0.018162502671961872,0.02218919439555202,0.014460966983320094,0.00988673398570294,0.015352996911834789,0.009597127123113584,0.01866195548848292,0.020489881111993645
Cnstr,0.015116110590945194,0.013225713410643368,0.010019271704527403,0.009551630292295473,0.013223378495631452,0.02166310555837967,0.025457443131056395,0.020439059761715644,0.021258796913423344,0.020986188098490868,0.01991785063860206,0.023023928962668787,0.03499473107545671,0.023081688147736295,0.017314927469420177,0.022769437100873705,0.021640507723590153,0.043813878460683076,0.028365236381254967,0.0185230550929309,0.02786777890548054,0.025948730179507544,0.027154117178713258,0.021046386710087368,0.014740329383637809,0.012244983890389194,0.004937291116759332,0.021531450265289912,0.022542991799841147,0.01936386544082605,0.015360091793486895,0.03942097440349484,0.02147573046703733,0.0261393652152502,0.04060780099920572,0.039314876474980144,0.04418296453375694,0.032294786004765694,0.021509562797458307,0.02781463650516283,0.025237270505162824,0.022367041526608424,0.028272629532962668,0.017534711625099286,0.012155678478157269,0.018878644754567117,0.011511515245432884,0.024326118737092926,0.02652424733915806
Steel,0.016105732571882442,0.013758569188244637,0.010861790779984113,0.010216774484511517,0.016644839945988883,0.022305555644162034,0.02704242141699762,0.02162503072279587,0.022678871571088166,0.02196440882605242,0.02137957616203336,0.024702878481334397,0.03623745824305004,0.02664970649404289,0.02048261528832407,0.02442155451945989,0.023013321563145346,0.028365236381254967,0.04379807339793487,0.019482604673550435,0.031126493410643365,0.028256091113582207,0.030004531164416207,0.02325036226846704,0.018255683104050832,0.012899837010325654,0.007164509540905479,0.025310203151707705,0.027342913480540108,0.02073276312946783,0.015510170370135025,0.044231363167593324,0.022356207177124707,0.02902816553772835,0.0450271144050834,0.043213442227164424,0.049845125445591734,0.03531250535345513,0.023421148724384434,0.032422543955520244,0.02798184579189833,0.024797912727561554,0.028690872600476567,0.01895552037490071,0.01296473026846704,0.019874924171564737,0.01226121647974583,0.025633068260524226,0.026403083272438444
FabPr,0.012711319026211278,0.008929492854646545,0.005569725461477364,0.006657672500397141,0.007040358908657665,0.01586236736934074,0.019119478,0.013750407021445596,0.015489743013502782,0.014435858853057981,0.014650381965051626,0.018310388343129466,0.026186811806195396,0.016031582111199368,0.013431707262907069,0.01631010936457506,0.01553009075774424,0.0185230550929309,0.019482604673550435,0.05805682009690231,0.02133742794440032,0.019882397057982525,0.0172350672025417,0.01574702944241461,0.01204360698490866,0.013556224986497218,0.017700645620333605,0.01641081741382049,0.01779750382525814,0.01370172010325655,0.008938763501191419,0.03015234077362987,0.01565453775853852,0.02014587033042096,0.032217931086576654,0.03092321771405877,0.03467291487529786,0.02504967791898332,0.01484850267037331,0.019531274122319302,0.01765515824146148,0.017434758587768072,0.019747087658459093,0.013047623301032565,0.008488834570293886,0.012968279274027002,0.007864613879269261,0.01683990772835583,0.01850658154090548
Mach ,0.01645718905003971,0.013342506897537727,0.009713641490071487,0.009995230689436058,0.013582239480540109,0.024309080379666403,0.02843608257505957,0.022514117490071487,0.02278074733439238,0.021494454087370926,0.021801831401111988,0.02628972756473392,0.04079820046386021,0.025318889180301823,0.01977526608737093,0.022937525694996023,0.022834821432883238,0.02786777890548054,0.031126493410643365,0.02133742794440032,0.03819828926290706,0.030929227780778397,0.028211116320889594,0.0233807997045274,0.018474838374900715,0.012802838457505957,0.0047555898935663235,0.020960640034948366,0.024759863253375692,0.020893078705321685,0.014717147297855438,0.04819892552343128,0.02285282843367752,0.03137605352343129,0.05259767262748211,0.04979655852422556,0.05970590988721207,0.041721422351072276,0.02211165914376489,0.03131029213661636,0.027599718050833996,0.025695021177124695,0.029495109135822078,0.018547066287529782,0.01272774564257347,0.01958292540587768,0.013113096230341539,0.027043985377283565,0.02736859027799841
ElcEq,0.015566272273232727,0.012207747380460683,0.008709961404289117,0.009671306706910245,0.011767760260524226,0.02235764386338364,0.02737666066401906,0.02079489045274027,0.020827793099285143,0.02034917719459889,0.020615591955520256,0.026603350843526608,0.042390038913423356,0.022852315253375697,0.01886614579189833,0.020598789483717232,0.020755232908657658,0.025948730179507544,0.028256091113582207,0.019882397057982525,0.030929227780778397,0.04118477315965051,0.02485374591262907,0.020442983847498014,0.016086896196981736,0.012731754999205721,0.004927115939634631,0.01869713568864178,0.02183113964098491,0.01805605045274027,0.01278911071008737,0.04610656107386816,0.02142329155202542,0.030114297544082597,0.05058617072597298,0.04861439477045274,0.05597460113105638,0.03971031923749008,0.019260709242255755,0.02614451774424146,0.025221851126290707,0.024386265525019858,0.027234304603653694,0.017264183040508335,0.011479629445591739,0.017614774652899127,0.01255148780937252,0.024894341667990465,0.025641332295472597
Autos,0.015758867526608412,0.013514608400317712,0.011296829502779984,0.009758588778395551,0.01572495220333598,0.022203327904686255,0.026946834732327247,0.021480697887212075,0.02194155257823669,0.02160982759650516,0.01993053122795869,0.02225140617633042,0.03215710736775219,0.02527582433042097,0.017975356359015086,0.022801194567116757,0.022385506891183474,0.027154117178713258,0.030004531164416207,0.0172350672025417,0.028211116320889594,0.02485374591262907,0.0403375883335981,0.02462777962827641,0.017512014214455914,0.011673816451151706,0.0005706325845909448,0.021649786891183482,0.021159711218427316,0.016257098999205716,0.01568487973947577,0.03920405157744242,0.02130376434630659,0.026354661877680697,0.038697453178713266,0.03768422408895948,0.04271788472756157,0.03146622630659254,0.023176036130262114,0.030114581731532964,0.02834220605559968,0.022245427361397938,0.029304735288324057,0.018946902703733115,0.012686432482922953,0.020040356174741862,0.01160767315011914,0.02364848517871326,0.025403081493248606
Aero ,0.014282187669579031,0.01149005898014297,0.007681929455123113,0.008698075434471805,0.011655939288324068,0.017185918961080224,0.022371985343923744,0.015957223891977755,0.016728274436854648,0.017660009137410646,0.017476872848292295,0.017550729321683875,0.026512567606036534,0.01936996375853852,0.013236181934868942,0.018966491199364572,0.01854153024305004,0.021046386710087368,0.02325036226846704,0.01574702944241461,0.0233807997045274,0.020442983847498014,0.02462777962827641,0.05310870811119938,0.015018653880857819,0.010258770938840344,0.0025173299952343116,0.017269553880857817,0.017995861401111993,0.014228546354249406,0.011617029064336775,0.030654030052422555,0.017703266983320094,0.021187314443208895,0.02927311626052423,0.029085450061953937,0.032734695116759326,0.02435851815726767,0.01889261879904686,0.023662605274027002,0.023144010233518666,0.01788533965687053,0.022879613080222398,0.015863508200158853,0.010277949274027006,0.016383156476568708,0.009557694071485302,0.019046850405083398,0.020218030913423345
Ships,0.010069455264495632,0.00865521811596505,0.006956762201747421,0.0054243961763304205,0.00749529672915012,0.01306461622398729,0.013932856055599682,0.012595975949166007,0.013324886749801427,0.012051474814932482,0.01200270616203336,0.012571356590945194,0.019932810586179506,0.015741216986497216,0.011634510014297062,0.01232998334392375,0.012933039498014299,0.014740329383637809,0.018255683104050832,0.01204360698490866,0.018474838374900715,0.016086896196981736,0.017512014214455914,0.015018653880857819,0.04345108285782367,0.010796334238284352,0.0012887462525814134,0.012000129807783954,0.013121011224781572,0.011815230619539317,0.010035241410643367,0.02402439389833201,0.013128510076250993,0.016385590041302616,0.025881625215250198,0.024278778962668782,0.02959024759015092,0.020890671564733915,0.013201066555996822,0.018826237934868942,0.015444007038919778,0.013707335785544079,0.015988746667196185,0.009572160057188245,0.007797931491660047,0.012556835966640185,0.006802772992851468,0.014905688363780778,0.01532507637807784
Guns ,0.009732414127084988,0.0064483268117553625,0.001818238382843529,0.0026057093899920555,0.007215845729944398,0.007656730772041301,0.010133995709293088,0.009605880285941223,0.009132454984908658,0.007360558366957906,0.008119017939634633,0.01029250512787927,0.011951433690230343,0.00913469054964257,0.008631708622716444,0.00852159090548054,0.01109749243526608,0.012244983890389194,0.012899837010325654,0.013556224986497218,0.012802838457505957,0.012731754999205721,0.011673816451151706,0.010258770938840344,0.010796334238284352,0.10976506085941223,0.014061946405083398,0.015168802824463862,0.018355473776012706,0.012501802819698173,0.008726172956314532,0.0162785609579031,0.009433742336775219,0.011361576532168386,0.01649264066878475,0.015032154899126291,0.019406600708498804,0.015254913185067512,0.009435822413026209,0.013830566767275617,0.007484628065131055,0.010648142953137409,0.01068071653534551,0.005038275539316919,0.006360247844320889,0.00842403151231136,0.004152074508339951,0.009658066886417791,0.011736482700556
Gold ,0.011096247189833201,0.0011615734011119943,-0.0037737537029388386,-5.461661318506923e-05,-0.0013749421540905514,0.004537334395552026,0.003823763110405085,-0.0008698372041302638,0.0017476190087370935,0.001924676162033358,0.005176719723590151,0.0067306140365369325,0.004424603774424147,0.0012138889944400316,0.00024785749960285944,0.006003492152501983,0.0008404221382049232,0.004937291116759332,0.007164509540905479,0.017700645620333605,0.0047555898935663235,0.004927115939634631,0.0005706325845909448,0.0025173299952343116,0.0012887462525814134,0.014061946405083398,0.29627425589197787,0.035569263091342326,0.015051682992851468,0.014346014567116762,0.0026034977791898326,0.008183106125496423,0.006301458970611597,0.006156539625099282,0.009106507930103256,0.008159405620333597,0.008241815745830026,0.007203250420969025,3.556622398729058e-05,0.003541709801429706,0.00010022798093725134,0.006116120822875299,0.002513672530579822,0.0020698272025416998,0.0022883842351072276,-2.1123885623512e-05,0.007565444076250989,0.0028621543923748973,0.0005708317712470235
Mines,0.015928705407466243,0.009750991809372517,0.009040977594916599,0.008647645143764893,0.015241927475774427,0.014980601140587768,0.016245449725178714,0.013887444638602064,0.0163311165274027,0.01635494325019857,0.01396533860841938,0.01646943381096108,0.023355059355043683,0.0196859048101668,0.012774115621922159,0.017678115440826054,0.016213221610802225,0.021531450265289912,0.025310203151707705,0.01641081741382049,0.020960640034948366,0.01869713568864178,0.021649786891183482,0.017269553880857817,0.012000129807783954,0.015168802824463862,0.035569263091342326,0.0724607354471803,0.021086571939634625,0.015254357569499605,0.012826900123907865,0.02622215319142176,0.016274538265289913,0.018836015291501192,0.0270225639364575,0.02652493585702939,0.030455289353455133,0.023406414741858613,0.016748121718824463,0.02516239812549642,0.01984497643526608,0.01721432162351072,0.020059912346306594,0.01282976342494043,0.01005700169023034,0.015380725156473396,0.008373125359809374,0.018500323733121517,0.01917091050039714
Coal ,0.010701292400317709,0.010347604949960284,0.006818525248610005,0.007699443402700557,0.015789626710087375,0.01509268785067514,0.01879382878157268,0.018169239745830023,0.015185720740270055,0.016831109140587774,0.017782096943606034,0.019198369842732325,0.027549816165210482,0.019727868057188246,0.014448439040508338,0.02035736068308181,0.017000509795075454,0.022542991799841147,0.027342913480540108,0.01779750382525814,0.024759863253375692,0.02183113964098491,0.021159711218427316,0.017995861401111993,0.013121011224781572,0.018355473776012706,0.015051682992851468,0.021086571939634625,0.11930028073709295,0.030538440174741853,0.01907836173471009,0.0316073165782367,0.016772602163621923,0.02130063169817315,0.03076375679428118,0.02926969791580619,0.03633399646068307,0.02642094189038919,0.018494025604447968,0.027432910309769656,0.019671983215250204,0.018430633769658457,0.021861068749801434,0.01452868013343924,0.010015208063542494,0.016332922277998416,0.010114362360603651,0.018492125607625094,0.021486024940428908
Oil  ,0.010566806965845912,0.008633774138204925,0.007264307815726768,0.007025326489277206,0.010922558943606034,0.01297794987291501,0.016133499308975372,0.01327285258141382,0.013326377227958697,0.012297676092136618,0.01489057281175536,0.0164827235107228,0.024889488165210485,0.01667509046068308,0.012004740254169978,0.016658051080222395,0.01396650694201747,0.01936386544082605,0.02073276312946783,0.01370172010325655,0.020893078705321685,0.01805605045274027,0.016257098999205716,0.014228546354249406,0.011815230619539317,0.012501802819698173,0.014346014567116762,0.015254357569499605,0.030538440174741853,0.042917716211278795,0.01567053070691025,0.023251999388403496,0.014356365758538521,0.017970296703733124,0.023176636227164413,0.02285776111993646,0.026345399602859414,0.021180860095313742,0.013625416243050038,0.020245877172359015,0.015947124821286726,0.015183575925337572,0.015631222041302618,0.010802385385226368,0.007609063367752184,0.012629087569499603,0.007921276115965051,0.01482757945194599,0.016132641938046068
Util ,0.008256614691024624,0.008704668511517077,0.007835138319301032,0.007451183504368545,0.013267469915806192,0.009771937817315331,0.01262941503415409,0.011951187069102465,0.011565914230341541,0.01044733771564734,0.011353320393963466,0.0100977808228753,0.01711259680381255,0.014865658007942813,0.009586792387609214,0.013024939920571882,0.011789607542494043,0.015360091793486895,0.015510170370135025,0.008938763501191419,0.014717147297855438,0.01278911071008737,0.01568487973947577,0.011617029064336775,0.010035241410643367,0.008726172956314532,0.0026034977791898326,0.012826900123907865,0.01907836173471009,0.01567053070691025,0.023176208571882448,0.017305879980937248,0.010722590970611597,0.012421526309769655,0.015264978262112787,0.01474335209531374,0.018570362694201745,0.014211442700556,0.012333314700555995,0.017245641906274825,0.014809805102462274,0.010857976463860206,0.013500452778395552,0.009446222957903098,0.007906132308181095,0.01350373876409849,0.005958486335186657,0.012416616235107229,0.013136718189038919
Telcm,0.024187230737092922,0.017772628219221605,0.012697388762509925,0.013363882022239872,0.015608800271644156,0.03774621638284352,0.04541636051945989,0.03435367739475775,0.032190304065131056,0.03119564456870532,0.03320848074503574,0.041439264644956314,0.06614048674185863,0.03361927916282763,0.0296738412613185,0.03079742814138206,0.03151919800476569,0.03942097440349484,0.044231363167593324,0.03015234077362987,0.04819892552343128,0.04610656107386816,0.03920405157744242,0.030654030052422555,0.02402439389833201,0.0162785609579031,0.008183106125496423,0.02622215319142176,0.0316073165782367,0.023251999388403496,0.017305879980937248,0.09550963129308976,0.03381048802700555,0.04957591150277998,0.08515096380142971,0.08433846083717234,0.09266415068784752,0.06300918806989673,0.02903708390309769,0.041945681683876086,0.03926525892136616,0.0384910214090548,0.044103518168387604,0.026811219787132638,0.01823983728991263,0.026550569119936453,0.019248523683876084,0.041497380849880854,0.04062667475774423
PerSv,0.013638233205718824,0.00994815232406672,0.007777466913423351,0.008520735521842734,0.01174707843844321,0.018101253901509132,0.02152251010166798,0.017279249404289116,0.017386571347100872,0.016373937906274824,0.01696748832883241,0.019604977947577443,0.028390611863383635,0.018502485831612393,0.014599598408260523,0.018736078451151706,0.016047135548848294,0.02147573046703733,0.022356207177124707,0.01565453775853852,0.02285282843367752,0.02142329155202542,0.02130376434630659,0.017703266983320094,0.013128510076250993,0.009433742336775219,0.006301458970611597,0.016274538265289913,0.016772602163621923,0.014356365758538521,0.010722590970611597,0.03381048802700555,0.032121199890389196,0.02290186061477363,0.03373290956473392,0.03430478471644161,0.03730552931850674,0.02707789828435266,0.01635317721842732,0.021635615281969816,0.020623372386020647,0.01888394624146148,0.022808762587768063,0.015001767199364576,0.010194932101667989,0.015253702854646538,0.01038854486576648,0.01930931967434471,0.019701894964257345
BusSv,0.017782972392374898,0.012582178929308975,0.009178251110405088,0.009549239328038122,0.012122685971405879,0.024403876881652103,0.029471150791104045,0.022194852104845123,0.021878152789515482,0.0211790656457506,0.022994565148530578,0.028284500184273233,0.044141829604447964,0.023095807429706114,0.019314388444797465,0.02128497114376489,0.020971151796664016,0.0261393652152502,0.02902816553772835,0.02014587033042096,0.03137605352343129,0.030114297544082597,0.026354661877680697,0.021187314443208895,0.016385590041302616,0.011361576532168386,0.006156539625099282,0.018836015291501192,0.02130063169817315,0.017970296703733124,0.012421526309769655,0.04957591150277998,0.02290186061477363,0.03505918617791898,0.052551238374900715,0.052445351474185865,0.056841624911834795,0.04018220541699762,0.019980854762509926,0.027957140238284356,0.02598493000635425,0.025696597161239076,0.02900717728832406,0.018300787361397935,0.012039940565528196,0.018578597186656078,0.01338692402065131,0.0263154848689436,0.027626906624305
Hardw,0.0251584911564734,0.0174677077172359,0.011619922417791898,0.013714007833200956,0.015568873577442412,0.039370141272438444,0.045277546861000766,0.03388175656870531,0.03338172982208101,0.0317688623542494,0.033403111648927716,0.045027196184273234,0.0716919248101668,0.0341403629404289,0.029635817375694998,0.029867560198570297,0.03215328951231136,0.04060780099920572,0.0450271144050834,0.032217931086576654,0.05259767262748211,0.05058617072597298,0.038697453178713266,0.02927311626052423,0.025881625215250198,0.01649264066878475,0.009106507930103256,0.0270225639364575,0.03076375679428118,0.023176636227164413,0.015264978262112787,0.08515096380142971,0.03373290956473392,0.052551238374900715,0.10605568516441617,0.09424664593963462,0.10720856035901509,0.07081522555996823,0.029394102524225568,0.04206567774424146,0.03897986201270849,0.041403916980142966,0.04466721904527402,0.026557130630659256,0.017361343158061954,0.025633648779984104,0.019999499718824462,0.04268557851469419,0.04207266557585384
Softw,0.025428078803812548,0.017383924085782366,0.011601873801429703,0.013318107893566323,0.01412429854328832,0.03874549871167594,0.04620033118506751,0.03366979977760126,0.03274188557108816,0.03136393415091342,0.033864211003971405,0.04516341210802223,0.07195871874821286,0.03316693121366164,0.029100603720413027,0.029757120643367753,0.03126219668308181,0.039314876474980144,0.043213442227164424,0.03092321771405877,0.04979655852422556,0.04861439477045274,0.03768422408895948,0.029085450061953937,0.024278778962668782,0.015032154899126291,0.008159405620333597,0.02652493585702939,0.02926969791580619,0.02285776111993646,0.01474335209531374,0.08433846083717234,0.03430478471644161,0.052445351474185865,0.09424664593963462,0.09654950546624305,0.10044485438284356,0.0676789635742653,0.02797109463224781,0.040745170706910236,0.03829227763780779,0.04097748697537728,0.04448879603018269,0.026726616279586973,0.017276571250198568,0.025384136970611593,0.020466250066719614,0.04141934353455122,0.04183796705321683
Chips,0.027005443936457492,0.019047053197776016,0.013031708136616364,0.015006049096108025,0.01570497322001588,0.04164077865925337,0.0489352791008737,0.036924689308975384,0.03643175535822082,0.034009745817315334,0.036026211275615554,0.0475741130548054,0.0773011532772041,0.03795048096266878,0.03249720948054011,0.03306277863383638,0.03490019839237489,0.04418296453375694,0.049845125445591734,0.03467291487529786,0.05970590988721207,0.05597460113105638,0.04271788472756157,0.032734695116759326,0.02959024759015092,0.019406600708498804,0.008241815745830026,0.030455289353455133,0.03633399646068307,0.026345399602859414,0.018570362694201745,0.09266415068784752,0.03730552931850674,0.056841624911834795,0.10720856035901509,0.10044485438284356,0.12468871071644162,0.07982263285146943,0.03198037816362193,0.0461701987926926,0.043288599208895946,0.0448711782907069,0.048384338735504365,0.028274275412231924,0.019243690370135028,0.028426412266878472,0.02133287100555997,0.04727120538522636,0.04532999663224781
LabEq,0.02082602670373312,0.014617239205718826,0.010532560953137409,0.011131622954725973,0.0136188364892772,0.030104132724384426,0.03553657107227958,0.027236061922160444,0.02655867998411438,0.02473551024622716,0.02739499416997617,0.035470664876886424,0.05738750252581415,0.028233641985702933,0.023718461286735503,0.025931747084988088,0.025508404320889595,0.032294786004765694,0.03531250535345513,0.02504967791898332,0.041721422351072276,0.03971031923749008,0.03146622630659254,0.02435851815726767,0.020890671564733915,0.015254913185067512,0.007203250420969025,0.023406414741858613,0.02642094189038919,0.021180860095313742,0.014211442700556,0.06300918806989673,0.02707789828435266,0.04018220541699762,0.07081522555996823,0.0676789635742653,0.07982263285146943,0.06160928714853057,0.023817681699761714,0.03411327046862588,0.03128443035742653,0.03187556417791897,0.034632573836378085,0.021122039301032566,0.014181987545671166,0.021375569293089754,0.015466618983320093,0.032994149722001584,0.03333069404289118
Paper,0.011335263362986495,0.010600475634630659,0.00888086617633042,0.0084359811898332,0.013127438336775217,0.016264881904686255,0.020373416967434464,0.01653629661636219,0.017032404586179516,0.016148248590945193,0.015669113212073076,0.01670674125814138,0.024897657938046065,0.02151659806036537,0.015062746754567117,0.01811181519459889,0.01738148119459889,0.021509562797458307,0.023421148724384434,0.01484850267037331,0.02211165914376489,0.019260709242255755,0.023176036130262114,0.01889261879904686,0.013201066555996822,0.009435822413026209,3.556622398729058e-05,0.016748121718824463,0.018494025604447968,0.013625416243050038,0.012333314700555995,0.02903708390309769,0.01635317721842732,0.019980854762509926,0.029394102524225568,0.02797109463224781,0.03198037816362193,0.023817681699761714,0.0260622367132645,0.02553797769658459,0.021869914492454328,0.016944358683081813,0.022377827356632244,0.014134096978554408,0.010157039971405876,0.016164573666401904,0.008088330988085781,0.018433092859412234,0.019291654201747412
