,Agric,Food ,Soda ,Beer ,Smoke,Toys ,Fun  ,Books,Hshld,Clths,Hlth ,MedEq,Drugs,Chems,Rubbr,Txtls,BldMt,Cnstr,Steel,FabPr,Mach ,ElcEq,Autos,Aero ,Ships,Guns ,Gold ,Mines,Coal ,Oil  ,Util ,Telcm,PerSv,BusSv,Hardw,Softw,Chips,LabEq,Paper,Boxes,Trans,Whlsl,Rtail,Meals,Banks,Insur,RlEst,Fin  ,Other
Agric,0.055638801944400296,0.007814714147736298,0.007897400698967433,0.006290017525019858,0.007632667475774422,0.013656799389992057,0.016976086595710878,0.012483274509928513,0.012548548047656873,0.011526668136616361,0.014311219304209685,0.017058947672756154,0.02388819954249405,0.012511510621127878,0.012588712876886416,0.013280326538522636,0.012688628638602064,0.014843944724384439,0.016313283679110405,0.013248036759332804,0.016609580740270056,0.015741452409849078,0.015558407688641782,0.014417031256552823,0.009964120915011915,0.010141404784749798,0.01141370591262907,0.01583084200158856,0.010097167961874503,0.010289689023034152,0.008235080190627481,0.024529506783161237,0.013426081448768864,0.017979937378872116,0.025524839752184274,0.026005078843526604,0.027479079193010323,0.02108034483876092,0.011263029077045274,0.014327700994440033,0.014531899266084192,0.014860752057188245,0.01642399294678316,0.012211030621127878,0.007348258528991262,0.010753802370135028,0.008365721023034154,0.01377196647498014,0.01555179412867355
Food ,0.007814714147736298,0.0136633417299444,0.006648632041302619,0.005661405469420176,0.009873917988880062,0.009701166813343922,0.013054930767275616,0.010968206689436058,0.010782127440826052,0.010589266795869735,0.010890346239872915,0.01132899023034154,0.017381725302621127,0.012600410562351073,0.009147290760921366,0.010659271793486889,0.010704448120730738,0.013299789318506748,0.014259277401111993,0.009237008903891977,0.013552801825258143,0.012289633285146942,0.013686858903891983,0.011744929712470214,0.008610202691024626,0.006804209702938838,0.0008456970182684674,0.010333499888800635,0.010650065111993645,0.008823565575853853,0.008803151612390786,0.01795942285941224,0.010028985326449563,0.012761103375694999,0.017701299922160442,0.017647171926926136,0.019316286486100082,0.014721424962668784,0.01077940257505957,0.013889920292295473,0.012919134165210485,0.010739588721207304,0.01351275887212073,0.009156772420969022,0.006711363456711674,0.011042049623510722,0.006631559389992055,0.011486485629864974,0.012041125855440827
Soda ,0.007897400698967433,0.006648632041302619,0.030720002319301033,0.00667268316123908,0.008961817378872118,0.007778369992057189,0.009837384336775218,0.008964262287529784,0.009053366671961872,0.007973715043685464,0.00863123453534551,0.007603002732327243,0.011986657251787132,0.009793927164416202,0.006791319015091343,0.010730419380460682,0.008327548752978552,0.00990029950754567,0.01116642366957903,0.005786585083399522,0.010143534090548054,0.008906784225575852,0.011589313836378077,0.007779349833200951,0.007060659158061952,0.0019818741223193016,-0.004474932406671963,0.00916758058776807,0.006507013788721206,0.007172229070691026,0.007944926799046863,0.012681868339952341,0.007932017680698967,0.009138946830818109,0.011832034646544875,0.0118707631771247,0.01332902158856235,0.010876067450357426,0.009016960238284348,0.011268634185861793,0.009779625909451944,0.008195819094519458,0.010367386338363779,0.007018752454328831,0.005383006449563146,0.00926304927720413,0.0054332542017474185,0.009129881080222398,0.008887554694201749
Beer ,0.006290017525019858,0.005661405469420176,0.00667268316123908,0.026187319858617955,0.007968188463860207,0.007389810219221603,0.008202500787926925,0.007286551401111993,0.00747895680381255,0.007881098420969023,0.007889173639396346,0.00858389285146942,0.012485181455123114,0.008684772252581413,0.007258330131850677,0.007570807272438442,0.008094215828435265,0.009626231790309771,0.010044884873709291,0.006366420881652105,0.009876643706115963,0.009578436824463857,0.009779012740270055,0.008771767272438447,0.005322112022239872,0.0023229152597299438,0.0005254892787926937,0.008459232438443208,0.00731319722954726,0.00683119248610008,0.0074370700555996825,0.013064748228752976,0.008424040589356632,0.00925458579030977,0.013559258930897536,0.01316165419539317,0.014834975490071484,0.011017790687847499,0.008175431385226369,0.008461358868943605,0.00909147137251787,0.008216903065925334,0.010346855837966643,0.006606213316918187,0.0044946342366957905,0.007601182694201747,0.004482905404289118,0.008603579552025417,0.009315465579030974
Smoke,0.007632667475774422,0.009873917988880062,0.008961817378872118,0.007968188463860207,0.08021789192057188,0.010535801960285937,0.01414342698649722,0.011491310255758537,0.009491623135822082,0.010630049639396347,0.011475106573471009,0.011540730325655283,0.017898945270849877,0.01619758906115965,0.011185461547259726,0.008490383072279586,0.011106396937251784,0.012994462900714853,0.016840199180301833,0.0072955308816521035,0.013375494605242256,0.011683110656076252,0.015779875552025417,0.011570880768864178,0.007456143675933281,0.007010837788721204,-0.0020065172390786347,0.014888682065131057,0.015662247415409055,0.011186698459094518,0.013376080444797458,0.015631086449563146,0.011536863984114373,0.011898826004765687,0.015301505966640185,0.014079717661636213,0.015567145477362982,0.013337428314535348,0.012840289509134233,0.017276848711675934,0.013689992981731533,0.010978053121525017,0.013337708752978555,0.008814270332009528,0.008005850160444798,0.013598606398729151,0.005288905220015887,0.012284882420969022,0.012412657912629072
Toys ,0.013656799389992057,0.009701166813343922,0.007778369992057189,0.007389810219221603,0.010535801960285937,0.03733913737728355,0.02393736094996029,0.018376076284352665,0.017449696495631453,0.01828336255440826,0.016950334420969024,0.021938930150913423,0.03181542195075457,0.01942783081652105,0.015552817845909448,0.018667378767275616,0.01817940128991263,0.021592165903097694,0.023107593874503573,0.01641980987291501,0.024469446829229545,0.022536327248610006,0.022509685814138203,0.017403546011119937,0.013303600943606036,0.008281394738681495,0.00445432734392375,0.01560290262112788,0.01500591280063542,0.013189263081810957,0.010054605496425733,0.03775133806195394,0.018366569456711675,0.02449474011914218,0.03935032068467036,0.03880450079110406,0.04168600523113581,0.02997268647180302,0.01627772599046862,0.023355060975377283,0.02118819057505957,0.02064950373312152,0.023666960428911834,0.015322659648927718,0.009907225188244637,0.014534869035742654,0.010600020962668787,0.021119843151707708,0.021875318103256554
Fun  ,0.016976086595710878,0.013054930767275616,0.009837384336775218,0.008202500787926925,0.01414342698649722,0.02393736094996029,0.0430572611850675,0.021668151234312944,0.021266387240667192,0.021103976610007947,0.021525830303415407,0.026246542144559175,0.03940096936616362,0.023197026049245433,0.018592110131850668,0.021340844333598095,0.021158869331215246,0.025530538954725963,0.02750083365845909,0.019637080206513103,0.028557171688641782,0.02752748251945989,0.02707008864177919,0.022479940378077837,0.013699019393169181,0.010605521391580624,0.004046277753772838,0.016764669070691022,0.01846858992216045,0.0159771647339158,0.012916532994440028,0.04508950220810166,0.021732804457505958,0.029287399189833193,0.04503111237807784,0.04583678849245434,0.04868293745194598,0.03553409615250198,0.020283756730738674,0.027445898503574265,0.026720288155679114,0.024035993518665602,0.029378446671961867,0.01925601292772041,0.011978037667990467,0.018926383027799837,0.0126062320127085,0.025010517216838758,0.027669032838760925
Books,0.012483274509928513,0.010968206689436058,0.008964262287529784,0.007286551401111993,0.011491310255758537,0.018376076284352665,0.021668151234312944,0.03210825655123114,0.01687305368705322,0.016478967072279586,0.01728579434789515,0.019427339269261316,0.029269896937251783,0.018953742845115175,0.015205151431294677,0.017783604203335978,0.016964868797458305,0.02056228191262907,0.02203719074821287,0.014630084233518666,0.02264088832565528,0.021019125809372517,0.021815658554408264,0.01670356731691818,0.013351013416997617,0.009753398684670374,-0.0005752968435266072,0.014150614233518663,0.017686650058776808,0.013392660063542491,0.011955042001588565,0.03445705866560762,0.017311708065131055,0.022310795607625097,0.033865252055599676,0.03366003779507546,0.036990534467037324,0.0273470861731533,0.016396171483717237,0.023334068270055595,0.02059806264177919,0.01814331135822081,0.023103466767275614,0.014258911026211284,0.010028920482922955,0.015670053887212067,0.009369825550436854,0.019703269286735506,0.020801398497220017
Hshld,0.012548548047656873,0.010782127440826052,0.009053366671961872,0.00747895680381255,0.009491623135822082,0.017449696495631453,0.021266387240667192,0.01687305368705322,0.024840885629864976,0.017116284746624303,0.016266705080222394,0.018616919745830022,0.028035143841143764,0.01959171860841938,0.014523793938046068,0.01835473674980143,0.01720112043208896,0.02144849031930103,0.023045494589356633,0.0159615381096108,0.023048049569499598,0.021075599663224788,0.0223349360127085,0.016965894779984114,0.013385315907863382,0.00951192757426529,0.0013477597585385198,0.016713247402700554,0.01521667429388403,0.013288449690230344,0.0116205178395552,0.03238955145353456,0.017539069210484513,0.022000811755361394,0.03349012923907864,0.032958897200953144,0.036640030989674346,0.02670853665448768,0.017211484791104053,0.023011749394757745,0.02102136723113582,0.0183148314853058,0.023103859412231927,0.015108189490071488,0.010084403583796666,0.01567607753455123,0.009302178262112786,0.019224602992851468,0.019859877324860997
Clths,0.011526668136616361,0.010589266795869735,0.007973715043685464,0.007881098420969023,0.010630049639396347,0.01828336255440826,0.021103976610007947,0.016478967072279586,0.017116284746624303,0.025727984266878473,0.015316418103256554,0.017602205941223192,0.02697729711834789,0.018955837788721206,0.01466797726449563,0.018697951752184264,0.016994891062748214,0.02113388878792693,0.022526963571088163,0.014821532009531372,0.021717108066719622,0.0205556762446386,0.02184799831612391,0.01776841659729944,0.012074783555202542,0.007375534671961875,0.0016692854900714866,0.01672747917394758,0.016934373337569496,0.012464980333598094,0.010648435107227957,0.031361736965845904,0.016454916085782367,0.02134777471008737,0.031972728724384426,0.03175819338522637,0.034210262201747416,0.02496130714535345,0.016264892632247813,0.022219179361397928,0.021314717210484516,0.017943633455123106,0.023958967974583,0.014851576247815725,0.009449209328038128,0.014804173528196981,0.009556046659253376,0.018386879504368545,0.020273058541699765
Hlth ,0.014311219304209685,0.010890346239872915,0.00863123453534551,0.007889173639396346,0.011475106573471009,0.016950334420969024,0.021525830303415407,0.01728579434789515,0.016266705080222394,0.015316418103256554,0.031703102900714854,0.021116020714853054,0.03301590998570293,0.018186280092136613,0.014956561092930896,0.01678016344400317,0.015685289569499602,0.019954584101667987,0.021666651069102462,0.015170415456711678,0.021986895850675134,0.020817214306592533,0.020256372803812546,0.017752035056393962,0.012052104158856235,0.008637642408260518,0.005953596006354248,0.014573528991262907,0.017915811177124697,0.014559637013502779,0.011440682891183477,0.033247987640984904,0.016866876324066717,0.0229853943923749,0.03356912813661637,0.03385483875456711,0.03604839003335982,0.0274308816330421,0.015547683625099286,0.02029505052899126,0.019378216320889593,0.018864228848292287,0.021848899857029383,0.014326478662430501,0.009939436619539319,0.016629128413026207,0.009475857969817316,0.018862712578236688,0.019648533680698972
MedEq,0.017058947672756154,0.01132899023034154,0.007603002732327243,0.00858389285146942,0.011540730325655283,0.021938930150913423,0.026246542144559175,0.019427339269261316,0.018616919745830022,0.017602205941223192,0.021116020714853054,0.03297654999205719,0.04327339923749006,0.019380792835583797,0.016977193137410647,0.017590163431294676,0.017897379761715647,0.023282305099285142,0.024958419412231928,0.01884783782366958,0.0265984455440826,0.026893114710087367,0.022545984368546466,0.017795505258141376,0.012826634281175532,0.010872467196187448,0.0074516060524225545,0.016778819729944397,0.01918437137410644,0.016279010865766483,0.010297670818109611,0.041501692454328824,0.01973123185067514,0.02839007874503574,0.045087854725973,0.04513107377283558,0.04774580649722,0.03568093823669578,0.01680345189833201,0.023024488419380457,0.021264751850675136,0.0227993317553614,0.024345383891977764,0.01576665885623511,0.010063523812549642,0.015398062716441617,0.011491568101667992,0.022069929531374106,0.02490265718824464
Drugs,0.02388819954249405,0.017381725302621127,0.011986657251787132,0.012485181455123114,0.017898945270849877,0.03181542195075457,0.03940096936616362,0.029269896937251783,0.028035143841143764,0.02697729711834789,0.03301590998570293,0.04327339923749006,0.08329414836536933,0.030378529083399525,0.024862539520254173,0.025859795088165206,0.02656815555837967,0.035188466548054013,0.036533752069896744,0.02680851982525814,0.04096051160921365,0.04249794040667195,0.03253055320095313,0.026717154103256553,0.019989118106433675,0.012639571145353455,0.004867171828435269,0.023837939062748205,0.02752347405242255,0.024952485718824458,0.017379375790309768,0.06581853096108019,0.028468853957108808,0.04404818724384432,0.07133514773947577,0.07140427786497221,0.07703415241620333,0.05735009986973788,0.0249512962700556,0.0354738335949166,0.03269687433518664,0.03414283396346307,0.03640917976171565,0.022984400536934076,0.015372950042891183,0.024424766252581408,0.017933469407466242,0.03404319315011914,0.037591388581413816
Chems,0.012511510621127878,0.012600410562351073,0.009793927164416202,0.008684772252581413,0.01619758906115965,0.01942783081652105,0.023197026049245433,0.018953742845115175,0.01959171860841938,0.018955837788721206,0.018186280092136613,0.019380792835583797,0.030378529083399525,0.030995385320095326,0.01680078410484511,0.02054448091183479,0.019226346389197776,0.02345261854805401,0.027507684581413817,0.016785608856235104,0.025717024970611593,0.023392717685464654,0.025697284130262114,0.019645701308975375,0.01592304196028594,0.00998267286417792,0.002030021386814928,0.02044833324861001,0.020459120362192218,0.01710892354249404,0.015160908594122315,0.033800778220810165,0.018724456065131054,0.023224323375694998,0.0342675636076251,0.03338060706592534,0.038311883356632256,0.02869031595552025,0.021651777301032564,0.02906479212708498,0.024246438231930102,0.019814844162033357,0.024829002875297854,0.015796156201747416,0.011621146109610802,0.018393402602065123,0.009786435831612391,0.02113520620174742,0.02278180134392374
Rubbr,0.012588712876886416,0.009147290760921366,0.006791319015091343,0.007258330131850677,0.011185461547259726,0.015552817845909448,0.018592110131850668,0.015205151431294677,0.014523793938046068,0.01466797726449563,0.014956561092930896,0.016977193137410647,0.024862539520254173,0.01680078410484511,0.05160170790150913,0.014412445852263698,0.014778402592533754,0.01760980221763304,0.020960378592533756,0.014136029626687849,0.0200680755107228,0.01927845816997617,0.01830218179507545,0.013718808775218423,0.01182755806830818,0.009283908130262114,0.0007207456044479755,0.013302781922160441,0.014554082522637011,0.012070797394757743,0.009795884098490866,0.029985879396346303,0.014821886573471004,0.01945208757744241,0.029774017229547253,0.029398276073073867,0.03280472409531374,0.023917237528196977,0.01514903988244638,0.020025791682287526,0.01854078989992057,0.016730552406671963,0.019404976743447176,0.012274313191421766,0.008622784902303416,0.012630028225575855,0.008716166030182684,0.016481654335186655,0.018032381979348682
Txtls,0.013280326538522636,0.010659271793486889,0.010730419380460682,0.007570807272438442,0.008490383072279586,0.018667378767275616,0.021340844333598095,0.017783604203335978,0.01835473674980143,0.018697951752184264,0.01678016344400317,0.017590163431294676,0.025859795088165206,0.02054448091183479,0.014412445852263698,0.05804394555043687,0.01807555013820492,0.022993851653693408,0.025311554192216045,0.016525438649722002,0.023108822802223986,0.020569209623510727,0.02307906487688642,0.01913182806036537,0.01262234122954726,0.00883863836060365,0.005687173594916598,0.018642954344718028,0.02070662396822875,0.017047539666401906,0.013301336108022239,0.031027778395552028,0.018809809877680696,0.02143306387609213,0.0297675895567911,0.029875904953137404,0.03337326732009531,0.025984737353455127,0.018057929286735504,0.02577309951389992,0.021509896238284355,0.01839144200158856,0.022510688355837968,0.01572208056235107,0.010300783313741065,0.015309946096902298,0.010391812193804606,0.01943911095154885,0.02027046747577442
BldMt,0.012688628638602064,0.010704448120730738,0.008327548752978552,0.008094215828435265,0.011106396937251784,0.01817940128991263,0.021158869331215246,0.016964868797458305,0.01720112043208896,0.016994891062748214,0.015685289569499602,0.017897379761715647,0.02656815555837967,0.019226346389197776,0.014778402592533754,0.01807555013820492,0.022457232432088955,0.021859237884034946,0.023729302608419378,0.016028324003177125,0.023064064546465448,0.020966757210484507,0.0226560820969023,0.01884024961397934,0.013183868136616362,0.011559582055599687,0.0011543246131850674,0.01688366691024622,0.017333498814932485,0.014184323335980938,0.012032393264495629,0.03154924266878475,0.016114655637807784,0.02115119291501191,0.03224646917871326,0.03140585423987291,0.03496089354090549,0.025645577906274815,0.017460804079428117,0.02358193415726767,0.020852698706910245,0.01833473118347895,0.02233216330420969,0.014532011202541696,0.009957823078633838,0.015513002579825259,0.009620221458300236,0.018911332536934073,0.02053327915488483
Cnstr,0.014843944724384439,0.013299789318506748,0.00990029950754567,0.009626231790309771,0.012994462900714853,0.021592165903097694,0.025530538954725963,0.02056228191262907,0.02144849031930103,0.02113388878792693,0.019954584101667987,0.023282305099285142,0.035188466548054013,0.02345261854805401,0.01760980221763304,0.022993851653693408,0.021859237884034946,0.043996081499602865,0.02896207468784749,0.019053592787926923,0.028049167110405084,0.026005256222398722,0.02731371876092137,0.02157892298014297,0.014706329397934863,0.012379031186656073,0.0048261838792692646,0.02216793985702938,0.022717149185067516,0.019319807815726762,0.015529113232724382,0.0395903050039714,0.021437133712470212,0.0263566634471803,0.04094941891024621,0.03976788062271644,0.044451489359809374,0.032466995926926125,0.021575823485305793,0.0283524297633042,0.02543940814614774,0.022561571914217628,0.028482147227958696,0.01770035850039714,0.012183045439237487,0.018977283005559967,0.011552581896743448,0.024456159421763303,0.02655535746465448
Steel,0.016313283679110405,0.014259277401111993,0.01116642366957903,0.010044884873709291,0.016840199180301833,0.023107593874503573,0.02750083365845909,0.02203719074821287,0.023045494589356633,0.022526963571088163,0.021666651069102462,0.024958419412231928,0.036533752069896744,0.027507684581413817,0.020960378592533756,0.025311554192216045,0.023729302608419378,0.02896207468784749,0.04629274335822082,0.020398865575853853,0.03186233036378077,0.028916126621127875,0.03046397633042096,0.023736295701350274,0.019117467107227958,0.013905101680698967,0.00890771092613185,0.027185210420969018,0.029741917439237486,0.022113175281969818,0.016197956092136614,0.04468812219221604,0.022441406525814136,0.029349252486100073,0.04531794525178713,0.04370688674821286,0.05034095073550438,0.03586122637648928,0.023784975593328036,0.033235705486894355,0.028696479955520254,0.0253642698014297,0.029140026433677517,0.0191232917299444,0.01322228507704527,0.02036507064019063,0.012456889906274825,0.02602476280222398,0.026816608794281185
FabPr,0.013248036759332804,0.009237008903891977,0.005786585083399522,0.006366420881652105,0.0072955308816521035,0.01641980987291501,0.019637080206513103,0.014630084233518666,0.0159615381096108,0.014821532009531372,0.015170415456711678,0.01884783782366958,0.02680851982525814,0.016785608856235104,0.014136029626687849,0.016525438649722002,0.016028324003177125,0.019053592787926923,0.020398865575853853,0.05845667157267672,0.021803265345512305,0.020210052668784746,0.018047685337569494,0.015879890309769655,0.012593926401906274,0.014434962764098494,0.017311844948371728,0.0169894447974583,0.017968545194598885,0.013848511660047658,0.009302079714058773,0.030845493105639405,0.01625171969023034,0.020613780532168384,0.033006544169976164,0.0318006361556791,0.035192119753772844,0.02549979448768864,0.015253448856235103,0.02033908590945194,0.018175548649722,0.01790355050039714,0.0202310952025417,0.013328590857823671,0.008773438602065132,0.013431968848292298,0.008003526671961875,0.017301633455123106,0.019319111183478947
Mach ,0.016609580740270056,0.013552801825258143,0.010143534090548054,0.009876643706115963,0.013375494605242256,0.024469446829229545,0.028557171688641782,0.02264088832565528,0.023048049569499598,0.021717108066719622,0.021986895850675134,0.0265984455440826,0.04096051160921365,0.025717024970611593,0.0200680755107228,0.023108822802223986,0.023064064546465448,0.028049167110405084,0.03186233036378077,0.021803265345512305,0.03841763148371724,0.031159839464654487,0.02858603666401906,0.023522511126290706,0.018994031094519456,0.013275997439237488,0.005155994826052421,0.021448495949166004,0.02510262965528197,0.021094131707704526,0.014923723558379665,0.0482456498649722,0.022930642022239874,0.03152924737887212,0.05269487302779984,0.049934442776806996,0.05988738677204132,0.04195537638443209,0.02222777812708498,0.0316661940333598,0.027860215515488475,0.025884803494837166,0.02973256760921365,0.018717266606830818,0.012802660708498807,0.019695760822875292,0.013191902964257348,0.027266961245432875,0.027408653766481328
ElcEq,0.015741452409849078,0.012289633285146942,0.008906784225575852,0.009578436824463857,0.011683110656076252,0.022536327248610006,0.02752748251945989,0.021019125809372517,0.021075599663224788,0.0205556762446386,0.020817214306592533,0.026893114710087367,0.04249794040667195,0.023392717685464654,0.01927845816997617,0.020569209623510727,0.020966757210484507,0.026005256222398722,0.028916126621127875,0.020210052668784746,0.031159839464654487,0.04148386390945195,0.025084120349483714,0.020645212228752974,0.016286699949166004,0.013307134354249402,0.004921970756155678,0.019287103923749004,0.022154176959491654,0.018473868546465454,0.013051058967434468,0.046144261779189844,0.02163379609372518,0.03025569096902303,0.050698936722795865,0.04873749238443209,0.05622478354408259,0.03991221044956315,0.019452638295472592,0.026581984158856233,0.025568969116759332,0.024615825607625094,0.02750988169976172,0.017479701720413028,0.011589079860206518,0.017779890716441614,0.012623301941223191,0.025118987876092132,0.025899777985702938
Autos,0.015558407688641782,0.013686858903891983,0.011589313836378077,0.009779012740270055,0.015779875552025417,0.022509685814138203,0.02707008864177919,0.021815658554408264,0.0223349360127085,0.02184799831612391,0.020256372803812546,0.022545984368546466,0.03253055320095313,0.025697284130262114,0.01830218179507545,0.02307906487688642,0.0226560820969023,0.02731371876092137,0.03046397633042096,0.018047685337569494,0.02858603666401906,0.025084120349483714,0.04059913823669579,0.02504320915011915,0.0178234234471803,0.012098917776012704,0.0008796533439237481,0.022021975694996025,0.021089979253375694,0.016345860746624297,0.015851155647339153,0.0394853675615568,0.021337088768864178,0.0265429444638602,0.03896312997617157,0.03801639714058777,0.043033609658459086,0.03176894513105639,0.02334897467831612,0.030296374583002376,0.028713469833200955,0.022553499126290708,0.029623294964257342,0.019156751421763298,0.012786270945194597,0.020264734805401117,0.011680097823669576,0.02387271745830024,0.025618376298649714
Aero ,0.014417031256552823,0.011744929712470214,0.007779349833200951,0.008771767272438447,0.011570880768864178,0.017403546011119937,0.022479940378077837,0.01670356731691818,0.016965894779984114,0.01776841659729944,0.017752035056393962,0.017795505258141376,0.026717154103256553,0.019645701308975375,0.013718808775218423,0.01913182806036537,0.01884024961397934,0.02157892298014297,0.023736295701350274,0.015879890309769655,0.023522511126290706,0.020645212228752974,0.02504320915011915,0.05473577659094518,0.015478138020651306,0.010661070449563142,0.0019175361048451142,0.0172315012867355,0.017740294595710877,0.014042085242255758,0.012029954503574265,0.03068288724384432,0.017850260044479746,0.02134211626687847,0.030002206332009534,0.029665270640190627,0.03321011983796663,0.024716834795869735,0.019008324139793486,0.023914397210484512,0.02359318907386815,0.01829943355043685,0.02308142389197776,0.015884816003177125,0.010423804949960288,0.016691474262112784,0.00958900075615568,0.019470388346306586,0.02041537190786338
Ships,0.009964120915011915,0.008610202691024626,0.007060659158061952,0.005322112022239872,0.007456143675933281,0.013303600943606036,0.013699019393169181,0.013351013416997617,0.013385315907863382,0.012074783555202542,0.012052104158856235,0.012826634281175532,0.019989118106433675,0.01592304196028594,0.01182755806830818,0.01262234122954726,0.013183868136616362,0.014706329397934863,0.019117467107227958,0.012593926401906274,0.018994031094519456,0.016286699949166004,0.0178234234471803,0.015478138020651306,0.043626725026211274,0.010840095675933277,0.00014090693884034883,0.012765718443208897,0.013807794135027796,0.011899107037331214,0.010166738046068305,0.024510826497220018,0.013326809146942016,0.016720830293884038,0.026170687158061954,0.024809313277204124,0.0301043869706116,0.021314135383637807,0.013181641502779987,0.01864795006195393,0.015572894046068307,0.0138614170293884,0.016017657442414613,0.009657702706910246,0.007867636244638602,0.01263419534233519,0.006637481423351866,0.015014517655281969,0.015551818230341543
Guns ,0.010141404784749798,0.006804209702938838,0.0019818741223193016,0.0023229152597299438,0.007010837788721204,0.008281394738681495,0.010605521391580624,0.009753398684670374,0.00951192757426529,0.007375534671961875,0.008637642408260518,0.010872467196187448,0.012639571145353455,0.00998267286417792,0.009283908130262114,0.00883863836060365,0.011559582055599687,0.012379031186656073,0.013905101680698967,0.014434962764098494,0.013275997439237488,0.013307134354249402,0.012098917776012704,0.010661070449563142,0.010840095675933277,0.1125214944813344,0.012897653591739477,0.01600130185861795,0.019089839231135823,0.01289680759332804,0.009073733502779988,0.016935424019062745,0.009480019310563938,0.01187610335186656,0.0171133178268467,0.015876068174741857,0.01988972269420175,0.015570082872120729,0.009989782449563143,0.014087227971405875,0.007893857893566322,0.010985264559173947,0.01088524339952343,0.005224233086576645,0.006446568501985703,0.008625114592533753,0.004033491202541697,0.010017461394757744,0.011696303529785543
Gold ,0.01141370591262907,0.0008456970182684674,-0.004474932406671963,0.0005254892787926937,-0.0020065172390786347,0.00445432734392375,0.004046277753772838,-0.0005752968435266072,0.0013477597585385198,0.0016692854900714866,0.005953596006354248,0.0074516060524225545,0.004867171828435269,0.002030021386814928,0.0007207456044479755,0.005687173594916598,0.0011543246131850674,0.0048261838792692646,0.00890771092613185,0.017311844948371728,0.005155994826052421,0.004921970756155678,0.0008796533439237481,0.0019175361048451142,0.00014090693884034883,0.012897653591739477,0.28625823595075456,0.037190450484511514,0.016726451463065926,0.016643040397140582,0.0032638869261318506,0.008728532533756944,0.006177277015091342,0.00623230923749007,0.00844495781890389,0.008425326379666406,0.007946737634630654,0.006810975405877682,0.0005248864924543298,0.003679394389197777,2.6004606830556283e-07,0.00633872063542494,0.0025477133439237446,0.0017711821969817322,0.0026443526481334384,-0.0003583989737887233,0.00691731471326449,0.0027791818713264506,2.8432949960288958e-05
Mines,0.01583084200158856,0.010333499888800635,0.00916758058776807,0.008459232438443208,0.014888682065131057,0.01560290262112788,0.016764669070691022,0.014150614233518663,0.016713247402700554,0.01672747917394758,0.014573528991262907,0.016778819729944397,0.023837939062748205,0.02044833324861001,0.013302781922160441,0.018642954344718028,0.01688366691024622,0.02216793985702938,0.027185210420969018,0.0169894447974583,0.021448495949166004,0.019287103923749004,0.022021975694996025,0.0172315012867355,0.012765718443208897,0.01600130185861795,0.037190450484511514,0.07294721607625099,0.022993731977760126,0.016269283780778392,0.013405245687053213,0.026598370548054005,0.01652690945194599,0.01915778598888006,0.027350857315329623,0.02712313817315329,0.030918314344718027,0.023911000285941217,0.017273725146942018,0.02590114211278792,0.020255350277998407,0.017611724511517077,0.020442450675139005,0.012865258554408263,0.010271008038125497,0.015656911421763304,0.008527854328832405,0.018793858046068306,0.019349176648133435
Coal ,0.010097167961874503,0.010650065111993645,0.006507013788721206,0.00731319722954726,0.015662247415409055,0.01500591280063542,0.01846858992216045,0.017686650058776808,0.01521667429388403,0.016934373337569496,0.017915811177124697,0.01918437137410644,0.02752347405242255,0.020459120362192218,0.014554082522637011,0.02070662396822875,0.017333498814932485,0.022717149185067516,0.029741917439237486,0.017968545194598885,0.02510262965528197,0.022154176959491654,0.021089979253375694,0.017740294595710877,0.013807794135027796,0.019089839231135823,0.016726451463065926,0.022993731977760126,0.12191295430659252,0.032891842096902296,0.019655101127879267,0.03165556495631453,0.016247863472597296,0.021180075742652894,0.03052331897061159,0.0295419695567911,0.03638865108181096,0.026516161092930896,0.018418606277998417,0.02802901230818109,0.019891043183478948,0.018692383606036533,0.0216890501350278,0.014499275374106436,0.009811795316918188,0.016107165585385223,0.009879417683876093,0.01843176169658459,0.021455454602065122
Oil  ,0.010289689023034152,0.008823565575853853,0.007172229070691026,0.00683119248610008,0.011186698459094518,0.013189263081810957,0.0159771647339158,0.013392660063542491,0.013288449690230344,0.012464980333598094,0.014559637013502779,0.016279010865766483,0.024952485718824458,0.01710892354249404,0.012070797394757743,0.017047539666401906,0.014184323335980938,0.019319807815726762,0.022113175281969818,0.013848511660047658,0.021094131707704526,0.018473868546465454,0.016345860746624297,0.014042085242255758,0.011899107037331214,0.01289680759332804,0.016643040397140582,0.016269283780778392,0.032891842096902296,0.04321956737092931,0.016039476250992845,0.023228708308181096,0.014250149785544085,0.018038654884829225,0.023122465877680697,0.02312956447974583,0.02647882393963463,0.021376421667990465,0.013610707752184271,0.020700417029388404,0.016044098919777598,0.015162153836378074,0.015607394090548057,0.010723845067513898,0.0076220383478951504,0.01268076235107228,0.007710892231930102,0.014854943351866563,0.016554315742652894
Util ,0.008235080190627481,0.008803151612390786,0.007944926799046863,0.0074370700555996825,0.013376080444797458,0.010054605496425733,0.012916532994440028,0.011955042001588565,0.0116205178395552,0.010648435107227957,0.011440682891183477,0.010297670818109611,0.017379375790309768,0.015160908594122315,0.009795884098490866,0.013301336108022239,0.012032393264495629,0.015529113232724382,0.016197956092136614,0.009302079714058773,0.014923723558379665,0.013051058967434468,0.015851155647339153,0.012029954503574265,0.010166738046068305,0.009073733502779988,0.0032638869261318506,0.013405245687053213,0.019655101127879267,0.016039476250992845,0.02325131545671168,0.017594743383637812,0.010720304749801427,0.012694058617950752,0.015600644320889593,0.015212796378077842,0.01884953995234313,0.01441863037331215,0.012406985226370135,0.017679209626687842,0.015011035552025417,0.01112482474980143,0.013730646417791897,0.009518560730738684,0.007862592597299444,0.013574874725972992,0.00602088638602065,0.012515481779189834,0.013369226084193804
Telcm,0.024529506783161237,0.01795942285941224,0.012681868339952341,0.013064748228752976,0.015631086449563146,0.03775133806195394,0.04508950220810166,0.03445705866560762,0.03238955145353456,0.031361736965845904,0.033247987640984904,0.041501692454328824,0.06581853096108019,0.033800778220810165,0.029985879396346303,0.031027778395552028,0.03154924266878475,0.0395903050039714,0.04468812219221604,0.030845493105639405,0.0482456498649722,0.046144261779189844,0.0394853675615568,0.03068288724384432,0.024510826497220018,0.016935424019062745,0.008728532533756944,0.026598370548054005,0.03165556495631453,0.023228708308181096,0.017594743383637812,0.09431706818109607,0.033953763860206515,0.04914965936457507,0.08423489723590152,0.08306097934868945,0.0917566337251787,0.06275149242255756,0.029020281890389202,0.04215841188244637,0.03942159728355838,0.038475406513105645,0.04400310535345511,0.027020761064336762,0.018248605242255758,0.026678449023034154,0.019567175599682293,0.04165055113582207,0.04051704146147736
PerSv,0.013426081448768864,0.010028985326449563,0.007932017680698967,0.008424040589356632,0.011536863984114373,0.018366569456711675,0.021732804457505958,0.017311708065131055,0.017539069210484513,0.016454916085782367,0.016866876324066717,0.01973123185067514,0.028468853957108808,0.018724456065131054,0.014821886573471004,0.018809809877680696,0.016114655637807784,0.021437133712470212,0.022441406525814136,0.01625171969023034,0.022930642022239874,0.02163379609372518,0.021337088768864178,0.017850260044479746,0.013326809146942016,0.009480019310563938,0.006177277015091342,0.01652690945194599,0.016247863472597296,0.014250149785544085,0.010720304749801427,0.033953763860206515,0.03187285390150913,0.02300921521048451,0.03369184088482924,0.0342432094932486,0.0371784744257347,0.02708700851151707,0.016394178581413822,0.021616634802223988,0.020774604652899126,0.018954502684670374,0.02294974050833995,0.01503737223669579,0.010202996015885623,0.01536698850833995,0.010287625467831612,0.01942416703415409,0.019791553553613974
BusSv,0.017979937378872116,0.012761103375694999,0.009138946830818109,0.00925458579030977,0.011898826004765687,0.02449474011914218,0.029287399189833193,0.022310795607625097,0.022000811755361394,0.02134777471008737,0.0229853943923749,0.02839007874503574,0.04404818724384432,0.023224323375694998,0.01945208757744241,0.02143306387609213,0.02115119291501191,0.0263566634471803,0.029349252486100073,0.020613780532168384,0.03152924737887212,0.03025569096902303,0.0265429444638602,0.02134211626687847,0.016720830293884038,0.01187610335186656,0.00623230923749007,0.01915778598888006,0.021180075742652894,0.018038654884829225,0.012694058617950752,0.04914965936457507,0.02300921521048451,0.034822819690230336,0.05206304051628275,0.051806957903097695,0.05649426521842732,0.040153133550436856,0.01998792451945989,0.02803413080222399,0.02621036934868944,0.025639557331215247,0.02903458324066719,0.018447995448768857,0.012156735758538522,0.0186730498649722,0.013515726862589358,0.026452070849880854,0.027585682811755354
Hardw,0.025524839752184274,0.017701299922160442,0.011832034646544875,0.013559258930897536,0.015301505966640185,0.03935032068467036,0.04503111237807784,0.033865252055599676,0.03349012923907864,0.031972728724384426,0.03356912813661637,0.045087854725973,0.07133514773947577,0.0342675636076251,0.029774017229547253,0.0297675895567911,0.03224646917871326,0.04094941891024621,0.04531794525178713,0.033006544169976164,0.05269487302779984,0.050698936722795865,0.03896312997617157,0.030002206332009534,0.026170687158061954,0.0171133178268467,0.00844495781890389,0.027350857315329623,0.03052331897061159,0.023122465877680697,0.015600644320889593,0.08423489723590152,0.03369184088482924,0.05206304051628275,0.10430862306433678,0.0924901029579031,0.106187950050834,0.07045825487847497,0.029322314120730737,0.04221522706274821,0.0392515049451946,0.04122341613979349,0.04468040478157267,0.026713422400317714,0.017590335383637808,0.02590481020174742,0.020161573477362988,0.042957301439237504,0.041749745375694994
Softw,0.026005078843526604,0.017647171926926136,0.0118707631771247,0.01316165419539317,0.014079717661636213,0.03880450079110406,0.04583678849245434,0.03366003779507546,0.032958897200953144,0.03175819338522637,0.03385483875456711,0.04513107377283558,0.07140427786497221,0.03338060706592534,0.029398276073073867,0.029875904953137404,0.03140585423987291,0.03976788062271644,0.04370688674821286,0.0318006361556791,0.049934442776806996,0.04873749238443209,0.03801639714058777,0.029665270640190627,0.024809313277204124,0.015876068174741857,0.008425326379666406,0.02712313817315329,0.0295419695567911,0.02312956447974583,0.015212796378077842,0.08306097934868945,0.0342432094932486,0.051806957903097695,0.0924901029579031,0.09433910229706115,0.09919740129626685,0.06727053227640985,0.027989481766481326,0.040828893166004764,0.038629457830023826,0.040777848419380466,0.04446475231135821,0.027001050306592535,0.017512439383637807,0.0256381082700556,0.020718163196187446,0.04169123359491661,0.04158594562668784
Chips,0.027479079193010323,0.019316286486100082,0.01332902158856235,0.014834975490071484,0.015567145477362982,0.04168600523113581,0.04868293745194598,0.036990534467037324,0.036640030989674346,0.034210262201747416,0.03604839003335982,0.04774580649722,0.07703415241620333,0.038311883356632256,0.03280472409531374,0.03337326732009531,0.03496089354090549,0.044451489359809374,0.05034095073550438,0.035192119753772844,0.05988738677204132,0.05622478354408259,0.043033609658459086,0.03321011983796663,0.0301043869706116,0.01988972269420175,0.007946737634630654,0.030918314344718027,0.03638865108181096,0.02647882393963463,0.01884953995234313,0.0917566337251787,0.0371784744257347,0.05649426521842732,0.106187950050834,0.09919740129626685,0.1235548551088165,0.07957689086258937,0.03199146595234312,0.04639028328514693,0.04351322660683082,0.04482313791898332,0.048434553121525024,0.02837582059253375,0.019397889550436854,0.028580927475774426,0.02151339852581414,0.04754440725655282,0.04499727752501986
LabEq,0.02108034483876092,0.014721424962668784,0.010876067450357426,0.011017790687847499,0.013337428314535348,0.02997268647180302,0.03553409615250198,0.0273470861731533,0.02670853665448768,0.02496130714535345,0.0274308816330421,0.03568093823669578,0.05735009986973788,0.02869031595552025,0.023917237528196977,0.025984737353455127,0.025645577906274815,0.032466995926926125,0.03586122637648928,0.02549979448768864,0.04195537638443209,0.03991221044956315,0.03176894513105639,0.024716834795869735,0.021314135383637807,0.015570082872120729,0.006810975405877682,0.023911000285941217,0.026516161092930896,0.021376421667990465,0.01441863037331215,0.06275149242255756,0.02708700851151707,0.040153133550436856,0.07045825487847497,0.06727053227640985,0.07957689086258937,0.06163100080063542,0.02388987362351072,0.03442001452581414,0.03156145919301033,0.03203416470214456,0.03475637896743447,0.021256254001588565,0.014332946776806993,0.021524645159650517,0.015545355736298653,0.03319736534392374,0.03325495081175536
