,Agric,Food ,Soda ,Beer ,Smoke,Toys ,Fun  ,Books,Hshld,Clths,Hlth ,MedEq,Drugs,Chems,Rubbr,Txtls,BldMt,Cnstr,Steel,FabPr,Mach ,ElcEq,Autos,Aero ,Ships,Guns ,Gold ,Mines,Coal ,Oil  ,Util ,Telcm,PerSv,BusSv,Hardw,Softw,Chips,LabEq,Paper,Boxes,Trans,Whlsl,Rtail,Meals,Banks,Insur,RlEst,Fin  ,Other
Agric,0.05634997887053216,0.007404411699761715,0.006708216859412231,0.006384082173153298,0.008285344246227164,0.013648177077045269,0.01686505759968229,0.012098357126290708,0.012275007396346306,0.011432045451945988,0.01389128710722796,0.016053915215250198,0.022447948559173946,0.011892834605242257,0.011707855726767274,0.012944454695790308,0.01204335369499603,0.01451060788562351,0.015371139620333596,0.012866546069896742,0.015669018295472598,0.014774365059571085,0.01493515970135028,0.013912952606830817,0.010061050214455919,0.009336715380460681,0.010607823286735502,0.014044495806195392,0.00947654546624305,0.010128718247815723,0.007923387872915013,0.02358890832565528,0.013334794092136617,0.017325672420969017,0.024279624778395556,0.024662944779984108,0.025474574405083404,0.019512858268467034,0.010705918111199362,0.013410419764892774,0.013894092846703732,0.014191232536934073,0.01597144327561557,0.012141779750595709,0.007409326776806991,0.010746713596505164,0.008161543096108023,0.013228271938046071,0.015028740332009537
Food ,0.007404411699761715,0.013591004853057982,0.00597245543288324,0.0057082973153296255,0.009999883153296269,0.009291433248610008,0.012514738498808577,0.010614529507545673,0.010247675138999206,0.010099203240667197,0.010496016409849087,0.010376926862589357,0.01622826063542494,0.011417174773629864,0.008352351739475775,0.01003790990468626,0.00981780429706116,0.012752182144559178,0.012777926012708498,0.008941716513105642,0.012761043645750593,0.011236087966640189,0.012917357871326448,0.011162844590945194,0.008334241604447975,0.005653677490071485,-0.0006470695075456713,0.00837177345512311,0.009613943963463066,0.00805195077839555,0.008333237315329627,0.017096672922954727,0.0096682308101668,0.012093395226370136,0.01682296687847498,0.01687098602859412,0.017949592152501984,0.013593068085782365,0.010036739992057188,0.012590354932486097,0.012062723534551232,0.009953965099285146,0.012751425242255757,0.00873495316123908,0.0063960423034154085,0.010602516274821288,0.0066080801985702944,0.010697446441620335,0.011559940786338365
Soda ,0.006708216859412231,0.00597245543288324,0.03365795058141381,0.007034648698967434,0.009504572678316121,0.00718722181096108,0.009305062737092931,0.008129928668784751,0.008239968501985702,0.007480179450357425,0.007868936454328833,0.0068509168800635414,0.01116325837331215,0.008719592578236696,0.005909722478157268,0.009615499915806194,0.007467320567116757,0.009046709083399525,0.010179525999999998,0.005158112528991262,0.008998788528991261,0.007041930889594918,0.010587927917394758,0.007152273140587767,0.006334565321683876,0.0022214329531374125,-0.004305037818903892,0.007678890691024621,0.006382327683876091,0.00665110684511517,0.00739214862907069,0.0119680507974583,0.007577718740270054,0.008600935795075457,0.010652318643367756,0.010949403102462271,0.011786596752978553,0.009558567720413023,0.008090446667196187,0.01047847516123908,0.008950388894360601,0.007475731809372517,0.010026331650516284,0.006584850883240668,0.005024916984908657,0.008870545771247023,0.005040809075456712,0.008091141374106433,0.007942737971405876
Beer ,0.006384082173153298,0.0057082973153296255,0.007034648698967434,0.028125858770452733,0.00911021715011914,0.007595965591739475,0.008247318424146147,0.007133845070691025,0.006922860765687054,0.007747929950754567,0.008475882109610804,0.008540886284352662,0.012582503345512313,0.008312321442414615,0.0071719164416203345,0.007173357445591741,0.007553651806195394,0.009330348320889595,0.009588193728355838,0.006435244943606037,0.009779917305798252,0.008934260651310566,0.009545582659253374,0.008762162592533757,0.005038969245432881,0.0025797724606830812,-0.0015348152374900722,0.007580748562351073,0.007465446532168384,0.00679170996664019,0.007360834649722,0.013010586579825258,0.008495936762509928,0.009283490846703733,0.013148486665607624,0.012999636200158858,0.01438288040667196,0.010587472724384428,0.008229588231930101,0.00801573128514694,0.00899138103891978,0.008031320927720412,0.010416439847498014,0.006775491653693406,0.004701374189038921,0.007878232705321684,0.004965092244638602,0.00839461334392375,0.009226887891977759
Smoke,0.008285344246227164,0.009999883153296269,0.009504572678316121,0.00911021715011914,0.08251321151866561,0.010596471755361396,0.014315423547259726,0.011957938660841936,0.00987274581731533,0.010691830379666402,0.012641498678316127,0.011858060549642575,0.017994419389992057,0.015930432514694202,0.010836168800635424,0.009540971385226367,0.010821670193804605,0.012809374722795867,0.016386879407466245,0.006200051957108816,0.013594999982525812,0.011368077879269262,0.015418493699761709,0.01177104921683876,0.008222550643367752,0.0073459202287529755,-0.004623158883240665,0.01339421104050834,0.015985398200158846,0.011337761761715644,0.013044871520254171,0.015590623458300236,0.012246690829229545,0.012365462768864178,0.0159613794853058,0.01474401941699762,0.015459974354249407,0.013448787736298647,0.012797690559173945,0.016336659021445595,0.013070319903097696,0.011176958211278794,0.013881851046862587,0.009301959969817314,0.008174681623510724,0.013539593189833202,0.005510168964257346,0.011958503518665611,0.012778621768069902
Toys ,0.013648177077045269,0.009291433248610008,0.00718722181096108,0.007595965591739475,0.010596471755361396,0.03812267123113582,0.023785340254169975,0.01788165812549642,0.0166720405401112,0.018182842827640988,0.01639576536934075,0.020904499348689435,0.030678841048451148,0.018157370897537727,0.014848705353455123,0.018006199348689435,0.01734016570293884,0.020939897347100868,0.021389110103256555,0.015799219015091338,0.02344810060365369,0.021130332343129467,0.02129342754567117,0.01681524171564734,0.012428119110405086,0.007047434535345512,0.0030931003177124706,0.013995904146147735,0.014067161604447978,0.012353225242255758,0.009138086068308182,0.03738497123113582,0.017805841953931697,0.02380925475774424,0.0381889525019857,0.03803945733121524,0.04023036619539317,0.02873627380460683,0.015539704003177125,0.02183621537728356,0.020010725861795073,0.019797263637807785,0.02295816152501986,0.014769887037331215,0.009545716918189038,0.01372551321683876,0.010503065051628275,0.01997381208895949,0.021042057807783954
Fun  ,0.01686505759968229,0.012514738498808577,0.009305062737092931,0.008247318424146147,0.014315423547259726,0.023785340254169975,0.04354029308816521,0.021294665561556788,0.02013127573629865,0.02091965129785544,0.02133374334233518,0.02538922110881652,0.03845949534233518,0.02175637776648134,0.017680178554408253,0.020384938222398726,0.02023929730103256,0.024891966996028594,0.025812541177124698,0.019083355887212074,0.027652842600476575,0.026095719054805396,0.026118293204130255,0.02220633027164416,0.013746433534551229,0.009830079383637808,0.001622568386020654,0.014492040619539313,0.016957067023034147,0.01573220044003177,0.012158399056393963,0.04507863372676728,0.020990621256552815,0.028985139045274028,0.04433529200635424,0.04574170023669579,0.04766695384908657,0.034276836505162826,0.01962667976330421,0.0258907089150119,0.025307315404289113,0.02322979441143765,0.02876120308498808,0.018940008185861792,0.011787341899920572,0.01824752713105639,0.01263761115011914,0.02397479511517077,0.0266305519920572
Books,0.012098357126290708,0.010614529507545673,0.008129928668784751,0.007133845070691025,0.011957938660841936,0.01788165812549642,0.021294665561556788,0.031261612992851476,0.016575044486100074,0.01609073002065131,0.016919623806195386,0.018236386611596506,0.028360918954725964,0.017755406125496427,0.014401045845909451,0.017316149609213658,0.01612823393010326,0.019557648254169974,0.020675786876886416,0.013704801904686264,0.021853291648927717,0.01981026904686259,0.02096109538999206,0.016075708965845908,0.011977290563939636,0.009217739488482923,-0.003711512389197774,0.012316136378077842,0.017282054104845117,0.012737145723590146,0.011477243612390784,0.033973481269261314,0.01706505154725973,0.02177741947736298,0.033022602258935656,0.03337596255917394,0.03596419963780779,0.026209302144559174,0.015971993040508347,0.022211404921366164,0.01973652423034154,0.01721712676409849,0.02241040952819697,0.0137581793121525,0.009900276273232724,0.015048977444003173,0.009487153853852261,0.018912253891977756,0.01999467271008737
Hshld,0.012275007396346306,0.010247675138999206,0.008239968501985702,0.006922860765687054,0.00987274581731533,0.0166720405401112,0.02013127573629865,0.016575044486100074,0.0240095551771247,0.016413344063542498,0.015468607777601263,0.017492253458300237,0.02642445136139793,0.01828988517235901,0.013418680190627481,0.0176446069324861,0.01626109887847498,0.020559402440031772,0.021588443564733915,0.01537248582049245,0.021911932689436055,0.019586875965051626,0.021033971227958696,0.016477874001588566,0.013138025353455119,0.008658473626687849,0.0004671429324861001,0.015266948149324855,0.01335521964098491,0.012827976597299444,0.011152633842732325,0.031183591428117552,0.016305755431294672,0.021072471065925334,0.032032787119936464,0.03161772749166005,0.03449549800158857,0.0250488708816521,0.016467801753772833,0.021792814849880854,0.020051171450357425,0.01732160525496426,0.022062082363780777,0.014540576476568708,0.009721410173153297,0.014974445648927723,0.009198969493248612,0.018256432470214454,0.018918354274821286
Clths,0.011432045451945988,0.010099203240667197,0.007480179450357425,0.007747929950754567,0.010691830379666402,0.018182842827640988,0.02091965129785544,0.01609073002065131,0.016413344063542498,0.025495181471008734,0.014732432806989671,0.01666235689277204,0.025787066725972994,0.01764253841461478,0.01373108168387609,0.017950726208101665,0.01611434676409849,0.020356023974583002,0.020917350671961876,0.014260869750595708,0.020775173432883234,0.019412088419380455,0.02090723824622716,0.017615948511517075,0.011782545226370135,0.006897403329626689,0.0009024406227164423,0.015304262239872912,0.015237438805401111,0.011765042535345513,0.009976389369340744,0.030634102379666392,0.015846818440031767,0.02058034000317712,0.030827266884829223,0.030646312870532166,0.03267301776648134,0.023521209626687842,0.015513640012708494,0.020659067285146937,0.02020710858776807,0.017083441486894356,0.023012182837172365,0.014510180816521044,0.00912284395234313,0.014229173394757745,0.009753022894360601,0.017407379380460688,0.01941753714376489
Hlth ,0.01389128710722796,0.010496016409849087,0.007868936454328833,0.008475882109610804,0.012641498678316127,0.01639576536934075,0.02133374334233518,0.016919623806195386,0.015468607777601263,0.014732432806989671,0.03305561055440826,0.020129843857029383,0.031922670957903104,0.01685481535186656,0.014015111771247021,0.01639790469579031,0.014941491193010326,0.019147139895154885,0.020100233814138207,0.014205240581413816,0.021006827485305798,0.019609302033359803,0.01916050915329626,0.017266924822875295,0.011708922605242254,0.007896895110405084,0.0033234656616362183,0.012379204479745826,0.016380829334392378,0.01435225731850675,0.010881352241461476,0.032572178182684666,0.016438818214455916,0.022613967202541697,0.032562226160444796,0.03326706594757744,0.03446455375377284,0.02619259586973788,0.01492330085146942,0.018827696635424936,0.018224342497220016,0.018087625467831613,0.021342418732327242,0.01423421435742653,0.009612784775218427,0.01596311331850675,0.009627188139793486,0.01795197774424146,0.018970413588562343
MedEq,0.016053915215250198,0.010376926862589357,0.0068509168800635414,0.008540886284352662,0.011858060549642575,0.020904499348689435,0.02538922110881652,0.018236386611596506,0.017492253458300237,0.01666235689277204,0.020129843857029383,0.031521742487688645,0.04113771649880858,0.017613740378077836,0.015557225448768863,0.016482426738681485,0.01651346276727561,0.021538540505162823,0.022997022513105637,0.017407982322478154,0.02496347574900715,0.02463890036536934,0.02099597427164416,0.017104732536934075,0.011705440667196188,0.009177336622716444,0.004255399599682289,0.01413720895949166,0.017061230805401107,0.015326784120730741,0.009330756937251787,0.040018280114376484,0.018569369550436848,0.027073056120730736,0.04316197632406671,0.0436378090675139,0.04516130973153296,0.03339347043685464,0.015641924752978553,0.020972297416997618,0.01968109493884035,0.02142217115806195,0.023202908123907864,0.01515903497378872,0.009373755285146942,0.01419296325337569,0.01123038155361398,0.020514470849880857,0.023373966017474188
Drugs,0.022447948559173946,0.01622826063542494,0.01116325837331215,0.012582503345512313,0.017994419389992057,0.030678841048451148,0.03845949534233518,0.028360918954725964,0.02642445136139793,0.025787066725972994,0.031922670957903104,0.04113771649880858,0.08120233066878473,0.027888759726767274,0.022894929023034152,0.024855418398729155,0.02479257649245433,0.03321922431771247,0.033836032473391585,0.024928250360603657,0.038992847170770444,0.039752705591739476,0.030507166837172372,0.025888518366957904,0.018703414328832407,0.010440308981731537,0.0003131280984908707,0.02029545502779984,0.025245893283558377,0.02320967624146148,0.016260313156473395,0.06482874653216839,0.027246090837172356,0.04277149591421763,0.06975347297220015,0.07030159637490073,0.07461823224146148,0.05496350265289912,0.023448962957903094,0.03274254431135822,0.03065062191262907,0.032695934303415414,0.03518014872756156,0.022106689127879265,0.014629386992851469,0.0230374962954726,0.017457327145353457,0.03229659245432884,0.03643830639872916
Chems,0.011892834605242257,0.011417174773629864,0.008719592578236696,0.008312321442414615,0.015930432514694202,0.018157370897537727,0.02175637776648134,0.017755406125496427,0.01828988517235901,0.01764253841461478,0.01685481535186656,0.017613740378077836,0.027888759726767274,0.029945119339158062,0.01521513416997617,0.019523655593328037,0.017875174513105645,0.021649276861000794,0.025188856260524226,0.015423435259729945,0.02410749533280381,0.02107633305798252,0.02419569933598094,0.01896831799205719,0.014921088514694203,0.008387778700555995,-0.000865140200158857,0.017776256711675934,0.016547739374106432,0.016381815364575062,0.014045214100079428,0.03170757784908658,0.01714042604606831,0.021585990919777604,0.03213355537410643,0.030830728203335978,0.03528620185544084,0.025888606322478157,0.020491266586179505,0.02638054610325656,0.02227589901826846,0.018159144800635425,0.022963103275615567,0.014837720044479743,0.010772339914217633,0.017050526201747417,0.009412731793486893,0.01933287926926132,0.02119810088006354
Rubbr,0.011707855726767274,0.008352351739475775,0.005909722478157268,0.0071719164416203345,0.010836168800635424,0.014848705353455123,0.017680178554408253,0.014401045845909451,0.013418680190627481,0.01373108168387609,0.014015111771247021,0.015557225448768863,0.022894929023034152,0.01521513416997617,0.050038907640984905,0.013357179602859414,0.013640245814138204,0.016323298554408262,0.019283579539316923,0.0126531931056394,0.018605151326449562,0.017602739984114376,0.016816768641779185,0.012635221286735504,0.010779744241461475,0.008109227005559968,-0.0019124720571882456,0.011409574551231136,0.012386404924543288,0.011080472915011914,0.008938882795869737,0.02811893305798252,0.013966462271644161,0.01825943316918189,0.02800416975377283,0.02752559971405877,0.030356961938046066,0.02191635749007148,0.01398816149324861,0.017974668721207305,0.017136489499602857,0.015333458300238282,0.01798331691818904,0.0117154410802224,0.008014212041302623,0.011738589896743444,0.008655328641779191,0.015162206830818111,0.01670571961874504
Txtls,0.012944454695790308,0.01003790990468626,0.009615499915806194,0.007173357445591741,0.009540971385226367,0.018006199348689435,0.020384938222398726,0.017316149609213658,0.0176446069324861,0.017950726208101665,0.01639790469579031,0.016482426738681485,0.024855418398729155,0.019523655593328037,0.013357179602859414,0.058086794501985714,0.017491454073073866,0.022340328857823666,0.023644533564733915,0.015440733945988876,0.022103475540905478,0.019643611191421766,0.02214328563621922,0.018611017877680703,0.01239144042891183,0.008148978376489278,0.004105797316918191,0.016409904162033355,0.019202795232724387,0.01658076424622716,0.012755830236695787,0.02965123478792693,0.017930806432088962,0.02035005649086577,0.028694261003971402,0.028551755251787134,0.03139599719142176,0.024582017061159655,0.017743125335980933,0.02413778347577442,0.020622296335186655,0.017385759774424143,0.021653978773629862,0.015009164125496424,0.009807565677521841,0.014500717301032565,0.010442248627482128,0.018293016052422558,0.01896934120889595
BldMt,0.01204335369499603,0.00981780429706116,0.007467320567116757,0.007553651806195394,0.010821670193804605,0.01734016570293884,0.02023929730103256,0.01612823393010326,0.01626109887847498,0.01611434676409849,0.014941491193010326,0.01651346276727561,0.02479257649245433,0.017875174513105645,0.013640245814138204,0.017491454073073866,0.021587192214455923,0.020445050986497224,0.021800264208101664,0.01514751002223987,0.02190001539793487,0.019442247410643366,0.02142702917871326,0.01812335875138999,0.012540752867355042,0.010691584095313742,-0.0006066159634630661,0.014808304956314536,0.014671581857029386,0.013299335016679906,0.011025682786338363,0.030103605494837177,0.015460838584590948,0.01998874233677522,0.03059218313264496,0.029805749056393955,0.03303892488006354,0.023915868403494835,0.016598898806989674,0.021698118440031767,0.019449425262907067,0.017218072625893567,0.021103227637807788,0.013990786810166795,0.009408540451151708,0.014614541097696582,0.009320598333598095,0.017554961342335185,0.01955490857982526
Cnstr,0.01451060788562351,0.012752182144559178,0.009046709083399525,0.009330348320889595,0.012809374722795867,0.020939897347100868,0.024891966996028594,0.019557648254169974,0.020559402440031772,0.020356023974583002,0.019147139895154885,0.021538540505162823,0.03321922431771247,0.021649276861000794,0.016323298554408262,0.022340328857823666,0.020445050986497224,0.041737523278792696,0.02686060834948372,0.018324518119142177,0.026980028454328835,0.024485692835583793,0.026073873950754566,0.020841799072279593,0.014446385893566322,0.011507322973788722,0.0006341222303415427,0.01916804549642574,0.02000490750754567,0.018346374379666405,0.014218448222398726,0.038228728,0.020815197642573474,0.025139960324066717,0.03894352843208895,0.03796661846544876,0.04219168484193804,0.030651994725972995,0.02016224027958698,0.02594146121048451,0.024159120082605245,0.0213654255949166,0.026992493267672748,0.017043745016679903,0.011579729779189833,0.01807964604289118,0.011315390030182684,0.022993260238284356,0.02538696810802223
Steel,0.015371139620333596,0.012777926012708498,0.010179525999999998,0.009588193728355838,0.016386879407466245,0.021389110103256555,0.025812541177124698,0.020675786876886416,0.021588443564733915,0.020917350671961876,0.020100233814138207,0.022997022513105637,0.033836032473391585,0.025188856260524226,0.019283579539316923,0.023644533564733915,0.021800264208101664,0.02686060834948372,0.041538544525814125,0.018393276154090546,0.029780627185067507,0.025994236767275615,0.028774386414614776,0.022657769394757738,0.017380222986497218,0.011760196644956318,0.003453117444003179,0.022314037791898327,0.02274957645591739,0.019907009615567905,0.014423455780778395,0.04229193311993645,0.020968220633836375,0.027397153965051633,0.04270521582525815,0.040681034806989674,0.04692425142494043,0.03283727224781572,0.02198065229388403,0.02989161508816521,0.026382253952343122,0.02319167685146942,0.026774493277204135,0.018180921901509137,0.012159076209690228,0.018729623830023828,0.012173676586179504,0.023878709237490064,0.02473855588721207
FabPr,0.012866546069896742,0.008941716513105642,0.005158112528991262,0.006435244943606037,0.006200051957108816,0.015799219015091338,0.019083355887212074,0.013704801904686264,0.01537248582049245,0.014260869750595708,0.014205240581413816,0.017407982322478154,0.024928250360603657,0.015423435259729945,0.0126531931056394,0.015440733945988876,0.01514751002223987,0.018324518119142177,0.018393276154090546,0.05908579091183478,0.02084852087847498,0.018683286870532168,0.016877946795869733,0.01557528304050834,0.011921249579030976,0.013016960965845906,0.016371116046068303,0.01532805803018268,0.0146411267339158,0.013567551410643367,0.008416591984114373,0.0291016361858618,0.014975100411437651,0.01935625674503574,0.030840419097696588,0.029800447420174743,0.03305379401429706,0.02371747475774424,0.014102253818903891,0.0188323367720413,0.016907851474185862,0.016743864651310565,0.019215085302621122,0.01287485162351072,0.00829099674980143,0.012805058238284355,0.008391147245432884,0.01604033497220016,0.017654330374900707
Mach ,0.015669018295472598,0.012761043645750593,0.008998788528991261,0.009779917305798252,0.013594999982525812,0.02344810060365369,0.027652842600476575,0.021853291648927717,0.021911932689436055,0.020775173432883234,0.021006827485305798,0.02496347574900715,0.038992847170770444,0.02410749533280381,0.018605151326449562,0.022103475540905478,0.02190001539793487,0.026980028454328835,0.029780627185067507,0.02084852087847498,0.03724491915965051,0.029144870683081806,0.02720424186814932,0.022847179281969818,0.01810931280381255,0.011814724632247812,0.0018502189944400332,0.018834979396346308,0.02266022407148531,0.020457070803812552,0.01404427551707705,0.04686133530262113,0.02193169487370929,0.03016299711993645,0.050573014446386025,0.0480081355949166,0.057120475177124694,0.0397469445274027,0.021305342768864175,0.02990382406036536,0.026476830724384427,0.02464249907227958,0.028366830223987293,0.018018590435266085,0.01223557871008737,0.018769232449563144,0.013090729367752189,0.025729762946783155,0.026462020169976164
ElcEq,0.014774365059571085,0.011236087966640189,0.007041930889594918,0.008934260651310566,0.011368077879269262,0.021130332343129467,0.026095719054805396,0.01981026904686259,0.019586875965051626,0.019412088419380455,0.019609302033359803,0.02463890036536934,0.039752705591739476,0.02107633305798252,0.017602739984114376,0.019643611191421766,0.019442247410643366,0.024485692835583793,0.025994236767275615,0.018683286870532168,0.029144870683081806,0.039248601358220815,0.023424064527402703,0.019700012406671963,0.015142232295472595,0.01104518179507546,0.0019333168943606036,0.01641178670373312,0.019336988856235107,0.016973909793486897,0.011935495869737888,0.04421361792692613,0.019878243328038128,0.028369340166799054,0.047988441191421774,0.0462067766878475,0.05272383609213663,0.03701434163621922,0.01792400362986497,0.023916719158061952,0.02366801141382048,0.022776845512311357,0.025713727545671167,0.016403188967434472,0.01070587375694996,0.016441703502779983,0.012180150762509927,0.02329793368546466,0.024191316449563148
Autos,0.01493515970135028,0.012917357871326448,0.010587927917394758,0.009545582659253374,0.015418493699761709,0.02129342754567117,0.026118293204130255,0.02096109538999206,0.021033971227958696,0.02090723824622716,0.01916050915329626,0.02099597427164416,0.030507166837172372,0.02419569933598094,0.016816768641779185,0.02214328563621922,0.02142702917871326,0.026073873950754566,0.028774386414614776,0.016877946795869733,0.02720424186814932,0.023424064527402703,0.03932442906433677,0.02438970050516283,0.016699867863383632,0.010867682344718032,-0.0006748171691818884,0.019789357839555204,0.018903668511517077,0.015707109159650515,0.015074097169181889,0.03768630736775219,0.020498310100079433,0.02526845272756156,0.036897682675139,0.036034287040508345,0.040511628886417794,0.029568048705321676,0.022288288718030184,0.02853823259094519,0.027040327777601264,0.021141678309769655,0.028074988937251792,0.018429941737887215,0.012284687351866563,0.01927357288641779,0.0116907807974583,0.022436931088165205,0.02436069428435266
Aero ,0.013912952606830817,0.011162844590945194,0.007152273140587767,0.008762162592533757,0.01177104921683876,0.01681524171564734,0.02220633027164416,0.016075708965845908,0.016477874001588566,0.017615948511517075,0.017266924822875295,0.017104732536934075,0.025888518366957904,0.01896831799205719,0.012635221286735504,0.018611017877680703,0.01812335875138999,0.020841799072279593,0.022657769394757738,0.01557528304050834,0.022847179281969818,0.019700012406671963,0.02438970050516283,0.05514796359650516,0.014651587291501194,0.010107484079428119,0.0026142819793486894,0.01633926424146148,0.01653702680540111,0.014260300489277204,0.011673720895949166,0.03013731153931691,0.01739471179348689,0.020892678738681492,0.028756448597299443,0.028644414433677517,0.0321541802573471,0.023690720635424937,0.01890086829864972,0.02308087985385226,0.022787024206513098,0.017467771958697382,0.0224788074471803,0.015860112600476563,0.010134081626687847,0.01592321157426529,0.009724722805401114,0.018209116393963456,0.019864687348689434
Ships,0.010061050214455919,0.008334241604447975,0.006334565321683876,0.005038969245432881,0.008222550643367752,0.012428119110405086,0.013746433534551229,0.011977290563939636,0.013138025353455119,0.011782545226370135,0.011708922605242254,0.011705440667196188,0.018703414328832407,0.014921088514694203,0.010779744241461475,0.01239144042891183,0.012540752867355042,0.014446385893566322,0.017380222986497218,0.011921249579030976,0.01810931280381255,0.015142232295472595,0.016699867863383632,0.014651587291501194,0.043737663129467835,0.010165614392374902,0.0008245033359809362,0.011114714249404288,0.011901213328038123,0.012132047736298647,0.009743404352660844,0.022938017267672757,0.01262601475774424,0.015661141842732325,0.025112061953931692,0.023280058951548853,0.028140652295472596,0.019746021096108027,0.012759390039714057,0.01804306862589357,0.014677804495631453,0.013018556886417792,0.015391089499602861,0.009250940889594918,0.007626879015091344,0.012239360714853058,0.007008182096902304,0.014171150420969024,0.014632034741858611
Guns ,0.009336715380460681,0.005653677490071485,0.0022214329531374125,0.0025797724606830812,0.0073459202287529755,0.007047434535345512,0.009830079383637808,0.009217739488482923,0.008658473626687849,0.006897403329626689,0.007896895110405084,0.009177336622716444,0.010440308981731537,0.008387778700555995,0.008109227005559968,0.008148978376489278,0.010691584095313742,0.011507322973788722,0.011760196644956318,0.013016960965845906,0.011814724632247812,0.01104518179507546,0.010867682344718032,0.010107484079428119,0.010165614392374902,0.10714894159809371,0.012273572219221606,0.013683624686258939,0.015105738503574268,0.01169959904050834,0.008416281410643366,0.015061387304209682,0.00836058187132645,0.01047105053534551,0.014932266916600477,0.013848325134233522,0.017119048902303417,0.013483462938840349,0.0091130330548054,0.01280926083558379,0.006820459818903893,0.009612964981731533,0.009888195196187449,0.004640521308975379,0.006133933579030979,0.007948980892772038,0.004192232235107227,0.008657577760127084,0.010826926754567113
Gold ,0.010607823286735502,-0.0006470695075456713,-0.004305037818903892,-0.0015348152374900722,-0.004623158883240665,0.0030931003177124706,0.001622568386020654,-0.003711512389197774,0.0004671429324861001,0.0009024406227164423,0.0033234656616362183,0.004255399599682289,0.0003131280984908707,-0.000865140200158857,-0.0019124720571882456,0.004105797316918191,-0.0006066159634630661,0.0006341222303415427,0.003453117444003179,0.016371116046068303,0.0018502189944400332,0.0019333168943606036,-0.0006748171691818884,0.0026142819793486894,0.0008245033359809362,0.012273572219221606,0.31012912689277194,0.03267561297855441,0.0065165379682287534,0.01298523017791898,0.0004017689054805394,0.004724651264495631,0.004244563623510724,0.0032827649706115973,0.004711500806989674,0.003644982428911836,0.0027484658109610833,0.002698614773629864,-0.00157108439872915,-0.0005043562795869752,-0.0015518498379666404,0.003304337858617952,-0.0004435196155679118,0.0005882554297061175,0.00026512935027799895,-0.002064807706115965,0.006695746336775217,-0.0003909032168387618,-0.002509872344718028
Mines,0.014044495806195392,0.00837177345512311,0.007678890691024621,0.007580748562351073,0.01339421104050834,0.013995904146147735,0.014492040619539313,0.012316136378077842,0.015266948149324855,0.015304262239872912,0.012379204479745826,0.01413720895949166,0.02029545502779984,0.017776256711675934,0.011409574551231136,0.016409904162033355,0.014808304956314536,0.01916804549642574,0.022314037791898327,0.01532805803018268,0.018834979396346308,0.01641178670373312,0.019789357839555204,0.01633926424146148,0.011114714249404288,0.013683624686258939,0.03267561297855441,0.0699331931056394,0.014074097299444003,0.014023967323272435,0.011401542081016678,0.023673352613185063,0.014191552803812553,0.01663624541699761,0.02398413264495632,0.023350835980937252,0.02658289620333598,0.020292495631453532,0.014912700285941225,0.02190713270849881,0.017918428641779185,0.015042099221604445,0.017544647847498013,0.011548023907863381,0.00883202144559174,0.013721843256552816,0.007868526433677522,0.01628288163621922,0.016913433884034955
Coal ,0.00947654546624305,0.009613943963463066,0.006382327683876091,0.007465446532168384,0.015985398200158846,0.014067161604447978,0.016957067023034147,0.017282054104845117,0.01335521964098491,0.015237438805401111,0.016380829334392378,0.017061230805401107,0.025245893283558377,0.016547739374106432,0.012386404924543288,0.019202795232724387,0.014671581857029386,0.02000490750754567,0.02274957645591739,0.0146411267339158,0.02266022407148531,0.019336988856235107,0.018903668511517077,0.01653702680540111,0.011901213328038123,0.015105738503574268,0.0065165379682287534,0.014074097299444003,0.12333227809213662,0.02656658604130262,0.017850427409054806,0.030259675518665607,0.015747511880857823,0.019501598413026212,0.02943013995552025,0.028574149310563946,0.03419787779507545,0.02375448530579825,0.016306229736298652,0.023065342935663223,0.017154470981731538,0.01642395640667196,0.020409550115965052,0.01337496460206513,0.009017675510722797,0.014589036125496425,0.010096677316918188,0.016974735321683882,0.019267211931691813
Oil  ,0.010128718247815723,0.00805195077839555,0.00665110684511517,0.00679170996664019,0.011337761761715644,0.012353225242255758,0.01573220044003177,0.012737145723590146,0.012827976597299444,0.011765042535345513,0.01435225731850675,0.015326784120730741,0.02320967624146148,0.016381815364575062,0.011080472915011914,0.01658076424622716,0.013299335016679906,0.018346374379666405,0.019907009615567905,0.013567551410643367,0.020457070803812552,0.016973909793486897,0.015707109159650515,0.014260300489277204,0.012132047736298647,0.01169959904050834,0.01298523017791898,0.014023967323272435,0.02656658604130262,0.043201156173153295,0.014987213849086576,0.022051795159650518,0.013224570902303416,0.016898263013502782,0.02215916475615568,0.021666806635424935,0.02504713992692613,0.019880966481334392,0.01303754518347895,0.018947709652104842,0.015432595235901509,0.014270484108022244,0.01475657383002383,0.010312159712470214,0.007220147955520255,0.012039697294678315,0.008328882314535347,0.013923474781572675,0.015258500551231135
Util ,0.007923387872915013,0.008333237315329627,0.00739214862907069,0.007360834649722,0.013044871520254171,0.009138086068308182,0.012158399056393963,0.011477243612390784,0.011152633842732325,0.009976389369340744,0.010881352241461476,0.009330756937251787,0.016260313156473395,0.014045214100079428,0.008938882795869737,0.012755830236695787,0.011025682786338363,0.014218448222398726,0.014423455780778395,0.008416591984114373,0.01404427551707705,0.011935495869737888,0.015074097169181889,0.011673720895949166,0.009743404352660844,0.008416281410643366,0.0004017689054805394,0.011401542081016678,0.017850427409054806,0.014987213849086576,0.022968465200953136,0.016435373207307383,0.010294181340746623,0.01187925500555997,0.014498599955520254,0.013914840295472597,0.01752665466560762,0.013273933121525017,0.01184361219062748,0.015925154262112794,0.013996479138999212,0.010146922204924545,0.012803118551231136,0.009171978112787927,0.0075426126830818105,0.012938016149324858,0.005678119882446385,0.011609877569499605,0.012511693194598885
Telcm,0.02358890832565528,0.017096672922954727,0.0119680507974583,0.013010586579825258,0.015590623458300236,0.03738497123113582,0.04507863372676728,0.033973481269261314,0.031183591428117552,0.030634102379666392,0.032572178182684666,0.040018280114376484,0.06482874653216839,0.03170757784908658,0.02811893305798252,0.02965123478792693,0.030103605494837177,0.038228728,0.04229193311993645,0.0291016361858618,0.04686133530262113,0.04421361792692613,0.03768630736775219,0.03013731153931691,0.022938017267672757,0.015061387304209682,0.004724651264495631,0.023673352613185063,0.030259675518665607,0.022051795159650518,0.016435373207307383,0.09596532972041301,0.03263804306433677,0.04886863815885625,0.08403647374424146,0.08390821809531376,0.09109462794598887,0.061299724829229546,0.027722247782366958,0.03960757883717235,0.037699604643367746,0.03765423640667197,0.04362190890865764,0.026173788112787925,0.017861799513899924,0.025665457793486886,0.019016539429706117,0.04043320972994439,0.03973119747577442
PerSv,0.013334794092136617,0.0096682308101668,0.007577718740270054,0.008495936762509928,0.012246690829229545,0.017805841953931697,0.020990621256552815,0.01706505154725973,0.016305755431294672,0.015846818440031767,0.016438818214455916,0.018569369550436848,0.027246090837172356,0.01714042604606831,0.013966462271644161,0.017930806432088962,0.015460838584590948,0.020815197642573474,0.020968220633836375,0.014975100411437651,0.02193169487370929,0.019878243328038128,0.020498310100079433,0.01739471179348689,0.01262601475774424,0.00836058187132645,0.004244563623510724,0.014191552803812553,0.015747511880857823,0.013224570902303416,0.010294181340746623,0.03263804306433677,0.030542839871326444,0.021920563416997618,0.03220654592851469,0.03322333242414614,0.03523450117871327,0.02526813852263701,0.015554028989674342,0.02054581168864178,0.019944020576648132,0.017908765016679908,0.022255369146942018,0.014569937231135822,0.009851036527402698,0.01459701307545671,0.01039639447339158,0.018412644376489283,0.018661954664019063
BusSv,0.017325672420969017,0.012093395226370136,0.008600935795075457,0.009283490846703733,0.012365462768864178,0.02380925475774424,0.028985139045274028,0.02177741947736298,0.021072471065925334,0.02058034000317712,0.022613967202541697,0.027073056120730736,0.04277149591421763,0.021585990919777604,0.01825943316918189,0.02035005649086577,0.01998874233677522,0.025139960324066717,0.027397153965051633,0.01935625674503574,0.03016299711993645,0.028369340166799054,0.02526845272756156,0.020892678738681492,0.015661141842732325,0.01047105053534551,0.0032827649706115973,0.01663624541699761,0.019501598413026212,0.016898263013502782,0.01187925500555997,0.04886863815885625,0.021920563416997618,0.034350017250198574,0.05120392504845114,0.05166374298490863,0.05496095718506751,0.038415170548054,0.01904677506115965,0.026334655984114372,0.02481957375218427,0.02479474913741064,0.028341804578236682,0.017916987137410637,0.011702622598888006,0.017837810895949165,0.013242671404289117,0.025274498101667996,0.02691394292136616
Hardw,0.024279624778395556,0.01682296687847498,0.010652318643367756,0.013148486665607624,0.0159613794853058,0.0381889525019857,0.04433529200635424,0.033022602258935656,0.032032787119936464,0.030827266884829223,0.032562226160444796,0.04316197632406671,0.06975347297220015,0.03213355537410643,0.02800416975377283,0.028694261003971402,0.03059218313264496,0.03894352843208895,0.04270521582525815,0.030840419097696588,0.050573014446386025,0.047988441191421774,0.036897682675139,0.028756448597299443,0.025112061953931692,0.014932266916600477,0.004711500806989674,0.02398413264495632,0.02943013995552025,0.02215916475615568,0.014498599955520254,0.08403647374424146,0.03220654592851469,0.05120392504845114,0.10370298051787132,0.09260105778872121,0.10373050410802223,0.06805531227958696,0.02804142885146942,0.03942515543129468,0.03715884806036536,0.040040128425734706,0.0436306181477363,0.025816537197776008,0.016787107342335187,0.02447607589833201,0.019848703158061955,0.04109868719618745,0.04091305181572676
Softw,0.024662944779984108,0.01687098602859412,0.010949403102462271,0.012999636200158858,0.01474401941699762,0.03803945733121524,0.04574170023669579,0.03337596255917394,0.03161772749166005,0.030646312870532166,0.03326706594757744,0.0436378090675139,0.07030159637490073,0.030830728203335978,0.02752559971405877,0.028551755251787134,0.029805749056393955,0.03796661846544876,0.040681034806989674,0.029800447420174743,0.0480081355949166,0.0462067766878475,0.036034287040508345,0.028644414433677517,0.023280058951548853,0.013848325134233522,0.003644982428911836,0.023350835980937252,0.028574149310563946,0.021666806635424935,0.013914840295472597,0.08390821809531376,0.03322333242414614,0.05166374298490863,0.09260105778872121,0.09624817731374107,0.0978258471612391,0.06537570862589358,0.02669229120095314,0.038401450169976176,0.03662584703256552,0.039932555618745036,0.04397045144082605,0.02614955585861795,0.01690579206671962,0.02438441758379667,0.02021987939475774,0.04013933382843526,0.040796898648133434
Chips,0.025474574405083404,0.017949592152501984,0.011786596752978553,0.01438288040667196,0.015459974354249407,0.04023036619539317,0.04766695384908657,0.03596419963780779,0.03449549800158857,0.03267301776648134,0.03446455375377284,0.04516130973153296,0.07461823224146148,0.03528620185544084,0.030356961938046066,0.03139599719142176,0.03303892488006354,0.04219168484193804,0.04692425142494043,0.03305379401429706,0.057120475177124694,0.05272383609213663,0.040511628886417794,0.0321541802573471,0.028140652295472596,0.017119048902303417,0.0027484658109610833,0.02658289620333598,0.03419787779507545,0.02504713992692613,0.01752665466560762,0.09109462794598887,0.03523450117871327,0.05496095718506751,0.10373050410802223,0.0978258471612391,0.12014640504527403,0.07613761445591741,0.030271089963463057,0.043533879053216845,0.04111702691660047,0.04300553662271643,0.04684195918030183,0.02712952012073074,0.01837569606354249,0.026871934309769658,0.020941324365369343,0.0451945513582208,0.04372006361874503
LabEq,0.019512858268467034,0.013593068085782365,0.009558567720413023,0.010587472724384428,0.013448787736298647,0.02873627380460683,0.034276836505162826,0.026209302144559174,0.0250488708816521,0.023521209626687842,0.02619259586973788,0.03339347043685464,0.05496350265289912,0.025888606322478157,0.02191635749007148,0.024582017061159655,0.023915868403494835,0.030651994725972995,0.03283727224781572,0.02371747475774424,0.0397469445274027,0.03701434163621922,0.029568048705321676,0.023690720635424937,0.019746021096108027,0.013483462938840349,0.002698614773629864,0.020292495631453532,0.02375448530579825,0.019880966481334392,0.013273933121525017,0.061299724829229546,0.02526813852263701,0.038415170548054,0.06805531227958696,0.06537570862589358,0.07613761445591741,0.05893804740270055,0.022274176648133442,0.03169515952343129,0.029367657442414607,0.030153260810166786,0.03302282741858618,0.020121775726767273,0.01341653407466243,0.020065483018268465,0.015119784305003972,0.031184782589356624,0.03204823459888802
