,Agric,Food ,Soda ,Beer ,Smoke,Toys ,Fun  ,Books,Hshld,Clths,Hlth ,MedEq,Drugs,Chems,Rubbr,Txtls,BldMt,Cnstr,Steel,FabPr,Mach ,ElcEq,Autos,Aero ,Ships,Guns ,Gold ,Mines,Coal ,Oil  ,Util ,Telcm,PerSv,BusSv,Hardw,Softw,Chips,LabEq,Paper,Boxes,Trans,Whlsl,Rtail,Meals,Banks,Insur,RlEst,Fin  ,Other
Agric,0.05649699871485306,0.007212676833995234,0.006519567482128674,0.006477100497220015,0.008720194332009532,0.013562689677521845,0.016403130698967438,0.01204328904845115,0.011864386767275616,0.011049839193010325,0.013565638759332803,0.015678944746624308,0.02198364006671962,0.011599773062748215,0.011460642578236695,0.012700594074662423,0.011752169760127084,0.014129085661636221,0.014926412562351069,0.01245645235424941,0.01530261973947577,0.014399912927720413,0.014536466706910245,0.01386857324384432,0.010130389661636222,0.009121459226370135,0.009990473261318506,0.013684839278792693,0.00972487114853058,0.009938437013502778,0.0077800954598888,0.023159303337569506,0.013217307863383638,0.016924345426528997,0.02369547145512312,0.024206403464654486,0.0248226188943606,0.019062820727561557,0.010571188467037331,0.012688338975377281,0.013590051602859407,0.013966392081016675,0.015749195308975377,0.011911004085782367,0.007269659918983319,0.010573270384432088,0.008145556104845115,0.012961058791104051,0.014651033150119145
Food ,0.007212676833995234,0.013519272722795869,0.005738036775218429,0.00565941031135822,0.010106890427323273,0.009114765216838759,0.012341262168387608,0.010496290821286735,0.010159373836378075,0.010065398703733118,0.010449134555996824,0.010170870065131055,0.016017754970611593,0.011233025720413028,0.008210255903097697,0.009799717029388401,0.00956634495313741,0.0125573770420969,0.012531535402700553,0.00880965685305798,0.012494586277998413,0.010955642471803015,0.012701598290706908,0.01112731124543288,0.008391658719618745,0.005591834076250992,-0.0014099693947577444,0.007823848994440033,0.009421944393963466,0.007824596060365367,0.00823323987926926,0.016823555404289117,0.009556419666401908,0.011935525118347891,0.016586626206513105,0.016732150050833998,0.01762931666084194,0.013335074401906276,0.009890759745830022,0.01225604258141382,0.01187191585067514,0.009886088888006354,0.01260341010166799,0.00859468833042097,0.006274706120730739,0.010456894422557584,0.006539013115170769,0.010480826422557587,0.011382653877680698
Soda ,0.006519567482128674,0.005738036775218429,0.033614184813343925,0.007017210436854647,0.009484259189833201,0.0070865509134233505,0.009042309658459098,0.00813215253375695,0.007894108943606036,0.007340146401906274,0.007945886147736296,0.0067116511517077045,0.01094466357426529,0.008518988991262907,0.00584054212867355,0.009810346656076252,0.0071618922637013485,0.008772706243050037,0.01002182738681493,0.00468233380460683,0.008769197235901511,0.006896085528196979,0.010369047402700556,0.00710902352660842,0.0058555494837172345,0.0024329677045274007,-0.0038433022398729156,0.007442127116759334,0.006209592692613185,0.006629378300238285,0.007223725782366957,0.011723542065131059,0.007600222811755361,0.00844002154090548,0.010485511278792692,0.010917597092930898,0.011827750659253377,0.009499642732327243,0.007936361810961082,0.010351865655281971,0.008805083494837171,0.0073464375059571095,0.009777684400317711,0.006552859571088164,0.004996289642573471,0.00872071620333598,0.005200120190627483,0.008000907815726769,0.0077102347895154875
Beer ,0.006477100497220015,0.00565941031135822,0.007017210436854647,0.029202950943606032,0.008912873480540111,0.007516773845909454,0.00852764316918189,0.007233521887212073,0.006821139618745035,0.007790761995234313,0.008664849415409053,0.008367949855440825,0.01244811498967434,0.008352957138999206,0.007268503540905479,0.007237439952343129,0.007550681702938841,0.00932468881969817,0.009604775383637807,0.00603992781731533,0.009728693531374105,0.008730401658459093,0.00947618569658459,0.008680765021445588,0.0050281962446386014,0.0028670869245432887,-0.001465882741858618,0.007414747701350277,0.007896986503574262,0.00660497683876092,0.007317802503574264,0.01286079803494837,0.008474538903891979,0.009318884031771247,0.013214776986497223,0.012848695810961083,0.01440382074980143,0.010577921594916596,0.008013727307386814,0.007726186187450358,0.008857568406671965,0.008190465440826052,0.010474767197776012,0.0070045737505957115,0.00463602247339158,0.007827341876092134,0.004922211094519459,0.008313535023034153,0.00917999482764098
Smoke,0.008720194332009532,0.010106890427323273,0.009484259189833201,0.008912873480540111,0.08187899441461477,0.010577424724384431,0.014128357553613982,0.012036248120730737,0.009917599396346306,0.010507563850675136,0.01291441885305798,0.011911309477362988,0.018000310760921363,0.015764307698173156,0.010713438500397137,0.009763089626687848,0.010658789528196985,0.012804998011119936,0.016227051240667197,0.006246361658459094,0.013336844625893563,0.011309480406671964,0.015411697162827642,0.012182160038125495,0.008340936019062748,0.007636052416203339,-0.004752827456711675,0.013748644880063544,0.016243619532962664,0.011607708752978552,0.013150995526608419,0.015535839574265284,0.01224966538522637,0.012322821274027002,0.015621329709293093,0.014762680813343922,0.015255362459094519,0.013227870652899123,0.012881709293089752,0.016139065067513895,0.012983919726767278,0.011193229801429705,0.013847202071485303,0.008992326138204923,0.008114385016679904,0.01338556226211279,0.005524571780778396,0.011875748225575853,0.012881282154090545
Toys ,0.013562689677521845,0.009114765216838759,0.0070865509134233505,0.007516773845909454,0.010577424724384431,0.03884831336616361,0.023848530357426526,0.017929798303415404,0.016321768260524224,0.018153195621922157,0.016280237947577436,0.02085497753137411,0.030428644517871316,0.017788800533756945,0.014702101153296265,0.01757860584590945,0.016966453992057186,0.02055404252263701,0.02108496968387609,0.01578506634471803,0.023141146770452734,0.02063669057347101,0.020924154700556002,0.016294705868149323,0.012180179990468625,0.0070203516695790304,0.002729226967434471,0.013851679224781574,0.014328810891183482,0.011861857982525814,0.008742801245432882,0.037041070646544876,0.017371917617156472,0.023711329677521844,0.0379104330929309,0.037915726246227154,0.039828970274821275,0.028409064648133434,0.015190500142970607,0.021434327180301825,0.019779599409054806,0.019761987259729944,0.022819148949960292,0.014684828378077842,0.009314916104845113,0.013411815097696584,0.010544076848292295,0.01969206660524225,0.020739358532168385
Fun  ,0.016403130698967438,0.012341262168387608,0.009042309658459098,0.00852764316918189,0.014128357553613982,0.023848530357426526,0.04366903916600476,0.021272848610007944,0.02000662629070691,0.02080185105639396,0.02113674734710087,0.025109281826846703,0.038155930818109605,0.02147250467831612,0.017507550969023036,0.020067700698967433,0.019956261000794284,0.02441347564733915,0.025419956314535346,0.018800748252581413,0.027304975361397935,0.02559218322478157,0.02574688575059571,0.02188644652104845,0.013599419602859411,0.00966581393963463,0.0012257126449563144,0.013805117823669581,0.01686004123907863,0.015545348371723593,0.011909611596505163,0.04476540555202542,0.020732865734710084,0.02882411077045274,0.04404948337569499,0.04558419676727561,0.04727337129467832,0.03388866738681493,0.01919213505957109,0.025547301930103256,0.024998890579825253,0.02315677546465449,0.028572863566322486,0.01878195367752184,0.011614578610007944,0.018056102740270058,0.012631811024622719,0.02366017449563145,0.02628863030976966
Books,0.01204328904845115,0.010496290821286735,0.00813215253375695,0.007233521887212073,0.012036248120730737,0.017929798303415404,0.021272848610007944,0.03160658258300238,0.016383204575059568,0.01603859274344718,0.016923709617156474,0.01808640153772835,0.02814488227482128,0.017462419679110403,0.01417684824146148,0.017114917172359013,0.01592517122160445,0.0193425717934869,0.020415601950754564,0.013576432393963462,0.021722468746624302,0.019615721569499603,0.020736181115170765,0.016160904165210484,0.01210783061477363,0.00904925786814932,-0.003947969995234312,0.012396568508339954,0.017364899774424146,0.012873296489277207,0.011270706452740272,0.033734874814932474,0.01705073849086577,0.02162495884988085,0.03277862591898332,0.03326893778554408,0.03568115867196188,0.026000440108022233,0.015821849436060367,0.02187560117553615,0.01951149449404289,0.017244443208895947,0.022276906865766475,0.013876630328832405,0.009839079974583002,0.01485225790627482,0.009629099297855439,0.018808003945988885,0.019913374500397138
Hshld,0.011864386767275616,0.010159373836378075,0.007894108943606036,0.006821139618745035,0.009917599396346306,0.016321768260524224,0.02000662629070691,0.016383204575059568,0.0239036710087371,0.016277890452740265,0.015181597378872124,0.017121119936457506,0.025921293121525017,0.017917376060365368,0.013201358395552022,0.017425910563939634,0.015951715107227957,0.02019054351072279,0.021039902875297858,0.015100384193804606,0.021484821985702937,0.019017869864972198,0.02070772555996823,0.01619068449563145,0.012971562764098492,0.008368172819698176,-0.00014616257347100915,0.01467050945194599,0.013235205591739477,0.012330744368546467,0.01091803987291501,0.030760322430500392,0.01607213086576648,0.02076729305798253,0.0315265644003177,0.03119091836378078,0.03384026789515488,0.024533961207307386,0.016124467132644954,0.021331747021445593,0.019755503065925332,0.017124666290706907,0.02173551750595711,0.014267313613979345,0.0095631789197776,0.014737317283558373,0.009153713073868149,0.01783530521048451,0.018560027005559965
Clths,0.011049839193010325,0.010065398703733118,0.007340146401906274,0.007790761995234313,0.010507563850675136,0.018153195621922157,0.02080185105639396,0.01603859274344718,0.016277890452740265,0.025632871523431293,0.014545160552819698,0.016428349159650513,0.02556089655917395,0.017389674274821285,0.01367698715806195,0.017678848355837964,0.015807412816521052,0.02003808490548054,0.02064736812708499,0.014049346312946782,0.020425829502779987,0.018973898865766475,0.020545097575853852,0.01740712756791104,0.011720103262907068,0.006834570382843526,-0.0002166521747418584,0.01481348094042891,0.01511736698332009,0.01156492511517077,0.009733927377283558,0.03036681056711675,0.01563454983320095,0.02046943623828435,0.03040509244162033,0.030438737461477353,0.032145756231930105,0.02320858690389198,0.015282418300238285,0.020279719618745033,0.020025020378077844,0.01700165308975377,0.022799711714058778,0.014543211348689434,0.008965016597299445,0.01400757792533757,0.009823252543288323,0.01706776290389198,0.019309383949166006
Hlth ,0.013565638759332803,0.010449134555996824,0.007945886147736296,0.008664849415409053,0.01291441885305798,0.016280237947577436,0.02113674734710087,0.016923709617156474,0.015181597378872124,0.014545160552819698,0.03314830305162828,0.019783145896743452,0.03147192565210485,0.01663175845432883,0.013873648938840346,0.016197369579030976,0.014671206665607624,0.018750184362192213,0.01967503763621922,0.013937976223987288,0.020585998020651308,0.019175632171564733,0.018810263523431292,0.01716105857505957,0.011598237343923748,0.007862139613979347,0.0027377587958697363,0.011557442182684669,0.01568685615885624,0.014134524479745827,0.010714942760921364,0.03206016339793487,0.016415555679110405,0.022355954875297856,0.03203318647974584,0.0328028716584591,0.03386908655440826,0.025712287167593335,0.014606359745830022,0.018275198228752974,0.018010441105639395,0.01790025276409849,0.021011621895154885,0.01406562911517077,0.009484847261318504,0.015738218749801428,0.00956684024146148,0.017471308277998414,0.0187421429579031
MedEq,0.015678944746624308,0.010170870065131055,0.0067116511517077045,0.008367949855440825,0.011911309477362988,0.02085497753137411,0.025109281826846703,0.01808640153772835,0.017121119936457506,0.016428349159650513,0.019783145896743452,0.03115907501826847,0.04055232024781572,0.017143883930103257,0.015242841896743447,0.016079296108022237,0.01614354556314536,0.02089366270373312,0.022292689474185858,0.017102126935663223,0.024391856279586968,0.024001354001588565,0.02058121807148531,0.016812324108022237,0.011450484282764097,0.008924378100079428,0.003242474478157267,0.013315391275615566,0.016830326138204926,0.014857859253375691,0.009034745251787135,0.03943515110087371,0.0182022629706116,0.026669974373312144,0.04244101245115172,0.04314456298332008,0.04445572878792693,0.03276456251628276,0.015297461540905478,0.020620589849086577,0.019293521671167588,0.021147301429706108,0.02284415343288324,0.01486247697537728,0.009145492679904683,0.01390740782525814,0.011006377575853852,0.020050563275615562,0.022974881753772835
Drugs,0.02198364006671962,0.016017754970611593,0.01094466357426529,0.01244811498967434,0.018000310760921363,0.030428644517871316,0.038155930818109605,0.02814488227482128,0.025921293121525017,0.02556089655917395,0.03147192565210485,0.04055232024781572,0.08046972366004766,0.027236639914217625,0.02257925691183479,0.024412310849880856,0.024154357057982526,0.03250711956791103,0.03298693263860206,0.024293364247815724,0.03824961056711676,0.038914146109610796,0.029789845534551232,0.025443001324861002,0.01834997960921366,0.009955512066719616,-0.0007534868054011113,0.01926407134551231,0.02491296606195393,0.022784882573471006,0.015842770427323273,0.06401558542017474,0.026788950405083393,0.042287174316123895,0.06876109236219222,0.06958875256870531,0.07351150339634631,0.05411841832565527,0.022965447212073074,0.032015333328038124,0.03011959003653693,0.032319153121525016,0.034739865121525014,0.02178449741699762,0.014352127177124703,0.022610682786338366,0.01739987328991263,0.0316432616330421,0.035971659469420166
Chems,0.011599773062748215,0.011233025720413028,0.008518988991262907,0.008352957138999206,0.015764307698173156,0.017788800533756945,0.02147250467831612,0.017462419679110403,0.017917376060365368,0.017389674274821285,0.01663175845432883,0.017143883930103257,0.027236639914217625,0.02950948698808577,0.014874090196981734,0.019072296981731532,0.017440230360603652,0.021115805610802223,0.02445498478792693,0.01509753525178713,0.023475114913423353,0.020404657131056398,0.023659291844320893,0.018585645084988084,0.014838271542494043,0.00818785080063542,-0.002049915402700553,0.016917939631453535,0.016095872031771246,0.016049359618745037,0.01376644332962669,0.031023084833995223,0.016800005941223193,0.021159572451151708,0.031294346041302615,0.030151504198570295,0.0343736093121525,0.025204634382843524,0.020040507132644953,0.025592717212073072,0.021792749280381253,0.017845396656076252,0.022552603639396346,0.014597201455123113,0.010511662536934075,0.016717777777601264,0.009233776305003969,0.018821712370135024,0.020728180149324867
Rubbr,0.011460642578236695,0.008210255903097697,0.00584054212867355,0.007268503540905479,0.010713438500397137,0.014702101153296265,0.017507550969023036,0.01417684824146148,0.013201358395552022,0.01367698715806195,0.013873648938840346,0.015242841896743447,0.02257925691183479,0.014874090196981734,0.04986608625734709,0.013014073248610007,0.013355477572676726,0.016029761416997617,0.018930176718030184,0.012451999429706118,0.01832811869420175,0.01722155844956314,0.016509861979348686,0.012313491915806194,0.010777686220810163,0.008031200538522635,-0.002723518865766483,0.01099179929785544,0.012030304692613188,0.010642600857823668,0.008683378961080221,0.02772882071961874,0.01382380991262907,0.018063598725972994,0.02757222756632248,0.027198654,0.02994301366481334,0.021599290046068302,0.013693131215250199,0.017556423518665605,0.016846784387609205,0.01520165988085782,0.017774311820492453,0.011754957451945987,0.007857566587768072,0.011539784258935664,0.008645876829229545,0.014875318343129463,0.016460909553613977
Txtls,0.012700594074662423,0.009799717029388401,0.009810346656076252,0.007237439952343129,0.009763089626687848,0.01757860584590945,0.020067700698967433,0.017114917172359013,0.017425910563939634,0.017678848355837964,0.016197369579030976,0.016079296108022237,0.024412310849880856,0.019072296981731532,0.013014073248610007,0.05747710332009532,0.017263460111199364,0.021701159332803806,0.023041078951548846,0.014933690849880856,0.021664730611596506,0.019275529086576645,0.021898767402700553,0.01828229752184273,0.01264736196981731,0.008115760841938047,0.0028281462748212852,0.015451884829229545,0.018475981096108016,0.01622795113582208,0.012738707799841145,0.029162548451151703,0.01784190462271644,0.020001811215250197,0.02809288198570294,0.027975111469420177,0.03083155787132645,0.02416426656076251,0.017564254074662434,0.02381356046068308,0.02029518900714853,0.017117053105639393,0.021291614821286733,0.0146830581731533,0.009661304416203336,0.014373524559173945,0.010324449340746623,0.017859189340746623,0.018648011532962673
BldMt,0.011752169760127084,0.00956634495313741,0.0071618922637013485,0.007550681702938841,0.010658789528196985,0.016966453992057186,0.019956261000794284,0.01592517122160445,0.015951715107227957,0.015807412816521052,0.014671206665607624,0.01614354556314536,0.024154357057982526,0.017440230360603652,0.013355477572676726,0.017263460111199364,0.02124893613343923,0.01991028688800636,0.02107433580937252,0.014696296851469417,0.021406387742652893,0.01885725844638602,0.021016691227958694,0.0177587386624305,0.012381472578236697,0.010497599987291498,-0.001424042935663223,0.014059239307386812,0.014353558366957907,0.012763090230341542,0.010727388924543288,0.02958522609054805,0.01516473258141382,0.019648834605242256,0.03000352308816521,0.029248965598093722,0.03239321784908658,0.023426134189038914,0.016165240762509928,0.021170346656076252,0.019033987729944406,0.016912989579030972,0.020713699234312946,0.01377653472279587,0.009187727237490072,0.01434565303891978,0.009105212536934073,0.017090225950754562,0.01913505727084988
Cnstr,0.014129085661636221,0.0125573770420969,0.008772706243050037,0.00932468881969817,0.012804998011119936,0.02055404252263701,0.02441347564733915,0.0193425717934869,0.02019054351072279,0.02003808490548054,0.018750184362192213,0.02089366270373312,0.03250711956791103,0.021115805610802223,0.016029761416997617,0.021701159332803806,0.01991028688800636,0.04095240695154885,0.025902159351866554,0.017758715723590154,0.02621583069737888,0.023778169423351862,0.02547446857505957,0.020434345366163616,0.014224495898332011,0.01133902832724384,-0.001324726398729152,0.018014020117553618,0.018905533108816524,0.01759198738681493,0.01389132236378078,0.03753056515329626,0.020412802986497215,0.02467866840984909,0.038113106757744236,0.03728625373153296,0.041224760946783165,0.029924045166004776,0.019689194853057982,0.025349842414614774,0.023666119072279584,0.02096836527402701,0.026500929321683863,0.016701806208101664,0.011324301979348687,0.01771656036219222,0.011083591123113584,0.022437601169181896,0.024780344737092935
Steel,0.014926412562351069,0.012531535402700553,0.01002182738681493,0.009604775383637807,0.016227051240667197,0.02108496968387609,0.025419956314535346,0.020415601950754564,0.021039902875297858,0.02064736812708499,0.01967503763621922,0.022292689474185858,0.03298693263860206,0.02445498478792693,0.018930176718030184,0.023041078951548846,0.02107433580937252,0.025902159351866554,0.040157595272438444,0.017848218262112785,0.02883549027482129,0.025106513525019858,0.028076666554408245,0.02219299675297855,0.017116647872915013,0.01116495527243844,0.00205010701191422,0.020954421045274025,0.021670934589356632,0.019203207625099285,0.013923747602859412,0.04132286790786338,0.020488011024622714,0.02676147159332804,0.04156216036219221,0.03980089894837172,0.04571743344241461,0.03191700280222398,0.02136080203335981,0.028996245877680685,0.025792350996028588,0.022710593709293087,0.026178518277998407,0.017863306840349483,0.011848662576648131,0.018248183885623506,0.01206014879110405,0.023106987977760122,0.024087538687847496
FabPr,0.01245645235424941,0.00880965685305798,0.00468233380460683,0.00603992781731533,0.006246361658459094,0.01578506634471803,0.018800748252581413,0.013576432393963462,0.015100384193804606,0.014049346312946782,0.013937976223987288,0.017102126935663223,0.024293364247815724,0.01509753525178713,0.012451999429706118,0.014933690849880856,0.014696296851469417,0.017758715723590154,0.017848218262112785,0.058788195741064336,0.020463726262112784,0.018044218484511515,0.016437873016679906,0.015084546781572675,0.01171396140428912,0.012818061383637808,0.015575594926131846,0.014924652648133441,0.014245062996028594,0.013090008991262909,0.008055044835583796,0.028631100710087364,0.014713733375694994,0.01892256292613185,0.03021837621445592,0.029291696277998415,0.03243008857505958,0.023219767301032562,0.013652785448768865,0.01840799011119936,0.01647756017156473,0.016436027394757743,0.01876449189674345,0.012719867456711675,0.008099382324066718,0.012553259204130262,0.008355351764892773,0.015536720640190625,0.017174683138999204
Mach ,0.01530261973947577,0.012494586277998413,0.008769197235901511,0.009728693531374105,0.013336844625893563,0.023141146770452734,0.027304975361397935,0.021722468746624302,0.021484821985702937,0.020425829502779987,0.020585998020651308,0.024391856279586968,0.03824961056711676,0.023475114913423353,0.01832811869420175,0.021664730611596506,0.021406387742652893,0.02621583069737888,0.02883549027482129,0.020463726262112784,0.03648671027164416,0.028338563444003182,0.0265880703288324,0.022287822211278792,0.017859494633836372,0.01150508101350278,0.0006701105766481332,0.017691320883240668,0.02200416585861795,0.019851856425734705,0.013645419907863384,0.04609202755520253,0.02154403113582208,0.029665788206513104,0.04960350498173153,0.04725254355202542,0.05613098656711676,0.03895760338046068,0.02072736730738682,0.029200372883240667,0.025903419545671165,0.0242491858141382,0.027882957207307376,0.017793604721207307,0.011954854255758537,0.018381662020651307,0.012921202967434469,0.025144802691024617,0.025779202077839562
ElcEq,0.014399912927720413,0.010955642471803015,0.006896085528196979,0.008730401658459093,0.011309480406671964,0.02063669057347101,0.02559218322478157,0.019615721569499603,0.019017869864972198,0.018973898865766475,0.019175632171564733,0.024001354001588565,0.038914146109610796,0.020404657131056398,0.01722155844956314,0.019275529086576645,0.01885725844638602,0.023778169423351862,0.025106513525019858,0.018044218484511515,0.028338563444003182,0.0384825899030977,0.022762018579825256,0.01922107853216839,0.014851188111199363,0.010594280133439236,0.0006467612454328818,0.015373320266878479,0.018923962897537727,0.01642218735504369,0.011578981343923747,0.04330206136298649,0.019386139412231926,0.0278335615694996,0.0470354927212073,0.04539351486576649,0.05157202549960286,0.03619221716282764,0.01747123618745036,0.023148517712470208,0.023090227787132645,0.0222949418268467,0.02520976075615568,0.016051916117553612,0.010402424101667992,0.01599437715011914,0.011942852810166797,0.022656675475774424,0.023663711872915008
Autos,0.014536466706910245,0.012701598290706908,0.010369047402700556,0.00947618569658459,0.015411697162827642,0.020924154700556002,0.02574688575059571,0.020736181115170765,0.02070772555996823,0.020545097575853852,0.018810263523431292,0.02058121807148531,0.029789845534551232,0.023659291844320893,0.016509861979348686,0.021898767402700553,0.021016691227958694,0.02547446857505957,0.028076666554408245,0.016437873016679906,0.0265880703288324,0.022762018579825256,0.03891329293725178,0.02401567142811755,0.016421984406671954,0.010736923138999205,-0.0021992659634630656,0.01874159325178713,0.01861207240031772,0.0151219343923749,0.014803425836378078,0.037041954204924545,0.02020094077839555,0.024857709312152497,0.0361593605909452,0.03541020373629865,0.03966943756632247,0.028972784902303417,0.021754648737092933,0.027925696108022233,0.026532229210484516,0.020772314821286737,0.027655139609213668,0.018206824374900715,0.01202661681969817,0.018979431841143767,0.011429858516282766,0.021956263491660046,0.023868901915806193
Aero ,0.01386857324384432,0.01112731124543288,0.00710902352660842,0.008680765021445588,0.012182160038125495,0.016294705868149323,0.02188644652104845,0.016160904165210484,0.01619068449563145,0.01740712756791104,0.01716105857505957,0.016812324108022237,0.025443001324861002,0.018585645084988084,0.012313491915806194,0.01828229752184273,0.0177587386624305,0.020434345366163616,0.02219299675297855,0.015084546781572675,0.022287822211278792,0.01922107853216839,0.02401567142811755,0.05564728460524226,0.014536971475774423,0.010039938365369339,0.0017702114154090555,0.01565815641302621,0.016326298516282763,0.014122337505957108,0.011595997591739474,0.029553517834789506,0.017134473518665604,0.020584890741858614,0.028183687413820498,0.02816249475297855,0.03142347593010326,0.02313101324225576,0.018753374328832405,0.022428045837966638,0.022541356517871328,0.017346059070691023,0.022291975296266874,0.015603466662430501,0.009986151569499602,0.01576336090389198,0.009481125458300238,0.017921119941223192,0.019697767269261323
Ships,0.010130389661636222,0.008391658719618745,0.0058555494837172345,0.0050281962446386014,0.008340936019062748,0.012180179990468625,0.013599419602859411,0.01210783061477363,0.012971562764098492,0.011720103262907068,0.011598237343923748,0.011450484282764097,0.01834997960921366,0.014838271542494043,0.010777686220810163,0.01264736196981731,0.012381472578236697,0.014224495898332011,0.017116647872915013,0.01171396140428912,0.017859494633836372,0.014851188111199363,0.016421984406671954,0.014536971475774423,0.0434669791008737,0.010335236498808577,0.00039204749166004636,0.010982537652104841,0.011852750112787927,0.012170809023034152,0.009688505899920574,0.022656159860206505,0.0125566149324861,0.015491231091342336,0.024699087104050835,0.022838679669579028,0.027701671084988083,0.01944924415567911,0.01260455796664019,0.01780527081810961,0.014301642586179506,0.01289177299444003,0.015226373699761719,0.009170616146147736,0.0075911528006354255,0.012129785613979347,0.007028585220015885,0.013932586573471007,0.014410887872915012
Guns ,0.009121459226370135,0.005591834076250992,0.0024329677045274007,0.0028670869245432887,0.007636052416203339,0.0070203516695790304,0.00966581393963463,0.00904925786814932,0.008368172819698176,0.006834570382843526,0.007862139613979347,0.008924378100079428,0.009955512066719616,0.00818785080063542,0.008031200538522635,0.008115760841938047,0.010497599987291498,0.01133902832724384,0.01116495527243844,0.012818061383637808,0.01150508101350278,0.010594280133439236,0.010736923138999205,0.010039938365369339,0.010335236498808577,0.10638601076886418,0.011625488664019067,0.012903006986497222,0.014896403945988883,0.01103380362192216,0.008273545124702145,0.014658074254169972,0.008283093947577442,0.010255160409849088,0.014566777208895949,0.013619679035742651,0.016750224625893567,0.013092025391580617,0.00899022046068308,0.012124474733915806,0.006677863243844318,0.009614043550436855,0.009759712455917394,0.0044372803431294685,0.006062261170770453,0.007758347118347893,0.004182516479745829,0.008347859248610008,0.010499323850675134
Gold ,0.009990473261318506,-0.0014099693947577444,-0.0038433022398729156,-0.001465882741858618,-0.004752827456711675,0.002729226967434471,0.0012257126449563144,-0.003947969995234312,-0.00014616257347100915,-0.0002166521747418584,0.0027377587958697363,0.003242474478157267,-0.0007534868054011113,-0.002049915402700553,-0.002723518865766483,0.0028281462748212852,-0.001424042935663223,-0.001324726398729152,0.00205010701191422,0.015575594926131846,0.0006701105766481332,0.0006467612454328818,-0.0021992659634630656,0.0017702114154090555,0.00039204749166004636,0.011625488664019067,0.30814067203177126,0.030809259679110402,0.004075810427323272,0.012126667768069897,-0.0003420491247021442,0.003079816613185067,0.0035237177442414614,0.0022934620937251787,0.0031963425226370157,0.0023174898776806957,0.0011914231167593306,0.0013961085369340737,-0.0028290206830818092,-0.0015197357108816536,-0.0026835082255758525,0.002365509817315329,-0.0015559475361397927,9.782369499602858e-05,-0.00030657677204130217,-0.002598992492454331,0.006453938973788719,-0.001110508813343922,-0.0035269978332009514
Mines,0.013684839278792693,0.007823848994440033,0.007442127116759334,0.007414747701350277,0.013748644880063544,0.013851679224781574,0.013805117823669581,0.012396568508339954,0.01467050945194599,0.01481348094042891,0.011557442182684669,0.013315391275615566,0.01926407134551231,0.016917939631453535,0.01099179929785544,0.015451884829229545,0.014059239307386812,0.018014020117553618,0.020954421045274025,0.014924652648133441,0.017691320883240668,0.015373320266878479,0.01874159325178713,0.01565815641302621,0.010982537652104841,0.012903006986497222,0.030809259679110402,0.06773448329785543,0.011848246017474185,0.013371527847498012,0.010789573839555203,0.022420976054011124,0.013607900873709293,0.015783789922160445,0.022302354100079424,0.02219297767434471,0.024926935034154094,0.018918453674344714,0.014240262271644162,0.0209307682446386,0.016895976590945196,0.01450214149324861,0.016868389296266877,0.011304234395552025,0.008432514557585386,0.01319275584114376,0.007437193467831612,0.015449868552819697,0.015988466668784753
Coal ,0.00972487114853058,0.009421944393963466,0.006209592692613185,0.007896986503574262,0.016243619532962664,0.014328810891183482,0.01686004123907863,0.017364899774424146,0.013235205591739477,0.01511736698332009,0.01568685615885624,0.016830326138204926,0.02491296606195393,0.016095872031771246,0.012030304692613188,0.018475981096108016,0.014353558366957907,0.018905533108816524,0.021670934589356632,0.014245062996028594,0.02200416585861795,0.018923962897537727,0.01861207240031772,0.016326298516282763,0.011852750112787927,0.014896403945988883,0.004075810427323272,0.011848246017474185,0.12535316680540112,0.026965864495631455,0.017764338071485305,0.030245717756949956,0.015675073836378076,0.018824733134233523,0.029023693356632237,0.028335674897537733,0.03360280392692613,0.022981975415409046,0.016193370865766485,0.022768205019857025,0.016737493648927716,0.01618473359809372,0.020248088635424936,0.013138247968228751,0.008958411774424148,0.014507853369340752,0.00993338199205719,0.016597914649722,0.018838377099285153
Oil  ,0.009938437013502778,0.007824596060365367,0.006629378300238285,0.00660497683876092,0.011607708752978552,0.011861857982525814,0.015545348371723593,0.012873296489277207,0.012330744368546467,0.01156492511517077,0.014134524479745827,0.014857859253375691,0.022784882573471006,0.016049359618745037,0.010642600857823668,0.01622795113582208,0.012763090230341542,0.01759198738681493,0.019203207625099285,0.013090008991262909,0.019851856425734705,0.01642218735504369,0.0151219343923749,0.014122337505957108,0.012170809023034152,0.01103380362192216,0.012126667768069897,0.013371527847498012,0.026965864495631455,0.044088365941223194,0.014899453057982529,0.021634179793486894,0.012969751771247021,0.01637030627482129,0.021338238983320094,0.0210553599364575,0.02426816142970611,0.019250260460683077,0.012865897855440825,0.018597801334392372,0.01510670220810167,0.013927916187450354,0.01442443072279587,0.010055063669579032,0.007072714027005561,0.01171962528991263,0.008171296266878476,0.013415997934868943,0.01504399895154885
Util ,0.0077800954598888,0.00823323987926926,0.007223725782366957,0.007317802503574264,0.013150995526608419,0.008742801245432882,0.011909611596505163,0.011270706452740272,0.01091803987291501,0.009733927377283558,0.010714942760921364,0.009034745251787135,0.015842770427323273,0.01376644332962669,0.008683378961080221,0.012738707799841145,0.010727388924543288,0.01389132236378078,0.013923747602859412,0.008055044835583796,0.013645419907863384,0.011578981343923747,0.014803425836378078,0.011595997591739474,0.009688505899920574,0.008273545124702145,-0.0003420491247021442,0.010789573839555203,0.017764338071485305,0.014899453057982529,0.022950084295472593,0.01601488233836378,0.010178604066719617,0.011572652664019061,0.014023540670373313,0.013460233124702143,0.017030837947577437,0.01292070944559174,0.011595404606830817,0.015520351834789512,0.013720203793486895,0.009876429864972197,0.012538959498014295,0.00890316232565528,0.007429505175536138,0.01277802208737093,0.005500027634630658,0.011301114548054013,0.01222865772200159
Telcm,0.023159303337569506,0.016823555404289117,0.011723542065131059,0.01286079803494837,0.015535839574265284,0.037041070646544876,0.04476540555202542,0.033734874814932474,0.030760322430500392,0.03036681056711675,0.03206016339793487,0.03943515110087371,0.06401558542017474,0.031023084833995223,0.02772882071961874,0.029162548451151703,0.02958522609054805,0.03753056515329626,0.04132286790786338,0.028631100710087364,0.04609202755520253,0.04330206136298649,0.037041954204924545,0.029553517834789506,0.022656159860206505,0.014658074254169972,0.003079816613185067,0.022420976054011124,0.030245717756949956,0.021634179793486894,0.01601488233836378,0.09539760065289912,0.03218754605242256,0.04839101452899127,0.0831854059110405,0.08329031812708498,0.09008003427164415,0.06042779674027005,0.02714161715647339,0.03880204258141381,0.037145050713264495,0.03724010127879269,0.043129426317712466,0.025855153315329626,0.017558758536934074,0.025207538883240663,0.01873659324543288,0.03981908913264495,0.03912568725655281
PerSv,0.013217307863383638,0.009556419666401908,0.007600222811755361,0.008474538903891979,0.01224966538522637,0.017371917617156472,0.020732865734710084,0.01705073849086577,0.01607213086576648,0.01563454983320095,0.016415555679110405,0.0182022629706116,0.026788950405083393,0.016800005941223193,0.01382380991262907,0.01784190462271644,0.01516473258141382,0.020412802986497215,0.020488011024622714,0.014713733375694994,0.02154403113582208,0.019386139412231926,0.02020094077839555,0.017134473518665604,0.0125566149324861,0.008283093947577442,0.0035237177442414614,0.013607900873709293,0.015675073836378076,0.012969751771247021,0.010178604066719617,0.03218754605242256,0.030525308467037333,0.02161775834789515,0.03172029242255758,0.03277553166004765,0.034708751326449565,0.024835199523431294,0.015239398443208896,0.02020611691818904,0.019699787227958693,0.01765453696584591,0.02193602001588562,0.014464295345512308,0.009720829420174742,0.014355024876886417,0.01024451167593328,0.01799399498014297,0.018335199872915018
BusSv,0.016924345426528997,0.011935525118347891,0.00844002154090548,0.009318884031771247,0.012322821274027002,0.023711329677521844,0.02882411077045274,0.02162495884988085,0.02076729305798253,0.02046943623828435,0.022355954875297856,0.026669974373312144,0.042287174316123895,0.021159572451151708,0.018063598725972994,0.020001811215250197,0.019648834605242256,0.02467866840984909,0.02676147159332804,0.01892256292613185,0.029665788206513104,0.0278335615694996,0.024857709312152497,0.020584890741858614,0.015491231091342336,0.010255160409849088,0.0022934620937251787,0.015783789922160445,0.018824733134233523,0.01637030627482129,0.011572652664019061,0.04839101452899127,0.02161775834789515,0.03411804047021445,0.050689613893566327,0.051299947110405086,0.05435436791739476,0.03791468071167592,0.018648490420969024,0.025853537648927723,0.024540844613185057,0.02460706927720413,0.028053234824463865,0.017730767262907066,0.011517729807783955,0.01756724365687053,0.013104789115170767,0.024870147409054803,0.026541225652104844
Hardw,0.02369547145512312,0.016586626206513105,0.010485511278792692,0.013214776986497223,0.015621329709293093,0.0379104330929309,0.04404948337569499,0.03277862591898332,0.0315265644003177,0.03040509244162033,0.03203318647974584,0.04244101245115172,0.06876109236219222,0.031294346041302615,0.02757222756632248,0.02809288198570294,0.03000352308816521,0.038113106757744236,0.04156216036219221,0.03021837621445592,0.04960350498173153,0.0470354927212073,0.0361593605909452,0.028183687413820498,0.024699087104050835,0.014566777208895949,0.0031963425226370157,0.022302354100079424,0.029023693356632237,0.021338238983320094,0.014023540670373313,0.0831854059110405,0.03172029242255758,0.050689613893566327,0.1026964722017474,0.09181793574424145,0.10242469616203334,0.06698606152184274,0.02734500451151707,0.0383482514932486,0.036587994700556,0.03965093192216044,0.04315475751707704,0.025341447961874507,0.016430518203335978,0.02407199265607625,0.019604886589356635,0.04033771694837172,0.04011435273709292
Softw,0.024206403464654486,0.016732150050833998,0.010917597092930898,0.012848695810961083,0.014762680813343922,0.037915726246227154,0.04558419676727561,0.03326893778554408,0.03119091836378078,0.030438737461477353,0.0328028716584591,0.04314456298332008,0.06958875256870531,0.030151504198570295,0.027198654,0.027975111469420177,0.029248965598093722,0.03728625373153296,0.03980089894837172,0.029291696277998415,0.04725254355202542,0.04539351486576649,0.03541020373629865,0.02816249475297855,0.022838679669579028,0.013619679035742651,0.0023174898776806957,0.02219297767434471,0.028335674897537733,0.0210553599364575,0.013460233124702143,0.08329031812708498,0.03277553166004765,0.051299947110405086,0.09181793574424145,0.09590362168546467,0.09684274245274026,0.06447951581890389,0.02618489432883241,0.03762897409849086,0.03618200667831612,0.039690563947577445,0.04362098372835583,0.02576286645274027,0.016600993691818906,0.02400526569817315,0.019994314770452742,0.039609432691024626,0.04028302358697379
Chips,0.0248226188943606,0.01762931666084194,0.011827750659253377,0.01440382074980143,0.015255362459094519,0.039828970274821275,0.04727337129467832,0.03568115867196188,0.03384026789515488,0.032145756231930105,0.03386908655440826,0.04445572878792693,0.07351150339634631,0.0343736093121525,0.02994301366481334,0.03083155787132645,0.03239321784908658,0.041224760946783165,0.04571743344241461,0.03243008857505958,0.05613098656711676,0.05157202549960286,0.03966943756632247,0.03142347593010326,0.027701671084988083,0.016750224625893567,0.0011914231167593306,0.024926935034154094,0.03360280392692613,0.02426816142970611,0.017030837947577437,0.09008003427164415,0.034708751326449565,0.05435436791739476,0.10242469616203334,0.09684274245274026,0.11874414995393165,0.07500693476092134,0.02945703961874503,0.04246603118347894,0.04041459274980143,0.042458629753772834,0.046275527685464654,0.026638529702938844,0.01794555718189039,0.02642117178395552,0.020628422608419378,0.04435326390150914,0.04284907239396347
LabEq,0.019062820727561557,0.013335074401906276,0.009499642732327243,0.010577921594916596,0.013227870652899123,0.028409064648133434,0.03388866738681493,0.026000440108022233,0.024533961207307386,0.02320858690389198,0.025712287167593335,0.03276456251628276,0.05411841832565527,0.025204634382843524,0.021599290046068302,0.02416426656076251,0.023426134189038914,0.029924045166004776,0.03191700280222398,0.023219767301032562,0.03895760338046068,0.03619221716282764,0.028972784902303417,0.02313101324225576,0.01944924415567911,0.013092025391580617,0.0013961085369340737,0.018918453674344714,0.022981975415409046,0.019250260460683077,0.01292070944559174,0.06042779674027005,0.024835199523431294,0.03791468071167592,0.06698606152184274,0.06447951581890389,0.07500693476092134,0.0580469343669579,0.02169351459888801,0.031091204034948375,0.02884240291024623,0.029710999301032562,0.03256905937410644,0.01984995475138999,0.013100601416997617,0.019710758659253372,0.014860461483717237,0.030468634903891977,0.03153223657505956
