,Agric,Food ,Soda ,Beer ,Smoke,Toys ,Fun  ,Books,Hshld,Clths,Hlth ,MedEq,Drugs,Chems,Rubbr,Txtls,BldMt,Cnstr,Steel,FabPr,Mach ,ElcEq,Autos,Aero ,Ships,Guns ,Gold ,Mines,Coal ,Oil  ,Util ,Telcm,PerSv,BusSv,Hardw,Softw,Chips,LabEq,Paper,Boxes,Trans,Whlsl,Rtail,Meals,Banks,Insur,RlEst,Fin  ,Other
Agric,0.056494020498808584,0.007205869331215252,0.006507538637013502,0.006482470328832406,0.008723482624305006,0.013560882332009533,0.016398581356632247,0.012018398888006352,0.011862374646544879,0.011046815212073072,0.013571042427323272,0.015667214716441617,0.021968773744241464,0.011605206996028593,0.011459468492454331,0.012704932403494837,0.011742664991262907,0.0141137428943606,0.014928884339952346,0.012452167059571088,0.01530468221763304,0.014408357369340744,0.01453057589833201,0.013861425874503576,0.010136301439237492,0.009129970706910247,0.009997840139793483,0.013675980949960287,0.009729087173947574,0.009938398227164415,0.007775879872915014,0.02315878176330421,0.013210764555996821,0.01692633314694202,0.0237099065861795,0.02420849148848292,0.02483744805083399,0.019063342760921365,0.010569395355043688,0.012690559555202542,0.01358316139793487,0.01396859295313741,0.015741894087370933,0.011901561200953138,0.0072688976393963465,0.010572598176330422,0.008142778249404289,0.012953467685464654,0.014646410090548055
Food ,0.007205869331215252,0.01350380940270056,0.005711703760127085,0.005669998454328831,0.01011189862907069,0.00911092255440826,0.012330986702144556,0.010444192279586973,0.010154288991262906,0.010059343655281971,0.010460699321683874,0.010145203858617951,0.01598614622239873,0.01124424866401906,0.008207548365369341,0.009808256192216045,0.009546155722001588,0.01252272812867355,0.012535645134233518,0.008799456289118348,0.01249931501350278,0.010974617996822877,0.01268797997299444,0.011109821490071482,0.008404557261318505,0.005610611215250199,-0.0013929700587768073,0.0078029741350278,0.009426623385226372,0.00782325063383638,0.008222563613979349,0.016821816036536933,0.009541908654487688,0.011939766379666403,0.016618392900714853,0.016737536158856234,0.017662752252581407,0.0133357773121525,0.00988758836536934,0.012262745178713265,0.01185555222398729,0.009891863469420174,0.012586068003177124,0.008575402733915804,0.006272290244638602,0.010453989129467833,0.006533570536934074,0.010463713412231934,0.011372157199364574
Soda ,0.006507538637013502,0.005711703760127085,0.03357951868308181,0.007018706435266084,0.0094675030675139,0.007082706376489278,0.009025411353455122,0.008089043304209691,0.00788016629070691,0.007338197161239079,0.007958288878474983,0.006677997755361397,0.010913029262907069,0.008526591679110403,0.005835514389197776,0.009811374676727562,0.00714190392533757,0.008715780319301033,0.010013365172359016,0.004660170710087372,0.008777699861795074,0.006926282044479745,0.01034341864813344,0.0070663524447974555,0.005872068638602063,0.0024592238602065123,-0.003811627062748213,0.007398842087370927,0.0061672441667990465,0.006614170169976171,0.007194238832406672,0.011714882359015091,0.00757912964892772,0.008444430576648133,0.010529099528196983,0.010933376482922953,0.011882131134233517,0.009495878783161238,0.007940224603653692,0.010380318395552023,0.008769898069896743,0.007364235936457507,0.009740372015885623,0.006542249313741064,0.004985144983320095,0.00870160821445592,0.005199762476568704,0.007973103826846704,0.007692407451945988
Beer ,0.006482470328832406,0.005669998454328831,0.007018706435266084,0.029222565100873715,0.008950524179507544,0.007515019545671169,0.00853370401429706,0.007195091056393964,0.0068332054011119945,0.0077813221969817315,0.008668776837172357,0.008369188779984115,0.012433701050039714,0.008363971472597296,0.007271034929308976,0.007253548417791897,0.007541122273232725,0.009345036284352659,0.009627080406671961,0.006054698271644161,0.009724724691024624,0.00872084898649722,0.00948947095949166,0.008713678417791899,0.00502821268943606,0.002863523081810961,-0.0014819522414614766,0.007441610729150118,0.007975531553613982,0.006626884165210483,0.007343481548848292,0.012871245996822876,0.008478596622716442,0.009320551084988086,0.013210098305003973,0.012834273131056397,0.014385082698967433,0.010585500324066719,0.008000848590945193,0.007693914169976172,0.008880664535345513,0.008173571250198571,0.01049928178554408,0.006981659210484511,0.004649099216838761,0.00785233760285941,0.004911460729150119,0.008323078362192217,0.009187104497220013
Smoke,0.008723482624305006,0.01011189862907069,0.0094675030675139,0.008950524179507544,0.08194019077204132,0.010571963119936455,0.014130194530579827,0.011939803558379666,0.0099323727720413,0.010488749806195396,0.012928788084193801,0.01189464247339158,0.017955410216044482,0.015789266849880856,0.01071535137092931,0.009793897710881653,0.01062957085146942,0.012811055092930896,0.016264131621922154,0.006261571313741067,0.013334195350277994,0.011308595610802222,0.015422164017474186,0.012219841944400315,0.00835028925814138,0.007644182112787925,-0.004765106776806991,0.013774626646544878,0.016367112395552028,0.011640235872915013,0.0131825422954726,0.015550558435266084,0.012245376130262109,0.012328437725178713,0.015637148535345514,0.014744521200953136,0.015250888989674345,0.013239968187450359,0.012859721982525813,0.01609456277998411,0.013007403725178713,0.011171571758538522,0.01387214752025417,0.008943338670373313,0.00813263449880858,0.013421684004765686,0.005504196583002381,0.011877965701350279,0.012884562988085782
Toys ,0.013560882332009533,0.00911092255440826,0.007082706376489278,0.007515019545671169,0.010571963119936455,0.03884807437013502,0.023846136057188248,0.01792894894360604,0.016319103351866565,0.018153908772041306,0.016281177976171565,0.020851266128673544,0.030426675907863382,0.01778853691501191,0.01470131773153296,0.017577143694996026,0.016965254208101663,0.020545983580619546,0.02108189036378078,0.01578126047339158,0.023142441194598885,0.020640844397140586,0.020920123996822877,0.01628694162986498,0.012181940829229548,0.007023500714853059,0.002734174449563144,0.013844439866560764,0.014316628422557584,0.011858097741064338,0.00873714954725973,0.03703912724384432,0.01736927122478157,0.023711637413820486,0.03791554009849087,0.037918817099285136,0.039836600597299446,0.02840792355202542,0.015192168946783154,0.021440511866560766,0.01977359177124702,0.01976553469102462,0.022812775974583005,0.014685932314535346,0.009312451069102463,0.013407337416997617,0.01054508768228753,0.019688168953137408,0.02073676277045274
Fun  ,0.016398581356632247,0.012330986702144556,0.009025411353455122,0.00853370401429706,0.014130194530579827,0.023846136057188248,0.043662246447974576,0.021240918443208894,0.02000293582208101,0.02079832054169976,0.021144002244638603,0.025092819378872117,0.038136235324861004,0.021479283707704532,0.017505727205718823,0.020072578146147737,0.019943693847498015,0.02439057383161239,0.025421775555202537,0.018793687329626687,0.02730814416362192,0.025604667702938844,0.025737692554408262,0.021874064540111197,0.013607669604447977,0.00967795415409055,0.0012371695758538511,0.013790790147736298,0.01686018336934075,0.01554369263542494,0.01190185046068308,0.04476391374900714,0.020723436438443214,0.0288267632025417,0.044069972868943603,0.04558816548371723,0.04729543859094518,0.033888841934868935,0.019190573909451947,0.025552760587768064,0.02498758525019857,0.02316108237331215,0.028560880870532164,0.01877044926290707,0.011612558664019062,0.018053337135822082,0.012628719845909448,0.023648881720413024,0.026281658025416994
Books,0.012018398888006352,0.010444192279586973,0.008089043304209691,0.007195091056393964,0.011939803558379666,0.01792894894360604,0.021240918443208894,0.03163546808578236,0.016342393963463063,0.016055668498808576,0.016929996028594116,0.018044988562351066,0.028137850198570298,0.01744865099285147,0.014165857315329624,0.017083123463065928,0.01592165318506751,0.01923515065925337,0.020360157998411434,0.01352058786338364,0.02174041696584591,0.019670163145353452,0.020679373915806196,0.016044222081016683,0.012126879841143764,0.009086885718824465,-0.0038784773947577443,0.01229156501985703,0.017155161779189833,0.012810873931691816,0.011184066624305001,0.0337034794598888,0.01701806373312152,0.021626638951548847,0.032838558347895154,0.033316695822081,0.035782344114376495,0.0259805749324861,0.01585268025416997,0.021974545067513892,0.019423560190627485,0.01729959393169182,0.022183611278792696,0.013911289753772833,0.009799431707704524,0.014779006894360607,0.009650696902303416,0.01875634532168387,0.019878223701350273
Hshld,0.011862374646544879,0.010154288991262906,0.00788016629070691,0.0068332054011119945,0.0099323727720413,0.016319103351866565,0.02000293582208101,0.016342393963463063,0.023904741858617948,0.016271558189038915,0.015189185512311354,0.01710746030182685,0.02589937753772835,0.01792704152501986,0.013200684543288323,0.01743573407466243,0.015937604352660843,0.02017807056393963,0.02104928073073868,0.015099517776012707,0.0214861433836378,0.019025208959491665,0.02070451291501191,0.01619162363780778,0.012978631612390787,0.008377316918189041,-0.00014198805401111964,0.014667661509134235,0.01326286589356632,0.012337007752184272,0.010920398633836375,0.030762708403494834,0.01606548082605242,0.020770148371723585,0.03154246570293884,0.03118925938046068,0.033852590659253376,0.02453676781572676,0.016118615186656075,0.02132510548054011,0.01975392193804607,0.01712243030976966,0.021733853788721207,0.01424943027799841,0.009566034408260524,0.01474371329626688,0.009147297442414616,0.01782898309769658,0.018556550532168387
Clths,0.011046815212073072,0.010059343655281971,0.007338197161239079,0.0077813221969817315,0.010488749806195396,0.018153908772041306,0.02079832054169976,0.016055668498808576,0.016271558189038915,0.025637371213661636,0.014543698152501982,0.016426560128673554,0.02556675441302621,0.01738461236854647,0.01367558434312947,0.017671088668784748,0.015811332840349482,0.02002622537410643,0.020636274071485303,0.014041414528991263,0.02042805081652105,0.018979589326449563,0.020537762092136615,0.017389690312946786,0.011720679148530578,0.006837223161239081,-0.00020775550119142395,0.014798950185861796,0.015077856757744238,0.01155378510881652,0.009720457307386814,0.030361447998411433,0.015631840511517076,0.02046878526449563,0.030408897345512304,0.03044627531056394,0.03215674688959491,0.023204785992057185,0.015288787742652897,0.020296343939634632,0.020012598959491663,0.017010458436854645,0.02278652862907069,0.014553926305003973,0.008958293949166004,0.013994805389992057,0.009828442759332801,0.01706216152025417,0.019305312999205716
Hlth ,0.013571042427323272,0.010460699321683874,0.007958288878474983,0.008668776837172357,0.012928788084193801,0.016281177976171565,0.021144002244638603,0.016929996028594116,0.015189185512311354,0.014543698152501982,0.03314487766640191,0.01979513790786338,0.03147966535186654,0.016631610576648137,0.01387597260047657,0.016200664846703728,0.014675994565528195,0.018774608338363783,0.019683040641779188,0.013949038344718027,0.020582139153296264,0.019162957764892775,0.01882219485464654,0.0171833716536934,0.011592492568705322,0.007852194535345513,0.0027230919714058776,0.011578596832406671,0.01571940514217633,0.0141447848101668,0.010731027315329628,0.032065546235107226,0.016423816085782365,0.02235479862112788,0.03201695718347895,0.03279410987132645,0.03384591334551231,0.025715315656870533,0.014602094951548843,0.018257978443208898,0.018027922930897538,0.017890227891977764,0.021030165553613974,0.0140641249197776,0.00949169098173153,0.01575053656711676,0.009564526800635425,0.017483147992057187,0.018749958997617156
MedEq,0.015667214716441617,0.010145203858617951,0.006677997755361397,0.008369188779984115,0.01189464247339158,0.020851266128673544,0.025092819378872117,0.018044988562351066,0.01710746030182685,0.016426560128673554,0.01979513790786338,0.031126407083399525,0.04052178118665607,0.0171511415313741,0.015237935942811753,0.016080118956314532,0.016124254165210482,0.020838205825258138,0.022284236587768073,0.017080461531374106,0.024400149564733922,0.024030757806195395,0.020556205977760124,0.016770562713264495,0.011466512940428912,0.008949893566322474,0.0032733837140587743,0.01327309975853852,0.016788382956314536,0.01484286499444003,0.009005855099285146,0.03942663514694201,0.01818175189515488,0.026674234465448764,0.04248335765051628,0.043160030392374905,0.04450869832088959,0.03276082811437649,0.015301349318506748,0.020648547974583,0.019259130190627485,0.021164754748212864,0.022807682745035744,0.014852430104845112,0.00913453702779984,0.013888595976171562,0.011006147042096903,0.020023481084988085,0.0229575064765687
Drugs,0.021968773744241464,0.01598614622239873,0.010913029262907069,0.012433701050039714,0.017955410216044482,0.030426675907863382,0.038136235324861004,0.028137850198570298,0.02589937753772835,0.02556675441302621,0.03147966535186654,0.04052178118665607,0.08045350826211277,0.02723448292613185,0.022572813102462272,0.02440029704368546,0.024144473599682293,0.0324408267212073,0.032961618357426524,0.02426206291024623,0.0382602577172359,0.03894831650039714,0.029756692436854647,0.025379147552025423,0.018364469242255762,0.009981421000794284,-0.0007127928133439257,0.01920452996664019,0.024812806374900714,0.022753964673550432,0.015796292287529785,0.06399960517077044,0.02676717825893566,0.04228970847974583,0.06880311174424145,0.06961417054169974,0.07357427100714854,0.05410903690865768,0.022979165127879266,0.03206618997617156,0.03007018005559968,0.03234832543606037,0.03468745042732326,0.02179355595393169,0.014331857437648927,0.022573864656076248,0.01740817926767275,0.03161119922001589,0.03595030735663225
Chems,0.011605206996028593,0.01124424866401906,0.008526591679110403,0.008363971472597296,0.015789266849880856,0.01778853691501191,0.021479283707704532,0.01744865099285147,0.01792704152501986,0.01738461236854647,0.016631610576648137,0.0171511415313741,0.02723448292613185,0.029514357178713264,0.014876526824463854,0.01908138169658459,0.017438606992851474,0.02113860206830818,0.024469486341540905,0.015110358004765689,0.02347117411596505,0.020393279799841138,0.023671932419380464,0.018612912610007935,0.014835069064336771,0.008180691469420173,-0.00206533641302621,0.016941839218427318,0.016149378023828435,0.01606494361239079,0.01378697761715647,0.0310307906115965,0.016806446049245433,0.02115967602223988,0.031283174115965054,0.030140123132644945,0.03435223542176331,0.02520973446862589,0.020032333019857032,0.025568583955520266,0.021812902827640982,0.017832198481334396,0.022573988320889592,0.014586057007148528,0.0105213666624305,0.016735900146147734,0.009227649559968229,0.018832619123113584,0.020735744339952344
Rubbr,0.011459468492454331,0.008207548365369341,0.005835514389197776,0.007271034929308976,0.01071535137092931,0.01470131773153296,0.017505727205718823,0.014165857315329624,0.013200684543288323,0.01367558434312947,0.01387597260047657,0.015237935942811753,0.022572813102462272,0.014876526824463854,0.049865629267672754,0.013016122084193806,0.013351352864177917,0.016023609416997618,0.018931529766481336,0.012450409715647337,0.01832892823510723,0.017224967714058778,0.016507577366163616,0.012310957572676725,0.010780167822081018,0.00803472266878475,-0.0027206540873709294,0.010988461210484511,0.012033185518665607,0.010642894513105638,0.008681972835583798,0.02772874961080222,0.013821120876886419,0.018064456622716434,0.027578220276409843,0.027199326366957897,0.02994897285464655,0.021599616381254967,0.013692196384432089,0.017556898999205713,0.016844219094519455,0.015202344648133439,0.017771594077839556,0.011750669776012709,0.007857431637807784,0.011539855739475774,0.008644558779984116,0.014872267119936453,0.016459069687053213
Txtls,0.012704932403494837,0.009808256192216045,0.009811374676727562,0.007253548417791897,0.009793897710881653,0.017577143694996026,0.020072578146147737,0.017083123463065928,0.01743573407466243,0.017671088668784748,0.016200664846703728,0.016080118956314532,0.02440029704368546,0.01908138169658459,0.013016122084193806,0.05749033151866559,0.017255498187450362,0.02171753277045274,0.02305933871961875,0.014945687018268466,0.021661521917394753,0.019267862149324855,0.02190952449722001,0.01830906763463066,0.01264747074185862,0.008112986973788722,0.0028151386751390024,0.015473685092930898,0.01854020877998411,0.016245845556791105,0.01275961579825258,0.029171074479745828,0.01784511365528197,0.02000320500714853,0.02808929298967434,0.027963363945988882,0.03081649080381254,0.02417046568069897,0.01755370515011914,0.02378723480540111,0.02031394401111994,0.017103288543288325,0.021311521868149327,0.0146641880969023,0.009671973888800636,0.014393931531374107,0.010315623083399525,0.01786686241620334,0.01865374452581413
BldMt,0.011742664991262907,0.009546155722001588,0.00714190392533757,0.007541122273232725,0.01062957085146942,0.016965254208101663,0.019943693847498015,0.01592165318506751,0.015937604352660843,0.015811332840349482,0.014675994565528195,0.016124254165210482,0.024144473599682293,0.017438606992851474,0.013351352864177917,0.017255498187450362,0.021242930533756952,0.019867988500397133,0.02105783700714853,0.014676201687053214,0.02141319792374901,0.018879038660841937,0.020995463556791102,0.01771767873550437,0.012390611196187448,0.01051402652899126,-0.0013979925591739496,0.014021043739475776,0.014288510139793483,0.012743066563939634,0.01069746096108022,0.02957489752978555,0.015150903437648928,0.019650393181890387,0.030030137542494045,0.029265341661636225,0.03243325435901509,0.023420036177918983,0.01617420042573471,0.021203193629864975,0.019002272223987295,0.01693179260047657,0.020680054716441618,0.013782795127879268,0.009174630432088958,0.014321834219221601,0.009110707941223192,0.017069775518665606,0.019121420208101664
Cnstr,0.0141137428943606,0.01252272812867355,0.008715780319301033,0.009345036284352659,0.012811055092930896,0.020545983580619546,0.02439057383161239,0.01923515065925337,0.02017807056393963,0.02002622537410643,0.018774608338363783,0.020838205825258138,0.0324408267212073,0.02113860206830818,0.016023609416997618,0.02171753277045274,0.019867988500397133,0.04087519321842733,0.025908209938046066,0.0177348802573471,0.026226518352660846,0.02382025564257347,0.025443455852263694,0.02039252334233519,0.014252285382049248,0.011379934138204921,-0.0012860787863383637,0.017965665153296267,0.018905739321683875,0.017586334141382054,0.013865090428911833,0.03752550386814932,0.020381026996028593,0.024687597153296263,0.038182140386020656,0.03729967211437648,0.04129915807625099,0.029924606821286736,0.019683980918189035,0.025368341493248618,0.023627957736298645,0.020982931409054807,0.02646048140428912,0.016663133920571876,0.01131745256076251,0.01770715788880063,0.011073216011119933,0.022399529148530578,0.02475683442573471
Steel,0.014928884339952346,0.012535645134233518,0.010013365172359016,0.009627080406671961,0.016264131621922154,0.02108189036378078,0.025421775555202537,0.020360157998411434,0.02104928073073868,0.020636274071485303,0.019683040641779188,0.022284236587768073,0.032961618357426524,0.024469486341540905,0.018931529766481336,0.02305933871961875,0.02105783700714853,0.025908209938046066,0.0401799903669579,0.01785820939158062,0.02883355003653694,0.02510468723113582,0.028083989108816522,0.022217222659253372,0.01712149342017474,0.011168654487688643,0.0020414471866560774,0.020971721976171562,0.021746129575853847,0.019223188041302623,0.013943760571882445,0.04133198583002382,0.02048637115806195,0.026764618598888,0.041569681410643364,0.039789430112787925,0.04571243336616362,0.03192435244479745,0.02134757230818109,0.028968580174741857,0.025807819062748216,0.022696959383637805,0.026194946249404293,0.01783465885305798,0.011859985181890388,0.01827046795234313,0.01204805865607625,0.02310950300873709,0.024090255783955516
FabPr,0.012452167059571088,0.008799456289118348,0.004660170710087372,0.006054698271644161,0.006261571313741067,0.01578126047339158,0.018793687329626687,0.01352058786338364,0.015099517776012707,0.014041414528991263,0.013949038344718027,0.017080461531374106,0.02426206291024623,0.015110358004765689,0.012450409715647337,0.014945687018268466,0.014676201687053214,0.0177348802573471,0.01785820939158062,0.05878372334233517,0.02046663378236696,0.0180577330166799,0.01643003735980937,0.015079077693407463,0.011725034560762505,0.01283314138204924,0.015585524937251785,0.014914525223193014,0.01427184229706116,0.01309520372359015,0.008053325798252579,0.02863263620333598,0.014702457328038125,0.018926685553613976,0.030244279596505164,0.029292138128673543,0.03245334932168387,0.02322256697061159,0.013646331494837172,0.01840438849880858,0.01647021215250198,0.01643608629706116,0.018756715342335188,0.012696677086576649,0.008101099180301826,0.012558010487688637,0.008347565715647336,0.015524801648927725,0.01716773636536934
Mach ,0.01530468221763304,0.01249931501350278,0.008777699861795074,0.009724724691024624,0.013334195350277994,0.023142441194598885,0.02730814416362192,0.02174041696584591,0.0214861433836378,0.02042805081652105,0.020582139153296264,0.024400149564733922,0.0382602577172359,0.02347117411596505,0.01832892823510723,0.021661521917394753,0.02141319792374901,0.026226518352660846,0.02883355003653694,0.02046663378236696,0.036485284096902305,0.028332667054805395,0.026592127096108028,0.02229260094042891,0.017855309458300238,0.011499086036536934,0.000665032648133441,0.017697362481334394,0.022000510689436065,0.019851696848292293,0.013648184948371719,0.046092307585385205,0.021548628597299443,0.02966436683717236,0.049593326082605235,0.04725118854328831,0.0561206487640985,0.03895716912152502,0.020728746630659253,0.029199076425734712,0.02590810003971406,0.024247772019062745,0.027887916555996817,0.017800485113582204,0.011955282241461477,0.018381924484511515,0.012923261234312948,0.025150095070691023,0.025782414111199362
ElcEq,0.014408357369340744,0.010974617996822877,0.006926282044479745,0.00872084898649722,0.011308595610802222,0.020640844397140586,0.025604667702938844,0.019670163145353452,0.019025208959491665,0.018979589326449563,0.019162957764892775,0.024030757806195395,0.03894831650039714,0.020393279799841138,0.017224967714058778,0.019267862149324855,0.018879038660841937,0.02382025564257347,0.02510468723113582,0.0180577330166799,0.028332667054805395,0.03845974503415409,0.022779237240667192,0.019245222157267677,0.014836493083399523,0.01057242827640985,0.0006253335472597297,0.015400546176330422,0.01892869037490071,0.016426525963463064,0.011594434924543288,0.043305381294678306,0.019403193515488477,0.027828942392374906,0.046998697253375694,0.04538553066243049,0.05153152789992056,0.036192386811755364,0.017473200470214452,0.02313674756155679,0.023111831000794277,0.022286198465448773,0.025232660536934067,0.01607095636378078,0.010406851531374106,0.016000888652899125,0.011947677558379664,0.02267739692295472,0.023676582727561554
Autos,0.01453057589833201,0.01268797997299444,0.01034341864813344,0.00948947095949166,0.015422164017474186,0.020920123996822877,0.025737692554408262,0.020679373915806196,0.02070451291501191,0.020537762092136615,0.01882219485464654,0.020556205977760124,0.029756692436854647,0.023671932419380464,0.016507577366163616,0.02190952449722001,0.020995463556791102,0.025443455852263694,0.028083989108816522,0.01643003735980937,0.026592127096108028,0.022779237240667192,0.03890188335345512,0.02400335519618745,0.0164346484384432,0.01075482996028594,-0.0021849479332803814,0.01872506212231929,0.018628244935663223,0.015123843364575057,0.01479673141382049,0.037041787077045266,0.020187294528991255,0.02486211843050039,0.03618985400635425,0.03541336464495632,0.03969949652263702,0.02897459219380461,0.021749636969023038,0.02792751788721207,0.026519571111993642,0.02077549270532169,0.027641730128673554,0.01818451486417792,0.012026173158061957,0.018980264907069104,0.011422931042096903,0.021940871756949955,0.023859646193804603
Aero ,0.013861425874503576,0.011109821490071482,0.0070663524447974555,0.008713678417791899,0.012219841944400315,0.01628694162986498,0.021874064540111197,0.016044222081016683,0.01619162363780778,0.017389690312946786,0.0171833716536934,0.016770562713264495,0.025379147552025423,0.018612912610007935,0.012310957572676725,0.01830906763463066,0.01771767873550437,0.02039252334233519,0.022217222659253372,0.015079077693407463,0.02229260094042891,0.019245222157267677,0.02400335519618745,0.055643821534551226,0.01455845673073868,0.010068419380460686,0.0017859860778395565,0.015644342487688638,0.016395305118347893,0.014137172149324863,0.011598238665607625,0.029558765337569497,0.017113479326449566,0.020593250535345504,0.028232923482128674,0.02816022018109611,0.03146453247974583,0.02313809019221604,0.018738057302621125,0.022414051215250193,0.022532116632247814,0.017342504921366166,0.022282212066719615,0.01555350216362192,0.009992321728355836,0.015778005884034954,0.009463686347895154,0.01790006960444797,0.019685834478157263
Ships,0.010136301439237492,0.008404557261318505,0.005872068638602063,0.00502821268943606,0.00835028925814138,0.012181940829229548,0.013607669604447977,0.012126879841143764,0.012978631612390787,0.011720679148530578,0.011592492568705322,0.011466512940428912,0.018364469242255762,0.014835069064336771,0.010780167822081018,0.01264747074185862,0.012390611196187448,0.014252285382049248,0.01712149342017474,0.011725034560762505,0.017855309458300238,0.014836493083399523,0.0164346484384432,0.01455845673073868,0.04345913439872915,0.01032263478951549,0.0003764086926131862,0.011004090249404287,0.011875773350277995,0.012178843615567913,0.009703461604447976,0.02266065976171565,0.012566782926131849,0.015489198926131851,0.024678212683081815,0.022830651164416207,0.027675150138204926,0.01945131261636219,0.012602246138204924,0.017790561938046068,0.014319208895949167,0.01288269400476569,0.015245002719618747,0.00917480594757744,0.007596930287529784,0.01213978679586974,0.007028356683081811,0.013946144991262904,0.014419617963463065
Guns ,0.009129970706910247,0.005610611215250199,0.0024592238602065123,0.002863523081810961,0.007644182112787925,0.007023500714853059,0.00967795415409055,0.009086885718824465,0.008377316918189041,0.006837223161239081,0.007852194535345513,0.008949893566322474,0.009981421000794284,0.008180691469420173,0.00803472266878475,0.008112986973788722,0.01051402652899126,0.011379934138204921,0.011168654487688643,0.01283314138204924,0.011499086036536934,0.01057242827640985,0.01075482996028594,0.010068419380460686,0.01032263478951549,0.10636642459094522,0.011603313963463063,0.01293270363780778,0.014919002382843523,0.011042697283558377,0.008292863796664017,0.014663388721207305,0.008298681143764891,0.010251591580619541,0.014534109007148532,0.013609425131056393,0.016711061509134238,0.013093960127084985,0.008988865003971402,0.012106759269261315,0.00670184737092931,0.009602554948371724,0.00978514366957903,0.004448203590150908,0.0060691462748212865,0.0077698338363780765,0.0041841172359015095,0.008367887402700554,0.010512043113582208
Gold ,0.009997840139793483,-0.0013929700587768073,-0.003811627062748213,-0.0014819522414614766,-0.004765106776806991,0.002734174449563144,0.0012371695758538511,-0.0038784773947577443,-0.00014198805401111964,-0.00020775550119142395,0.0027230919714058776,0.0032733837140587743,-0.0007127928133439257,-0.00206533641302621,-0.0027206540873709294,0.0028151386751390024,-0.0013979925591739496,-0.0012860787863383637,0.0020414471866560774,0.015585524937251785,0.000665032648133441,0.0006253335472597297,-0.0021849479332803814,0.0017859860778395565,0.0003764086926131862,0.011603313963463063,0.30812271449722006,0.03083013552978554,0.004057187151707707,0.01212468646227164,-0.00033334115965051743,0.003080202382843524,0.003540639453534551,0.002288045801429704,0.003158605229547258,0.0023133387831612445,0.0011539809626687884,0.0013940067926926133,-0.0028230526576648136,-0.0015225395393169223,-0.0026674799364575083,0.002361295326449563,-0.0015389669960285954,0.00012498076568705376,-0.00030580437172359013,-0.00259959211437649,0.006462309286735504,-0.0010913373852263688,-0.0035154456806989662
Mines,0.013675980949960287,0.0078029741350278,0.007398842087370927,0.007441610729150118,0.013774626646544878,0.013844439866560764,0.013790790147736298,0.01229156501985703,0.014667661509134235,0.014798950185861796,0.011578596832406671,0.01327309975853852,0.01920452996664019,0.016941839218427318,0.010988461210484511,0.015473685092930898,0.014021043739475776,0.017965665153296267,0.020971721976171562,0.014914525223193014,0.017697362481334394,0.015400546176330422,0.01872506212231929,0.015644342487688638,0.011004090249404287,0.01293270363780778,0.03083013552978554,0.06771218420333595,0.011892811949166004,0.01337953075138999,0.010783755853852266,0.02242295922160445,0.013585561169181888,0.015791654252581413,0.02235322605559968,0.022195226058776808,0.024974016371723595,0.018923173782366957,0.0142289391771247,0.02092686408260524,0.016879450277998406,0.014503882363780777,0.016850892289118354,0.011261299478951547,0.008434597709293088,0.013199598274821285,0.007423072543288325,0.015425749302621129,0.015974260228752975
Coal ,0.009729087173947574,0.009426623385226372,0.0061672441667990465,0.007975531553613982,0.016367112395552028,0.014316628422557584,0.01686018336934075,0.017155161779189833,0.01326286589356632,0.015077856757744238,0.01571940514217633,0.016788382956314536,0.024812806374900714,0.016149378023828435,0.012033185518665607,0.01854020877998411,0.014288510139793483,0.018905739321683875,0.021746129575853847,0.01427184229706116,0.022000510689436065,0.01892869037490071,0.018628244935663223,0.016395305118347893,0.011875773350277995,0.014919002382843523,0.004057187151707707,0.011892811949166004,0.12560051682128676,0.02703013325814138,0.01782346548848292,0.030274413478951545,0.01566157655599682,0.018837360038125497,0.029066034581413814,0.028301379011914218,0.033605334228752975,0.023006289788721202,0.016148531857029382,0.022681937490071483,0.016778631540905482,0.016143608683081807,0.02029180024146148,0.013034168926131849,0.008993902098490863,0.01457874205401112,0.009890974498808576,0.016596476039714064,0.018841316859412236
Oil  ,0.009938398227164415,0.00782325063383638,0.006614170169976171,0.006626884165210483,0.011640235872915013,0.011858097741064338,0.01554369263542494,0.012810873931691816,0.012337007752184272,0.01155378510881652,0.0141447848101668,0.01484286499444003,0.022753964673550432,0.01606494361239079,0.010642894513105638,0.016245845556791105,0.012743066563939634,0.017586334141382054,0.019223188041302623,0.01309520372359015,0.019851696848292293,0.016426525963463064,0.015123843364575057,0.014137172149324863,0.012178843615567913,0.011042697283558377,0.01212468646227164,0.01337953075138999,0.02703013325814138,0.04410464305639396,0.014912873661636218,0.0216412599364575,0.01296389707386815,0.01637424625258141,0.021354340088959485,0.021047442719618746,0.024274317359809377,0.01925661805877681,0.012853864775218429,0.018576759078633834,0.015114568022239875,0.013918309839555198,0.014432796104845115,0.010025169064336772,0.00708142702779984,0.011737344943606036,0.008159513356632246,0.013412810354249403,0.01504302497537728
Util ,0.007775879872915014,0.008222563613979349,0.007194238832406672,0.007343481548848292,0.0131825422954726,0.00873714954725973,0.01190185046068308,0.011184066624305001,0.010920398633836375,0.009720457307386814,0.010731027315329628,0.009005855099285146,0.015796292287529785,0.01378697761715647,0.008681972835583798,0.01275961579825258,0.01069746096108022,0.013865090428911833,0.013943760571882445,0.008053325798252579,0.013648184948371719,0.011594434924543288,0.01479673141382049,0.011598238665607625,0.009703461604447976,0.008292863796664017,-0.00033334115965051743,0.010783755853852266,0.01782346548848292,0.014912873661636218,0.022955273002382842,0.0160200110166799,0.010164565893566322,0.01157870652899126,0.014057146965845911,0.013456611850675138,0.01705676456711676,0.012926705909451943,0.011582924193804607,0.015506051135822077,0.013717036926131848,0.009871568752978552,0.012535628848292298,0.008865149586973788,0.007435647505957108,0.012791747140587766,0.005486371064336774,0.011287812525814135,0.012221357434471803
Telcm,0.02315878176330421,0.016821816036536933,0.011714882359015091,0.012871245996822876,0.015550558435266084,0.03703912724384432,0.04476391374900714,0.0337034794598888,0.030762708403494834,0.030361447998411433,0.032065546235107226,0.03942663514694201,0.06399960517077044,0.0310307906115965,0.02772874961080222,0.029171074479745828,0.02957489752978555,0.03752550386814932,0.04133198583002382,0.02863263620333598,0.046092307585385205,0.043305381294678306,0.037041787077045266,0.029558765337569497,0.02266065976171565,0.014663388721207305,0.003080202382843524,0.02242295922160445,0.030274413478951545,0.0216412599364575,0.0160200110166799,0.0954005948133439,0.032183888212867356,0.04839306675139,0.08319486216838762,0.08328722497220016,0.09008522737887213,0.060430653169181885,0.02713607434471802,0.03879325752184273,0.037147307712470205,0.03723629183478951,0.04313183116759332,0.025840537640984904,0.017562422819698168,0.02521513973788721,0.018730992478157273,0.03981641494042892,0.039124479785544064
PerSv,0.013210764555996821,0.009541908654487688,0.00757912964892772,0.008478596622716442,0.012245376130262109,0.01736927122478157,0.020723436438443214,0.01701806373312152,0.01606548082605242,0.015631840511517076,0.016423816085782365,0.01818175189515488,0.02676717825893566,0.016806446049245433,0.013821120876886419,0.01784511365528197,0.015150903437648928,0.020381026996028593,0.02048637115806195,0.014702457328038125,0.021548628597299443,0.019403193515488477,0.020187294528991255,0.017113479326449566,0.012566782926131849,0.008298681143764891,0.003540639453534551,0.013585561169181888,0.01566157655599682,0.01296389707386815,0.010164565893566322,0.032183888212867356,0.030512977404289116,0.021620738160444793,0.031746366929308975,0.03278293500238284,0.0347392183415409,0.02483409546624304,0.01523971563463066,0.020218464177918977,0.01968182927720413,0.017662787463065925,0.021916980073073862,0.014454101131056394,0.009716062872120727,0.014347264295472598,0.01024257211437649,0.01797841166957903,0.018325366630659257
BusSv,0.01692633314694202,0.011939766379666403,0.008444430576648133,0.009320551084988086,0.012328437725178713,0.023711637413820486,0.0288267632025417,0.021626638951548847,0.020770148371723585,0.02046878526449563,0.02235479862112788,0.026674234465448764,0.04228970847974583,0.02115967602223988,0.018064456622716434,0.02000320500714853,0.019650393181890387,0.024687597153296263,0.026764618598888,0.018926685553613976,0.02966436683717236,0.027828942392374906,0.02486211843050039,0.020593250535345504,0.015489198926131851,0.010251591580619541,0.002288045801429704,0.015791654252581413,0.018837360038125497,0.01637424625258141,0.01157870652899126,0.04839306675139,0.021620738160444793,0.034117655002382834,0.05068380604289118,0.05129664322160444,0.05434590445115171,0.03791585939952343,0.018646799339158054,0.025846988848292295,0.024547356250992844,0.024603283552025415,0.028060142195393174,0.017729910792692614,0.011520336069896744,0.01757195524702144,0.013103818509928512,0.024874471154884822,0.02654409145035743
Hardw,0.0237099065861795,0.016618392900714853,0.010529099528196983,0.013210098305003973,0.015637148535345514,0.03791554009849087,0.044069972868943603,0.032838558347895154,0.03154246570293884,0.030408897345512304,0.03201695718347895,0.04248335765051628,0.06880311174424145,0.031283174115965054,0.027578220276409843,0.02808929298967434,0.030030137542494045,0.038182140386020656,0.041569681410643364,0.030244279596505164,0.049593326082605235,0.046998697253375694,0.03618985400635425,0.028232923482128674,0.024678212683081815,0.014534109007148532,0.003158605229547258,0.02235322605559968,0.029066034581413814,0.021354340088959485,0.014057146965845911,0.08319486216838762,0.031746366929308975,0.05068380604289118,0.10264206325496428,0.09180004878157268,0.10235864992374899,0.06698973986020652,0.027341954764098488,0.03831688922954725,0.03662916826846704,0.03963084525178713,0.04319841685782367,0.025358111785544087,0.016442740494042887,0.02409258219698173,0.019606866905480542,0.04037149076568705,0.040135866962668784
Softw,0.02420849148848292,0.016737536158856234,0.010933376482922953,0.012834273131056397,0.014744521200953136,0.037918817099285136,0.04558816548371723,0.033316695822081,0.03118925938046068,0.03044627531056394,0.03279410987132645,0.043160030392374905,0.06961417054169974,0.030140123132644945,0.027199326366957897,0.027963363945988882,0.029265341661636225,0.03729967211437648,0.039789430112787925,0.029292138128673543,0.04725118854328831,0.04538553066243049,0.03541336464495632,0.02816022018109611,0.022830651164416207,0.013609425131056393,0.0023133387831612445,0.022195226058776808,0.028301379011914218,0.021047442719618746,0.013456611850675138,0.08328722497220016,0.03278293500238284,0.05129664322160444,0.09180004878157268,0.09590603510087371,0.09682943555837964,0.06447605026846702,0.026192012911834785,0.03763770119142176,0.03618295463065926,0.03969372335504368,0.04362197341382049,0.0257840171056394,0.016597270837172357,0.023997084505162823,0.020001995399523426,0.03961626227799841,0.040286710779984115
Chips,0.02483744805083399,0.017662752252581407,0.011882131134233517,0.014385082698967433,0.015250888989674345,0.039836600597299446,0.04729543859094518,0.035782344114376495,0.033852590659253376,0.03215674688959491,0.03384591334551231,0.04450869832088959,0.07357427100714854,0.03435223542176331,0.02994897285464655,0.03081649080381254,0.03243325435901509,0.04129915807625099,0.04571243336616362,0.03245334932168387,0.0561206487640985,0.05153152789992056,0.03969949652263702,0.03146453247974583,0.027675150138204926,0.016711061509134238,0.0011539809626687884,0.024974016371723595,0.033605334228752975,0.024274317359809377,0.01705676456711676,0.09008522737887213,0.0347392183415409,0.05434590445115171,0.10235864992374899,0.09682943555837964,0.11867249679269258,0.07500666186814932,0.0294615685019857,0.04244725567911041,0.04045181478157268,0.04244414166481334,0.04631498121683876,0.02667464186973788,0.017952548106433677,0.026431013104050827,0.020637951073868146,0.04438993013661636,0.04287175683717235
LabEq,0.019063342760921365,0.0133357773121525,0.009495878783161238,0.010585500324066719,0.013239968187450359,0.02840792355202542,0.033888841934868935,0.0259805749324861,0.02453676781572676,0.023204785992057185,0.025715315656870533,0.03276082811437649,0.05410903690865768,0.02520973446862589,0.021599616381254967,0.02417046568069897,0.023420036177918983,0.029924606821286736,0.03192435244479745,0.02322256697061159,0.03895716912152502,0.036192386811755364,0.02897459219380461,0.02313809019221604,0.01945131261636219,0.013093960127084985,0.0013940067926926133,0.018923173782366957,0.023006289788721202,0.01925661805877681,0.012926705909451943,0.060430653169181885,0.02483409546624304,0.03791585939952343,0.06698973986020652,0.06447605026846702,0.07500666186814932,0.05804932066084194,0.02168914324384432,0.031082593772835575,0.02884671455123113,0.02970685437331215,0.03257364005718824,0.019839994379666395,0.013104138328832405,0.01971779331850675,0.014856365347100876,0.030468760422557584,0.03153269041143765
