,Agric,Food ,Soda ,Beer ,Smoke,Toys ,Fun  ,Books,Hshld,Clths,Hlth ,MedEq,Drugs,Chems,Rubbr,Txtls,BldMt,Cnstr,Steel,FabPr,Mach ,ElcEq,Autos,Aero ,Ships,Guns ,Gold ,Mines,Coal ,Oil  ,Util ,Telcm,PerSv,BusSv,Hardw,Softw,Chips,LabEq,Paper,Boxes,Trans,Whlsl,Rtail,Meals,Banks,Insur,RlEst,Fin  ,Other
Agric,0.04302147961715648,0.007359344802223988,0.006618932907069101,0.005164732327243844,0.006233633890389195,0.0113664881223193,0.0142705170929309,0.010811627003971407,0.011136232193804607,0.010365744853057982,0.011503202401906273,0.013396360103256557,0.01708303540746624,0.011626072374900716,0.010585538802223985,0.012390757377283554,0.011497298216044479,0.01397728377760127,0.015105621707704523,0.011157751239078634,0.014103357231135823,0.013078744732327242,0.01418236641302621,0.013167755180301829,0.010619719386814934,0.008588410332009534,0.007920387407466247,0.014839720598888,0.009716728999205717,0.009598076597299447,0.008155636479745829,0.019282732441620334,0.011823170678316126,0.014703466746624304,0.019015956724384428,0.01925364374106434,0.021264836697378872,0.016312433799841146,0.010141188486100077,0.013363280392374902,0.01335217453534551,0.012281930273232725,0.014475421224781576,0.010724712667196188,0.006598326629070692,0.009639815146942015,0.006914561347100871,0.012847770490865766,0.013772450235107227
Food ,0.007359344802223988,0.012792396903891978,0.006776691779189834,0.005474996346306593,0.009594635930103257,0.0097670099618745,0.012822822795869736,0.010311056637013502,0.010340583926926132,0.010273183725178712,0.010471035399523432,0.01074753819698173,0.015823661037331217,0.012279786306592537,0.009031297366163621,0.011063487121525018,0.010849777488482924,0.013779604044479742,0.014394614861000795,0.008812964185861796,0.013232856201747422,0.011656260687847501,0.013505124541699763,0.011691159367752184,0.008218382586179507,0.006836118201747419,0.0016992439253375687,0.011048241555202542,0.011094047331215249,0.00854292388562351,0.008597883825258142,0.016514115526608423,0.009765250030182686,0.012104326670373313,0.016359412177918985,0.01630506059571088,0.018360960900714856,0.014133415375694994,0.010512393048451151,0.013889626193804606,0.012765651040508339,0.010486727798252582,0.012982796357426532,0.008793634643367751,0.006327770946783161,0.01037948652104845,0.0063986708435266075,0.011376513404289117,0.01143071342494043
Soda ,0.006618932907069101,0.006776691779189834,0.030170515639396343,0.007136144940428912,0.008907671342335187,0.00763465575059571,0.009663212501985704,0.008421594352660844,0.009503631278792694,0.008195945790309772,0.008728950214455914,0.008125015496425735,0.012025375591739476,0.01017019091342335,0.007334849690230341,0.010607564344718028,0.008894238895949163,0.01147801863383638,0.012197404598888005,0.006635102835583794,0.010032567045274027,0.008775127362986497,0.011609505059571089,0.008183055869737887,0.007532750611596506,0.002315677172359017,-0.0059853574980142975,0.009816390428911833,0.009414031763304208,0.007287449166004766,0.008078816711675934,0.011774036759332801,0.007771330532168387,0.009283601866560761,0.011180156235107229,0.011362441882446386,0.012619391032565529,0.010358348935663224,0.009409809626687846,0.011643642200158857,0.010079254980142971,0.008378797148530579,0.010572591540905481,0.007359296902303414,0.00512232660047657,0.00911435511517077,0.005006881715647337,0.009352039301032565,0.009293707077045275
Beer ,0.005164732327243844,0.005474996346306593,0.007136144940428912,0.02928204727561557,0.006971234281175538,0.007066311517077045,0.008364295663224781,0.0070296132803812535,0.0073136284670373315,0.007927280158856236,0.00765486484511517,0.008248481080222398,0.012222833328038123,0.008619747291501192,0.006971846989674345,0.008175841429706118,0.00818918090548054,0.010113257505957108,0.009841827863383638,0.006336712915011913,0.009643630563939635,0.009232121302621127,0.009690361207307386,0.008766675456711677,0.005426639301032565,0.0025095272438443216,0.0013364453375695007,0.00881933480540111,0.008197802637013503,0.007184638316123908,0.007040106497220016,0.012599481588562353,0.008228436949960284,0.009080093089753773,0.012960258363780777,0.012727937537728351,0.014571808260524226,0.010849585893566325,0.00808911104050834,0.008345678888006356,0.008980043018268467,0.007912149261318505,0.010166906084193805,0.0064336876568705315,0.00425893099285147,0.007341014868943609,0.004719300142970612,0.008499383097696584,0.008853863097696583
Smoke,0.006233633890389195,0.009594635930103257,0.008907671342335187,0.006971234281175538,0.07024677891024622,0.011503065350277997,0.01470109629864972,0.01164784691660048,0.010112295402700557,0.010786755440826053,0.012158080940428912,0.011836942922954721,0.0179729544305004,0.016310190818109607,0.012355981884034946,0.009573696352660843,0.011356834030182682,0.013593634452740267,0.0182467548689436,0.007797583907863385,0.01395621893884035,0.01283616516918189,0.015543754157267673,0.012357138802223989,0.008948157814138205,0.00807553751231136,0.00038472203018268436,0.015595601909451945,0.017105240746624305,0.011870826827640986,0.013151098719618743,0.016006597477362983,0.011669702227164413,0.01305408959809372,0.016267597979348687,0.015409819872915011,0.017014953178713262,0.014336631075456713,0.013046442115965054,0.018767790376489277,0.014879323844320884,0.01157787768387609,0.013927467999999998,0.009305688108022238,0.008133291625099286,0.013311912676727563,0.005949644206513105,0.012770109934868944,0.013119498551231134
Toys ,0.0113664881223193,0.0097670099618745,0.00763465575059571,0.007066311517077045,0.011503065350277997,0.03562471328196982,0.02185901942811755,0.01711845250675139,0.016110105197776014,0.017188422104845114,0.015192507679110404,0.019155823534551232,0.027334163880857826,0.019050811024622714,0.014588353124702141,0.01855242024305004,0.017874689895154887,0.021605049731532964,0.02315266896743447,0.014781042152501986,0.022562763588562348,0.020449114889594916,0.022139396916600478,0.017296423386814933,0.01368107125972994,0.008778534023828435,0.004356076903891979,0.016446221857029385,0.015499506362192217,0.01257801008101668,0.010642774913423348,0.03337126993486894,0.01725745886258936,0.021728319998411443,0.03387305023987291,0.03273440718824464,0.03638531813661635,0.02617133486735504,0.016115269362986493,0.02285008929150119,0.020621469245432882,0.018659464065131057,0.022139036230341535,0.01454048700238284,0.009620950708498808,0.01416344032565528,0.010070279485305799,0.020472817200953137,0.020020123019857027
Fun  ,0.0142705170929309,0.012822822795869736,0.009663212501985704,0.008364295663224781,0.01470109629864972,0.02185901942811755,0.038862087212073064,0.019816231215250196,0.01969283895154885,0.019959992835583792,0.019098938363780776,0.02216945237490071,0.03177904961080222,0.022922659920571877,0.017450828244638603,0.02134255667990468,0.020566173836378075,0.0249276079110405,0.027101964114376487,0.017803449102462274,0.026394629308975372,0.02434907814138204,0.02691301720413027,0.02245958745035742,0.014291603780778393,0.010830681111993645,0.004251173232724386,0.018153843955520256,0.01822764919777601,0.015182420015885621,0.013424249118347893,0.039026763907863374,0.020395176457505958,0.025552516203335984,0.03782836861000795,0.0378653734551231,0.042067188800635424,0.030439683002382843,0.01987166268467037,0.02633479934868943,0.0262841770293884,0.021497242112787918,0.02727841863383638,0.017972496076250993,0.01143680058776807,0.01817655083399523,0.011659937918983322,0.023961486100079428,0.02471378073073868
Books,0.010811627003971407,0.010311056637013502,0.008421594352660844,0.0070296132803812535,0.01164784691660048,0.01711845250675139,0.019816231215250196,0.02954871583637809,0.015677548984908658,0.015568861834789513,0.015588949661636221,0.017100563471008728,0.024546621269261323,0.018446611056393968,0.014460463154884829,0.01774068573312152,0.01659917793010325,0.020262202729150122,0.021829437720413028,0.013714657545671171,0.020923094228752978,0.01894138489118348,0.021327560312946785,0.0167322551644162,0.013283171205718824,0.00971360823510723,-0.001142445221604447,0.01493331993169182,0.01747573376489277,0.012679099123113583,0.011948840165210483,0.030428067374106436,0.01610839247339158,0.020028698930897534,0.02920758957585385,0.028620682756155678,0.03254342100238285,0.024063187254964258,0.015802761861795075,0.022052516516282757,0.020113189277204128,0.016549187143764892,0.021615805116759333,0.013545364454328834,0.009456206152501985,0.014815957863383635,0.009079246017474184,0.019023155050039715,0.01926337909928514
Hshld,0.011136232193804607,0.010340583926926132,0.009503631278792694,0.0073136284670373315,0.010112295402700557,0.016110105197776014,0.01969283895154885,0.015677548984908658,0.02420398659888801,0.016357902891183485,0.015125100505162827,0.016488616632247814,0.02424493106592534,0.019288067990468626,0.014080159815726771,0.018155600263701343,0.017035857979348687,0.02124833673073868,0.023306337807783954,0.014805926020651308,0.02182096797140588,0.019593225235901505,0.022178676724384425,0.016712252778395546,0.013679695529785542,0.009806630239872912,0.0020210150945194584,0.017612359520254167,0.01660400163621922,0.013156805166004764,0.01157212514058777,0.029101719917394752,0.016556190290706915,0.019902879107227954,0.02979232767593328,0.028965601000794275,0.03313162559809373,0.02412404781254964,0.01690297980619539,0.022932255088165203,0.020727864114376486,0.017110457185067516,0.021785588521048452,0.01419057270214456,0.009613369629864971,0.01501918298649722,0.00874218464177919,0.018747376355837966,0.01809014437172359
Clths,0.010365744853057982,0.010273183725178712,0.008195945790309772,0.007927280158856236,0.010786755440826053,0.017188422104845114,0.019959992835583792,0.015568861834789513,0.016357902891183485,0.02499922629864972,0.014124154598888009,0.016150847776012712,0.023590667537728354,0.018651289277204133,0.014459744749801431,0.0187134607386815,0.01684897665607625,0.021364819396346303,0.022822644948371724,0.014338495019857025,0.020835591064336776,0.01937990833200953,0.021514588903891976,0.01733419505957109,0.012293584289118349,0.007481864654487687,0.0024773812470214474,0.017934862803812547,0.018153041294678315,0.01290303045274027,0.01101119294678316,0.02823322789515489,0.015622491421763297,0.019743781024622712,0.028527716235107234,0.028107922517871326,0.03084055341540905,0.02267904078633836,0.016051374233518663,0.02209032893566323,0.021125114106433675,0.016884271334392378,0.023151330762509924,0.014265470182684672,0.00913290836378078,0.01429819327243844,0.009455174106433675,0.01793681766481334,0.018733132303415407
Hlth ,0.011503202401906273,0.010471035399523432,0.008728950214455914,0.00765486484511517,0.012158080940428912,0.015192507679110404,0.019098938363780776,0.015588949661636221,0.015125100505162827,0.014124154598888009,0.028054652924543285,0.017806268911834785,0.02654645425258141,0.017825401366163618,0.01409105361080222,0.016512973172359016,0.015317602154090544,0.019455626598888005,0.02157127008737093,0.013475429420174743,0.020105496260524224,0.01807684389515488,0.01971160177283558,0.017220585366163624,0.011944146611596507,0.008189049200953135,0.004949600864177919,0.015490353035742652,0.017849539316918187,0.013582893667990467,0.011934174220810168,0.02826869181254965,0.01540027665766481,0.019723092829229547,0.027522496209690238,0.027384091691818893,0.030280067304209693,0.023129342360603652,0.015251540136616362,0.02024206051787133,0.01892189566322477,0.016719466967434468,0.020166085254964262,0.013307951250198572,0.009641419323272438,0.015957933693407467,0.008923909934868942,0.01798504465766481,0.01662034091183479
MedEq,0.013396360103256557,0.01074753819698173,0.008125015496425735,0.008248481080222398,0.011836942922954721,0.019155823534551232,0.02216945237490071,0.017100563471008728,0.016488616632247814,0.016150847776012712,0.017806268911834785,0.025938543788721204,0.03085143004765687,0.018465189579030972,0.015303024019062746,0.018029583979348687,0.01719553570293884,0.022090445289912632,0.023957165361397924,0.016475028681493246,0.023210994305003972,0.022209720214455914,0.021623295178713264,0.017574876076250988,0.012837461938046071,0.010862455663224779,0.005867057466243049,0.017562361167593327,0.018463663820492453,0.014590281540905482,0.011113672279586975,0.03394765915806195,0.017882737267672758,0.02327004164416203,0.0353840737887212,0.034650659166004766,0.03808883001588561,0.028073956465448767,0.016131103510722798,0.021966989046862586,0.020470120270055604,0.01926057328832407,0.022134954114376486,0.014250578363780776,0.009851931016679907,0.0146784070293884,0.010257272692613182,0.020946124003177122,0.02037159467037331
Drugs,0.01708303540746624,0.015823661037331217,0.012025375591739476,0.012222833328038123,0.0179729544305004,0.027334163880857826,0.03177904961080222,0.024546621269261323,0.02424493106592534,0.023590667537728354,0.02654645425258141,0.03085143004765687,0.05585680066560763,0.028054390055599683,0.021501237864972197,0.026171104589356634,0.024522199200953134,0.031949016009531366,0.033627765011914224,0.021679812891183477,0.034014012243050035,0.03277650563780778,0.03023996020174742,0.025506749842732324,0.01937000844162034,0.0122190991644162,0.002235651569499603,0.02450719362509928,0.024423253939634626,0.02116136657347101,0.01778364127720413,0.050863685547259736,0.025497039050039715,0.033918409987291495,0.05279706608101667,0.051726416497220006,0.05822768471961874,0.042602150892772035,0.023284398843526607,0.03224523221127879,0.030184211008737093,0.027088272433677528,0.0317413022573471,0.02003848445432883,0.014314629297855442,0.0223789105401112,0.01509475356314535,0.031343976495631455,0.028757190076250987
Chems,0.011626072374900716,0.012279786306592537,0.01017019091342335,0.008619747291501192,0.016310190818109607,0.019050811024622714,0.022922659920571877,0.018446611056393968,0.019288067990468626,0.018651289277204133,0.017825401366163618,0.018465189579030972,0.028054390055599683,0.030544954916600475,0.01700347393169182,0.020774080031771246,0.01983656752978554,0.024368982907069105,0.028781059666401904,0.016512992660841937,0.02538367132644957,0.02279988603653693,0.025795474376489276,0.019708921111993648,0.016130027386814932,0.010471452899126292,0.0031591979666401888,0.022417052644956314,0.023008526513105643,0.01751970942017474,0.015443315043685457,0.0317298143923749,0.018353610135027804,0.022480974710087368,0.03238870509928513,0.031102506528991252,0.03656867409054805,0.02743470401906275,0.0217518037807784,0.02969857963463066,0.024646060365369343,0.019597200444797458,0.024306575377283555,0.015592251024622712,0.011636741064336776,0.017995522827640987,0.010067584813343923,0.021321594122319303,0.022266036346306594
Rubbr,0.010585538802223985,0.009031297366163621,0.007334849690230341,0.006971846989674345,0.012355981884034946,0.014588353124702141,0.017450828244638603,0.014460463154884829,0.014080159815726771,0.014459744749801431,0.01409105361080222,0.015303024019062746,0.021501237864972197,0.01700347393169182,0.051304894144559174,0.014963713353455121,0.014945125445591737,0.017925531138999203,0.021662068276409846,0.013555777728355839,0.0190901781223193,0.01791097422716442,0.01852619315011914,0.01405922609054805,0.012078540994440034,0.009694324886417789,0.0016534076759332815,0.0150028501477363,0.015611587227958695,0.012788429915806195,0.010504663504368546,0.026755685985702934,0.01416521491342335,0.01787671137092931,0.02586319754090547,0.025211734741858612,0.02916482100714853,0.02150311025893566,0.015456623459888798,0.019968268384432084,0.01874490833995234,0.01567066037807784,0.018486835018268463,0.011535689429706114,0.008487699685464653,0.012279408895949166,0.008733469057982526,0.01600957927879269,0.017159764085782372
Txtls,0.012390757377283554,0.011063487121525018,0.010607564344718028,0.008175841429706118,0.009573696352660843,0.01855242024305004,0.02134255667990468,0.01774068573312152,0.018155600263701343,0.0187134607386815,0.016512973172359016,0.018029583979348687,0.026171104589356634,0.020774080031771246,0.014963713353455121,0.055883297694996024,0.018450484379666402,0.02404242093407466,0.02640599544876886,0.016354288284352658,0.023179653545671162,0.020949389037331213,0.023230052783161242,0.018809442519459887,0.012998357575853848,0.009148356066719618,0.004504258050833992,0.01964334943129467,0.022766130762509926,0.018197390211278794,0.01370071886258935,0.030437458255758533,0.01866102564257347,0.021422522616362186,0.029324118757744242,0.02940981090548054,0.03327688449722001,0.02600896769976171,0.018087474300238285,0.026308128223987294,0.022091816473391583,0.01873051529308975,0.02259667461636219,0.015501565725178716,0.01025518151389992,0.01545772953931692,0.010572194230341538,0.019647549617156472,0.020800505247021442
BldMt,0.011497298216044479,0.010849777488482924,0.008894238895949163,0.00818918090548054,0.011356834030182682,0.017874689895154887,0.020566173836378075,0.01659917793010325,0.017035857979348687,0.01684897665607625,0.015317602154090544,0.01719553570293884,0.024522199200953134,0.01983656752978554,0.014945125445591737,0.018450484379666402,0.022618370915011912,0.022827735876092135,0.025068565218427322,0.016246352065131055,0.022824591772835585,0.02046094553931692,0.023121347420174743,0.01917064002859412,0.014135010392374896,0.011813561798252584,0.0021846739777601275,0.018913703480540108,0.019373318165210478,0.014757160625893566,0.012657704451151705,0.029571305633042094,0.01585848731691819,0.02032622500555997,0.03011051519301032,0.02912849864177918,0.033008758432088954,0.024513484386020648,0.017864537944400315,0.024002883798252578,0.021423672200158853,0.017943302765687053,0.021936551887212073,0.014232913347100872,0.009946749148530581,0.01534286404289118,0.009688222532168387,0.01892107553931692,0.02020675977601271
Cnstr,0.01397728377760127,0.013779604044479742,0.01147801863383638,0.010113257505957108,0.013593634452740267,0.021605049731532964,0.0249276079110405,0.020262202729150122,0.02124833673073868,0.021364819396346303,0.019455626598888005,0.022090445289912632,0.031949016009531366,0.024368982907069105,0.017925531138999203,0.02404242093407466,0.022827735876092135,0.04626206849245433,0.030910542382843527,0.019631533709293086,0.027978945375694998,0.02519396396822875,0.027924422929308978,0.022593740066719624,0.015363364492454326,0.013306295262907065,0.003870494783161235,0.024601943532962668,0.02593108983320095,0.020415448095313735,0.016739108257347108,0.03684532655123113,0.021405227679110406,0.02545065921207307,0.03787531500555996,0.03644561094519459,0.041817208041302616,0.030741126027005558,0.02242865382684671,0.029508388393963466,0.026529101699761713,0.022321508552819697,0.02837771075774424,0.01752679915488483,0.012646764235107228,0.019227814503574265,0.012197066745035743,0.02467579124384432,0.026081449636219216
Steel,0.015105621707704523,0.014394614861000795,0.012197404598888005,0.009841827863383638,0.0182467548689436,0.02315266896743447,0.027101964114376487,0.021829437720413028,0.023306337807783954,0.022822644948371724,0.02157127008737093,0.023957165361397924,0.033627765011914224,0.028781059666401904,0.021662068276409846,0.02640599544876886,0.025068565218427322,0.030910542382843527,0.04984029279586973,0.02073866791898332,0.03219673654487687,0.02888042416997617,0.03130382591739475,0.024579728880063545,0.02054353107227959,0.015001530865766478,0.010427389158061953,0.031354105186656066,0.03565903757744242,0.02476509653693407,0.01705149899920572,0.04196717957108817,0.02211149606036537,0.02868564097696584,0.04303021650516283,0.04073678485305798,0.04818118000794282,0.03441033092136616,0.02485312133439237,0.03483486326449563,0.029931847005559963,0.02531318891977761,0.029106926441620336,0.018906645019857025,0.013495084535345512,0.020328730079428117,0.012964293788721208,0.026373457918983313,0.0269625381810961
FabPr,0.011157751239078634,0.008812964185861796,0.006635102835583794,0.006336712915011913,0.007797583907863385,0.014781042152501986,0.017803449102462274,0.013714657545671171,0.014805926020651308,0.014338495019857025,0.013475429420174743,0.016475028681493246,0.021679812891183477,0.016512992660841937,0.013555777728355839,0.016354288284352658,0.016246352065131055,0.019631533709293086,0.02073866791898332,0.05515778769658458,0.02022411497220016,0.01869895090548054,0.01809138896743447,0.016314814440031765,0.012945576918189039,0.015104107164416205,0.016124122470214455,0.01818932199364575,0.018750040563939627,0.013309231850675137,0.009848231326449563,0.026947312470214455,0.015562659396346303,0.018231269666401907,0.028017944257347105,0.02641315174741859,0.03047348532962668,0.022125160849880855,0.015255708403494836,0.01976686243844321,0.017834496791104052,0.01629103864177919,0.018897826902303412,0.012557569245432882,0.008681249396346305,0.012914084106433677,0.007387098109610803,0.0168567104050834,0.017752529634630664
Mach ,0.014103357231135823,0.013232856201747422,0.010032567045274027,0.009643630563939635,0.01395621893884035,0.022562763588562348,0.026394629308975372,0.020923094228752978,0.02182096797140588,0.020835591064336776,0.020105496260524224,0.023210994305003972,0.034014012243050035,0.02538367132644957,0.0190901781223193,0.023179653545671162,0.022824591772835585,0.027978945375694998,0.03219673654487687,0.02022411497220016,0.03605346835742653,0.028323785078633833,0.028171471121525016,0.023429058678316114,0.01911183234630659,0.013319892632247822,0.004145915232724386,0.02334919957267673,0.02591493044479746,0.0206585144305004,0.015558354935663226,0.04265883427482128,0.02162381850039714,0.02836756459253375,0.045985005232724384,0.042812417323272435,0.05285017544559172,0.03682585491818903,0.022163917960285943,0.03116101213820491,0.027493100635424934,0.02380167078792693,0.028351014969023033,0.017723946484511515,0.01245707837807784,0.019185024376489286,0.012652531158061952,0.02647513844638602,0.024849626638602063
ElcEq,0.013078744732327242,0.011656260687847501,0.008775127362986497,0.009232121302621127,0.01283616516918189,0.020449114889594916,0.02434907814138204,0.01894138489118348,0.019593225235901505,0.01937990833200953,0.01807684389515488,0.022209720214455914,0.03277650563780778,0.02279988603653693,0.01791097422716442,0.020949389037331213,0.02046094553931692,0.02519396396822875,0.02888042416997617,0.01869895090548054,0.028323785078633833,0.03598415361239078,0.02494741821604448,0.020647831335980936,0.01587094385067514,0.013460688108022239,0.00456645407942812,0.021049468732327242,0.02191503173153296,0.01762480199841144,0.01366436712311358,0.03932351868467037,0.02027102786656076,0.02624137977283558,0.04249834894042891,0.04005355832406672,0.04751703553772835,0.033287085094519456,0.019280360146147736,0.02586176930420969,0.02490508322478157,0.02203382074185862,0.0254587011771247,0.016222233239078638,0.011242962355837965,0.017029001247021447,0.011684447637807781,0.02405384623351867,0.022621368598888
Autos,0.01418236641302621,0.013505124541699763,0.011609505059571089,0.009690361207307386,0.015543754157267673,0.022139396916600478,0.02691301720413027,0.021327560312946785,0.022178676724384425,0.021514588903891976,0.01971160177283558,0.021623295178713264,0.03023996020174742,0.025795474376489276,0.01852619315011914,0.023230052783161242,0.023121347420174743,0.027924422929308978,0.03130382591739475,0.01809138896743447,0.028171471121525016,0.02494741821604448,0.0411416873884035,0.024754867542494043,0.01884860216362192,0.012737748168387606,0.0015310117220015834,0.023401671121525018,0.022428922787926926,0.016487514907069102,0.01581426629388404,0.03753254693566323,0.020752886300238277,0.025555793409054804,0.03695316726608419,0.03548571876886417,0.04123443050516284,0.030758520112787926,0.023421418516282756,0.030603479842732328,0.029108677124702137,0.022139175696584596,0.029102294047656876,0.018794711281969814,0.012539552436854647,0.019717155369340742,0.011266413731532964,0.023839118779984105,0.025036960681493248
Aero ,0.013167755180301829,0.011691159367752184,0.008183055869737887,0.008766675456711677,0.012357138802223989,0.017296423386814933,0.02245958745035742,0.0167322551644162,0.016712252778395546,0.01733419505957109,0.017220585366163624,0.017574876076250988,0.025506749842732324,0.019708921111993648,0.01405922609054805,0.018809442519459887,0.01917064002859412,0.022593740066719624,0.024579728880063545,0.016314814440031765,0.023429058678316114,0.020647831335980936,0.024754867542494043,0.05275732486735504,0.015903536705321686,0.011180616482922956,0.0006575102811755341,0.018711496517871327,0.020425486783161233,0.01398909882764098,0.012640950970611596,0.029343043444003184,0.017297987240667195,0.02092171904368547,0.028740887421763305,0.02823551156473392,0.031923857718824465,0.0240053671771247,0.01880056538204924,0.024634732927720407,0.023798040762509923,0.01830971786814933,0.022899003739475777,0.015551842853057978,0.010312607024622718,0.01638440382843527,0.009195467723590148,0.01950907865925337,0.020049852806989676
Ships,0.010619719386814934,0.008218382586179507,0.007532750611596506,0.005426639301032565,0.008948157814138205,0.01368107125972994,0.014291603780778393,0.013283171205718824,0.013679695529785542,0.012293584289118349,0.011944146611596507,0.012837461938046071,0.01937000844162034,0.016130027386814932,0.012078540994440034,0.012998357575853848,0.014135010392374896,0.015363364492454326,0.02054353107227959,0.012945576918189039,0.01911183234630659,0.01587094385067514,0.01884860216362192,0.015903536705321686,0.0420669659793487,0.011639192698967432,0.0008445067482128685,0.014753329343923748,0.016304016536934075,0.011822938948371723,0.010451194859412231,0.023043875761715647,0.012841978287529785,0.016504190154090544,0.0248108992025417,0.023400918300238285,0.02867845182843527,0.02020048213185067,0.013771430710087372,0.019533007882446385,0.016424728641779185,0.014343725817315328,0.01606346873073868,0.009712126996028594,0.008006228718030185,0.012581543685464653,0.007727029496425734,0.015413391523431293,0.015319757486894361
Guns ,0.008588410332009534,0.006836118201747419,0.002315677172359017,0.0025095272438443216,0.00807553751231136,0.008778534023828435,0.010830681111993645,0.00971360823510723,0.009806630239872912,0.007481864654487687,0.008189049200953135,0.010862455663224779,0.0122190991644162,0.010471452899126292,0.009694324886417789,0.009148356066719618,0.011813561798252584,0.013306295262907065,0.015001530865766478,0.015104107164416205,0.013319892632247822,0.013460688108022239,0.012737748168387606,0.011180616482922956,0.011639192698967432,0.11330704257982525,0.013616935358220809,0.01709727499920572,0.021060226910246227,0.013072991212073072,0.009599742754567115,0.015669346389197775,0.009424258414614776,0.011592203227958694,0.016352826478157265,0.014878622430500392,0.019425067253375696,0.015462797572676726,0.010206722084193804,0.014689377969817312,0.008374070087370926,0.011067467882446384,0.010955863440826052,0.005172035145353457,0.00634891531056394,0.008359401111993646,0.003987322808578238,0.009891136463860209,0.011657475787132646
Gold ,0.007920387407466247,0.0016992439253375687,-0.0059853574980142975,0.0013364453375695007,0.00038472203018268436,0.004356076903891979,0.004251173232724386,-0.001142445221604447,0.0020210150945194584,0.0024773812470214474,0.004949600864177919,0.005867057466243049,0.002235651569499603,0.0031591979666401888,0.0016534076759332815,0.004504258050833992,0.0021846739777601275,0.003870494783161235,0.010427389158061953,0.016124122470214455,0.004145915232724386,0.00456645407942812,0.0015310117220015834,0.0006575102811755341,0.0008445067482128685,0.013616935358220809,0.26516211210643365,0.0393969838903892,0.020636625250198565,0.01749134803177125,0.00529795594598888,0.0075228716187450365,0.005418060324066717,0.00553905080063543,0.006814651415409052,0.005946039150119143,0.0059509209960285974,0.004697129370929312,0.0007903822779984124,0.005680986733915806,0.0009263007307386786,0.006421585272438443,0.0022482800111199358,0.0018139687815726755,0.003135480271644163,0.0005507105718824447,0.007780079866560763,0.002809785969817316,0.0004625867847498036
Mines,0.014839720598888,0.011048241555202542,0.009816390428911833,0.00881933480540111,0.015595601909451945,0.016446221857029385,0.018153843955520256,0.01493331993169182,0.017612359520254167,0.017934862803812547,0.015490353035742652,0.017562361167593327,0.02450719362509928,0.022417052644956314,0.0150028501477363,0.01964334943129467,0.018913703480540108,0.024601943532962668,0.031354105186656066,0.01818932199364575,0.02334919957267673,0.021049468732327242,0.023401671121525018,0.018711496517871327,0.014753329343923748,0.01709727499920572,0.0393969838903892,0.07430788278157269,0.029798525361397935,0.02019526169023034,0.014422946992851465,0.027426015021445586,0.016629825712470212,0.02058105758697379,0.028789575050039703,0.02821260474185862,0.03255840667672756,0.024966278301826846,0.018897749509134233,0.028609687658459088,0.02210422231930103,0.019027144846703727,0.021530404103256552,0.013789907532962668,0.010941311928514694,0.01594833090548054,0.010156845788721206,0.019845719161239072,0.020589633755361398
Coal ,0.009716728999205717,0.011094047331215249,0.009414031763304208,0.008197802637013503,0.017105240746624305,0.015499506362192217,0.01822764919777601,0.01747573376489277,0.01660400163621922,0.018153041294678315,0.017849539316918187,0.018463663820492453,0.024423253939634626,0.023008526513105643,0.015611587227958695,0.022766130762509926,0.019373318165210478,0.02593108983320095,0.03565903757744242,0.018750040563939627,0.02591493044479746,0.02191503173153296,0.022428922787926926,0.020425486783161233,0.016304016536934075,0.021060226910246227,0.020636625250198565,0.029798525361397935,0.12549764193010327,0.03923555868149324,0.021991485591739468,0.028987773312152514,0.01671720875297856,0.020515337561556792,0.02746310038125497,0.025687484678316126,0.032857569173947575,0.02465498626687848,0.02028139666401906,0.029657518737092936,0.02182918003177124,0.019408141580619535,0.022731964344718032,0.01498635180301827,0.010528979658459094,0.016921722772041303,0.010857362287529784,0.019417433963463064,0.021553842644956307
Oil  ,0.009598076597299447,0.00854292388562351,0.007287449166004766,0.007184638316123908,0.011870826827640986,0.01257801008101668,0.015182420015885621,0.012679099123113583,0.013156805166004764,0.01290303045274027,0.013582893667990467,0.014590281540905482,0.02116136657347101,0.01751970942017474,0.012788429915806195,0.018197390211278794,0.014757160625893566,0.020415448095313735,0.02476509653693407,0.013309231850675137,0.0206585144305004,0.01762480199841144,0.016487514907069102,0.01398909882764098,0.011822938948371723,0.013072991212073072,0.01749134803177125,0.02019526169023034,0.03923555868149324,0.04306486912787927,0.0168911908943606,0.02117039184114377,0.0137649877426529,0.01694885565369341,0.020716642471803017,0.02058318714853058,0.02420730945512311,0.019163755002382845,0.014071340403494835,0.02141012014932486,0.016290170992851467,0.014688398942017476,0.015626021162827644,0.010558841283558378,0.007701944123907864,0.012532422033359811,0.00852315027164416,0.014915140092136616,0.016061361343923747
Util ,0.008155636479745829,0.008597883825258142,0.008078816711675934,0.007040106497220016,0.013151098719618743,0.010642774913423348,0.013424249118347893,0.011948840165210483,0.01157212514058777,0.01101119294678316,0.011934174220810168,0.011113672279586975,0.01778364127720413,0.015443315043685457,0.010504663504368546,0.01370071886258935,0.012657704451151705,0.016739108257347108,0.01705149899920572,0.009848231326449563,0.015558354935663226,0.01366436712311358,0.01581426629388404,0.012640950970611596,0.010451194859412231,0.009599742754567115,0.00529795594598888,0.014422946992851465,0.021991485591739468,0.0168911908943606,0.022351452555996833,0.01778197736616362,0.010794005102462274,0.013296381845909451,0.01641946924225576,0.01606105544082605,0.01952742896902303,0.015008426929308975,0.012567405610802222,0.01826737669896743,0.015451763876092138,0.01184011601588562,0.01405853241620333,0.009731380085782367,0.007892286525814139,0.013447203717235897,0.006400836962668785,0.013023461706115966,0.014074156295472592
Telcm,0.019282732441620334,0.016514115526608423,0.011774036759332801,0.012599481588562353,0.016006597477362983,0.03337126993486894,0.039026763907863374,0.030428067374106436,0.029101719917394752,0.02823322789515489,0.02826869181254965,0.03394765915806195,0.050863685547259736,0.0317298143923749,0.026755685985702934,0.030437458255758533,0.029571305633042094,0.03684532655123113,0.04196717957108817,0.026947312470214455,0.04265883427482128,0.03932351868467037,0.03753254693566323,0.029343043444003184,0.023043875761715647,0.015669346389197775,0.0075228716187450365,0.027426015021445586,0.028987773312152514,0.02117039184114377,0.01778197736616362,0.08034884641143762,0.03027390124861001,0.04131781254328832,0.06922687419221604,0.06664090217633038,0.07641615848768867,0.052015171939634605,0.027735586427323274,0.03906697244797457,0.03689129537728357,0.03290805384590946,0.0393419588054011,0.02395609803335981,0.01676253983161239,0.024479610262112785,0.017782159625099277,0.03880222152819698,0.03423920505798252
PerSv,0.011823170678316126,0.009765250030182686,0.007771330532168387,0.008228436949960284,0.011669702227164413,0.01725745886258936,0.020395176457505958,0.01610839247339158,0.016556190290706915,0.015622491421763297,0.01540027665766481,0.017882737267672758,0.025497039050039715,0.018353610135027804,0.01416521491342335,0.01866102564257347,0.01585848731691819,0.021405227679110406,0.02211149606036537,0.015562659396346303,0.02162381850039714,0.02027102786656076,0.020752886300238277,0.017297987240667195,0.012841978287529785,0.009424258414614776,0.005418060324066717,0.016629825712470212,0.01671720875297856,0.0137649877426529,0.010794005102462274,0.03027390124861001,0.02934543135186656,0.021150527380460683,0.029976146662430498,0.029884737331215248,0.03376892857505956,0.024589520009531365,0.016087549413820495,0.021749369127879278,0.02054755186656076,0.017585517753772827,0.02161945750277999,0.014357491107227952,0.009718155447180302,0.014472320301826845,0.010031463612390787,0.018751589915806197,0.018125618131850672
BusSv,0.014703466746624304,0.012104326670373313,0.009283601866560761,0.009080093089753773,0.01305408959809372,0.021728319998411443,0.025552516203335984,0.020028698930897534,0.019902879107227954,0.019743781024622712,0.019723092829229547,0.02327004164416203,0.033918409987291495,0.022480974710087368,0.01787671137092931,0.021422522616362186,0.02032622500555997,0.02545065921207307,0.02868564097696584,0.018231269666401907,0.02836756459253375,0.02624137977283558,0.025555793409054804,0.02092171904368547,0.016504190154090544,0.011592203227958694,0.00553905080063543,0.02058105758697379,0.020515337561556792,0.01694885565369341,0.013296381845909451,0.04131781254328832,0.021150527380460683,0.02970524843685465,0.04272817552660843,0.04154872353455123,0.047211707423351866,0.033511059397934875,0.01956424399682288,0.026772102972200156,0.025185788578236695,0.02227433178872121,0.026454145930103264,0.016837778668784747,0.01158786182525814,0.017630798196981733,0.012130099863383637,0.024999296349483717,0.023473546193804613
Hardw,0.019015956724384428,0.016359412177918985,0.011180156235107229,0.012960258363780777,0.016267597979348687,0.03387305023987291,0.03782836861000795,0.02920758957585385,0.02979232767593328,0.028527716235107234,0.027522496209690238,0.0353840737887212,0.05279706608101667,0.03238870509928513,0.02586319754090547,0.029324118757744242,0.03011051519301032,0.03787531500555996,0.04303021650516283,0.028017944257347105,0.045985005232724384,0.04249834894042891,0.03695316726608419,0.028740887421763305,0.0248108992025417,0.016352826478157265,0.006814651415409052,0.028789575050039703,0.02746310038125497,0.020716642471803017,0.01641946924225576,0.06922687419221604,0.029976146662430498,0.04272817552660843,0.08513718309134231,0.07253334400317712,0.0872256484861001,0.056988998338363794,0.028066374875297853,0.0389320855186656,0.03659484638602064,0.03443820764733916,0.03962053830341541,0.023411813134233517,0.016292893321683873,0.023843699904686252,0.0182669621223193,0.04000900979825257,0.034120325029388394
Softw,0.01925364374106434,0.01630506059571088,0.011362441882446386,0.012727937537728351,0.015409819872915011,0.03273440718824464,0.0378653734551231,0.028620682756155678,0.028965601000794275,0.028107922517871326,0.027384091691818893,0.034650659166004766,0.051726416497220006,0.031102506528991252,0.025211734741858612,0.02940981090548054,0.02912849864177918,0.03644561094519459,0.04073678485305798,0.02641315174741859,0.042812417323272435,0.04005355832406672,0.03548571876886417,0.02823551156473392,0.023400918300238285,0.014878622430500392,0.005946039150119143,0.02821260474185862,0.025687484678316126,0.02058318714853058,0.01606105544082605,0.06664090217633038,0.029884737331215248,0.04154872353455123,0.07253334400317712,0.0722627530341541,0.07920944442414618,0.053176650905480564,0.02656967275615567,0.036876679134233516,0.03558236011119937,0.03318086280381255,0.03884628073868149,0.023519253788721207,0.01599765090548054,0.023440892382843526,0.018181561810961075,0.038403776616362184,0.03331376456711676
Chips,0.021264836697378872,0.018360960900714856,0.012619391032565529,0.014571808260524226,0.017014953178713262,0.03638531813661635,0.042067188800635424,0.03254342100238285,0.03313162559809373,0.03084055341540905,0.030280067304209693,0.03808883001588561,0.05822768471961874,0.03656867409054805,0.02916482100714853,0.03327688449722001,0.033008758432088954,0.041817208041302616,0.04818118000794282,0.03047348532962668,0.05285017544559172,0.04751703553772835,0.04123443050516284,0.031923857718824465,0.02867845182843527,0.019425067253375696,0.0059509209960285974,0.03255840667672756,0.032857569173947575,0.02420730945512311,0.01952742896902303,0.07641615848768867,0.03376892857505956,0.047211707423351866,0.0872256484861001,0.07920944442414618,0.10276233928355835,0.0652107247386815,0.03104947213343923,0.043200385977760124,0.041030959539316916,0.03824526372200158,0.04366139758379666,0.025336592368546462,0.018287339709293093,0.026809476862589356,0.019593212568705318,0.04471950105798252,0.0376863862065131
LabEq,0.016312433799841146,0.014133415375694994,0.010358348935663224,0.010849585893566325,0.014336631075456713,0.02617133486735504,0.030439683002382843,0.024063187254964258,0.02412404781254964,0.02267904078633836,0.023129342360603652,0.028073956465448767,0.042602150892772035,0.02743470401906275,0.02150311025893566,0.02600896769976171,0.024513484386020648,0.030741126027005558,0.03441033092136616,0.022125160849880855,0.03682585491818903,0.033287085094519456,0.030758520112787926,0.0240053671771247,0.02020048213185067,0.015462797572676726,0.004697129370929312,0.024966278301826846,0.02465498626687848,0.019163755002382845,0.015008426929308975,0.052015171939634605,0.024589520009531365,0.033511059397934875,0.056988998338363794,0.053176650905480564,0.0652107247386815,0.05056888052581414,0.023267720438443208,0.032557455760127085,0.03006462152501986,0.027223015251787122,0.03162724959968227,0.019221132949960282,0.013738603016679904,0.020429246521048453,0.01427214923590151,0.031303370598888006,0.02751746485941223
