,Agric,Food ,Soda ,Beer ,Smoke,Toys ,Fun  ,Books,Hshld,Clths,Hlth ,MedEq,Drugs,Chems,Rubbr,Txtls,BldMt,Cnstr,Steel,FabPr,Mach ,ElcEq,Autos,Aero ,Ships,Guns ,Gold ,Mines,Coal ,Oil  ,Util ,Telcm,PerSv,BusSv,Hardw,Softw,Chips,LabEq,Paper,Boxes,Trans,Whlsl,Rtail,Meals,Banks,Insur,RlEst,Fin  ,Other
Agric,0.03858289843367752,0.00743406805401112,0.007476514141382051,0.005287057019857028,0.0075891181667990465,0.010810825105639394,0.012940029750595711,0.009858352575059572,0.010632277143764891,0.009908923882446387,0.010647317108816518,0.01233512692613185,0.015480878297061159,0.011269910058776807,0.009301819882446384,0.01220852155996823,0.011205354624305002,0.013681867996822876,0.014341574773629864,0.010715312444797455,0.013236661944400317,0.011955776139793487,0.013770459936457502,0.011879695672756157,0.009767990144559174,0.008535487710881655,0.007534592063542492,0.015582997715647338,0.010980306100079426,0.00921582740587768,0.008121031148530581,0.016474097594916595,0.010946862614773631,0.01317105410325655,0.016796255332803812,0.01649978435266084,0.018602536975377282,0.014843546678316128,0.009940733185067512,0.012766838525814134,0.012988539393169183,0.011249355402700556,0.013264101293089754,0.010122401652104844,0.006374950141382048,0.009548302532168387,0.006423907682287528,0.01164372130579825,0.012761306964257348
Food ,0.00743406805401112,0.0127453642573471,0.0074551645750595705,0.005547321080222398,0.010485371056393961,0.009629726862589356,0.013097806195393167,0.010588499571088166,0.010705553359809373,0.010399611660047657,0.010769308848292296,0.010784998189038922,0.015554368069896738,0.012642818649721999,0.009266649372517869,0.011450948498808575,0.011296425194598888,0.01440481483717236,0.01488258646544877,0.009251917458300238,0.0134320890548054,0.01189163135822081,0.013903511421763307,0.01198325407466243,0.008765134455917393,0.007369754789515487,0.003025435583796662,0.011873335504368544,0.012076198284352661,0.009095338745035741,0.009135252644956316,0.015977752533756953,0.009857378649722002,0.012070677458300236,0.0160419835107228,0.015858275488482926,0.017916819920571883,0.013835303065925337,0.010694469674344717,0.014451602637013502,0.013147281906274818,0.010613508308181096,0.013153094074662431,0.00911212873709293,0.0065488710722795855,0.010566405814138202,0.00660727297855441,0.01139237934868943,0.011705589261318509
Soda ,0.007476514141382051,0.0074551645750595705,0.03445488189992057,0.007398790344718028,0.010090215374106433,0.007994655809372517,0.010814189712470211,0.00929704120413026,0.01079382650675139,0.008886957540905478,0.009585615186656078,0.008813554217633043,0.012616692714853054,0.011182984918189039,0.008196210306592533,0.010627497610802224,0.009989499329626688,0.013559957159650518,0.013484329626687847,0.008228186039714055,0.011041467803018267,0.009836343733121526,0.013007298030182685,0.008883195866560762,0.009145067590150912,0.004495720988085783,-0.006049910227164415,0.011296420057188245,0.010180732946783158,0.008100440565528194,0.008844447091342335,0.012753955342335187,0.008721468066719619,0.010092072492454328,0.01247238547418586,0.012302391914217633,0.013604638376489281,0.011239895285146939,0.010494314821286738,0.012869851590150912,0.01126253042732327,0.008938606509928514,0.011879230583002384,0.00809824095313741,0.005810706182684669,0.009904556714853057,0.00561180263383638,0.010263923726767273,0.009909930646544874
Beer ,0.005287057019857028,0.005547321080222398,0.007398790344718028,0.02851791335822081,0.007081629135822081,0.00684083829070691,0.00844950725655282,0.007186588484511517,0.007701613450357428,0.007917781181890387,0.0077485669737887225,0.007762582684670373,0.01129265883717236,0.00897182587291501,0.007174365728355837,0.008081621536139795,0.008272523726767277,0.010140144041302623,0.009850045226370133,0.00629390000635425,0.009370626066719618,0.009118537426528989,0.010107477752184272,0.00897280632406672,0.005659587221604447,0.003348755788721207,0.0014248845972994436,0.008885871718824464,0.007925369761715647,0.00690840880381255,0.007382869385226369,0.01199172618903892,0.00794115808737093,0.008785116335186655,0.01198975925655282,0.011874912954725973,0.013614659525019855,0.01036051040349484,0.008484054233518666,0.008876549693407466,0.009309816835583795,0.0076995094376489295,0.010378589045274028,0.0066644596981731506,0.004420080506751389,0.007634568727561557,0.004676712503574266,0.00827965437172359,0.008684809132644956
Smoke,0.0075891181667990465,0.010485371056393961,0.010090215374106433,0.007081629135822081,0.0688627868768864,0.01241718229706116,0.015214858208101667,0.012399039664813344,0.010804639830023825,0.011652993178713265,0.012585804972200158,0.012623828339952342,0.018562770614773627,0.01669620291183479,0.013021730697378874,0.010266026978554407,0.012567559577442416,0.015755002551231138,0.01931981123113582,0.009057743170770453,0.014975591661636214,0.013673700762509932,0.016770461723590143,0.012657471674344714,0.010067276416203337,0.0118613913121525,0.0017109630595710885,0.017186647200953135,0.01922242410643368,0.013796700266878473,0.01454371155202542,0.016187878131850676,0.012316223866560762,0.013806890940428912,0.017078108034948372,0.015971758689436063,0.018281034962668776,0.014775434092136611,0.013967322319301034,0.018622977550436858,0.015800160829229547,0.012393166908657662,0.014944462837172356,0.010525813153296265,0.008694466975377284,0.013993620057188245,0.0069061684813343915,0.013566707566322478,0.013771359445591737
Toys ,0.010810825105639394,0.009629726862589356,0.007994655809372517,0.00684083829070691,0.01241718229706116,0.03348515015726766,0.020413705016679905,0.016419220613185063,0.015604376476568706,0.016221127567911036,0.014853255599682287,0.017904940079428118,0.02508676134710087,0.018538754649722003,0.013740448826052422,0.018028366595710874,0.01731781222557586,0.021493258624305,0.02213955987291501,0.014563359116759328,0.02125158466084194,0.019190086544876885,0.022105716441620335,0.01667491529150119,0.012890216101667991,0.009727535224781574,0.004213631491660051,0.01618969377601271,0.016352032374900714,0.011980973521842736,0.011067963094519457,0.03033173016044479,0.016522392972200154,0.02015240474662431,0.030847021178713265,0.029526320762509932,0.033090451876092136,0.02428703918030183,0.015833732168387613,0.022326383243844318,0.020278716136616356,0.017565341312152503,0.02128565938681493,0.014314072597299445,0.009482170077839554,0.013920603056393963,0.00980810032724384,0.019111163291501188,0.018871907424940427
Fun  ,0.012940029750595711,0.013097806195393167,0.010814189712470211,0.00844950725655282,0.015214858208101667,0.020413705016679905,0.0368093701604448,0.019079742338363775,0.019525104454328836,0.019429957057982526,0.018365851151707704,0.020745190913423344,0.02916410626846704,0.022293594748212867,0.01713950257664813,0.02131119185702938,0.020096954872120733,0.02515004407942811,0.026583251501191424,0.017282304476568703,0.02498737003653693,0.023083416044479745,0.02670951613979348,0.021540510630659253,0.013884068073073866,0.011755282125496426,0.004288199917394761,0.018797449045274025,0.01973510835583796,0.015127833652104843,0.0141690042827641,0.03515177056711676,0.0196640789070691,0.023777912289118346,0.03428214764733916,0.0337324375059571,0.038186084451151715,0.027938197391580617,0.019588332009531376,0.025673629299444004,0.026026905347100875,0.020246126007942806,0.026499887574265288,0.017966922573471013,0.0114296370420969,0.01807793910722796,0.01127019803335981,0.0225359805782367,0.023229098424146152
Books,0.009858352575059572,0.010588499571088166,0.00929704120413026,0.007186588484511517,0.012399039664813344,0.016419220613185063,0.019079742338363775,0.028458313548848292,0.015590917272438444,0.015324299199364571,0.015002340476568704,0.01628072435266084,0.02296326449880857,0.018481153968228754,0.013837876527402706,0.01785826518347895,0.016403606821286738,0.0202406407720413,0.021263179110405088,0.013840474131850675,0.02017826605401112,0.018152757378872116,0.021440858054011122,0.016139246368546464,0.012960955844320887,0.0105233062446386,-0.0004833539857029382,0.016085231013502784,0.01726273065131056,0.012571208606830817,0.012539209439237487,0.027868920705321674,0.015423449061159649,0.01873890233042097,0.026855638169976163,0.025843354384432086,0.02981932028435266,0.022419299080222402,0.0160035189197776,0.022151131577442414,0.020037785833200948,0.015839129180301826,0.02106214261477363,0.013480342684670375,0.009448955728355836,0.014858452336775218,0.008502195216838763,0.0181362708228753,0.01841030919936458
Hshld,0.010632277143764891,0.010705553359809373,0.01079382650675139,0.007701613450357428,0.010804639830023825,0.015604376476568706,0.019525104454328836,0.015590917272438444,0.023828613329626682,0.016271727755361398,0.014991553121525017,0.01603000060365369,0.023321934033359807,0.019488528881652104,0.014048018138204922,0.018313876252581414,0.01712732091818904,0.02177967215567911,0.02328801329626688,0.01485209858935663,0.021515560694201748,0.019381960206513102,0.0224687287132645,0.016635280973788722,0.013823965858617953,0.009917265094519456,0.0024745569213661636,0.01833904300397141,0.01781988111993646,0.013923483091342335,0.012344054541699758,0.027155557979348686,0.016172797629864972,0.019131915343923746,0.028329645680698973,0.026996202041302614,0.031569173507545664,0.023252439312152498,0.017008157108816525,0.022966718436854647,0.02079646763145353,0.016961910536934067,0.02165172256076251,0.014398033899920568,0.009657895737887213,0.015055988946783156,0.008880900258935663,0.01812397987450357,0.017732087810961077
Clths,0.009908923882446387,0.010399611660047657,0.008886957540905478,0.007917781181890387,0.011652993178713265,0.016221127567911036,0.019429957057982526,0.015324299199364571,0.016271727755361398,0.02440467215885623,0.014332253375694994,0.01567751590150913,0.022319388257347098,0.018664787580619534,0.014162516149324863,0.01867012953455123,0.016678913289912625,0.02157080420015885,0.02245126617950754,0.014404221007148532,0.020156723771247022,0.01887189798252581,0.02146509879269261,0.017160713242255755,0.012348018929308974,0.008020726598888007,0.00295301074503574,0.018355661957108808,0.019083600428911832,0.013024391790309772,0.011550653642573471,0.026209975911040507,0.01527837518030183,0.018855019758538524,0.026916318271644164,0.02609588087370929,0.028911582471803022,0.021537503914217635,0.01588687377283558,0.022034855523431294,0.021044229655281965,0.01646000712629071,0.022847159752184265,0.014551668943606034,0.009252119323272436,0.014456865645750593,0.0091951133375695,0.017352113490071482,0.017928872492454326
Hlth ,0.010647317108816518,0.010769308848292296,0.009585615186656078,0.0077485669737887225,0.012585804972200158,0.014853255599682287,0.018365851151707704,0.015002340476568704,0.014991553121525017,0.014332253375694994,0.02643878528991263,0.016988877998411436,0.024508220492454328,0.017921154328832407,0.013857792883240665,0.016590867815726766,0.015298472057188251,0.01976844984908658,0.02145230713264496,0.013015865671167593,0.01972260576648133,0.01736150637013503,0.020037845830023823,0.016572051961874504,0.011903937283558375,0.009793310166799048,0.006329792819698174,0.017077455552025417,0.018435139777601264,0.014065281938046067,0.01253367310563939,0.02607362004765687,0.014961092835583795,0.0186178530420969,0.025296996250992854,0.02476880675138999,0.028080576187450357,0.02170261749007148,0.015454694773629863,0.020827673264495625,0.018941250135027798,0.01612160913423352,0.019733724193804605,0.013292489372517872,0.009559607672756154,0.01573691631453535,0.00881352751389992,0.01713000036536934,0.01603659610802224
MedEq,0.01233512692613185,0.010784998189038922,0.008813554217633043,0.007762582684670373,0.012623828339952342,0.017904940079428118,0.020745190913423344,0.01628072435266084,0.01603000060365369,0.01567751590150913,0.016988877998411436,0.02444689086576647,0.02833105410643368,0.018227487402700557,0.01486209111993646,0.017787289658459098,0.01687356619539317,0.021776540587768067,0.023280995933280372,0.015735472184273232,0.022074963240667194,0.0211369557426529,0.0215763567593328,0.017075947577442407,0.01255011869737887,0.011503600031771245,0.005828582907069103,0.01817454633836378,0.019117504908657667,0.01456627863383638,0.011727808260524225,0.030615370103256555,0.017021949197776016,0.021575112915011914,0.032056433232724384,0.0308605262907069,0.03446488718030182,0.025888577633042094,0.015968758474980135,0.02168398970611596,0.020144329944400317,0.01812600095313741,0.021263554884829224,0.014034363050039713,0.009678773661636221,0.014370075011914217,0.009599102239872915,0.019562264368546467,0.019169832057188245
Drugs,0.015480878297061159,0.015554368069896738,0.012616692714853054,0.01129265883717236,0.018562770614773627,0.02508676134710087,0.02916410626846704,0.02296326449880857,0.023321934033359807,0.022319388257347098,0.024508220492454328,0.02833105410643368,0.050593597134233524,0.027187785693407455,0.020576866865766482,0.025868994271644158,0.023674056285941214,0.030691907494837165,0.0325038826370135,0.02066414514376489,0.03198356123590151,0.030788548117553605,0.029820469372517873,0.024072378938840344,0.01858579159968229,0.013846364158856235,0.0030326585671167617,0.025150778926131854,0.025328369451945987,0.021285522262112784,0.018619435482128684,0.045570431790309764,0.023742208851469424,0.03109515851628276,0.04733519165051628,0.04560371604447974,0.05214235441143764,0.038667041013502775,0.022629173375695,0.03155250685305798,0.02934990553772836,0.025051570074662417,0.029976478551231135,0.01944018805401112,0.013789771053216836,0.021628747653693405,0.014038829137410645,0.02887083468467037,0.02680597299126291
Chems,0.011269910058776807,0.012642818649721999,0.011182984918189039,0.00897182587291501,0.01669620291183479,0.018538754649722003,0.022293594748212867,0.018481153968228754,0.019488528881652104,0.018664787580619534,0.017921154328832407,0.018227487402700557,0.027187785693407455,0.02996475954090547,0.01688092911517077,0.021229733885623506,0.020107516565528196,0.024977915046862587,0.028848852152501978,0.016770130455917395,0.025144186460683084,0.022539243383637806,0.02624931495631453,0.019689517510722794,0.01643167318189039,0.011536288732327243,0.003990247024622718,0.023070927483717234,0.025359596735504367,0.017968660565528198,0.0161816680127085,0.030372429750595713,0.018131819361397936,0.021924805891977758,0.031004832114376484,0.02956880976171565,0.0351941294725973,0.026584536023828438,0.021512495123113578,0.029561029382049245,0.024959887329626684,0.019405849377283558,0.02417515779507546,0.015865320190627478,0.011873233625099283,0.01817521722319301,0.01036933120413026,0.02089994715011914,0.021866416675138993
Rubbr,0.009301819882446384,0.009266649372517869,0.008196210306592533,0.007174365728355837,0.013021730697378874,0.013740448826052422,0.01713950257664813,0.013837876527402706,0.014048018138204922,0.014162516149324863,0.013857792883240665,0.01486209111993646,0.020576866865766482,0.01688092911517077,0.05088608775853851,0.015431871418586174,0.014959407409054807,0.018264784076250994,0.021265949197776014,0.01364839735663225,0.018744796546465447,0.01753350246227164,0.018682339142176325,0.01386907570135028,0.012193524772041301,0.010180363345512313,0.002945128476568708,0.01581407653375695,0.017010890277998413,0.01307766377760127,0.010999180638602068,0.024989355113582207,0.013676632031771245,0.017026067993645755,0.024480288749801432,0.02324742517871326,0.02761298594757744,0.02046392436219221,0.015487207148530578,0.01973275734392375,0.018873818605242263,0.015340630935663225,0.018036606506751388,0.011538272247815725,0.008568266824463861,0.012471590779984115,0.008485858862589358,0.015612081776012705,0.016432502122319306
Txtls,0.01220852155996823,0.011450948498808575,0.010627497610802224,0.008081621536139795,0.010266026978554407,0.018028366595710874,0.02131119185702938,0.01785826518347895,0.018313876252581414,0.01867012953455123,0.016590867815726766,0.017787289658459098,0.025868994271644158,0.021229733885623506,0.015431871418586174,0.054217740446386026,0.01845446874980143,0.024671251694996035,0.026395131675933284,0.016685353362986495,0.022997706953137416,0.020778806179507545,0.023271728570293884,0.01904696794757744,0.013245369512311358,0.010289833466243051,0.003994720320889599,0.019952235490071486,0.022784387061159643,0.017914743933280384,0.014159322436854648,0.029469279949166,0.018606391529785538,0.021016775915806193,0.02829083884988086,0.028110711223193013,0.0323038247386815,0.025486327334392368,0.018609112279586965,0.026775370192216038,0.02217306153137411,0.018392059845909456,0.022610829343923743,0.015818176552819696,0.010457820106433677,0.015785001210484508,0.009949595588562348,0.019548807086576647,0.020527541583796657
BldMt,0.011205354624305002,0.011296425194598888,0.009989499329626688,0.008272523726767277,0.012567559577442416,0.01731781222557586,0.020096954872120733,0.016403606821286738,0.01712732091818904,0.016678913289912625,0.015298472057188251,0.01687356619539317,0.023674056285941214,0.020107516565528196,0.014959407409054807,0.01845446874980143,0.022897581324860996,0.023891934513105638,0.025331270532168392,0.01647326998570294,0.02248642275774424,0.020195590786338362,0.02338959194598888,0.018821231539316908,0.01431449608260524,0.01155565262271644,0.003151642821286736,0.020232517455123115,0.020728506767275612,0.015676478551231138,0.013512836047656868,0.027524863199364567,0.015720401404289115,0.019655796635424938,0.028450853769658457,0.027181831278792687,0.03110259570135027,0.023368049890389195,0.018041013979348687,0.024094700314535342,0.0215706965401112,0.017670442881652104,0.021654623059571092,0.0143764916918189,0.010150846395552023,0.015577299405877681,0.00962940955361398,0.018456987415409052,0.019882265140587763
Cnstr,0.013681867996822876,0.01440481483717236,0.013559957159650518,0.010140144041302623,0.015755002551231138,0.021493258624305,0.02515004407942811,0.0202406407720413,0.02177967215567911,0.02157080420015885,0.01976844984908658,0.021776540587768067,0.030691907494837165,0.024977915046862587,0.018264784076250994,0.024671251694996035,0.023891934513105638,0.04837194860047657,0.03193068339952343,0.02024151368387609,0.02803797921207308,0.024929431898332015,0.029454550071485307,0.023023715053216837,0.015829143154884828,0.013585460228752977,0.005616991809372511,0.026571390630659254,0.028532559030976963,0.02203130438760921,0.01819768700238284,0.0349510724638602,0.021526449207307386,0.02495075513582208,0.035766216317712464,0.03406750104845115,0.03939049332168386,0.02953469393804607,0.022963414360603656,0.03030778117871327,0.027129309432883247,0.022169613861795077,0.028670081245432872,0.018022183764892768,0.0131022338903892,0.019674201563145356,0.01259346285305798,0.024289133092930897,0.026132301563145353
Steel,0.014341574773629864,0.01488258646544877,0.013484329626687847,0.009850045226370133,0.01931981123113582,0.02213955987291501,0.026583251501191424,0.021263179110405088,0.02328801329626688,0.02245126617950754,0.02145230713264496,0.023280995933280372,0.0325038826370135,0.028848852152501978,0.021265949197776014,0.026395131675933284,0.025331270532168392,0.03193068339952343,0.049680428943606025,0.02083838792692613,0.03164025069102462,0.02845584841938047,0.03142955197776013,0.024454977553613973,0.020349291374106435,0.015785330246227167,0.012640643558379669,0.03344797694996028,0.03806077911040508,0.026111573407466237,0.01809349092930897,0.03918955002382842,0.021614818808578237,0.027562147847498015,0.04058167660047657,0.037966050913423366,0.04536946845115172,0.032775572597299456,0.02500005674344718,0.03464393572676728,0.02999659523431295,0.025000045480540106,0.0285477589197776,0.019035402351072275,0.013663548355837964,0.020593453216838756,0.01288536888006354,0.025747280841938044,0.026541885385226366
FabPr,0.010715312444797455,0.009251917458300238,0.008228186039714055,0.00629390000635425,0.009057743170770453,0.014563359116759328,0.017282304476568703,0.013840474131850675,0.01485209858935663,0.014404221007148532,0.013015865671167593,0.015735472184273232,0.02066414514376489,0.016770130455917395,0.01364839735663225,0.016685353362986495,0.01647326998570294,0.02024151368387609,0.02083838792692613,0.05405236264336774,0.019945752047656865,0.01835855008737093,0.01855308633836378,0.01640460210643367,0.012991690922954727,0.013364214223987295,0.016090989903097694,0.019071332330420965,0.01962754927720413,0.013867145023034152,0.010568944413026209,0.02514976923907863,0.015121289366163622,0.017552201013502786,0.026343249931691817,0.024322202430500397,0.02882434561715648,0.020962049776012712,0.015311520571882441,0.019803327231135825,0.017880282109610797,0.01573856150277998,0.018572105042096904,0.012526708498808579,0.008801095749007148,0.013113256050833995,0.007487183456711675,0.0163239885655282,0.01752018575694997
Mach ,0.013236661944400317,0.0134320890548054,0.011041467803018267,0.009370626066719618,0.014975591661636214,0.02125158466084194,0.02498737003653693,0.02017826605401112,0.021515560694201748,0.020156723771247022,0.01972260576648133,0.022074963240667194,0.03198356123590151,0.025144186460683084,0.018744796546465447,0.022997706953137416,0.02248642275774424,0.02803797921207308,0.03164025069102462,0.019945752047656865,0.03437736149166004,0.02719174870532168,0.028043900230341545,0.02252420614932486,0.018398536927720414,0.012955541952343129,0.0046551860111199335,0.024152241583796658,0.027099045393169173,0.02144096527720413,0.01638673813820492,0.03873805216203337,0.02077206725337569,0.02666747628752978,0.042161649073868136,0.03881525578236696,0.048125020398729144,0.03401245917235902,0.021942361715647337,0.029988979653693407,0.02706854452422558,0.022753669262907065,0.027239557115170763,0.01756173254964258,0.0123500811898332,0.018972996209690226,0.01198151159809372,0.025151417247021447,0.023849662365369343
ElcEq,0.011955776139793487,0.01189163135822081,0.009836343733121526,0.009118537426528989,0.013673700762509932,0.019190086544876885,0.023083416044479745,0.018152757378872116,0.019381960206513102,0.01887189798252581,0.01736150637013503,0.0211369557426529,0.030788548117553605,0.022539243383637806,0.01753350246227164,0.020778806179507545,0.020195590786338362,0.024929431898332015,0.02845584841938047,0.01835855008737093,0.02719174870532168,0.0346644047974583,0.025006777204130262,0.020124056409849087,0.015515720921366166,0.013830431215250197,0.004990403558379667,0.02160611388403495,0.023266103018268463,0.01792496733915806,0.014347396028594122,0.03602654617950754,0.01951498656076251,0.024668765035742658,0.039304704177918974,0.03655855537728356,0.04383537015091342,0.031054569579030984,0.019073135980937246,0.025330748784749793,0.02448578853057982,0.021065943272438444,0.02456486751389992,0.016037177474185857,0.01114635782366958,0.016801782430500393,0.010932389658459093,0.022850567768069895,0.021698053836378083
Autos,0.013770459936457502,0.013903511421763307,0.013007298030182685,0.010107477752184272,0.016770461723590143,0.022105716441620335,0.02670951613979348,0.021440858054011122,0.0224687287132645,0.02146509879269261,0.020037845830023823,0.0215763567593328,0.029820469372517873,0.02624931495631453,0.018682339142176325,0.023271728570293884,0.02338959194598888,0.029454550071485307,0.03142955197776013,0.01855308633836378,0.028043900230341545,0.025006777204130262,0.04153792399523431,0.024882458038125492,0.01931594011119937,0.013239005424940423,0.0016811997299444,0.023763841914217636,0.02348349619539317,0.01751406127084988,0.01660824459094519,0.035903320476568704,0.020852645051628274,0.025128020929308974,0.03592074430500397,0.03410982534551231,0.04010308356632249,0.03007517335186655,0.023606463288324064,0.03075274605242256,0.029553583780778395,0.022067366171564733,0.028975817791898336,0.01922191637807784,0.012840988316123908,0.01985888179507545,0.011098275766481334,0.023484920103256552,0.024961308173153295
Aero ,0.011879695672756157,0.01198325407466243,0.008883195866560762,0.00897280632406672,0.012657471674344714,0.01667491529150119,0.021540510630659253,0.016139246368546464,0.016635280973788722,0.017160713242255755,0.016572051961874504,0.017075947577442407,0.024072378938840344,0.019689517510722794,0.01386907570135028,0.01904696794757744,0.018821231539316908,0.023023715053216837,0.024454977553613973,0.01640460210643367,0.02252420614932486,0.020124056409849087,0.024882458038125492,0.05088056149166005,0.015412120927720414,0.010444440907069096,0.0020182674916600545,0.019362760687847497,0.02111888580619539,0.014715702046068306,0.01323613318824464,0.02712016671008736,0.01656469843367752,0.020066738247815727,0.026912386033359804,0.02638585501985703,0.029799370911834797,0.022780786498808575,0.01860450033359809,0.024285519123113584,0.02349275237807784,0.017947496471803024,0.022301937308975374,0.01568660724384432,0.01020840025575854,0.016379623869737885,0.00917143923590151,0.018792204087370926,0.019378664608419374
Ships,0.009767990144559174,0.008765134455917393,0.009145067590150912,0.005659587221604447,0.010067276416203337,0.012890216101667991,0.013884068073073866,0.012960955844320887,0.013823965858617953,0.012348018929308974,0.011903937283558375,0.01255011869737887,0.01858579159968229,0.01643167318189039,0.012193524772041301,0.013245369512311358,0.01431449608260524,0.015829143154884828,0.020349291374106435,0.012991690922954727,0.018398536927720414,0.015515720921366166,0.01931594011119937,0.015412120927720414,0.041406408171564726,0.012836202090548057,0.0014409296521048433,0.016041618757744243,0.016793393232724385,0.012269957375694994,0.011215227945988886,0.020813212651310562,0.012482188155679108,0.01579707433200953,0.02311154123590151,0.021253964797458298,0.026237712095313746,0.018871773369340747,0.013938639841143768,0.01940710549324861,0.01680265669896743,0.013992496241461478,0.015881714592533753,0.009788993042096902,0.00817945854805401,0.012922316435266082,0.007324157909451945,0.014801174277998411,0.01476177918347895
Guns ,0.008535487710881655,0.007369754789515487,0.004495720988085783,0.003348755788721207,0.0118613913121525,0.009727535224781574,0.011755282125496426,0.0105233062446386,0.009917265094519456,0.008020726598888007,0.009793310166799048,0.011503600031771245,0.013846364158856235,0.011536288732327243,0.010180363345512313,0.010289833466243051,0.01155565262271644,0.013585460228752977,0.015785330246227167,0.013364214223987295,0.012955541952343129,0.013830431215250197,0.013239005424940423,0.010444440907069096,0.012836202090548057,0.09495149346942018,0.012920405550436852,0.01620783084511517,0.020390112557585383,0.014459224562351073,0.00990942382525814,0.015108696069896748,0.00898321397299444,0.012092410076250993,0.016164670487688642,0.014760355893566323,0.018598917332803812,0.014983983397934872,0.010134953899920569,0.014722797667990468,0.008338496136616361,0.011658117809372518,0.011069655034154089,0.006129230246227162,0.006730045860206514,0.00859988494678316,0.004376806435266084,0.010422240217633041,0.011576101761715647
Gold ,0.007534592063542492,0.003025435583796662,-0.006049910227164415,0.0014248845972994436,0.0017109630595710885,0.004213631491660051,0.004288199917394761,-0.0004833539857029382,0.0024745569213661636,0.00295301074503574,0.006329792819698174,0.005828582907069103,0.0030326585671167617,0.003990247024622718,0.002945128476568708,0.003994720320889599,0.003151642821286736,0.005616991809372511,0.012640643558379669,0.016090989903097694,0.0046551860111199335,0.004990403558379667,0.0016811997299444,0.0020182674916600545,0.0014409296521048433,0.012920405550436852,0.25554410694837176,0.03949896518189038,0.02198657151707704,0.019315223339158062,0.0065780178999205715,0.0061295533852263676,0.005750186649722001,0.0052410813947577455,0.005734455301032561,0.004472027434471796,0.004802409032565526,0.005170077798252582,0.0022874339952343122,0.005538894474980141,0.0015868199015091314,0.006484400708498807,0.002795071809372519,0.002456784273232721,0.003500594112787927,0.0013015152088959475,0.007656872352660839,0.003020796031771249,-0.00015374294837172564
Mines,0.015582997715647338,0.011873335504368544,0.011296420057188245,0.008885871718824464,0.017186647200953135,0.01618969377601271,0.018797449045274025,0.016085231013502784,0.01833904300397141,0.018355661957108808,0.017077455552025417,0.01817454633836378,0.025150778926131854,0.023070927483717234,0.01581407653375695,0.019952235490071486,0.020232517455123115,0.026571390630659254,0.03344797694996028,0.019071332330420965,0.024152241583796658,0.02160611388403495,0.023763841914217636,0.019362760687847497,0.016041618757744243,0.01620783084511517,0.03949896518189038,0.0742287795567911,0.034844185329626694,0.023803133702938843,0.016129721134233513,0.02690770050516282,0.017138947558379667,0.021108612913423353,0.02866737124066719,0.028089726679904687,0.0320704990039714,0.02489359724702144,0.0191450416203336,0.028188976324066715,0.023264592937251784,0.019755358606830822,0.022074918239872912,0.014754802382843523,0.011362129923749006,0.016463130964257347,0.010487607804606829,0.02027951757108816,0.020911037167593325
Coal ,0.010980306100079426,0.012076198284352661,0.010180732946783158,0.007925369761715647,0.01922242410643368,0.016352032374900714,0.01973510835583796,0.01726273065131056,0.01781988111993646,0.019083600428911832,0.018435139777601264,0.019117504908657667,0.025328369451945987,0.025359596735504367,0.017010890277998413,0.022784387061159643,0.020728506767275612,0.028532559030976963,0.03806077911040508,0.01962754927720413,0.027099045393169173,0.023266103018268463,0.02348349619539317,0.02111888580619539,0.016793393232724385,0.020390112557585383,0.02198657151707704,0.034844185329626694,0.12268278092930898,0.043589683701350274,0.023657071024622715,0.028724914980142964,0.01728077976171565,0.02119029276409849,0.027195532899126275,0.025547809110405082,0.032550757148530576,0.024730079118347893,0.0222458608737093,0.031767461699761725,0.023430191247021438,0.020674894432088958,0.02344609887212073,0.015573069579030974,0.011280852271644163,0.01774547613979349,0.011727081993645746,0.020359825806195393,0.022339938895949166
Oil  ,0.00921582740587768,0.009095338745035741,0.008100440565528194,0.00690840880381255,0.013796700266878473,0.011980973521842736,0.015127833652104843,0.012571208606830817,0.013923483091342335,0.013024391790309772,0.014065281938046067,0.01456627863383638,0.021285522262112784,0.017968660565528198,0.01307766377760127,0.017914743933280384,0.015676478551231138,0.02203130438760921,0.026111573407466237,0.013867145023034152,0.02144096527720413,0.01792496733915806,0.01751406127084988,0.014715702046068306,0.012269957375694994,0.014459224562351073,0.019315223339158062,0.023803133702938843,0.043589683701350274,0.045789538230341556,0.01804577481175536,0.020760798011119942,0.014093912864177917,0.016988310332009527,0.020024003424940425,0.019931891707704527,0.023329796438443205,0.018933915841143758,0.015066939030976965,0.022611978135027796,0.017107951714058777,0.015167549988880067,0.015904633188244643,0.01085779552025417,0.00814243110722796,0.013215536508339955,0.0090947858903892,0.015169368397140583,0.016266686675139
Util ,0.008121031148530581,0.009135252644956316,0.008844447091342335,0.007382869385226369,0.01454371155202542,0.011067963094519457,0.0141690042827641,0.012539209439237487,0.012344054541699758,0.011550653642573471,0.01253367310563939,0.011727808260524225,0.018619435482128684,0.0161816680127085,0.010999180638602068,0.014159322436854648,0.013512836047656868,0.01819768700238284,0.01809349092930897,0.010568944413026209,0.01638673813820492,0.014347396028594122,0.01660824459094519,0.01323613318824464,0.011215227945988886,0.00990942382525814,0.0065780178999205715,0.016129721134233513,0.023657071024622715,0.01804577481175536,0.02268573025575854,0.018254973077045267,0.011302802973788717,0.013872370081016678,0.017092323596505164,0.016630033502779987,0.020245333092930893,0.015473764984908656,0.013198776934074659,0.019164696146147738,0.016250361518665605,0.012551570551231137,0.014771393912629074,0.010258135822081016,0.008359816009531373,0.014007287097696582,0.006983840829229545,0.013653671793486893,0.014719647558379663
Telcm,0.016474097594916595,0.015977752533756953,0.012753955342335187,0.01199172618903892,0.016187878131850676,0.03033173016044479,0.03515177056711676,0.027868920705321674,0.027155557979348686,0.026209975911040507,0.02607362004765687,0.030615370103256555,0.045570431790309764,0.030372429750595713,0.024989355113582207,0.029469279949166,0.027524863199364567,0.0349510724638602,0.03918955002382842,0.02514976923907863,0.03873805216203337,0.03602654617950754,0.035903320476568704,0.02712016671008736,0.020813212651310562,0.015108696069896748,0.0061295533852263676,0.02690770050516282,0.028724914980142964,0.020760798011119942,0.018254973077045267,0.07104503559015093,0.027654894366957894,0.03683287966957904,0.06109482053693407,0.05745666935663225,0.06686088658300236,0.04601988596664017,0.026545322001588562,0.0363326815694996,0.03476557580937252,0.029878856813343915,0.036198048603653686,0.022662021509134236,0.01577380234471803,0.023062106300238285,0.015327360451151708,0.034904944635424956,0.03093720161397935
PerSv,0.010946862614773631,0.009857378649722002,0.008721468066719619,0.00794115808737093,0.012316223866560762,0.016522392972200154,0.0196640789070691,0.015423449061159649,0.016172797629864972,0.01527837518030183,0.014961092835583795,0.017021949197776016,0.023742208851469424,0.018131819361397936,0.013676632031771245,0.018606391529785538,0.015720401404289115,0.021526449207307386,0.021614818808578237,0.015121289366163622,0.02077206725337569,0.01951498656076251,0.020852645051628274,0.01656469843367752,0.012482188155679108,0.00898321397299444,0.005750186649722001,0.017138947558379667,0.01728077976171565,0.014093912864177917,0.011302802973788717,0.027654894366957894,0.028057261610802225,0.01986915633359809,0.0274208997426529,0.026950361938046064,0.03086120744082605,0.022859393003971405,0.015832444003177126,0.021474077756949962,0.02033782200476569,0.016832180721207304,0.02086505257505957,0.014210327370929305,0.009637561677521842,0.014363397960285943,0.00978694860047657,0.01780373450039714,0.017334531145353455
BusSv,0.01317105410325655,0.012070677458300236,0.010092072492454328,0.008785116335186655,0.013806890940428912,0.02015240474662431,0.023777912289118346,0.01873890233042097,0.019131915343923746,0.018855019758538524,0.0186178530420969,0.021575112915011914,0.03109515851628276,0.021924805891977758,0.017026067993645755,0.021016775915806193,0.019655796635424938,0.02495075513582208,0.027562147847498015,0.017552201013502786,0.02666747628752978,0.024668765035742658,0.025128020929308974,0.020066738247815727,0.01579707433200953,0.012092410076250993,0.0052410813947577455,0.021108612913423353,0.02119029276409849,0.016988310332009527,0.013872370081016678,0.03683287966957904,0.01986915633359809,0.027337320494042888,0.0384104869960286,0.03665830089753772,0.04221959125814137,0.03056266213343924,0.01922680708498808,0.026057555558379672,0.02441628985861796,0.0207612497807784,0.025077596327243844,0.01638605636219221,0.011304536033359807,0.017209201521842726,0.011102882298649723,0.023209626606830826,0.02198673347577442
Hardw,0.016796255332803812,0.0160419835107228,0.01247238547418586,0.01198975925655282,0.017078108034948372,0.030847021178713265,0.03428214764733916,0.026855638169976163,0.028329645680698973,0.026916318271644164,0.025296996250992854,0.032056433232724384,0.04733519165051628,0.031004832114376484,0.024480288749801432,0.02829083884988086,0.028450853769658457,0.035766216317712464,0.04058167660047657,0.026343249931691817,0.042161649073868136,0.039304704177918974,0.03592074430500397,0.026912386033359804,0.02311154123590151,0.016164670487688642,0.005734455301032561,0.02866737124066719,0.027195532899126275,0.020024003424940425,0.017092323596505164,0.06109482053693407,0.0274208997426529,0.0384104869960286,0.07618628120095312,0.06334284978554408,0.07712323867831614,0.050888900320889593,0.02698013823669579,0.036642826459094516,0.03483835225416999,0.03137176789197776,0.03670781466560764,0.022352333725178707,0.01551748468943606,0.02272258718347895,0.01607850482605242,0.0364401232025417,0.031537072330420975
Softw,0.01649978435266084,0.015858275488482926,0.012302391914217633,0.011874912954725973,0.015971758689436063,0.029526320762509932,0.0337324375059571,0.025843354384432086,0.026996202041302614,0.02609588087370929,0.02476880675138999,0.0308605262907069,0.04560371604447974,0.02956880976171565,0.02324742517871326,0.028110711223193013,0.027181831278792687,0.03406750104845115,0.037966050913423366,0.024322202430500397,0.03881525578236696,0.03655855537728356,0.03410982534551231,0.02638585501985703,0.021253964797458298,0.014760355893566323,0.004472027434471796,0.028089726679904687,0.025547809110405082,0.019931891707704527,0.016630033502779987,0.05745666935663225,0.026950361938046064,0.03665830089753772,0.06334284978554408,0.06187488405877681,0.06873152607625099,0.046739387204130255,0.02540527463065925,0.03425030093725179,0.03342004049245432,0.029735203566322484,0.03557799037331216,0.02207834805401112,0.015004619007148525,0.022057011389992054,0.015558259912629066,0.03431509967434472,0.029980255941223194
Chips,0.018602536975377282,0.017916819920571883,0.013604638376489281,0.013614659525019855,0.018281034962668776,0.033090451876092136,0.038186084451151715,0.02981932028435266,0.031569173507545664,0.028911582471803022,0.028080576187450357,0.03446488718030182,0.05214235441143764,0.0351941294725973,0.02761298594757744,0.0323038247386815,0.03110259570135027,0.03939049332168386,0.04536946845115172,0.02882434561715648,0.048125020398729144,0.04383537015091342,0.04010308356632249,0.029799370911834797,0.026237712095313746,0.018598917332803812,0.004802409032565526,0.0320704990039714,0.032550757148530576,0.023329796438443205,0.020245333092930893,0.06686088658300236,0.03086120744082605,0.04221959125814137,0.07712323867831614,0.06873152607625099,0.09030708972041303,0.057966810629070685,0.029907543288324078,0.0403627524511517,0.038919553108816514,0.03467590551072278,0.04054259392533756,0.024141472120730742,0.017335937841143772,0.025519247158061947,0.01687110527243844,0.04071116556473392,0.034459871010325646
LabEq,0.014843546678316128,0.013835303065925337,0.011239895285146939,0.01036051040349484,0.014775434092136611,0.02428703918030183,0.027938197391580617,0.022419299080222402,0.023252439312152498,0.021537503914217635,0.02170261749007148,0.025888577633042094,0.038667041013502775,0.026584536023828438,0.02046392436219221,0.025486327334392368,0.023368049890389195,0.02953469393804607,0.032775572597299456,0.020962049776012712,0.03401245917235902,0.031054569579030984,0.03007517335186655,0.022780786498808575,0.018871773369340747,0.014983983397934872,0.005170077798252582,0.02489359724702144,0.024730079118347893,0.018933915841143758,0.015473764984908656,0.04601988596664017,0.022859393003971405,0.03056266213343924,0.050888900320889593,0.046739387204130255,0.057966810629070685,0.045822058298649736,0.02272291177124702,0.030960599351866566,0.028980366986497214,0.02508614314694202,0.029772504533756954,0.01857121172359015,0.01319732489118348,0.019728318243050037,0.012694638285941223,0.028966064030182682,0.025479458568705312
