,Agric,Food ,Soda ,Beer ,Smoke,Toys ,Fun  ,Books,Hshld,Clths,Hlth ,MedEq,Drugs,Chems,Rubbr,Txtls,BldMt,Cnstr,Steel,FabPr,Mach ,ElcEq,Autos,Aero ,Ships,Guns ,Gold ,Mines,Coal ,Oil  ,Util ,Telcm,PerSv,BusSv,Hardw,Softw,Chips,LabEq,Paper,Boxes,Trans,Whlsl,Rtail,Meals,Banks,Insur,RlEst,Fin  ,Other
Agric,0.04452188749642573,0.0076061218093725165,0.007026953790309771,0.005483967394757744,0.006885118219221607,0.011632415154884827,0.014944424411437646,0.011340478876886415,0.011579914610007942,0.010406193364575059,0.011989257912629071,0.013894157860206514,0.018016585102462263,0.011839000802223984,0.010886017475774425,0.012802256308181093,0.011792481045274026,0.013906889606036534,0.014912067768069897,0.011118892395552027,0.01460282118824464,0.013614464806989673,0.014203291911040508,0.01292921546624305,0.010096611315329625,0.009549485507545669,0.007784013841143766,0.01482089508181096,0.009667020401906276,0.009332606428911835,0.00831130770135028,0.020408796297061153,0.012034614360603654,0.015185100681493247,0.020139673620333597,0.020521237736298645,0.02243135512470214,0.017197983084988076,0.010342803496425733,0.013870976724384436,0.013456366816521046,0.01253687224622716,0.014722469355043682,0.010960197733121525,0.006744072505162827,0.009952959785544084,0.007222306025416998,0.012926421567911042,0.013576232915011916
Food ,0.0076061218093725165,0.012902227448768861,0.006657780223987292,0.005535303979348688,0.009646733818903888,0.009657701604447975,0.012807735197776015,0.01018770639078634,0.010308796579825258,0.010159988440031771,0.010438079104050832,0.010676489552025418,0.01587961779507546,0.01215024674344718,0.008941605974583,0.010681236610007945,0.010625995930103257,0.013343516516282765,0.014115938745035743,0.008717189170770455,0.013221226494042889,0.011686947126290705,0.013161932006354246,0.011438324282764098,0.008034650711675933,0.006898484935663222,0.0015537033407466243,0.010644982198570293,0.011009909933280382,0.008557220249404286,0.008554809655281968,0.016788280713264495,0.009672501350277996,0.012104180649722001,0.01652944655123113,0.016441381596505163,0.018506100795869732,0.014212926023828438,0.010359673996822876,0.013562640362192211,0.012554737396346306,0.010376203239078634,0.012767717742652894,0.00874144056076251,0.006262083307386815,0.01035025465448769,0.006356777351866562,0.011287426365369344,0.011406466370135027
Soda ,0.007026953790309771,0.006657780223987292,0.03122928358856235,0.006883194781572675,0.00943219900079428,0.007971919777601272,0.010058551934868942,0.008880828462271641,0.009618760894360605,0.008166682108022238,0.008793591269261316,0.008270801456711675,0.012462140902303414,0.010421570301826845,0.0073288757251787125,0.010687727266084194,0.008995162417791898,0.01116831155361398,0.012133832597299441,0.006521772910246225,0.01060803619062748,0.00930850764733916,0.011601159526608416,0.008050047154884828,0.007409884903891977,0.002717810521048451,-0.004613717494837173,0.009568548285941223,0.008252400710087369,0.007623805882446388,0.008357159780778394,0.01251540098649722,0.007958286957903097,0.009503091550436856,0.011989563011914216,0.012099236497220013,0.013836019696584588,0.011293474389197774,0.009365937583796662,0.012174795793486898,0.010115217822081015,0.008556121987291502,0.010462325132644956,0.007472869034154089,0.005329334230341541,0.009364723820492455,0.005574076484511517,0.009504838336775222,0.009257391707704529
Beer ,0.005483967394757744,0.005535303979348688,0.006883194781572675,0.02528924517077045,0.007504730476568705,0.007060389166004766,0.00815359017474186,0.006846751842732327,0.00726893629070691,0.0075345908101668016,0.007510240794281174,0.00825740639396346,0.012180146481334392,0.008288370492454327,0.0066519384988085765,0.007632758395552027,0.007804021334392374,0.009663203741064337,0.009718405845909451,0.00585820275615568,0.009549409706115966,0.00908498039714059,0.00929693208895949,0.008538132359015092,0.005236810571882446,0.002469299658459093,0.0005647278872120727,0.008016478617950755,0.00764268186656076,0.006848458991262905,0.0070533375853852245,0.012605976084193803,0.007956958729150119,0.008889046441620333,0.013014897474185862,0.012535196910246226,0.014590605297855443,0.010809348880063543,0.007581411604447974,0.008233654996028595,0.008650534162033357,0.007749198467037329,0.009788492922954728,0.006248052017474185,0.004145690563939634,0.007121643153296269,0.0044458251866560765,0.008543943995234312,0.008842823606036535
Smoke,0.006885118219221607,0.009646733818903888,0.00943219900079428,0.007504730476568705,0.07590584987926927,0.011255644733915804,0.014222767382049245,0.011824435985702939,0.009744361313741066,0.010569761275615566,0.011460975498014293,0.01165491843208896,0.017667457890389197,0.016160019833200954,0.011542779318506752,0.009124733702938837,0.011192570258935663,0.013357956484511513,0.017888009658459093,0.006907435080222399,0.01373674058459095,0.012673757833200953,0.015358564508339946,0.011547079612390786,0.008137017923749008,0.007268340821286735,-0.0019036055075456696,0.014955874875297853,0.01671927511199364,0.011971036929308974,0.01356626417474186,0.015500798362192217,0.01129001000794281,0.012268621444003175,0.015711614525814138,0.014443469412231935,0.015872131582208106,0.013560859018268465,0.013172055823669579,0.017922119853852263,0.014184983782366956,0.01122191739316918,0.013157845812549642,0.008627203833200951,0.007911147421763305,0.013377313971405881,0.005407978400317712,0.012444960440031771,0.01221873490071485
Toys ,0.011632415154884827,0.009657701604447975,0.007971919777601272,0.007060389166004766,0.011255644733915804,0.03623598608419381,0.022247465861795074,0.017280425448768864,0.01660914544876886,0.017458733089753774,0.015386820333598089,0.019526465988880068,0.027776736425734704,0.019095921334392373,0.014896954344718032,0.018838430436854642,0.018045727339158053,0.02155913248610008,0.023054827132644947,0.015163436250992854,0.023078251691818902,0.020920247561556787,0.022120667227958694,0.017319553804606834,0.01352313639396346,0.009304895631453534,0.0052655854169976184,0.016274528959491656,0.015349205401111994,0.012542520794281177,0.010343542557585385,0.03419741849086578,0.01750456187450357,0.022159681334392375,0.034952976838760925,0.033857410643367745,0.037636468117553605,0.027080268339952338,0.015950371247021446,0.022476979571088157,0.02073989855440826,0.01884201960285941,0.02237430293884035,0.01456761909451946,0.009682515202541701,0.014109395043685464,0.009959987259729944,0.020638026560762506,0.02021797499602859
Fun  ,0.014944424411437646,0.012807735197776015,0.010058551934868942,0.00815359017474186,0.014222767382049245,0.022247465861795074,0.04019897679269261,0.020372360554408254,0.020314629564733913,0.02018297982366958,0.019706334119142174,0.02294493914058777,0.033302951399523426,0.02292795057188245,0.017770287645750598,0.021486045874503576,0.02079665708339953,0.025180464481334396,0.02729351895154885,0.018308868147736298,0.027170552015885616,0.02525147330897538,0.02678266102303415,0.02252772932168387,0.014263750594122318,0.01132147957267673,0.004870171229547261,0.01776935606354249,0.01838360717871326,0.015501089008737097,0.013415601388403494,0.04071547033677523,0.020751684733915806,0.026403832608419373,0.039638281067513895,0.03984034038919778,0.04392432524702143,0.03187363001747419,0.01993953813026211,0.026389950347895156,0.026391497161239078,0.021986969161239073,0.027768413323272442,0.018396984795869743,0.011555995625099286,0.018427728681493248,0.01195028593963463,0.024399281494837173,0.025322102335186655
Books,0.011340478876886415,0.01018770639078634,0.008880828462271641,0.006846751842732327,0.011824435985702939,0.017280425448768864,0.020372360554408254,0.030100148833995224,0.01596993278633836,0.015563327308975375,0.015852316460683077,0.017460395124702148,0.025468025502779986,0.018434099944400314,0.014557451258141384,0.01763061445909452,0.016538696816521047,0.020097521030976964,0.021642795075456713,0.013872971884034949,0.02138390164575059,0.019374221718824466,0.021074847984114374,0.016582711917394757,0.01290142465607625,0.009904891293089756,-0.001042107464654487,0.01464591167275616,0.01779307765051628,0.012583775486894358,0.011962713401111994,0.03151902160921365,0.01631857407466243,0.02038069768546465,0.03030297548530579,0.02966622853852263,0.03385204212390787,0.024991875939634634,0.01573501011437649,0.021950393639396343,0.0199551809324861,0.01661932113264495,0.02175048917077045,0.013615927451945991,0.009525641166004767,0.014972837259729945,0.009165185196187451,0.019181592659253375,0.01928533874503574
Hshld,0.011579914610007942,0.010308796579825258,0.009618760894360605,0.00726893629070691,0.009744361313741066,0.01660914544876886,0.020314629564733913,0.01596993278633836,0.02435965879428117,0.01662742929150119,0.015534759345512312,0.016896681380460687,0.025135331383637813,0.0193931142573471,0.014324703499602858,0.018388512403494834,0.017195857972994437,0.02155854149483718,0.02336304797458301,0.015272355772835585,0.022374598370135033,0.020085281823669584,0.022138831444003172,0.016897814246227164,0.013459656201747416,0.010089169993645748,0.0026223786004765676,0.017661457763304206,0.016388201078633837,0.013019352487688641,0.01172503589197776,0.030210509288324066,0.016938602922954724,0.02049812153613979,0.03096755287053217,0.030178796719618744,0.0345351161604448,0.02525218846068308,0.016876099274027008,0.023005655510722794,0.020813023579030976,0.01743765526131851,0.022201153974583002,0.014475690212867352,0.009729285188244638,0.015248529729944395,0.009102564287529785,0.019022870279586976,0.01849060562351073
Clths,0.010406193364575059,0.010159988440031771,0.008166682108022238,0.0075345908101668016,0.010569761275615566,0.017458733089753774,0.02018297982366958,0.015563327308975375,0.01662742929150119,0.025008752487688638,0.014365814983320091,0.01633114973947577,0.02444369546306592,0.01856320343923749,0.014436166127084987,0.018656064848292294,0.016757701963463066,0.021116962698967425,0.022515264781572678,0.014613034679904682,0.02110349357585385,0.01966579188562351,0.021357096562351064,0.017324994204924553,0.01205327016838761,0.007721571340746624,0.002714042130262111,0.017309396216044475,0.017681871693407465,0.0123191507847498,0.010775796324066722,0.029210552554408263,0.015765623351866563,0.02008010125972995,0.029508898789515486,0.02902166404289118,0.03195023136934074,0.023501142405083393,0.01582682353772835,0.021855962154090542,0.021069478231930103,0.01698158011596505,0.023166248678316112,0.01432273471167593,0.009072686344718028,0.014252086012708502,0.00929478375059571,0.018075206940428912,0.01902852552819698
Hlth ,0.011989257912629071,0.010438079104050832,0.008793591269261316,0.007510240794281174,0.011460975498014293,0.015386820333598089,0.019706334119142174,0.015852316460683077,0.015534759345512312,0.014365814983320091,0.028920888171564723,0.018192383084988082,0.027886312737092935,0.01775556686258935,0.01425210856870532,0.016649011729944402,0.015384214093725177,0.019418536279586972,0.021530401334392373,0.013803583625099286,0.020622186357426527,0.018630216114376486,0.019569378223987292,0.017120979164416204,0.011955320177918984,0.008745320616362195,0.005864843895154884,0.015095249556791106,0.01781417749324861,0.013387862316123905,0.011853973458300235,0.029594180930897537,0.01581060467037331,0.020424656387609208,0.029002499914217626,0.028906477934868946,0.03193399352501986,0.02423971861477362,0.015189455923749004,0.01998601088482923,0.018937009887212072,0.016909258389197778,0.020529754656076253,0.013522541432883239,0.009670648718030177,0.016081054741858614,0.00888128618268467,0.01825698841620333,0.017119940969023032
MedEq,0.013894157860206514,0.010676489552025418,0.008270801456711675,0.00825740639396346,0.01165491843208896,0.019526465988880068,0.02294493914058777,0.017460395124702148,0.016896681380460687,0.01633114973947577,0.018192383084988082,0.026758617205718822,0.03251754162668785,0.018434157482128673,0.015729255229547257,0.0180118984305004,0.017279583488482922,0.02204962692454329,0.02395818637013503,0.01661968470373312,0.023907186633836383,0.022944905404289114,0.021534221423351863,0.01752842368864178,0.012585917841143763,0.011176725224781572,0.0066520326147736265,0.017272437550436854,0.018144964100079423,0.01448134241302621,0.010843810652899124,0.035483801243844315,0.018285393010325654,0.02403702925019856,0.03701832674821287,0.03650450272438443,0.04009804736616362,0.02954567066560763,0.01607124808101668,0.021862432463860198,0.020471878025416994,0.01964509892454329,0.0224721617045274,0.014456513758538521,0.009837207774424147,0.014762287712470215,0.010302939000794284,0.021207850959491657,0.02102018996028594
Drugs,0.018016585102462263,0.01587961779507546,0.012462140902303414,0.012180146481334392,0.017667457890389197,0.027776736425734704,0.033302951399523426,0.025468025502779986,0.025135331383637813,0.02444369546306592,0.027886312737092935,0.03251754162668785,0.06021716472756156,0.028471373677521842,0.022227584937251785,0.02622920036219222,0.025004198068308177,0.03248970914376489,0.03411539167593328,0.022883464168387605,0.03544289532009531,0.03450286320571881,0.030458588568705317,0.02581033091024623,0.01986664513741064,0.012792449191421761,0.0033343048355837968,0.0245827018141382,0.02536913234948372,0.021359605760127083,0.017894120610007946,0.054110064594122306,0.026541662208101665,0.035656811027799856,0.056257055618745035,0.05541460954725973,0.06222043770929308,0.0456032417092931,0.02362775990150913,0.03276020502621128,0.030609697312152503,0.028140808613185065,0.032761454332009526,0.020598682277998406,0.014624207046862592,0.022939300349483716,0.01536248993486894,0.03212927864336776,0.03008622258935663
Chems,0.011839000802223984,0.01215024674344718,0.010421570301826845,0.008288370492454327,0.016160019833200954,0.019095921334392373,0.02292795057188245,0.018434099944400314,0.0193931142573471,0.01856320343923749,0.01775556686258935,0.018434157482128673,0.028471373677521842,0.03041247084193805,0.016843011810961078,0.020877529293089756,0.019614837664813343,0.02390492267672756,0.02802677188244639,0.01635374510722796,0.02554161602859412,0.02286187138999206,0.02550434683081811,0.01959471539316918,0.015567554638602064,0.010674085694996026,0.0033731436934074663,0.021366555250198573,0.022119194289118342,0.0171579915567911,0.0152946519618745,0.032311755671167584,0.018338964575059576,0.022531546250992848,0.03299047301032565,0.031798563375695,0.037306862597299435,0.02782762843526609,0.021453600722795865,0.028951218332009532,0.024292404265289915,0.01938110923749007,0.02426980814138205,0.015394222009531373,0.011430057140587768,0.017889306139793486,0.01000138123113582,0.02118966248610008,0.022188171405877685
Rubbr,0.010886017475774425,0.008941605974583,0.0073288757251787125,0.0066519384988085765,0.011542779318506752,0.014896954344718032,0.017770287645750598,0.014557451258141384,0.014324703499602858,0.014436166127084987,0.01425210856870532,0.015729255229547257,0.022227584937251785,0.016843011810961078,0.05136619148371724,0.01462419160285941,0.014682047151707704,0.01769693635107228,0.0212993258776807,0.013849383251787136,0.019536284006354248,0.018374441880857826,0.0182252850548054,0.013866464057188244,0.011786798247815726,0.009967388519459889,0.0006786739110405077,0.01382863197140588,0.015350073990468626,0.012133122975377284,0.010028075586973785,0.028041810787926925,0.014339956282764101,0.01834235641143765,0.02719727071644161,0.026636667394757747,0.030655235756949954,0.022357723888800644,0.015011219188244634,0.01948262349801429,0.018503950292295474,0.015835870470214453,0.01859890729308975,0.011755227938046066,0.008336825795075454,0.012135867251787131,0.008552878406671963,0.016151984309769656,0.01723234544876887
Txtls,0.012802256308181093,0.010681236610007945,0.010687727266084194,0.007632758395552027,0.009124733702938837,0.018838430436854642,0.021486045874503576,0.01763061445909452,0.018388512403494834,0.018656064848292294,0.016649011729944402,0.0180118984305004,0.02622920036219222,0.020877529293089756,0.01462419160285941,0.05715847269896742,0.018527965801429704,0.023757044667196185,0.02612793146942017,0.016744564292295476,0.023342044212867355,0.0209332282827641,0.02323037206036536,0.018834431301032566,0.012480987866560761,0.009335881903097695,0.006105822910246223,0.01924022255123113,0.022290247914217628,0.017051417725178708,0.013431382163621925,0.0307423005019857,0.01845183961874503,0.021513900438443208,0.029880439453534552,0.030069993725178705,0.033938190967434466,0.02631846854328832,0.01787490667831612,0.026554237159650513,0.021969774478157275,0.01863535454487689,0.0225700780714853,0.015621519272438449,0.010227934341540904,0.015253747370929304,0.01072439298173153,0.01975256873391581,0.02025068165210485
BldMt,0.011792481045274026,0.010625995930103257,0.008995162417791898,0.007804021334392374,0.011192570258935663,0.018045727339158053,0.02079665708339953,0.016538696816521047,0.017195857972994437,0.016757701963463066,0.015384214093725177,0.017279583488482922,0.025004198068308177,0.019614837664813343,0.014682047151707704,0.018527965801429704,0.02249513047815727,0.022434043262907072,0.024580903987291503,0.016262931955520255,0.02296264352025417,0.02067166648451152,0.02267541756314535,0.01894027970135028,0.013548190065131055,0.012121465343923743,0.0022382445845909476,0.017894365477362985,0.01886773926290707,0.014422131269261318,0.01243545727720413,0.030261822586179498,0.015789452644956316,0.020545596629070694,0.030840830449563154,0.029907739968228753,0.0338768818141382,0.024963449728355836,0.01755011539634631,0.023665370573471012,0.021142402417791896,0.017958010989674346,0.021872469035742654,0.014269746061953926,0.009765333064336773,0.015191400333598093,0.00969554841302621,0.018900383437648927,0.020084241207307382
Cnstr,0.013906889606036534,0.013343516516282765,0.01116831155361398,0.009663203741064337,0.013357956484511513,0.02155913248610008,0.025180464481334396,0.020097521030976964,0.02155854149483718,0.021116962698967425,0.019418536279586972,0.02204962692454329,0.03248970914376489,0.02390492267672756,0.01769693635107228,0.023757044667196185,0.022434043262907072,0.04543942152660843,0.030053991008737083,0.01928643421604448,0.027910994621127883,0.02538849958379666,0.02741905724225576,0.022374580791104052,0.01479664349324861,0.013396656888006356,0.004875538536934074,0.02366440600794281,0.024702940459094515,0.019850304068308178,0.016262682150913425,0.0376030476203336,0.02130139593328038,0.025420146190627487,0.038800663339158055,0.03731234950754566,0.0427780867720413,0.03133066159809373,0.021892674015885624,0.0289124078856235,0.02606936403971406,0.022092481853852257,0.028179395944400318,0.017393530339952338,0.012325775895154887,0.018984663582208103,0.011797326606830817,0.02459157950913424,0.02593871958697379
Steel,0.014912067768069897,0.014115938745035743,0.012133832597299441,0.009718405845909451,0.017888009658459093,0.023054827132644947,0.02729351895154885,0.021642795075456713,0.02336304797458301,0.022515264781572678,0.021530401334392373,0.02395818637013503,0.03411539167593328,0.02802677188244639,0.0212993258776807,0.02612793146942017,0.024580903987291503,0.030053991008737083,0.04842793938046067,0.020524280889594917,0.032068873677521835,0.028878607434471803,0.03078140111199365,0.02432908806989674,0.01972975599682288,0.015014031834789514,0.010313421064336777,0.029562186719618747,0.03377577909451946,0.023698292295472597,0.016684721810961086,0.042749633105639395,0.02200099475774424,0.028675587259729945,0.04367093528196981,0.041594069992057184,0.04902877477362987,0.03492446046068309,0.02405298389197776,0.03388331850675139,0.02938125563145354,0.025040499602859406,0.028859595996822873,0.01877104257347101,0.013150763780778394,0.020093124034948368,0.01284245950754567,0.02621904651310564,0.0267588890548054
FabPr,0.011118892395552027,0.008717189170770455,0.006521772910246225,0.00585820275615568,0.006907435080222399,0.015163436250992854,0.018308868147736298,0.013872971884034949,0.015272355772835585,0.014613034679904682,0.013803583625099286,0.01661968470373312,0.022883464168387605,0.01635374510722796,0.013849383251787136,0.016744564292295476,0.016262931955520255,0.01928643421604448,0.020524280889594917,0.0567897171262907,0.020670157753772837,0.018995594935663225,0.01785936830182685,0.01613259048768864,0.012763194330420969,0.01522142557426529,0.018275584465448767,0.01809805947259729,0.018365119413820487,0.012997769434471805,0.009482875180301824,0.0278643605607625,0.015561089849086576,0.018797178495631447,0.029297821172359014,0.02764879687847498,0.03194461043208896,0.023046203660047653,0.014964079931691817,0.01975151344876886,0.017852114355837962,0.016515866597299433,0.019012223610802223,0.012859370772041304,0.008589516209690232,0.012800747712470216,0.007533642559173948,0.01696418104686259,0.018029553613979347
Mach ,0.01460282118824464,0.013221226494042889,0.01060803619062748,0.009549409706115966,0.01373674058459095,0.023078251691818902,0.027170552015885616,0.02138390164575059,0.022374598370135033,0.02110349357585385,0.020622186357426527,0.023907186633836383,0.03544289532009531,0.02554161602859412,0.019536284006354248,0.023342044212867355,0.02296264352025417,0.027910994621127883,0.032068873677521835,0.020670157753772837,0.036995223059571085,0.029200270932486092,0.028174906522637017,0.023389347850675136,0.018913692114376494,0.013725463501191422,0.005433063583796663,0.02269509357903098,0.02554752210643368,0.02047428628117554,0.01540817314694202,0.044397176263701356,0.02205598036536934,0.029180936644956315,0.047886193944400315,0.04486058044479746,0.05534453277521844,0.03860557738522636,0.022061255666401908,0.03125262048610008,0.02755160994757744,0.02420176692295472,0.028745569877680708,0.0179793976584591,0.012553621992057186,0.019360323002382836,0.012982675815726766,0.02682855420810166,0.025398075393169173
ElcEq,0.013614464806989673,0.011686947126290705,0.00930850764733916,0.00908498039714059,0.012673757833200953,0.020920247561556787,0.02525147330897538,0.019374221718824466,0.020085281823669584,0.01966579188562351,0.018630216114376486,0.022944905404289114,0.03450286320571881,0.02286187138999206,0.018374441880857826,0.0209332282827641,0.02067166648451152,0.02538849958379666,0.028878607434471803,0.018995594935663225,0.029200270932486092,0.037175590379666404,0.024795234014297063,0.020486614779984112,0.015955632076250996,0.014130188797458301,0.005566908867355042,0.020746638786338364,0.021933312743447175,0.017600058376489272,0.013497222862589357,0.04116534620492454,0.020615437648927717,0.027120056768864174,0.04446608803177124,0.04213499456711676,0.04992335794122318,0.035005364015885616,0.019177472349483714,0.026118727739475774,0.025007864216044486,0.022466985855440828,0.025866089175536133,0.016573232711675927,0.011352001124702143,0.017298471612390787,0.012113036969023033,0.02450867597776013,0.02336908679904686
Autos,0.014203291911040508,0.013161932006354246,0.011601159526608416,0.00929693208895949,0.015358564508339946,0.022120667227958694,0.02678266102303415,0.021074847984114374,0.022138831444003172,0.021357096562351064,0.019569378223987292,0.021534221423351863,0.030458588568705317,0.02550434683081811,0.0182252850548054,0.02323037206036536,0.02267541756314535,0.02741905724225576,0.03078140111199365,0.01785936830182685,0.028174906522637017,0.024795234014297063,0.04055482871485305,0.024701034967434476,0.018293251510722797,0.012892876813343918,0.00214473208260524,0.022565598805401106,0.021855605633042098,0.01630977492295473,0.015621653623510723,0.037874768511517075,0.020718606481334393,0.025604906239872917,0.037353076613185064,0.035990643574265284,0.04173673636536935,0.030944039847498023,0.02302839990786338,0.030144034179507537,0.028693467421763295,0.021953512308181093,0.028894386652899128,0.018605470160444795,0.01239489001429706,0.019603481318506744,0.011333203091342338,0.023739601038919776,0.024722898776806987
Aero ,0.01292921546624305,0.011438324282764098,0.008050047154884828,0.008538132359015092,0.011547079612390786,0.017319553804606834,0.02252772932168387,0.016582711917394757,0.016897814246227164,0.017324994204924553,0.017120979164416204,0.01752842368864178,0.02581033091024623,0.01959471539316918,0.013866464057188244,0.018834431301032566,0.01894027970135028,0.022374580791104052,0.02432908806989674,0.01613259048768864,0.023389347850675136,0.020486614779984112,0.024701034967434476,0.05311277296902301,0.015613313569499606,0.011417925286735506,0.0016001578903891988,0.018100355227958703,0.019509481416997612,0.013690000997617158,0.012378225308975376,0.029829047110405082,0.017248697569499597,0.020938486189038923,0.029244378548054006,0.028931281397934872,0.03259863435107228,0.02437676782843526,0.01850075549483717,0.024329899304209684,0.02371403139634631,0.01812403182843526,0.022703875037331213,0.015542543053216838,0.010096389274027005,0.01623109760127085,0.009305214189038919,0.01939623480222399,0.020169426084193802
Ships,0.010096611315329625,0.008034650711675933,0.007409884903891977,0.005236810571882446,0.008137017923749008,0.01352313639396346,0.014263750594122318,0.01290142465607625,0.013459656201747416,0.01205327016838761,0.011955320177918984,0.012585917841143763,0.01986664513741064,0.015567554638602064,0.011786798247815726,0.012480987866560761,0.013548190065131055,0.01479664349324861,0.01972975599682288,0.012763194330420969,0.018913692114376494,0.015955632076250996,0.018293251510722797,0.015613313569499606,0.0418263679285147,0.011643544525814137,0.001294088706910246,0.01396467033836378,0.014932732471803017,0.011823542428911834,0.010141661296266875,0.02337355141064337,0.012784314027005557,0.01656186815409055,0.025377171164416203,0.023919834368546465,0.029426107715647336,0.020620286932486093,0.01307776396664019,0.018631192940428913,0.015912053640984906,0.014082477717235902,0.01583377280857824,0.009622218778395553,0.007741852794281175,0.012366642740270056,0.007543773424940429,0.01531776052263701,0.015496631707704527
Guns ,0.009549485507545669,0.006898484935663222,0.002717810521048451,0.002469299658459093,0.007268340821286735,0.009304895631453534,0.01132147957267673,0.009904891293089756,0.010089169993645748,0.007721571340746624,0.008745320616362195,0.011176725224781572,0.012792449191421761,0.010674085694996026,0.009967388519459889,0.009335881903097695,0.012121465343923743,0.013396656888006356,0.015014031834789514,0.01522142557426529,0.013725463501191422,0.014130188797458301,0.012892876813343918,0.011417925286735506,0.011643544525814137,0.11469050441779188,0.013757226257347105,0.017017035650516276,0.020782814231930104,0.012961259397934868,0.009412234081016678,0.01679644981254964,0.009652037140587766,0.012134482584590944,0.017422749502779982,0.016031399229547258,0.020695544754567113,0.01624927837331215,0.010259557828435262,0.014525122802223983,0.008418195810961081,0.011203459010325652,0.011278411575853853,0.0053634576473391565,0.006516768905480539,0.008517778752978551,0.004259999617156474,0.010293416109610801,0.011849623733121527
Gold ,0.007784013841143766,0.0015537033407466243,-0.004613717494837173,0.0005647278872120727,-0.0019036055075456696,0.0052655854169976184,0.004870171229547261,-0.001042107464654487,0.0026223786004765676,0.002714042130262111,0.005864843895154884,0.0066520326147736265,0.0033343048355837968,0.0033731436934074663,0.0006786739110405077,0.006105822910246223,0.0022382445845909476,0.004875538536934074,0.010313421064336777,0.018275584465448767,0.005433063583796663,0.005566908867355042,0.00214473208260524,0.0016001578903891988,0.001294088706910246,0.013757226257347105,0.27343987604606834,0.03885995383320096,0.01854411415567911,0.018063975741064334,0.004906709175536141,0.00848755644638602,0.0062255212708498785,0.0063746337617156465,0.008156681728355835,0.00780452575853852,0.008384487111993641,0.0063358119841143735,0.0006759080015885614,0.0048137980555996805,0.001217918311358222,0.006728070266878476,0.003165407995234315,0.002134245450357426,0.0033236456139793488,0.0008988411993645767,0.008023186403494835,0.0032900225242255762,0.0006207044320889578
Mines,0.01482089508181096,0.010644982198570293,0.009568548285941223,0.008016478617950755,0.014955874875297853,0.016274528959491656,0.01776935606354249,0.01464591167275616,0.017661457763304206,0.017309396216044475,0.015095249556791106,0.017272437550436854,0.0245827018141382,0.021366555250198573,0.01382863197140588,0.01924022255123113,0.017894365477362985,0.02366440600794281,0.029562186719618747,0.01809805947259729,0.02269509357903098,0.020746638786338364,0.022565598805401106,0.018100355227958703,0.01396467033836378,0.017017035650516276,0.03885995383320096,0.07404968839396345,0.026987240378077836,0.018848597270849886,0.013957172054011122,0.027230658767275612,0.016596554535345507,0.02000292113423352,0.028632915335980936,0.02810611077045274,0.032340677404289114,0.02488884278316124,0.017880529763304204,0.027127968400317705,0.021370121280381252,0.018468317194598887,0.020992859466243047,0.013219073261318508,0.010556250376489273,0.015660183050039713,0.009235503030976967,0.019450448930897538,0.020110465353455127
Coal ,0.009667020401906276,0.011009909933280382,0.008252400710087369,0.00764268186656076,0.01671927511199364,0.015349205401111994,0.01838360717871326,0.01779307765051628,0.016388201078633837,0.017681871693407465,0.01781417749324861,0.018144964100079423,0.02536913234948372,0.022119194289118342,0.015350073990468626,0.022290247914217628,0.01886773926290707,0.024702940459094515,0.03377577909451946,0.018365119413820487,0.02554752210643368,0.021933312743447175,0.021855605633042098,0.019509481416997612,0.014932732471803017,0.020782814231930104,0.01854411415567911,0.026987240378077836,0.12481125504527404,0.03640937636060365,0.02128040372676727,0.029764787693407468,0.016538507291501192,0.020569590600476563,0.02866173291183479,0.02676422769658459,0.03427885386338364,0.025200765057982525,0.019487856230341535,0.0289136987386815,0.021341518867355046,0.018959409345512306,0.022409836128673546,0.014607965116759335,0.010401748489277203,0.016722802454328833,0.010747670803812549,0.019075049768069896,0.0211076036536934
Oil  ,0.009332606428911835,0.008557220249404286,0.007623805882446388,0.006848458991262905,0.011971036929308974,0.012542520794281177,0.015501089008737097,0.012583775486894358,0.013019352487688641,0.0123191507847498,0.013387862316123905,0.01448134241302621,0.021359605760127083,0.0171579915567911,0.012133122975377284,0.017051417725178708,0.014422131269261318,0.019850304068308178,0.023698292295472597,0.012997769434471805,0.02047428628117554,0.017600058376489272,0.01630977492295473,0.013690000997617158,0.011823542428911834,0.012961259397934868,0.018063975741064334,0.018848597270849886,0.03640937636060365,0.04231725885782367,0.016640059688641774,0.02095849683399523,0.013533515297855441,0.01667062526926132,0.02064376329150119,0.02042830664813344,0.024370882832406668,0.019390374544876885,0.01383574540587768,0.020815775002382842,0.01608063330103256,0.014485686524225575,0.01521389030500397,0.010339955343923747,0.00749181475138999,0.012447670381254963,0.008227029958697379,0.01467555990627482,0.015787753423351866
Util ,0.00831130770135028,0.008554809655281968,0.008357159780778394,0.0070533375853852245,0.01356626417474186,0.010343542557585385,0.013415601388403494,0.011962713401111994,0.01172503589197776,0.010775796324066722,0.011853973458300235,0.010843810652899124,0.017894120610007946,0.0152946519618745,0.010028075586973785,0.013431382163621925,0.01243545727720413,0.016262682150913425,0.016684721810961086,0.009482875180301824,0.01540817314694202,0.013497222862589357,0.015621653623510723,0.012378225308975376,0.010141661296266875,0.009412234081016678,0.004906709175536141,0.013957172054011122,0.02128040372676727,0.016640059688641774,0.022735581439237495,0.017746633928514693,0.010735833899920574,0.013120778487688643,0.0164493013629865,0.015968427053216834,0.01966892346624305,0.01513476798093725,0.012451434602065128,0.017886066554408265,0.01520723793804607,0.011618719043685463,0.013762104683081809,0.009482019930103256,0.007792308505162828,0.013480459332803816,0.0063591107958697385,0.012888037416997613,0.013784865003971405
Telcm,0.020408796297061153,0.016788280713264495,0.01251540098649722,0.012605976084193803,0.015500798362192217,0.03419741849086578,0.04071547033677523,0.03151902160921365,0.030210509288324066,0.029210552554408263,0.029594180930897537,0.035483801243844315,0.054110064594122306,0.032311755671167584,0.028041810787926925,0.0307423005019857,0.030261822586179498,0.0376030476203336,0.042749633105639395,0.0278643605607625,0.044397176263701356,0.04116534620492454,0.037874768511517075,0.029829047110405082,0.02337355141064337,0.01679644981254964,0.00848755644638602,0.027230658767275612,0.029764787693407468,0.02095849683399523,0.017746633928514693,0.08485026061795076,0.03148950335186656,0.04333236020492456,0.07345825519301032,0.07123523724384433,0.08135086182843526,0.05530336198888007,0.027936622733915804,0.03974034390468626,0.03759924552978556,0.03409984347736299,0.04064616894201747,0.024920465993645752,0.017299258303415405,0.025135630969023038,0.018053653650516283,0.03990838580937251,0.035700479205718824
PerSv,0.012034614360603654,0.009672501350277996,0.007958286957903097,0.007956958729150119,0.01129001000794281,0.01750456187450357,0.020751684733915806,0.01631857407466243,0.016938602922954724,0.015765623351866563,0.01581060467037331,0.018285393010325654,0.026541662208101665,0.018338964575059576,0.014339956282764101,0.01845183961874503,0.015789452644956316,0.02130139593328038,0.02200099475774424,0.015561089849086576,0.02205598036536934,0.020615437648927717,0.020718606481334393,0.017248697569499597,0.012784314027005557,0.009652037140587766,0.0062255212708498785,0.016596554535345507,0.016538507291501192,0.013533515297855441,0.010735833899920574,0.03148950335186656,0.029975921779189833,0.021639502494042895,0.031128219316918185,0.031259793042096896,0.03525505010325656,0.025623938522637012,0.015954110214455912,0.02139195644162033,0.020559819634630657,0.017852500270055596,0.021927067990468622,0.014379081461477365,0.009763619571088164,0.014647181858617946,0.009937713582208102,0.018993557426528994,0.018532305162827636
BusSv,0.015185100681493247,0.012104180649722001,0.009503091550436856,0.008889046441620333,0.012268621444003175,0.022159681334392375,0.026403832608419373,0.02038069768546465,0.02049812153613979,0.02008010125972995,0.020424656387609208,0.02403702925019856,0.035656811027799856,0.022531546250992848,0.01834235641143765,0.021513900438443208,0.020545596629070694,0.025420146190627487,0.028675587259729945,0.018797178495631447,0.029180936644956315,0.027120056768864174,0.025604906239872917,0.020938486189038923,0.01656186815409055,0.012134482584590944,0.0063746337617156465,0.02000292113423352,0.020569590600476563,0.01667062526926132,0.013120778487688643,0.04333236020492456,0.021639502494042895,0.030718757837966647,0.04477412124543289,0.04383875430500397,0.049636999286735504,0.035158300384432094,0.01945267533121525,0.02693807130738682,0.02531561831771247,0.022751620713264496,0.026935804922954724,0.017112649996822875,0.011643254077839556,0.017745683375694994,0.012352444198570295,0.02544014906592534,0.024097842128673556
Hardw,0.020139673620333597,0.01652944655123113,0.011989563011914216,0.013014897474185862,0.015711614525814138,0.034952976838760925,0.039638281067513895,0.03030297548530579,0.03096755287053217,0.029508898789515486,0.029002499914217626,0.03701832674821287,0.056257055618745035,0.03299047301032565,0.02719727071644161,0.029880439453534552,0.030840830449563154,0.038800663339158055,0.04367093528196981,0.029297821172359014,0.047886193944400315,0.04446608803177124,0.037353076613185064,0.029244378548054006,0.025377171164416203,0.017422749502779982,0.008156681728355835,0.028632915335980936,0.02866173291183479,0.02064376329150119,0.0164493013629865,0.07345825519301032,0.031128219316918185,0.04477412124543289,0.08980252121366163,0.07723875879269262,0.09244163843685463,0.060481564403494836,0.028324807872915015,0.03975471334074662,0.03728924164575059,0.035680462055599674,0.04094073010961081,0.024290475660047647,0.016803346389197768,0.024483070341540906,0.018543726938840353,0.041090075666401896,0.03564601830023827
Softw,0.020521237736298645,0.016441381596505163,0.012099236497220013,0.012535196910246226,0.014443469412231935,0.033857410643367745,0.03984034038919778,0.02966622853852263,0.030178796719618744,0.02902166404289118,0.028906477934868946,0.03650450272438443,0.05541460954725973,0.031798563375695,0.026636667394757747,0.030069993725178705,0.029907739968228753,0.03731234950754566,0.041594069992057184,0.02764879687847498,0.04486058044479746,0.04213499456711676,0.035990643574265284,0.028931281397934872,0.023919834368546465,0.016031399229547258,0.00780452575853852,0.02810611077045274,0.02676422769658459,0.02042830664813344,0.015968427053216834,0.07123523724384433,0.031259793042096896,0.04383875430500397,0.07723875879269262,0.07754088672756157,0.08471180904686257,0.056805854042891187,0.026860050111199362,0.03785025023034154,0.03633733381254963,0.03459907189038919,0.04022530712470214,0.02448518393169182,0.01650808598888007,0.023963585774424142,0.018569444408260524,0.03952659139793486,0.03491471558379666
Chips,0.02243135512470214,0.018506100795869732,0.013836019696584588,0.014590605297855443,0.015872131582208106,0.037636468117553605,0.04392432524702143,0.03385204212390787,0.0345351161604448,0.03195023136934074,0.03193399352501986,0.04009804736616362,0.06222043770929308,0.037306862597299435,0.030655235756949954,0.033938190967434466,0.0338768818141382,0.0427780867720413,0.04902877477362987,0.03194461043208896,0.05534453277521844,0.04992335794122318,0.04173673636536935,0.03259863435107228,0.029426107715647336,0.020695544754567113,0.008384487111993641,0.032340677404289114,0.03427885386338364,0.024370882832406668,0.01966892346624305,0.08135086182843526,0.03525505010325656,0.049636999286735504,0.09244163843685463,0.08471180904686257,0.10945247462907069,0.06968131604130261,0.03132435623351866,0.044142944387609205,0.04182283907704529,0.03976950193963463,0.045124346006354246,0.026307858676727563,0.01885998083876092,0.02745807629070691,0.020122267429706114,0.045964547375695,0.03946753448768864
LabEq,0.017197983084988076,0.014212926023828438,0.011293474389197774,0.010809348880063543,0.013560859018268465,0.027080268339952338,0.03187363001747419,0.024991875939634634,0.02525218846068308,0.023501142405083393,0.02423971861477362,0.02954567066560763,0.0456032417092931,0.02782762843526609,0.022357723888800644,0.02631846854328832,0.024963449728355836,0.03133066159809373,0.03492446046068309,0.023046203660047653,0.03860557738522636,0.035005364015885616,0.030944039847498023,0.02437676782843526,0.020620286932486093,0.01624927837331215,0.0063358119841143735,0.02488884278316124,0.025200765057982525,0.019390374544876885,0.01513476798093725,0.05530336198888007,0.025623938522637012,0.035158300384432094,0.060481564403494836,0.056805854042891187,0.06968131604130261,0.05394686496584592,0.023420673213661633,0.033017904216044475,0.03052479759809372,0.02830044430818109,0.032635059685464644,0.019826619863383636,0.014109944902303415,0.02098345042096902,0.014576001404289114,0.03214369775377283,0.028902001397934876
