,Agric,Food ,Soda ,Beer ,Smoke,Toys ,Fun  ,Books,Hshld,Clths,Hlth ,MedEq,Drugs,Chems,Rubbr,Txtls,BldMt,Cnstr,Steel,FabPr,Mach ,ElcEq,Autos,Aero ,Ships,Guns ,Gold ,Mines,Coal ,Oil  ,Util ,Telcm,PerSv,BusSv,Hardw,Softw,Chips,LabEq,Paper,Boxes,Trans,Whlsl,Rtail,Meals,Banks,Insur,RlEst,Fin  ,Other
Agric,0.04373832714694202,0.007337407739475775,0.006831879682287529,0.005085232376489276,0.006588595966640191,0.01131431654964257,0.014475223194598881,0.010782642208101668,0.01127923669737887,0.010172002106433677,0.011515557876092134,0.013411239329626685,0.01717521453375695,0.011683149529785544,0.01055609526449563,0.01247510503256553,0.011593173776012709,0.01359564841938046,0.014937658328832405,0.01064762664177919,0.014147893453534552,0.013141003056393962,0.014228973625099282,0.012797933556791107,0.01013848791898332,0.009087418225575855,0.007045663763304212,0.014728840033359808,0.009220552621127878,0.009645531428117552,0.008192580347895153,0.01917561748848292,0.011705715250198572,0.014686608527402698,0.018926920142970607,0.019226515272438443,0.021041765969817317,0.016435377127879267,0.010216405447180301,0.013760954414614775,0.013204451267672756,0.012235581779189833,0.01444568259412232,0.010720494996028592,0.006556237907863383,0.009748907884034949,0.007271644501985702,0.012712721461477358,0.01320835774583002
Food ,0.007337407739475775,0.012827810287529781,0.006774827990468625,0.005505509051628277,0.00960253322954726,0.009675431714058777,0.012764334881652104,0.01016202795869738,0.010377341299444004,0.010223264158856233,0.010387198894360601,0.010609214811755363,0.01571757695313741,0.01223224939158062,0.009052043418586179,0.010834799275615568,0.010739951542494044,0.013484817950754563,0.01427521576489277,0.008701721442414614,0.013154980003177122,0.011645852568705322,0.013441410414614777,0.011498857334392376,0.008147809086576648,0.006977178243050041,0.0014616312819698183,0.010788376374900712,0.010926387450357424,0.008588637636219223,0.008506717763304208,0.016519008438443207,0.009619336679904686,0.01203937929150119,0.01632875904686259,0.016247040305003974,0.0182354490929309,0.014048419882446385,0.010428051488482925,0.013800347628276408,0.012670343199364572,0.010385283145353455,0.012851345137410647,0.008764644638602062,0.006232502945194598,0.010342983517077046,0.006393254983320095,0.011302736711675932,0.011358811100873709
Soda ,0.006831879682287529,0.006774827990468625,0.029818388181096105,0.007194300873709294,0.009568489213661635,0.00751996756155679,0.009746089308975374,0.008482321652104843,0.009545099221604451,0.008114771278792694,0.008700307926926132,0.00807423167593328,0.011898694996028596,0.010396596250992853,0.007455200698967433,0.010659675996822875,0.0090519621604448,0.011275572613185068,0.01223112873709293,0.00641793023034154,0.010117961366163622,0.008901692104845116,0.011516847625099283,0.007999444861000793,0.007332976108022241,0.002673937728355837,-0.0055522964892772055,0.009608635297855442,0.008615073105639392,0.007310727370929309,0.008258080031771246,0.01176914122319301,0.007793362351072278,0.009214822621127878,0.011391927180301825,0.011398617569499602,0.01276708168387609,0.010450463701350278,0.009475210992851469,0.012263245909451945,0.010042752501985702,0.008426827386814932,0.010396647402700554,0.007373981318506752,0.00509896543288324,0.00927764543288324,0.0053872280857823664,0.009443457950754568,0.009024863764892773
Beer ,0.005085232376489276,0.005505509051628277,0.007194300873709294,0.029554316662430507,0.007261688989674343,0.007021663815726765,0.008365276853057982,0.006934681826846704,0.007447538489277205,0.008101707504368548,0.007792038946783158,0.008336701607625098,0.012312097428117555,0.008604620541699758,0.007220526498808577,0.008035555936457507,0.008205138503574265,0.010018623733121523,0.010002448740270056,0.006325621523431296,0.00973482908816521,0.009318312463860206,0.009645801275615568,0.00863269487847498,0.0055732377045274025,0.0026277401858617955,0.000691446800635425,0.008567432405083402,0.008146631525019857,0.007225217388403495,0.007118935648927721,0.012892230517871328,0.008229212120730738,0.009201116651310562,0.013165425305798253,0.012925460168387606,0.014831217318506751,0.010966399647339158,0.008107698158856235,0.008426022964257344,0.009061469431294676,0.007983004718030182,0.010182095261318505,0.0064403467196187435,0.004252918120730739,0.007350299582208103,0.004739160549642572,0.008663437744241463,0.009032138108022239
Smoke,0.006588595966640191,0.00960253322954726,0.009568489213661635,0.007261688989674343,0.07299460222239872,0.01129530225893566,0.014654557170770452,0.011882001763304208,0.010039077806195396,0.010785843930103253,0.01180358550754567,0.011636839208895952,0.017822326752978557,0.016442617332803815,0.012013553758538518,0.009164142274821289,0.01144535346783161,0.013427817982525818,0.01835751882764098,0.007287318425734709,0.013650120081016676,0.012874255942811759,0.015511015509134233,0.011837783647339156,0.00833701832406672,0.007956181552025416,-0.001599788592533756,0.01545332743288324,0.016825954416203333,0.011919562996028595,0.013404390104845112,0.015911372312946783,0.011547057903097699,0.012724942640190626,0.01605618187450357,0.01485787135186656,0.016407571599682286,0.0138693927847498,0.013107978794281177,0.018281244822875298,0.014639481790309768,0.011482687958697379,0.013575615579030972,0.00909245204130262,0.008016252544876885,0.013379928779984111,0.005548804044479746,0.012628551231135822,0.012750519458300238
Toys ,0.01131431654964257,0.009675431714058777,0.00751996756155679,0.007021663815726765,0.01129530225893566,0.03571834309134233,0.021747237445591743,0.017038233741064338,0.016333056476568703,0.017134624641779193,0.015070132289118347,0.019104350716441617,0.027124976025417004,0.019096923221604445,0.014603434293884034,0.018733464362192212,0.01784017833836378,0.021471884511517075,0.023068952559173943,0.01491954797776013,0.02272275953613979,0.020497889099285148,0.022080098020651313,0.017272571990468624,0.013555986719618746,0.008951819151707707,0.005130241220015884,0.01645598136934075,0.01522522484511517,0.012472314929308975,0.010450733833200953,0.033488484428911836,0.017221191612390784,0.021819517610802225,0.03418376263701349,0.033047665906274816,0.0367574831389992,0.02633580890230341,0.015977845763304206,0.022601474611596506,0.02049075637172359,0.018628864813343922,0.02208131004924543,0.014442230087370927,0.009471851208895947,0.014009411113582206,0.00978294117235902,0.02043639936457506,0.019891898954725973
Fun  ,0.014475223194598881,0.012764334881652104,0.009746089308975374,0.008365276853057982,0.014654557170770452,0.021747237445591743,0.039246989831612386,0.019959577394757743,0.019915249752184276,0.019893933429706117,0.019196297024622718,0.022242530424146152,0.03192760770611596,0.022848532249404287,0.017388102130262116,0.02144631145671167,0.020506493420174743,0.02478664664019063,0.02717046866084193,0.017954680300238286,0.026577675188244634,0.024518713003971404,0.026823208868943606,0.022360413798252585,0.01411060911040508,0.010891397088165207,0.004538932265289914,0.017956660776806993,0.018154986918189037,0.015327842837172359,0.013490262257347096,0.03942541396505163,0.02037153774424146,0.02572400078157267,0.03827576617950755,0.03836648841302623,0.04247485763621922,0.030738105795075465,0.019831443734710085,0.026270235863383635,0.02617391067037331,0.021525819555202545,0.027296429971405876,0.018076482795869743,0.011375334196981727,0.018207239979348686,0.011777860311358216,0.024139937537728355,0.02471479548689436
Books,0.010782642208101668,0.01016202795869738,0.008482321652104843,0.006934681826846704,0.011882001763304208,0.017038233741064338,0.019959577394757743,0.029463800762509925,0.015734454694201736,0.015464637648927719,0.01555337758538523,0.01703254945194598,0.02458815270849881,0.018387454344718026,0.014378113216838758,0.01753998913423352,0.0164931152660842,0.01991232946783161,0.021609984845115164,0.013597655710881652,0.02087512065131056,0.01889354671961874,0.021113729769658456,0.0164692080381255,0.012973230929308976,0.009619216854646546,-0.0011804506274821274,0.01480719556791104,0.017423455170770447,0.0126468074980143,0.011929815107227954,0.030437244463860206,0.016036047879269263,0.019985187100873703,0.029260430818109598,0.028603144527402685,0.03247988104845115,0.02409366649722002,0.015707441350277993,0.021880113772835583,0.01994603868149325,0.016359948657664807,0.021517085289912634,0.013426456298649721,0.009315126878474978,0.01478790365369341,0.009115716632247814,0.018988733280381247,0.01901834752978554
Hshld,0.01127923669737887,0.010377341299444004,0.009545099221604451,0.007447538489277205,0.010039077806195396,0.016333056476568703,0.019915249752184276,0.015734454694201736,0.02413729972835583,0.01645431614614774,0.015231299057982525,0.016619111393169184,0.0244426521223193,0.019405396173153292,0.014243088659253373,0.018412958319301034,0.01711443902779984,0.021453142144559175,0.02343488419698174,0.015148548354249404,0.022047088913423354,0.01965000123272438,0.022212964230341536,0.016833123631453534,0.013564467378872121,0.009958933037331216,0.002470427166004768,0.0177988132152502,0.016710945996822872,0.013132995466243053,0.01176705463224782,0.02935177215409055,0.016681287831612393,0.020110854189038914,0.030145428673550433,0.029320577404289123,0.03354133067831612,0.024534261537728353,0.016924483194598886,0.02307500167752184,0.020712143648927712,0.017159418729150125,0.021922251321683874,0.014286216362192216,0.009609621980937252,0.01513745564257347,0.008948646617950756,0.018889739571088165,0.01820371567752184
Clths,0.010172002106433677,0.010223264158856233,0.008114771278792694,0.008101707504368548,0.010785843930103253,0.017134624641779193,0.019893933429706117,0.015464637648927719,0.01645431614614774,0.025053275812549635,0.01418228248133439,0.016127755094519455,0.023877426506751377,0.01865376623669579,0.014466070891183479,0.018716418541699763,0.016797759313741063,0.02122981842732327,0.022693415777601273,0.01447578210325655,0.020895666157267668,0.019427569080222397,0.021473878535345516,0.017182263154884827,0.012238423749007148,0.007610038001588565,0.002611103742652897,0.017709156177918982,0.01779038571882446,0.012628889143764891,0.010938323409054807,0.028542766776806994,0.015617331564733912,0.01986149466560762,0.028833352533756948,0.02832611186020651,0.03121667023351867,0.022978189464654485,0.01590905189197776,0.022037126919777602,0.02116059568228753,0.01680087059571088,0.02307928953455123,0.014219928038125492,0.009006268819698175,0.014269141671167596,0.009299400946783156,0.018042600381254957,0.018795096479745824
Hlth ,0.011515557876092134,0.010387198894360601,0.008700307926926132,0.007792038946783158,0.01180358550754567,0.015070132289118347,0.019196297024622718,0.01555337758538523,0.015231299057982525,0.01418228248133439,0.028353234775218422,0.01782581011278793,0.026826041450357423,0.01774052218109611,0.01408195766957903,0.016612976308181093,0.015258875812549644,0.01936506592533757,0.021566017737887216,0.013490097262907067,0.020221812633836378,0.018171189051628282,0.019677136948371723,0.017088342967434472,0.011943735226370135,0.008565399080222398,0.0054581421493248615,0.015368034212867353,0.01775432205718824,0.013491220997617154,0.011890734190627483,0.028604136732327246,0.015420683923749009,0.01991009673709293,0.027870721223193014,0.027700936565528203,0.03064920045432883,0.023387393254964247,0.01520891096584591,0.020165639758538526,0.01893138039872915,0.01661847912629071,0.020217804767275614,0.0133078677045274,0.009572985243844319,0.015996223893566322,0.008813377693407466,0.018119014455917393,0.016684785475774424
MedEq,0.013411239329626685,0.010609214811755363,0.00807423167593328,0.008336701607625098,0.011636839208895952,0.019104350716441617,0.022242530424146152,0.01703254945194598,0.016619111393169184,0.016127755094519455,0.01782581011278793,0.025994844918189035,0.031025084794281173,0.018365979663224778,0.01527167408737093,0.018058564949960287,0.0170524469324861,0.02184509960285941,0.023889057213661632,0.016250316921366158,0.023296916883240665,0.02225086190309769,0.021557549855440828,0.017402501776012713,0.012600165131056391,0.01095009363939635,0.006137540330420972,0.01744063294996028,0.017974844972200157,0.014462554262112785,0.011033709512311357,0.03421110071167593,0.01789610125496426,0.023380315895154886,0.03569049756949961,0.03501661990150914,0.03849909359173948,0.02841011628911835,0.015991685302621125,0.021932480552819697,0.020337713687053217,0.019209013248610008,0.022089868508339952,0.014271981636219221,0.009720979707704528,0.014623962074662426,0.010137538821286735,0.021011395710881654,0.02043613877998411
Drugs,0.01717521453375695,0.01571757695313741,0.011898694996028596,0.012312097428117555,0.017822326752978557,0.027124976025417004,0.03192760770611596,0.02458815270849881,0.0244426521223193,0.023877426506751377,0.026826041450357423,0.031025084794281173,0.05685022770293885,0.02810277906115964,0.021378996503574266,0.02643878763780778,0.02440311808101668,0.031879935027799844,0.03355491246703733,0.021895675490071483,0.03418165207148531,0.03296982586814932,0.03024353024146147,0.025357194748212873,0.019281099531374104,0.012470282260524226,0.002423954263701353,0.024560536983320096,0.024372450206513102,0.02124336602700556,0.0179149134853058,0.05137557883876093,0.025604772533756946,0.03418071969499603,0.05343285596505162,0.05224480902938842,0.058802591482128665,0.043208243021445596,0.023273922635424937,0.03223155975218428,0.030133157431294678,0.02708503191421763,0.03188856067196187,0.02000742681493249,0.014269441323272434,0.02249943123590152,0.014888567138999205,0.03152098293884034,0.028852226641779187
Chems,0.011683149529785544,0.01223224939158062,0.010396596250992853,0.008604620541699758,0.016442617332803815,0.019096923221604445,0.022848532249404287,0.018387454344718026,0.019405396173153292,0.01865376623669579,0.01774052218109611,0.018365979663224778,0.02810277906115964,0.03066120905321685,0.017037674946783158,0.02083633921842732,0.01977730483240667,0.024149077299444006,0.028556675358220818,0.016279534552819698,0.025402538139793488,0.022782713493248608,0.02576419584908658,0.019592438592533755,0.015846314654487687,0.010735371124702145,0.003154092786338361,0.021945422193804603,0.022679072128673546,0.01729853180937252,0.015402035137410643,0.031880462841938045,0.018293112200158855,0.022460718741858614,0.0325476273709293,0.03123122510563939,0.03678310223669579,0.027544187072279586,0.021676526352660843,0.029547741324860995,0.024549265803018267,0.019407856632247807,0.02422962319777601,0.01546671955520254,0.011473644754567115,0.01796809404765687,0.010057833477362986,0.02132207113582208,0.022157713123113584
Rubbr,0.01055609526449563,0.009052043418586179,0.007455200698967433,0.007220526498808577,0.012013553758538518,0.014603434293884034,0.017388102130262116,0.014378113216838758,0.014243088659253373,0.014466070891183479,0.01408195766957903,0.01527167408737093,0.021378996503574266,0.017037674946783158,0.05134526096743446,0.014761696962668783,0.014754573648927715,0.017784885909451948,0.02150865079904686,0.01347193140746624,0.019138225129467834,0.01796715584432089,0.018489734689436058,0.013942014795869737,0.01210240529785544,0.010056336430500395,0.0011743762494042889,0.014533840430500398,0.015324012335186656,0.012630574192216044,0.010376014231930101,0.027139365177124706,0.014099586004765687,0.018011403761715644,0.026118032962668784,0.025546728934074666,0.029428656263701346,0.021585968772041306,0.015241191166004761,0.019733425741064337,0.018628315747418585,0.015584658347895151,0.018444136208101664,0.011601834853057982,0.008362230489277204,0.012298183007148529,0.008639446662430501,0.01609750265289913,0.01707649396505163
Txtls,0.01247510503256553,0.010834799275615568,0.010659675996822875,0.008035555936457507,0.009164142274821289,0.018733464362192212,0.02144631145671167,0.01753998913423352,0.018412958319301034,0.018716418541699763,0.016612976308181093,0.018058564949960287,0.02643878763780778,0.02083633921842732,0.014761696962668783,0.05672588110563939,0.01853489967275615,0.024033533693407466,0.02644079688006353,0.016424895380460686,0.023312328829229546,0.02098927044956314,0.023306940069896743,0.018800347463065928,0.0128362253375695,0.009268355593328038,0.005506183539316919,0.019606604165210484,0.022598591850675132,0.01776815537410643,0.013599449814138206,0.030646957931691823,0.01855040196981731,0.021478732511517076,0.029689620873709296,0.02983863152978554,0.03387908215409055,0.02636696378713264,0.01802663329308975,0.026423960743447186,0.02211903762668785,0.018667215536139797,0.022549547618745037,0.015409621382049243,0.010102796641779188,0.015435572876886414,0.010637625239078633,0.019727217950754564,0.020462419161239073
BldMt,0.011593173776012709,0.010739951542494044,0.0090519621604448,0.008205138503574265,0.01144535346783161,0.01784017833836378,0.020506493420174743,0.0164931152660842,0.01711443902779984,0.016797759313741063,0.015258875812549644,0.0170524469324861,0.02440311808101668,0.01977730483240667,0.014754573648927715,0.01853489967275615,0.02252732939793487,0.022523198093725178,0.02485186958538522,0.01606581990150913,0.02276799986020651,0.020371021178713273,0.022940805490071478,0.018872021242255753,0.013839985258141384,0.01221210338999206,0.002219228740270057,0.01848445583478952,0.019152915266084192,0.014578258382843524,0.01259903763621922,0.02970816395869738,0.015735825321683876,0.020306220149324854,0.030253865321683875,0.02927175947895156,0.033191120165210475,0.02450620974741859,0.017716743466243048,0.023836770725972994,0.021261086042891186,0.01777118182684671,0.021794845343923747,0.014169860397140589,0.009785808965845905,0.015266124549642572,0.009614864165210481,0.01891103332803813,0.019935841950754568
Cnstr,0.01359564841938046,0.013484817950754563,0.011275572613185068,0.010018623733121523,0.013427817982525818,0.021471884511517075,0.02478664664019063,0.01991232946783161,0.021453142144559175,0.02122981842732327,0.01936506592533757,0.02184509960285941,0.031879935027799844,0.024149077299444006,0.017784885909451948,0.024033533693407466,0.022523198093725178,0.04558973216838761,0.030431155393169183,0.019326109579030977,0.027771638506751375,0.025111734741858616,0.02770653010325655,0.022341210929308974,0.015090520031771245,0.0134231114853058,0.004444781413820491,0.02401456505162828,0.02499409842732327,0.020016766576648123,0.016430812327243843,0.03691254907069102,0.021241379952343126,0.02524566703733121,0.038014595043685456,0.03653986779984114,0.04198924597299445,0.03077052435266084,0.02204364231930103,0.02925284352660842,0.026303114027005556,0.021974118919777606,0.02812350204924544,0.017358290516282765,0.012353689912629067,0.019060934614773633,0.011886359936457508,0.024588918729150117,0.02572268181096108
Steel,0.014937658328832405,0.01427521576489277,0.01223112873709293,0.010002448740270056,0.01835751882764098,0.023068952559173943,0.02717046866084193,0.021609984845115164,0.02343488419698174,0.022693415777601273,0.021566017737887216,0.023889057213661632,0.03355491246703733,0.028556675358220818,0.02150865079904686,0.02644079688006353,0.02485186958538522,0.030431155393169183,0.04940040323431293,0.020632537223193016,0.032025128416203336,0.02871401208578236,0.031143820705321686,0.024380863110405084,0.02021085221604448,0.015112522710087367,0.010418442824463858,0.030618287374106434,0.03483225332803812,0.02417406387291501,0.016896546557585386,0.042249334611596516,0.02204332413026212,0.02863921432247815,0.043202735345512305,0.040967607383637805,0.048455704457505945,0.034527320038125496,0.024428987415409047,0.034683087828435266,0.02977345300397139,0.02507848584590945,0.028906889795075455,0.018900168324066713,0.013253307491660045,0.020259707110405083,0.012968670830818107,0.026393872946783154,0.02675984934392376
FabPr,0.01064762664177919,0.008701721442414614,0.00641793023034154,0.006325621523431296,0.007287318425734709,0.01491954797776013,0.017954680300238286,0.013597655710881652,0.015148548354249404,0.01447578210325655,0.013490097262907067,0.016250316921366158,0.021895675490071483,0.016279534552819698,0.01347193140746624,0.016424895380460686,0.01606581990150913,0.019326109579030977,0.020632537223193016,0.056276657822081015,0.02025369725337569,0.01856694388562351,0.018077177081810964,0.01608703016044479,0.01304344687053217,0.015024972926131853,0.01730552872279587,0.018456370530579823,0.01852680370929309,0.01310591108181096,0.009634989517077044,0.027062241177124705,0.015448159158061957,0.01833321959015091,0.02849636433677522,0.02665771335345512,0.030910403529785548,0.022401577375695002,0.014988866212867352,0.01969556914376489,0.017904611559968225,0.016255549372517872,0.018892846698967434,0.012621211596505158,0.00848867845432883,0.012865152115965048,0.0072265327498014275,0.01686923599682287,0.017699379966640193
Mach ,0.014147893453534552,0.013154980003177122,0.010117961366163622,0.00973482908816521,0.013650120081016676,0.02272275953613979,0.026577675188244634,0.02087512065131056,0.022047088913423354,0.020895666157267668,0.020221812633836378,0.023296916883240665,0.03418165207148531,0.025402538139793488,0.019138225129467834,0.023312328829229546,0.02276799986020651,0.027771638506751375,0.032025128416203336,0.02025369725337569,0.03634380616203336,0.028533230602065127,0.02815974428435266,0.023222327647339155,0.018982744455917397,0.01349520925019857,0.004992808274821284,0.02296202715011914,0.025423248204924538,0.02047400777442415,0.015490048989674349,0.043054745923749,0.021672388451151714,0.02858159979030977,0.04652541412231929,0.0433923328737093,0.05365957508816521,0.0374026679618745,0.021979005050039715,0.0311294516664019,0.027412531696584592,0.023741126592533756,0.028399562864177916,0.017714855694996028,0.012306512363780778,0.019151982752978552,0.012825097401111991,0.026621024940428915,0.024840889644162027
ElcEq,0.013141003056393962,0.011645852568705322,0.008901692104845116,0.009318312463860206,0.012874255942811759,0.020497889099285148,0.024518713003971404,0.01889354671961874,0.01965000123272438,0.019427569080222397,0.018171189051628282,0.02225086190309769,0.03296982586814932,0.022782713493248608,0.01796715584432089,0.02098927044956314,0.020371021178713273,0.025111734741858616,0.02871401208578236,0.01856694388562351,0.028533230602065127,0.036300821007148536,0.024818755857029383,0.020334326106433678,0.015862049785544077,0.01385672989356632,0.005057767853852265,0.020766479167593326,0.021573154344718026,0.01761195327084987,0.013598883564733915,0.039800875812549645,0.020239260333598096,0.02638532036219221,0.04306300934074663,0.040603920610007935,0.04815014612867356,0.033717159542494046,0.01910652988721207,0.02592594202382843,0.024843297804606833,0.021952362795869738,0.025479800616362194,0.016268943383637803,0.011140616374900714,0.017060747431294678,0.011852802198570296,0.024252137156473393,0.0227002283335981
Autos,0.014228973625099282,0.013441410414614777,0.011516847625099283,0.009645801275615568,0.015511015509134233,0.022080098020651313,0.026823208868943606,0.021113729769658456,0.022212964230341536,0.021473878535345516,0.019677136948371723,0.021557549855440828,0.03024353024146147,0.02576419584908658,0.018489734689436058,0.023306940069896743,0.022940805490071478,0.02770653010325655,0.031143820705321686,0.018077177081810964,0.02815974428435266,0.024818755857029383,0.041081642209690225,0.02471571399841144,0.01859310979348689,0.013095509450357427,0.001744377278792689,0.023020122673550438,0.02221590396346307,0.016432131504368543,0.015760569288324065,0.037699123855440816,0.020665401540905477,0.02556697207942811,0.037112968085782364,0.03562105955837966,0.041410079069102455,0.030818991208895943,0.02323274476092137,0.030487271726767275,0.02901820492295472,0.022033934535345516,0.028969349799841143,0.018753233042096897,0.012403507369340745,0.01965241000635425,0.011382843815726764,0.0238616592533757,0.024871720640190623
Aero ,0.012797933556791107,0.011498857334392376,0.007999444861000793,0.00863269487847498,0.011837783647339156,0.017272571990468624,0.022360413798252585,0.0164692080381255,0.016833123631453534,0.017182263154884827,0.017088342967434472,0.017402501776012713,0.025357194748212873,0.019592438592533755,0.013942014795869737,0.018800347463065928,0.018872021242255753,0.022341210929308974,0.024380863110405084,0.01608703016044479,0.023222327647339155,0.020334326106433678,0.02471571399841144,0.052768246932486086,0.015524395663224784,0.011251583094519457,0.001020562341540906,0.01828455479904686,0.01969584643367752,0.013465523628276407,0.012378766217633041,0.02942131852899126,0.017158915043685465,0.0207832431898332,0.028843368038125494,0.02839823136457506,0.032134873277204136,0.024045448851469413,0.018529032619539317,0.02459741293725179,0.02364750751072279,0.01801176562351072,0.022546231005559973,0.015444325115170769,0.01009086169658459,0.0161725986624305,0.009207642833995234,0.019451448514694204,0.01995415321048451
Ships,0.01013848791898332,0.008147809086576648,0.007332976108022241,0.0055732377045274025,0.00833701832406672,0.013555986719618746,0.01411060911040508,0.012973230929308976,0.013564467378872121,0.012238423749007148,0.011943735226370135,0.012600165131056391,0.019281099531374104,0.015846314654487687,0.01210240529785544,0.0128362253375695,0.013839985258141384,0.015090520031771245,0.02021085221604448,0.01304344687053217,0.018982744455917397,0.015862049785544077,0.01859310979348689,0.015524395663224784,0.04185770604447974,0.011794381119936456,0.001107592255758536,0.01443484987291501,0.015709162517871324,0.011661169610802226,0.010072282374900713,0.023200056671961875,0.012722991183478947,0.016513614900714853,0.025165212819698173,0.023583652041302618,0.029005444622716436,0.0203598739158062,0.013338498324066717,0.019251376012708495,0.01624797486100079,0.014119332533756954,0.015918053590150912,0.009752255027799838,0.007851952637013502,0.01240581438443209,0.0076081943923749,0.015467166100079423,0.015309788268467036
Guns ,0.009087418225575855,0.006977178243050041,0.002673937728355837,0.0026277401858617955,0.007956181552025416,0.008951819151707707,0.010891397088165207,0.009619216854646546,0.009958933037331216,0.007610038001588565,0.008565399080222398,0.01095009363939635,0.012470282260524226,0.010735371124702145,0.010056336430500395,0.009268355593328038,0.01221210338999206,0.0134231114853058,0.015112522710087367,0.015024972926131853,0.01349520925019857,0.01385672989356632,0.013095509450357427,0.011251583094519457,0.011794381119936456,0.1144919432104845,0.013579254953137413,0.017146599089753772,0.02074287231930103,0.013186416454328833,0.009609032316123908,0.01623345824146148,0.009429820984908658,0.011948388937251787,0.016851773200953133,0.015486307653693411,0.019995323059571083,0.015699911825258143,0.010334877272438446,0.015100142061953935,0.008496523416997614,0.011110516870532166,0.011103684814932489,0.005293105544082605,0.006324678730738682,0.008472925799841146,0.004185776200158854,0.010143722573471008,0.011608728398729147
Gold ,0.007045663763304212,0.0014616312819698183,-0.0055522964892772055,0.000691446800635425,-0.001599788592533756,0.005130241220015884,0.004538932265289914,-0.0011804506274821274,0.002470427166004768,0.002611103742652897,0.0054581421493248615,0.006137540330420972,0.002423954263701353,0.003154092786338361,0.0011743762494042889,0.005506183539316919,0.002219228740270057,0.004444781413820491,0.010418442824463858,0.01730552872279587,0.004992808274821284,0.005057767853852265,0.001744377278792689,0.001020562341540906,0.001107592255758536,0.013579254953137413,0.27298506468467043,0.039778409914217626,0.020457132128673547,0.0184163778776807,0.005133158235107231,0.00795349507386815,0.006213353089753772,0.005996197439237488,0.007687542700555996,0.0070119060905480535,0.00809214874980143,0.0061521107895154935,0.0005155507053216823,0.005560272095313741,0.0010356881223193004,0.006490588832406671,0.0028536524749801432,0.0021335089753772856,0.0030987198776806987,0.0008889412756155671,0.007592459942811757,0.00316351958697379,0.00048372298808578346
Mines,0.014728840033359808,0.010788376374900712,0.009608635297855442,0.008567432405083402,0.01545332743288324,0.01645598136934075,0.017956660776806993,0.01480719556791104,0.0177988132152502,0.017709156177918982,0.015368034212867353,0.01744063294996028,0.024560536983320096,0.021945422193804603,0.014533840430500398,0.019606604165210484,0.01848445583478952,0.02401456505162828,0.030618287374106434,0.018456370530579823,0.02296202715011914,0.020766479167593326,0.023020122673550438,0.01828455479904686,0.01443484987291501,0.017146599089753772,0.039778409914217626,0.07481411427958698,0.028574747744241454,0.019630076228752975,0.01416780799205719,0.02708222985067514,0.01678782724384432,0.020271589598093727,0.028568705559968238,0.02803157200317712,0.03227420839078633,0.024992944111199365,0.018401489548848293,0.0281725279364575,0.021849890114376488,0.01872200945194599,0.02124709672279587,0.013583803272438444,0.010627190495631452,0.015848251988880055,0.009626744727561556,0.019626242954725974,0.02036923694837172
Coal ,0.009220552621127878,0.010926387450357424,0.008615073105639392,0.008146631525019857,0.016825954416203333,0.01522522484511517,0.018154986918189037,0.017423455170770447,0.016710945996822872,0.01779038571882446,0.01775432205718824,0.017974844972200157,0.024372450206513102,0.022679072128673546,0.015324012335186656,0.022598591850675132,0.019152915266084192,0.02499409842732327,0.03483225332803812,0.01852680370929309,0.025423248204924538,0.021573154344718026,0.02221590396346307,0.01969584643367752,0.015709162517871324,0.02074287231930103,0.020457132128673547,0.028574747744241454,0.12522388637807783,0.038018730849880854,0.021878103073868154,0.028908488141382045,0.016369318236695785,0.020291178903891975,0.027714591437648924,0.02574900962668785,0.03305794463860205,0.024601923637807784,0.01991316896743447,0.029966439872915022,0.02167068899920572,0.018891723574265294,0.022364769126290707,0.01479446573471009,0.01036735395552026,0.01677711756155679,0.01090236999205719,0.019166164956314534,0.021097798768864178
Oil  ,0.009645531428117552,0.008588637636219223,0.007310727370929309,0.007225217388403495,0.011919562996028595,0.012472314929308975,0.015327842837172359,0.0126468074980143,0.013132995466243053,0.012628889143764891,0.013491220997617154,0.014462554262112785,0.02124336602700556,0.01729853180937252,0.012630574192216044,0.01776815537410643,0.014578258382843524,0.020016766576648123,0.02417406387291501,0.01310591108181096,0.02047400777442415,0.01761195327084987,0.016432131504368543,0.013465523628276407,0.011661169610802226,0.013186416454328833,0.0184163778776807,0.019630076228752975,0.038018730849880854,0.042817767949166,0.016683008282764103,0.02121372145194599,0.013661189070691025,0.0168288085274027,0.020736315424940432,0.020546906821286733,0.024288365000794284,0.019238925706115968,0.013844010125496426,0.021199204390786337,0.01621079024305004,0.014490282795869735,0.01542477038602065,0.010500654900714855,0.007488951577442414,0.012452681458300235,0.008312543548848294,0.014767903415409055,0.01584616134392375
Util ,0.008192580347895153,0.008506717763304208,0.008258080031771246,0.007118935648927721,0.013404390104845112,0.010450733833200953,0.013490262257347096,0.011929815107227954,0.01176705463224782,0.010938323409054807,0.011890734190627483,0.011033709512311357,0.0179149134853058,0.015402035137410643,0.010376014231930101,0.013599449814138206,0.01259903763621922,0.016430812327243843,0.016896546557585386,0.009634989517077044,0.015490048989674349,0.013598883564733915,0.015760569288324065,0.012378766217633041,0.010072282374900713,0.009609032316123908,0.005133158235107231,0.01416780799205719,0.021878103073868154,0.016683008282764103,0.02244235669420174,0.017708441618745036,0.010726508101667993,0.013211807161239073,0.01647244036536934,0.016017751301032564,0.01957704994122319,0.015122055030976966,0.012534046956314531,0.01814512569340747,0.015335917463065922,0.01169201037331215,0.013897263674344717,0.00959640219221604,0.00778617060047657,0.013445809377283556,0.006422645137410643,0.012987235329626689,0.013885361828435262
Telcm,0.01917561748848292,0.016519008438443207,0.01176914122319301,0.012892230517871328,0.015911372312946783,0.033488484428911836,0.03942541396505163,0.030437244463860206,0.02935177215409055,0.028542766776806994,0.028604136732327246,0.03421110071167593,0.05137557883876093,0.031880462841938045,0.027139365177124706,0.030646957931691823,0.02970816395869738,0.03691254907069102,0.042249334611596516,0.027062241177124705,0.043054745923749,0.039800875812549645,0.037699123855440816,0.02942131852899126,0.023200056671961875,0.01623345824146148,0.00795349507386815,0.02708222985067514,0.028908488141382045,0.02121372145194599,0.017708441618745036,0.08160098449404289,0.03045067791898332,0.04185667019539316,0.0703373975059571,0.06790942240508341,0.07763440326926128,0.05275849696902305,0.027672313040508344,0.039159630411437635,0.03701809519142177,0.033107946290706916,0.03966304318189039,0.02419076978554408,0.016779736859412232,0.02461318214932486,0.01781483176171565,0.039295592692613186,0.034536434108022235
PerSv,0.011705715250198572,0.009619336679904686,0.007793362351072278,0.008229212120730738,0.011547057903097699,0.017221191612390784,0.02037153774424146,0.016036047879269263,0.016681287831612393,0.015617331564733912,0.015420683923749009,0.01789610125496426,0.025604772533756946,0.018293112200158855,0.014099586004765687,0.01855040196981731,0.015735825321683876,0.021241379952343126,0.02204332413026212,0.015448159158061957,0.021672388451151714,0.020239260333598096,0.020665401540905477,0.017158915043685465,0.012722991183478947,0.009429820984908658,0.006213353089753772,0.01678782724384432,0.016369318236695785,0.013661189070691025,0.010726508101667993,0.03045067791898332,0.029578959650516292,0.021206646100079433,0.030128583288324063,0.030097824590945194,0.03398912521048451,0.02476329855440826,0.01596115143764893,0.021455987132644957,0.02045042006354249,0.01758465293089754,0.021610817299444002,0.014248683050039714,0.009597655901509131,0.01447325571088165,0.009899927656870531,0.018816598093725174,0.018134982414614777
BusSv,0.014686608527402698,0.01203937929150119,0.009214822621127878,0.009201116651310562,0.012724942640190626,0.021819517610802225,0.02572400078157267,0.019985187100873703,0.020110854189038914,0.01986149466560762,0.01991009673709293,0.023380315895154886,0.03418071969499603,0.022460718741858614,0.018011403761715644,0.021478732511517076,0.020306220149324854,0.02524566703733121,0.02863921432247815,0.01833321959015091,0.02858159979030977,0.02638532036219221,0.02556697207942811,0.0207832431898332,0.016513614900714853,0.011948388937251787,0.005996197439237488,0.020271589598093727,0.020291178903891975,0.0168288085274027,0.013211807161239073,0.04185667019539316,0.021206646100079433,0.02998270102621127,0.043301428562351085,0.04219961383320094,0.047889558913423357,0.03396844737728356,0.01943665469102462,0.026827716517871327,0.02519087325814138,0.022263211501191423,0.026531967269261315,0.016813377474185858,0.011497317070691019,0.017618593766481335,0.012173819774424144,0.025192897791898327,0.023539885928514696
Hardw,0.018926920142970607,0.01632875904686259,0.011391927180301825,0.013165425305798253,0.01605618187450357,0.03418376263701349,0.03827576617950755,0.029260430818109598,0.030145428673550433,0.028833352533756948,0.027870721223193014,0.03569049756949961,0.05343285596505162,0.0325476273709293,0.026118032962668784,0.029689620873709296,0.030253865321683875,0.038014595043685456,0.043202735345512305,0.02849636433677522,0.04652541412231929,0.04306300934074663,0.037112968085782364,0.028843368038125494,0.025165212819698173,0.016851773200953133,0.007687542700555996,0.028568705559968238,0.027714591437648924,0.020736315424940432,0.01647244036536934,0.0703373975059571,0.030128583288324063,0.043301428562351085,0.08661601871326448,0.07389465579030975,0.08881385258141383,0.05795766055599681,0.028004387625099283,0.0391259562192216,0.036719759984114385,0.03461300578236696,0.039944395377283566,0.023571606386020644,0.016286732152501985,0.02395456967434472,0.018342794312946786,0.04050042090548054,0.03446829866560762
Softw,0.019226515272438443,0.016247040305003974,0.011398617569499602,0.012925460168387606,0.01485787135186656,0.033047665906274816,0.03836648841302623,0.028603144527402685,0.029320577404289123,0.02832611186020651,0.027700936565528203,0.03501661990150914,0.05224480902938842,0.03123122510563939,0.025546728934074666,0.02983863152978554,0.02927175947895156,0.03653986779984114,0.040967607383637805,0.02665771335345512,0.0433923328737093,0.040603920610007935,0.03562105955837966,0.02839823136457506,0.023583652041302618,0.015486307653693411,0.0070119060905480535,0.02803157200317712,0.02574900962668785,0.020546906821286733,0.016017751301032564,0.06790942240508341,0.030097824590945194,0.04219961383320094,0.07389465579030975,0.07387783514535347,0.08082499632724385,0.05416199449086576,0.026495960959491662,0.037110521785544075,0.03568258463542494,0.03342328870532169,0.03915282755837968,0.02368588117553614,0.015991154230341535,0.023465290179507547,0.018212637464654492,0.03888379358220811,0.033599459628276394
Chips,0.021041765969817317,0.0182354490929309,0.01276708168387609,0.014831217318506751,0.016407571599682286,0.0367574831389992,0.04247485763621922,0.03247988104845115,0.03354133067831612,0.03121667023351867,0.03064920045432883,0.03849909359173948,0.058802591482128665,0.03678310223669579,0.029428656263701346,0.03387908215409055,0.033191120165210475,0.04198924597299445,0.048455704457505945,0.030910403529785548,0.05365957508816521,0.04815014612867356,0.041410079069102455,0.032134873277204136,0.029005444622716436,0.019995323059571083,0.00809214874980143,0.03227420839078633,0.03305794463860205,0.024288365000794284,0.01957704994122319,0.07763440326926128,0.03398912521048451,0.047889558913423357,0.08881385258141383,0.08082499632724385,0.10492200914376484,0.06650611339793484,0.030942458805401116,0.04347619083081811,0.04115666542652898,0.038507788880063544,0.044009484171564736,0.025506267164416195,0.018253817420174737,0.026801731637807785,0.019796132467037333,0.045278270849880856,0.03802203593645751
LabEq,0.016435377127879267,0.014048419882446385,0.010450463701350278,0.010966399647339158,0.0138693927847498,0.02633580890230341,0.030738105795075465,0.02409366649722002,0.024534261537728353,0.022978189464654485,0.023387393254964247,0.02841011628911835,0.043208243021445596,0.027544187072279586,0.021585968772041306,0.02636696378713264,0.02450620974741859,0.03077052435266084,0.034527320038125496,0.022401577375695002,0.0374026679618745,0.033717159542494046,0.030818991208895943,0.024045448851469413,0.0203598739158062,0.015699911825258143,0.0061521107895154935,0.024992944111199365,0.024601923637807784,0.019238925706115968,0.015122055030976966,0.05275849696902305,0.02476329855440826,0.03396844737728356,0.05795766055599681,0.05416199449086576,0.06650611339793484,0.0516007823288324,0.023193464117553613,0.0326574937760127,0.03006284837807784,0.02736320025416998,0.03189308053057983,0.01929697868149325,0.013689506233518667,0.0205249165274027,0.014346696063542492,0.031646531437648916,0.027783823984114376
