,Agric,Food ,Soda ,Beer ,Smoke,Toys ,Fun  ,Books,Hshld,Clths,Hlth ,MedEq,Drugs,Chems,Rubbr,Txtls,BldMt,Cnstr,Steel,FabPr,Mach ,ElcEq,Autos,Aero ,Ships,Guns ,Gold ,Mines,Coal ,Oil  ,Util ,Telcm,PerSv,BusSv,Hardw,Softw,Chips,LabEq,Paper,Boxes,Trans,Whlsl,Rtail,Meals,Banks,Insur,RlEst,Fin  ,Other
Agric,0.043084315544082596,0.007317798800635425,0.006562907704527401,0.005160709038919776,0.006222304598888006,0.011325170826052422,0.01424317939634631,0.01076948747418586,0.01111123646544877,0.010294881207307384,0.01144740352660842,0.01339933529785544,0.017031089809372513,0.011579850119142173,0.010526185520254168,0.012346305440826055,0.011464389984114377,0.01393806579030977,0.015070217799841143,0.011146715266084194,0.01407421691818904,0.013070961636219227,0.014180193741064334,0.013114040683081809,0.010551059618745034,0.008509247799841144,0.007845894305003969,0.014769389666401907,0.009689599968228754,0.009549347609213662,0.00814175411437649,0.019255931413820496,0.011828091564733911,0.014682353995234307,0.01895652648133439,0.019230152216044485,0.021246589968228754,0.016302972438443208,0.010129614257347099,0.013302637791898329,0.013336123367752183,0.012271843868149323,0.01443391787132645,0.010725633312152502,0.006574074638602065,0.009605104765687053,0.006935046957903098,0.012843524892772042,0.013777806624305005
Food ,0.007317798800635425,0.01282018341382049,0.006832366309769659,0.0054930289308975375,0.0096810889197776,0.009761143633042096,0.012859360555996822,0.010352886092136615,0.010354060640190626,0.010320046868943604,0.010514721531374104,0.010730197702938843,0.01585482705798252,0.012349624505162825,0.009036335401111994,0.011149368185861796,0.01086815470214456,0.013791930187450353,0.014448661037331214,0.008809311739475773,0.013241895113582206,0.011657277416997612,0.01354326037807784,0.01174275106274821,0.008281010379666403,0.006890184505162827,0.0018234729070691013,0.011147439779189831,0.011161606964257352,0.008503695847498017,0.008621036665607625,0.016506957297855444,0.00974777725178713,0.012121642929308974,0.016364391104050836,0.016322283780778393,0.01836063229070691,0.014133392206513103,0.01054803212867355,0.013966567768069895,0.012821700676727563,0.010515098295472598,0.013034178160444797,0.008850836279586972,0.00635541864177919,0.010408893982525811,0.00638384074344718,0.011407479714058777,0.011432221334392373
Soda ,0.006562907704527401,0.006832366309769659,0.030135224171564726,0.007190950938840349,0.0091481978395552,0.007675697277204131,0.009774727148530579,0.008476991135822079,0.009538221547259728,0.00830142260841938,0.008834050980142968,0.008112113664813342,0.012145607694996029,0.01025741577124702,0.0073126254169976175,0.01065590462907069,0.008917005687053217,0.011488394128673552,0.012260461483717235,0.006764663891977759,0.010127497175536137,0.008805134220810164,0.011591928393963464,0.008230331647339157,0.007623919161239078,0.0024461908308181096,-0.005902662907069102,0.009983214595710882,0.00950509428435266,0.007341624984908658,0.008092137010325656,0.011794211361397933,0.007745348276409847,0.009274191758538523,0.011375228276409851,0.01144352266878475,0.012759527396346306,0.010478969899920573,0.009416814678316123,0.011715116092136617,0.010077512673550436,0.008416507793486894,0.0106120965146942,0.007335836638602062,0.005130929817315329,0.009134506586179503,0.004847533922160444,0.009392021636219218,0.009332400953137407
Beer ,0.005160709038919776,0.0054930289308975375,0.007190950938840349,0.029237050382843525,0.006829112756155679,0.007051172638602064,0.008351491310563935,0.007045126195393168,0.007327976305003971,0.007943077318506749,0.00769389981254964,0.008233172060365366,0.01223339946624305,0.008643932689436062,0.006975628943606037,0.008224676130262116,0.008212509356632248,0.010127256082605243,0.009875517305798253,0.006258918951548847,0.009602678970611593,0.009217676111199362,0.009698061928514695,0.008796840209690229,0.0054747395901509135,0.0025654727370929306,0.0014127659729944386,0.00889894530262113,0.008182547278792692,0.007129759631453535,0.007027222157267672,0.012588851933280383,0.00819779806195393,0.00908731700079428,0.012911474789515487,0.012708920984908658,0.014514018198570292,0.01080505812867355,0.008092467672756155,0.008394248006354249,0.009007443602859414,0.007909822964257346,0.010206488667196185,0.006483721340746625,0.0042826992216044475,0.007376302297061159,0.004777059482128675,0.008508673169181889,0.00887095987291501
Smoke,0.006222304598888006,0.0096810889197776,0.0091481978395552,0.006829112756155679,0.07050523621127877,0.011676219070691024,0.014755254376489276,0.011738860230341543,0.01009341849880858,0.010845598729150117,0.012193079904686255,0.011876507402700555,0.018137666854646545,0.01624834368546465,0.012365113351866562,0.009625869269261315,0.011455757879269262,0.01363241109610802,0.018380171143764893,0.007977896108022237,0.01397619982525814,0.01295607750595711,0.015517381127879265,0.012279956806989671,0.008927059809372518,0.00805378984908658,-4.761401906274871e-05,0.01576948992057188,0.01706203850675139,0.011859422748212863,0.013229069364575059,0.016108592716441616,0.01175676489277204,0.013116611564733914,0.016263055599682292,0.015388800794281171,0.017017358403494835,0.014393325988880061,0.01312255915011914,0.01874983791898331,0.014917778268467033,0.011633864598888008,0.014012479936457507,0.009359306290706913,0.008211897625099284,0.0134412157426529,0.006018016838760921,0.012796625798252581,0.013152912390786337
Toys ,0.011325170826052422,0.009761143633042096,0.007675697277204131,0.007051172638602064,0.011676219070691024,0.0356579081350278,0.02185077173947578,0.017145433717235897,0.01608928403335981,0.017211926214455917,0.015204240114376483,0.01914387911358221,0.027347500713264507,0.01906560676409849,0.014648606870532167,0.018593285399523433,0.01790643335186656,0.021641406130262116,0.023149449196187447,0.014795476664019067,0.022590776746624307,0.02046095349007148,0.022163882484511514,0.017324135189833195,0.013691747930103254,0.008802434277998414,0.004383357847498012,0.016385151807783955,0.01554035633359809,0.012624332308181095,0.010682818686258935,0.03339330747736299,0.01727209836378078,0.021755454411437645,0.03386105048451151,0.03275140019062748,0.03634449671326451,0.026163986182684673,0.016142872335186652,0.022891029245432886,0.020646035437648928,0.018679956713264497,0.022159289969817315,0.01452991697220016,0.009643124074662428,0.014178714703733124,0.010021640228752977,0.020460477776012707,0.019980220889594915
Fun  ,0.01424317939634631,0.012859360555996822,0.009774727148530579,0.008351491310563935,0.014755254376489276,0.02185077173947578,0.0388730501985703,0.01985271798252581,0.019708504384432092,0.01998285941223193,0.019131095980937252,0.022168607275615565,0.03181672150913423,0.02292809776012708,0.017465915980937257,0.02140181714058777,0.020580491580619538,0.024928203288324062,0.027166652120730734,0.01784709836378078,0.026387785830023824,0.024359938999205723,0.026916673010325652,0.022479756505162825,0.014331493057982522,0.010786879872915012,0.00430690231930103,0.01823826467037331,0.018201786147736303,0.01515831326449563,0.013449428292295474,0.03902775026211278,0.020406885655281967,0.025564044924543287,0.037812130198570285,0.0378534921683876,0.04205148405083399,0.030448760826052426,0.019902710230341538,0.026371393963463063,0.026340137156473393,0.021536763955520254,0.027327762128673553,0.01803596740270055,0.011465945528196983,0.01821199796664019,0.011678475202541696,0.02396391555202542,0.024680805655281964
Books,0.01076948747418586,0.010352886092136615,0.008476991135822079,0.007045126195393168,0.011738860230341543,0.017145433717235897,0.01985271798252581,0.029586136735504368,0.015699263582208103,0.015621503129467836,0.01563682903891978,0.017104022223987297,0.02461787787926926,0.01848299321683876,0.014461535178713266,0.01780278888800635,0.016607382470214455,0.020275893701350273,0.02186634594916601,0.01376039138999206,0.02095183804606831,0.018964776314535338,0.021337662398729147,0.016780282494042894,0.01334020430500397,0.009726623494837171,-0.0011158318109610818,0.015026418181096107,0.017469285718824463,0.012699841747418584,0.01197321265289912,0.030430411239078622,0.016100752501985702,0.02004720803812549,0.02925253270849881,0.02864348838760921,0.03258467741858618,0.02409024795869738,0.01582166529785544,0.022089518459094522,0.020142602954725974,0.016581619388403496,0.02166492330420969,0.013589527609213663,0.009483132541699761,0.014847990230341543,0.009075069070691024,0.019055849436060368,0.019253874424146146
Hshld,0.01111123646544877,0.010354060640190626,0.009538221547259728,0.007327976305003971,0.01009341849880858,0.01608928403335981,0.019708504384432092,0.015699263582208103,0.024223981780778395,0.01638620874980143,0.015142779393169185,0.01647313372200159,0.02424798889753773,0.019325999844320887,0.01409412185067514,0.018198179080222397,0.017023666362192217,0.02124438877045274,0.0233169926624305,0.01477808152501986,0.02180970909928515,0.019568661092930897,0.02219103862748212,0.016750264079428114,0.013711074087370927,0.009839678573471008,0.002147708570293885,0.017658915817315327,0.016597904953137413,0.013112854443208895,0.011572622727561556,0.029090912363780773,0.01654013534551231,0.019905310576648128,0.029787031326449564,0.02896657826846703,0.03312065265925338,0.0240974109579031,0.0169108536536934,0.0229755357426529,0.020755378446386016,0.01710865734551231,0.021812522166799044,0.014229095672756157,0.009621501104050835,0.015029179942811758,0.008750010922954724,0.01875493636219221,0.01807494934074662
Clths,0.010294881207307384,0.010320046868943604,0.00830142260841938,0.007943077318506749,0.010845598729150117,0.017211926214455917,0.01998285941223193,0.015621503129467836,0.01638620874980143,0.025053837687053215,0.014174886710087372,0.016150229553613976,0.023634076136616354,0.01868854849245433,0.014501911898332009,0.018797234706910252,0.016870669197776016,0.021384595278792686,0.022881779965051627,0.01437798665607625,0.020845123660047656,0.019401291316918184,0.021545216088959488,0.017381114668784746,0.01236563724225576,0.007468087586973786,0.002560026211278792,0.01800550461636219,0.01815734961715647,0.012881884695790309,0.011044413718824468,0.02824097293725179,0.015624308689436059,0.019767225518665606,0.02854285550436855,0.028115398919777608,0.030842500797458303,0.022692256527402702,0.01609436953137411,0.022151471866560763,0.021183762376489276,0.016926994077839555,0.023213103720413023,0.014337543046862591,0.009173321525019856,0.014338164784749802,0.009457421712470214,0.017953852200158854,0.018689695091342332
Hlth ,0.01144740352660842,0.010514721531374104,0.008834050980142968,0.00769389981254964,0.012193079904686255,0.015204240114376483,0.019131095980937252,0.01563682903891978,0.015142779393169185,0.014174886710087372,0.028064106471803015,0.017813107329626682,0.026559309559968224,0.017882180263701353,0.01412785172359015,0.016578299552025416,0.015325393868149323,0.01947228179189833,0.021619732403494837,0.013471887974583005,0.02011552064177919,0.018072543803018266,0.01975053720095313,0.017268337258141378,0.011986154478157268,0.008211018738681491,0.005032188943606037,0.01558278534710087,0.01793169458935663,0.013574107158061953,0.01197122931850675,0.028278841181890394,0.015424089054805397,0.01976214304050834,0.027513002287529783,0.027391366894360603,0.030289296381254965,0.023105439593328034,0.015293871421763304,0.02029266157267673,0.0189781455059571,0.016733323100873707,0.020206843005559968,0.01336016004447974,0.009665475583796664,0.015989496476568707,0.008960571736298648,0.018005162382843526,0.016619808038125492
MedEq,0.01339933529785544,0.010730197702938843,0.008112113664813342,0.008233172060365366,0.011876507402700555,0.01914387911358221,0.022168607275615565,0.017104022223987297,0.01647313372200159,0.016150229553613976,0.017813107329626682,0.025917323278792693,0.030837555803018273,0.018503467094519457,0.015299345178713262,0.018070979123113576,0.017215279857029392,0.022104171815726766,0.023967754976965842,0.016422362065131056,0.02319825728991262,0.02220547295313741,0.021661002903891977,0.017591211602859414,0.012852798703733122,0.010917916594122319,0.005927983590150912,0.017561892590945195,0.018511879116759337,0.014543807841143765,0.01111687829388403,0.03393698296108023,0.017857949960285936,0.023277198322478154,0.03534405353455124,0.034651287339158066,0.03804376035266085,0.028049828854646547,0.01614989501191422,0.022011993073868145,0.020497416895949166,0.01926450970929309,0.022153154903891976,0.0142726389324861,0.009865542827640987,0.014686841734710084,0.010253876517871323,0.02096253696584591,0.020381239015091344
Drugs,0.017031089809372513,0.01585482705798252,0.012145607694996029,0.01223339946624305,0.018137666854646545,0.027347500713264507,0.03181672150913423,0.02461787787926926,0.02424798889753773,0.023634076136616354,0.026559309559968224,0.030837555803018273,0.05584943493407467,0.028076762926131843,0.021545347934868942,0.02621782464019063,0.024540643582208095,0.03194022575218427,0.033683327404289115,0.02174295164416203,0.03402206118824464,0.032765522411437646,0.03025643004924543,0.025489090894360605,0.01936895316600477,0.012237829677521845,0.002304385329626685,0.024548115245432885,0.024539709464654485,0.021080099018268468,0.0178324445861795,0.05089784593010325,0.025551987450357423,0.03393669615250199,0.052781908212867344,0.05173144479745831,0.05820221958538524,0.04260179583478952,0.02334259255758538,0.03229407779189832,0.030235489391580623,0.027105537536139788,0.03176156858459095,0.020070031749007154,0.014331001119936456,0.02240473066560763,0.015030328508339949,0.03131998494042892,0.0287430103415409
Chems,0.011579850119142173,0.012349624505162825,0.01025741577124702,0.008643932689436062,0.01624834368546465,0.01906560676409849,0.02292809776012708,0.01848299321683876,0.019325999844320887,0.01868854849245433,0.017882180263701353,0.018503467094519457,0.028076762926131843,0.030532237909451955,0.017045798681493245,0.0207878098522637,0.019865463749007148,0.024391175698173156,0.02886729715965052,0.016600829706115962,0.025397696705321677,0.022828250764098487,0.025792060034948376,0.019713040279586973,0.016210720692613183,0.010401130617950753,0.0032117192533756937,0.022483901118347895,0.02301211599046863,0.01755356270691025,0.015462005836378079,0.03174990615726767,0.01839605216838761,0.02249757797617157,0.0324247823669579,0.031094023256552816,0.036593405048451155,0.0274946900969023,0.021787439539316913,0.029712143161239078,0.024689246201747415,0.01964151898014297,0.024344143269261313,0.0156397221477363,0.01166536697378872,0.018029317693407473,0.010081774443208897,0.021303187037331212,0.022239524988085783
Rubbr,0.010526185520254168,0.009036335401111994,0.0073126254169976175,0.006975628943606037,0.012365113351866562,0.014648606870532167,0.017465915980937257,0.014461535178713266,0.01409412185067514,0.014501911898332009,0.01412785172359015,0.015299345178713262,0.021545347934868942,0.017045798681493245,0.051377196560762506,0.01499189630659253,0.014996013701350275,0.01798257427323272,0.02168878350277998,0.013567179380460688,0.019121652756155676,0.017957854027005556,0.0185487018903892,0.014104242366957901,0.012144823685464653,0.009741638840349481,0.0016647462351072288,0.014996992255758537,0.015587991104050833,0.01286156819698173,0.010497810937251785,0.026780555957108813,0.014123770992851468,0.017881007498014297,0.025956105448768862,0.02523286106433677,0.029197539976171565,0.021542784733915805,0.015460845980937249,0.020022148832406664,0.018745527307386815,0.01569103705321684,0.018520947132644957,0.01150515458300238,0.008512561199364574,0.01229489529785544,0.008709864845115168,0.01602903815726767,0.01712471146942017
Txtls,0.012346305440826055,0.011149368185861796,0.01065590462907069,0.008224676130262116,0.009625869269261315,0.018593285399523433,0.02140181714058777,0.01780278888800635,0.018198179080222397,0.018797234706910252,0.016578299552025416,0.018070979123113576,0.02621782464019063,0.0207878098522637,0.01499189630659253,0.055881790899126274,0.01845843223987291,0.02405994022398729,0.026473622463860206,0.016479661763304204,0.023231372673550434,0.020962585286735502,0.0232133904305004,0.018812052228752985,0.013069847685464653,0.009170244228752978,0.004566984567116764,0.019738138946783154,0.022807727923749004,0.01823268497537728,0.013726899741064337,0.030477258257347102,0.018721979761715645,0.021446373864972196,0.029416051977760132,0.02943201579030976,0.033351345145353456,0.02608382719301032,0.01812401673550437,0.02632042651310564,0.02211650947100873,0.018750513612390777,0.022630795844320883,0.015528811129467836,0.010272954543288323,0.015493584962668784,0.010536710907069102,0.019635451596505156,0.020809255996822876
BldMt,0.011464389984114377,0.01086815470214456,0.008917005687053217,0.008212509356632248,0.011455757879269262,0.01790643335186656,0.020580491580619538,0.016607382470214455,0.017023666362192217,0.016870669197776016,0.015325393868149323,0.017215279857029392,0.024540643582208095,0.019865463749007148,0.014996013701350275,0.01845843223987291,0.022672864678316123,0.022877420738681493,0.02512755387609213,0.01629071424940429,0.022874665432883242,0.020497811008737092,0.023142311993645755,0.019190423304209683,0.014171729579030975,0.011824000079428115,0.0021752965289912633,0.018942142899126296,0.019484015377283555,0.014878974551231132,0.012686224868943606,0.02960211085782367,0.015885949356632248,0.020354118951548855,0.030157678411437645,0.029147637839555197,0.0330422582446386,0.024559490373312155,0.017891829952343133,0.024032026131850674,0.02144814309769658,0.017974576576648135,0.021947530262112783,0.014190267720413027,0.009960817990468626,0.015356312327243842,0.00966631698173153,0.018921710309769656,0.02021529745830024
Cnstr,0.01393806579030977,0.013791930187450353,0.011488394128673552,0.010127256082605243,0.01363241109610802,0.021641406130262116,0.024928203288324062,0.020275893701350273,0.02124438877045274,0.021384595278792686,0.01947228179189833,0.022104171815726766,0.03194022575218427,0.024391175698173156,0.01798257427323272,0.02405994022398729,0.022877420738681493,0.04630858009690231,0.03095523679269261,0.019653953486894356,0.028000549480540114,0.025227637868149327,0.027964367364575058,0.0226004701477363,0.01540716339634631,0.013312873839555206,0.0038869472676727537,0.02457573011437649,0.026003850020651302,0.020452133807783955,0.01675892986020651,0.036870742927720426,0.021421023701350274,0.025473661680698964,0.03789295666401907,0.03645165010325655,0.04181189278633836,0.030770895945988877,0.022467568347895154,0.02954274228752978,0.02655906235424941,0.02234704416044479,0.028396722325655283,0.017524563472597298,0.01267096804606831,0.019243604279586973,0.012182382201747416,0.02467364648133439,0.026066530722795873
Steel,0.015070217799841143,0.014448661037331214,0.012260461483717235,0.009875517305798253,0.018380171143764893,0.023149449196187447,0.027166652120730734,0.02186634594916601,0.0233169926624305,0.022881779965051627,0.021619732403494837,0.023967754976965842,0.033683327404289115,0.02886729715965052,0.02168878350277998,0.026473622463860206,0.02512755387609213,0.03095523679269261,0.049977396999205705,0.020795215027799845,0.032242614325655276,0.02890991049722002,0.0313361071898332,0.024632615342335185,0.020640386398729144,0.015056517779189834,0.01055479900714853,0.03153890954249405,0.035781912641779184,0.024832432552819698,0.017080398120730735,0.041984493221604455,0.022120910246227164,0.028714241791898333,0.04309256784749802,0.04075570643367752,0.048232003652104845,0.03447131535822081,0.02490467038125497,0.034924871628276406,0.030012883958697383,0.025366418409849083,0.029171315907863378,0.018926937261318506,0.013527580738681492,0.020372228457505963,0.012956145696584587,0.02640344117553614,0.026987800746624293
FabPr,0.011146715266084194,0.008809311739475773,0.006764663891977759,0.006258918951548847,0.007977896108022237,0.014795476664019067,0.01784709836378078,0.01376039138999206,0.01477808152501986,0.01437798665607625,0.013471887974583005,0.016422362065131056,0.02174295164416203,0.016600829706115962,0.013567179380460688,0.016479661763304204,0.01629071424940429,0.019653953486894356,0.020795215027799845,0.0550762175059571,0.020202780397140588,0.018694445528196987,0.018131924861000796,0.01637099618745036,0.012944281016679906,0.015245322795869735,0.016144793105639398,0.018344630563939632,0.018797609626687847,0.013237320921366164,0.009881050548054009,0.026958109992057194,0.01552865610802224,0.01826671717235902,0.027946291374106442,0.026409718538522635,0.0304037328355838,0.022040360349483715,0.015291877299443998,0.01987307161239079,0.017902332867355045,0.016294842637013498,0.01897176184273232,0.01260015389992057,0.008721636378077841,0.01297746112787927,0.007437127370929309,0.0169086239872915,0.017780991898332005
Mach ,0.01407421691818904,0.013241895113582206,0.010127497175536137,0.009602678970611593,0.01397619982525814,0.022590776746624307,0.026387785830023824,0.02095183804606831,0.02180970909928515,0.020845123660047656,0.02011552064177919,0.02319825728991262,0.03402206118824464,0.025397696705321677,0.019121652756155676,0.023231372673550434,0.022874665432883242,0.028000549480540114,0.032242614325655276,0.020202780397140588,0.03603721894201748,0.028342373509134235,0.02819747257823669,0.0234297493629865,0.019121527885623515,0.013338621788721205,0.004107548800635427,0.023385544536934075,0.025978813254964248,0.020623803234312944,0.015582838706910246,0.04267798626528991,0.021629571310563936,0.028389199466243045,0.04593867396346306,0.04280265467831613,0.052798230249404283,0.03680150863224781,0.022196165639396345,0.031202373026211275,0.027525782964257346,0.023818958351072277,0.028377202624304997,0.017745631275615566,0.012485700317712468,0.019219799320095314,0.012669441633042098,0.026479341382049236,0.02485492956314535
ElcEq,0.013070961636219227,0.011657277416997612,0.008805134220810164,0.009217676111199362,0.01295607750595711,0.02046095349007148,0.024359938999205723,0.018964776314535338,0.019568661092930897,0.019401291316918184,0.018072543803018266,0.02220547295313741,0.032765522411437646,0.022828250764098487,0.017957854027005556,0.020962585286735502,0.020497811008737092,0.025227637868149327,0.02890991049722002,0.018694445528196987,0.028342373509134235,0.03597669687688641,0.024966103015091338,0.020652692111199366,0.015872425868149322,0.013533862932486101,0.004616107339158061,0.02104938062907069,0.022015663072279586,0.017653689969817313,0.013691713401111992,0.03935382956949961,0.020303492359015088,0.026269496940428915,0.04247683482128674,0.04005839685464654,0.04747892832724384,0.0332732015313741,0.019312209102462275,0.025903006799046856,0.024935728317712465,0.02203274322795869,0.0254698815440826,0.016198039949166004,0.011253931739475774,0.017047572886417794,0.011660786573471011,0.02403626144559174,0.022634809277204126
Autos,0.014180193741064334,0.01354326037807784,0.011591928393963464,0.009698061928514695,0.015517381127879265,0.022163882484511514,0.026916673010325652,0.021337662398729147,0.02219103862748212,0.021545216088959488,0.01975053720095313,0.021661002903891977,0.03025643004924543,0.025792060034948376,0.0185487018903892,0.0232133904305004,0.023142311993645755,0.027964367364575058,0.0313361071898332,0.018131924861000796,0.02819747257823669,0.024966103015091338,0.04114150464813344,0.024761950036536924,0.01890628700238284,0.012750285197776014,0.0015596945512311344,0.023409410821286735,0.02242193084670373,0.016554754173153295,0.015818538827640987,0.03755124436536934,0.02077976915011914,0.025577979138999205,0.03698475310563939,0.035488115774424144,0.04125126853693406,0.030800123285146936,0.023438583256552816,0.03060304708498809,0.02912240303733122,0.022150993683876095,0.02912561357267672,0.01880449410007943,0.01255750973788721,0.01974006262748213,0.011282227698173154,0.023830722732327246,0.025041702081016675
Aero ,0.013114040683081809,0.01174275106274821,0.008230331647339157,0.008796840209690229,0.012279956806989671,0.017324135189833195,0.022479756505162825,0.016780282494042894,0.016750264079428114,0.017381114668784746,0.017268337258141378,0.017591211602859414,0.025489090894360605,0.019713040279586973,0.014104242366957901,0.018812052228752985,0.019190423304209683,0.0226004701477363,0.024632615342335185,0.01637099618745036,0.0234297493629865,0.020652692111199366,0.024761950036536924,0.052733719529785554,0.015955769918983325,0.011184164664019062,0.000724151247021444,0.01873222218586179,0.020481314859412233,0.013926559834789513,0.012648434163621918,0.029372812698967427,0.017333613788721208,0.02092655784590945,0.028776876886417797,0.02823467742652898,0.03193312562668784,0.024041139926926122,0.01883781555202542,0.02465685064336775,0.023817924028594124,0.018318873235901513,0.02291392596028594,0.015586789591739474,0.010328466290706911,0.016404849455123115,0.009162916517871324,0.01948419974583002,0.020041362128673555
Ships,0.010551059618745034,0.008281010379666403,0.007623919161239078,0.0054747395901509135,0.008927059809372518,0.013691747930103254,0.014331493057982522,0.01334020430500397,0.013711074087370927,0.01236563724225576,0.011986154478157268,0.012852798703733122,0.01936895316600477,0.016210720692613183,0.012144823685464653,0.013069847685464653,0.014171729579030975,0.01540716339634631,0.020640386398729144,0.012944281016679906,0.019121527885623515,0.015872425868149322,0.01890628700238284,0.015955769918983325,0.04216559206354248,0.011693734894360604,0.0010218719459888792,0.014863035212073073,0.016414584787926928,0.011804320883240663,0.010480008937251787,0.023063417718824458,0.012865237299444002,0.016547291793486893,0.024819330961080223,0.023403388244638595,0.028679898621127884,0.02020034453375695,0.01383655264495631,0.019619983510722798,0.016508041582208095,0.014366994983320095,0.016126649582208104,0.009780111529785545,0.008045500730738682,0.012627454633836376,0.0077614734678316125,0.015427388371723586,0.015319310754567116
Guns ,0.008509247799841144,0.006890184505162827,0.0024461908308181096,0.0025654727370929306,0.00805378984908658,0.008802434277998414,0.010786879872915012,0.009726623494837171,0.009839678573471008,0.007468087586973786,0.008211018738681491,0.010917916594122319,0.012237829677521845,0.010401130617950753,0.009741638840349481,0.009170244228752978,0.011824000079428115,0.013312873839555206,0.015056517779189834,0.015245322795869735,0.013338621788721205,0.013533862932486101,0.012750285197776014,0.011184164664019062,0.011693734894360604,0.11302837814773635,0.01354424678316124,0.017061512969023036,0.02100059710246227,0.013157870506751391,0.009645995733121525,0.01566823359173947,0.009476294106433674,0.011608018579825258,0.016371442732327247,0.014865136965845906,0.019467710783161243,0.015543503027799839,0.010243130945194596,0.01464825302621128,0.008416219768069898,0.011158787542494041,0.010975955151707706,0.00523868046386021,0.006380478395552026,0.008366501013502779,0.004017543116759333,0.009877372708498809,0.01154802967434472
Gold ,0.007845894305003969,0.0018234729070691013,-0.005902662907069102,0.0014127659729944386,-4.761401906274871e-05,0.004383357847498012,0.00430690231930103,-0.0011158318109610818,0.002147708570293885,0.002560026211278792,0.005032188943606037,0.005927983590150912,0.002304385329626685,0.0032117192533756937,0.0016647462351072288,0.004566984567116764,0.0021752965289912633,0.0038869472676727537,0.01055479900714853,0.016144793105639398,0.004107548800635427,0.004616107339158061,0.0015596945512311344,0.000724151247021444,0.0010218719459888792,0.01354424678316124,0.26524999687847495,0.039645174305003965,0.02045947135822081,0.017418582875297857,0.005253646902303415,0.007506076751389991,0.005371370643367753,0.005545781636219223,0.0069172812708498815,0.005914142748212865,0.0060710075853852305,0.004745817807783955,0.0008133169579030993,0.005712417903097695,0.000984743447180299,0.0064534236139793515,0.0023551731532962666,0.0019839700873709298,0.0031884497140587777,0.0006133942652899116,0.007982151294678316,0.002889237744241463,0.000438638554408263
Mines,0.014769389666401907,0.011147439779189831,0.009983214595710882,0.00889894530262113,0.01576948992057188,0.016385151807783955,0.01823826467037331,0.015026418181096107,0.017658915817315327,0.01800550461636219,0.01558278534710087,0.017561892590945195,0.024548115245432885,0.022483901118347895,0.014996992255758537,0.019738138946783154,0.018942142899126296,0.02457573011437649,0.03153890954249405,0.018344630563939632,0.023385544536934075,0.02104938062907069,0.023409410821286735,0.01873222218586179,0.014863035212073073,0.017061512969023036,0.039645174305003965,0.07456467790150913,0.029991714910246228,0.020144579513899915,0.014476512976965844,0.027427713011914216,0.016681060174741857,0.0205844527339158,0.028849584019062742,0.028233987164416195,0.032619977590150916,0.02506525497378872,0.018974534130262108,0.028706333232724385,0.022217799402700557,0.019115579957108813,0.021589856883240666,0.013876947231135823,0.010966048236695789,0.01598635151389992,0.010057828994440033,0.01984146471803018,0.02059627582208101
Coal ,0.009689599968228754,0.011161606964257352,0.00950509428435266,0.008182547278792692,0.01706203850675139,0.01554035633359809,0.018201786147736303,0.017469285718824463,0.016597904953137413,0.01815734961715647,0.01793169458935663,0.018511879116759337,0.024539709464654485,0.02301211599046863,0.015587991104050833,0.022807727923749004,0.019484015377283555,0.026003850020651302,0.035781912641779184,0.018797609626687847,0.025978813254964248,0.022015663072279586,0.02242193084670373,0.020481314859412233,0.016414584787926928,0.02100059710246227,0.02045947135822081,0.029991714910246228,0.12563893093566328,0.039500858961080215,0.022025177849086575,0.028992252619539322,0.016720133915806193,0.0205569749706116,0.027518415409054788,0.02571681680698967,0.03293302670691025,0.024752692365369342,0.02028066103256553,0.02966691164416203,0.021844067571088165,0.019501331679110404,0.022762615237490062,0.014957222093725181,0.01056738087370929,0.016971089741064333,0.010898346922954723,0.01945861140587768,0.021634140810166798
Oil  ,0.009549347609213662,0.008503695847498017,0.007341624984908658,0.007129759631453535,0.011859422748212863,0.012624332308181095,0.01515831326449563,0.012699841747418584,0.013112854443208895,0.012881884695790309,0.013574107158061953,0.014543807841143765,0.021080099018268468,0.01755356270691025,0.01286156819698173,0.01823268497537728,0.014878974551231132,0.020452133807783955,0.024832432552819698,0.013237320921366164,0.020623803234312944,0.017653689969817313,0.016554754173153295,0.013926559834789513,0.011804320883240663,0.013157870506751391,0.017418582875297857,0.020144579513899915,0.039500858961080215,0.04295413722637014,0.01690623638443209,0.02121765222557585,0.01376288038125496,0.01695346722160445,0.020654023828435255,0.020573963335980935,0.024099386827640984,0.019138916530579822,0.014125602382843527,0.021488948816521053,0.016308118513105638,0.014694950799046865,0.015605456470214451,0.010510690821286734,0.007722161779189834,0.012545988511517078,0.008450588517871326,0.014894307958697381,0.01610141947577442
Util ,0.00814175411437649,0.008621036665607625,0.008092137010325656,0.007027222157267672,0.013229069364575059,0.010682818686258935,0.013449428292295474,0.01197321265289912,0.011572622727561556,0.011044413718824468,0.01197122931850675,0.01111687829388403,0.0178324445861795,0.015462005836378079,0.010497810937251785,0.013726899741064337,0.012686224868943606,0.01675892986020651,0.017080398120730735,0.009881050548054009,0.015582838706910246,0.013691713401111992,0.015818538827640987,0.012648434163621918,0.010480008937251787,0.009645995733121525,0.005253646902303415,0.014476512976965844,0.022025177849086575,0.01690623638443209,0.02236650366799047,0.01779824934233519,0.010793737442414613,0.013310710811755359,0.0164515935186656,0.016079982208101674,0.019548048916600475,0.015037753210484513,0.012582373145353454,0.01828732198570294,0.015457400482922956,0.01185670119618745,0.014082923158061953,0.009738009820492452,0.007911276322478157,0.013474283586973789,0.006379804657664812,0.013043013629864974,0.014098495710881651
Telcm,0.019255931413820496,0.016506957297855444,0.011794211361397933,0.012588851933280383,0.016108592716441616,0.03339330747736299,0.03902775026211278,0.030430411239078622,0.029090912363780773,0.02824097293725179,0.028278841181890394,0.03393698296108023,0.05089784593010325,0.03174990615726767,0.026780555957108813,0.030477258257347102,0.02960211085782367,0.036870742927720426,0.041984493221604455,0.026958109992057194,0.04267798626528991,0.03935382956949961,0.03755124436536934,0.029372812698967427,0.023063417718824458,0.01566823359173947,0.007506076751389991,0.027427713011914216,0.028992252619539322,0.02121765222557585,0.01779824934233519,0.08035384047498015,0.030254789642573467,0.0413263908562351,0.0692444741223193,0.06665333137410644,0.07641670603177123,0.05202898035583796,0.027745195305798255,0.03909954381254964,0.03690714401270849,0.03293656412549642,0.03936404751707705,0.023947429544082605,0.016780362438443212,0.024490058621127873,0.017764982316123907,0.038818700683081804,0.03421493628276411
PerSv,0.011828091564733911,0.00974777725178713,0.007745348276409847,0.00819779806195393,0.01175676489277204,0.01727209836378078,0.020406885655281967,0.016100752501985702,0.01654013534551231,0.015624308689436059,0.015424089054805397,0.017857949960285936,0.025551987450357423,0.01839605216838761,0.014123770992851468,0.018721979761715645,0.015885949356632248,0.021421023701350274,0.022120910246227164,0.01552865610802224,0.021629571310563936,0.020303492359015088,0.02077976915011914,0.017333613788721208,0.012865237299444002,0.009476294106433674,0.005371370643367753,0.016681060174741857,0.016720133915806193,0.01376288038125496,0.010793737442414613,0.030254789642573467,0.02928352826052422,0.021151677267672756,0.029981728959491652,0.029903503637807784,0.03377153849086577,0.024594216648133434,0.016085603749007152,0.021787867482128673,0.020554245083399526,0.017607923177124705,0.021649673677521842,0.01437121537728356,0.009737871739475771,0.014487758665607624,0.010029068403494839,0.01880769801429706,0.018147832184273235
BusSv,0.014682353995234307,0.012121642929308974,0.009274191758538523,0.00908731700079428,0.013116611564733914,0.021755454411437645,0.025564044924543287,0.02004720803812549,0.019905310576648128,0.019767225518665606,0.01976214304050834,0.023277198322478154,0.03393669615250199,0.02249757797617157,0.017881007498014297,0.021446373864972196,0.020354118951548855,0.025473661680698964,0.028714241791898333,0.01826671717235902,0.028389199466243045,0.026269496940428915,0.025577979138999205,0.02092655784590945,0.016547291793486893,0.011608018579825258,0.005545781636219223,0.0205844527339158,0.0205569749706116,0.01695346722160445,0.013310710811755359,0.0413263908562351,0.021151677267672756,0.029716627647339164,0.042753059221604446,0.04156444320889594,0.04722107855758537,0.03355044413661635,0.01958996069896744,0.026794914471803013,0.02520253254328832,0.022300112679904685,0.02647535769976172,0.016856491990468625,0.011608276473391578,0.017646724181096102,0.012097065556791102,0.02501016289118348,0.023474846830818113
Hardw,0.01895652648133439,0.016364391104050836,0.011375228276409851,0.012911474789515487,0.016263055599682292,0.03386105048451151,0.037812130198570285,0.02925253270849881,0.029787031326449564,0.02854285550436855,0.027513002287529783,0.03534405353455124,0.052781908212867344,0.0324247823669579,0.025956105448768862,0.029416051977760132,0.030157678411437645,0.03789295666401907,0.04309256784749802,0.027946291374106442,0.04593867396346306,0.04247683482128674,0.03698475310563939,0.028776876886417797,0.024819330961080223,0.016371442732327247,0.0069172812708498815,0.028849584019062742,0.027518415409054788,0.020654023828435255,0.0164515935186656,0.0692444741223193,0.029981728959491652,0.042753059221604446,0.08504182430500397,0.07250218868943605,0.08711618579825257,0.05690009194598889,0.02810611297855441,0.03902408444797459,0.03666817134233518,0.034450181477362986,0.03966493464654487,0.02344738239872915,0.016325194630659255,0.02388488870532168,0.018309731215250195,0.03999083288324066,0.03408059380460682
Softw,0.019230152216044485,0.016322283780778393,0.01144352266878475,0.012708920984908658,0.015388800794281171,0.03275140019062748,0.0378534921683876,0.02864348838760921,0.02896657826846703,0.028115398919777608,0.027391366894360603,0.034651287339158066,0.05173144479745831,0.031094023256552816,0.02523286106433677,0.02943201579030976,0.029147637839555197,0.03645165010325655,0.04075570643367752,0.026409718538522635,0.04280265467831613,0.04005839685464654,0.035488115774424144,0.02823467742652898,0.023403388244638595,0.014865136965845906,0.005914142748212865,0.028233987164416195,0.02571681680698967,0.020573963335980935,0.016079982208101674,0.06665333137410644,0.029903503637807784,0.04156444320889594,0.07250218868943605,0.07225533153296267,0.07918240953137412,0.05315809639396346,0.02658380632247816,0.036885029356632244,0.03559555262907069,0.03318894973788721,0.038855882065131055,0.023535391866560763,0.01601154417791898,0.02346137525019857,0.01819925334392375,0.038395867513899916,0.03331328425734709
Chips,0.021246589968228754,0.01836063229070691,0.012759527396346306,0.014514018198570292,0.017017358403494835,0.03634449671326451,0.04205148405083399,0.03258467741858618,0.03312065265925338,0.030842500797458303,0.030289296381254965,0.03804376035266085,0.05820221958538524,0.036593405048451155,0.029197539976171565,0.033351345145353456,0.0330422582446386,0.04181189278633836,0.048232003652104845,0.0304037328355838,0.052798230249404283,0.04747892832724384,0.04125126853693406,0.03193312562668784,0.028679898621127884,0.019467710783161243,0.0060710075853852305,0.032619977590150916,0.03293302670691025,0.024099386827640984,0.019548048916600475,0.07641670603177123,0.03377153849086577,0.04722107855758537,0.08711618579825257,0.07918240953137412,0.10264472961239081,0.06513484943923747,0.031081183804606824,0.04327738889594916,0.04109134787609214,0.03825082481493247,0.04369085718189038,0.025380471857029383,0.01830804933280381,0.026841635307386806,0.019599902691024622,0.04469693038919776,0.037683268927720406
LabEq,0.016302972438443208,0.014133392206513103,0.010478969899920573,0.01080505812867355,0.014393325988880061,0.026163986182684673,0.030448760826052426,0.02409024795869738,0.0240974109579031,0.022692256527402702,0.023105439593328034,0.028049828854646547,0.04260179583478952,0.0274946900969023,0.021542784733915805,0.02608382719301032,0.024559490373312155,0.030770895945988877,0.03447131535822081,0.022040360349483715,0.03680150863224781,0.0332732015313741,0.030800123285146936,0.024041139926926122,0.02020034453375695,0.015543503027799839,0.004745817807783955,0.02506525497378872,0.024752692365369342,0.019138916530579822,0.015037753210484513,0.05202898035583796,0.024594216648133434,0.03355044413661635,0.05690009194598889,0.05315809639396346,0.06513484943923747,0.05048991644797459,0.023306188832406673,0.03263409664813344,0.03013118941382049,0.027222935475774427,0.031668901305798254,0.01924214142652899,0.013765497140587765,0.020472292250992855,0.014340005699761717,0.03131890141382049,0.02754334922954725
