,Agric,Food ,Soda ,Beer ,Smoke,Toys ,Fun  ,Books,Hshld,Clths,Hlth ,MedEq,Drugs,Chems,Rubbr,Txtls,BldMt,Cnstr,Steel,FabPr,Mach ,ElcEq,Autos,Aero ,Ships,Guns ,Gold ,Mines,Coal ,Oil  ,Util ,Telcm,PerSv,BusSv,Hardw,Softw,Chips,LabEq,Paper,Boxes,Trans,Whlsl,Rtail,Meals,Banks,Insur,RlEst,Fin  ,Other
Agric,0.04295364721842732,0.007318203320095315,0.006578641254964256,0.005339649995234314,0.00628037884988086,0.011336332422557584,0.014233698741858617,0.010752108686258938,0.011127427736298653,0.01027799051310564,0.011557409747418585,0.013453732432088963,0.017127879644162035,0.011594788057188238,0.010459052435266087,0.012373828076250988,0.011576777563145353,0.01404537465607625,0.015147517950754561,0.011195168988085782,0.014153991170770453,0.01307152862907069,0.014228752794281173,0.013164924063542496,0.010566899717235902,0.008435355971405883,0.007722503682287531,0.014836681299444002,0.009890886042891183,0.009627620702144558,0.008197051974583001,0.019309171895154888,0.0118645447720413,0.01474212403177124,0.01913349048768864,0.0193399076664019,0.02139449518030183,0.016383928162033365,0.010181789496425734,0.013350707733121522,0.013327292549642574,0.012336217159650519,0.014441918484511514,0.010687545267672759,0.006580092495631453,0.00965213146624305,0.006918643853852266,0.012891554192216043,0.01373328690071485
Food ,0.007318203320095315,0.012831791254964257,0.0069482225019857026,0.005516634487688642,0.009754451779189832,0.009780981159650518,0.01288541357426529,0.010398101199364572,0.010384563876092136,0.010348263399523433,0.010563646703733118,0.010796586457505957,0.015927734376489276,0.012411364233518664,0.009053603828435263,0.011161520341540904,0.010958829785544081,0.013958110270055597,0.014511909142176331,0.00885672555202542,0.013308462501985701,0.011726220667196186,0.01358974341540906,0.011787172081016678,0.008359844257347098,0.006902218681493249,0.0018967416044479738,0.011216571525019857,0.01123545321683876,0.008570176775218426,0.008654981739475773,0.016557122128673548,0.009813997625099286,0.012182934686258935,0.016441700389197775,0.016388341953931695,0.018421640571882447,0.014167841834789516,0.010608680841938048,0.014007577100873702,0.01285930298649722,0.01055891470214456,0.013078286822875299,0.008883796449563143,0.0063796645830023835,0.01044244145353455,0.006456763439237492,0.011466497251787134,0.011479176266878471
Soda ,0.006578641254964256,0.0069482225019857026,0.03221363500397139,0.007259399888800632,0.009446674543288326,0.00764834964257347,0.009858192239872915,0.008685936862589356,0.009677851342335186,0.00847019855440826,0.008941933915806197,0.008365171286735503,0.012405023272438443,0.010476527426528992,0.0075929857505957115,0.010554493256552817,0.00932460684670373,0.012361750508339953,0.012594008157267673,0.007121561628276409,0.010448925234312945,0.009166416791104052,0.011818852136616364,0.008433164471803018,0.008221112565528195,0.002548862843526609,-0.005686122382843523,0.010310785011914216,0.00957134211278793,0.0075043107545671155,0.008299268681493251,0.011919489690230338,0.008025038339952342,0.009555616131850676,0.011693119499602857,0.011681355583796665,0.012946984495631452,0.010604107108816522,0.009642954551231132,0.011969879928514691,0.01027338629070691,0.008559199070691026,0.010898997434471803,0.0075437446147736285,0.005297084678316123,0.009323232255758538,0.00509700221604448,0.009664145099285147,0.009609925115170769
Beer ,0.005339649995234314,0.005516634487688642,0.007259399888800632,0.028964351574265287,0.00688820377760127,0.00700118602065131,0.008420521197776011,0.007100413810961082,0.0073722067990468635,0.007985949362986496,0.007623124841938045,0.00824261912311358,0.012207555818903891,0.008629180311358219,0.007001265931691818,0.008281012139793485,0.008243742951548847,0.01014449187926926,0.009872440015885624,0.006282948362192215,0.009590877277204129,0.009306632273232725,0.009733427437648929,0.008854617591739477,0.005500000819698174,0.002641414030182684,0.0015147767498014293,0.00894409530420969,0.008048513918983318,0.007087339024622716,0.0070213871231135806,0.012593371984114378,0.008155218557585386,0.009110003771247021,0.012748729318506753,0.01261133125972994,0.014372956486100081,0.010754179847498012,0.008102172841938043,0.008408270554408258,0.009057360190627481,0.007929642455917393,0.010220911704527406,0.006520847558379666,0.004304528034948372,0.007381036463860207,0.004942029321683878,0.00846991569817315,0.008908144546465449
Smoke,0.00628037884988086,0.009754451779189832,0.009446674543288326,0.00688820377760127,0.07059676927561556,0.011668486894360603,0.014750047842732325,0.01173645464177919,0.010110128641779192,0.01089883333121525,0.012239730014297059,0.011938048036536933,0.018157972349483718,0.016304291458300233,0.012411098049245433,0.009632112297061159,0.011641380578236694,0.013916256710087367,0.018513907045274027,0.008082898660841938,0.01409099658935663,0.01299679437331215,0.015609616546465447,0.01230657956632248,0.009020829305798252,0.008034281772835581,7.417123431294053e-05,0.016005828065131057,0.017063878436854644,0.011946692721207307,0.01330072037648928,0.01612627458617951,0.011802115553613981,0.013172232528991258,0.01629966097378872,0.015429876066719618,0.01705291107863384,0.014409937231135818,0.013218820495631455,0.018803951861795072,0.014962506481334395,0.011683568884829229,0.014071959680698968,0.009378723191421762,0.008250300300238288,0.013485881567911036,0.00611145847339158,0.012814294417791893,0.013166334195393172
Toys ,0.011336332422557584,0.009780981159650518,0.00764834964257347,0.00700118602065131,0.011668486894360603,0.03550448444797457,0.021877332295472594,0.01711980228752978,0.0161016111517077,0.01722178417791898,0.015246990500397142,0.019165137569499602,0.02717644880063542,0.019059026878474977,0.014671240698967436,0.018661857092930896,0.017942320317712472,0.02167566405083399,0.023174503415409053,0.01474461722001589,0.02259697734710087,0.02040930214455917,0.022232848260524227,0.017312121588562348,0.013665528133439235,0.008743102208101667,0.004409540587768072,0.01644217953931692,0.015547274821286731,0.012635163335980935,0.01073761544082605,0.03343368400317714,0.01723323631453535,0.02178830401906275,0.033829249563145355,0.032742602192216044,0.036280027005559955,0.026117489976171557,0.01614936991262907,0.02290044924543288,0.020649746401906272,0.018702373820492453,0.022200868975377284,0.014586152501985701,0.0096585312152502,0.014230088101667988,0.010136220333598093,0.02042173744241461,0.019972611564733914
Fun  ,0.014233698741858617,0.01288541357426529,0.009858192239872915,0.008420521197776011,0.014750047842732325,0.021877332295472594,0.03888450530738682,0.01986177768228753,0.019705454360603655,0.020005574084193806,0.019143669788721205,0.022207939915806205,0.03175298240190627,0.022978285145353453,0.017533723853852264,0.021416809011914218,0.020634070757744236,0.025036637580619543,0.027219176799046865,0.017841784179507544,0.026435480951548837,0.024341588521048448,0.026933008336775217,0.022436141939634634,0.014360674382843526,0.010764363857029393,0.004387250922954725,0.018283616395552024,0.01824533936139794,0.015249206678316123,0.013483393250198566,0.039046503377283555,0.02042608394440032,0.02558319115329627,0.0378556609197776,0.037882687358220805,0.04207321939952344,0.03046226821445592,0.01992045986656076,0.026386280525814137,0.02636811741064337,0.021533174899126286,0.027382296992851468,0.018099593879269262,0.011477398946783162,0.018224369596505162,0.011707353116759333,0.02398536160127085,0.024748608019062757
Books,0.010752108686258938,0.010398101199364572,0.008685936862589356,0.007100413810961082,0.01173645464177919,0.01711980228752978,0.01986177768228753,0.029549700414614768,0.01569955301032565,0.015648262503574262,0.015664341274027004,0.017119725555202542,0.024576740845115172,0.018470671896743444,0.014491636927720415,0.01780936256235107,0.016690834284352654,0.020349044506751388,0.021929993733121524,0.013780237968228755,0.021006710911834786,0.018926978354249405,0.021381149337569495,0.01678750301985703,0.013343007726767274,0.009687499710881651,-0.001174086138204925,0.015128321399523432,0.01749325199046863,0.012730540117553616,0.012022161860206512,0.030429342138204925,0.01606441620810167,0.020061240176330417,0.029267082619539316,0.028646847993645752,0.03259072672279588,0.024103304211278785,0.015845884775218422,0.022124003575853854,0.020161699205718822,0.016595811912629068,0.02169827237013502,0.013607540630659252,0.009497048096902303,0.014878899540905478,0.009099267397934872,0.019028378344718027,0.01924358342811755
Hshld,0.011127427736298653,0.010384563876092136,0.009677851342335186,0.0073722067990468635,0.010110128641779192,0.0161016111517077,0.019705454360603655,0.01569955301032565,0.02423803857029388,0.016386768069896744,0.015134259888800636,0.016498180841938045,0.024225880953137414,0.01935648117553614,0.014132420492454329,0.018217350913423348,0.017117564829229544,0.021360845432883243,0.023403465830023833,0.014827330103256547,0.02185934843526608,0.019575243335980933,0.02220486528991263,0.0167249637172359,0.013739936203335981,0.009794030786338363,0.002245067450357431,0.017766591866560762,0.016612822017474188,0.013206290992851472,0.011614417633042098,0.02908878144559175,0.016549241366163623,0.019926097601270853,0.029803666687847497,0.028975537124702137,0.03313065261318507,0.024107923876092136,0.01692716590945195,0.022999259475774424,0.020767523399523435,0.01712526570293884,0.02182603399523431,0.014221635075456708,0.009633782430500396,0.01503913127879269,0.008760971056393963,0.018773482160444797,0.01810946535345513
Clths,0.01027799051310564,0.010348263399523433,0.00847019855440826,0.007985949362986496,0.01089883333121525,0.01722178417791898,0.020005574084193806,0.015648262503574262,0.016386768069896744,0.02508441683240667,0.014199234204924548,0.01620754758061954,0.02356836084511517,0.01870648377124702,0.014533578071485306,0.018862135914217634,0.016941037795075456,0.02150069982843526,0.022912806084193802,0.014395885887212074,0.020906116368546463,0.01941042332644956,0.021602442776806983,0.01738038275774425,0.01242404798093725,0.007468159123113584,0.002498556498808578,0.018004225998411436,0.01823031934551231,0.012937166201747419,0.011085030351072278,0.028285248254169972,0.01562615335663225,0.019819623297855436,0.028624163040508337,0.028144920305003974,0.030876851615567906,0.022731942694201743,0.01612015929467832,0.022182831717235903,0.021220590976965846,0.01694339182525814,0.02329852270373312,0.014432264975377288,0.009190968390786338,0.014368676038125501,0.0095358754598888,0.01796702971882446,0.01873706705003972
Hlth ,0.011557409747418585,0.010563646703733118,0.008941933915806197,0.007623124841938045,0.012239730014297059,0.015246990500397142,0.019143669788721205,0.015664341274027004,0.015134259888800636,0.014199234204924548,0.027981414557585387,0.017827052111199365,0.026439461642573464,0.017878584953137412,0.014174603227958696,0.016660330255758537,0.015387593461477358,0.019547109235901507,0.021638212899126288,0.013508650408260523,0.020146346192216048,0.018092582506751387,0.019769768349483713,0.017233554681493252,0.012016235151707702,0.00823819487847498,0.005079761671167597,0.015606035285146943,0.017877830239872914,0.013632017232724388,0.011984078716441617,0.028268898033359812,0.015380813051628276,0.01977031341064336,0.027452761220015887,0.02731926075297855,0.030222364803812546,0.023103127072279583,0.015286606341540901,0.020295609741064338,0.01901292991262907,0.01671941097378872,0.020257407536139787,0.013422500721207308,0.00967572022875298,0.015971468454328834,0.009040015701350278,0.01797317991421763,0.016670699628276407
MedEq,0.013453732432088963,0.010796586457505957,0.008365171286735503,0.00824261912311358,0.011938048036536933,0.019165137569499602,0.022207939915806205,0.017119725555202542,0.016498180841938045,0.01620754758061954,0.017827052111199365,0.02598192244479745,0.030822103882446376,0.01853958038602065,0.015361082163621921,0.01811494769023034,0.017375620165210482,0.022302724446386025,0.02408094583796663,0.016488463553613972,0.023297787026211277,0.02223420994122319,0.021731016610007946,0.01760801041620334,0.012912074516282766,0.010906678913423352,0.005988261464654489,0.017726877945988883,0.0185333370548054,0.014639634071485304,0.011179066937251783,0.033958686405083385,0.01785240584749801,0.02332888574583002,0.03535962176806989,0.03465913204765687,0.03804959956155679,0.028077498533756944,0.01621227876409849,0.022067727111993656,0.020560091389992055,0.01930209955996823,0.022222147544082603,0.014330105494837172,0.009896018139793485,0.014722219391580619,0.010362763572676728,0.020964346427323272,0.020437618675139
Drugs,0.017127879644162035,0.015927734376489276,0.012405023272438443,0.012207555818903891,0.018157972349483718,0.02717644880063542,0.03175298240190627,0.024576740845115172,0.024225880953137414,0.02356836084511517,0.026439461642573464,0.030822103882446376,0.05538556772676727,0.028033192943606036,0.02161140888324067,0.026413086363780782,0.02465388829864972,0.032059766821286736,0.03376377895154885,0.02178885490389198,0.03403757604130263,0.03268415426211278,0.030309607205718816,0.025326717842732334,0.01938049593010326,0.012086543186656076,0.0024215515679110408,0.024630624308181092,0.024456823853852266,0.021218084969023034,0.017935817858617947,0.05087626661159649,0.02545071127243844,0.0339603505353455,0.05270426735186654,0.0516159932073074,0.05804922250039714,0.04253091530103257,0.023262041639396346,0.03228024883558379,0.03019169013502781,0.02709048943288323,0.03181506934710088,0.020103713254964253,0.014346398973788723,0.022415838668784743,0.015102015335980936,0.03125126693566323,0.028750620676727564
Chems,0.011594788057188238,0.012411364233518664,0.010476527426528992,0.008629180311358219,0.016304291458300233,0.019059026878474977,0.022978285145353453,0.018470671896743444,0.01935648117553614,0.01870648377124702,0.017878584953137412,0.01853958038602065,0.028033192943606036,0.030496952519459886,0.017044381086576646,0.02088236876409849,0.020033711259729945,0.02448558076727561,0.02896324542494043,0.016654783048451152,0.025488799795075453,0.022836870700556,0.025848597826846703,0.019777205717235905,0.016204263504368547,0.010359441067513896,0.003110739863383637,0.02260436738522636,0.02311866121048451,0.017652918119142172,0.015538839267672758,0.03177349296902303,0.01831419130579826,0.0225456793629865,0.03242323898490867,0.031065147145353442,0.036583452530579826,0.027536211324861,0.02180679700397141,0.02978013299285146,0.024725413010325655,0.019689994902303415,0.024375217399523433,0.015639368074662426,0.01168752491342335,0.018067260284352658,0.01017032712152502,0.021267139081810965,0.022228019018268458
Rubbr,0.010459052435266087,0.009053603828435263,0.0075929857505957115,0.007001265931691818,0.012411098049245433,0.014671240698967436,0.017533723853852264,0.014491636927720415,0.014132420492454329,0.014533578071485306,0.014174603227958696,0.015361082163621921,0.02161140888324067,0.017044381086576646,0.05138619646703733,0.015025898201747424,0.015091937270849879,0.01805800257664813,0.021744989785544084,0.013595976085782372,0.019199507218427322,0.017998968552819697,0.018592771196187453,0.014191360613185069,0.012189750633836377,0.009744471021445593,0.0015108371342335179,0.015009272892772041,0.015737280648133442,0.012912447059571092,0.010548474576648134,0.026833581693407466,0.014109043682287528,0.017946696752978553,0.02605189476409849,0.0252790671517077,0.029261657938046064,0.02161518453693407,0.015491380803812549,0.020095820120730735,0.018794485401111994,0.015737101563145353,0.01857487507863384,0.01155024483240667,0.00853487225099285,0.012344020184273231,0.008770285086576644,0.01605625980619539,0.017159427050039713
Txtls,0.012373828076250988,0.011161520341540904,0.010554493256552817,0.008281012139793485,0.009632112297061159,0.018661857092930896,0.021416809011914218,0.01780936256235107,0.018217350913423348,0.018862135914217634,0.016660330255758537,0.01811494769023034,0.026413086363780782,0.02088236876409849,0.015025898201747424,0.055778313167593324,0.018512945140587773,0.024194089739475774,0.026546930810166798,0.016503720671961875,0.02327782677839555,0.020993534363780778,0.023233146185861798,0.018831869631453536,0.013097874363780777,0.00919511292136616,0.004760361982525815,0.019913759401111987,0.02277548982366958,0.018248294983320094,0.013716461688641778,0.030480324778395556,0.0188161147720413,0.02144925955996823,0.029434885571088164,0.029508189064336766,0.03341775700714854,0.026090766327243844,0.018226930735504375,0.026334521609213655,0.02216137863383637,0.01877740749324861,0.022629069691818902,0.015524208897537722,0.010282845259729946,0.015503850870532167,0.010556340652899128,0.01967985630500397,0.020846974779984113
BldMt,0.011576777563145353,0.010958829785544081,0.00932460684670373,0.008243742951548847,0.011641380578236694,0.017942320317712472,0.020634070757744236,0.016690834284352654,0.017117564829229544,0.016941037795075456,0.015387593461477358,0.017375620165210482,0.02465388829864972,0.020033711259729945,0.015091937270849879,0.018512945140587773,0.023030728330420965,0.023411123580619538,0.025408300254169982,0.01648041261636219,0.02308345912311358,0.020662424063542486,0.02326762709451945,0.019254565880857822,0.014360461426528989,0.011786956244638602,0.002568060479745831,0.019336245880857823,0.019579033067513903,0.015148711625099284,0.01281851552343129,0.0296817924892772,0.016017666824463858,0.020499551837966635,0.030246793261318503,0.029250950506751396,0.0331207535567911,0.024610042926131854,0.018054038938840347,0.024149079717235903,0.021549996123907875,0.018096709289912635,0.022035932953137403,0.014216996050833998,0.010034167710881649,0.015434678319301032,0.009872949092930898,0.01904032885782367,0.020346746459094518
Cnstr,0.01404537465607625,0.013958110270055597,0.012361750508339953,0.01014449187926926,0.013916256710087367,0.02167566405083399,0.025036637580619543,0.020349044506751388,0.021360845432883243,0.02150069982843526,0.019547109235901507,0.022302724446386025,0.032059766821286736,0.02448558076727561,0.01805800257664813,0.024194089739475774,0.023411123580619538,0.04694904701985703,0.031305200706910244,0.019928823998411435,0.028324311664813338,0.02542692784432089,0.028179152177918988,0.022798507191421763,0.015633883348689436,0.013286426935663224,0.00399625183796664,0.025056379677521848,0.026219002789515482,0.02075337624781572,0.016968771274027003,0.03697885603177124,0.021457797269261315,0.025681749097696587,0.03801441407942811,0.03653053929150119,0.041906493254964254,0.030894097262907066,0.022667149010325658,0.02975358099602859,0.026713104733915808,0.022523629663224784,0.028547470975377284,0.017573698441620336,0.0127772228101668,0.01937630844638602,0.012490356138204924,0.024742484949960286,0.026150616800635428
Steel,0.015147517950754561,0.014511909142176331,0.012594008157267673,0.009872440015885624,0.018513907045274027,0.023174503415409053,0.027219176799046865,0.021929993733121524,0.023403465830023833,0.022912806084193802,0.021638212899126288,0.02408094583796663,0.03376377895154885,0.02896324542494043,0.021744989785544084,0.026546930810166798,0.025408300254169982,0.031305200706910244,0.05020045997617155,0.020950662819698172,0.03239170699761716,0.02903516106433678,0.03141607119936458,0.02468276669579031,0.02076056422557585,0.015003132041302622,0.01079854811755361,0.031822660214455914,0.035864063923748996,0.02504596584590945,0.01718566166004766,0.04203603971405878,0.022180140262112784,0.028826529078633836,0.0431484935107228,0.040807131278792694,0.048275144718030176,0.034519363185067514,0.024998777140587767,0.035021448252581404,0.030082238173153295,0.025466415496425733,0.02921642793486895,0.01891962737887212,0.01357735289118348,0.02042821230341541,0.013097906711675931,0.026484343034154086,0.027085323907863383
FabPr,0.011195168988085782,0.00885672555202542,0.007121561628276409,0.006282948362192215,0.008082898660841938,0.01474461722001589,0.017841784179507544,0.013780237968228755,0.014827330103256547,0.014395885887212074,0.013508650408260523,0.016488463553613972,0.02178885490389198,0.016654783048451152,0.013595976085782372,0.016503720671961875,0.01648041261636219,0.019928823998411435,0.020950662819698172,0.05521312020810166,0.02029891149960286,0.018771773175536136,0.01821791083081811,0.016398896935663227,0.01305899498649722,0.01519308855917395,0.016296030366957898,0.01857443807942812,0.01879026536616362,0.013325900625893566,0.0099606800969023,0.02698073181254964,0.015587776922954728,0.018346694425734715,0.027997667480540105,0.026457532441620326,0.030436425626687847,0.022054500509928514,0.015370759024622715,0.0199345729324861,0.017929071278792685,0.01636842978395552,0.019004568843526606,0.012581363871326452,0.008761066984908656,0.01303143363145353,0.007521354085782367,0.016959001982525812,0.017804747494837174
Mach ,0.014153991170770453,0.013308462501985701,0.010448925234312945,0.009590877277204129,0.01409099658935663,0.02259697734710087,0.026435480951548837,0.021006710911834786,0.02185934843526608,0.020906116368546463,0.020146346192216048,0.023297787026211277,0.03403757604130263,0.025488799795075453,0.019199507218427322,0.02327782677839555,0.02308345912311358,0.028324311664813338,0.03239170699761716,0.02029891149960286,0.03616739000953137,0.028437444171564727,0.028288510551231143,0.023478093215250195,0.019244688826052424,0.013340424069896748,0.004304595939634629,0.023594605002382835,0.026034170535345506,0.020772554878474975,0.015667873389992062,0.042735076638602064,0.02168980865289912,0.028481069418586174,0.04597782316282764,0.04284905345194599,0.05282133974265291,0.03682663496266878,0.02229033533598093,0.03127752196822876,0.02760198343129469,0.02388318683240668,0.02846271258617951,0.017807340401906277,0.012536890441620333,0.01927423562986497,0.012831814841938042,0.026532957731532962,0.02494249793804607
ElcEq,0.01307152862907069,0.011726220667196186,0.009166416791104052,0.009306632273232725,0.01299679437331215,0.02040930214455917,0.024341588521048448,0.018926978354249405,0.019575243335980933,0.01941042332644956,0.018092582506751387,0.02223420994122319,0.03268415426211278,0.022836870700556,0.017998968552819697,0.020993534363780778,0.020662424063542486,0.02542692784432089,0.02903516106433678,0.018771773175536136,0.028437444171564727,0.03596025937410643,0.025031774030182682,0.020652812063542487,0.015920511669579026,0.013456861019857031,0.004646566837172354,0.021233556686258932,0.022058789089753773,0.017758112368546464,0.013783576003177122,0.03935772108657664,0.020291440861000792,0.026309305915806196,0.04251101938999205,0.04007297955202542,0.04749305049722002,0.03328501161874504,0.019348182786338364,0.02595432475615568,0.02494589604447974,0.02206547448133439,0.02551117613661636,0.016190695215250198,0.011283469448768863,0.017091384104845113,0.011696553293089752,0.02402973733439237,0.022621268073073863
Autos,0.014228752794281173,0.01358974341540906,0.011818852136616364,0.009733427437648929,0.015609616546465447,0.022232848260524227,0.026933008336775217,0.021381149337569495,0.02220486528991263,0.021602442776806983,0.019769768349483713,0.021731016610007946,0.030309607205718816,0.025848597826846703,0.018592771196187453,0.023233146185861798,0.02326762709451945,0.028179152177918988,0.03141607119936458,0.01821791083081811,0.028288510551231143,0.025031774030182682,0.04120301817950755,0.02477963321366164,0.019008678557585378,0.012780903326449563,0.0016213642065131015,0.02351966876568706,0.02243381026846704,0.016622822830818108,0.015850117153296265,0.037575734945194596,0.020827885439237488,0.02563123871008737,0.03704715471326449,0.03552594039078633,0.041301695656870537,0.030844722776806985,0.02351330676409849,0.03064490809849087,0.02918178700555996,0.022182358112787938,0.029198273385226372,0.018868064616362194,0.01258406140746624,0.019760534087370926,0.011366380994440027,0.023866731507545667,0.025104452111199358
Aero ,0.013164924063542496,0.011787172081016678,0.008433164471803018,0.008854617591739477,0.01230657956632248,0.017312121588562348,0.022436141939634634,0.01678750301985703,0.0167249637172359,0.01738038275774425,0.017233554681493252,0.01760801041620334,0.025326717842732334,0.019777205717235905,0.014191360613185069,0.018831869631453536,0.019254565880857822,0.022798507191421763,0.02468276669579031,0.016398896935663227,0.023478093215250195,0.020652812063542487,0.02477963321366164,0.052663576316123895,0.01603368696425735,0.011166216184273232,0.0009332005337569488,0.018796453726767276,0.020474736915011917,0.014046771412231929,0.012696222384432092,0.02937743240031771,0.017383274254169977,0.02094005831771247,0.02878393672597299,0.028240890471803018,0.03191674025734711,0.024015017030976964,0.018842973639396347,0.024654412503574263,0.02382090600476568,0.018296417822081013,0.02297331719936457,0.015633610400317712,0.0103518865401112,0.0164051057045274,0.009190643251787131,0.019509656311358217,0.020092126208101663
Ships,0.010566899717235902,0.008359844257347098,0.008221112565528195,0.005500000819698174,0.009020829305798252,0.013665528133439235,0.014360674382843526,0.013343007726767274,0.013739936203335981,0.01242404798093725,0.012016235151707702,0.012912074516282766,0.01938049593010326,0.016204263504368547,0.012189750633836377,0.013097874363780777,0.014360461426528989,0.015633883348689436,0.02076056422557585,0.01305899498649722,0.019244688826052424,0.015920511669579026,0.019008678557585378,0.01603368696425735,0.042273041359809374,0.011686721639396346,0.0009297342716441598,0.015030779640984909,0.016451337207307386,0.011851910525814136,0.010568042675139003,0.023084452015885618,0.012846977652104847,0.01662082812390786,0.024872457499602853,0.023420162363780778,0.0287061871771247,0.02024745055440826,0.013904403628276408,0.019709545772835582,0.016565959777601273,0.014421086951548846,0.01620884182366958,0.009822414150913422,0.008090781712470215,0.012691758258935664,0.007860435564733915,0.015424590996028595,0.015327574951548847
Guns ,0.008435355971405883,0.006902218681493249,0.002548862843526609,0.002641414030182684,0.008034281772835581,0.008743102208101667,0.010764363857029393,0.009687499710881651,0.009794030786338363,0.007468159123113584,0.00823819487847498,0.010906678913423352,0.012086543186656076,0.010359441067513896,0.009744471021445593,0.00919511292136616,0.011786956244638602,0.013286426935663224,0.015003132041302622,0.01519308855917395,0.013340424069896748,0.013456861019857031,0.012780903326449563,0.011166216184273232,0.011686721639396346,0.11301560175377279,0.013360231752184272,0.0169698725782367,0.02105499921207308,0.013126147501191425,0.009667161220015886,0.01568419048133439,0.009438423231135824,0.011606110894360602,0.01642219001111993,0.014871226427323268,0.019475490382843522,0.015546349146942015,0.010219591180301824,0.014642063523431297,0.008400060810166799,0.011131811393169183,0.011032058833995233,0.005305775625099284,0.006380944870532167,0.008386033499602862,0.004013909604447973,0.009838780784749802,0.011507343517077048
Gold ,0.007722503682287531,0.0018967416044479738,-0.005686122382843523,0.0015147767498014293,7.417123431294053e-05,0.004409540587768072,0.004387250922954725,-0.001174086138204925,0.002245067450357431,0.002498556498808578,0.005079761671167597,0.005988261464654489,0.0024215515679110408,0.003110739863383637,0.0015108371342335179,0.004760361982525815,0.002568060479745831,0.00399625183796664,0.01079854811755361,0.016296030366957898,0.004304595939634629,0.004646566837172354,0.0016213642065131015,0.0009332005337569488,0.0009297342716441598,0.013360231752184272,0.2649212560063542,0.039904910398729156,0.02090044963939635,0.017693205121525016,0.005424826363780781,0.007566882440031772,0.005214044206513102,0.005654669413820492,0.007027959720413024,0.005926706802223987,0.0061846379539316895,0.00490407668943606,0.0008386706528991288,0.005877108524225574,0.0009907767116759314,0.006613541197776011,0.002291189598093726,0.001781199351866558,0.003210113823669579,0.0006927169118347898,0.008018913664813339,0.0028672008705321666,0.00030965697855440613
Mines,0.014836681299444002,0.011216571525019857,0.010310785011914216,0.00894409530420969,0.016005828065131057,0.01644217953931692,0.018283616395552024,0.015128321399523432,0.017766591866560762,0.018004225998411436,0.015606035285146943,0.017726877945988883,0.024630624308181092,0.02260436738522636,0.015009272892772041,0.019913759401111987,0.019336245880857823,0.025056379677521848,0.031822660214455914,0.01857443807942812,0.023594605002382835,0.021233556686258932,0.02351966876568706,0.018796453726767276,0.015030779640984909,0.0169698725782367,0.039904910398729156,0.07487448935822082,0.030202268130262108,0.020479678131850674,0.014623934012708496,0.02752589803971405,0.016770531140587765,0.020760842034948362,0.029002532484511512,0.028323428644956312,0.03272774635742653,0.02516664776965845,0.019085942408260528,0.0288305222573471,0.022285098061953928,0.019263930911834787,0.021651091131056396,0.013853451496425735,0.011025150162033358,0.01605554444956315,0.010239798533756948,0.019972003539316923,0.020704367161239072
Coal ,0.009890886042891183,0.01123545321683876,0.00957134211278793,0.008048513918983318,0.017063878436854644,0.015547274821286731,0.01824533936139794,0.01749325199046863,0.016612822017474188,0.01823031934551231,0.017877830239872914,0.0185333370548054,0.024456823853852266,0.02311866121048451,0.015737280648133442,0.02277548982366958,0.019579033067513903,0.026219002789515482,0.035864063923748996,0.01879026536616362,0.026034170535345506,0.022058789089753773,0.02243381026846704,0.020474736915011917,0.016451337207307386,0.02105499921207308,0.02090044963939635,0.030202268130262108,0.1255419155266084,0.03962584205242256,0.02205776757426529,0.02898859975853852,0.016757245057982522,0.020548097899920573,0.02734020735822081,0.02566654547418586,0.03281279843685465,0.024670346764098485,0.020332344762509922,0.02967822546147736,0.021913728133439243,0.019486116238284352,0.02280197810325655,0.015007050033359807,0.010606833607625103,0.01696675022716442,0.01103898858776807,0.019452429521842732,0.02173195810007942
Oil  ,0.009627620702144558,0.008570176775218426,0.0075043107545671155,0.007087339024622716,0.011946692721207307,0.012635163335980935,0.015249206678316123,0.012730540117553616,0.013206290992851472,0.012937166201747419,0.013632017232724388,0.014639634071485304,0.021218084969023034,0.017652918119142172,0.012912447059571092,0.018248294983320094,0.015148711625099284,0.02075337624781572,0.02504596584590945,0.013325900625893566,0.020772554878474975,0.017758112368546464,0.016622822830818108,0.014046771412231929,0.011851910525814136,0.013126147501191425,0.017693205121525016,0.020479678131850674,0.03962584205242256,0.043156531558379674,0.01700812226211279,0.021276358131850675,0.013807982830818112,0.01703872416838761,0.020638384965845906,0.02062453427799841,0.02412280601747418,0.01916211520889595,0.014240006487688644,0.02159290145194599,0.016388489308975376,0.014797489906274823,0.015617393880857821,0.010470643253375695,0.007774074071485305,0.012610168108022238,0.008608728495631454,0.014946939621922156,0.016159737016679904
Util ,0.008197051974583001,0.008654981739475773,0.008299268681493251,0.0070213871231135806,0.01330072037648928,0.01073761544082605,0.013483393250198566,0.012022161860206512,0.011614417633042098,0.011085030351072278,0.011984078716441617,0.011179066937251783,0.017935817858617947,0.015538839267672758,0.010548474576648134,0.013716461688641778,0.01281851552343129,0.016968771274027003,0.01718566166004766,0.0099606800969023,0.015667873389992062,0.013783576003177122,0.015850117153296265,0.012696222384432092,0.010568042675139003,0.009667161220015886,0.005424826363780781,0.014623934012708496,0.02205776757426529,0.01700812226211279,0.022404864131850673,0.017823765490071482,0.010858324579825258,0.01336132773788721,0.01647590349324861,0.01612047709610802,0.01958357069420175,0.015064479620333596,0.012651004425734714,0.018339226165210484,0.015511797760127082,0.011898933787132644,0.014113664490865766,0.009746295737887212,0.007942484602065132,0.01349602452899126,0.006452136119142176,0.013101692911834786,0.014168030258935661
Telcm,0.019309171895154888,0.016557122128673548,0.011919489690230338,0.012593371984114378,0.01612627458617951,0.03343368400317714,0.039046503377283555,0.030429342138204925,0.02908878144559175,0.028285248254169972,0.028268898033359812,0.033958686405083385,0.05087626661159649,0.03177349296902303,0.026833581693407466,0.030480324778395556,0.0296817924892772,0.03697885603177124,0.04203603971405878,0.02698073181254964,0.042735076638602064,0.03935772108657664,0.037575734945194596,0.02937743240031771,0.023084452015885618,0.01568419048133439,0.007566882440031772,0.02752589803971405,0.02898859975853852,0.021276358131850675,0.017823765490071482,0.0803510507640985,0.030245404555996818,0.04133154734868943,0.06921810825099287,0.06663974842255757,0.07640419820810167,0.05203486582366957,0.027778649525019853,0.03912246210643367,0.03694808320889595,0.03293678888641779,0.03940300173471008,0.023983365038919773,0.016796530980142978,0.024494656514694197,0.017816617239078632,0.03880383229229546,0.03424599162509929
PerSv,0.0118645447720413,0.009813997625099286,0.008025038339952342,0.008155218557585386,0.011802115553613981,0.01723323631453535,0.02042608394440032,0.01606441620810167,0.016549241366163623,0.01562615335663225,0.015380813051628276,0.01785240584749801,0.02545071127243844,0.01831419130579826,0.014109043682287528,0.0188161147720413,0.016017666824463858,0.021457797269261315,0.022180140262112784,0.015587776922954728,0.02168980865289912,0.020291440861000792,0.020827885439237488,0.017383274254169977,0.012846977652104847,0.009438423231135824,0.005214044206513102,0.016770531140587765,0.016757245057982522,0.013807982830818112,0.010858324579825258,0.030245404555996818,0.029166073548848294,0.02117315104527403,0.029932292163621917,0.029826789254964257,0.03371715751548848,0.024611878241461476,0.016073874119142177,0.021836643912629076,0.020565821938046066,0.017634003474185856,0.021665657285146942,0.014350997475774426,0.009753962797458299,0.01451069371405878,0.010088064957903096,0.01873356356473391,0.018092693223193013
BusSv,0.01474212403177124,0.012182934686258935,0.009555616131850676,0.009110003771247021,0.013172232528991258,0.02178830401906275,0.02558319115329627,0.020061240176330417,0.019926097601270853,0.019819623297855436,0.01977031341064336,0.02332888574583002,0.0339603505353455,0.0225456793629865,0.017946696752978553,0.02144925955996823,0.020499551837966635,0.025681749097696587,0.028826529078633836,0.018346694425734715,0.028481069418586174,0.026309305915806196,0.02563123871008737,0.02094005831771247,0.01662082812390786,0.011606110894360602,0.005654669413820492,0.020760842034948362,0.020548097899920573,0.01703872416838761,0.01336132773788721,0.04133154734868943,0.02117315104527403,0.029754908992851475,0.04276323976012707,0.04157915372835584,0.04723458349801429,0.03357031332962669,0.019655007793486893,0.026843223559968224,0.0252562919618745,0.022329804033359806,0.02652679700873709,0.016887630257347106,0.011638040725972996,0.01767176486258936,0.01216998790627482,0.025025745588562343,0.023526391053216834
Hardw,0.01913349048768864,0.016441700389197775,0.011693119499602857,0.012748729318506753,0.01629966097378872,0.033829249563145355,0.0378556609197776,0.029267082619539316,0.029803666687847497,0.028624163040508337,0.027452761220015887,0.03535962176806989,0.05270426735186654,0.03242323898490867,0.02605189476409849,0.029434885571088164,0.030246793261318503,0.03801441407942811,0.0431484935107228,0.027997667480540105,0.04597782316282764,0.04251101938999205,0.03704715471326449,0.02878393672597299,0.024872457499602853,0.01642219001111993,0.007027959720413024,0.029002532484511512,0.02734020735822081,0.020638384965845906,0.01647590349324861,0.06921810825099287,0.029932292163621917,0.04276323976012707,0.08489639830182684,0.07241120547736299,0.08698914438125498,0.05685447059412232,0.02814372926767275,0.03905047369181891,0.0367374941223193,0.03445179628435266,0.03972520416679904,0.02352208538999205,0.016356883467831616,0.023897727019857026,0.018455263181890384,0.03993155982843528,0.034132525324860996
Softw,0.0193399076664019,0.016388341953931695,0.011681355583796665,0.01261133125972994,0.015429876066719618,0.032742602192216044,0.037882687358220805,0.028646847993645752,0.028975537124702137,0.028144920305003974,0.02731926075297855,0.03465913204765687,0.0516159932073074,0.031065147145353442,0.0252790671517077,0.029508189064336766,0.029250950506751396,0.03653053929150119,0.040807131278792694,0.026457532441620326,0.04284905345194599,0.04007297955202542,0.03552594039078633,0.028240890471803018,0.023420162363780778,0.014871226427323268,0.005926706802223987,0.028323428644956312,0.02566654547418586,0.02062453427799841,0.01612047709610802,0.06663974842255757,0.029826789254964257,0.04157915372835584,0.07241120547736299,0.07216925798888008,0.0790929343034154,0.0531477798443209,0.026582212060365366,0.036913853108816515,0.035633442509928503,0.033193812562351065,0.03889590923590152,0.02356993042732327,0.016031692365369332,0.023466337143764893,0.018295545073868148,0.038341280787926924,0.03333431500555995
Chips,0.02139449518030183,0.018421640571882447,0.012946984495631452,0.014372956486100081,0.01705291107863384,0.036280027005559955,0.04207321939952344,0.03259072672279588,0.03313065261318507,0.030876851615567906,0.030222364803812546,0.03804959956155679,0.05804922250039714,0.036583452530579826,0.029261657938046064,0.03341775700714854,0.0331207535567911,0.041906493254964254,0.048275144718030176,0.030436425626687847,0.05282133974265291,0.04749305049722002,0.041301695656870537,0.03191674025734711,0.0287061871771247,0.019475490382843522,0.0061846379539316895,0.03272774635742653,0.03281279843685465,0.02412280601747418,0.01958357069420175,0.07640419820810167,0.03371715751548848,0.04723458349801429,0.08698914438125498,0.0790929343034154,0.10251864302462271,0.06508338632565526,0.03108644529308975,0.043288883990468624,0.04112535050039714,0.03825244579507545,0.04373438707545672,0.025430390538522626,0.0183319759872915,0.02685133542811754,0.01972729605083399,0.044642027380460685,0.03771220018427323
LabEq,0.016383928162033365,0.014167841834789516,0.010604107108816522,0.010754179847498012,0.014409937231135818,0.026117489976171557,0.03046226821445592,0.024103304211278785,0.024107923876092136,0.022731942694201743,0.023103127072279583,0.028077498533756944,0.04253091530103257,0.027536211324861,0.02161518453693407,0.026090766327243844,0.024610042926131854,0.030894097262907066,0.034519363185067514,0.022054500509928514,0.03682663496266878,0.03328501161874504,0.030844722776806985,0.024015017030976964,0.02024745055440826,0.015546349146942015,0.00490407668943606,0.02516664776965845,0.024670346764098485,0.01916211520889595,0.015064479620333596,0.05203486582366957,0.024611878241461476,0.03357031332962669,0.05685447059412232,0.0531477798443209,0.06508338632565526,0.05045294317871327,0.02333938688800635,0.03264269741223193,0.03016405825258142,0.027228382349483722,0.03171611159173948,0.019300941313741063,0.013787304061953928,0.020491826800635424,0.014430218644956314,0.0313163947386815,0.027595106954725977
