,Agric,Food ,Soda ,Beer ,Smoke,Toys ,Fun  ,Books,Hshld,Clths,Hlth ,MedEq,Drugs,Chems,Rubbr,Txtls,BldMt,Cnstr,Steel,FabPr,Mach ,ElcEq,Autos,Aero ,Ships,Guns ,Gold ,Mines,Coal ,Oil  ,Util ,Telcm,PerSv,BusSv,Hardw,Softw,Chips,LabEq,Paper,Boxes,Trans,Whlsl,Rtail,Meals,Banks,Insur,RlEst,Fin  ,Other
Agric,0.029877814716441627,0.0060715695567911026,0.006348693207307389,0.004015944222398729,0.006828902509928513,0.007674878738681491,0.00894176921048451,0.008037106065131054,0.007948799552025416,0.007029233518665609,0.008610545204130259,0.008972286586179507,0.011275476279586973,0.009367334630659252,0.007727495062748211,0.008980736635424941,0.009339809953931692,0.011949548514694201,0.011904184079428115,0.008792876597299442,0.01081900211596505,0.009102609245432883,0.010847746748212865,0.00909138793963463,0.00852471519618745,0.0095028282192216,0.009193959256552824,0.013520274281175531,0.010496837026211278,0.008552271180301827,0.00781591286100079,0.010873145957108818,0.007544786052422557,0.009816239990468626,0.011697365194598889,0.011215110395552024,0.013819640212867352,0.010895288895949167,0.008535444019062746,0.010731373826846705,0.010334516200158855,0.008687626843526608,0.009606158849880855,0.007487257442414615,0.005517941744241462,0.008280507129467833,0.005386306347895155,0.009458350074662432,0.008395968397140586
Food ,0.0060715695567911026,0.011679632857823672,0.007536096848292294,0.005033052536934074,0.009872329642573471,0.008388166725972994,0.010899937826846704,0.009446181464654488,0.009522074411437651,0.009067229833200954,0.009351682150913422,0.009281683453534553,0.012638943196187455,0.011679026449563144,0.009026675930103256,0.009292006875297855,0.010496026042891179,0.013471257934868943,0.014238242735504367,0.008915446389197777,0.012236289003971404,0.01078806548054011,0.012320489820492454,0.010497977652104843,0.009302901547259731,0.009186416927720412,0.006402921918983322,0.012994506147736295,0.013439923037331216,0.009627393823669582,0.00899085495472597,0.012698761143764893,0.008011445559968229,0.010420415609213656,0.012734203224781573,0.012412640644956311,0.01487784045432883,0.011655420746624302,0.009837262922954728,0.012897389858617946,0.011942284435266085,0.009678978144559171,0.01136410507386815,0.008084329880857822,0.00620721301350278,0.00962561976489277,0.005731972,0.010196604619539319,0.009763267726767272
Soda ,0.006348693207307389,0.007536096848292294,0.03967857051469421,0.007594325604447973,0.01072210901509134,0.008933607626687845,0.010977388551231137,0.009699896359015091,0.010718331855440823,0.0092791837172359,0.009165936967434472,0.00938577429864972,0.012518505755361396,0.012727950762509928,0.009421375706115965,0.009800412505162828,0.011108623019857027,0.01552831746624305,0.015380918320889593,0.010459207629864973,0.012370012822875299,0.010979470722795868,0.01343270878951549,0.009340755755361394,0.01081830053375695,0.006334820244638602,0.0003753918538522632,0.013756285401111991,0.013440040775218423,0.009803611768069894,0.009008337507545669,0.012394348212867353,0.008967711278792694,0.010326550546465448,0.012662610905480537,0.01215358314376489,0.01453363860047657,0.011903333280381252,0.010355281548848292,0.013237600355837967,0.011966791529785544,0.009859745532962667,0.012059124076250994,0.008265493105639397,0.0063125773915806175,0.009674795270849879,0.006529920414614775,0.011419493633042095,0.009971103798252579
Beer ,0.004015944222398729,0.005033052536934074,0.007594325604447973,0.02617245035107228,0.0069344112470214455,0.0066735342208101645,0.007262100740270056,0.007129301185067515,0.006572683996822874,0.007345242319301033,0.006429304260524227,0.006848997636219219,0.009100364600476567,0.008543747990468625,0.006839085375694996,0.007307362961080221,0.007587439383637807,0.009773100174741856,0.009476259755361394,0.006016761931691818,0.008602549426528988,0.00834469172359015,0.009596194052422553,0.00783188193169182,0.005443434935663224,0.004856599536139794,0.0039687906973788715,0.009241760635424938,0.008439599898332003,0.006096297594916602,0.006843999701350279,0.010014854773629865,0.006434416806989674,0.007472229464654485,0.01005201035742653,0.009785073245432882,0.011710482077839557,0.009230113328038124,0.007862763145353455,0.008331007574265291,0.009030687015091344,0.007141234147736299,0.009208664578236696,0.006237997966640189,0.004229156498808577,0.006895334386020652,0.004410227882446386,0.007666516384432088,0.007689183656870532
Smoke,0.006828902509928513,0.009872329642573471,0.01072210901509134,0.0069344112470214455,0.06373702613979348,0.012811976481334393,0.013624917513899923,0.01183522756155679,0.010978923884034947,0.011211857204130265,0.011738392779984116,0.012121000150913424,0.01715744507545671,0.01571826741064337,0.012626502025416996,0.010583131977760125,0.013089223455123113,0.016793559420174745,0.020166338816521048,0.009980338212867356,0.01573256384432089,0.01416021064336775,0.016424419483717236,0.012854744559173946,0.010987964146147737,0.009798419920571882,0.004478917521842732,0.019048958983320097,0.01698960365369341,0.011721885909451946,0.013617322120730737,0.01622137429706116,0.011615461270849881,0.013916232938840348,0.018305257911040505,0.016569507188244643,0.020014701961874503,0.014992288578236696,0.013421997021445592,0.0177539812867355,0.016144558983320095,0.01304315112787927,0.0149681527720413,0.010550379586973786,0.008721878856235106,0.013209884614773624,0.007393475258141381,0.014269303463065923,0.0130214664892772
Toys ,0.007674878738681491,0.008388166725972994,0.008933607626687845,0.0066735342208101645,0.012811976481334393,0.027085821348689438,0.015727891321683878,0.012981744181096107,0.012467210892772038,0.012553026481334393,0.01194431014932486,0.013329455756949958,0.018108099296266878,0.016083410349483716,0.011867138193804604,0.013362905747418583,0.014957120236695787,0.019400781691818903,0.019429119550436854,0.013126163013502782,0.017498758710087367,0.015048055853852261,0.018111659057982524,0.013774701655281968,0.01286305892613185,0.011968003107227957,0.007778883380460681,0.016484490833995228,0.018214064610007942,0.01226381565051628,0.011975813469420175,0.01992019415409055,0.012202225432883244,0.01501870683240667,0.02094376510722797,0.019663487356632252,0.02391172870691025,0.017716874853057986,0.013842986854646548,0.01914897286100079,0.01713575280698967,0.014036224061953933,0.01625704793328038,0.011208241604447975,0.008324017588562351,0.012617542521048448,0.007674697631453533,0.015134022776806987,0.014226871197776013
Fun  ,0.00894176921048451,0.010899937826846704,0.010977388551231137,0.007262100740270056,0.013624917513899923,0.015727891321683878,0.027703219080222403,0.015809347491660047,0.015989022019062746,0.015843186195393166,0.015399973863383636,0.015572774721207307,0.020929847134233518,0.01938150941223193,0.01454917319936457,0.01651430672597299,0.017458787540905484,0.02214869241461477,0.023295929818903896,0.015010700430500398,0.020889437178713263,0.018239004447974577,0.021725849278792685,0.017528327618745034,0.01370703431612391,0.01341194517553614,0.007804785677521845,0.01980741426528991,0.021704545760127085,0.014682012193804606,0.01388071912152502,0.024326564320889595,0.014682196743447182,0.018046513205718824,0.024328668395552023,0.023133037939634626,0.02840899414297061,0.02109993747418586,0.016468807124702146,0.021936259933280383,0.021053178802223987,0.016497081987291502,0.020743995173947573,0.014478838300238285,0.01004452488641779,0.01573513353613979,0.008978678200158855,0.018299137877680696,0.017597387016679907
Books,0.008037106065131054,0.009446181464654488,0.009699896359015091,0.007129301185067515,0.01183522756155679,0.012981744181096107,0.015809347491660047,0.02409502938204924,0.013190300406671964,0.012675229134233516,0.01293192740587768,0.013206045245432882,0.017847931891977763,0.016533605480540108,0.012376381944400312,0.01438446304050834,0.014410619161239082,0.017964051707704525,0.019370555370929306,0.012098919374106435,0.017227736368546458,0.015261952946783163,0.01846550841302621,0.014143786713264495,0.012427199161239078,0.010918864413026213,0.0045374155424940405,0.017017004130262105,0.017894245362986498,0.012184414989674345,0.012486239780778398,0.020691358856235107,0.012346928387609214,0.015099357073868147,0.02016248554408261,0.018872874786338364,0.02328844282446386,0.017574915297855435,0.014562697553613979,0.019206278297061157,0.017221987825258144,0.01345739886576648,0.01745080596028594,0.01166952247815727,0.008586196689436058,0.013541639342335182,0.0073975106306592535,0.015234525407466244,0.014456304276409851
Hshld,0.007948799552025416,0.009522074411437651,0.010718331855440823,0.006572683996822874,0.010978923884034947,0.012467210892772038,0.015989022019062746,0.013190300406671964,0.020878030136616356,0.013704026354249402,0.012791923077045273,0.012949469542494043,0.01785966770611596,0.017766048395552028,0.01305609203971406,0.014828853731532964,0.015070858374900712,0.019643596608419373,0.021626688309769656,0.013203681097696582,0.01851654494678316,0.016225508816521045,0.01951860856393963,0.014596032781572676,0.013243136015885622,0.012074058090548057,0.006661300308181097,0.0183051407466243,0.018787196911834787,0.013287835863383633,0.011828354149324857,0.01978133318506752,0.012849540571882444,0.015343296605242257,0.020938500214455917,0.019641602244638595,0.024590411633042097,0.018243288895949165,0.01517232231135822,0.01976129993328038,0.017881476085782368,0.014516277173947573,0.0176625458649722,0.012215924273232722,0.008689519548848293,0.013426852312946784,0.007702206381254964,0.01540422794916601,0.014656795038919777
Clths,0.007029233518665609,0.009067229833200954,0.0092791837172359,0.007345242319301033,0.011211857204130265,0.012553026481334393,0.015843186195393166,0.012675229134233516,0.013704026354249402,0.019956586846703737,0.012123902859412231,0.012532479984114374,0.01715576401906275,0.016667811135822077,0.01287056926131851,0.014791901604447976,0.014786831532962669,0.019612244177918983,0.020367384733915805,0.01347905723590151,0.017666944336775216,0.015954673296266875,0.018486326497220016,0.014593679142176328,0.012494936997617159,0.01194186548054011,0.007367112438443208,0.01822863888800635,0.01861871323272438,0.012815680698967435,0.011266265814138202,0.01912390713264496,0.012037072279586974,0.01528692405083399,0.02009839782366958,0.019077116711675935,0.023150485067513892,0.01742476937251787,0.014119623621922161,0.019048679523431294,0.01772478176330421,0.01416698988085782,0.01863233070691025,0.011936157331215246,0.008515882446386019,0.012668103812549646,0.007809386163621923,0.014970610579825256,0.014256433153296263
Hlth ,0.008610545204130259,0.009351682150913422,0.009165936967434472,0.006429304260524227,0.011738392779984116,0.01194431014932486,0.015399973863383636,0.01293192740587768,0.012791923077045273,0.012123902859412231,0.02207463513741064,0.014099240602065133,0.01891370044003177,0.016085020675139,0.013036107693407462,0.013569098725972997,0.013700474740270053,0.018232344710087372,0.01975580396664019,0.012741801869737885,0.01753122631930103,0.014920128514694203,0.017355782521048444,0.013773082560762508,0.011917147472597298,0.012722604695790308,0.00957849205401112,0.01836551809372518,0.017918554999205714,0.01336208770770453,0.011880500935663224,0.020239165401111994,0.011414146799046862,0.015507120366957904,0.02046989273232724,0.019410759922160445,0.023497422781572682,0.017720759904686252,0.013884496370135026,0.018305225633042092,0.016706881353455123,0.014163782759332805,0.01650594061000794,0.011167762112787926,0.00856547858935663,0.013654239836378078,0.007584569561556791,0.01503628301509134,0.013070949545671166
MedEq,0.008972286586179507,0.009281683453534553,0.00938577429864972,0.006848997636219219,0.012121000150913424,0.013329455756949958,0.015572774721207307,0.013206045245432882,0.012949469542494043,0.012532479984114374,0.014099240602065133,0.01918701022875298,0.021220987620333597,0.016122437513899922,0.012715982196981734,0.014108943173947577,0.014443375200953134,0.019236825631453534,0.020595247620333598,0.013412549923749004,0.018058427590150913,0.0168970981096108,0.017358221885623512,0.013839121544082605,0.012177435193010325,0.01332992012073074,0.010431773833200953,0.018762600381254966,0.020041439256552815,0.014740956619539317,0.012015692230341539,0.020563821350277997,0.012808296409849087,0.016320131328038123,0.021860467505957108,0.02089707496584591,0.02483907358379666,0.019246709547259728,0.013854125980937252,0.018051024457505956,0.017121049486894364,0.014651943903097698,0.016306820006354247,0.01132331213661636,0.00859120243367752,0.012626138168387608,0.00782276031612391,0.015527968670373317,0.014442414581413819
Drugs,0.011275476279586973,0.012638943196187455,0.012518505755361396,0.009100364600476567,0.01715744507545671,0.018108099296266878,0.020929847134233518,0.017847931891977763,0.01785966770611596,0.01715576401906275,0.01891370044003177,0.021220987620333597,0.0359676810341541,0.022604715416997618,0.016984425780778398,0.019276111968228753,0.01949815373629865,0.02562421273232725,0.02745206605401113,0.017256931343923747,0.024925273874503575,0.02323978293884035,0.023824673615567914,0.01842391402065131,0.017024726198570293,0.018163522204924544,0.009139515494837172,0.025155081683876097,0.024953803361397933,0.019114692702144557,0.01711758250516283,0.029597887720413024,0.016983802430500395,0.022548732586179506,0.0315769315567911,0.029665077812549637,0.035945024675139006,0.027191676918189044,0.018709350190627482,0.024987448019062743,0.023481228651310564,0.01959472284511517,0.021980480225575853,0.014832768594122322,0.011456219882446387,0.017482201685464653,0.010699366238284354,0.02170278356473391,0.01967819229070691
Chems,0.009367334630659252,0.011679026449563144,0.012727950762509928,0.008543747990468625,0.01571826741064337,0.016083410349483716,0.01938150941223193,0.016533605480540108,0.017766048395552028,0.016667811135822077,0.016085020675139,0.016122437513899922,0.022604715416997618,0.028602719356632247,0.016784927347100874,0.01824111907863384,0.019486978403494833,0.02448189066719618,0.029315688776806997,0.01696557767275616,0.02374086100079428,0.020650232216044482,0.02426951721207308,0.01853314598888006,0.017803918713264495,0.015162257728355832,0.011326998157267674,0.026225862462271647,0.027562632629070695,0.01916375980937252,0.01574955481334392,0.0246564912152502,0.01534437803018268,0.01931834394757744,0.025867144265289913,0.024148757037331214,0.030344201532962665,0.023006256743447185,0.019943951461477368,0.02709551285146942,0.022891651501191424,0.018443671096108023,0.021209602875297853,0.014257878586179511,0.011286031358220809,0.0167202747974583,0.009710019626687844,0.019376502033359812,0.01914564593328038
Rubbr,0.007727495062748211,0.009026675930103256,0.009421375706115965,0.006839085375694996,0.012626502025416996,0.011867138193804604,0.01454917319936457,0.012376381944400312,0.01305609203971406,0.01287056926131851,0.013036107693407462,0.012715982196981734,0.016984425780778398,0.016784927347100874,0.04840850460841936,0.013974951764892773,0.015021330203335981,0.018240469555202532,0.021899437234312945,0.01348349553455123,0.017931228746624304,0.016494973153296264,0.017896382428911832,0.013507046583002384,0.01378261187926926,0.013208498319301033,0.005920307984114382,0.018096956473391584,0.019161723723590155,0.013873257448768864,0.01152945257029388,0.02030655926926132,0.0118298039872915,0.014925144300238285,0.020013512382843525,0.01883553216362192,0.02382461621445591,0.017619107100873707,0.015151445170770453,0.018660384355837965,0.017714863421763306,0.01448797529626688,0.01613260368228753,0.010639139110405083,0.008473471428117553,0.012102573914217632,0.007825432363780778,0.014855778595710878,0.014609217177124701
Txtls,0.008980736635424941,0.009292006875297855,0.009800412505162828,0.007307362961080221,0.010583131977760125,0.013362905747418583,0.01651430672597299,0.01438446304050834,0.014828853731532964,0.014791901604447976,0.013569098725972997,0.014108943173947577,0.019276111968228753,0.01824111907863384,0.013974951764892773,0.044317139532962666,0.015370575803018267,0.021135132581413814,0.022988375542494034,0.014401196320889594,0.019088570192216044,0.016554274312946787,0.01905327177760127,0.015760208902303417,0.012368897518665605,0.013447614443208895,0.011125920629070689,0.020884649118347892,0.02242504912470214,0.016852242929308977,0.013533296978554406,0.021631437807783954,0.014220278602065132,0.01628403023351866,0.02042798468625894,0.019999529042096904,0.02457083239396346,0.019605828848292293,0.015789679491660047,0.021725834459094512,0.018111177416997616,0.014859101070691026,0.017937235501191418,0.012650440698967435,0.009154569664813345,0.013175272031771245,0.007422105493248611,0.0161251589451946,0.0161464095440826
BldMt,0.009339809953931692,0.010496026042891179,0.011108623019857027,0.007587439383637807,0.013089223455123113,0.014957120236695787,0.017458787540905484,0.014410619161239082,0.015070858374900712,0.014786831532962669,0.013700474740270053,0.014443375200953134,0.01949815373629865,0.019486978403494833,0.015021330203335981,0.015370575803018267,0.021663178806989678,0.023665303169181893,0.02530616430023828,0.01621933529308975,0.02095559953613979,0.017980288260524224,0.021396800519459885,0.01707918750119142,0.015658607202541704,0.01461296415567911,0.010659626700555992,0.023136082351072278,0.024601553696584587,0.017296348740270053,0.01395941164257347,0.021028203145353457,0.01331331728355838,0.0168469211771247,0.022057138880063543,0.020835780176330424,0.02560363560127084,0.019275761525019853,0.01717038636219221,0.02197023297220016,0.02025878705639396,0.016320474784749794,0.018813077957108813,0.013015965099285149,0.009887984038125495,0.014762416976965844,0.009165360522637014,0.01697051307069103,0.016680190959491657
Cnstr,0.011949548514694201,0.013471257934868943,0.01552831746624305,0.009773100174741856,0.016793559420174745,0.019400781691818903,0.02214869241461477,0.017964051707704525,0.019643596608419373,0.019612244177918983,0.018232344710087372,0.019236825631453534,0.02562421273232725,0.02448189066719618,0.018240469555202532,0.021135132581413814,0.023665303169181893,0.04723803970611595,0.03295448613979349,0.020053650905480537,0.026760454138204926,0.022604316314535345,0.02782583022239873,0.02106122964257347,0.01806219261318507,0.01831166446386021,0.015614469261318507,0.030611729785544082,0.03274189347100874,0.024066729404289118,0.018650864996028596,0.027212351294678316,0.01882344389197776,0.02207573073073868,0.02855523281175536,0.02719990200953136,0.032981543105639395,0.025127108085782366,0.022129049380460685,0.028614320603653695,0.02557716718030182,0.021221900198570294,0.025647632549642575,0.01671274435266084,0.013173327752184274,0.018958883312152505,0.012944672970611599,0.02273090301826846,0.022238279420174745
Steel,0.011904184079428115,0.014238242735504367,0.015380918320889593,0.009476259755361394,0.020166338816521048,0.019429119550436854,0.023295929818903896,0.019370555370929306,0.021626688309769656,0.020367384733915805,0.01975580396664019,0.020595247620333598,0.02745206605401113,0.029315688776806997,0.021899437234312945,0.022988375542494034,0.02530616430023828,0.03295448613979349,0.051504937205718825,0.021575471375694995,0.031275964136616353,0.026791520540111195,0.0296255225909452,0.02350111630818109,0.023476622497220018,0.021128745016679905,0.025707266821286726,0.04078459958697379,0.045632980422557576,0.03132065629229547,0.019054748716441618,0.03131908012708499,0.018149604305003966,0.02447461768546465,0.03284825640190628,0.03056404685146942,0.0387771235949166,0.028506377537728354,0.024700286187450352,0.03321956576330421,0.029135126888006357,0.024307114346306592,0.02533620807307387,0.01758059328038126,0.013644788969023028,0.019868426006354245,0.012712921806195392,0.024561841896743448,0.02354308431612391
FabPr,0.008792876597299442,0.008915446389197777,0.010459207629864973,0.006016761931691818,0.009980338212867356,0.013126163013502782,0.015010700430500398,0.012098919374106435,0.013203681097696582,0.01347905723590151,0.012741801869737885,0.013412549923749004,0.017256931343923747,0.01696557767275616,0.01348349553455123,0.014401196320889594,0.01621933529308975,0.020053650905480537,0.021575471375694995,0.05225971280540111,0.0187519311898332,0.016989531469420175,0.01809163175694996,0.014845801296266881,0.01450249407783955,0.014816358233518666,0.02216001315965052,0.02196263409054805,0.021932464870532162,0.0157801621858618,0.011403200725972996,0.019288557235901505,0.012409607990468623,0.015359096001588558,0.020363336306592532,0.01887806998093725,0.02335865404765687,0.01757161010325655,0.015063378705321682,0.01943273545353455,0.017627095911040506,0.014976693440826054,0.016525635269261315,0.011937255393169179,0.008830699310563937,0.012922631280381255,0.008231329177124703,0.015581800594122322,0.01515450433200953
Mach ,0.01081900211596505,0.012236289003971404,0.012370012822875299,0.008602549426528988,0.01573256384432089,0.017498758710087367,0.020889437178713263,0.017227736368546458,0.01851654494678316,0.017666944336775216,0.01753122631930103,0.018058427590150913,0.024925273874503575,0.02374086100079428,0.017931228746624304,0.019088570192216044,0.02095559953613979,0.026760454138204926,0.031275964136616353,0.0187519311898332,0.030243930827640982,0.023125073423351857,0.02542114033995234,0.020495803501191418,0.019077528432088958,0.01736819004289118,0.014398517674344717,0.02766873369340746,0.03023691060206512,0.023053542341540906,0.016603731609213662,0.028130728069896745,0.016546368196981732,0.021753551027799838,0.0309441365528197,0.028422352965845908,0.036769291933280386,0.026753932581413814,0.020133911866560758,0.026135229725178705,0.02457149223828435,0.020209572270055605,0.02276295457982526,0.01535007656870532,0.011677354573471008,0.017341337639396347,0.01096996404765687,0.02162655694360603,0.019865278106433678
ElcEq,0.009102609245432883,0.01078806548054011,0.010979470722795868,0.00834469172359015,0.01416021064336775,0.015048055853852261,0.018239004447974577,0.015261952946783163,0.016225508816521045,0.015954673296266875,0.014920128514694203,0.0168970981096108,0.02323978293884035,0.020650232216044482,0.016494973153296264,0.016554274312946787,0.017980288260524224,0.022604316314535345,0.026791520540111195,0.016989531469420175,0.023125073423351857,0.028553714249404283,0.021848991231135824,0.0175908095313741,0.015377743034154097,0.01605175625099285,0.012496577823669579,0.023261048292295465,0.024209914312946786,0.01822080285941223,0.014109464654487685,0.025124432311358212,0.015311343669579027,0.019392862875297852,0.02764581626687847,0.025598397617156467,0.03220698643367752,0.023609104622716447,0.017291004733915805,0.021812831675933283,0.021646439809372517,0.018107139793486896,0.019745872756155677,0.013767649944400322,0.010399210103256553,0.01498918913423352,0.009779690706910248,0.01897064349483717,0.017542570579825254
Autos,0.010847746748212865,0.012320489820492454,0.01343270878951549,0.009596194052422553,0.016424419483717236,0.018111659057982524,0.021725849278792685,0.01846550841302621,0.01951860856393963,0.018486326497220016,0.017355782521048444,0.017358221885623512,0.023824673615567914,0.02426951721207308,0.017896382428911832,0.01905327177760127,0.021396800519459885,0.02782583022239873,0.0296255225909452,0.01809163175694996,0.02542114033995234,0.021848991231135824,0.036368928055599686,0.021459831574265287,0.01926486071803018,0.016669841092930897,0.007558764136616364,0.024631796568705323,0.02574364768228753,0.01758394302779984,0.016786650416203332,0.027592275011914212,0.01655186003177125,0.020883422864177915,0.028217449158061948,0.02621857406354249,0.03298810735980937,0.02480948927720413,0.021499900198570294,0.027329622093725178,0.02591969340111199,0.019676371375694997,0.024470531027799843,0.016599186830818104,0.01203986877839555,0.01827511525178713,0.009989930924543288,0.020926263183478948,0.020438262393963465
Aero ,0.00909138793963463,0.010497977652104843,0.009340755755361394,0.00783188193169182,0.012854744559173946,0.013774701655281968,0.017528327618745034,0.014143786713264495,0.014596032781572676,0.014593679142176328,0.013773082560762508,0.013839121544082605,0.01842391402065131,0.01853314598888006,0.013507046583002384,0.015760208902303417,0.01707918750119142,0.02106122964257347,0.02350111630818109,0.014845801296266881,0.020495803501191418,0.0175908095313741,0.021459831574265287,0.037884142551231126,0.015636496794281172,0.016558754230341543,0.008494048012708498,0.020927121969817313,0.02223641324225576,0.014972417976171565,0.013382660225575849,0.020813320794281175,0.012904087148530582,0.01691434539793487,0.021723437966640186,0.01994721615250199,0.025140263523431294,0.019093743002382837,0.016586753804606832,0.021318444905480533,0.020305827030976966,0.01625203869102462,0.01879612738999206,0.012830107863383634,0.009529931399523432,0.014651470303415407,0.00831152789833201,0.0171698330802224,0.01566751884352661
Ships,0.00852471519618745,0.009302901547259731,0.01081830053375695,0.005443434935663224,0.010987964146147737,0.01286305892613185,0.01370703431612391,0.012427199161239078,0.013243136015885622,0.012494936997617159,0.011917147472597298,0.012177435193010325,0.017024726198570293,0.017803918713264495,0.01378261187926926,0.012368897518665605,0.015658607202541704,0.01806219261318507,0.023476622497220018,0.01450249407783955,0.019077528432088958,0.015377743034154097,0.01926486071803018,0.015636496794281172,0.042886111904686254,0.014241290891183481,0.010630009480540109,0.021351378490865765,0.021104063625099284,0.015007058128673548,0.01162243239714059,0.017417334519459884,0.011605901763304208,0.014973480676727562,0.01893864996028594,0.01785674107386815,0.023014042868943603,0.01716116555996823,0.015101431691818903,0.019344821598093725,0.018581079256552818,0.014589969725178713,0.015503467996822876,0.010381463510722794,0.00868076564257347,0.013106866691024628,0.008192895081810961,0.015475829528196981,0.01424308453375695
Guns ,0.0095028282192216,0.009186416927720412,0.006334820244638602,0.004856599536139794,0.009798419920571882,0.011968003107227957,0.01341194517553614,0.010918864413026213,0.012074058090548057,0.01194186548054011,0.012722604695790308,0.01332992012073074,0.018163522204924544,0.015162257728355832,0.013208498319301033,0.013447614443208895,0.01461296415567911,0.01831166446386021,0.021128745016679905,0.014816358233518666,0.01736819004289118,0.01605175625099285,0.016669841092930897,0.016558754230341543,0.014241290891183481,0.0636333182271644,0.016856157953931694,0.0201863264177919,0.02285922152184273,0.016897439917394758,0.011320263980937249,0.015793604988085786,0.011974955234312946,0.014470434891183478,0.017556786814932484,0.016984136845115173,0.020437502595710883,0.016175035202541703,0.012842444702144564,0.017568273525019853,0.014809709019857033,0.01470384115647339,0.01414375497378872,0.011494012772041304,0.007979321855440829,0.011257826541699763,0.008705592241461477,0.013349594554408262,0.012974463377283559
Gold ,0.009193959256552824,0.006402921918983322,0.0003753918538522632,0.0039687906973788715,0.004478917521842732,0.007778883380460681,0.007804785677521845,0.0045374155424940405,0.006661300308181097,0.007367112438443208,0.00957849205401112,0.010431773833200953,0.009139515494837172,0.011326998157267674,0.005920307984114382,0.011125920629070689,0.010659626700555992,0.015614469261318507,0.025707266821286726,0.02216001315965052,0.014398517674344717,0.012496577823669579,0.007558764136616364,0.008494048012708498,0.010630009480540109,0.016856157953931694,0.2234347671739476,0.05022120791104051,0.03617503568546466,0.03128640006989673,0.010968775421763305,0.009290944718030181,0.008768762922954728,0.009777449328038125,0.009206561938046065,0.00863574759650516,0.012101071980937251,0.010378894233518662,0.00800519704527403,0.013183194046068306,0.009100317814138205,0.012094897194598886,0.006789495517077044,0.005782180714853059,0.006114720069896744,0.0060539522541699755,0.010849481569499603,0.010686886951548846,0.005756168114376491
Mines,0.013520274281175531,0.012994506147736295,0.013756285401111991,0.009241760635424938,0.019048958983320097,0.016484490833995228,0.01980741426528991,0.017017004130262105,0.0183051407466243,0.01822863888800635,0.01836551809372518,0.018762600381254966,0.025155081683876097,0.026225862462271647,0.018096956473391584,0.020884649118347892,0.023136082351072278,0.030611729785544082,0.04078459958697379,0.02196263409054805,0.02766873369340746,0.023261048292295465,0.024631796568705323,0.020927121969817313,0.021351378490865765,0.0201863264177919,0.05022120791104051,0.07382449315329628,0.046472803367752176,0.0327093616203336,0.018155710627482124,0.024169332581413818,0.01728878287529785,0.021565466878474982,0.02570821563145354,0.025782509166004764,0.030538037204130262,0.024150167275615565,0.02093574910246227,0.02973632206513106,0.025402621000794275,0.02185743926926132,0.021463819634630652,0.015145720889594916,0.0126605375694996,0.01765685928514694,0.012107567275615568,0.021907171501191418,0.021649161683876088
Coal ,0.010496837026211278,0.013439923037331216,0.013440040775218423,0.008439599898332003,0.01698960365369341,0.018214064610007942,0.021704545760127085,0.017894245362986498,0.018787196911834787,0.01861871323272438,0.017918554999205714,0.020041439256552815,0.024953803361397933,0.027562632629070695,0.019161723723590155,0.02242504912470214,0.024601553696584587,0.03274189347100874,0.045632980422557576,0.021932464870532162,0.03023691060206512,0.024209914312946786,0.02574364768228753,0.02223641324225576,0.021104063625099284,0.02285922152184273,0.03617503568546466,0.046472803367752176,0.10329394664972198,0.048696996149324864,0.022887797540905475,0.02777293906274822,0.017178236600476567,0.022203594452740272,0.026999857315329626,0.025580942506751383,0.03165661367434472,0.025044109928514687,0.02264781274027005,0.03131278355520254,0.02576244971564734,0.023347386935663222,0.022375775523431292,0.015645704209690223,0.011840259247021442,0.017213942996028596,0.013898663148530579,0.021194988123907868,0.022443916238284352
Oil  ,0.008552271180301827,0.009627393823669582,0.009803611768069894,0.006096297594916602,0.011721885909451946,0.01226381565051628,0.014682012193804606,0.012184414989674345,0.013287835863383633,0.012815680698967435,0.01336208770770453,0.014740956619539317,0.019114692702144557,0.01916375980937252,0.013873257448768864,0.016852242929308977,0.017296348740270053,0.024066729404289118,0.03132065629229547,0.0157801621858618,0.023053542341540906,0.01822080285941223,0.01758394302779984,0.014972417976171565,0.015007058128673548,0.016897439917394758,0.03128640006989673,0.0327093616203336,0.048696996149324864,0.047382943504368544,0.01692218915329627,0.01919081575853852,0.012586564924543289,0.016659400393963464,0.01936039253375695,0.018644334119142177,0.02291811813820492,0.018314306179507547,0.015073236600476566,0.02067785939316918,0.016931937785544082,0.016626712273232723,0.015148954808578233,0.010092245401111994,0.008443612797458297,0.01246357966004766,0.009921992266878473,0.01601838189674345,0.015822586135027794
Util ,0.00781591286100079,0.00899085495472597,0.009008337507545669,0.006843999701350279,0.013617322120730737,0.011975813469420175,0.01388071912152502,0.012486239780778398,0.011828354149324857,0.011266265814138202,0.011880500935663224,0.012015692230341539,0.01711758250516283,0.01574955481334392,0.01152945257029388,0.013533296978554406,0.01395941164257347,0.018650864996028596,0.019054748716441618,0.011403200725972996,0.016603731609213662,0.014109464654487685,0.016786650416203332,0.013382660225575849,0.01162243239714059,0.011320263980937249,0.010968775421763305,0.018155710627482124,0.022887797540905475,0.01692218915329627,0.020330969879269255,0.018315671580619537,0.010586980254169978,0.013812032297061157,0.017516324344718028,0.016361446975377277,0.02028577363145353,0.015188102938840348,0.013355318959491661,0.018573324378077842,0.015991680432088956,0.012842936818109614,0.014545834112787922,0.010035862192216046,0.008586042497220017,0.013162164951548844,0.0072981225718824465,0.014070218773629864,0.014370423509134228
Telcm,0.010873145957108818,0.012698761143764893,0.012394348212867353,0.010014854773629865,0.01622137429706116,0.01992019415409055,0.024326564320889595,0.020691358856235107,0.01978133318506752,0.01912390713264496,0.020239165401111994,0.020563821350277997,0.029597887720413024,0.0246564912152502,0.02030655926926132,0.021631437807783954,0.021028203145353457,0.027212351294678316,0.03131908012708499,0.019288557235901505,0.028130728069896745,0.025124432311358212,0.027592275011914212,0.020813320794281175,0.017417334519459884,0.015793604988085786,0.009290944718030181,0.024169332581413818,0.02777293906274822,0.01919081575853852,0.018315671580619537,0.04499098827640985,0.019313910405083397,0.024830747799841138,0.036515066783161236,0.03398975971405878,0.042367239459888795,0.029779075806195394,0.020931651278792696,0.0285808101350278,0.026675692231930098,0.0214521530420969,0.025224290992851468,0.016458904241461476,0.012687611914217634,0.01893905947577442,0.010955670500397138,0.024549563494837178,0.02189167729944401
PerSv,0.007544786052422557,0.008011445559968229,0.008967711278792694,0.006434416806989674,0.011615461270849881,0.012202225432883244,0.014682196743447182,0.012346928387609214,0.012849540571882444,0.012037072279586974,0.011414146799046862,0.012808296409849087,0.016983802430500395,0.01534437803018268,0.0118298039872915,0.014220278602065132,0.01331331728355838,0.01882344389197776,0.018149604305003966,0.012409607990468623,0.016546368196981732,0.015311343669579027,0.01655186003177125,0.012904087148530582,0.011605901763304208,0.011974955234312946,0.008768762922954728,0.01728878287529785,0.017178236600476567,0.012586564924543289,0.010586980254169978,0.019313910405083397,0.021536385544082604,0.014934159602859412,0.019252216822875295,0.018532554233518662,0.022646251326449558,0.01719281111993646,0.01344602187450357,0.01722273642573471,0.016352287084988083,0.013338763860206508,0.01588363691818904,0.010758299698173152,0.008287578077839555,0.012183117601270851,0.007632120778395553,0.014326738617950753,0.013008367355043687
BusSv,0.009816239990468626,0.010420415609213656,0.010326550546465448,0.007472229464654485,0.013916232938840348,0.01501870683240667,0.018046513205718824,0.015099357073868147,0.015343296605242257,0.01528692405083399,0.015507120366957904,0.016320131328038123,0.022548732586179506,0.01931834394757744,0.014925144300238285,0.01628403023351866,0.0168469211771247,0.02207573073073868,0.02447461768546465,0.015359096001588558,0.021753551027799838,0.019392862875297852,0.020883422864177915,0.01691434539793487,0.014973480676727562,0.014470434891183478,0.009777449328038125,0.021565466878474982,0.022203594452740272,0.016659400393963464,0.013812032297061157,0.024830747799841138,0.014934159602859412,0.020704738775218435,0.025899989475774425,0.02441096536775218,0.029946136408260524,0.022323219221604452,0.016637076671961872,0.021910685280381252,0.020626060441620336,0.016923307772835586,0.019443065490071482,0.013259602875297852,0.010029991529785542,0.015011020131850674,0.00912301466401906,0.01839007898649722,0.016926762686258933
Hardw,0.011697365194598889,0.012734203224781573,0.012662610905480537,0.01005201035742653,0.018305257911040505,0.02094376510722797,0.024328668395552023,0.02016248554408261,0.020938500214455917,0.02009839782366958,0.02046989273232724,0.021860467505957108,0.0315769315567911,0.025867144265289913,0.020013512382843525,0.02042798468625894,0.022057138880063543,0.02855523281175536,0.03284825640190628,0.020363336306592532,0.0309441365528197,0.02764581626687847,0.028217449158061948,0.021723437966640186,0.01893864996028594,0.017556786814932484,0.009206561938046065,0.02570821563145354,0.026999857315329626,0.01936039253375695,0.017516324344718028,0.036515066783161236,0.019252216822875295,0.025899989475774425,0.0477674814853058,0.03820792710881653,0.049264642422557584,0.033267269737887205,0.022023862184273237,0.028806275266084192,0.028147548181096108,0.023137386934074654,0.026392358173153295,0.017007221938046067,0.012884384559173942,0.019118205250198566,0.011664241262907068,0.025500222128673544,0.022724803200953138
Softw,0.011215110395552024,0.012412640644956311,0.01215358314376489,0.009785073245432882,0.016569507188244643,0.019663487356632252,0.023133037939634626,0.018872874786338364,0.019641602244638595,0.019077116711675935,0.019410759922160445,0.02089707496584591,0.029665077812549637,0.024148757037331214,0.01883553216362192,0.019999529042096904,0.020835780176330424,0.02719990200953136,0.03056404685146942,0.01887806998093725,0.028422352965845908,0.025598397617156467,0.02621857406354249,0.01994721615250199,0.01785674107386815,0.016984136845115173,0.00863574759650516,0.025782509166004764,0.025580942506751383,0.018644334119142177,0.016361446975377277,0.03398975971405878,0.018532554233518662,0.02441096536775218,0.03820792710881653,0.036951548497220016,0.043704316265289915,0.030540581985702926,0.020409609888800636,0.02648487597140588,0.026013129512311356,0.021454880068308178,0.02491338730103257,0.016202211326449563,0.012285772784749798,0.018179216764098494,0.010821450438443207,0.0240261463415409,0.02112677440984909
Chips,0.013819640212867352,0.01487784045432883,0.01453363860047657,0.011710482077839557,0.020014701961874503,0.02391172870691025,0.02840899414297061,0.02328844282446386,0.024590411633042097,0.023150485067513892,0.023497422781572682,0.02483907358379666,0.035945024675139006,0.030344201532962665,0.02382461621445591,0.02457083239396346,0.02560363560127084,0.032981543105639395,0.0387771235949166,0.02335865404765687,0.036769291933280386,0.03220698643367752,0.03298810735980937,0.025140263523431294,0.023014042868943603,0.020437502595710883,0.012101071980937251,0.030538037204130262,0.03165661367434472,0.02291811813820492,0.02028577363145353,0.042367239459888795,0.022646251326449558,0.029946136408260524,0.049264642422557584,0.043704316265289915,0.060147882603653675,0.03935977302621128,0.025430963804606833,0.03267979670214456,0.03244119836060364,0.02687722111675934,0.03041678650675138,0.019621543431294682,0.015015997280381253,0.0220487502192216,0.013269903258141383,0.0298992055949166,0.02611449738046068
LabEq,0.010895288895949167,0.011655420746624302,0.011903333280381252,0.009230113328038124,0.014992288578236696,0.017716874853057986,0.02109993747418586,0.017574915297855435,0.018243288895949165,0.01742476937251787,0.017720759904686252,0.019246709547259728,0.027191676918189044,0.023006256743447185,0.017619107100873707,0.019605828848292293,0.019275761525019853,0.025127108085782366,0.028506377537728354,0.01757161010325655,0.026753932581413814,0.023609104622716447,0.02480948927720413,0.019093743002382837,0.01716116555996823,0.016175035202541703,0.010378894233518662,0.024150167275615565,0.025044109928514687,0.018314306179507547,0.015188102938840348,0.029779075806195394,0.01719281111993646,0.022323219221604452,0.033267269737887205,0.030540581985702926,0.03935977302621128,0.03276605826846702,0.019558776552819696,0.025064917807783957,0.02410555504368546,0.019815075075456715,0.0226615007466243,0.015153773598093726,0.011366926576648133,0.016781215599682285,0.01003211882446386,0.021984676918189037,0.019111667672756155
