,Agric,Food ,Soda ,Beer ,Smoke,Toys ,Fun  ,Books,Hshld,Clths,Hlth ,MedEq,Drugs,Chems,Rubbr,Txtls,BldMt,Cnstr,Steel,FabPr,Mach ,ElcEq,Autos,Aero ,Ships,Guns ,Gold ,Mines,Coal ,Oil  ,Util ,Telcm,PerSv,BusSv,Hardw,Softw,Chips,LabEq,Paper,Boxes,Trans,Whlsl,Rtail,Meals,Banks,Insur,RlEst,Fin  ,Other
Agric,0.030208797679110395,0.006047632808578235,0.00646076429070691,0.0037586447084988076,0.006911649307386814,0.007767707890389199,0.008928844942017476,0.008107123710881651,0.00795581398093725,0.007195033658459093,0.008421450233518665,0.008936148052422556,0.011239201229547259,0.0094201251898332,0.008002390746624304,0.009043989626687848,0.009253662305003971,0.012001943037331214,0.011917014319301032,0.009064565084988084,0.01080522260206513,0.009103698014297062,0.010941669707704528,0.009028223756949961,0.008446898058776808,0.009300224073073867,0.008223744624305002,0.013725562146147735,0.010173810152501985,0.008136929652104845,0.007726673852263702,0.011023401016679904,0.007655976814932485,0.009717127777601272,0.0117084698649722,0.011196509275615567,0.013826639766481331,0.010738463046862587,0.00846356946147736,0.010561137555202544,0.010308519393169183,0.008657230575059573,0.00962474806036537,0.007523530698967436,0.00550153777124702,0.0081700611898332,0.005374040654487689,0.009357768700556,0.00839186173629865
Food ,0.006047632808578235,0.011853480112787924,0.007616313593328037,0.005073933420174742,0.010069104452740268,0.008371876980142969,0.010961678756155675,0.00945787731850675,0.009657433752184273,0.009173975688641782,0.009375213111993644,0.009369752522637014,0.01286243021127879,0.011789816185861793,0.009134382565528197,0.009509787783955519,0.01058176423669579,0.013570408854646544,0.014339327018268466,0.008916680074662429,0.012384888031771242,0.010878505289912629,0.012534192449563143,0.010508994416203335,0.009301719739475772,0.008970149766481333,0.006261123823669579,0.013113919995234315,0.013706119105639396,0.00970012557903098,0.009034960492454332,0.012835973280381253,0.008025463915806193,0.010539773521842733,0.013028910627482126,0.012633347232724383,0.015171672265289912,0.011808841741064339,0.009979693458300236,0.013098911194598887,0.01213663000158856,0.009676371293089753,0.01146856541382049,0.00812269208101668,0.0062250285766481325,0.009743442880063543,0.005826063326449562,0.01026259221445592,0.00982878465607625
Soda ,0.00646076429070691,0.007616313593328037,0.039755337154884815,0.007546668619539317,0.011113753138999203,0.008985253253375694,0.010996511690230342,0.009653534335186655,0.010802408640190626,0.009327341051628276,0.009187904587768067,0.009390755680698967,0.012619745871326448,0.012734519861795076,0.009491158165210484,0.01003035760127085,0.011120124795869737,0.015457318312946786,0.015309798833995233,0.010408369911040508,0.012369813712470215,0.010884234281175534,0.013598321618745033,0.00935018027799841,0.010828726627482129,0.006264856308181094,-0.00028619383796663913,0.013826986098490864,0.013457352738681493,0.009693446011119936,0.008968008467037334,0.012408568069896743,0.008904533590150912,0.010310801976171563,0.012675672057188243,0.012193997475774421,0.014560933196187446,0.011904092092136616,0.010486415351866557,0.01348281694837172,0.012012729312152502,0.009754082435266086,0.012057240438443206,0.008323709618745036,0.006316866486100078,0.009730237110405084,0.006520882903891978,0.011468163817315332,0.010000542838760921
Beer ,0.0037586447084988076,0.005073933420174742,0.007546668619539317,0.02646331346147736,0.0071491941922160445,0.006608123132644957,0.0073547945925337595,0.007090032590945193,0.0066300081906274805,0.00730030133121525,0.006495348962668783,0.006925749966640192,0.009156533795075455,0.008455097683876093,0.006788692263701351,0.007461712470214458,0.007745468079428117,0.009771990551231135,0.009546268632247813,0.006126913988880062,0.008714966366957903,0.008452374932486097,0.00974492189992057,0.007879133725178712,0.005450565096108023,0.004932794573471009,0.0038693027100873702,0.00931381619698173,0.008239401741064337,0.006200356212867353,0.006974037267672756,0.010054245274027004,0.006523087911040508,0.007568913925337567,0.010136007243844319,0.009802372270055598,0.011858061172359016,0.009316120934074662,0.007984067285146942,0.008481966252581411,0.009145730243050038,0.007157327294678319,0.00935201824305004,0.006189439110405083,0.004217270646544876,0.006994571221604446,0.004405908676727561,0.007626178922954727,0.007641762395552028
Smoke,0.006911649307386814,0.010069104452740268,0.011113753138999203,0.0071491941922160445,0.06418726586020651,0.012949137564733917,0.013778222225575853,0.011976355386814934,0.011285047658459096,0.011485327796664018,0.012243599113582207,0.01249078090389198,0.017635409871326446,0.016018988382843526,0.012945323137410644,0.010983391405877679,0.013440705640984905,0.017021573728355836,0.02052562626528991,0.010391348945194598,0.016065946065131054,0.014574454455917395,0.016872376046068307,0.013101488506751392,0.011332059583796664,0.009750236654487685,0.004242470311358217,0.01958274012867355,0.017705435633042096,0.012112664711675927,0.013808918745035743,0.016574349388403492,0.011716118578236694,0.014186680756155676,0.018598710595710877,0.016950962873709296,0.02042144516759333,0.015289739742652901,0.01376664968387609,0.01809742473550437,0.016432540012708496,0.01321050085305798,0.0153869589579031,0.010723417720413027,0.008840977834789515,0.013564947988880064,0.007762507691818901,0.014631009812549643,0.013288370139793485
Toys ,0.007767707890389199,0.008371876980142969,0.008985253253375694,0.006608123132644957,0.012949137564733917,0.02740658810325655,0.015678964246227167,0.013149237788721206,0.012519939035742651,0.012669088679904685,0.012171343138999207,0.01354669848610008,0.018344189709293086,0.016083696872120728,0.011934483788721206,0.013399338252581414,0.014949630981731531,0.01950182545830024,0.019365395332803813,0.01321882418268467,0.01756186955361398,0.015190860428911835,0.01845256280063542,0.014016572430500397,0.012777863866560761,0.012157127056393964,0.007116179671167596,0.01658280052899126,0.01809297860683082,0.012080902189038917,0.011948127545671167,0.020147702525814142,0.012377084725972995,0.015132513436060365,0.021078779952343127,0.01983711750119142,0.02420831672597299,0.017912158322478156,0.013884161918983319,0.019237084627482127,0.017221532444797454,0.014051811788721206,0.016421356460683083,0.011270149205718822,0.008341844449563143,0.012749863887212075,0.007700894163621921,0.015191752646544876,0.014333417456711678
Fun  ,0.008928844942017476,0.010961678756155675,0.010996511690230342,0.0073547945925337595,0.013778222225575853,0.015678964246227167,0.027931559235901512,0.015944444168387605,0.016152466352660842,0.015848227088165214,0.01543128384114376,0.015703240907069097,0.02116549745194599,0.01941451955996823,0.014650589253375689,0.016729894503574264,0.017491834168387607,0.022245690735504368,0.023288940915011914,0.014970663048451151,0.021041314872120728,0.018350437426528986,0.02192677358061954,0.017552564662430496,0.013745368629070687,0.013104623552025416,0.007292146797458299,0.019833442762509926,0.02139098694042891,0.014561346185861796,0.014033817490071484,0.024664274535345507,0.014861863486894356,0.018214221737887216,0.02473760937251787,0.023428064878474986,0.028823599073868156,0.021267918398729147,0.016607285375694992,0.022197665161239073,0.021257125150119148,0.016480543706115965,0.02089567071644162,0.01455334362986497,0.010067567884034949,0.01588418959650516,0.008958645826846703,0.01831986667672756,0.017715604141382048
Books,0.008107123710881651,0.00945787731850675,0.009653534335186655,0.007090032590945193,0.011976355386814934,0.013149237788721206,0.015944444168387605,0.024334350347895158,0.01323539803653693,0.01268523414138205,0.013048567891977761,0.013442212098490863,0.018134580581413824,0.016547931545671163,0.012400518633836378,0.014497731850675141,0.014401985137410644,0.018111953404289113,0.01923722197934869,0.01204427165051628,0.017333122370135026,0.015451811723590149,0.018694925661636216,0.014354689944400317,0.0122573242446386,0.011090803710881652,0.0037936352406671967,0.017042965915806195,0.017690859164416206,0.01200340245274027,0.012531903764892771,0.021056978459094516,0.012569249880857824,0.015213586884829228,0.020535393455123112,0.019157879580619538,0.023739077890389194,0.017845868835583794,0.014594620117553612,0.019325172238284356,0.017369871536139794,0.013440638487688642,0.017568739119936453,0.011689972041302617,0.008593061966640189,0.013679001645750595,0.007376578312946784,0.01524794514376489,0.014713566691024624
Hshld,0.00795581398093725,0.009657433752184273,0.010802408640190626,0.0066300081906274805,0.011285047658459096,0.012519939035742651,0.016152466352660842,0.01323539803653693,0.021245223286735504,0.013914758462271642,0.012872362570293883,0.013119593424940432,0.01821276153455123,0.017877513825258144,0.013278746219221604,0.01526386737092931,0.015217225669579032,0.019788434214455915,0.02180099715011914,0.013171306114376488,0.018781392584590946,0.01650511904686259,0.019870140840349482,0.01465029783161239,0.013348756778395551,0.011689570779984112,0.00665470640031771,0.018419619744241462,0.01872548312787927,0.013442554732327241,0.012062899523431293,0.020195184209690232,0.01307877762509928,0.015566835558379665,0.02148522675139,0.020106228548054012,0.025102549590150913,0.018459738954725968,0.015324641023034151,0.020278723858617953,0.018169944308181096,0.014618335143764892,0.017942854576648137,0.012440397974583003,0.008760092570293884,0.013601825736298647,0.007811811259729944,0.015447399941223192,0.01475481283081811
Clths,0.007195033658459093,0.009173975688641782,0.009327341051628276,0.00730030133121525,0.011485327796664018,0.012669088679904685,0.015848227088165214,0.01268523414138205,0.013914758462271642,0.020245806093725175,0.01212368115011914,0.012717474135027797,0.017449811132644953,0.016706287313741068,0.01312925598093725,0.015124849467831613,0.014821330948371719,0.019735885185067515,0.02052436363463065,0.013409710233518663,0.01784174868308181,0.016123859221604447,0.018711013235901505,0.014690578967434469,0.01243846674503574,0.011519844047656871,0.007067592425734707,0.018483252250992847,0.01863101825575854,0.01272621609531374,0.01130120562351072,0.01944951955520255,0.012264423383637802,0.015458634903891974,0.02051760584590945,0.019432385080222398,0.023567437451945988,0.01756178518824464,0.014109761003971407,0.019221382799046862,0.017920114878474985,0.014194383803018264,0.018831162935663222,0.012082847275615568,0.008488075335980937,0.01273317942494043,0.007885513525019856,0.01491740200794281,0.014397244060365365
Hlth ,0.008421450233518665,0.009375213111993644,0.009187904587768067,0.006495348962668783,0.012243599113582207,0.012171343138999207,0.01543128384114376,0.013048567891977761,0.012872362570293883,0.01212368115011914,0.022369804155679105,0.014239586563939631,0.019159015396346298,0.016038385744241462,0.013050980730738682,0.013759164829229545,0.013775750497220017,0.018272051780778394,0.019742479606036534,0.012613645048451149,0.01755779165051628,0.014985202541699758,0.017738903571088163,0.014135729166004767,0.011898533318506748,0.012659634872120731,0.008998670878474979,0.0184865923081811,0.018020550624305003,0.013388321823669579,0.011998788085782365,0.020358029451945987,0.011437823780778398,0.015586447034154087,0.02048060654487688,0.019518363021445592,0.023613968854646537,0.01787166685305798,0.013997195628276409,0.018466624651310562,0.016812666281175538,0.014067553782366956,0.01660041523749007,0.011269241985702935,0.008574561312152503,0.013854087088165209,0.007686524759332805,0.014970591621922161,0.013096225057982526
MedEq,0.008936148052422556,0.009369752522637014,0.009390755680698967,0.006925749966640192,0.01249078090389198,0.01354669848610008,0.015703240907069097,0.013442212098490863,0.013119593424940432,0.012717474135027797,0.014239586563939631,0.01945894808419381,0.02155152456552819,0.01620559759650516,0.012863174384432088,0.014199838808578235,0.014561466022239873,0.01941031666719619,0.02069405794122319,0.013436411216838758,0.018298890687847496,0.01714278125496426,0.0176777094217633,0.014024236401906276,0.012196287256552817,0.0131216824050834,0.010091656745035742,0.018981028357426526,0.02010237263065925,0.014825871383637808,0.012127015011914221,0.02092064082605242,0.013026018181096105,0.01657200164575059,0.022337641779189833,0.02129281011755362,0.025333528090548042,0.019526185556791097,0.013992672400317709,0.01824387363145354,0.017327540775218423,0.014683514578236698,0.016551513429706115,0.011496759483717237,0.008601169733121524,0.012798342683081812,0.007924213362986498,0.015603963998411435,0.014700223324860998
Drugs,0.011239201229547259,0.01286243021127879,0.012619745871326448,0.009156533795075455,0.017635409871326446,0.018344189709293086,0.02116549745194599,0.018134580581413824,0.01821276153455123,0.017449811132644953,0.019159015396346298,0.02155152456552819,0.036583003215250195,0.022843534522637005,0.017282992422557587,0.01973948883240667,0.019787453480540108,0.02604117619062748,0.027736025232724382,0.017348021995234306,0.025346719663224784,0.02364234767275615,0.0245407751008737,0.018854673693407466,0.017106521251787132,0.017823141579030973,0.008508441026211278,0.025432289318506753,0.02543679413185068,0.01934807452899126,0.01731685258141382,0.030187277013502767,0.017254654598888006,0.022953721486894355,0.03232904759332804,0.030279589791898334,0.036781949385226366,0.027683539901509128,0.019104603011914214,0.02548870733280381,0.02401070133121525,0.01968575959015091,0.02241000690071485,0.015165600619539315,0.011535002544876886,0.017845439323272434,0.010925506865766479,0.021889594093725175,0.020064555135822077
Chems,0.0094201251898332,0.011789816185861793,0.012734519861795076,0.008455097683876093,0.016018988382843526,0.016083696872120728,0.01941451955996823,0.016547931545671163,0.017877513825258144,0.016706287313741068,0.016038385744241462,0.01620559759650516,0.022843534522637005,0.02834693415567911,0.016843033542494043,0.018564113756949954,0.019449956684670373,0.024463184314535338,0.029229251218427326,0.016676652983320092,0.02375185303256552,0.020696207116759336,0.024546366120730738,0.01851886045274027,0.017636470220810163,0.014914496301826844,0.010851050822875297,0.02604001900397141,0.027280674762509935,0.01889160560444797,0.01576585647339158,0.02489013207307387,0.01536226177124702,0.019395769289912625,0.026250776171564728,0.024427321329626682,0.030727634867355042,0.023163186725972996,0.020055841601270847,0.027407453380460682,0.022980734033359807,0.0183723742827641,0.021302821178713266,0.014365259499602863,0.011283240430500397,0.016807188827640984,0.009617260613185064,0.01943878430659253,0.01925824295313741
Rubbr,0.008002390746624304,0.009134382565528197,0.009491158165210484,0.006788692263701351,0.012945323137410644,0.011934483788721206,0.014650589253375689,0.012400518633836378,0.013278746219221604,0.01312925598093725,0.013050980730738682,0.012863174384432088,0.017282992422557587,0.016843033542494043,0.04871121555996822,0.014274099841143759,0.015071332748212866,0.018284468324066723,0.02202168910246227,0.013667973161239074,0.018095148880063538,0.016728539698173152,0.018127548697378867,0.013617956179507543,0.013913678061953932,0.01286257853852264,0.005931361183478951,0.018304061564733912,0.019125759007148534,0.013834541032565529,0.011670447386814933,0.02060524765687053,0.011935353145353456,0.015089991644162033,0.020402214551231142,0.019128464344718026,0.024186946854646542,0.01774993588562351,0.015256065798252587,0.018779748395552024,0.017934118077839557,0.014562087903097695,0.016373578586179507,0.010794612795869738,0.008489764090548052,0.012254117259729948,0.007844681747418585,0.01491638389992057,0.014678711032565527
Txtls,0.009043989626687848,0.009509787783955519,0.01003035760127085,0.007461712470214458,0.010983391405877679,0.013399338252581414,0.016729894503574264,0.014497731850675141,0.01526386737092931,0.015124849467831613,0.013759164829229545,0.014199838808578235,0.01973948883240667,0.018564113756949954,0.014274099841143759,0.04518822681493249,0.01567833135822081,0.02149794691024623,0.023438735599682282,0.014832016822875297,0.019435604988085775,0.016827719809372515,0.01970002146147736,0.016131846719618738,0.012632082223987292,0.013380342176330415,0.010528420413026212,0.021398922462271645,0.0229511762192216,0.017199237617156474,0.013753664368546465,0.02195657556791104,0.014499231183478949,0.01650766408260524,0.020642486830818107,0.020207770055599688,0.024945923542494045,0.019839505448768863,0.016087114408260522,0.022329743018268466,0.018483723526608414,0.014992538983320095,0.01833402691024623,0.012924971771247018,0.009268154773629864,0.013486029817315327,0.007703178490865766,0.016293254154090553,0.016478529769658464
BldMt,0.009253662305003971,0.01058176423669579,0.011120124795869737,0.007745468079428117,0.013440705640984905,0.014949630981731531,0.017491834168387607,0.014401985137410644,0.015217225669579032,0.014821330948371719,0.013775750497220017,0.014561466022239873,0.019787453480540108,0.019449956684670373,0.015071332748212866,0.01567833135822081,0.02171774878316124,0.023662860616362188,0.02540756064495631,0.015992059823669576,0.02106871433200953,0.01811144517871326,0.02168491119777601,0.017195270095313738,0.015631029471008733,0.014288033337569499,0.010369871007148528,0.023173150895949162,0.024234068354249398,0.017268444962668786,0.014083593280381251,0.021279004956314535,0.013372507029388402,0.017009037528196977,0.022406236791104043,0.021076414918189037,0.025967371798252585,0.019488207358220808,0.017303786725972988,0.022209561602859407,0.020375889471008737,0.016273723992057187,0.01893295529150119,0.01311331231930103,0.009864740195393169,0.01490246030341541,0.009218548670373312,0.016963845469420178,0.01678463198888006
Cnstr,0.012001943037331214,0.013570408854646544,0.015457318312946786,0.009771990551231135,0.017021573728355836,0.01950182545830024,0.022245690735504368,0.018111953404289113,0.019788434214455915,0.019735885185067515,0.018272051780778394,0.01941031666719619,0.02604117619062748,0.024463184314535338,0.018284468324066723,0.02149794691024623,0.023662860616362188,0.04738617473550436,0.03289225650833995,0.020004087876092137,0.026932143930103257,0.022719208387609217,0.028277292959491655,0.021311581397934865,0.017908465232724383,0.018037281988880056,0.015237910243050042,0.030513888479745833,0.032307144524225576,0.02391854037807784,0.018750875679110404,0.027540900428911837,0.01910106085782367,0.02231492122001589,0.029010130992851466,0.027492559272438447,0.033522544835583805,0.02537980566163622,0.022259446779984114,0.028899660171564735,0.025839094430500403,0.021235256625893567,0.025848041639396347,0.016899123288324068,0.013168294147736296,0.019115865038919776,0.0129325540841938,0.02276200128038125,0.022536532127084983
Steel,0.011917014319301032,0.014339327018268466,0.015309798833995233,0.009546268632247813,0.02052562626528991,0.019365395332803813,0.023288940915011914,0.01923722197934869,0.02180099715011914,0.02052436363463065,0.019742479606036534,0.02069405794122319,0.027736025232724382,0.029229251218427326,0.02202168910246227,0.023438735599682282,0.02540756064495631,0.03289225650833995,0.05177959199999999,0.021307802297061154,0.03140763600953137,0.026971997776012713,0.02992598755520254,0.02371511652104845,0.02341746117235901,0.02030312896584591,0.025625532495631452,0.04090905427482129,0.044997380406671963,0.031055408635424938,0.01914365366163622,0.03172086042891184,0.01822912112787927,0.0246472047593328,0.033281003208895946,0.030864064517871322,0.03926571043367753,0.02864520932168388,0.024850830652899124,0.033343677436060364,0.029378451545671164,0.024249824721207302,0.025481764708498805,0.017676436489277206,0.013608436031771242,0.02000032393010326,0.012800161830023828,0.024479519590150906,0.02357297502462271
FabPr,0.009064565084988084,0.008916680074662429,0.010408369911040508,0.006126913988880062,0.010391348945194598,0.01321882418268467,0.014970663048451151,0.01204427165051628,0.013171306114376488,0.013409710233518663,0.012613645048451149,0.013436411216838758,0.017348021995234306,0.016676652983320092,0.013667973161239074,0.014832016822875297,0.015992059823669576,0.020004087876092137,0.021307802297061154,0.052454674787926925,0.018630240940428915,0.017009985480540113,0.01801934354090548,0.014662084297061154,0.014136394014297058,0.015550626252581414,0.021297445208895954,0.021811990800635422,0.02178211035583797,0.015477877305798252,0.011486094535345513,0.019127597204130254,0.012417015559968226,0.0152383189579031,0.020330543320095314,0.018730918555996824,0.02336810908181096,0.017368408787926923,0.01492435914853058,0.019044689799841138,0.01750371987609214,0.014855967931691819,0.016509524028594118,0.01175259924543288,0.00874938308657665,0.01296516238443209,0.008104851640984907,0.015320245024622717,0.01518082169499603
Mach ,0.01080522260206513,0.012384888031771242,0.012369813712470215,0.008714966366957903,0.016065946065131054,0.01756186955361398,0.021041314872120728,0.017333122370135026,0.018781392584590946,0.01784174868308181,0.01755779165051628,0.018298890687847496,0.025346719663224784,0.02375185303256552,0.018095148880063538,0.019435604988085775,0.02106871433200953,0.026932143930103257,0.03140763600953137,0.018630240940428915,0.030510914719618733,0.02336672981731533,0.025796290185861798,0.020557323113582205,0.019017060708498807,0.016897890052422558,0.013965808915011911,0.02767607185385227,0.02999097009054805,0.02298229669896744,0.01675102973788721,0.028603251850675138,0.016776229896743447,0.022054784800635423,0.03164848501985703,0.02893433059253375,0.037472254735504376,0.027057711923749006,0.020375297366163614,0.026503910583002374,0.024892313512311352,0.020270524422557584,0.02307068849563145,0.015553023097696586,0.011682535478951544,0.01754659016362192,0.011006041849086575,0.021732316670373307,0.020131598277998417
ElcEq,0.009103698014297062,0.010878505289912629,0.010884234281175534,0.008452374932486097,0.014574454455917395,0.015190860428911835,0.018350437426528986,0.015451811723590149,0.01650511904686259,0.016123859221604447,0.014985202541699758,0.01714278125496426,0.02364234767275615,0.020696207116759336,0.016728539698173152,0.016827719809372515,0.01811144517871326,0.022719208387609217,0.026971997776012713,0.017009985480540113,0.02336672981731533,0.028899987863383634,0.022247254519459886,0.017684901413820495,0.015333285591739472,0.0157010239872915,0.012374993391580612,0.023459654519459888,0.023901374678316125,0.018131880476568704,0.014341785353455124,0.025652212613185066,0.015485258745035743,0.019655996314535344,0.028310854392374893,0.02608448177918984,0.03291095088165211,0.023909350595710883,0.01747671193010325,0.022083962287529783,0.021950153550436852,0.018147335123113575,0.02006272333598093,0.013928637331215252,0.010422176108022239,0.015198746338363782,0.009900609150119137,0.019034136457505953,0.017669367212073076
Autos,0.010941669707704528,0.012534192449563143,0.013598321618745033,0.00974492189992057,0.016872376046068307,0.01845256280063542,0.02192677358061954,0.018694925661636216,0.019870140840349482,0.018711013235901505,0.017738903571088163,0.0176777094217633,0.0245407751008737,0.024546366120730738,0.018127548697378867,0.01970002146147736,0.02168491119777601,0.028277292959491655,0.02992598755520254,0.01801934354090548,0.025796290185861798,0.022247254519459886,0.03735624981572676,0.021775702692613183,0.019364067723590145,0.016142296689436057,0.00692721979189833,0.024950317726767274,0.02570551016521049,0.017734407631453536,0.01705180853057982,0.028137239428117546,0.01688369139793487,0.021258353525019848,0.028777026783161234,0.02669316093884035,0.03379156785861795,0.025324949312152498,0.02187055886258936,0.02791017189674344,0.02656894840667196,0.01978083970293884,0.02486138858776807,0.016870800166799045,0.012141056986497218,0.018633580748212863,0.010240451418586179,0.02110161141064337,0.020699970543288326
Aero ,0.009028223756949961,0.010508994416203335,0.00935018027799841,0.007879133725178712,0.013101488506751392,0.014016572430500397,0.017552564662430496,0.014354689944400317,0.01465029783161239,0.014690578967434469,0.014135729166004767,0.014024236401906276,0.018854673693407466,0.01851886045274027,0.013617956179507543,0.016131846719618738,0.017195270095313738,0.021311581397934865,0.02371511652104845,0.014662084297061154,0.020557323113582205,0.017684901413820495,0.021775702692613183,0.03905065530579825,0.015598486862589358,0.016838719062748215,0.007915576592533759,0.021192066711675936,0.022596811143764887,0.01482084991262907,0.01338269062748213,0.021279550532168387,0.012998717942811754,0.017051039682287526,0.021906475202541697,0.020235402676727562,0.02541117287529786,0.0193745008101668,0.01680603745830024,0.02145805937251787,0.02045795124702145,0.016179367934868943,0.01884494319301033,0.013038896830818113,0.009528948046068304,0.014984443359809373,0.008339403907863384,0.01704357414614774,0.015805443169181886
Ships,0.008446898058776808,0.009301719739475772,0.010828726627482129,0.005450565096108023,0.011332059583796664,0.012777863866560761,0.013745368629070687,0.0122573242446386,0.013348756778395551,0.01243846674503574,0.011898533318506748,0.012196287256552817,0.017106521251787132,0.017636470220810163,0.013913678061953932,0.012632082223987292,0.015631029471008733,0.017908465232724383,0.02341746117235901,0.014136394014297058,0.019017060708498807,0.015333285591739472,0.019364067723590145,0.015598486862589358,0.04263344510881653,0.014001122173153297,0.010218741528196983,0.021018247675933275,0.020599036174741864,0.014859928946783162,0.01167646354249404,0.017406207593328032,0.011609294297061158,0.014940727961874501,0.019027648578236696,0.01785815483399523,0.02306381527561557,0.01707929073232724,0.015121546865766482,0.019525676301826847,0.01860516780937252,0.01451194898173153,0.01548388913105639,0.010278928451151708,0.008658437305798253,0.013117953753772837,0.008197165725178712,0.015337081086576644,0.014222049588562354
Guns ,0.009300224073073867,0.008970149766481333,0.006264856308181094,0.004932794573471009,0.009750236654487685,0.012157127056393964,0.013104623552025416,0.011090803710881652,0.011689570779984112,0.011519844047656871,0.012659634872120731,0.0131216824050834,0.017823141579030973,0.014914496301826844,0.01286257853852264,0.013380342176330415,0.014288033337569499,0.018037281988880056,0.02030312896584591,0.015550626252581414,0.016897890052422558,0.0157010239872915,0.016142296689436057,0.016838719062748215,0.014001122173153297,0.06600588556632246,0.01590380941382049,0.019463388476568706,0.023014491669579033,0.016560473003971402,0.01117581026211279,0.015192275647339154,0.0115904268943606,0.014057634624305003,0.01673475498014297,0.016284430808578238,0.019704616327243844,0.015962208876886413,0.012648278659253376,0.016980857070691024,0.013914728463860205,0.014511094999205719,0.013864526964257343,0.011196320111199363,0.007835348501985704,0.011237498163621918,0.008458282465448767,0.01311347692136616,0.013057345000794281
Gold ,0.008223744624305002,0.006261123823669579,-0.00028619383796663913,0.0038693027100873702,0.004242470311358217,0.007116179671167596,0.007292146797458299,0.0037936352406671967,0.00665470640031771,0.007067592425734707,0.008998670878474979,0.010091656745035742,0.008508441026211278,0.010851050822875297,0.005931361183478951,0.010528420413026212,0.010369871007148528,0.015237910243050042,0.025625532495631452,0.021297445208895954,0.013965808915011911,0.012374993391580612,0.00692721979189833,0.007915576592533759,0.010218741528196983,0.01590380941382049,0.22751042983161246,0.04984763149960286,0.03476565475615567,0.03080866202382844,0.011402861239078632,0.00885571863383638,0.008574508808578239,0.009652338401906274,0.00930059529785544,0.008351530088959494,0.011969202521048453,0.010022250312946793,0.007387732555996819,0.012680030482922952,0.008876442735504371,0.01218374626370135,0.006614402853057984,0.0055900872200158845,0.00598969295154885,0.005796712757744244,0.010806818916600475,0.010440908535345513,0.005317508239872915
Mines,0.013725562146147735,0.013113919995234315,0.013826986098490864,0.00931381619698173,0.01958274012867355,0.01658280052899126,0.019833442762509926,0.017042965915806195,0.018419619744241462,0.018483252250992847,0.0184865923081811,0.018981028357426526,0.025432289318506753,0.02604001900397141,0.018304061564733912,0.021398922462271645,0.023173150895949162,0.030513888479745833,0.04090905427482129,0.021811990800635422,0.02767607185385227,0.023459654519459888,0.024950317726767274,0.021192066711675936,0.021018247675933275,0.019463388476568706,0.04984763149960286,0.07454468044320889,0.04569219828276411,0.032241904851469425,0.018320621969817312,0.024637894169976166,0.017429089253375694,0.02174733871961875,0.02607338214455917,0.026114397936457506,0.031065455054805402,0.024290784768864173,0.02103912432724384,0.02975711939475774,0.025522555714058776,0.021769665803018267,0.02175224189992057,0.015230060992851468,0.012639164198570293,0.017863501018268464,0.012191599281969818,0.021933250441620332,0.021743720583002377
Coal ,0.010173810152501985,0.013706119105639396,0.013457352738681493,0.008239401741064337,0.017705435633042096,0.01809297860683082,0.02139098694042891,0.017690859164416206,0.01872548312787927,0.01863101825575854,0.018020550624305003,0.02010237263065925,0.02543679413185068,0.027280674762509935,0.019125759007148534,0.0229511762192216,0.024234068354249398,0.032307144524225576,0.044997380406671963,0.02178211035583797,0.02999097009054805,0.023901374678316125,0.02570551016521049,0.022596811143764887,0.020599036174741864,0.023014491669579033,0.03476565475615567,0.04569219828276411,0.10399988889436057,0.04836656896584591,0.022803518363780778,0.027718566862589354,0.016748323820492454,0.02228159593963463,0.027084362859412233,0.02562439151866561,0.03170749791421763,0.025125359828435265,0.022747732555996814,0.031100822492454328,0.025513157270849882,0.02302902710563939,0.022532174544876885,0.01585609670373312,0.011705973221604446,0.017463106641779184,0.01401593535822081,0.021268693015091343,0.023106649510722797
Oil  ,0.008136929652104845,0.00970012557903098,0.009693446011119936,0.006200356212867353,0.012112664711675927,0.012080902189038917,0.014561346185861796,0.01200340245274027,0.013442554732327241,0.01272621609531374,0.013388321823669579,0.014825871383637808,0.01934807452899126,0.01889160560444797,0.013834541032565529,0.017199237617156474,0.017268444962668786,0.02391854037807784,0.031055408635424938,0.015477877305798252,0.02298229669896744,0.018131880476568704,0.017734407631453536,0.01482084991262907,0.014859928946783162,0.016560473003971402,0.03080866202382844,0.032241904851469425,0.04836656896584591,0.047273013350278004,0.01707660381254964,0.019153828594122325,0.0126105349324861,0.016797527123113578,0.019612593931691815,0.018741348714853057,0.023100279193010324,0.018305575396346307,0.015111964994440034,0.020971344724384434,0.016895529931691817,0.01650424363463066,0.01531967328991263,0.010163062494042892,0.008356259170770451,0.012514845140587766,0.010035909178713264,0.016002966366957902,0.016050746802223986
Util ,0.007726673852263702,0.009034960492454332,0.008968008467037334,0.006974037267672756,0.013808918745035743,0.011948127545671167,0.014033817490071484,0.012531903764892771,0.012062899523431293,0.01130120562351072,0.011998788085782365,0.012127015011914221,0.01731685258141382,0.01576585647339158,0.011670447386814933,0.013753664368546465,0.014083593280381251,0.018750875679110404,0.01914365366163622,0.011486094535345513,0.01675102973788721,0.014341785353455124,0.01705180853057982,0.01338269062748213,0.01167646354249404,0.01117581026211279,0.011402861239078632,0.018320621969817312,0.022803518363780778,0.01707660381254964,0.020630414519459888,0.018487551803018268,0.010722897807783953,0.013977565814138202,0.017783419761715644,0.01656892503574265,0.020606087164416195,0.015323901699761708,0.013436288959491663,0.01881004694201747,0.016224531882446384,0.012928510484511517,0.014774766068308182,0.010131182192216044,0.008655162239872916,0.013336949626687846,0.007397954630659255,0.014126960873709293,0.014371333868149327
Telcm,0.011023401016679904,0.012835973280381253,0.012408568069896743,0.010054245274027004,0.016574349388403492,0.020147702525814142,0.024664274535345507,0.021056978459094516,0.020195184209690232,0.01944951955520255,0.020358029451945987,0.02092064082605242,0.030187277013502767,0.02489013207307387,0.02060524765687053,0.02195657556791104,0.021279004956314535,0.027540900428911837,0.03172086042891184,0.019127597204130254,0.028603251850675138,0.025652212613185066,0.028137239428117546,0.021279550532168387,0.017406207593328032,0.015192275647339154,0.00885571863383638,0.024637894169976166,0.027718566862589354,0.019153828594122325,0.018487551803018268,0.04604255428117554,0.019703852263701353,0.02526704435266084,0.03757876127084988,0.03486854115965051,0.0434640415567911,0.030363850007942814,0.021308217569499598,0.02909054173153296,0.027236553169181894,0.021562921143764898,0.025674767942811757,0.01690048336775219,0.012784829833200954,0.019267344972200163,0.011053462875297855,0.024723575885623513,0.02225622252581413
PerSv,0.007655976814932485,0.008025463915806193,0.008904533590150912,0.006523087911040508,0.011716118578236694,0.012377084725972995,0.014861863486894356,0.012569249880857824,0.01307877762509928,0.012264423383637802,0.011437823780778398,0.013026018181096105,0.017254654598888006,0.01536226177124702,0.011935353145353456,0.014499231183478949,0.013372507029388402,0.01910106085782367,0.01822912112787927,0.012417015559968226,0.016776229896743447,0.015485258745035743,0.01688369139793487,0.012998717942811754,0.011609294297061158,0.0115904268943606,0.008574508808578239,0.017429089253375694,0.016748323820492454,0.0126105349324861,0.010722897807783953,0.019703852263701353,0.022090177529785544,0.015177802446386019,0.019680725051628274,0.01886179503574266,0.023098751985702944,0.01730792530579825,0.013436158760921366,0.01762032388403495,0.01666294498808578,0.01347328544082605,0.016166949483717236,0.010996091699761717,0.008312345170770452,0.0122308262192216,0.007643717585385225,0.014299621405877679,0.013187012811755364
BusSv,0.009717127777601272,0.010539773521842733,0.010310801976171563,0.007568913925337567,0.014186680756155676,0.015132513436060365,0.018214221737887216,0.015213586884829228,0.015566835558379665,0.015458634903891974,0.015586447034154087,0.01657200164575059,0.022953721486894355,0.019395769289912625,0.015089991644162033,0.01650766408260524,0.017009037528196977,0.02231492122001589,0.0246472047593328,0.0152383189579031,0.022054784800635423,0.019655996314535344,0.021258353525019848,0.017051039682287526,0.014940727961874501,0.014057634624305003,0.009652338401906274,0.02174733871961875,0.02228159593963463,0.016797527123113578,0.013977565814138202,0.02526704435266084,0.015177802446386019,0.021022046805401116,0.026540136870532166,0.024907571208895946,0.030590490027005566,0.022652278938840347,0.01683751114217633,0.022218770077839557,0.02096463760444797,0.016988127002382843,0.01971492669737887,0.013455373439237485,0.010050524937251788,0.01520073235266084,0.009213144857823668,0.01848240817791898,0.017208667119936457
Hardw,0.0117084698649722,0.013028910627482126,0.012675672057188243,0.010136007243844319,0.018598710595710877,0.021078779952343127,0.02473760937251787,0.020535393455123112,0.02148522675139,0.02051760584590945,0.02048060654487688,0.022337641779189833,0.03232904759332804,0.026250776171564728,0.020402214551231142,0.020642486830818107,0.022406236791104043,0.029010130992851466,0.033281003208895946,0.020330543320095314,0.03164848501985703,0.028310854392374893,0.028777026783161234,0.021906475202541697,0.019027648578236696,0.01673475498014297,0.00930059529785544,0.02607338214455917,0.027084362859412233,0.019612593931691815,0.017783419761715644,0.03757876127084988,0.019680725051628274,0.026540136870532166,0.04931543707704526,0.039384494773629854,0.050711861826846706,0.034020756282764096,0.022512523177124703,0.029511118856235103,0.02881272841938046,0.023366570802223992,0.026948183606036537,0.017464041779189827,0.012994068911834782,0.019472009340746624,0.011817358951548848,0.02583934341540905,0.02322577877680699
Softw,0.011196509275615567,0.012633347232724383,0.012193997475774421,0.009802372270055598,0.016950962873709296,0.01983711750119142,0.023428064878474986,0.019157879580619538,0.020106228548054012,0.019432385080222398,0.019518363021445592,0.02129281011755362,0.030279589791898334,0.024427321329626682,0.019128464344718026,0.020207770055599688,0.021076414918189037,0.027492559272438447,0.030864064517871322,0.018730918555996824,0.02893433059253375,0.02608448177918984,0.02669316093884035,0.020235402676727562,0.01785815483399523,0.016284430808578238,0.008351530088959494,0.026114397936457506,0.02562439151866561,0.018741348714853057,0.01656892503574265,0.03486854115965051,0.01886179503574266,0.024907571208895946,0.039384494773629854,0.03791848047498014,0.044808345803018276,0.0311347962319301,0.020770348460683083,0.027060753488482924,0.026501382681493244,0.021568330765687056,0.025365723088165214,0.016611640198570293,0.012361207143764895,0.01850873472438443,0.010946424895949167,0.02421334383955521,0.021507072776806985
Chips,0.013826639766481331,0.015171672265289912,0.014560933196187446,0.011858061172359016,0.02042144516759333,0.02420831672597299,0.028823599073868156,0.023739077890389194,0.025102549590150913,0.023567437451945988,0.023613968854646537,0.025333528090548042,0.036781949385226366,0.030727634867355042,0.024186946854646542,0.024945923542494045,0.025967371798252585,0.033522544835583805,0.03926571043367753,0.02336810908181096,0.037472254735504376,0.03291095088165211,0.03379156785861795,0.02541117287529786,0.02306381527561557,0.019704616327243844,0.011969202521048453,0.031065455054805402,0.03170749791421763,0.023100279193010324,0.020606087164416195,0.0434640415567911,0.023098751985702944,0.030590490027005566,0.050711861826846706,0.044808345803018276,0.06163872668943605,0.04018844942970612,0.02597829590468626,0.03336991128991262,0.03316638437807784,0.027093573326449558,0.031027618376489284,0.02005343606830818,0.015134349370929313,0.022498608408260522,0.013458157687053218,0.030289494581413817,0.026658174743447186
LabEq,0.010738463046862587,0.011808841741064339,0.011904092092136616,0.009316120934074662,0.015289739742652901,0.017912158322478156,0.021267918398729147,0.017845868835583794,0.018459738954725968,0.01756178518824464,0.01787166685305798,0.019526185556791097,0.027683539901509128,0.023163186725972996,0.01774993588562351,0.019839505448768863,0.019488207358220808,0.02537980566163622,0.02864520932168388,0.017368408787926923,0.027057711923749006,0.023909350595710883,0.025324949312152498,0.0193745008101668,0.01707929073232724,0.015962208876886413,0.010022250312946793,0.024290784768864173,0.025125359828435265,0.018305575396346307,0.015323901699761708,0.030363850007942814,0.01730792530579825,0.022652278938840347,0.034020756282764096,0.0311347962319301,0.04018844942970612,0.03330170849245433,0.0199084629579031,0.025480990074662428,0.02443766652263701,0.019858008934074665,0.022943070703733113,0.01530977347100874,0.011409722452740266,0.017077956263701347,0.010168381134233516,0.022204431364575058,0.019413039612390787
