,Agric,Food ,Soda ,Beer ,Smoke,Toys ,Fun  ,Books,Hshld,Clths,Hlth ,MedEq,Drugs,Chems,Rubbr,Txtls,BldMt,Cnstr,Steel,FabPr,Mach ,ElcEq,Autos,Aero ,Ships,Guns ,Gold ,Mines,Coal ,Oil  ,Util ,Telcm,PerSv,BusSv,Hardw,Softw,Chips,LabEq,Paper,Boxes,Trans,Whlsl,Rtail,Meals,Banks,Insur,RlEst,Fin  ,Other
Agric,0.03667926081016679,0.0071483494837172356,0.00693676393963463,0.004884670532168388,0.008262919110405087,0.010005907386814936,0.011655524606830813,0.009364746719618745,0.009751153963463068,0.009287587863383634,0.00989078783161239,0.011318989515488483,0.013975266433677521,0.010743321207307388,0.008499432057188243,0.012159258490865766,0.010761260873709294,0.013086563018268466,0.013328817760127083,0.009653984368546467,0.01235557401111994,0.010874540778395551,0.013011044511517075,0.011113770738681495,0.009154531024622721,0.008488032247815722,0.0063020271326449575,0.014530752724384434,0.009341597108816522,0.009198339221604445,0.008188093725178713,0.014820059761715642,0.009486865353455123,0.01198938147736299,0.015188760667196185,0.014863508625893562,0.01674611075456712,0.0132574677045274,0.009453290706910245,0.012440093566322476,0.012148290166799046,0.010167160127084988,0.011928697220015886,0.009289440190627486,0.006064161588562352,0.009125887815726767,0.005793775091342334,0.010804183510722794,0.01189423625099285
Food ,0.0071483494837172356,0.012448252725972993,0.007601852196981732,0.0054905027815726785,0.010654500678316126,0.009149869561556792,0.012400057475774428,0.010105666123907862,0.010291952084193801,0.010141981899920568,0.010525553013502779,0.010286366910246229,0.014801268206513105,0.012251084724384433,0.008876805667990465,0.011181827123113582,0.010909510201747418,0.013903668362192216,0.01433299715011914,0.008651387097696585,0.01287087661477363,0.011411772822875298,0.013520800784749803,0.011849705852263701,0.008472423461477361,0.007441214468625893,0.0027310129864972187,0.011819544845115172,0.011982767361397932,0.009152158752978553,0.009243051814138203,0.014896846934074661,0.009348175950754567,0.01152263751389992,0.014854407075456712,0.014805871385226372,0.016786784138204922,0.013021538891183475,0.0104619665782367,0.014088135810961081,0.012840418552819694,0.010124411615567909,0.012616122595710882,0.008864834228752982,0.006372054660841937,0.01038565358061954,0.006182834082605243,0.010893078641779188,0.011088446808578236
Soda ,0.00693676393963463,0.007601852196981732,0.03669844969658458,0.007207472435266085,0.010603035783955517,0.008538354252581416,0.011131347383637807,0.009619416219221603,0.010709695863383639,0.009210669178713262,0.009493647841143765,0.009185984845115172,0.013233644397140585,0.01171554197299444,0.008327735065925336,0.010873372632247818,0.01028587497378872,0.014109087803018273,0.013638540505162828,0.008597577226370135,0.0115062413375695,0.01018775710246227,0.013418708740270058,0.008989849772835583,0.009075963593328035,0.0050661049467831615,-0.00605592624305004,0.011119427704527401,0.010448605229547263,0.00822336538522637,0.008682237340746619,0.012930741111993646,0.008850110687847497,0.010323264257347097,0.013046601035742648,0.012748448397140585,0.014154322970611597,0.011830115990468626,0.01050411939316918,0.013280793064336771,0.011414954220810167,0.0090853877299444,0.012025974824463858,0.008042234163621922,0.005867323529785543,0.009818321814138204,0.00609073262907069,0.01068327131056394,0.010240119440826048
Beer ,0.004884670532168388,0.0054905027815726785,0.007207472435266085,0.02794193329785544,0.007468071115170771,0.006483991864972201,0.0082758884050834,0.00697817648133439,0.007424083061159651,0.007903650430500397,0.007445958891183477,0.007531858538522639,0.01078756479110405,0.008921572571882447,0.007006781553613979,0.00802729180937252,0.008193613807783955,0.00989058556632248,0.009729688619539314,0.006090481998411438,0.009093541062748215,0.008886201480540113,0.010013354716441622,0.008913244279586974,0.005349940268467037,0.0034299286227164427,0.0019627542255758533,0.009021597744241461,0.007637742071485306,0.007005490778395552,0.0073665251898332,0.011274169714058776,0.007463937396346307,0.008433638800635426,0.011360411936457504,0.011298425110405083,0.012638533288324065,0.009783096826052424,0.008375852471803016,0.008910874571882443,0.009222867591739476,0.007392405420174742,0.009959634271644159,0.006438766285941222,0.004352128195393169,0.007413424271644164,0.004513348951548848,0.00797668135822081,0.00848641519618745
Smoke,0.008262919110405087,0.010654500678316126,0.010603035783955517,0.007468071115170771,0.06822806859253375,0.01338772210166799,0.01540204156791104,0.012776296735504367,0.011566192277998412,0.012065195586973786,0.013051698290706909,0.013355276584590944,0.019432862767275617,0.016754134833995234,0.013200958881652106,0.010815775119936458,0.013402112222398725,0.016744125969817312,0.019999910789515487,0.009657596355837968,0.01600746310246227,0.014396633525019855,0.017294499631453537,0.013181662141382047,0.01102372635901509,0.011499086888006355,0.0026219336695790306,0.017884104050833995,0.01906137496108022,0.0135705265528197,0.014461593453534548,0.017818169078633834,0.012896927636219219,0.014783317370929309,0.018905712212867347,0.017633221412231927,0.020142873399523434,0.01584398431135822,0.014289966555996824,0.018761513853852264,0.016316494254169978,0.013122124644956315,0.015847033610802225,0.010926335677521841,0.008958039623510723,0.014233516414614775,0.007230865996822875,0.014548632335186652,0.014409840098490865
Toys ,0.010005907386814936,0.009149869561556792,0.008538354252581416,0.006483991864972201,0.01338772210166799,0.032146574314535346,0.01893237445432883,0.015136992239872913,0.014696596033359812,0.015312409013502785,0.013969839774424144,0.01664740735504369,0.02353134644003177,0.018008348381254955,0.012606914872120728,0.017305573639396346,0.016487548416203337,0.02053122072438443,0.0206062295059571,0.013220245976171564,0.020071875092930902,0.01808775442096902,0.021036598103256553,0.016207114513105633,0.012323665402700556,0.009962898605242252,0.004107708602065129,0.016070724797458295,0.01679923635583797,0.012517028284352659,0.011497589329626688,0.027614669444003172,0.015162174835583797,0.01863467899126291,0.02801839908816521,0.02678532708975378,0.030510643089753767,0.022597267876092137,0.015272058711675932,0.02169431225893567,0.019489420938840346,0.016375616088959485,0.019748305458300232,0.013299401926926134,0.009118992169976173,0.013597772281175537,0.008971238101667993,0.017876271858617943,0.017588451142176328
Fun  ,0.011655524606830813,0.012400057475774428,0.011131347383637807,0.0082758884050834,0.01540204156791104,0.01893237445432883,0.03444634352819699,0.017971077513899914,0.018620749240667197,0.018690864727561558,0.017678477938046073,0.01918559779189833,0.02720469619698173,0.021464134668784746,0.0157892757553614,0.02081367744876886,0.019341039891977753,0.024040959831612387,0.025220147745830014,0.01557578064813344,0.023708134613185067,0.02153110603971406,0.025495984899126294,0.020942624454328835,0.013441766384432093,0.01170504446068308,0.0027321588959491653,0.0183810864177919,0.019560437385226368,0.015483302470214453,0.014502633084988089,0.032307305758538504,0.018065407388403492,0.022143593844320884,0.031329086217633036,0.03086838441143765,0.03530674752184273,0.025796325610802223,0.018988074330420972,0.02485248594598888,0.025012505939634628,0.018919667977760124,0.024782970824463863,0.017007291496425735,0.011021377599682285,0.017650580395552024,0.010291604011119934,0.02133700847498014,0.021676846300238282
Books,0.009364746719618745,0.010105666123907862,0.009619416219221603,0.00697817648133439,0.012776296735504367,0.015136992239872913,0.017971077513899914,0.026863652033359796,0.014575905281969821,0.014394741747418588,0.014239764400317708,0.015251524972200156,0.02146186783161239,0.01762683156473391,0.012901816838760917,0.01701174810166799,0.015409610103256555,0.019016267084988086,0.019910635536139788,0.012479799571088168,0.018757385980937253,0.0169792218268467,0.020436298665607623,0.015813126147736292,0.01210325095313741,0.010124285432883236,0.00013279158856235082,0.01605039958697379,0.016568917791898334,0.012517465933280379,0.012672521040508335,0.025473453272438443,0.01419775535345512,0.01735719184273233,0.02431409269261318,0.02336735894360604,0.02721296200953137,0.02067021213661636,0.015318101850675139,0.02098054836378078,0.019011807791898334,0.014849806163621915,0.019563237378872115,0.012847628856235103,0.008955137434471804,0.014416574956314536,0.007828103423351869,0.01676030734710087,0.017191714392374897
Hshld,0.009751153963463068,0.010291952084193801,0.010709695863383639,0.007424083061159651,0.011566192277998412,0.014696596033359812,0.018620749240667197,0.014575905281969821,0.022908994216044483,0.015657174935663223,0.014294164374900716,0.0151803021604448,0.02195388929626689,0.018835231069102454,0.01340597044638602,0.017888736295472593,0.016362160610007948,0.020776971783955517,0.022223241337569498,0.013754228508339952,0.020354042768864176,0.018339519942811747,0.021775421633042098,0.016202419281969815,0.01303309824146148,0.009897317928514695,0.002129137704527403,0.017927478760921364,0.016877118281175538,0.013747826981731536,0.012367965272438447,0.025063876497220017,0.015113297231135822,0.017984010174741858,0.02621399701032566,0.024988640189038916,0.02932503597299444,0.021617702055599673,0.0164540606624305,0.022285157253375685,0.019999152999205717,0.01602953983161239,0.02035942487370929,0.013845968560762511,0.009250620401906277,0.014615405787132642,0.008366462406671958,0.017002800659253376,0.016729657509134233
Clths,0.009287587863383634,0.010141981899920568,0.009210669178713262,0.007903650430500397,0.012065195586973786,0.015312409013502785,0.018690864727561558,0.014394741747418588,0.015657174935663223,0.02372809772200159,0.01396134283081811,0.014969621826846701,0.021497073575853853,0.018222312984908656,0.013520364651310561,0.018245554827640984,0.01611558305321684,0.02107875358856235,0.021553123742652898,0.013467425969817311,0.01939378502621128,0.018176458668784753,0.020866624374900715,0.016853106376489277,0.011728195288324068,0.008012855580619543,0.002778857839555202,0.018041699158061954,0.01848146634471803,0.013146740794281174,0.011765587135822082,0.0246677820969023,0.014452143742652896,0.01797919779189833,0.02532284188085782,0.024467019510722793,0.027289287005559958,0.020495192838760924,0.015460688841938046,0.02134908759015091,0.020448515891977756,0.01565897536457506,0.021930505963463066,0.01403478576965846,0.008988140610007944,0.014304732222398728,0.008685396457505956,0.0165655202700556,0.017279887745830023
Hlth ,0.00989078783161239,0.010525553013502779,0.009493647841143765,0.007445958891183477,0.013051698290706909,0.013969839774424144,0.017678477938046073,0.014239764400317708,0.014294164374900716,0.01396134283081811,0.02537787597140588,0.016319732168387613,0.02343670696108022,0.017493551370929308,0.013567841328038122,0.016409348892772038,0.014648014208101667,0.019182579869737884,0.020614579177124705,0.012273706236695785,0.018875090830818106,0.016560454017474188,0.019439377677521845,0.01605219944082605,0.011246128098490866,0.009818073321683874,0.006359242017474185,0.017163317680698963,0.017529417836378073,0.013721457045274025,0.012492594557585383,0.024305969451945988,0.014015510821286737,0.0175691367593328,0.0237931370420969,0.02319404977601271,0.02653298092136616,0.02041668251628276,0.015017135761715646,0.02041235448133439,0.018319515898332007,0.015373676130262111,0.018765989242255757,0.012758465566322479,0.009183703253375697,0.015263812737092926,0.008543423494837173,0.01632190889594916,0.015180844689436061
MedEq,0.011318989515488483,0.010286366910246229,0.009185984845115172,0.007531858538522639,0.013355276584590944,0.01664740735504369,0.01918559779189833,0.015251524972200156,0.0151803021604448,0.014969621826846701,0.016319732168387613,0.023194461096108027,0.026847478824463856,0.017641445655281973,0.013792650198570289,0.017420244447974586,0.016182245178713257,0.020903269801429702,0.021948781890389204,0.014319739857029388,0.020967114900714852,0.020106901985702936,0.020576116441620333,0.016613971215250198,0.012090747180301824,0.011632705448768864,0.004983918840349481,0.017831561620333596,0.01923375030976966,0.015053978570293884,0.012155491707704524,0.028095530913423344,0.0156787378395552,0.020210366370135027,0.029497251914217627,0.028402702287529783,0.03204296738681494,0.024183559904686257,0.015515458919777599,0.021115227434471803,0.01942365237490071,0.016959581286735505,0.01984971774424146,0.013183500508339953,0.009340642049245432,0.014069180381254962,0.008832337362986498,0.01845419969817316,0.017832646481334393
Drugs,0.013975266433677521,0.014801268206513105,0.013233644397140585,0.01078756479110405,0.019432862767275617,0.02353134644003177,0.02720469619698173,0.02146186783161239,0.02195388929626689,0.021497073575853853,0.02343670696108022,0.026847478824463856,0.04803481724543288,0.0261422805146942,0.01943659505639396,0.025255431078633837,0.0225498250548054,0.029083682611596502,0.030847834052422557,0.018781657931691828,0.03009303682922955,0.028908311472597308,0.028873112921366163,0.023301287504368544,0.01747105913264495,0.01396222044162033,0.0022848858141382056,0.024914141731532963,0.024529780022239867,0.02105761490071485,0.01864515827164416,0.04187097496425735,0.021944845394757738,0.029131652009531366,0.04353433751231136,0.0420609147132645,0.0481165263542494,0.035821868803812544,0.021877917610802225,0.030470993849086588,0.02813550412073074,0.023457332505162826,0.02804924610643368,0.018401486150913422,0.013186360705321688,0.020857214303415403,0.01318610001588562,0.02710403501191421,0.025002292892772036
Chems,0.010743321207307388,0.012251084724384433,0.01171554197299444,0.008921572571882447,0.016754134833995234,0.018008348381254955,0.021464134668784746,0.01762683156473391,0.018835231069102454,0.018222312984908656,0.017493551370929308,0.017641445655281973,0.0261422805146942,0.029383716975377283,0.016447860193804606,0.020946190589356633,0.019577661267672755,0.024385678532168387,0.028174880038125488,0.015809438843526605,0.024290457674344713,0.02169928509610802,0.02580243008101668,0.019383266840349484,0.015844623361397938,0.011441713696584593,0.004034396965845906,0.023057092295472596,0.024559902900714844,0.017884199348689435,0.016159480219221603,0.028830702668784753,0.017370101849086574,0.02112162244638602,0.029526995577442417,0.02811313178395552,0.03353185675933281,0.02541079464336775,0.021117004247815728,0.028731809026211284,0.02434338412390786,0.018775196422557587,0.023303754243050034,0.015491120123907867,0.011546656911834789,0.0178161527974583,0.009946987720413024,0.0201017661477363,0.021019634065131056
Rubbr,0.008499432057188243,0.008876805667990465,0.008327735065925336,0.007006781553613979,0.013200958881652106,0.012606914872120728,0.0157892757553614,0.012901816838760917,0.01340597044638602,0.013520364651310561,0.013567841328038122,0.013792650198570289,0.01943659505639396,0.016447860193804606,0.04971765805242255,0.014728122528991259,0.014402818992851469,0.017398615586973785,0.02021543381731533,0.012444939863383638,0.017860786961080222,0.016776604949960285,0.0178485183669579,0.013865152298649723,0.011955339971405876,0.010268311110405081,0.0024422615091342355,0.015531696044479747,0.017141773553613977,0.013481031485305797,0.011366962662430497,0.02312891129467832,0.012637510195393165,0.016028840127084984,0.022460234808578235,0.02138579437013503,0.025746229833200948,0.019156411876092135,0.01510550358697379,0.019166313620333594,0.018103049677521847,0.014417995640984905,0.01700424183002383,0.010984359644162028,0.008320279065925335,0.012362018605242253,0.007739343764892772,0.014760392533756952,0.015477482617950754
Txtls,0.012159258490865766,0.011181827123113582,0.010873372632247818,0.00802729180937252,0.010815775119936458,0.017305573639396346,0.02081367744876886,0.01701174810166799,0.017888736295472593,0.018245554827640984,0.016409348892772038,0.017420244447974586,0.025255431078633837,0.020946190589356633,0.014728122528991259,0.053500023822081015,0.017970913086576643,0.024026987094519458,0.025728502246227157,0.016237644562351074,0.02235648143923749,0.020330948130262115,0.02294082048610008,0.019474757642573476,0.012810726300238284,0.01063584125814138,0.004393058411437646,0.0202599690548054,0.022951319675933283,0.01816951953931692,0.014363088447974582,0.028185677728355847,0.0181838728737093,0.020449790420969026,0.026678528063542494,0.02679502134710087,0.030953564177918978,0.024624857709293083,0.018303133525019853,0.026205228343129463,0.021778414656076252,0.017869299869737884,0.02200555592692613,0.015647467510722792,0.01027030066084194,0.015671113305798248,0.009454419364575056,0.018967267815726767,0.02005394634471804
BldMt,0.010761260873709294,0.010909510201747418,0.01028587497378872,0.008193613807783955,0.013402112222398725,0.016487548416203337,0.019341039891977753,0.015409610103256555,0.016362160610007948,0.01611558305321684,0.014648014208101667,0.016182245178713257,0.0225498250548054,0.019577661267672755,0.014402818992851469,0.017970913086576643,0.022147087313741067,0.02307581964733916,0.024400673569499605,0.015472381185067512,0.02142841361080222,0.019285306058776805,0.022767591307386807,0.01854773354725973,0.013573517248610006,0.011722091590150915,0.003200114789515489,0.020295065448768863,0.020446922745035744,0.01579773451945989,0.013696775415409056,0.025560318506751393,0.014912561830023827,0.018615464241461478,0.026431673181890387,0.02526174659888801,0.029086103002382853,0.021925982309769658,0.017566134506751388,0.0234057248228753,0.020881642776806996,0.0168801557172359,0.020651345556791104,0.013927508123907861,0.009810805127879272,0.015267621458300233,0.00918330090548054,0.017479902779984114,0.0188702810675139
Cnstr,0.013086563018268466,0.013903668362192216,0.014109087803018273,0.00989058556632248,0.016744125969817312,0.02053122072438443,0.024040959831612387,0.019016267084988086,0.020776971783955517,0.02107875358856235,0.019182579869737884,0.020903269801429702,0.029083682611596502,0.024385678532168387,0.017398615586973785,0.024026987094519458,0.02307581964733916,0.047262535720413015,0.030900596416203335,0.0188983818776807,0.02673785271803018,0.02363091419857029,0.02889913587926926,0.023056032495631457,0.015017394004765688,0.013762384069896745,0.005639638141382052,0.026697930643367757,0.028072092066719612,0.0218580541858618,0.01830117572359015,0.032264866131850665,0.02050117952978554,0.023668346354249404,0.03301157581572677,0.03153041464336774,0.03654707652104845,0.027614034548054014,0.0223456413884035,0.02944742113105639,0.026170120803812553,0.021236499488482916,0.027364885362986483,0.017574160536934075,0.01271674047021446,0.01929953776965846,0.012164896250992851,0.023078080555996822,0.02479618211914218
Steel,0.013328817760127083,0.01433299715011914,0.013638540505162828,0.009729688619539314,0.019999910789515487,0.0206062295059571,0.025220147745830014,0.019910635536139788,0.022223241337569498,0.021553123742652898,0.020614579177124705,0.021948781890389204,0.030847834052422557,0.028174880038125488,0.02021543381731533,0.025728502246227157,0.024400673569499605,0.030900596416203335,0.048146823186656085,0.01928793504050834,0.030343879577442407,0.027366727580619542,0.03044837350913424,0.02395427879904686,0.019570021340746625,0.01586226870214456,0.012701119030976968,0.033341335822081014,0.03807324165845909,0.026645403256552826,0.018526142465448765,0.03630466467037331,0.020145748,0.026024066131850675,0.03767452833042097,0.03518526710405082,0.04274412179507546,0.030868097779189824,0.024421217896743442,0.034030691974583,0.02918226810802223,0.0237119498522637,0.02700093411278793,0.018137363688641776,0.013204569172359014,0.02027977107863384,0.012046361604447971,0.024394565988880058,0.025170698389197776
FabPr,0.009653984368546467,0.008651387097696585,0.008597577226370135,0.006090481998411438,0.009657596355837968,0.013220245976171564,0.01557578064813344,0.012479799571088168,0.013754228508339952,0.013467425969817311,0.012273706236695785,0.014319739857029388,0.018781657931691828,0.015809438843526605,0.012444939863383638,0.016237644562351074,0.015472381185067512,0.0188983818776807,0.01928793504050834,0.05206780391421763,0.018336633617156473,0.0168988292867355,0.017432528216044477,0.015616638366957898,0.012366531980937252,0.013160210268467034,0.014816071660047657,0.01843515904686259,0.01906659118665607,0.013792544384432092,0.010831399278792694,0.02186945939634631,0.013674538900714853,0.015930807990468622,0.02327346489594916,0.021343000740270054,0.025508699650516282,0.0187372965782367,0.014643956946783157,0.018578051078633844,0.016696130741858616,0.014292512718030182,0.01694527703256552,0.011605162678316126,0.00828298980460683,0.01263772975694996,0.0067101339316918175,0.014776755853852262,0.01600761002065131
Mach ,0.01235557401111994,0.01287087661477363,0.0115062413375695,0.009093541062748215,0.01600746310246227,0.020071875092930902,0.023708134613185067,0.018757385980937253,0.020354042768864176,0.01939378502621128,0.018875090830818106,0.020967114900714852,0.03009303682922955,0.024290457674344713,0.017860786961080222,0.02235648143923749,0.02142841361080222,0.02673785271803018,0.030343879577442407,0.018336633617156473,0.032707806276409845,0.025676669242255756,0.027211906951548848,0.022042123949166006,0.017293627467831613,0.013111402274821287,0.004623675750595708,0.024094803526608415,0.02649426539475775,0.02155901449563145,0.016533042228752973,0.0356827508101668,0.019466377472597295,0.025094750635424937,0.03901737503733123,0.03588950316600476,0.04473202043685465,0.03168367470691025,0.021224993199364574,0.02879682485623511,0.02597710611755361,0.021492693960285948,0.025680637658459092,0.016893129679110403,0.011838246467037334,0.01841340684829229,0.011320317879269258,0.02360896911040508,0.0222717404511517
ElcEq,0.010874540778395551,0.011411772822875298,0.01018775710246227,0.008886201480540113,0.014396633525019855,0.01808775442096902,0.02153110603971406,0.0169792218268467,0.018339519942811747,0.018176458668784753,0.016560454017474188,0.020106901985702936,0.028908311472597308,0.02169928509610802,0.016776604949960285,0.020330948130262115,0.019285306058776805,0.02363091419857029,0.027366727580619542,0.0168988292867355,0.025676669242255756,0.03290092610643368,0.0241883508943606,0.019488021807783952,0.014497868861000797,0.01371382433042097,0.00454019434471803,0.0214302383796664,0.022178010624305,0.01774782020651311,0.014321028854646542,0.03317211961874505,0.018241992235107227,0.02313032946783161,0.0363987555647339,0.03375620022875298,0.040599098300238286,0.028762786344718023,0.01835762867672756,0.024299858452740273,0.023370588130262115,0.01990179784590945,0.022962882109610804,0.015401692111199364,0.010687372816521044,0.016235637725178716,0.010351187799841144,0.021526118061953932,0.020298964943606036
Autos,0.013011044511517075,0.013520800784749803,0.013418708740270058,0.010013354716441622,0.017294499631453537,0.021036598103256553,0.025495984899126294,0.020436298665607623,0.021775421633042098,0.020866624374900715,0.019439377677521845,0.020576116441620333,0.028873112921366163,0.02580243008101668,0.0178485183669579,0.02294082048610008,0.022767591307386807,0.02889913587926926,0.03044837350913424,0.017432528216044477,0.027211906951548848,0.0241883508943606,0.04051673562509927,0.024533554560762512,0.018898090208101667,0.013201519510722797,0.0011744085941223152,0.023501254169976164,0.02304140116918189,0.017757875504368543,0.016980146144559175,0.03400544525814137,0.019758527266084194,0.024020088657664803,0.03411427211437648,0.03223016828911835,0.038463715949166005,0.02887889125972994,0.02307218515329626,0.030032913521842737,0.028858326300238282,0.021197818217633037,0.027741316117553615,0.01850301915488483,0.01253007746783161,0.019663673337569503,0.01048677669579031,0.022660512295472595,0.02386032594757743
Aero ,0.011113770738681495,0.011849705852263701,0.008989849772835583,0.008913244279586974,0.013181662141382047,0.016207114513105633,0.020942624454328835,0.015813126147736292,0.016202419281969815,0.016853106376489277,0.01605219944082605,0.016613971215250198,0.023301287504368544,0.019383266840349484,0.013865152298649723,0.019474757642573476,0.01854773354725973,0.023056032495631457,0.02395427879904686,0.015616638366957898,0.022042123949166006,0.019488021807783952,0.024533554560762512,0.0498229615186656,0.014930489985702941,0.01040359293407466,0.0016101711040508353,0.01900154363780778,0.0205361588816521,0.015023464003177124,0.01341171872597299,0.02584212309769658,0.015867601896743445,0.01938221447180302,0.025995163043685456,0.02528622455599682,0.02867685393169181,0.02188338260206513,0.01842560806036537,0.024305747485305795,0.023207141899920573,0.01734506714535345,0.021723436022239872,0.015052335850675135,0.01002357351231136,0.016141114989674337,0.008927905496425734,0.01828329364575059,0.019002661324860996
Ships,0.009154531024622721,0.008472423461477361,0.009075963593328035,0.005349940268467037,0.01102372635901509,0.012323665402700556,0.013441766384432093,0.01210325095313741,0.01303309824146148,0.011728195288324068,0.011246128098490866,0.012090747180301824,0.01747105913264495,0.015844623361397938,0.011955339971405876,0.012810726300238284,0.013573517248610006,0.015017394004765688,0.019570021340746625,0.012366531980937252,0.017293627467831613,0.014497868861000797,0.018898090208101667,0.014930489985702941,0.04029496662589357,0.012984210471803018,0.001953350571882445,0.015967615409054805,0.01567892722160445,0.012287200992851473,0.011131694714853058,0.019248972446386018,0.011683637202541697,0.01481610548848292,0.02128728204289118,0.019531312824463857,0.02401704032565528,0.01746556198252581,0.01347949381890389,0.018616118136616358,0.01632533553772835,0.013198839281969814,0.014814828,0.009451655715647338,0.007846998206513106,0.01244689711040508,0.006829097990468625,0.013808447648927722,0.01390803662271644
Guns ,0.008488032247815722,0.007441214468625893,0.0050661049467831615,0.0034299286227164427,0.011499086888006355,0.009962898605242252,0.01170504446068308,0.010124285432883236,0.009897317928514695,0.008012855580619543,0.009818073321683874,0.011632705448768864,0.01396222044162033,0.011441713696584593,0.010268311110405081,0.01063584125814138,0.011722091590150915,0.013762384069896745,0.01586226870214456,0.013160210268467034,0.013111402274821287,0.01371382433042097,0.013201519510722797,0.01040359293407466,0.012984210471803018,0.09434134917235897,0.014330884861000792,0.016492847847498014,0.019375810884829228,0.014156917362986498,0.009811799771247022,0.015059899158061956,0.008905924365369338,0.012209987037331213,0.01657665504686259,0.01489565829388403,0.01885427285146942,0.015045995895154884,0.009990615231135822,0.014611007694996032,0.00820848707227959,0.011787297912629072,0.011013709439237492,0.006164729556791101,0.006720746897537729,0.00866579830341541,0.004643908784749804,0.010523240349483718,0.011535733229547257
Gold ,0.0063020271326449575,0.0027310129864972187,-0.00605592624305004,0.0019627542255758533,0.0026219336695790306,0.004107708602065129,0.0027321588959491653,0.00013279158856235082,0.002129137704527403,0.002778857839555202,0.006359242017474185,0.004983918840349481,0.0022848858141382056,0.004034396965845906,0.0024422615091342355,0.004393058411437646,0.003200114789515489,0.005639638141382052,0.012701119030976968,0.014816071660047657,0.004623675750595708,0.00454019434471803,0.0011744085941223152,0.0016101711040508353,0.001953350571882445,0.014330884861000792,0.2520536538760922,0.038515822811755356,0.024223065083399522,0.020668844090548057,0.007343099293089755,0.0047573161318506755,0.00524604420174742,0.0045289140508339995,0.004613998077839556,0.0033817611199364623,0.004243303884034949,0.0043770666878475,0.0024961891104050816,0.005734204996028593,0.001300184614773635,0.006109265035742649,0.0020940149166004765,0.0016535681572676729,0.0034794617077045275,0.001415191588562347,0.007228924312946782,0.0026835193407466268,-0.0007273675774424164
Mines,0.014530752724384434,0.011819544845115172,0.011119427704527401,0.009021597744241461,0.017884104050833995,0.016070724797458295,0.0183810864177919,0.01605039958697379,0.017927478760921364,0.018041699158061954,0.017163317680698963,0.017831561620333596,0.024914141731532963,0.023057092295472596,0.015531696044479747,0.0202599690548054,0.020295065448768863,0.026697930643367757,0.033341335822081014,0.01843515904686259,0.024094803526608415,0.0214302383796664,0.023501254169976164,0.01900154363780778,0.015967615409054805,0.016492847847498014,0.038515822811755356,0.07341557750595712,0.03489384838760922,0.024914769563145353,0.016515594598888003,0.026277995297855444,0.0166150133121525,0.020772148625893563,0.028272767498014283,0.027617831834789525,0.0316614330420969,0.024525243685464656,0.019161393582208103,0.028333143256552815,0.023136169594916607,0.019466702366957897,0.021417650135027798,0.014314887847498016,0.011299231326449562,0.01650419329626688,0.01017522872120731,0.01995232019062748,0.020832707069102466
Coal ,0.009341597108816522,0.011982767361397932,0.010448605229547263,0.007637742071485306,0.01906137496108022,0.01679923635583797,0.019560437385226368,0.016568917791898334,0.016877118281175538,0.01848146634471803,0.017529417836378073,0.01923375030976966,0.024529780022239867,0.024559902900714844,0.017141773553613977,0.022951319675933283,0.020446922745035744,0.028072092066719612,0.03807324165845909,0.01906659118665607,0.02649426539475775,0.022178010624305,0.02304140116918189,0.0205361588816521,0.01567892722160445,0.019375810884829228,0.024223065083399522,0.03489384838760922,0.1178402337664813,0.04218608316123908,0.02281199364257347,0.028352761763304205,0.016352575749007146,0.020666104384432088,0.027472906808578234,0.025233892927720394,0.03149916376489277,0.02367409484988086,0.021460057305798252,0.03062051596822875,0.022425382122319298,0.020286210910246225,0.02246494652263701,0.015514853118347896,0.010885565251787131,0.017127552352660835,0.011754555440826053,0.02001431509134233,0.022038806773629866
Oil  ,0.009198339221604445,0.009152158752978553,0.00822336538522637,0.007005490778395552,0.0135705265528197,0.012517028284352659,0.015483302470214453,0.012517465933280379,0.013747826981731536,0.013146740794281174,0.013721457045274025,0.015053978570293884,0.02105761490071485,0.017884199348689435,0.013481031485305797,0.01816951953931692,0.01579773451945989,0.0218580541858618,0.026645403256552826,0.013792544384432092,0.02155901449563145,0.01774782020651311,0.017757875504368543,0.015023464003177124,0.012287200992851473,0.014156917362986498,0.020668844090548057,0.024914769563145353,0.04218608316123908,0.04478018617156474,0.017636646298649725,0.020879551938046068,0.014259821803018267,0.017120014797458297,0.0206487458776807,0.020272394003177117,0.023470643296266875,0.0186555289912629,0.014975519150119144,0.022529687791898335,0.016697927712470216,0.015531933439237484,0.016204761922160443,0.01120639252581414,0.008117899483717233,0.013154432351072278,0.009633006600476569,0.015382280198570294,0.01638392805401112
Util ,0.008188093725178713,0.009243051814138203,0.008682237340746619,0.0073665251898332,0.014461593453534548,0.011497589329626688,0.014502633084988089,0.012672521040508335,0.012367965272438447,0.011765587135822082,0.012492594557585383,0.012155491707704524,0.01864515827164416,0.016159480219221603,0.011366962662430497,0.014363088447974582,0.013696775415409056,0.01830117572359015,0.018526142465448765,0.010831399278792694,0.016533042228752973,0.014321028854646542,0.016980146144559175,0.01341171872597299,0.011131694714853058,0.009811799771247022,0.007343099293089755,0.016515594598888003,0.02281199364257347,0.017636646298649725,0.02239580311199364,0.018727511445591736,0.011500047667990464,0.014111024471803018,0.01760153982208102,0.01710754153931692,0.020461221389992058,0.015457833175536135,0.013212480074662428,0.01916733126449563,0.016242390108022236,0.012846318417791895,0.014995900108022242,0.010574361666401905,0.008387444103256553,0.013896536303415408,0.007279472573471008,0.013865495496425732,0.014957821671167592
Telcm,0.014820059761715642,0.014896846934074661,0.012930741111993646,0.011274169714058776,0.017818169078633834,0.027614669444003172,0.032307305758538504,0.025473453272438443,0.025063876497220017,0.0246677820969023,0.024305969451945988,0.028095530913423344,0.04187097496425735,0.028830702668784753,0.02312891129467832,0.028185677728355847,0.025560318506751393,0.032264866131850665,0.03630466467037331,0.02186945939634631,0.0356827508101668,0.03317211961874505,0.03400544525814137,0.02584212309769658,0.019248972446386018,0.015059899158061956,0.0047573161318506755,0.026277995297855444,0.028352761763304205,0.020879551938046068,0.018727511445591736,0.06435803176330422,0.025062949666401903,0.03370097023828436,0.05473771556791104,0.05159335481334393,0.06044458259729942,0.04166249153296267,0.025136327235901507,0.03452081031771247,0.032807050397140596,0.027155155742652898,0.032944589499602855,0.02090325163621922,0.014792783629864971,0.022076572891183477,0.013802321151707705,0.03191393718030184,0.028103765321683873
PerSv,0.009486865353455123,0.009348175950754567,0.008850110687847497,0.007463937396346307,0.012896927636219219,0.015162174835583797,0.018065407388403492,0.01419775535345512,0.015113297231135822,0.014452143742652896,0.014015510821286737,0.0156787378395552,0.021944845394757738,0.017370101849086574,0.012637510195393165,0.0181838728737093,0.014912561830023827,0.02050117952978554,0.020145748,0.013674538900714853,0.019466377472597295,0.018241992235107227,0.019758527266084194,0.015867601896743445,0.011683637202541697,0.008905924365369338,0.00524604420174742,0.0166150133121525,0.016352575749007146,0.014259821803018267,0.011500047667990464,0.025062949666401903,0.02640915604606831,0.018315382216044476,0.024826964438443212,0.024369328366957897,0.0281316129070691,0.020885303339158067,0.015221372185861793,0.020759427995234312,0.01941475372359015,0.015506046436854645,0.019205200022239875,0.013255691496425736,0.009195786463860206,0.013858872087370926,0.008952174686258935,0.016512952271644156,0.015960025680698972
BusSv,0.01198938147736299,0.01152263751389992,0.010323264257347097,0.008433638800635426,0.014783317370929309,0.01863467899126291,0.022143593844320884,0.01735719184273233,0.017984010174741858,0.01797919779189833,0.0175691367593328,0.020210366370135027,0.029131652009531366,0.02112162244638602,0.016028840127084984,0.020449790420969026,0.018615464241461478,0.023668346354249404,0.026024066131850675,0.015930807990468622,0.025094750635424937,0.02313032946783161,0.024020088657664803,0.01938221447180302,0.01481610548848292,0.012209987037331213,0.0045289140508339995,0.020772148625893563,0.020666104384432088,0.017120014797458297,0.014111024471803018,0.03370097023828436,0.018315382216044476,0.025579042025417,0.035229893931691826,0.03356066367752183,0.03897912304209689,0.028249097220015885,0.0185320054725973,0.02517014796664019,0.023308552239872916,0.01937877162827641,0.02331857980937252,0.015455177720413023,0.01080067438443209,0.016672443280381262,0.010333940325655284,0.02169762409054805,0.02042356297061159
Hardw,0.015188760667196185,0.014854407075456712,0.013046601035742648,0.011360411936457504,0.018905712212867347,0.02801839908816521,0.031329086217633036,0.02431409269261318,0.02621399701032566,0.02532284188085782,0.0237931370420969,0.029497251914217627,0.04353433751231136,0.029526995577442417,0.022460234808578235,0.026678528063542494,0.026431673181890387,0.03301157581572677,0.03767452833042097,0.02327346489594916,0.03901737503733123,0.0363987555647339,0.03411427211437648,0.025995163043685456,0.02128728204289118,0.01657665504686259,0.004613998077839556,0.028272767498014283,0.027472906808578234,0.0206487458776807,0.01760153982208102,0.05473771556791104,0.024826964438443212,0.035229893931691826,0.06943131011278794,0.05722112692295471,0.07043657177124701,0.046496152610007946,0.025673245423351865,0.03481528273550438,0.03299014774583003,0.028707641092930895,0.0334526148943606,0.020757836279586984,0.014609535990468627,0.02178485945353455,0.014404463399523431,0.03343141812549642,0.028532190189038922
Softw,0.014863508625893562,0.014805871385226372,0.012748448397140585,0.011298425110405083,0.017633221412231927,0.02678532708975378,0.03086838441143765,0.02336735894360604,0.024988640189038916,0.024467019510722793,0.02319404977601271,0.028402702287529783,0.0420609147132645,0.02811313178395552,0.02138579437013503,0.02679502134710087,0.02526174659888801,0.03153041464336774,0.03518526710405082,0.021343000740270054,0.03588950316600476,0.03375620022875298,0.03223016828911835,0.02528622455599682,0.019531312824463857,0.01489565829388403,0.0033817611199364623,0.027617831834789525,0.025233892927720394,0.020272394003177117,0.01710754153931692,0.05159335481334393,0.024369328366957897,0.03356066367752183,0.05722112692295471,0.05610105407307386,0.06252939413026212,0.042571677115170764,0.024120235340746622,0.03251909348848293,0.031550210060365375,0.02721340537569499,0.0324344402192216,0.020508874263701356,0.014140679369340744,0.021187147328038128,0.014078361374106433,0.0315141529070691,0.02716155711199364
Chips,0.01674611075456712,0.016786784138204922,0.014154322970611597,0.012638533288324065,0.020142873399523434,0.030510643089753767,0.03530674752184273,0.02721296200953137,0.02932503597299444,0.027289287005559958,0.02653298092136616,0.03204296738681494,0.0481165263542494,0.03353185675933281,0.025746229833200948,0.030953564177918978,0.029086103002382853,0.03654707652104845,0.04274412179507546,0.025508699650516282,0.04473202043685465,0.040599098300238286,0.038463715949166005,0.02867685393169181,0.02401704032565528,0.01885427285146942,0.004243303884034949,0.0316614330420969,0.03149916376489277,0.023470643296266875,0.020461221389992058,0.06044458259729942,0.0281316129070691,0.03897912304209689,0.07043657177124701,0.06252939413026212,0.08287004650516276,0.05314828044479745,0.0285178481096108,0.03812087314535348,0.0368329481096108,0.03192896308181096,0.03719211455123115,0.022657645837966638,0.016382856274821285,0.02438403594122319,0.015357641675933282,0.03755782447180302,0.03141856729150119
LabEq,0.0132574677045274,0.013021538891183475,0.011830115990468626,0.009783096826052424,0.01584398431135822,0.022597267876092137,0.025796325610802223,0.02067021213661636,0.021617702055599673,0.020495192838760924,0.02041668251628276,0.024183559904686257,0.035821868803812544,0.02541079464336775,0.019156411876092135,0.024624857709293083,0.021925982309769658,0.027614034548054014,0.030868097779189824,0.0187372965782367,0.03168367470691025,0.028762786344718023,0.02887889125972994,0.02188338260206513,0.01746556198252581,0.015045995895154884,0.0043770666878475,0.024525243685464656,0.02367409484988086,0.0186555289912629,0.015457833175536135,0.04166249153296267,0.020885303339158067,0.028249097220015885,0.046496152610007946,0.042571677115170764,0.05314828044479745,0.04263122380301827,0.02180326654805401,0.0294740171183479,0.027431705906274827,0.023248294176330418,0.027503407701350277,0.017500825137410643,0.01247263559650516,0.018843927415409058,0.011732485210484513,0.02685779545671168,0.023301530884829228
Paper,0.009453290706910245,0.0104619665782367,0.01050411939316918,0.008375852471803016,0.014289966555996824,0.015272058711675932,0.018988074330420972,0.015318101850675139,0.0164540606624305,0.015460688841938046,0.015017135761715646,0.015515458919777599,0.021877917610802225,0.021117004247815728,0.01510550358697379,0.018303133525019853,0.017566134506751388,0.0223456413884035,0.024421217896743442,0.014643956946783157,0.021224993199364574,0.01835762867672756,0.02307218515329626,0.01842560806036537,0.01347949381890389,0.009990615231135822,0.0024961891104050816,0.019161393582208103,0.021460057305798252,0.014975519150119144,0.013212480074662428,0.025136327235901507,0.015221372185861793,0.0185320054725973,0.025673245423351865,0.024120235340746622,0.0285178481096108,0.02180326654805401,0.024564482686258937,0.02568578446862589,0.022248147782366955,0.01629784618268467,0.020976902135027797,0.013920455753772834,0.009893112563939635,0.015882580872120734,0.008181531064336776,0.017675433542494044,0.0183591170548054
