,Agric,Food ,Soda ,Beer ,Smoke,Toys ,Fun  ,Books,Hshld,Clths,Hlth ,MedEq,Drugs,Chems,Rubbr,Txtls,BldMt,Cnstr,Steel,FabPr,Mach ,ElcEq,Autos,Aero ,Ships,Guns ,Gold ,Mines,Coal ,Oil  ,Util ,Telcm,PerSv,BusSv,Hardw,Softw,Chips,LabEq,Paper,Boxes,Trans,Whlsl,Rtail,Meals,Banks,Insur,RlEst,Fin  ,Other
Agric,0.02861814097537728,0.006161071879269262,0.006545862919777602,0.0039936678951548845,0.007169098052422558,0.007553032228752979,0.00902687719777601,0.008176612231930103,0.007843572441620334,0.007056281353455122,0.008520674389197775,0.00895329885305798,0.011304208794281173,0.009610620435266082,0.007664478169976173,0.008258047231135822,0.0095059573375695,0.012120651990468622,0.012046322846703733,0.008834933254964256,0.011080460384432087,0.009315727612390787,0.011329721569499601,0.009327926430500398,0.008674833861795078,0.009564227704527401,0.008629598576648134,0.013694216641779191,0.010937911771247021,0.008671873366163622,0.008151902964257347,0.01098858472438443,0.0074533487783955505,0.009846510411437645,0.011831257620333597,0.011457030976965843,0.013751002522637012,0.011015304470214453,0.008663111123113583,0.010811859437648928,0.010375321162827642,0.008764634027005561,0.009787281893566323,0.007484640324066719,0.0057065288069896745,0.008544038907069102,0.0054162474281175535,0.009538439949166004,0.00871484128355838
Food ,0.006161071879269262,0.011574250954725973,0.007638885045274025,0.005243980619539316,0.0097846192025417,0.008595942741858615,0.011044222417791898,0.009521707482128675,0.009682207154884827,0.009135972651310562,0.009362538389197775,0.009364315355043685,0.012612584387609213,0.011801365127879269,0.009165548841938044,0.009292386408260526,0.010507134087370931,0.013513440851469416,0.01435004823510723,0.009159985016679905,0.012388234859412229,0.010920158481334392,0.012540645585385224,0.010652194465448767,0.009618382544876885,0.009380248451151707,0.006595928908657666,0.013122601099285144,0.013618316632247817,0.009714290846703734,0.009085733299444003,0.012734533070691025,0.008135828517871327,0.010524096374900715,0.012869153080222401,0.012591286703733119,0.014940344902303416,0.011760722046068303,0.0100865610548054,0.013118868613185066,0.011946016241461474,0.009802041525019858,0.011467859037331213,0.008139181934868945,0.006289565254964258,0.009717895320095314,0.005756682719618744,0.01040224031135822,0.010074720438443208
Soda ,0.006545862919777602,0.007638885045274025,0.039767058,0.007466076362192214,0.011103019972994439,0.009247390351072278,0.010978068009531373,0.009689108411437648,0.010847160562351073,0.009277490268467038,0.009179123814138204,0.009524974965845909,0.012516185880857823,0.012811594984908655,0.009705080049245432,0.009748051301032562,0.011054427717235903,0.015699414505162823,0.015004590443208893,0.010997120092136615,0.012258244374900711,0.010897269092930897,0.01365093303574265,0.009557649421763304,0.011469103601270849,0.0064521730579825244,0.0007846176457505938,0.013854611218427328,0.013665157196187449,0.009572186335186658,0.008971669772835585,0.012103959369340745,0.009405196675138998,0.010367964667196186,0.012309210514694203,0.012005410174741857,0.014138147523431292,0.011786797891977757,0.010539506916600468,0.013185568517871327,0.011974003763304208,0.009980616934074659,0.012188168806989676,0.008218563269261316,0.006391007923749008,0.009707694962668784,0.006864290463860208,0.011403132257347104,0.01000645668943606
Beer ,0.0039936678951548845,0.005243980619539316,0.007466076362192214,0.02478137159650516,0.0069349912152502,0.006717065925337569,0.00753480610007943,0.007206360905480541,0.006890533185067514,0.0072942737410643345,0.006717439126290707,0.006769887196187451,0.009141527180301826,0.008749059618745034,0.006971773328038127,0.007385443050039715,0.007490268594122319,0.009956736759332802,0.009503082192216045,0.0059928649404289115,0.008744240889594917,0.008205063065925337,0.009753140524225577,0.007724008308181098,0.005362601096108022,0.00527937045274027,0.00466448352660842,0.008556862652899124,0.008635842398729152,0.006256719586973789,0.007066896648133439,0.010099321922160445,0.006338344320889595,0.007510979634630659,0.010104045416997616,0.009670292787926927,0.011917230405083398,0.00928815887212073,0.008037229134233518,0.008689145448768865,0.009076250182684669,0.007285509166004764,0.009306242001588564,0.0061940732644956325,0.004343338586179507,0.007083840333598096,0.004612726084193804,0.007717261731532961,0.00764916419380461
Smoke,0.007169098052422558,0.0097846192025417,0.011103019972994439,0.0069349912152502,0.06729789512152502,0.012823303952343127,0.013952159389992053,0.011820149857029384,0.010735951583796664,0.011472858827640982,0.011792246104845116,0.012399655064336771,0.01681025267037331,0.015739864382843523,0.013237221752184274,0.010425843339158058,0.013093107456711677,0.016684332093725173,0.019954656127084986,0.010488439640984904,0.015801555491660044,0.013846228692613186,0.01673652285623511,0.013566764945194598,0.01098427207466243,0.009953831104050834,0.005456990856235106,0.01859505659412232,0.01727591565528197,0.011621340387609213,0.013475136752978551,0.01623708033200953,0.01174893102621128,0.013992801134233518,0.01775119481652105,0.016414868649721998,0.019508500679904683,0.0148286755822081,0.013630502449563145,0.01788132604606831,0.01609094539634631,0.013069629896743444,0.014993577111993643,0.010392854764098488,0.008742861992057187,0.013277467191421762,0.007388044322478157,0.014533986637013503,0.013062457343923747
Toys ,0.007553032228752979,0.008595942741858615,0.009247390351072278,0.006717065925337569,0.012823303952343127,0.026341092289118344,0.015515129042096901,0.012949478649721995,0.012568438004765686,0.012436038989674342,0.011965647158061954,0.013169785045274027,0.017764112902303418,0.016042296041302622,0.01140547174900715,0.013649324390786338,0.014810279758538521,0.019244558452740274,0.019169810967434472,0.013433223237490074,0.01729003755996823,0.014749956670373309,0.018051641868149327,0.013724579294678312,0.012861282799046865,0.011598840667196188,0.00803912563621922,0.016572895237490073,0.018434605416997617,0.012249831656870533,0.011848281798252579,0.019250333436060373,0.01190706989992057,0.014646336946783162,0.02004729902144559,0.018846891326449566,0.022946806093725177,0.017370773086576648,0.013614095828435266,0.018803979844320886,0.016723094001588557,0.013813207370929309,0.016182026725972992,0.011169881251787134,0.008303907749007147,0.01258405476409849,0.0076923825607625096,0.01496285794440032,0.014286059056393961
Fun  ,0.00902687719777601,0.011044222417791898,0.010978068009531373,0.00753480610007943,0.013952159389992053,0.015515129042096901,0.026476030665607615,0.015529347736298648,0.01600478790786338,0.015574718106433677,0.01522259773153296,0.015452013140587766,0.0205945797045274,0.01915755665766482,0.014628586484511513,0.016921326271644162,0.017182062996028598,0.022070932060365374,0.023049137328038122,0.01523367379825258,0.020715594738681495,0.01764795925019857,0.021711384895949162,0.017523419590150913,0.01426156626528991,0.013284907291501195,0.008418511224781572,0.020025614049245435,0.022005141064336774,0.014488853528196979,0.013975228250992844,0.0233961706370135,0.014483366201747415,0.017717947539316915,0.023651744826052427,0.022471315806195394,0.02751188866084193,0.020704515164416196,0.01646838431771247,0.0217148063923749,0.020649786033359804,0.01636538258935663,0.020555854913423353,0.014365718563939636,0.01004605416362192,0.015696970370135024,0.009165191046862588,0.01806537504686259,0.017217930567116766
Books,0.008176612231930103,0.009521707482128675,0.009689108411437648,0.007206360905480541,0.011820149857029384,0.012949478649721995,0.015529347736298648,0.023511709729944406,0.013300965893566325,0.012541124988085784,0.012781475957108813,0.013212155766481336,0.017627952438443208,0.016565499007148526,0.01266067222398729,0.014142193248610003,0.014375134265289913,0.01769799381254964,0.019168877966640185,0.012425789023034156,0.017217716997617157,0.015142630961080226,0.01848205672756156,0.01437496448768864,0.012908660039714057,0.011245110976965846,0.005073870881652106,0.017246442081016677,0.017968005822081023,0.012142121032565529,0.012525589944400315,0.02025069976965846,0.012371840420969026,0.014934298474980142,0.019872885631453535,0.0185152377045274,0.02272143645750596,0.0173405737172359,0.01450434281175536,0.01903862873709293,0.016986057783955528,0.013453288355837964,0.017225814138204922,0.01156500557585385,0.008680458681493248,0.013642261834789515,0.007505634066719618,0.015069420142970608,0.014689662319301034
Hshld,0.007843572441620334,0.009682207154884827,0.010847160562351073,0.006890533185067514,0.010735951583796664,0.012568438004765686,0.01600478790786338,0.013300965893566325,0.021661996435266086,0.013757361709293089,0.012682585502779979,0.01303242893407466,0.017700137328038126,0.01758148921683876,0.013095086567116762,0.014878780676727559,0.015034072806989669,0.019918595129467833,0.02126664088324066,0.01323653895472597,0.018446027253375692,0.01605427112946783,0.01960665824305004,0.014696002436854644,0.013656314341540906,0.012086835202541701,0.00680614632565528,0.018262374373312153,0.01894150416203335,0.013068124530579824,0.011908983173947575,0.019310702274821293,0.012949645652104845,0.015264981337569495,0.020409017166004767,0.01939503083399523,0.024041655764892762,0.018089431075456706,0.015296241455123115,0.019643912641779192,0.01769120464813344,0.01446139564733916,0.0177381471898332,0.012206729613979346,0.008809198652899128,0.013522963949166002,0.008002692133439236,0.015506243596505162,0.014626688711675936
Clths,0.007056281353455122,0.009135972651310562,0.009277490268467038,0.0072942737410643345,0.011472858827640982,0.012436038989674342,0.015574718106433677,0.012541124988085784,0.013757361709293089,0.019547162281175534,0.012006694621127878,0.012542706249404286,0.01688321697855441,0.01650891503097697,0.012798747837966636,0.014724024584590949,0.014537440305003967,0.019561489442414617,0.01994504034312947,0.013512902131850673,0.0174282330675139,0.015648288031771245,0.018341958163621924,0.014266174589356632,0.012717988988085778,0.011987209753772833,0.007779346262112787,0.017853411005559965,0.01863962513105639,0.012698801067513896,0.011338968781572674,0.018313124276409846,0.011997874166799047,0.015029654538522636,0.019540634306592527,0.018524768387609216,0.022423249887212074,0.017148561099285142,0.014159111065925338,0.01887667788403495,0.0174327434725973,0.014072292422557586,0.01854197267037331,0.011728177143764892,0.008521539558379667,0.012705672114376489,0.007822489162827642,0.01480181458935663,0.014046551142176329
Hlth ,0.008520674389197775,0.009362538389197775,0.009179123814138204,0.006717439126290707,0.011792246104845116,0.011965647158061954,0.01522259773153296,0.012781475957108813,0.012682585502779979,0.012006694621127878,0.0217791252279587,0.014058266451151706,0.018654935904686254,0.01596566867831612,0.012976907324861002,0.013232095208895948,0.013612379806195393,0.018164176459094517,0.019536951586973786,0.012787241172359017,0.01745320386656076,0.014748917512311359,0.01754461923113582,0.013650231073868148,0.0123153502573471,0.012531767370929307,0.009807006049245432,0.018218033998411442,0.01784644845909452,0.013177281490071484,0.011791605817315332,0.01978962289594917,0.011422094832406674,0.015367611911040507,0.02010409459729944,0.01918953133439237,0.0230306962446386,0.01759935218903892,0.01390113106274821,0.01820560832724384,0.016596719490071483,0.014110987513899923,0.01641545884670373,0.01101175075138999,0.0085656735949166,0.013595357027799841,0.007714152052422557,0.015062916308181096,0.013131670732327242
MedEq,0.00895329885305798,0.009364315355043685,0.009524974965845909,0.006769887196187451,0.012399655064336771,0.013169785045274027,0.015452013140587766,0.013212155766481336,0.01303242893407466,0.012542706249404286,0.014058266451151706,0.01899281120095313,0.021047288597299443,0.016194334381254966,0.012669104147736298,0.014033632905480539,0.014378567669579031,0.019311982972200152,0.020583594478157267,0.01334205794757744,0.018037579212073083,0.01676483433518666,0.01754286561715647,0.013952052614773627,0.012331537326449564,0.01316455625099285,0.01040637218109611,0.018830049947577438,0.020264107680698966,0.014644483714058777,0.012069138081016678,0.020221447169181884,0.012600132894360605,0.016188604381254964,0.021638240840349477,0.02072917660841938,0.024494445950754565,0.0190949342700556,0.013888236162033357,0.018020913299444004,0.017154545542494043,0.014656764225575856,0.016350698783161234,0.01135806627164416,0.008663525477362988,0.012645224287529785,0.007935676532168385,0.015587602948371727,0.014581259199364573
Drugs,0.011304208794281173,0.012612584387609213,0.012516185880857823,0.009141527180301826,0.01681025267037331,0.017764112902303418,0.0205945797045274,0.017627952438443208,0.017700137328038126,0.01688321697855441,0.018654935904686254,0.021047288597299443,0.03521214694837173,0.02229114258300238,0.016847237223193007,0.018778689321683875,0.019240849715647334,0.025436622195393166,0.026996107081810963,0.01707137791262907,0.024567629718824462,0.022803457582208104,0.023667916460683083,0.018340428295472597,0.01711804054646545,0.01804331208895949,0.009453778198570295,0.02481898440667196,0.025144682096902307,0.018902427126290703,0.016941342309769656,0.028636228365369328,0.01659529767116759,0.02207149025575854,0.030804257423351848,0.0289978261477363,0.034932090281175526,0.026595338611596502,0.018516409162827634,0.024470247631453532,0.023097605032565523,0.019387811151707696,0.021795841887212074,0.014545887555202537,0.011363183599682287,0.017363556200158857,0.010651054017474182,0.021468578954725977,0.019535676905480536
Chems,0.009610620435266082,0.011801365127879269,0.012811594984908655,0.008749059618745034,0.015739864382843523,0.016042296041302622,0.01915755665766482,0.016565499007148526,0.01758148921683876,0.01650891503097697,0.01596566867831612,0.016194334381254966,0.02229114258300238,0.028430058298649724,0.016817967280381253,0.01823738831135822,0.019381396829229548,0.024488266025416996,0.02900109117077045,0.01706448739316918,0.02359146929626688,0.02044109204447974,0.024165867828435265,0.0186542035949166,0.018340470660841934,0.015265907037331217,0.012116354732327247,0.026564685029388406,0.028029123613979346,0.01931296752025417,0.015798772908657666,0.023838847814138205,0.015320425212073075,0.019119797512311354,0.025170808398729146,0.02365978558379666,0.029451954309769653,0.022640296948371722,0.019888621210484514,0.026737303933280384,0.02262918547577442,0.018448053820492447,0.02110134654805401,0.014186115288324069,0.011330432953137412,0.01678904315647339,0.009976731836378075,0.019229044206513102,0.01920382144241461
Rubbr,0.007664478169976173,0.009165548841938044,0.009705080049245432,0.006971773328038127,0.013237221752184274,0.01140547174900715,0.014628586484511513,0.01266067222398729,0.013095086567116762,0.012798747837966636,0.012976907324861002,0.012669104147736298,0.016847237223193007,0.016817967280381253,0.047687819683876094,0.0141710669324861,0.014973602681493252,0.018318534473391577,0.022082183072279583,0.013598731275615564,0.017939206948371724,0.016174914811755356,0.017952789715647347,0.013607816697378868,0.013940320376489278,0.012957798443208896,0.0064598593613979325,0.018712726929308972,0.01965514070691025,0.014001874468625893,0.011495606897537725,0.01980771676409849,0.011582027207307386,0.014711671736298651,0.01937558007783955,0.01847097195393169,0.02319933665766481,0.017479715540905476,0.015130733699761716,0.018496821385226368,0.017221133675933274,0.014353961715647338,0.01608757681334392,0.010738412482922953,0.008550551911040509,0.012196184049245431,0.00803341481652105,0.014667956022239874,0.014881780565528196
Txtls,0.008258047231135822,0.009292386408260526,0.009748051301032562,0.007385443050039715,0.010425843339158058,0.013649324390786338,0.016921326271644162,0.014142193248610003,0.014878780676727559,0.014724024584590949,0.013232095208895948,0.014033632905480539,0.018778689321683875,0.01823738831135822,0.0141710669324861,0.0425285261254964,0.01551114746942017,0.021256418100079423,0.023086695339158064,0.014465770185861794,0.01910137286100079,0.016572983250198566,0.019297897226370136,0.01568998073709293,0.012812402538522637,0.013767531850675137,0.010939709153296263,0.02067753742335186,0.02259032427323273,0.01654848875615568,0.013509829687053214,0.021382671901509127,0.01413615288006354,0.016242876174741856,0.020778459707704526,0.020178552200158857,0.02441982475615568,0.019525184403494836,0.015608152813343929,0.021098463396346308,0.01849518882605242,0.015065354471803018,0.01795219802382844,0.012461284975377284,0.009187731329626686,0.013232253607625099,0.007495703666401907,0.01617544124543288,0.016488320482922952
BldMt,0.0095059573375695,0.010507134087370931,0.011054427717235903,0.007490268594122319,0.013093107456711677,0.014810279758538521,0.017182062996028598,0.014375134265289913,0.015034072806989669,0.014537440305003967,0.013612379806195393,0.014378567669579031,0.019240849715647334,0.019381396829229548,0.014973602681493252,0.01551114746942017,0.021297266567116755,0.023738734500397134,0.025052043799841137,0.016540409188244638,0.02083178076568705,0.017713319034154087,0.021243606779984117,0.0169545524511517,0.016033745220015886,0.01450728991262907,0.011444552,0.023329566125496422,0.02509283917394758,0.017404789299444005,0.013946513861795073,0.020353344883240664,0.013226930319301035,0.016608423104050835,0.02130939595234313,0.020305443812549645,0.024809981776012707,0.018958125057982528,0.017132394490865767,0.021730588619539318,0.019916308517871326,0.016204818173153297,0.0187068143161239,0.012931495224781571,0.0099162762573471,0.01476856157585385,0.009330522853057984,0.01686119146624305,0.016613729671167594
Cnstr,0.012120651990468622,0.013513440851469416,0.015699414505162823,0.009956736759332802,0.016684332093725173,0.019244558452740274,0.022070932060365374,0.01769799381254964,0.019918595129467833,0.019561489442414617,0.018164176459094517,0.019311982972200152,0.025436622195393166,0.024488266025416996,0.018318534473391577,0.021256418100079423,0.023738734500397134,0.04684497437807783,0.032734157655281974,0.02050302786020651,0.0265881953836378,0.02263168234154091,0.028006029842732327,0.02130950857982526,0.01893827764416203,0.01846226382843526,0.01655323953613979,0.030952345833200952,0.033005135496425746,0.024023683650516277,0.01862957277521842,0.026737004071485306,0.01867006552343129,0.021817983062748212,0.02800094694042891,0.026669422184273227,0.0322454349579031,0.02493178705798253,0.022107094303415405,0.028332166230341526,0.02548442593963463,0.021203339888800635,0.025599995304209693,0.01672608593804607,0.01323417799523431,0.01911124257188244,0.013211212084193808,0.02278166067672756,0.02249929649880858
Steel,0.012046322846703733,0.01435004823510723,0.015004590443208893,0.009503082192216045,0.019954656127084986,0.019169810967434472,0.023049137328038122,0.019168877966640185,0.02126664088324066,0.01994504034312947,0.019536951586973786,0.020583594478157267,0.026996107081810963,0.02900109117077045,0.022082183072279583,0.023086695339158064,0.025052043799841137,0.032734157655281974,0.050635761486894366,0.0217230058014297,0.030867656133439232,0.026394302614773636,0.02937544947418586,0.023797707011914214,0.024027296057188244,0.02127823930103256,0.026856108549642568,0.04138122244320889,0.046367061032565514,0.031408076270055596,0.019089626096902304,0.030094440241461476,0.01796175940905481,0.02402373584114376,0.031594468841938034,0.02964590611596505,0.03702664331056395,0.0278206261350278,0.024503703631453534,0.03246768868625893,0.028605772670373304,0.024213039491660045,0.025005431542494048,0.017263572314535347,0.013677916492454329,0.019833566030182683,0.012961319885623511,0.02427511879904686,0.023546359815726763
FabPr,0.008834933254964256,0.009159985016679905,0.010997120092136615,0.0059928649404289115,0.010488439640984904,0.013433223237490074,0.01523367379825258,0.012425789023034156,0.01323653895472597,0.013512902131850673,0.012787241172359017,0.01334205794757744,0.01707137791262907,0.01706448739316918,0.013598731275615564,0.014465770185861794,0.016540409188244638,0.02050302786020651,0.0217230058014297,0.05190171076092135,0.018987044212867354,0.017137532727561553,0.018689825874503574,0.015126692482922957,0.015140039024622715,0.014955891660047654,0.02193072769499603,0.022201966443208897,0.02185615871326449,0.016102477623510726,0.011909277007148528,0.01900649933915806,0.012369684298649718,0.015314257798252582,0.02026761814455917,0.01902021421763304,0.023144305239078636,0.01769723983161239,0.015271087834789514,0.019468786490865763,0.017686085213661638,0.015012095091342334,0.0168474597807784,0.01225389344559174,0.009122675653693405,0.013203169057982527,0.008548563536139793,0.015762944222398725,0.015326791434471803
Mach ,0.011080460384432087,0.012388234859412229,0.012258244374900711,0.008744240889594917,0.015801555491660044,0.01729003755996823,0.020715594738681495,0.017217716997617157,0.018446027253375692,0.0174282330675139,0.01745320386656076,0.018037579212073083,0.024567629718824462,0.02359146929626688,0.017939206948371724,0.01910137286100079,0.02083178076568705,0.0265881953836378,0.030867656133439232,0.018987044212867354,0.02993242178872121,0.022791774799046857,0.025420681150119147,0.02061025743288324,0.01953730519142177,0.017306530293884036,0.01510646009849087,0.027862704508339945,0.030702224289118347,0.02307706073391581,0.016527953023034156,0.027357107231135817,0.016486866525814135,0.021468368533756946,0.030154434957903094,0.02782248223987292,0.03567340359650515,0.026241363847498023,0.020091345474185864,0.025709307081810955,0.02431051988244638,0.020151013566322477,0.02270142639555203,0.015252380130262113,0.01170777993963463,0.017331063488482925,0.011109820298649722,0.02145749106274821,0.019975152953137405
ElcEq,0.009315727612390787,0.010920158481334392,0.010897269092930897,0.008205063065925337,0.013846228692613186,0.014749956670373309,0.01764795925019857,0.015142630961080226,0.01605427112946783,0.015648288031771245,0.014748917512311359,0.01676483433518666,0.022803457582208104,0.02044109204447974,0.016174914811755356,0.016572983250198566,0.017713319034154087,0.02263168234154091,0.026394302614773636,0.017137532727561553,0.022791774799046857,0.027877656546465453,0.0215565376076251,0.017399586996028595,0.015483262459094519,0.01580621328038126,0.013630259177124704,0.02315671950436855,0.024516531675933276,0.018206600527402705,0.014083362872120732,0.024174896714853053,0.015039208257347104,0.01899197361715647,0.02660322653852263,0.024772455011914215,0.03097071273073867,0.023112562481334396,0.017166466713264498,0.021640035119936462,0.021076971288324073,0.017893912406671965,0.019545881137410643,0.01348997739793487,0.01035955582525814,0.014926275783955521,0.010065595834789515,0.018557400451151704,0.017301350030182683
Autos,0.011329721569499601,0.012540645585385224,0.01365093303574265,0.009753140524225577,0.01673652285623511,0.018051641868149327,0.021711384895949162,0.01848205672756156,0.01960665824305004,0.018341958163621924,0.01754461923113582,0.01754286561715647,0.023667916460683083,0.024165867828435265,0.017952789715647347,0.019297897226370136,0.021243606779984117,0.028006029842732327,0.02937544947418586,0.018689825874503574,0.025420681150119147,0.0215565376076251,0.03595718982684671,0.02158060652263701,0.019699732934074666,0.017143287974582998,0.008598852308181098,0.025104017620333596,0.026180303240667203,0.017867945683876094,0.016920105054805405,0.02673514960762509,0.016593560447974585,0.0206832779158062,0.02740134823510724,0.025625326942017464,0.03213688237648928,0.024668699059571083,0.021563173382049244,0.027174242179507545,0.025627084279586963,0.019738270500397143,0.02442662424781572,0.016515740664019063,0.012167683888800632,0.01849955207942812,0.010269824530579823,0.020908875513899923,0.020578481899920575
Aero ,0.009327926430500398,0.010652194465448767,0.009557649421763304,0.007724008308181098,0.013566764945194598,0.013724579294678312,0.017523419590150913,0.01437496448768864,0.014696002436854644,0.014266174589356632,0.013650231073868148,0.013952052614773627,0.018340428295472597,0.0186542035949166,0.013607816697378868,0.01568998073709293,0.0169545524511517,0.02130950857982526,0.023797707011914214,0.015126692482922957,0.02061025743288324,0.017399586996028595,0.02158060652263701,0.03707964856393963,0.015814498231930103,0.016632953328038123,0.008765432292295473,0.020801625483717234,0.02247596256552819,0.01533811056076251,0.013542293251787131,0.02013175025099285,0.013037189876092136,0.01682033378554408,0.021434468783161235,0.019801093796664015,0.02493352985861795,0.019146892760921363,0.016812885216838762,0.02122236197299444,0.02033432722637013,0.01636405563145354,0.018882428568705322,0.012881043650516281,0.009694352387609212,0.014723763111993643,0.008396678359015091,0.01735762366322478,0.015567419008737093
Ships,0.008674833861795078,0.009618382544876885,0.011469103601270849,0.005362601096108022,0.01098427207466243,0.012861282799046865,0.01426156626528991,0.012908660039714057,0.013656314341540906,0.012717988988085778,0.0123153502573471,0.012331537326449564,0.01711804054646545,0.018340470660841934,0.013940320376489278,0.012812402538522637,0.016033745220015886,0.01893827764416203,0.024027296057188244,0.015140039024622715,0.01953730519142177,0.015483262459094519,0.019699732934074666,0.015814498231930103,0.041961519267672755,0.014588950341540905,0.011373407491660048,0.02176918753613979,0.022431339928514697,0.015769698659253376,0.011979121038919778,0.017268375124702143,0.011722840586179506,0.015113379930103256,0.018909845580619537,0.018045860230341538,0.0230213986370135,0.017291533011914214,0.015204777931691817,0.0195350268689436,0.018879025930103262,0.01503257140587768,0.015927090910246224,0.010717010430500398,0.008970837515488484,0.013356937749007147,0.00857274358856235,0.01578486610325655,0.014492592886417787
Guns ,0.009564227704527401,0.009380248451151707,0.0064521730579825244,0.00527937045274027,0.009953831104050834,0.011598840667196188,0.013284907291501195,0.011245110976965846,0.012086835202541701,0.011987209753772833,0.012531767370929307,0.01316455625099285,0.01804331208895949,0.015265907037331217,0.012957798443208896,0.013767531850675137,0.01450728991262907,0.01846226382843526,0.02127823930103256,0.014955891660047654,0.017306530293884036,0.01580621328038126,0.017143287974582998,0.016632953328038123,0.014588950341540905,0.06186608463860206,0.01687510827640985,0.02079174691024623,0.023239993772835588,0.016754471389992056,0.011232420619539316,0.015550532930897538,0.01177827316918189,0.014397354853057983,0.017252896775218424,0.016670519714058783,0.0199059855440826,0.01597211132644956,0.013086174710087368,0.01760154557585385,0.01460513394757744,0.014545350881652106,0.014402398189038917,0.01167214961080222,0.008009153995234315,0.011186084130262113,0.008570649531374108,0.01333718430500397,0.013196298967434471
Gold ,0.008629598576648134,0.006595928908657666,0.0007846176457505938,0.00466448352660842,0.005456990856235106,0.00803912563621922,0.008418511224781572,0.005073870881652106,0.00680614632565528,0.007779346262112787,0.009807006049245432,0.01040637218109611,0.009453778198570295,0.012116354732327247,0.0064598593613979325,0.010939709153296263,0.011444552,0.01655323953613979,0.026856108549642568,0.02193072769499603,0.01510646009849087,0.013630259177124704,0.008598852308181098,0.008765432292295473,0.011373407491660048,0.01687510827640985,0.22078485843367748,0.052102031796664006,0.03729442830818111,0.03221397566957903,0.011625403710881648,0.010664689283558378,0.008749143853852264,0.010453096019062746,0.010130029439237494,0.009862213820492453,0.013297503173947574,0.010993094366957905,0.00847223306115965,0.013166517261318502,0.009872532409849083,0.012635612708498806,0.007463328343129466,0.005907060276409851,0.006456154509928514,0.006266518494042894,0.010848960819698172,0.011707378948371722,0.006590458122319302
Mines,0.013694216641779191,0.013122601099285144,0.013854611218427328,0.008556862652899124,0.01859505659412232,0.016572895237490073,0.020025614049245435,0.017246442081016677,0.018262374373312153,0.017853411005559965,0.018218033998411442,0.018830049947577438,0.02481898440667196,0.026564685029388406,0.018712726929308972,0.02067753742335186,0.023329566125496422,0.030952345833200952,0.04138122244320889,0.022201966443208897,0.027862704508339945,0.02315671950436855,0.025104017620333596,0.020801625483717234,0.02176918753613979,0.02079174691024623,0.052102031796664006,0.07223045573312152,0.04798217386814932,0.03373806483876093,0.018433032190627478,0.023939394799046863,0.017130309728355837,0.0214573930039714,0.02574436530262113,0.025591680905480536,0.030264611647339158,0.024085022312946777,0.02113416436536934,0.02974424070532168,0.025502881172359007,0.022262750500397138,0.02149210272915012,0.01497927217791898,0.012683068301826847,0.01767574973471009,0.012469165772835583,0.02220618610325655,0.021711470297061157
Coal ,0.010937911771247021,0.013618316632247817,0.013665157196187449,0.008635842398729152,0.01727591565528197,0.018434605416997617,0.022005141064336774,0.017968005822081023,0.01894150416203335,0.01863962513105639,0.01784644845909452,0.020264107680698966,0.025144682096902307,0.028029123613979346,0.01965514070691025,0.02259032427323273,0.02509283917394758,0.033005135496425746,0.046367061032565514,0.02185615871326449,0.030702224289118347,0.024516531675933276,0.026180303240667203,0.02247596256552819,0.022431339928514697,0.023239993772835588,0.03729442830818111,0.04798217386814932,0.10403433098490862,0.04954070724384433,0.022887391596505165,0.027365941945988886,0.017148785536139792,0.0224408322954726,0.026960843328038126,0.025745393018268465,0.031509606624305,0.025149542343129473,0.02268054309769658,0.03153271941223193,0.02589508382049245,0.023634994376489273,0.02248658516282764,0.015851484876886417,0.012110871580619539,0.017410324884829232,0.014331800277998413,0.021423746751389992,0.022778160905480536
Oil  ,0.008671873366163622,0.009714290846703734,0.009572186335186658,0.006256719586973789,0.011621340387609213,0.012249831656870533,0.014488853528196979,0.012142121032565529,0.013068124530579824,0.012698801067513896,0.013177281490071484,0.014644483714058777,0.018902427126290703,0.01931296752025417,0.014001874468625893,0.01654848875615568,0.017404789299444005,0.024023683650516277,0.031408076270055596,0.016102477623510726,0.02307706073391581,0.018206600527402705,0.017867945683876094,0.01533811056076251,0.015769698659253376,0.016754471389992056,0.03221397566957903,0.03373806483876093,0.04954070724384433,0.04748214221445593,0.0166500315107228,0.01876259538363781,0.012308624505162825,0.016603224978554407,0.019190585356632248,0.0185097756791104,0.022424720711675932,0.01797963547895155,0.015112639510722793,0.020512309731532962,0.016927153172359013,0.0167295626370135,0.015173840368546467,0.010081275145353454,0.00853255206354249,0.012480142370135026,0.010079740470214453,0.015773968590945195,0.01622555159332803
Util ,0.008151902964257347,0.009085733299444003,0.008971669772835585,0.007066896648133439,0.013475136752978551,0.011848281798252579,0.013975228250992844,0.012525589944400315,0.011908983173947575,0.011338968781572674,0.011791605817315332,0.012069138081016678,0.016941342309769656,0.015798772908657666,0.011495606897537725,0.013509829687053214,0.013946513861795073,0.01862957277521842,0.019089626096902304,0.011909277007148528,0.016527953023034156,0.014083362872120732,0.016920105054805405,0.013542293251787131,0.011979121038919778,0.011232420619539316,0.011625403710881648,0.018433032190627478,0.022887391596505165,0.0166500315107228,0.020029727409054805,0.018008432606830816,0.010735303882446381,0.013818846538522634,0.01729595554884829,0.01625104065131056,0.020041047993645755,0.015039788540111202,0.013475540473391579,0.018524642897537726,0.01593274363463066,0.012830683081810961,0.014630140822875297,0.010066998881652103,0.00866133727720413,0.013172591037331215,0.0073758836759332804,0.013993848629070691,0.014494533998411437
Telcm,0.01098858472438443,0.012734533070691025,0.012103959369340745,0.010099321922160445,0.01623708033200953,0.019250333436060373,0.0233961706370135,0.02025069976965846,0.019310702274821293,0.018313124276409846,0.01978962289594917,0.020221447169181884,0.028636228365369328,0.023838847814138205,0.01980771676409849,0.021382671901509127,0.020353344883240664,0.026737004071485306,0.030094440241461476,0.01900649933915806,0.027357107231135817,0.024174896714853053,0.02673514960762509,0.02013175025099285,0.017268375124702143,0.015550532930897538,0.010664689283558378,0.023939394799046863,0.027365941945988886,0.01876259538363781,0.018008432606830816,0.04217950122160444,0.018969758174741863,0.023895356972200153,0.034682018978554406,0.03239174571088165,0.04023675567593326,0.02878677777442414,0.02044167414138205,0.02740038151866561,0.025623926254169975,0.021125594185861792,0.024456055015091346,0.015973289680698968,0.012483265232724384,0.01860558085305798,0.01109827995393169,0.02357549310246227,0.021482559965051627
PerSv,0.0074533487783955505,0.008135828517871327,0.009405196675138998,0.006338344320889595,0.01174893102621128,0.01190706989992057,0.014483366201747415,0.012371840420969026,0.012949645652104845,0.011997874166799047,0.011422094832406674,0.012600132894360605,0.01659529767116759,0.015320425212073075,0.011582027207307386,0.01413615288006354,0.013226930319301035,0.01867006552343129,0.01796175940905481,0.012369684298649718,0.016486866525814135,0.015039208257347104,0.016593560447974585,0.013037189876092136,0.011722840586179506,0.01177827316918189,0.008749143853852264,0.017130309728355837,0.017148785536139792,0.012308624505162825,0.010735303882446381,0.018969758174741863,0.020700740681493246,0.014630759691818903,0.01881173338046068,0.018067809698173155,0.022079192568705323,0.016947695474185863,0.013434800806989675,0.017123985375694994,0.016094319035742648,0.013295997490071486,0.015899697073868145,0.010624934020651311,0.008365300772041302,0.012395276287529783,0.00778639431135822,0.014200557127879269,0.013263265801429705
BusSv,0.009846510411437645,0.010524096374900715,0.010367964667196186,0.007510979634630659,0.013992801134233518,0.014646336946783162,0.017717947539316915,0.014934298474980142,0.015264981337569495,0.015029654538522636,0.015367611911040507,0.016188604381254964,0.02207149025575854,0.019119797512311354,0.014711671736298651,0.016242876174741856,0.016608423104050835,0.021817983062748212,0.02402373584114376,0.015314257798252582,0.021468368533756946,0.01899197361715647,0.0206832779158062,0.01682033378554408,0.015113379930103256,0.014397354853057983,0.010453096019062746,0.0214573930039714,0.0224408322954726,0.016603224978554407,0.013818846538522634,0.023895356972200153,0.014630759691818903,0.02021639492295473,0.025004621003971404,0.02361203747418586,0.02884675327720413,0.021819541817315328,0.016509136794281173,0.021456038976965845,0.020209825992057184,0.016771292295472598,0.01921597364892772,0.0130569621350278,0.01003153446227164,0.015045800702144561,0.009198337420174741,0.018058112705321684,0.016840238011119932
Hardw,0.011831257620333597,0.012869153080222401,0.012309210514694203,0.010104045416997616,0.01775119481652105,0.02004729902144559,0.023651744826052427,0.019872885631453535,0.020409017166004767,0.019540634306592527,0.02010409459729944,0.021638240840349477,0.030804257423351848,0.025170808398729146,0.01937558007783955,0.020778459707704526,0.02130939595234313,0.02800094694042891,0.031594468841938034,0.02026761814455917,0.030154434957903094,0.02660322653852263,0.02740134823510724,0.021434468783161235,0.018909845580619537,0.017252896775218424,0.010130029439237494,0.02574436530262113,0.026960843328038126,0.019190585356632248,0.01729595554884829,0.034682018978554406,0.01881173338046068,0.025004621003971404,0.04550917409213662,0.03644365903891977,0.04676013501826848,0.032235418899126275,0.021494216101667987,0.027651560949960286,0.026953033996822872,0.02261544142970612,0.025760149763304208,0.016371898970611597,0.012709065626687846,0.018909995633042097,0.011831516192216044,0.024886474637013496,0.022379747504368542
Softw,0.011457030976965843,0.012591286703733119,0.012005410174741857,0.009670292787926927,0.016414868649721998,0.018846891326449566,0.022471315806195394,0.0185152377045274,0.01939503083399523,0.018524768387609216,0.01918953133439237,0.02072917660841938,0.0289978261477363,0.02365978558379666,0.01847097195393169,0.020178552200158857,0.020305443812549645,0.026669422184273227,0.02964590611596505,0.01902021421763304,0.02782248223987292,0.024772455011914215,0.025625326942017464,0.019801093796664015,0.018045860230341538,0.016670519714058783,0.009862213820492453,0.025591680905480536,0.025745393018268465,0.0185097756791104,0.01625104065131056,0.03239174571088165,0.018067809698173155,0.02361203747418586,0.03644365903891977,0.035273741818903886,0.04164638196981731,0.029683999324861002,0.020096845591739475,0.025721008689436053,0.025140756624305,0.02107551850675139,0.024423288991262903,0.015728079602859414,0.01219692915011914,0.018114674797458298,0.010930907680698968,0.023447843876092136,0.02091485752184273
Chips,0.013751002522637012,0.014940344902303416,0.014138147523431292,0.011917230405083398,0.019508500679904683,0.022946806093725177,0.02751188866084193,0.02272143645750596,0.024041655764892762,0.022423249887212074,0.0230306962446386,0.024494445950754565,0.034932090281175526,0.029451954309769653,0.02319933665766481,0.02441982475615568,0.024809981776012707,0.0322454349579031,0.03702664331056395,0.023144305239078636,0.03567340359650515,0.03097071273073867,0.03213688237648928,0.02493352985861795,0.0230213986370135,0.0199059855440826,0.013297503173947574,0.030264611647339158,0.031509606624305,0.022424720711675932,0.020041047993645755,0.04023675567593326,0.022079192568705323,0.02884675327720413,0.04676013501826848,0.04164638196981731,0.05710384399682287,0.03796373597776012,0.024772140943606035,0.031402742068308176,0.031169242436854643,0.026240904686258934,0.029657826185861793,0.0188673556918189,0.014783922586179507,0.021810986678316123,0.01342095981254964,0.02896718817474185,0.025717054989674346
LabEq,0.011015304470214453,0.011760722046068303,0.011786797891977757,0.00928815887212073,0.0148286755822081,0.017370773086576648,0.020704515164416196,0.0173405737172359,0.018089431075456706,0.017148561099285142,0.01759935218903892,0.0190949342700556,0.026595338611596502,0.022640296948371722,0.017479715540905476,0.019525184403494836,0.018958125057982528,0.02493178705798253,0.0278206261350278,0.01769723983161239,0.026241363847498023,0.023112562481334396,0.024668699059571083,0.019146892760921363,0.017291533011914214,0.01597211132644956,0.010993094366957905,0.024085022312946777,0.025149542343129473,0.01797963547895155,0.015039788540111202,0.02878677777442414,0.016947695474185863,0.021819541817315328,0.032235418899126275,0.029683999324861002,0.03796373597776012,0.031942231642573475,0.019340463212073077,0.024549713496425735,0.023654432640190626,0.01957811815726767,0.022457143339158055,0.014869428266878476,0.011304857925337568,0.016715553736298648,0.010032192376489274,0.021598945779189832,0.019000409432883232
