,Agric,Food ,Soda ,Beer ,Smoke,Toys ,Fun  ,Books,Hshld,Clths,Hlth ,MedEq,Drugs,Chems,Rubbr,Txtls,BldMt,Cnstr,Steel,FabPr,Mach ,ElcEq,Autos,Aero ,Ships,Guns ,Gold ,Mines,Coal ,Oil  ,Util ,Telcm,PerSv,BusSv,Hardw,Softw,Chips,LabEq,Paper,Boxes,Trans,Whlsl,Rtail,Meals,Banks,Insur,RlEst,Fin  ,Other
Agric,0.028004658762509925,0.006696410487688642,0.007073129266084191,0.004380654133439237,0.007620922312946782,0.008047775366163622,0.009399981617156473,0.008440098257347102,0.008314912384432088,0.007520893834789515,0.008565444023828438,0.009598434338363781,0.011914406616362191,0.01019396506274821,0.008211865548848288,0.008128532854646545,0.010071255969817314,0.012743461038919775,0.01294735162351072,0.009427865747418588,0.011658798114376485,0.00993132923113582,0.011953964692613185,0.009583110538522633,0.009097597872915014,0.010073413572676729,0.009501904598888007,0.014765270907069097,0.012405503566322477,0.009291992592533755,0.008386498408260522,0.011341117305798254,0.007556793374106433,0.010209409577442414,0.012206283917394757,0.011951848365369342,0.014049196789515486,0.011413209507545671,0.009297332611596503,0.011584839212073072,0.01077840043367752,0.009118219343923746,0.010283371882446386,0.007809101118347892,0.006004677231135821,0.008703740683081808,0.005697993874503573,0.010139234020651313,0.009155633208895947
Food ,0.006696410487688642,0.011487788791104049,0.007961095100873707,0.005567352969023033,0.009739177556791103,0.008811702757744242,0.011172575370929307,0.009554568969023035,0.009843376540111201,0.009250914500397143,0.009620910573471008,0.009573044943606035,0.012631321540905478,0.012051242659253378,0.009488867586973787,0.009103881118347893,0.010607759310563937,0.013879194992851469,0.01498427268308181,0.009388162503574264,0.01255935527561557,0.011224050011119934,0.012882264794281175,0.010800960997617159,0.009655960384432088,0.009235311879269263,0.00739635324861001,0.013654759860206513,0.013988393661636218,0.010173006154090546,0.009199324441620336,0.012902408114376488,0.008312118694201747,0.010734014230341541,0.012927313918983318,0.012815598748212868,0.015038185223193008,0.011901281254964256,0.010260196978554407,0.013120431180301824,0.012205334243050033,0.01001706350119142,0.01164160873709293,0.008407517407466245,0.0065035043590150905,0.009775394312946783,0.00589520652581414,0.01074229428435266,0.010092521159650519
Soda ,0.007073129266084191,0.007961095100873707,0.041072456773629855,0.007914120176330421,0.011095489258141387,0.00960213861636219,0.011283050459094519,0.009896917996822878,0.011134656486100078,0.009544073847498015,0.009721333787132644,0.010018648908657665,0.013027550111199363,0.013506631105639398,0.010273017202541701,0.009731823154884826,0.011326551197776012,0.01610002105162828,0.015981613377283557,0.011787432762509925,0.012727254295472598,0.011336511760127083,0.014211771726767278,0.010065868899126291,0.01201382030659253,0.006697736063542493,0.0024009783240667194,0.014912447161239078,0.015024573478951548,0.010306268992851466,0.009225121753772837,0.012557327675933278,0.009836022409849087,0.010830805062748212,0.012445689559968231,0.012406729496425732,0.01440985028911835,0.012124239197776011,0.01096819138522637,0.013647807707704525,0.012402509418586177,0.010405479731532961,0.012598823637807784,0.008643784689436058,0.00667701777760127,0.009929972073073867,0.007081456031771246,0.012058124111199367,0.010276852732327245
Beer ,0.004380654133439237,0.005567352969023033,0.007914120176330421,0.024345489148530575,0.007200819018268468,0.006976479445591738,0.008224981915806194,0.007493852090548053,0.007407826023828434,0.007638736684670374,0.007066918301826845,0.007179260670373311,0.009750558022239873,0.009342878902303417,0.0075490461334392365,0.007657297671167593,0.007986126308181093,0.010718114548054011,0.010554937965051627,0.0064369415027799816,0.009185036077839553,0.008686930320889592,0.010456823825258138,0.008248475469420175,0.006298083855440827,0.005209759663224784,0.004958286854646546,0.009131539971405877,0.009259189301032563,0.006582675772835584,0.007388608984908657,0.010488832895949169,0.006889780338363782,0.008023101069102461,0.010623410265289908,0.010231744594122318,0.01239482403971406,0.009655732319301029,0.00849652834471803,0.009577743110405082,0.00962958228911835,0.007834338711675933,0.009729816044479743,0.006683865413820491,0.004695304684670373,0.007409587227958696,0.004781232038125496,0.008330748517871326,0.007947196910246224
Smoke,0.007620922312946782,0.009739177556791103,0.011095489258141387,0.007200819018268468,0.06712236209054805,0.013089655644162033,0.013872445953931693,0.012015488813343925,0.010546657594916601,0.011387137258141378,0.011897024317712465,0.012185892098490867,0.016091603272438443,0.01572174178236696,0.013205867177124707,0.010134667278792692,0.01306944604924543,0.016618300848292297,0.020120783974583,0.010126097995234312,0.015699000457505958,0.013852839199364572,0.016531445407466244,0.01352780254805401,0.011178372162033358,0.009555569251787131,0.006496808133439233,0.018745601486894362,0.01738088397140588,0.011671029852263702,0.01336497262589357,0.0157184074725973,0.011946230347895152,0.013738972460683082,0.017192706332009533,0.016193891876092135,0.019154224787926926,0.014551355297855442,0.013786118481334392,0.017172204263701352,0.015960574087370928,0.012898114173153298,0.01488294217633042,0.010414712857823671,0.00886866750119142,0.013312085115170774,0.007439529092930897,0.014683470621127877,0.01288382014297061
Toys ,0.008047775366163622,0.008811702757744242,0.00960213861636219,0.006976479445591738,0.013089655644162033,0.026217397901509135,0.01586053023669579,0.012963559839555204,0.012850357010325655,0.01256936315647339,0.012236873389992055,0.013284494849880854,0.01765724275615568,0.01629666827799841,0.011612768211278794,0.013113699469420172,0.014930644160444794,0.01966974702462271,0.01973504114535345,0.013500817448768864,0.017519857949166003,0.014967338797458296,0.018158148915011912,0.013680945722001587,0.013342914571882443,0.011407487961874505,0.009704603137410645,0.01704822250675139,0.018784973637807782,0.012547357348689434,0.011936280895949164,0.01885655220333598,0.012144425618745033,0.014721563251787128,0.01983857836060365,0.018799479393169182,0.02271606652422557,0.0173444425019857,0.014011947636219223,0.018938326246227166,0.016932873803018268,0.013974718174741859,0.016341354471803012,0.01150078729467832,0.008521304354249401,0.01278744705321684,0.00798019274344718,0.015296106509928515,0.014408095496425733
Fun  ,0.009399981617156473,0.011172575370929307,0.011283050459094519,0.008224981915806194,0.013872445953931693,0.01586053023669579,0.02623503482764098,0.015511806424146145,0.01591785672438443,0.015791266007942815,0.01552346110246227,0.015554551815726767,0.020454993645750597,0.019408667475774428,0.01482361738522637,0.016484998055599682,0.017267991936457512,0.02256410966163621,0.0235935221223193,0.01516079174583002,0.02081226847339158,0.017902945239078632,0.02182464030500397,0.017623929455123113,0.014563326081016677,0.013407629375694992,0.009630157172359016,0.02071731944082605,0.022903174265289917,0.015018410382843529,0.014062265613979353,0.023195210058776807,0.014512859304209692,0.017659304578236692,0.02296556986179507,0.022160217931691817,0.02698614530897537,0.02042147771247022,0.016764048247815723,0.021583355857029387,0.02067172683717236,0.016481812479745825,0.02067365070691024,0.014513157540905482,0.010255447015091339,0.015796973375695,0.009547838335186656,0.018229335707704526,0.0170397189197776
Books,0.008440098257347102,0.009554568969023035,0.009896917996822878,0.007493852090548053,0.012015488813343925,0.012963559839555204,0.015511806424146145,0.023271899950754567,0.013337392943606035,0.01252546641302621,0.012969346654487688,0.013156119409054803,0.017364577466243054,0.016552148659253373,0.012827480395552022,0.013804487364575055,0.014431944779984114,0.018194226484511515,0.019343737316918186,0.012568453096108023,0.0171787438903892,0.01521180084670373,0.018595161909451936,0.01421514515011914,0.01293190885305798,0.010870202878474977,0.005636391604447973,0.01738723588244639,0.01824524652104844,0.012368507531374104,0.012564815542494043,0.019977008279586976,0.012529791623510724,0.014945854689436055,0.01950963688324066,0.018476445779189832,0.022499136135027797,0.017191555702938836,0.014747385285146943,0.018602347723590148,0.01711573499444003,0.013538425593328038,0.01720339059571088,0.011693166135027801,0.008863446848292296,0.013578293312152502,0.007398132600476568,0.015241509591739474,0.014510808125496426
Hshld,0.008314912384432088,0.009843376540111201,0.011134656486100078,0.007407826023828434,0.010546657594916601,0.012850357010325655,0.01591785672438443,0.013337392943606035,0.021585786236695787,0.013934250919777602,0.01297086214138205,0.013096771018268463,0.017594454154090552,0.01774134306910246,0.013082391037331212,0.014456690598888003,0.015126628019062744,0.020204440419380458,0.021525777477362985,0.013384713626687845,0.01848791087847498,0.01612805964416204,0.019536278767275612,0.014769350760921365,0.013798574401906275,0.01174559336616362,0.007975740031771247,0.01885258753931692,0.019476146735504365,0.013249014077839552,0.01188905497696585,0.019014335860206507,0.013092341531374108,0.015267147440826048,0.01996323287688642,0.019205991574265287,0.02364281616203336,0.017862769547259728,0.015474159482128677,0.019340155717235904,0.017663415977760128,0.014515980050833996,0.017793076092136616,0.012376066058776806,0.008944664244638603,0.013596361302621133,0.008193689347100875,0.01572529575218427,0.014548300158856234
Clths,0.007520893834789515,0.009250914500397143,0.009544073847498015,0.007638736684670374,0.011387137258141378,0.01256936315647339,0.015791266007942815,0.01252546641302621,0.013934250919777602,0.019561967356632244,0.012311988128673549,0.012717853667990468,0.01692722776012709,0.016822501148530577,0.012878335181890388,0.014258056470214456,0.014759824284352662,0.019900730954725974,0.020469915254964253,0.013613553664813342,0.017649932783161237,0.0158922112613185,0.018624888333598086,0.014619380263701352,0.013288333024622715,0.01206257066878475,0.009317589030976965,0.018281408806989672,0.019275751429706115,0.013144358511517075,0.011432957604447975,0.018073055370929306,0.01224334111358221,0.0151698115186656,0.01934293209531374,0.018535404724384426,0.022332724417791897,0.017217552843526614,0.014463073234312946,0.018498402853057982,0.01764496703256553,0.01423663006036537,0.01862966335186656,0.012032274100079428,0.008706845151707703,0.01287589477362986,0.008155615339158062,0.015199150856235107,0.014014966822875296
Hlth ,0.008565444023828438,0.009620910573471008,0.009721333787132644,0.007066918301826845,0.011897024317712465,0.012236873389992055,0.01552346110246227,0.012969346654487688,0.01297086214138205,0.012311988128673549,0.02110142458935663,0.01422648757426529,0.018729993606036537,0.016239570009531374,0.013358614120730737,0.013031164092136612,0.014028035836378079,0.018807834236695787,0.020089431232724383,0.013361836193804605,0.01786959418427323,0.015238955445591737,0.01816389086894361,0.01399137974900715,0.012221324611596503,0.012502668486100077,0.010093586870532169,0.018777147463065923,0.01869219610007943,0.013418182797458302,0.012046309744241463,0.01984762683399523,0.011533233942811754,0.015511965126290704,0.02024919221286735,0.019396621220015887,0.02328662379189833,0.017796019245432882,0.014302056802223987,0.018365784165210484,0.016935444001588567,0.014351204179507547,0.01663088718030183,0.01132081585702939,0.008715707023034152,0.013735652104845118,0.008007229725178713,0.01537702876568705,0.013400869888800637
MedEq,0.009598434338363781,0.009573044943606035,0.010018648908657665,0.007179260670373311,0.012185892098490867,0.013284494849880854,0.015554551815726767,0.013156119409054803,0.013096771018268463,0.012717853667990468,0.01422648757426529,0.018675903567911042,0.020650883367752188,0.016238352648133433,0.01280689157744241,0.014130922528991261,0.014585118868943606,0.019750114605242255,0.02088913730262112,0.013421986637013501,0.018101835469420173,0.016722727650516283,0.017715056590945192,0.01432933973629865,0.012597353766481334,0.013079494017474186,0.011997068371723593,0.019194669509134232,0.020257692867355046,0.014814591790309771,0.012054922332009534,0.01967550583637808,0.012777273715647337,0.016063347488482923,0.02093928790468625,0.02029741892930897,0.023879155399523427,0.01873748657664813,0.014191851729944398,0.017818342119142173,0.017159369035742656,0.014681241734710086,0.01647986681493249,0.011602439307386813,0.00884578419698173,0.01276605023034154,0.008196723469420174,0.015737224838760923,0.014464931660047654
Drugs,0.011914406616362191,0.012631321540905478,0.013027550111199363,0.009750558022239873,0.016091603272438443,0.01765724275615568,0.020454993645750597,0.017364577466243054,0.017594454154090552,0.01692722776012709,0.018729993606036537,0.020650883367752188,0.033810006346306584,0.022157226791104056,0.016980922359015094,0.01788705725178713,0.01923295154090548,0.025614416648133433,0.02694372003971406,0.016952790786338365,0.024278027442414616,0.022312348697378876,0.023686028355837965,0.018435714789515494,0.017387238657664818,0.017219205369340743,0.011235306806989672,0.024848420810166794,0.02564721681493249,0.01896282830023828,0.016580499221604438,0.026980860969023027,0.016356446727561556,0.02149020450357426,0.029311699459888797,0.027792456123907863,0.03353697525814137,0.025749525361397935,0.0186284550039714,0.023599749896743443,0.02297643173153296,0.019239249904686256,0.021680806004765685,0.014679682462271642,0.011440908109610803,0.017210545861795074,0.01081645858617951,0.021321222398729148,0.01906911115965051
Chems,0.01019396506274821,0.012051242659253378,0.013506631105639398,0.009342878902303417,0.01572174178236696,0.01629666827799841,0.019408667475774428,0.016552148659253373,0.01774134306910246,0.016822501148530577,0.016239570009531374,0.016238352648133433,0.022157226791104056,0.028525537186656076,0.01698281660206513,0.017933834192216048,0.019554947547259734,0.02504939397617156,0.029475121491660042,0.017429078373312153,0.02371958977124702,0.020645025459888798,0.024321179218427316,0.018910616501985705,0.018712509383637804,0.014857425207307385,0.014451924805401115,0.027342104673550433,0.028752693240667197,0.019790073183478953,0.015903641423351864,0.023540432578236698,0.015570222514694192,0.01921213568387609,0.024776500241461472,0.023492855380460684,0.02911139905162828,0.022536469110405084,0.020152994921366164,0.026484483507545672,0.022733970772041305,0.01863081046703733,0.021245221667990467,0.014438251625099284,0.01154220535186656,0.01699619580619539,0.010233063364575058,0.019648645610802224,0.019191007124702144
Rubbr,0.008211865548848288,0.009488867586973787,0.010273017202541701,0.0075490461334392365,0.013205867177124707,0.011612768211278794,0.01482361738522637,0.012827480395552022,0.013082391037331212,0.012878335181890388,0.013358614120730737,0.01280689157744241,0.016980922359015094,0.01698281660206513,0.047475020395552035,0.013801733559968226,0.015219574978554407,0.018617544260524223,0.022508334378077845,0.013938645693407466,0.018206438521048453,0.016298445501191423,0.018170296905480537,0.014075000876886418,0.014366502991262908,0.012669632997617154,0.007563441056393965,0.018973581267672755,0.020256580103256556,0.014198892169976175,0.011509744756155677,0.019790150169976164,0.011920697405877681,0.01490548536457506,0.019340294389197772,0.01850806458776807,0.02314548344241461,0.017499618244638596,0.015482046111199365,0.018488876619539317,0.017356499553613982,0.014432449755361395,0.016257830913423352,0.010882042576648134,0.008737909358220811,0.012433460238284354,0.00832179423669579,0.015050906414614772,0.014979182184273234
Txtls,0.008128532854646545,0.009103881118347893,0.009731823154884826,0.007657297671167593,0.010134667278792692,0.013113699469420172,0.016484998055599682,0.013804487364575055,0.014456690598888003,0.014258056470214456,0.013031164092136612,0.014130922528991261,0.01788705725178713,0.017933834192216048,0.013801733559968226,0.03893881446227164,0.015098895911040506,0.02107838889277204,0.02278211581254964,0.01411155303574265,0.018782222392374905,0.016114603418586178,0.018877920330420968,0.015241800203335982,0.013146829153296267,0.012859839154884827,0.011203180142970611,0.020795277096108022,0.02301845899920572,0.016249485820492453,0.012947613178713261,0.020201021077045273,0.013711361887212073,0.015670146509928512,0.020023324467037328,0.01952191360127085,0.023435011259729945,0.019082142621127875,0.01550329214932486,0.019695315405877677,0.018385414100079427,0.014770228695790309,0.017625634948371723,0.012223909369340745,0.008903260403494838,0.013033559459888804,0.007696650147736297,0.01596805291818904,0.01602696359015091
BldMt,0.010071255969817314,0.010607759310563937,0.011326551197776012,0.007986126308181093,0.01306944604924543,0.014930644160444794,0.017267991936457512,0.014431944779984114,0.015126628019062744,0.014759824284352662,0.014028035836378079,0.014585118868943606,0.01923295154090548,0.019554947547259734,0.015219574978554407,0.015098895911040506,0.021316918854646538,0.024237286945194596,0.02565434077998412,0.016649523755361394,0.020990146813343925,0.018031846501985704,0.02123829925655282,0.016967517667990466,0.01637749630341541,0.014294680718030181,0.012998272271644162,0.023950490052422557,0.025626191842732328,0.017749161987291505,0.014054824946783156,0.020399979590150916,0.013416771194598887,0.016815661234312947,0.021147074627482124,0.020339362856235107,0.02469857905798252,0.019027732891183476,0.017356154212867354,0.021623901877680696,0.02003850169817315,0.016462821304209688,0.0188410127720413,0.013120916889594915,0.010139495299444001,0.014928517871326449,0.00967691401429706,0.01715982187132645,0.016537944297061156
Cnstr,0.012743461038919775,0.013879194992851469,0.01610002105162828,0.010718114548054011,0.016618300848292297,0.01966974702462271,0.02256410966163621,0.018194226484511515,0.020204440419380458,0.019900730954725974,0.018807834236695787,0.019750114605242255,0.025614416648133433,0.02504939397617156,0.018617544260524223,0.02107838889277204,0.024237286945194596,0.047478432622716435,0.03328871489753772,0.020916883005559963,0.02719616132168388,0.023057324772041296,0.028184136101667985,0.022040907348689433,0.019944047027799842,0.01856171805559968,0.018682212454328828,0.031606526424146145,0.0338237380460683,0.02470210647815727,0.01875225409372517,0.0265952437426529,0.0190219044892772,0.022215961772835583,0.028079201277204126,0.026863849505957098,0.03235276444162033,0.025148155488482923,0.022798474719618746,0.02862722925496425,0.025964974538522635,0.021580275723590156,0.02594690827640985,0.01715057931056394,0.013709607478951545,0.019558652390786333,0.013868414830818108,0.023430152762509926,0.02279086576648133
Steel,0.01294735162351072,0.01498427268308181,0.015981613377283557,0.010554937965051627,0.020120783974583,0.01973504114535345,0.0235935221223193,0.019343737316918186,0.021525777477362985,0.020469915254964253,0.020089431232724383,0.02088913730262112,0.02694372003971406,0.029475121491660042,0.022508334378077845,0.02278211581254964,0.02565434077998412,0.03328871489753772,0.051143982555996836,0.022477948079428114,0.03124448924702145,0.026666075181890386,0.029571791926926133,0.02434355546942018,0.024533692036536933,0.020449317884034944,0.02915431559173948,0.04269057911358221,0.047572767140587766,0.03200079867990468,0.019240869350278002,0.029486854849880863,0.01836863703415409,0.024300596144559178,0.030920610074662423,0.029543764355837967,0.03653752502462271,0.02775989957903098,0.024967066501985703,0.032431265620333605,0.02880319383796664,0.02452746924384432,0.02537954576648133,0.017783518154090554,0.0140891840969023,0.02023136050833995,0.013507159186656077,0.024891336921366164,0.02376920350277998
FabPr,0.009427865747418588,0.009388162503574264,0.011787432762509925,0.0064369415027799816,0.010126097995234312,0.013500817448768864,0.01516079174583002,0.012568453096108023,0.013384713626687845,0.013613553664813342,0.013361836193804605,0.013421986637013501,0.016952790786338365,0.017429078373312153,0.013938645693407466,0.01411155303574265,0.016649523755361394,0.020916883005559963,0.022477948079428114,0.05135816982366957,0.019322446074662436,0.01733402037807784,0.019025301941223188,0.015141305785544077,0.015953153118347895,0.014825540702144563,0.022339775504368543,0.02266896703415409,0.02238837569499602,0.016252852765687054,0.01185955543129468,0.019001941401111996,0.012464440908657665,0.015449726945194595,0.019929517629864973,0.018863305334392375,0.022852540003177116,0.017514604003177125,0.015644553092930894,0.01901591687370929,0.017991392921366166,0.015308364505162826,0.01713339231135822,0.012688128438443209,0.00932004062907069,0.013477757394757744,0.009044506865766482,0.01610465411914217,0.015198585035742652
Mach ,0.011658798114376485,0.01255935527561557,0.012727254295472598,0.009185036077839553,0.015699000457505958,0.017519857949166003,0.02081226847339158,0.0171787438903892,0.01848791087847498,0.017649932783161237,0.01786959418427323,0.018101835469420173,0.024278027442414616,0.02371958977124702,0.018206438521048453,0.018782222392374905,0.020990146813343925,0.02719616132168388,0.03124448924702145,0.019322446074662436,0.029843722794281168,0.022840951505957108,0.02550115374424146,0.020579498001588564,0.01971356578713265,0.016960513124702144,0.017111544424146148,0.028523748162033367,0.031208133860206513,0.02333159750754567,0.016516795367752184,0.026843273918983317,0.016634758422557582,0.021406518200158858,0.02924226207783955,0.027360689432883244,0.03481852898649722,0.025884108776806986,0.020284728223987285,0.025557819050039714,0.024260260808578234,0.020280606752978554,0.022789204003177133,0.015524757969817312,0.011913965227958697,0.017436216934074655,0.011435023815726765,0.021698895612390783,0.01986930512311358
ElcEq,0.00993132923113582,0.011224050011119934,0.011336511760127083,0.008686930320889592,0.013852839199364572,0.014967338797458296,0.017902945239078632,0.01521180084670373,0.01612805964416204,0.0158922112613185,0.015238955445591737,0.016722727650516283,0.022312348697378876,0.020645025459888798,0.016298445501191423,0.016114603418586178,0.018031846501985704,0.023057324772041296,0.026666075181890386,0.01733402037807784,0.022840951505957108,0.02758258467196187,0.02168872323113582,0.017843836034948372,0.015906855664813344,0.01552673493884035,0.015891178752978553,0.023732126538522632,0.02501308739475774,0.018355309733121522,0.013976998265289912,0.02334442694837172,0.015262095232724381,0.018891278806989674,0.02564531321048451,0.02418376642732327,0.030084789895154878,0.02262275060365369,0.0174879145655282,0.02173552934710088,0.021099280624304998,0.018022839423351873,0.019698263510722794,0.013788062865766483,0.01061517759650516,0.015061412104845115,0.010378011126290708,0.018831012861000793,0.017354297863383637
Autos,0.011953964692613185,0.012882264794281175,0.014211771726767278,0.010456823825258138,0.016531445407466244,0.018158148915011912,0.02182464030500397,0.018595161909451936,0.019536278767275612,0.018624888333598086,0.01816389086894361,0.017715056590945192,0.023686028355837965,0.024321179218427316,0.018170296905480537,0.018877920330420968,0.02123829925655282,0.028184136101667985,0.029571791926926133,0.019025301941223188,0.02550115374424146,0.02168872323113582,0.034774454767275614,0.021186204949960284,0.02000738705957109,0.016777387253375693,0.011542373645750599,0.02602588985544082,0.02629873119936458,0.01817742776489277,0.016917986420969023,0.02650791335345512,0.01690100248768864,0.020818684108022237,0.026826673747418588,0.02561093875138999,0.03171933116123908,0.024552848085782366,0.021740682551231134,0.027025800883240657,0.02562540934392375,0.01989929210166799,0.02447055291501191,0.01670613683240667,0.01237213051310564,0.018614226211278794,0.010635705283558377,0.02127454742494043,0.02055431550436855
Aero ,0.009583110538522633,0.010800960997617159,0.010065868899126291,0.008248475469420175,0.01352780254805401,0.013680945722001587,0.017623929455123113,0.01421514515011914,0.014769350760921365,0.014619380263701352,0.01399137974900715,0.01432933973629865,0.018435714789515494,0.018910616501985705,0.014075000876886418,0.015241800203335982,0.016967517667990466,0.022040907348689433,0.02434355546942018,0.015141305785544077,0.020579498001588564,0.017843836034948372,0.021186204949960284,0.03489558128038126,0.015627047123113576,0.016203976832406666,0.010020698427323272,0.021147379037331215,0.022561088578236695,0.015353446716441621,0.013642681162827635,0.020000454544876884,0.013244193766481335,0.016918031923749008,0.02086223514535345,0.019931150220810163,0.024688475005559967,0.01914662656076251,0.01700892088324067,0.020619141439237484,0.02063860916918189,0.01647899356314535,0.018904678252581412,0.013128786173153294,0.009913171005559968,0.01488851602859412,0.00891516396505163,0.01761500194440032,0.015659437235901505
Ships,0.009097597872915014,0.009655960384432088,0.01201382030659253,0.006298083855440827,0.011178372162033358,0.013342914571882443,0.014563326081016677,0.01293190885305798,0.013798574401906275,0.013288333024622715,0.012221324611596503,0.012597353766481334,0.017387238657664818,0.018712509383637804,0.014366502991262908,0.013146829153296267,0.01637749630341541,0.019944047027799842,0.024533692036536933,0.015953153118347895,0.01971356578713265,0.015906855664813344,0.02000738705957109,0.015627047123113576,0.040652764942017486,0.014182432698967436,0.013087371397934873,0.022855465220015882,0.02353002869737887,0.01628686088482923,0.012312070227164414,0.017707995145353456,0.011827164319301031,0.015392378902303413,0.01876165821445592,0.018366175958697377,0.0230876545019857,0.01739054461477363,0.015387418060365369,0.019395768171564732,0.01914286580301827,0.015415064316123907,0.016252266147736297,0.011117635701350277,0.009258403124702145,0.013461758983320096,0.009066455542494042,0.016363330160444802,0.015023624678316123
Guns ,0.010073413572676729,0.009235311879269263,0.006697736063542493,0.005209759663224784,0.009555569251787131,0.011407487961874505,0.013407629375694992,0.010870202878474977,0.01174559336616362,0.01206257066878475,0.012502668486100077,0.013079494017474186,0.017219205369340743,0.014857425207307385,0.012669632997617154,0.012859839154884827,0.014294680718030181,0.01856171805559968,0.020449317884034944,0.014825540702144563,0.016960513124702144,0.01552673493884035,0.016777387253375693,0.016203976832406666,0.014182432698967436,0.05932982236060365,0.01687111043685465,0.020753401086576646,0.023265046322478153,0.016389806716441618,0.01080120278316124,0.014694259977760126,0.01157493232088959,0.014157317166004765,0.016554930300238285,0.016239709458300243,0.01948390528355838,0.01577019469420175,0.012611200756155677,0.01648618480698967,0.01438981555520254,0.014466381521842729,0.014017926004765684,0.01178864393328038,0.00791121033836378,0.010838821572676726,0.008770417849086576,0.01348745246068308,0.013049815663224778
Gold ,0.009501904598888007,0.00739635324861001,0.0024009783240667194,0.004958286854646546,0.006496808133439233,0.009704603137410645,0.009630157172359016,0.005636391604447973,0.007975740031771247,0.009317589030976965,0.010093586870532169,0.011997068371723593,0.011235306806989672,0.014451924805401115,0.007563441056393965,0.011203180142970611,0.012998272271644162,0.018682212454328828,0.02915431559173948,0.022339775504368543,0.017111544424146148,0.015891178752978553,0.011542373645750599,0.010020698427323272,0.013087371397934873,0.01687111043685465,0.20940813527402705,0.0541615674344718,0.04096352928514694,0.033444110270055595,0.01265555885623511,0.013353008991262905,0.009361936640190627,0.012316571842732325,0.012321398204924545,0.012021170563939634,0.015883647124702145,0.012776627188244639,0.009894775289912627,0.014950472279586973,0.01155469330420969,0.014105341151707704,0.00900763571088165,0.0074494913264495635,0.0074488644876886416,0.0075176593169181865,0.011709790246227163,0.013558568451151711,0.008166588141382049
Mines,0.014765270907069097,0.013654759860206513,0.014912447161239078,0.009131539971405877,0.018745601486894362,0.01704822250675139,0.02071731944082605,0.01738723588244639,0.01885258753931692,0.018281408806989672,0.018777147463065923,0.019194669509134232,0.024848420810166794,0.027342104673550433,0.018973581267672755,0.020795277096108022,0.023950490052422557,0.031606526424146145,0.04269057911358221,0.02266896703415409,0.028523748162033367,0.023732126538522632,0.02602588985544082,0.021147379037331215,0.022855465220015882,0.020753401086576646,0.0541615674344718,0.07252312841302619,0.04943737639396346,0.034642219494837166,0.01881111715329627,0.02381086056235107,0.017536091920571876,0.021893851158061948,0.025579528285941226,0.02552251478316124,0.030178679911040507,0.024206867196187455,0.021750366678316126,0.02980476264336775,0.026135496692613176,0.022767574729150118,0.02185460660841938,0.015725548981731525,0.013095405102462272,0.018086064050834,0.012952300498808578,0.023035499469420184,0.021908819062748212
Coal ,0.012405503566322477,0.013988393661636218,0.015024573478951548,0.009259189301032563,0.01738088397140588,0.018784973637807782,0.022903174265289917,0.01824524652104844,0.019476146735504365,0.019275751429706115,0.01869219610007943,0.020257692867355046,0.02564721681493249,0.028752693240667197,0.020256580103256556,0.02301845899920572,0.025626191842732328,0.0338237380460683,0.047572767140587766,0.02238837569499602,0.031208133860206513,0.02501308739475774,0.02629873119936458,0.022561088578236695,0.02353002869737887,0.023265046322478153,0.04096352928514694,0.04943737639396346,0.10338551077839554,0.04964921459094518,0.0231364628435266,0.027323847783955513,0.017836235432883242,0.022991500436854644,0.02656540455917395,0.02571948300238284,0.03121934709293089,0.025132390889594923,0.023024364567116755,0.031149364670373297,0.026466721310563938,0.024225073367752183,0.022973966068308177,0.016496161382049238,0.012517703328038124,0.0180410298014297,0.01505601779189833,0.022197301000794277,0.023257797402700557
Oil  ,0.009291992592533755,0.010173006154090546,0.010306268992851466,0.006582675772835584,0.011671029852263702,0.012547357348689434,0.015018410382843529,0.012368507531374104,0.013249014077839552,0.013144358511517075,0.013418182797458302,0.014814591790309771,0.01896282830023828,0.019790073183478953,0.014198892169976175,0.016249485820492453,0.017749161987291505,0.02470210647815727,0.03200079867990468,0.016252852765687054,0.02333159750754567,0.018355309733121522,0.01817742776489277,0.015353446716441621,0.01628686088482923,0.016389806716441618,0.033444110270055595,0.034642219494837166,0.04964921459094518,0.047416750149324866,0.016890225378872116,0.018683415008737093,0.012726140846703732,0.0168015683923749,0.018907695857029387,0.018415255729944402,0.022151578829229548,0.017916388014297065,0.015513529297855443,0.02071705621604448,0.017351224767275613,0.01711048778236696,0.015572895313741062,0.010570726700555996,0.008871868274821287,0.012811400190627485,0.01060112042573471,0.016223383752184278,0.016457530476568703
Util ,0.008386498408260522,0.009199324441620336,0.009225121753772837,0.007388608984908657,0.01336497262589357,0.011936280895949164,0.014062265613979353,0.012564815542494043,0.01188905497696585,0.011432957604447975,0.012046309744241463,0.012054922332009534,0.016580499221604438,0.015903641423351864,0.011509744756155677,0.012947613178713261,0.014054824946783156,0.01875225409372517,0.019240869350278002,0.01185955543129468,0.016516795367752184,0.013976998265289912,0.016917986420969023,0.013642681162827635,0.012312070227164414,0.01080120278316124,0.01265555885623511,0.01881111715329627,0.0231364628435266,0.016890225378872116,0.019953938401906273,0.017451934189038915,0.01084812306910246,0.013726097556791104,0.016781654849880857,0.015911969575853856,0.019543630551231133,0.014799408324066714,0.013675099844320887,0.01841633177442414,0.015994708632247813,0.012863800470214456,0.014716616044479748,0.010195038748212868,0.008763186395552026,0.013177376616362193,0.0074534089467831605,0.014085426033359811,0.014314720222398724
Telcm,0.011341117305798254,0.012902408114376488,0.012557327675933278,0.010488832895949169,0.0157184074725973,0.01885655220333598,0.023195210058776807,0.019977008279586976,0.019014335860206507,0.018073055370929306,0.01984762683399523,0.01967550583637808,0.026980860969023027,0.023540432578236698,0.019790150169976164,0.020201021077045273,0.020399979590150916,0.0265952437426529,0.029486854849880863,0.019001941401111996,0.026843273918983317,0.02334442694837172,0.02650791335345512,0.020000454544876884,0.017707995145353456,0.014694259977760126,0.013353008991262905,0.02381086056235107,0.027323847783955513,0.018683415008737093,0.017451934189038915,0.03898589384590945,0.018527775911040507,0.022989041613979345,0.03275494005401113,0.03077878221445592,0.03819556336139793,0.027508836441620332,0.020569109064336778,0.026422608826052425,0.025260053712470212,0.020692495961874505,0.02414796222398729,0.015954970001588558,0.012479832991262905,0.018429198030182684,0.011114797515488484,0.023060217289912633,0.020801091691818905
PerSv,0.007556793374106433,0.008312118694201747,0.009836022409849087,0.006889780338363782,0.011946230347895152,0.012144425618745033,0.014512859304209692,0.012529791623510724,0.013092341531374108,0.01224334111358221,0.011533233942811754,0.012777273715647337,0.016356446727561556,0.015570222514694192,0.011920697405877681,0.013711361887212073,0.013416771194598887,0.0190219044892772,0.01836863703415409,0.012464440908657665,0.016634758422557582,0.015262095232724381,0.01690100248768864,0.013244193766481335,0.011827164319301031,0.01157493232088959,0.009361936640190627,0.017536091920571876,0.017836235432883242,0.012726140846703732,0.01084812306910246,0.018527775911040507,0.020373824195393166,0.014647455807783953,0.0184780508562351,0.01780813705162827,0.021756776872120732,0.01675498080222398,0.013620774679904687,0.017416776673550436,0.016135531194598887,0.013427130965845906,0.016087219475774427,0.01091788197934869,0.008565865167593327,0.012478686735504367,0.007979901502779982,0.014402137131056394,0.0133023294598888
BusSv,0.010209409577442414,0.010734014230341541,0.010830805062748212,0.008023101069102461,0.013738972460683082,0.014721563251787128,0.017659304578236692,0.014945854689436055,0.015267147440826048,0.0151698115186656,0.015511965126290704,0.016063347488482923,0.02149020450357426,0.01921213568387609,0.01490548536457506,0.015670146509928512,0.016815661234312947,0.022215961772835583,0.024300596144559178,0.015449726945194595,0.021406518200158858,0.018891278806989674,0.020818684108022237,0.016918031923749008,0.015392378902303413,0.014157317166004765,0.012316571842732325,0.021893851158061948,0.022991500436854644,0.0168015683923749,0.013726097556791104,0.022989041613979345,0.014647455807783953,0.019928045895154883,0.024085324565528192,0.02301626296108022,0.027968245720413024,0.02132351420969023,0.016775152884829225,0.020947331780778393,0.02014372083717236,0.016751935000794273,0.019254399841143768,0.013252647316918187,0.010221545294678317,0.015071748848292292,0.009431678087370927,0.018122934652899124,0.016646411938046068
Hardw,0.012206283917394757,0.012927313918983318,0.012445689559968231,0.010623410265289908,0.017192706332009533,0.01983857836060365,0.02296556986179507,0.01950963688324066,0.01996323287688642,0.01934293209531374,0.02024919221286735,0.02093928790468625,0.029311699459888797,0.024776500241461472,0.019340294389197772,0.020023324467037328,0.021147074627482124,0.028079201277204126,0.030920610074662423,0.019929517629864973,0.02924226207783955,0.02564531321048451,0.026826673747418588,0.02086223514535345,0.01876165821445592,0.016554930300238285,0.012321398204924545,0.025579528285941226,0.02656540455917395,0.018907695857029387,0.016781654849880857,0.03275494005401113,0.0184780508562351,0.024085324565528192,0.042503105188244635,0.034492870589356635,0.044124279958697374,0.03067655845909452,0.021245595796664015,0.02696855476409849,0.026028175056393963,0.02219919793804607,0.0252572378395552,0.016297164994440037,0.012727274030182681,0.018610382303415413,0.011879669585385229,0.024321932956314535,0.021618808339952344
Softw,0.011951848365369342,0.012815598748212868,0.012406729496425732,0.010231744594122318,0.016193891876092135,0.018799479393169182,0.022160217931691817,0.018476445779189832,0.019205991574265287,0.018535404724384426,0.019396621220015887,0.02029741892930897,0.027792456123907863,0.023492855380460684,0.01850806458776807,0.01952191360127085,0.020339362856235107,0.026863849505957098,0.029543764355837967,0.018863305334392375,0.027360689432883244,0.02418376642732327,0.02561093875138999,0.019931150220810163,0.018366175958697377,0.016239709458300243,0.012021170563939634,0.02552251478316124,0.02571948300238284,0.018415255729944402,0.015911969575853856,0.03077878221445592,0.01780813705162827,0.02301626296108022,0.034492870589356635,0.03374321181254964,0.039732638306592544,0.02852668017474186,0.020149860991262907,0.025452742436854647,0.024712849496425736,0.0208984978903892,0.024267427100873713,0.015864369378872117,0.012339775729944399,0.018041627227958698,0.011081979450357429,0.023153234687847496,0.020444025083399518
Chips,0.014049196789515486,0.015038185223193008,0.01440985028911835,0.01239482403971406,0.019154224787926926,0.02271606652422557,0.02698614530897537,0.022499136135027797,0.02364281616203336,0.022332724417791897,0.02328662379189833,0.023879155399523427,0.03353697525814137,0.02911139905162828,0.02314548344241461,0.023435011259729945,0.02469857905798252,0.03235276444162033,0.03653752502462271,0.022852540003177116,0.03481852898649722,0.030084789895154878,0.03171933116123908,0.024688475005559967,0.0230876545019857,0.01948390528355838,0.015883647124702145,0.030178679911040507,0.03121934709293089,0.022151578829229548,0.019543630551231133,0.03819556336139793,0.021756776872120732,0.027968245720413024,0.044124279958697374,0.039732638306592544,0.05435687162986498,0.036328577926926134,0.02469078178077839,0.031109534417791893,0.03034302121842732,0.025884024198570284,0.029277528355837964,0.018792856054011122,0.014849295588562348,0.021612928895949166,0.013444971145353457,0.02837237767116759,0.025032222565528197
LabEq,0.011413209507545671,0.011901281254964256,0.012124239197776011,0.009655732319301029,0.014551355297855442,0.0173444425019857,0.02042147771247022,0.017191555702938836,0.017862769547259728,0.017217552843526614,0.017796019245432882,0.01873748657664813,0.025749525361397935,0.022536469110405084,0.017499618244638596,0.019082142621127875,0.019027732891183476,0.025148155488482923,0.02775989957903098,0.017514604003177125,0.025884108776806986,0.02262275060365369,0.024552848085782366,0.01914662656076251,0.01739054461477363,0.01577019469420175,0.012776627188244639,0.024206867196187455,0.025132390889594923,0.017916388014297065,0.014799408324066714,0.027508836441620332,0.01675498080222398,0.02132351420969023,0.03067655845909452,0.02852668017474186,0.036328577926926134,0.030832113606036535,0.0194495270929309,0.024431043876092132,0.023287765933280375,0.019431699086576652,0.022396376362192223,0.015021297362986498,0.01138627741858618,0.016684904241461473,0.010069444384432087,0.021423631898332005,0.018728825536139797
