,Agric,Food ,Soda ,Beer ,Smoke,Toys ,Fun  ,Books,Hshld,Clths,Hlth ,MedEq,Drugs,Chems,Rubbr,Txtls,BldMt,Cnstr,Steel,FabPr,Mach ,ElcEq,Autos,Aero ,Ships,Guns ,Gold ,Mines,Coal ,Oil  ,Util ,Telcm,PerSv,BusSv,Hardw,Softw,Chips,LabEq,Paper,Boxes,Trans,Whlsl,Rtail,Meals,Banks,Insur,RlEst,Fin  ,Other
Agric,0.027789574359015082,0.006466765237490071,0.00722377823034154,0.004214320071485307,0.007740556443208894,0.007894877907863385,0.009390435181890389,0.008669872603653693,0.008190116465448767,0.007470360123907865,0.008525838625893565,0.00960329370770453,0.011664552824463858,0.010154727436060367,0.00804235873073868,0.00790392175059571,0.01010689928514694,0.012430495957108816,0.012954913823669577,0.00914108593963463,0.01156581648610008,0.010001887019857032,0.011901374900714854,0.009751538014297064,0.009007005995234314,0.009927881701350278,0.01051108164257347,0.015018461146942018,0.012618624833995232,0.00934079977601271,0.008435100416203335,0.011138051329626687,0.007622757822081016,0.01003968321683876,0.01202986220333598,0.011760206505162829,0.013848495766481339,0.011120439615567912,0.009117723188244635,0.011755986835583794,0.01072276007625099,0.009097776665607625,0.010117869601270849,0.007786909429706115,0.005987575316918189,0.008658214403494836,0.0057473452406671946,0.010223062884829229,0.008943623248610007
Food ,0.006466765237490071,0.010854479064336774,0.008020154389197775,0.0053752961953931686,0.009783337097696583,0.008543755661636218,0.010984830374900714,0.009479117604447975,0.009514222057188245,0.009086375876092134,0.009506922835583796,0.009320082965845909,0.012121374152501986,0.011884075048451148,0.00921499250675139,0.008960232034948373,0.01046654357426529,0.013429205297855445,0.014872167682287529,0.009269759232724384,0.012241622039714059,0.011206968891183479,0.012556337283558379,0.010559613915806195,0.009548351234312948,0.009123792077839556,0.008863282322478157,0.013859840406671962,0.01425997883876092,0.010180035007148529,0.009091823281969816,0.012595512559173948,0.008379587938046065,0.01048734235901509,0.012390706673550436,0.012409558006354248,0.014413358212867357,0.01137892081652105,0.010066275807783957,0.013036313739475773,0.011962297321683878,0.009910095906274822,0.011461511011914215,0.008275594246227164,0.00645076143923749,0.00953006443367752,0.005767427779189834,0.010580407463065926,0.009829334622716438
Soda ,0.00722377823034154,0.008020154389197775,0.04131897033200952,0.007968276727561554,0.010472051507545668,0.0095215520127085,0.011312013833200954,0.009926966506751386,0.011131118919777598,0.009572733140587767,0.009683736775218426,0.010061015529785547,0.012897936571882446,0.013471931952343124,0.010193992635424943,0.009868490052422558,0.011402427895154884,0.016055423987291505,0.016215540473391583,0.01205375872279587,0.012657319224781572,0.011264692003177122,0.014235127212073076,0.010069325687053217,0.012127688571882447,0.006674110697378869,0.003698084759332806,0.01526487124384432,0.015555823053216837,0.010516599421763303,0.00941412592216044,0.012271822506751393,0.009715234274821287,0.010735931151707704,0.012205174881652103,0.012218762637013502,0.01409677023034154,0.011898420606830818,0.011126129861795073,0.01368841549166005,0.012380179018268468,0.010403472730738682,0.012595308873709295,0.008651835050039714,0.006712759885623512,0.00997584446068308,0.007053119358220808,0.012097005312152503,0.010294146465448769
Beer ,0.004214320071485307,0.0053752961953931686,0.007968276727561554,0.023952499118347893,0.007242504074662432,0.006707019356632249,0.00824938307386815,0.007377279745830024,0.007338324265289914,0.0077224212390786355,0.007072385774424146,0.0070630054567116735,0.009535753272438444,0.00932343719618745,0.007394696671961874,0.0073781429864972214,0.007991821064336773,0.010667440309769656,0.010638756854646544,0.006489352827640983,0.009109161826846703,0.008745372843526607,0.010439706973788723,0.00825249375694996,0.00609929593328038,0.005142595909451946,0.0062063152184273235,0.009469576203335982,0.009568054956314537,0.006622148888006352,0.007466256393963463,0.01021789280381255,0.00695919624305004,0.007903083359809372,0.010422326822875295,0.009912233558379668,0.011985306965845911,0.009334310198570294,0.008389003439237491,0.009756216799046862,0.009636553137410644,0.007874093987291499,0.00972291299444003,0.006660769038919778,0.004728870770452741,0.007394871969817314,0.004669853177124702,0.008296433185067512,0.007825282549642574
Smoke,0.007740556443208894,0.009783337097696583,0.010472051507545668,0.007242504074662432,0.06452636825893567,0.012756080884829227,0.01370310102144559,0.011896538230341541,0.010334513050039717,0.010952731377283554,0.011590684011119932,0.01173860916759333,0.015164657342335188,0.015389042826052421,0.012908128068308178,0.01026272450833995,0.012917591834789514,0.016169852160444798,0.019769754992851468,0.010921728071485308,0.015356148152501985,0.01346428864336775,0.01610948708498808,0.01372662459094519,0.01105140537887212,0.009098346765687054,0.00797264769817315,0.018115929988880057,0.01779414457029388,0.011464481494837172,0.013414808495631455,0.015638227113582207,0.01161692348054011,0.013271717609213664,0.01651172842414615,0.015882288268467035,0.01855574016679904,0.014117784435266088,0.01368043458776807,0.01684693303733121,0.015537429915806191,0.012598104573471007,0.014517300978554406,0.010265364915011913,0.008743643555202543,0.012997845517077047,0.007266357094519458,0.014216995129467835,0.012743817863383638
Toys ,0.007894877907863385,0.008543755661636218,0.0095215520127085,0.006707019356632249,0.012756080884829227,0.0256066452279587,0.015612308910246227,0.01280647327720413,0.012553282247815725,0.012474891574265292,0.012089723200953136,0.013036178924543286,0.01699555080381255,0.015989727874503576,0.011431088351072276,0.01288020110246227,0.014657127053216841,0.019142132271644165,0.019656857131056395,0.013532905739475774,0.017164581550436854,0.014867652681493248,0.017862134424146144,0.013773226592533758,0.013053737153296267,0.010907507906274823,0.011127738996028593,0.01703259406513105,0.01904441312311359,0.01242195336457506,0.011640890903891974,0.018401309172359017,0.012021140544876885,0.014413223423351867,0.01938684852899126,0.01826573981731533,0.02203276874503574,0.01683018723749007,0.013780896519459889,0.0185537035440826,0.016679425569499598,0.013835227938046066,0.016124381378872118,0.011413766516282765,0.008471850316123906,0.012567621221604448,0.00816157142652899,0.015068008708498809,0.014077112684670377
Fun  ,0.009390435181890389,0.010984830374900714,0.011312013833200954,0.00824938307386815,0.01370310102144559,0.015612308910246227,0.025958084910246232,0.015352019208895947,0.015748431699761714,0.015734410093725174,0.01534490343923749,0.015423603744241461,0.019910785510722798,0.01929014874185862,0.014658312459094519,0.01629659511675934,0.01714571593328038,0.022245686362192214,0.02358818487053217,0.015714463362986496,0.020581625089753763,0.0178644750548054,0.021517429547259728,0.01760455942811755,0.01459172391104051,0.013128421926926134,0.012104898462271646,0.020914797579030968,0.023318952071485304,0.015020355817315327,0.013984247586973786,0.02273874760285941,0.014538824649722004,0.017452122390786334,0.022435999270849875,0.02171967055599683,0.026353744281175533,0.01998264259571088,0.01684039909610802,0.0214341980127085,0.020458731666401903,0.016466697129467835,0.020586288613185073,0.014529686096902306,0.010278452146147735,0.01562117278951549,0.009639151575853851,0.018110804254169978,0.01696749454328832
Books,0.008669872603653693,0.009479117604447975,0.009926966506751386,0.007377279745830024,0.011896538230341541,0.01280647327720413,0.015352019208895947,0.022886330840349474,0.013232895059571087,0.012519793944400321,0.012953985416997613,0.012930766837172364,0.016767294119142177,0.016444225601270852,0.012645281899920568,0.013544905944400326,0.01439478281175536,0.01807552975377284,0.01937087763621922,0.012913462722795876,0.01700733748689436,0.01497625643208896,0.018458913741064335,0.014377518538522639,0.012889143612390788,0.010747002185861797,0.007941058942017475,0.017517252981731537,0.01847742250675139,0.01221911965687053,0.012614156683081808,0.019392155761715643,0.012375460308181095,0.014687682605242253,0.018796099177124697,0.017974358316123904,0.02176370239872915,0.0167536165019857,0.014927035253375692,0.01861174730420969,0.016999114865766475,0.013496585728355836,0.017125662119142182,0.011727752082605241,0.008865681416997617,0.013498169804606835,0.007309955018268466,0.014996063980937249,0.014312253121525013
Hshld,0.008190116465448767,0.009514222057188245,0.011131118919777598,0.007338324265289914,0.010334513050039717,0.012553282247815725,0.015748431699761714,0.013232895059571087,0.021262316052422552,0.01383432996028594,0.012892930254169975,0.012944071969817315,0.01694061514694202,0.017555717752184268,0.012906582184273232,0.014236299968228752,0.014912972041302621,0.019964644042891184,0.0215304490548054,0.013728248983320096,0.01817757297855441,0.016162470428911835,0.019251782684670378,0.01477057683876092,0.01362281297855441,0.01142029721207307,0.010586819809372518,0.018986329181890384,0.01995555800635425,0.01332692914217633,0.01181796212867355,0.01862911037331215,0.013031392446386021,0.01495470488482923,0.01948704804606831,0.01873567328832407,0.02299500782366958,0.01736024598888006,0.015310109380460683,0.01928483219221604,0.017391543891977765,0.01441405543288324,0.017616617839555204,0.012307950929308973,0.00890581980937252,0.013376742486100079,0.00816009420969023,0.015594975679110402,0.014323879166004763
Clths,0.007470360123907865,0.009086375876092134,0.009572733140587767,0.0077224212390786355,0.010952731377283554,0.012474891574265292,0.015734410093725174,0.012519793944400321,0.01383432996028594,0.01951365622875298,0.012282226131850673,0.012713895660047657,0.016572703138999206,0.01685143355361398,0.012823374014297062,0.014249255065925339,0.014800655218427322,0.019809173232724384,0.020642362293884036,0.014260900775218424,0.017599044695790305,0.01597292152184273,0.01848697687053217,0.014757943320095312,0.013498496025416995,0.012044061512311357,0.01101294803494837,0.018626241531374103,0.02005720261477363,0.013374090957903095,0.011531532142970613,0.01797061052263701,0.012283169146942016,0.015048462223987286,0.019111372222398722,0.01838522311358221,0.022029365957108814,0.016929475958697378,0.014593782166799046,0.01849312261477362,0.017565851685464654,0.014247813855440826,0.018551319536139796,0.012015226293884036,0.008750785200953138,0.012813879545671166,0.008135524031771245,0.015200572346306592,0.014082562970611594
Hlth ,0.008525838625893565,0.009506922835583796,0.009683736775218426,0.007072385774424146,0.011590684011119932,0.012089723200953136,0.01534490343923749,0.012953985416997613,0.012892930254169975,0.012282226131850673,0.02080672590150914,0.014083663550436859,0.018305118943606036,0.01621821481334392,0.013181280770452742,0.013010392740270056,0.014004983701350275,0.01855629287529786,0.020116375917394756,0.01337158677521843,0.01771750384432089,0.015218073193010322,0.018017467926926132,0.0140470074344718,0.012282785464654486,0.012274554908657665,0.011301975679110404,0.018828954281175536,0.019045739642573466,0.013471987124702147,0.012048091056393961,0.019521275011914214,0.011592052398729147,0.015346408046068303,0.019813670698967428,0.019094525806195396,0.022848084932486096,0.0175418023669579,0.014340738038125498,0.018282989936457508,0.016785912660841937,0.014278059213661638,0.016531946131850675,0.01133915289912629,0.008717729102462272,0.013635351159650514,0.007976718673550437,0.01525062524225576,0.01336198890389198
MedEq,0.00960329370770453,0.009320082965845909,0.010061015529785547,0.0070630054567116735,0.01173860916759333,0.013036178924543286,0.015423603744241461,0.012930766837172364,0.012944071969817315,0.012713895660047657,0.014083663550436859,0.01834183310405083,0.01993706159332804,0.016105233917394757,0.01267094673709293,0.013977381194598883,0.014471073677521843,0.01951180123113582,0.0207901493121525,0.013827490594122319,0.017807412133439237,0.01657279445432883,0.017504597521842732,0.014351680540111203,0.012480807647339155,0.012605210803812548,0.013854026201747418,0.019205245992057182,0.020674447915806193,0.014775075979348686,0.011971707342335184,0.01918139245750596,0.012624637996822875,0.01576607640190627,0.020232601790309765,0.01976729624305004,0.023061553955520255,0.018223149448768867,0.014169333402700556,0.017736605310563938,0.01692152554090548,0.014564810486100083,0.0163632973375695,0.011585072130262114,0.008828139256552818,0.012595513386814933,0.008164395868149325,0.015517206872120732,0.014346620722795871
Drugs,0.011664552824463858,0.012121374152501986,0.012897936571882446,0.009535753272438444,0.015164657342335188,0.01699555080381255,0.019910785510722798,0.016767294119142177,0.01694061514694202,0.016572703138999206,0.018305118943606036,0.01993706159332804,0.031819866133439234,0.02148535548371724,0.016631585285146945,0.01711807671803018,0.018664608038125495,0.024880939992057184,0.02649635708339953,0.01760455654169976,0.02328084105798252,0.021718299702938836,0.023005835170770445,0.018292754630659252,0.017020206700555998,0.016433616595710885,0.015429637200953137,0.024390644454328828,0.025811575220015887,0.018520115175536145,0.016075944343129464,0.025824235939634625,0.015901998590945193,0.020623674352660833,0.02749687750436855,0.026396451207307384,0.0316111488562351,0.024470357976171562,0.01822183907704528,0.02296817398093725,0.022250982996028592,0.01878563127402701,0.021115898678316123,0.0144853682954726,0.011225946996028592,0.016661354883240664,0.010578975111993643,0.02057440286258936,0.01845384783955521
Chems,0.010154727436060367,0.011884075048451148,0.013471931952343124,0.00932343719618745,0.015389042826052421,0.015989727874503576,0.01929014874185862,0.016444225601270852,0.017555717752184268,0.01685143355361398,0.01621821481334392,0.016105233917394757,0.02148535548371724,0.028447715995234314,0.0168269811898332,0.01766082455599682,0.019485837521842735,0.024810826775218422,0.0296440629197776,0.01800127514058777,0.023569275173947572,0.02066847882605242,0.024144445972994436,0.019124752088959494,0.018660083790309766,0.014406655582208104,0.017193052050833994,0.027501352069896737,0.029556017485305796,0.019900454425734706,0.01594283921842732,0.023143936946783156,0.015494345370929308,0.01898178397934869,0.02423630011596505,0.02306152572676728,0.028490295274027005,0.022052399876092133,0.02011503541382049,0.026507498311358218,0.02259251582525814,0.018614837409054803,0.02114936569658459,0.014514837226370137,0.01152507662907069,0.01684186651787133,0.01022690429070691,0.019516010411437645,0.019056996386020653
Rubbr,0.00804235873073868,0.00921499250675139,0.010193992635424943,0.007394696671961874,0.012908128068308178,0.011431088351072276,0.014658312459094519,0.012645281899920568,0.012906582184273232,0.012823374014297062,0.013181280770452742,0.01267094673709293,0.016631585285146945,0.0168269811898332,0.047173390530579846,0.01368633375377283,0.015160307672756149,0.01847759017474186,0.022546015993645748,0.013867583766481336,0.017993765499602857,0.01625194564098491,0.01803902150913423,0.014170269737887214,0.014112267301032565,0.012154138092136614,0.009195188540111199,0.01910921831294678,0.020639846492454324,0.014211413313741064,0.011495964841938046,0.019295327383637807,0.011899150041302622,0.014707063343923748,0.01884680585067514,0.018131436068308186,0.022548170857823673,0.01712953461795075,0.015442861339158063,0.018482487477362988,0.017298693267672756,0.014320868608419383,0.016151673718824464,0.010937097750595707,0.008745592911834788,0.01235097698649722,0.008188448246227163,0.014906329934868944,0.014879165536139794
Txtls,0.00790392175059571,0.008960232034948373,0.009868490052422558,0.0073781429864972214,0.01026272450833995,0.01288020110246227,0.01629659511675934,0.013544905944400326,0.014236299968228752,0.014249255065925339,0.013010392740270056,0.013977381194598883,0.01711807671803018,0.01766082455599682,0.01368633375377283,0.03831363735663224,0.0149639322954726,0.020871131930103256,0.02282549530738681,0.014159485563145353,0.018484734557585387,0.016123491536139792,0.018671702398729152,0.01558149652104845,0.012823743529785544,0.012672090989674346,0.01332870845432883,0.0206633013121525,0.023497137941223187,0.016092086039714057,0.01282996698332009,0.019717176737092928,0.013640969280381257,0.015344192644956314,0.019483099993645753,0.018973730246227165,0.022797008371723593,0.018594393080222402,0.015423194830818108,0.019662985375694997,0.018238782150913423,0.014836286160444795,0.017469944069896735,0.012276391911040508,0.008885995895154885,0.012873716673550433,0.007664463418586176,0.015787096184273233,0.015893002907069104
BldMt,0.01010689928514694,0.01046654357426529,0.011402427895154884,0.007991821064336773,0.012917591834789514,0.014657127053216841,0.01714571593328038,0.01439478281175536,0.014912972041302621,0.014800655218427322,0.014004983701350275,0.014471073677521843,0.018664608038125495,0.019485837521842735,0.015160307672756149,0.0149639322954726,0.02115775904686259,0.024124507227958697,0.025778511834789512,0.016995564066719617,0.020818175027799837,0.01806536787926926,0.021051080953137406,0.01716377712470215,0.016241281016679904,0.013964100111199362,0.015256764829229545,0.024147195774424143,0.026111840063542488,0.01788304374900715,0.01403915958697379,0.020082544209690228,0.013345205718824466,0.01661935024622716,0.020752280381254963,0.019932101731532967,0.024170342970611595,0.018629960190627484,0.017291579475774428,0.0216474831771247,0.019859303891977757,0.016451739539316914,0.01876442910246227,0.01313259355043685,0.010138448737092928,0.014786241874503574,0.009746101223193013,0.01708799275615568,0.01640966779984114
Cnstr,0.012430495957108816,0.013429205297855445,0.016055423987291505,0.010667440309769656,0.016169852160444798,0.019142132271644165,0.022245686362192214,0.01807552975377284,0.019964644042891184,0.019809173232724384,0.01855629287529786,0.01951180123113582,0.024880939992057184,0.024810826775218422,0.01847759017474186,0.020871131930103256,0.024124507227958697,0.04680913930897537,0.033237352025417,0.021265002867355044,0.02684467096108022,0.023012469936457502,0.027816040158856244,0.02192259415409055,0.019869246020651307,0.01801686247021445,0.020675378602065128,0.03163982630659253,0.03461851360603653,0.02472277646544876,0.018609343669579035,0.026114602795869746,0.01891577158856235,0.021877508173153298,0.02747847989674345,0.026376434829229536,0.031666271000794284,0.024565973931691815,0.02268726526608419,0.028296141914217636,0.02568012969023034,0.021520901231135824,0.02579181787132645,0.017032114265289913,0.013703444336775217,0.019276894813343923,0.013921486854646545,0.02333529879269261,0.022619539579030984
Steel,0.012954913823669577,0.014872167682287529,0.016215540473391583,0.010638756854646544,0.019769754992851468,0.019656857131056395,0.02358818487053217,0.01937087763621922,0.0215304490548054,0.020642362293884036,0.020116375917394756,0.0207901493121525,0.02649635708339953,0.0296440629197776,0.022546015993645748,0.02282549530738681,0.025778511834789512,0.033237352025417,0.05144169673709292,0.023658222862589354,0.03120084604289118,0.02680392249722001,0.029529999491660044,0.02477849178713264,0.024685674649722,0.02021237313423352,0.031906536190627485,0.043222824362192214,0.04872546132486099,0.032359954332009534,0.019502040597299444,0.029208687428117556,0.018369278335186652,0.02415054624305004,0.03050537308339953,0.029231131723590136,0.03595069293089752,0.02732499133280382,0.02517366429864972,0.032732013127879274,0.028780968997617153,0.024600528241461476,0.025466452664019066,0.017874673277204132,0.014207810637013504,0.020183558945194597,0.013567711313741059,0.024985871084988093,0.02400946214455917
FabPr,0.00914108593963463,0.009269759232724384,0.01205375872279587,0.006489352827640983,0.010921728071485308,0.013532905739475774,0.015714463362986496,0.012913462722795876,0.013728248983320096,0.014260900775218424,0.01337158677521843,0.013827490594122319,0.01760455654169976,0.01800127514058777,0.013867583766481336,0.014159485563145353,0.016995564066719617,0.021265002867355044,0.023658222862589354,0.049193948687847495,0.019967593896743435,0.01800917515329626,0.019370680794281177,0.0169463387132645,0.016187390268467036,0.015269296665607623,0.021178867281969816,0.022989948390786337,0.023377417749007146,0.017080409752184268,0.012433998843526611,0.01934908386338364,0.013045224509928514,0.0157717836457506,0.020706684729150118,0.019193841517077044,0.023469724741858614,0.017777625350278,0.01605783921683876,0.01965032850357426,0.01855341815409054,0.015764829278792695,0.017719651110405084,0.013094427173947576,0.009582881909451947,0.013603915944400313,0.009300658441620336,0.01668183031930103,0.015366691048451155
Mach ,0.01156581648610008,0.012241622039714059,0.012657319224781572,0.009109161826846703,0.015356148152501985,0.017164581550436854,0.020581625089753763,0.01700733748689436,0.01817757297855441,0.017599044695790305,0.01771750384432089,0.017807412133439237,0.02328084105798252,0.023569275173947572,0.017993765499602857,0.018484734557585387,0.020818175027799837,0.02684467096108022,0.03120084604289118,0.019967593896743435,0.02935756085146942,0.02272589902779984,0.02521385766481334,0.02063463135822081,0.019603995660047654,0.016630571599682283,0.019723773388403504,0.028564378942017472,0.031785364679904685,0.023328595358220808,0.016395918767275617,0.02617722971247022,0.0164193298141382,0.020993066163621923,0.028194501054805404,0.026587652978554404,0.03366872554408261,0.025083021026211273,0.020157844088959483,0.025409613893566312,0.02391453832565528,0.020129726039714056,0.02259256887688642,0.015520640368546466,0.011856391968228751,0.017209492127084985,0.011331474500397141,0.02140543684193804,0.01966442101667991
ElcEq,0.010001887019857032,0.011206968891183479,0.011264692003177122,0.008745372843526607,0.01346428864336775,0.014867652681493248,0.0178644750548054,0.01497625643208896,0.016162470428911835,0.01597292152184273,0.015218073193010322,0.01657279445432883,0.021718299702938836,0.02066847882605242,0.01625194564098491,0.016123491536139792,0.01806536787926926,0.023012469936457502,0.02680392249722001,0.01800917515329626,0.02272589902779984,0.02743032568546465,0.02170282131850675,0.018043374996028594,0.016022389982525812,0.015404541240667195,0.01784104964892772,0.02402093663542494,0.025555691108816513,0.01849932616203336,0.01413440646862589,0.022872848025416996,0.015074060125496428,0.018683852239872914,0.024984932640190624,0.023700624233518666,0.029395410905480538,0.022176585350277993,0.017605517532962668,0.021785862324066717,0.020958250560762507,0.017986150136616356,0.019665644597299446,0.013889948826052424,0.010641379510722795,0.015039512449563145,0.010266692468625892,0.01869313087529785,0.01740725492454329
Autos,0.011901374900714854,0.012556337283558379,0.014235127212073076,0.010439706973788723,0.01610948708498808,0.017862134424146144,0.021517429547259728,0.018458913741064335,0.019251782684670378,0.01848697687053217,0.018017467926926132,0.017504597521842732,0.023005835170770445,0.024144445972994436,0.01803902150913423,0.018671702398729152,0.021051080953137406,0.027816040158856244,0.029529999491660044,0.019370680794281177,0.02521385766481334,0.02170282131850675,0.03432505556791104,0.021323772422557587,0.019999872025416997,0.016394094106433676,0.013743950754567115,0.02610491552025417,0.026883197680698957,0.018169885115170765,0.01682299555202542,0.026063840413026198,0.016897311421763303,0.020536217442414607,0.026295036250992852,0.025226801302621126,0.031126481143764886,0.024024494138204924,0.021666741826846702,0.026855318093725183,0.025351529658459094,0.01984881505957109,0.024260425289912638,0.01669180603653693,0.012304903288324067,0.018384160222398728,0.010744331469420174,0.021123813502779986,0.020391546306592526
Aero ,0.009751538014297064,0.010559613915806195,0.010069325687053217,0.00825249375694996,0.01372662459094519,0.013773226592533758,0.01760455942811755,0.014377518538522639,0.01477057683876092,0.014757943320095312,0.0140470074344718,0.014351680540111203,0.018292754630659252,0.019124752088959494,0.014170269737887214,0.01558149652104845,0.01716377712470215,0.02192259415409055,0.02477849178713264,0.0169463387132645,0.02063463135822081,0.018043374996028594,0.021323772422557587,0.03428953003971405,0.015884148244638602,0.01632527615567911,0.012526136235107229,0.02202394665607625,0.02341402637013503,0.01577726621127879,0.013926353296266875,0.019621506115965054,0.013235977601270849,0.01697324768864178,0.02046538687847498,0.019756527148530583,0.02429819253375695,0.018972463923749,0.01704701938046068,0.02093640721207307,0.02049391707704527,0.016603352629070683,0.018892998760921362,0.013265586814932482,0.009987889054805403,0.01490281525019857,0.008734019316918189,0.017735718538522637,0.015752363081810963
Ships,0.009007005995234314,0.009548351234312948,0.012127688571882447,0.00609929593328038,0.01105140537887212,0.013053737153296267,0.01459172391104051,0.012889143612390788,0.01362281297855441,0.013498496025416995,0.012282785464654486,0.012480807647339155,0.017020206700555998,0.018660083790309766,0.014112267301032565,0.012823743529785544,0.016241281016679904,0.019869246020651307,0.024685674649722,0.016187390268467036,0.019603995660047654,0.016022389982525812,0.019999872025416997,0.015884148244638602,0.04015329538363781,0.013921337102462272,0.015294479275615568,0.02316093476092136,0.023921102935663224,0.016472034843526606,0.012476527294678316,0.017465604880063546,0.011769182420969023,0.015229081572676727,0.01848507520571882,0.01793577685464655,0.022539753248610007,0.016958256311358225,0.015205581321683875,0.019640208289118347,0.01910716490548054,0.015400980311358222,0.01635184690071485,0.011253724727561556,0.009289100924543285,0.013347789550436856,0.009166764787926926,0.016381640501985702,0.014929026322478157
Guns ,0.009927881701350278,0.009123792077839556,0.006674110697378869,0.005142595909451946,0.009098346765687054,0.010907507906274823,0.013128421926926134,0.010747002185861797,0.01142029721207307,0.012044061512311357,0.012274554908657665,0.012605210803812548,0.016433616595710885,0.014406655582208104,0.012154138092136614,0.012672090989674346,0.013964100111199362,0.01801686247021445,0.02021237313423352,0.015269296665607623,0.016630571599682283,0.015404541240667195,0.016394094106433676,0.01632527615567911,0.013921337102462272,0.05873429766322478,0.01807364407625099,0.020570085731532965,0.023385575499602858,0.016073407515488483,0.010369769512311357,0.014127713722001587,0.011326972074662432,0.013833932525814135,0.016007892125496425,0.015770616926131846,0.01885717268467037,0.015144140718030177,0.012390283658459095,0.01617132698490865,0.014151670678316124,0.014265991579030982,0.013785783266084194,0.011589286789515488,0.007804537661636221,0.010637545834789514,0.008754292996028595,0.013204410633836377,0.012518414829229545
Gold ,0.01051108164257347,0.008863282322478157,0.003698084759332806,0.0062063152184273235,0.00797264769817315,0.011127738996028593,0.012104898462271646,0.007941058942017475,0.010586819809372518,0.01101294803494837,0.011301975679110404,0.013854026201747418,0.015429637200953137,0.017193052050833994,0.009195188540111199,0.01332870845432883,0.015256764829229545,0.020675378602065128,0.031906536190627485,0.021178867281969816,0.019723773388403504,0.01784104964892772,0.013743950754567115,0.012526136235107229,0.015294479275615568,0.01807364407625099,0.19274552572517875,0.055977450948371706,0.04259583653375694,0.03518197485941223,0.01412342975694996,0.01589663935186656,0.010731537178713264,0.014501730595710884,0.015859525753772835,0.01533560783161239,0.019702177362986496,0.01531008874980143,0.011872694173153299,0.01661119694678316,0.013796918964257348,0.015699135545671164,0.011143181737887208,0.008616416482922953,0.008563657525019856,0.009648434316123907,0.013172195923749007,0.01625591157426529,0.011491100063542493
Mines,0.015018461146942018,0.013859840406671962,0.01526487124384432,0.009469576203335982,0.018115929988880057,0.01703259406513105,0.020914797579030968,0.017517252981731537,0.018986329181890384,0.018626241531374103,0.018828954281175536,0.019205245992057182,0.024390644454328828,0.027501352069896737,0.01910921831294678,0.0206633013121525,0.024147195774424143,0.03163982630659253,0.043222824362192214,0.022989948390786337,0.028564378942017472,0.02402093663542494,0.02610491552025417,0.02202394665607625,0.02316093476092136,0.020570085731532965,0.055977450948371706,0.0722832948943606,0.050664798957903094,0.03500451376012709,0.019011932702144563,0.023843895593328036,0.017477939780778398,0.021821168387609207,0.02538854016838761,0.025455764320889588,0.029996195170770443,0.024022981992057185,0.02214139173312152,0.0299688622779984,0.026207723247021447,0.02299073554884829,0.022146122020651304,0.016043842808578235,0.013226126792692614,0.018124125426528997,0.013143599161239078,0.023194165667990468,0.022109589960285937
Coal ,0.012618624833995232,0.01425997883876092,0.015555823053216837,0.009568054956314537,0.01779414457029388,0.01904441312311359,0.023318952071485304,0.01847742250675139,0.01995555800635425,0.02005720261477363,0.019045739642573466,0.020674447915806193,0.025811575220015887,0.029556017485305796,0.020639846492454324,0.023497137941223187,0.026111840063542488,0.03461851360603653,0.04872546132486099,0.023377417749007146,0.031785364679904685,0.025555691108816513,0.026883197680698957,0.02341402637013503,0.023921102935663224,0.023385575499602858,0.04259583653375694,0.050664798957903094,0.10499953094678316,0.05038849110881651,0.02360089071326449,0.02747694466084194,0.01818348715329626,0.023380726346306592,0.02658812022081016,0.025935920516282768,0.03117812266084194,0.025176762138204918,0.023563043127879272,0.03203183426687848,0.02695600876250993,0.024634309891977763,0.023527630846703732,0.016823250328832407,0.012824216511517083,0.01849603626528991,0.015274717558379666,0.022775948692613183,0.02395696315329627
Oil  ,0.00934079977601271,0.010180035007148529,0.010516599421763303,0.006622148888006352,0.011464481494837172,0.01242195336457506,0.015020355817315327,0.01221911965687053,0.01332692914217633,0.013374090957903095,0.013471987124702147,0.014775075979348686,0.018520115175536145,0.019900454425734706,0.014211413313741064,0.016092086039714057,0.01788304374900715,0.02472277646544876,0.032359954332009534,0.017080409752184268,0.023328595358220808,0.01849932616203336,0.018169885115170765,0.01577726621127879,0.016472034843526606,0.016073407515488483,0.03518197485941223,0.03500451376012709,0.05038849110881651,0.04759445524861001,0.016939443259729944,0.018418085642573467,0.012716994009531371,0.016705382597299444,0.018382655594916596,0.018137918816521048,0.021663229682287528,0.01749238430182684,0.015751940440031763,0.02092476462748213,0.017394312895949168,0.01726428665766481,0.015729941308975377,0.010756085347100871,0.008970968930897537,0.012881002203335979,0.010715374565528199,0.016265866189038917,0.01659323115965052
Util ,0.008435100416203335,0.009091823281969816,0.00941412592216044,0.007466256393963463,0.013414808495631455,0.011640890903891974,0.013984247586973786,0.012614156683081808,0.01181796212867355,0.011531532142970613,0.012048091056393961,0.011971707342335184,0.016075944343129464,0.01594283921842732,0.011495964841938046,0.01282996698332009,0.01403915958697379,0.018609343669579035,0.019502040597299444,0.012433998843526611,0.016395918767275617,0.01413440646862589,0.01682299555202542,0.013926353296266875,0.012476527294678316,0.010369769512311357,0.01412342975694996,0.019011932702144563,0.02360089071326449,0.016939443259729944,0.01989290639555202,0.01713267802382843,0.010946562433677523,0.013603548752978553,0.01632843481493249,0.01566625235901509,0.01904856918189038,0.014512676861000788,0.013760520247815721,0.018473059037331215,0.015934357432883236,0.0129156869706116,0.01475885736616362,0.010236668797458298,0.008827944298649724,0.01317190919142176,0.007575340352660841,0.01416309901191422,0.014342316822875296
Telcm,0.011138051329626687,0.012595512559173948,0.012271822506751393,0.01021789280381255,0.015638227113582207,0.018401309172359017,0.02273874760285941,0.019392155761715643,0.01862911037331215,0.01797061052263701,0.019521275011914214,0.01918139245750596,0.025824235939634625,0.023143936946783156,0.019295327383637807,0.019717176737092928,0.020082544209690228,0.026114602795869746,0.029208687428117556,0.01934908386338364,0.02617722971247022,0.022872848025416996,0.026063840413026198,0.019621506115965054,0.017465604880063546,0.014127713722001587,0.01589663935186656,0.023843895593328036,0.02747694466084194,0.018418085642573467,0.01713267802382843,0.03699443389356632,0.017976908359015092,0.022329548435266085,0.031249682503574256,0.02958502071485306,0.036502639332803816,0.026504164200158855,0.020405850319301037,0.02622892534392375,0.02477813973629864,0.02028133643844321,0.02374293272756155,0.015852961029388404,0.012335020263701348,0.01816828399682287,0.01067812287847498,0.022530816915011916,0.02040335431294678
PerSv,0.007622757822081016,0.008379587938046065,0.009715234274821287,0.00695919624305004,0.01161692348054011,0.012021140544876885,0.014538824649722004,0.012375460308181095,0.013031392446386021,0.012283169146942016,0.011592052398729147,0.012624637996822875,0.015901998590945193,0.015494345370929308,0.011899150041302622,0.013640969280381257,0.013345205718824466,0.01891577158856235,0.018369278335186652,0.013045224509928514,0.0164193298141382,0.015074060125496428,0.016897311421763303,0.013235977601270849,0.011769182420969023,0.011326972074662432,0.010731537178713264,0.017477939780778398,0.01818348715329626,0.012716994009531371,0.010946562433677523,0.017976908359015092,0.019905513612390784,0.014404192684670367,0.017894764522637014,0.017391259801429707,0.021097918594122314,0.016325341505957106,0.013604797358220812,0.017382716764098492,0.015988766525814137,0.013322311677521842,0.016023646122319303,0.010994284679904685,0.008553736651310567,0.01242571700873709,0.007727195995234314,0.01428041872279587,0.013296619515488484
BusSv,0.01003968321683876,0.01048734235901509,0.010735931151707704,0.007903083359809372,0.013271717609213664,0.014413223423351867,0.017452122390786334,0.014687682605242253,0.01495470488482923,0.015048462223987286,0.015346408046068303,0.01576607640190627,0.020623674352660833,0.01898178397934869,0.014707063343923748,0.015344192644956314,0.01661935024622716,0.021877508173153298,0.02415054624305004,0.0157717836457506,0.020993066163621923,0.018683852239872914,0.020536217442414607,0.01697324768864178,0.015229081572676727,0.013833932525814135,0.014501730595710884,0.021821168387609207,0.023380726346306592,0.016705382597299444,0.013603548752978553,0.022329548435266085,0.014404192684670367,0.01948427449563145,0.023249169650516287,0.02234095613185068,0.02698442842732327,0.0206406307386815,0.01663361478157268,0.020782783629864965,0.019855749960285943,0.016533621135822078,0.019008041890389196,0.013195954837172357,0.010156186036536933,0.01485515673550436,0.00922967163621922,0.01783634568705321,0.01640559895949166
Hardw,0.01202986220333598,0.012390706673550436,0.012205174881652103,0.010422326822875295,0.01651172842414615,0.01938684852899126,0.022435999270849875,0.018796099177124697,0.01948704804606831,0.019111372222398722,0.019813670698967428,0.020232601790309765,0.02749687750436855,0.02423630011596505,0.01884680585067514,0.019483099993645753,0.020752280381254963,0.02747847989674345,0.03050537308339953,0.020706684729150118,0.028194501054805404,0.024984932640190624,0.026295036250992852,0.02046538687847498,0.01848507520571882,0.016007892125496425,0.015859525753772835,0.02538854016838761,0.02658812022081016,0.018382655594916596,0.01632843481493249,0.031249682503574256,0.017894764522637014,0.023249169650516287,0.040251283194598884,0.032935278069896747,0.041805316338363784,0.029182738354249404,0.020936064624305,0.026462523366163622,0.025373776972200158,0.021725505024622713,0.024753410233518663,0.016214781760127084,0.012526632606830814,0.018196901161239076,0.011415555086576646,0.023486977343923746,0.021074209888800637
Softw,0.011760206505162829,0.012409558006354248,0.012218762637013502,0.009912233558379668,0.015882288268467035,0.01826573981731533,0.02171967055599683,0.017974358316123904,0.01873567328832407,0.01838522311358221,0.019094525806195396,0.01976729624305004,0.026396451207307384,0.02306152572676728,0.018131436068308186,0.018973730246227165,0.019932101731532967,0.026376434829229536,0.029231131723590136,0.019193841517077044,0.026587652978554404,0.023700624233518666,0.025226801302621126,0.019756527148530583,0.01793577685464655,0.015770616926131846,0.01533560783161239,0.025455764320889588,0.025935920516282768,0.018137918816521048,0.01566625235901509,0.02958502071485306,0.017391259801429707,0.02234095613185068,0.032935278069896747,0.03243459741858617,0.03796756722001589,0.027411205861795067,0.019814494289118346,0.025205330651310563,0.02418019231135822,0.020541824710087375,0.023847522017474188,0.01576383312152502,0.012181468038125493,0.017663120754567118,0.010816830508339953,0.022535795694996027,0.01990341082605242
Chips,0.013848495766481339,0.014413358212867357,0.01409677023034154,0.011985306965845911,0.01855574016679904,0.02203276874503574,0.026353744281175533,0.02176370239872915,0.02299500782366958,0.022029365957108814,0.022848084932486096,0.023061553955520255,0.0316111488562351,0.028490295274027005,0.022548170857823673,0.022797008371723593,0.024170342970611595,0.031666271000794284,0.03595069293089752,0.023469724741858614,0.03366872554408261,0.029395410905480538,0.031126481143764886,0.02429819253375695,0.022539753248610007,0.01885717268467037,0.019702177362986496,0.029996195170770443,0.03117812266084194,0.021663229682287528,0.01904856918189038,0.036502639332803816,0.021097918594122314,0.02698442842732327,0.041805316338363784,0.03796756722001589,0.05182044034154091,0.03472728115965051,0.02428558377283558,0.03061098296266878,0.029557186211278803,0.025353948411437646,0.02869508551231136,0.01861443150119142,0.014602476584590943,0.021110683248610006,0.013035865536139793,0.027478914805401104,0.02436549360603654
LabEq,0.011120439615567912,0.01137892081652105,0.011898420606830818,0.009334310198570294,0.014117784435266088,0.01683018723749007,0.01998264259571088,0.0167536165019857,0.01736024598888006,0.016929475958697378,0.0175418023669579,0.018223149448768867,0.024470357976171562,0.022052399876092133,0.01712953461795075,0.018594393080222402,0.018629960190627484,0.024565973931691815,0.02732499133280382,0.017777625350278,0.025083021026211273,0.022176585350277993,0.024024494138204924,0.018972463923749,0.016958256311358225,0.015144140718030177,0.01531008874980143,0.024022981992057185,0.025176762138204918,0.01749238430182684,0.014512676861000788,0.026504164200158855,0.016325341505957106,0.0206406307386815,0.029182738354249404,0.027411205861795067,0.03472728115965051,0.02967302506115965,0.01908933406513105,0.024029206300238293,0.02277368275774424,0.019100164196981732,0.02194273249880858,0.014948357032565526,0.011215731189833199,0.016299730856235106,0.00981698141064337,0.020853877953931697,0.01827409517077046
