,Agric,Food ,Soda ,Beer ,Smoke,Toys ,Fun  ,Books,Hshld,Clths,Hlth ,MedEq,Drugs,Chems,Rubbr,Txtls,BldMt,Cnstr,Steel,FabPr,Mach ,ElcEq,Autos,Aero ,Ships,Guns ,Gold ,Mines,Coal ,Oil  ,Util ,Telcm,PerSv,BusSv,Hardw,Softw,Chips,LabEq,Paper,Boxes,Trans,Whlsl,Rtail,Meals,Banks,Insur,RlEst,Fin  ,Other
Agric,0.02935429715488483,0.006107141723590151,0.007377674657664811,0.004065314265289912,0.0071320706687847514,0.007656472419380462,0.008663743024622715,0.0083390557299444,0.007895492794281173,0.007070698050833994,0.007783900616362192,0.009186554046068307,0.010960148141382046,0.009937188379666399,0.0076399593471008715,0.007820955720413025,0.009911975126290709,0.012752035949166001,0.013187064309769658,0.009367421706115963,0.011161251947577439,0.00977280542017474,0.01144609093884035,0.009443085097696582,0.008858505092930898,0.009207417806195394,0.010653225183478951,0.014869674219221604,0.011971687410643368,0.009025164988085782,0.007670119283558379,0.01091104850516283,0.0075775832009531375,0.009524407621922162,0.011788751791898333,0.011416808036536932,0.013534698497220018,0.01074924715806195,0.009099762757744241,0.011430250822875299,0.010503914772041304,0.008745412500397141,0.009877359474185863,0.007108195774424147,0.005930515923749006,0.008277429504368546,0.006328854357426529,0.010232743510722793,0.008463112225575855
Food ,0.006107141723590151,0.010389507283558376,0.007781131286735504,0.005167787275615568,0.009343460158856239,0.008133587799841142,0.010012990103256552,0.008815243796664018,0.00901633796664019,0.008765958752978554,0.00861147321683876,0.0084460623669579,0.01101416189833201,0.011688792319301032,0.00874101538522637,0.00820035064336775,0.010016369928514691,0.012966949372517871,0.014625903502779985,0.008947985575853851,0.01166621239872915,0.010672615186656074,0.011977506671961876,0.009987273050039715,0.00958678856235107,0.008196579293089756,0.009618473780778394,0.013212298880063544,0.01330371228752978,0.00955859104050834,0.008366996544876888,0.01187348697378872,0.00803332458300238,0.00974244652899126,0.011805030285941221,0.01167664167593328,0.013653211596505165,0.010632700222398728,0.009740990373312153,0.01249595864177919,0.011318919340746622,0.00939114593328038,0.010866781930103257,0.007618692867355043,0.006187196044479745,0.009025735067513899,0.005921245830023827,0.010212130007942811,0.008935641636219223
Soda ,0.007377674657664811,0.007781131286735504,0.04032914308339953,0.007772615901509132,0.00939927043367752,0.009516653286735503,0.011029934554408259,0.009872864505162827,0.01097646094042891,0.009619104795869736,0.009357509378872121,0.009826968444797456,0.012407619261318505,0.013762473987291501,0.010212516992851467,0.009761675040508339,0.011283745299444004,0.01612691242255759,0.0165257622700556,0.012363548517871328,0.012833567915806195,0.01138902026370135,0.01405386233200953,0.010420593498014295,0.011714468130262109,0.006609983617156473,0.0074700070198570265,0.015151885596505163,0.014827853208895944,0.010830162859412233,0.009035654975377283,0.012521380146147737,0.00937732123113582,0.010622889966640188,0.01253147879110405,0.012171222711675934,0.014277707119936459,0.011767912022239872,0.011331764587768068,0.014017016011119932,0.012423729701350276,0.010477549145353456,0.01243527016203336,0.008292625131056395,0.006823330773629864,0.009983072722795869,0.007823717957108817,0.012286981858617952,0.010121079138999203
Beer ,0.004065314265289912,0.005167787275615568,0.007772615901509132,0.023631718030182675,0.006898730802223989,0.006303822017474184,0.007643277140587768,0.006911483177124699,0.007012704718030181,0.007396586163621922,0.006325977347100874,0.006439459761715648,0.00886480611596505,0.008956938792692612,0.006934636330420968,0.006524982907069102,0.0075748754884829225,0.01015817490071485,0.01044251556791104,0.006412671644162033,0.008751672327243845,0.008326565083399524,0.009699756060365368,0.00802442845115171,0.005948563749007148,0.004323422160444798,0.006330270452740269,0.00900859791898332,0.008574605957108815,0.0062474796822875305,0.006817169102462272,0.00979266538522637,0.006627688085782367,0.007497824781572678,0.010128151056393963,0.009533610246227165,0.011485093661636218,0.008883975536139791,0.008018443749007146,0.00915189402700556,0.009070253486894362,0.007491194805401111,0.009180643224781572,0.00621419850675139,0.004545057728355837,0.007063719062748213,0.004601544590945194,0.008169256393963464,0.007268505575853851
Smoke,0.0071320706687847514,0.009343460158856239,0.00939927043367752,0.006898730802223989,0.0628346361302621,0.011957824927720411,0.012568113321683875,0.011545642332009531,0.009757984679904689,0.01051699993963463,0.010500945722001588,0.010619769035742651,0.013733563987291498,0.014891518332009532,0.012012836387609213,0.0096110224050834,0.012325493547259732,0.015710396282764105,0.019164485023034156,0.011634340136616359,0.014690812508339948,0.012644796772041302,0.015167236193804607,0.013063910096902298,0.010339238544876886,0.007980513464654487,0.010134117207307386,0.01620267821127879,0.01575056487688642,0.010918100778395551,0.012421140438443208,0.014432528444797458,0.010935942128673548,0.012086089010325658,0.01587200813661636,0.01489368792057188,0.017442898675138995,0.013077124327243842,0.013453159053216835,0.016159410900714852,0.014728943361397934,0.011595774243050042,0.0138867554344718,0.009363706274821285,0.00832819039872915,0.012274705992057188,0.007227233442414615,0.013596296425734707,0.011605678608419379
Toys ,0.007656472419380462,0.008133587799841142,0.009516653286735503,0.006303822017474184,0.011957824927720411,0.024704283615567903,0.014201016724384428,0.012124662277998407,0.012055081918983322,0.011925270271644162,0.010954136260524229,0.01200334005401112,0.01569697146942018,0.015608308657664815,0.010687366144559174,0.011946120940428911,0.013972456876886417,0.01870361871326449,0.01938824526767276,0.013644724969023034,0.016283713537728353,0.014280979895154887,0.016836222894360604,0.012876055262907068,0.013266706198570294,0.009780546668784753,0.01072543173312153,0.016637012759332808,0.017509961938046072,0.011689731215250196,0.010192057042096903,0.01716998886100079,0.011288921620333599,0.013425711796664018,0.01854742379030977,0.01735204195075457,0.02090939743923749,0.01579485561874503,0.013434181496425732,0.017797872686258934,0.016066647637807782,0.013079652403494835,0.015263467463065922,0.010410380238284353,0.008074799567911038,0.011808982773629866,0.008259712241461478,0.014370411660047655,0.012962653426528994
Fun  ,0.008663743024622715,0.010012990103256552,0.011029934554408259,0.007643277140587768,0.012568113321683875,0.014201016724384428,0.023217738147736304,0.013916535078633838,0.01450940982366958,0.014438876311358222,0.013219743555202543,0.013421968374900712,0.017689237410643367,0.01843451623510723,0.013451458036536933,0.014374707221604442,0.01577443531691819,0.021056731977760125,0.022280836088959484,0.014473090713264495,0.018621842773629865,0.016301357032565526,0.01940027500555997,0.015450252190627484,0.014420978420969021,0.01101056215091342,0.011299553642573469,0.01948052379030977,0.020976693741064336,0.013272979158061955,0.011924704327243844,0.020294230474980145,0.013259620031771245,0.015377105842732323,0.020605078598888008,0.01963933390627482,0.02368733703574265,0.017853055434471805,0.0157301082700556,0.019741205652104847,0.018662389029388403,0.014900875510722798,0.018470060578236698,0.012821431644162034,0.009633003850675137,0.014009052800635427,0.00970866174424146,0.016746327021445587,0.0148505477299444
Books,0.0083390557299444,0.008815243796664018,0.009872864505162827,0.006911483177124699,0.011545642332009531,0.012124662277998407,0.013916535078633838,0.021704260644956317,0.012444103021445593,0.011859622770452738,0.011637145042096904,0.011752022551231135,0.01530009037331215,0.016034811930103254,0.01192058024146148,0.01206433640667196,0.013539909763304207,0.017465602160444797,0.018874428076250987,0.012320850630659253,0.01598702916282764,0.01416914442573471,0.017235497868149326,0.01352054256076251,0.01255166857505957,0.009023845023034152,0.00715639376330421,0.016592956660841943,0.016773210214455905,0.01121217375694996,0.011248701003971406,0.018311777842732323,0.011777375393169181,0.013643973509134233,0.017743669378872114,0.01688158859729944,0.02034674924861001,0.015541453038919776,0.014306136057188244,0.017815464581413816,0.016213603180301822,0.01276035768387609,0.015950748724384428,0.010810335885623508,0.008612328756155677,0.012742115510722794,0.007589455891977761,0.014335487942811753,0.013015080679904685
Hshld,0.007895492794281173,0.00901633796664019,0.01097646094042891,0.007012704718030181,0.009757984679904689,0.012055081918983322,0.01450940982366958,0.012444103021445593,0.020569822087370935,0.013252845874503575,0.011905499901509131,0.012025288311358219,0.01585086327243844,0.01717196999205719,0.012360345057982527,0.01295543383002383,0.014192203926926132,0.01942641493248609,0.021216420171564738,0.013437192127084989,0.017395640486100074,0.01566868294201747,0.01812909931056394,0.013839338544876885,0.013625779977760127,0.010497929839555201,0.011568408447974583,0.018536113496425734,0.01862113796664019,0.01273796924543288,0.010879035415409055,0.017857898306592526,0.012352449737887213,0.014033865239078633,0.01881561156155679,0.01787259795710882,0.021929555812549635,0.016303412320889596,0.014867427507545671,0.018714454389197777,0.01670456574106433,0.013781402786338364,0.016509372476568702,0.011335065925337569,0.008707030157267672,0.012679344746624304,0.008640162300238282,0.015233451183478953,0.013199110652899129
Clths,0.007070698050833994,0.008765958752978554,0.009619104795869736,0.007396586163621922,0.01051699993963463,0.011925270271644162,0.014438876311358222,0.011859622770452738,0.013252845874503575,0.018989383782366955,0.011354613512311356,0.011646160927720412,0.01544383951548848,0.016538273113582205,0.012204950139793487,0.012920917525019856,0.014298443199364576,0.019303534408260527,0.020472126562351072,0.01391718898808578,0.01692182191739476,0.015411048648133438,0.017433194983320095,0.013848941466243044,0.01395366473709293,0.011191535842732326,0.011830594632247816,0.01797844193328038,0.01834046571088165,0.012528434058776804,0.010572166279586973,0.01704014709769658,0.011597373193010324,0.0141067794853058,0.018410868214455915,0.01754059520730739,0.02103887883717236,0.015995656937251784,0.014304720781572678,0.018080644131850673,0.01681370588244638,0.01365076618427323,0.01742529069579031,0.01106097884034948,0.008449661251787132,0.012250929945988878,0.008523854592533757,0.014911497664813343,0.013023098049245431
Hlth ,0.007783900616362192,0.00861147321683876,0.009357509378872121,0.006325977347100874,0.010500945722001588,0.010954136260524229,0.013219743555202543,0.011637145042096904,0.011905499901509131,0.011354613512311356,0.01858849810325655,0.01239012372359015,0.0162772418903892,0.015401689451945987,0.012117846573471007,0.011761820543288322,0.012755181992057186,0.01762838049245433,0.019005879945988877,0.01216268630341541,0.016030328327243847,0.014120954637013499,0.016369825340746623,0.01228674169658459,0.011919986039714059,0.010357885556791104,0.010963650366957902,0.01736628264019062,0.016638745782366956,0.012071038252581413,0.009993230370135033,0.017174080679904682,0.010682031501191422,0.013693164378077839,0.017974474671961872,0.017124612673550435,0.020354310163621922,0.015743380670373314,0.013437080559173946,0.01676087371882446,0.015457899186656077,0.012847345064336773,0.014931050640190624,0.010195856489277203,0.008017000044479746,0.012214035084988086,0.008050243424940429,0.013877529626687845,0.011534997667990468
MedEq,0.009186554046068307,0.0084460623669579,0.009826968444797456,0.006439459761715648,0.010619769035742651,0.01200334005401112,0.013421968374900712,0.011752022551231135,0.012025288311358219,0.011646160927720412,0.01239012372359015,0.016714666840349484,0.0180813845274027,0.015326322192216047,0.011713444244638601,0.012686178535345507,0.013539616800635425,0.0185571850675139,0.019738351301032565,0.012949462640190626,0.016380978598888006,0.015376561899920572,0.015999471529785536,0.01282075874821287,0.012280238487688644,0.010874279129467828,0.013316401944400319,0.018046075977760125,0.018738520127084983,0.01342398370135028,0.010365040082605241,0.01723957117077045,0.011600564003177124,0.014159328012708501,0.018873785931691815,0.01818982232247816,0.021253861146942013,0.016654010973788717,0.013114506700555995,0.01599066084829229,0.015503775332803806,0.013317164943606036,0.014885698446386018,0.010251063606036536,0.008201120241461477,0.011335114096902302,0.008116265709293089,0.014481934741858615,0.012779141744241463
Drugs,0.010960148141382046,0.01101416189833201,0.012407619261318505,0.00886480611596505,0.013733563987291498,0.01569697146942018,0.017689237410643367,0.01530009037331215,0.01585086327243844,0.01544383951548848,0.0162772418903892,0.0180813845274027,0.02933424920571883,0.020530796894360603,0.01540923327243844,0.01584128322478157,0.017556339714058775,0.02403501240667196,0.02530377085782367,0.016908457633042096,0.021567738308181095,0.02033657769658459,0.021385321032565525,0.016724584980142967,0.016252389388403492,0.014783502883240674,0.01565715781572677,0.022724987871326447,0.023960449729944395,0.01719001308975377,0.013904374940428914,0.02356258546465448,0.014861823042096904,0.01875933491660047,0.02582234297855441,0.024486220897537724,0.029243911675933272,0.02263726241461478,0.017113649594916593,0.02122003012708499,0.02069183403494837,0.01737992064336775,0.019593039531374104,0.013131410643367753,0.010532108927720408,0.015124120992851469,0.010502724495631452,0.019219317426528996,0.01654952131850675
Chems,0.009937188379666399,0.011688792319301032,0.013762473987291501,0.008956938792692612,0.014891518332009532,0.015608308657664815,0.01843451623510723,0.016034811930103254,0.01717196999205719,0.016538273113582205,0.015401689451945987,0.015326322192216047,0.020530796894360603,0.028443693081810953,0.01671210852263702,0.01669018873709293,0.01912850057188245,0.02498838104845115,0.029910177736298643,0.018260510913423355,0.0232558526370135,0.020522434757744238,0.023273004749801426,0.018454420865766482,0.018989600444797458,0.013637116497220015,0.019027950047656877,0.027770071572676722,0.028294020071485307,0.01961707154884829,0.015168895750595709,0.02265913444003177,0.014998755162827641,0.01839091407466243,0.023955401834789513,0.022585706441620328,0.02791192276409849,0.02127147178713264,0.020046240381254965,0.0261129337172359,0.02219602928514694,0.018332739404289117,0.020303736576648135,0.013770452708498807,0.011419364209690232,0.016359054320889594,0.011016580317712467,0.01946433588562351,0.01815109418586179
Rubbr,0.0076399593471008715,0.00874101538522637,0.010212516992851467,0.006934636330420968,0.012012836387609213,0.010687366144559174,0.013451458036536933,0.01192058024146148,0.012360345057982527,0.012204950139793487,0.012117846573471007,0.011713444244638601,0.01540923327243844,0.01671210852263702,0.04693618741699759,0.012673187110405082,0.014563221671167595,0.01816680567116759,0.022049319131056386,0.013704852555996818,0.017210430994440026,0.015681411615567912,0.017093969922160446,0.013218973119936452,0.014146577308975379,0.01090508219062748,0.010418024659253372,0.01887602105003971,0.019006570222398725,0.013676398602065128,0.010567147099285147,0.018121073890389198,0.011234838530579824,0.01380890598570294,0.01790785776489277,0.01723072703574265,0.02141478440667196,0.016048514735504366,0.01518478766640191,0.017718264405083402,0.016483571563145356,0.013646746845115172,0.01510648657505957,0.010010927879269261,0.008466814223987292,0.011696801307386815,0.008261429003971407,0.014249719872915012,0.013830785553613978
Txtls,0.007820955720413025,0.00820035064336775,0.009761675040508339,0.006524982907069102,0.0096110224050834,0.011946120940428911,0.014374707221604442,0.01206433640667196,0.01295543383002383,0.012920917525019856,0.011761820543288322,0.012686178535345507,0.01584128322478157,0.01669018873709293,0.012673187110405082,0.037884901356632236,0.013969902665607619,0.01962149604447975,0.022121617667990465,0.014114202058776806,0.017151794112787926,0.014939002300238284,0.01673775965687053,0.013942873401111992,0.012753355844320887,0.011314888206513102,0.014661851504368545,0.020215947822081016,0.020141353057982533,0.014645092772041304,0.01108914193169182,0.018633461375694993,0.012470504733915805,0.013992775841143765,0.01863567854169976,0.01786438873073868,0.02141332615726767,0.016660930141382046,0.0145006842319301,0.018236568676727564,0.016834002455917395,0.013937186665607625,0.015562985776012705,0.010894455694996029,0.008323694576648133,0.011663209884034945,0.008096296317712469,0.014686271199364572,0.014130879243844317
BldMt,0.009911975126290709,0.010016369928514691,0.011283745299444004,0.0075748754884829225,0.012325493547259732,0.013972456876886417,0.01577443531691819,0.013539909763304207,0.014192203926926132,0.014298443199364576,0.012755181992057186,0.013539616800635425,0.017556339714058775,0.01912850057188245,0.014563221671167595,0.013969902665607619,0.020479167015091337,0.023806441429706116,0.025502193064336775,0.016477492219221603,0.01992792352343129,0.017539138833995233,0.019940459615567913,0.016239329185067507,0.016091523984114373,0.012663558446386019,0.015454965359809374,0.02379763322954726,0.024984652946783162,0.017180358220810165,0.012987429042096902,0.01907701460206513,0.012659485385226373,0.015695480927720412,0.019982721356632243,0.019022352282764096,0.022997345849086574,0.01762106495313741,0.016693957725178715,0.0208275954471803,0.019029746976965845,0.015656831996822874,0.017693938208101667,0.012104239173947576,0.00979559061477363,0.013824270745035741,0.010054654970611598,0.016661941191421763,0.015200921950754566
Cnstr,0.012752035949166001,0.012966949372517871,0.01612691242255759,0.01015817490071485,0.015710396282764105,0.01870361871326449,0.021056731977760125,0.017465602160444797,0.01942641493248609,0.019303534408260527,0.01762838049245433,0.0185571850675139,0.02403501240667196,0.02498838104845115,0.01816680567116759,0.01962149604447975,0.023806441429706116,0.04708768632247816,0.03321153650516283,0.021175261763304202,0.02635457532962668,0.022887273359809366,0.026913649753772837,0.021126022827640985,0.020291478347895155,0.016865789118347893,0.023168267084988082,0.03218818660841938,0.033501798014297056,0.024245527339158055,0.018146243351866556,0.025367267323272435,0.01826727626687847,0.02107635469420175,0.026939447227958695,0.02561174578236696,0.030682516918189028,0.02339107291501191,0.02220695399523432,0.027488414916600482,0.025177874011119934,0.021026786068308174,0.024856212152501986,0.016093106592533758,0.013841087561556789,0.01867172211278793,0.015303384972200159,0.02330503320095314,0.021343283971405873
Steel,0.013187064309769658,0.014625903502779985,0.0165257622700556,0.01044251556791104,0.019164485023034156,0.01938824526767276,0.022280836088959484,0.018874428076250987,0.021216420171564738,0.020472126562351072,0.019005879945988877,0.019738351301032565,0.02530377085782367,0.029910177736298643,0.022049319131056386,0.022121617667990465,0.025502193064336775,0.03321153650516283,0.051584504926131855,0.024511499170770452,0.03067001117871326,0.026740872571882453,0.02882817061477362,0.024075457749007146,0.025314157000794278,0.019277449234312943,0.03447330904050834,0.04361111532486099,0.04718752820492453,0.03188668575059572,0.018877433761715644,0.028148096930897527,0.017852233367752178,0.02318568496584591,0.029728002066719616,0.028334001402700544,0.03476076922637013,0.02632954243367752,0.025124644022239878,0.03243240041461478,0.028311669250198564,0.024118892220810165,0.024754705691818903,0.017203367752184274,0.013978200981731529,0.019637118,0.014189473115170768,0.024732522128673558,0.0226535032279587
FabPr,0.009367421706115963,0.008947985575853851,0.012363548517871328,0.006412671644162033,0.011634340136616359,0.013644724969023034,0.014473090713264495,0.012320850630659253,0.013437192127084989,0.01391718898808578,0.01216268630341541,0.012949462640190626,0.016908457633042096,0.018260510913423355,0.013704852555996818,0.014114202058776806,0.016477492219221603,0.021175261763304202,0.024511499170770452,0.048742438163621914,0.019538001772835583,0.01797299690548054,0.018673071320095318,0.0165676036918189,0.01760988396505163,0.015038263707704521,0.01904174809849087,0.023567842503574268,0.022616671739475777,0.01666295345512311,0.011725867933280383,0.01892781887847498,0.012645347768069894,0.01539471985385226,0.020218680393963455,0.01878311358856235,0.02281241878316123,0.017135205903097694,0.016537633639396348,0.020241375517077047,0.01815516343764893,0.015608496718030182,0.01682593671803018,0.012515328355837968,0.009381803119936458,0.0129435711644162,0.009957760584590943,0.016610781159650513,0.014578664679904686
Mach ,0.011161251947577439,0.01166621239872915,0.012833567915806195,0.008751672327243845,0.014690812508339948,0.016283713537728353,0.018621842773629865,0.01598702916282764,0.017395640486100074,0.01692182191739476,0.016030328327243847,0.016380978598888006,0.021567738308181095,0.0232558526370135,0.017210430994440026,0.017151794112787926,0.01992792352343129,0.02635457532962668,0.03067001117871326,0.019538001772835583,0.027974707003971405,0.021843199027799836,0.023734946614773624,0.019345947626687843,0.01968377951389992,0.015160808532168385,0.01984626990786338,0.02815929661477363,0.030054819531374097,0.02220533150119142,0.014978053266084191,0.024307680009531367,0.01555846893566322,0.019520839685464655,0.02679402355361398,0.025048987737887204,0.031565383313741056,0.0234118759872915,0.019554885884034943,0.024465913625099287,0.02277466127243844,0.019124543464654493,0.021128972725972996,0.014367569722001584,0.011419846681493246,0.016053043633042094,0.011644384975377283,0.02064149213661636,0.01808432421604448
ElcEq,0.00977280542017474,0.010672615186656074,0.01138902026370135,0.008326565083399524,0.012644796772041302,0.014280979895154887,0.016301357032565526,0.01416914442573471,0.01566868294201747,0.015411048648133438,0.014120954637013499,0.015376561899920572,0.02033657769658459,0.020522434757744238,0.015681411615567912,0.014939002300238284,0.017539138833995233,0.022887273359809366,0.026740872571882453,0.01797299690548054,0.021843199027799836,0.026657604727561554,0.020803155882446384,0.017114346071485306,0.016444539488482922,0.014698269566322478,0.01845618399364575,0.023745370370135025,0.024109238030182684,0.01776926595710882,0.012873853394757747,0.021703508835583793,0.014521730198570292,0.017617206837172356,0.024107925915806194,0.022623292282764097,0.02818632300555997,0.021019002109610805,0.017340075469420176,0.02114459384273233,0.020094788517871325,0.017315793505957106,0.018736822894360603,0.012983629070691022,0.010281494856235106,0.014245354573471009,0.010535138592533756,0.018209464813343925,0.01626902644638602
Autos,0.01144609093884035,0.011977506671961876,0.01405386233200953,0.009699756060365368,0.015167236193804607,0.016836222894360604,0.01940027500555997,0.017235497868149326,0.01812909931056394,0.017433194983320095,0.016369825340746623,0.015999471529785536,0.021385321032565525,0.023273004749801426,0.017093969922160446,0.01673775965687053,0.019940459615567913,0.026913649753772837,0.02882817061477362,0.018673071320095318,0.023734946614773624,0.020803155882446384,0.03232053414455917,0.01979292858776807,0.019793624692613185,0.014916247793486895,0.014005669868149325,0.02522561994281175,0.024587081985702936,0.016955649372517877,0.015372895990468627,0.02439200879428117,0.01576015264495631,0.01905847487212073,0.025078951456711678,0.023809965887212074,0.029409382773629863,0.022353958227164412,0.02062524852104845,0.025555941798252584,0.0239961160381255,0.018783621105639393,0.022274246173153295,0.015117059984114375,0.011731898198570293,0.017068295316918194,0.010982844085782366,0.020311956314535345,0.018738442643367756
Aero ,0.009443085097696582,0.009987273050039715,0.010420593498014295,0.00802442845115171,0.013063910096902298,0.012876055262907068,0.015450252190627484,0.01352054256076251,0.013839338544876885,0.013848941466243044,0.01228674169658459,0.01282075874821287,0.016724584980142967,0.018454420865766482,0.013218973119936452,0.013942873401111992,0.016239329185067507,0.021126022827640985,0.024075457749007146,0.0165676036918189,0.019345947626687843,0.017114346071485306,0.01979292858776807,0.032063477647339154,0.01639549349642573,0.014885135471008736,0.011864613030976969,0.02134673298014297,0.021301698895949163,0.014570694900714852,0.012363982555996822,0.01790174810802224,0.012415091175536139,0.015405664746624304,0.01952238577124702,0.01836770784590945,0.022813590538522634,0.017480750382843524,0.016288828270055598,0.01979473792374901,0.019138919490071488,0.015484255534551232,0.017516153008737094,0.01197625725178713,0.009386614065131058,0.013874087566322479,0.009050661092930899,0.0168711189197776,0.01394497249563145
Ships,0.008858505092930898,0.00958678856235107,0.011714468130262109,0.005948563749007148,0.010339238544876886,0.013266706198570294,0.014420978420969021,0.01255166857505957,0.013625779977760127,0.01395366473709293,0.011919986039714059,0.012280238487688644,0.016252389388403492,0.018989600444797458,0.014146577308975379,0.012753355844320887,0.016091523984114373,0.020291478347895155,0.025314157000794278,0.01760988396505163,0.01968377951389992,0.016444539488482922,0.019793624692613185,0.01639549349642573,0.03826858469261318,0.014322281423351867,0.01729362950277998,0.023135124009531372,0.02332427132644956,0.016570565909451943,0.01172209311517077,0.017593406220810168,0.011449185988880064,0.015173113220015882,0.018485660225575858,0.017866541661636218,0.022198049366163618,0.0168123099030977,0.016011526360603653,0.020139560177918986,0.019336935307386813,0.015609876657664813,0.016197888667196184,0.011471136743447179,0.009188795227958697,0.013142025245432879,0.0097371162700556,0.016322126068308178,0.014673099450357429
Guns ,0.009207417806195394,0.008196579293089756,0.006609983617156473,0.004323422160444798,0.007980513464654487,0.009780546668784753,0.01101056215091342,0.009023845023034152,0.010497929839555201,0.011191535842732326,0.010357885556791104,0.010874279129467828,0.014783502883240674,0.013637116497220015,0.01090508219062748,0.011314888206513102,0.012663558446386019,0.016865789118347893,0.019277449234312943,0.015038263707704521,0.015160808532168385,0.014698269566322478,0.014916247793486895,0.014885135471008736,0.014322281423351867,0.05664826207942812,0.016294964897537727,0.018506484433677518,0.0209194964177919,0.014582518633836373,0.008548495884034946,0.012634145185067515,0.009978937561556791,0.012521778678316123,0.014699857955520255,0.014322008084193804,0.01740542726608419,0.013623245251787134,0.011732711256552814,0.015234114190627479,0.012835800284352657,0.012961369116759332,0.012298938362192216,0.010178160158856234,0.007012550490865767,0.009545993205718827,0.008266707193010325,0.011897390945194602,0.010228916038125497
Gold ,0.010653225183478951,0.009618473780778394,0.0074700070198570265,0.006330270452740269,0.010134117207307386,0.01072543173312153,0.011299553642573469,0.00715639376330421,0.011568408447974583,0.011830594632247816,0.010963650366957902,0.013316401944400319,0.01565715781572677,0.019027950047656877,0.010418024659253372,0.014661851504368545,0.015454965359809374,0.023168267084988082,0.03447330904050834,0.01904174809849087,0.01984626990786338,0.01845618399364575,0.014005669868149325,0.011864613030976969,0.01729362950277998,0.016294964897537727,0.17412777463224785,0.05760152010643368,0.042588466012708485,0.034743801874503565,0.012612576366957904,0.014387269353455122,0.010631571969817311,0.014561272479745825,0.01572792103415409,0.0157984875822081,0.019829598233518663,0.015939698239872915,0.013433457588562351,0.017216080112787926,0.014259477431294678,0.0160020467084988,0.01202915304686259,0.008886147640984911,0.008201488003177127,0.009768994012708499,0.013682459008737095,0.016633403685464655,0.010842856270055596
Mines,0.014869674219221604,0.013212298880063544,0.015151885596505163,0.00900859791898332,0.01620267821127879,0.016637012759332808,0.01948052379030977,0.016592956660841943,0.018536113496425734,0.01797844193328038,0.01736628264019062,0.018046075977760125,0.022724987871326447,0.027770071572676722,0.01887602105003971,0.020215947822081016,0.02379763322954726,0.03218818660841938,0.04361111532486099,0.023567842503574268,0.02815929661477363,0.023745370370135025,0.02522561994281175,0.02134673298014297,0.023135124009531372,0.018506484433677518,0.05760152010643368,0.07096516514535346,0.049348999229547254,0.034618978617950755,0.01743293174106434,0.022955228349483717,0.016615799261318502,0.020606418652899118,0.025197122425734707,0.02451412101826847,0.029307913258141374,0.023040459593328035,0.022148839529785542,0.028965752735504374,0.025753227817315327,0.02239755963621922,0.021642466260524223,0.015073608705321683,0.012609298627482132,0.016934274324066714,0.014188042036536935,0.022452622970611597,0.020735142166799045
Coal ,0.011971687410643368,0.01330371228752978,0.014827853208895944,0.008574605957108815,0.01575056487688642,0.017509961938046072,0.020976693741064336,0.016773210214455905,0.01862113796664019,0.01834046571088165,0.016638745782366956,0.018738520127084983,0.023960449729944395,0.028294020071485307,0.019006570222398725,0.020141353057982533,0.024984652946783162,0.033501798014297056,0.04718752820492453,0.022616671739475777,0.030054819531374097,0.024109238030182684,0.024587081985702936,0.021301698895949163,0.02332427132644956,0.0209194964177919,0.042588466012708485,0.049348999229547254,0.10074191096902303,0.04868285490071485,0.02150320968228753,0.025258036203335985,0.01667201311358221,0.02154764316123907,0.024733709857029388,0.023963161882446387,0.029138717394757742,0.022960024384432086,0.021671354344718025,0.029424194463860204,0.025070072525814138,0.022888131969817316,0.02126191103256553,0.01478801308975377,0.012182274614773631,0.017107854733915805,0.015155363923749011,0.02169775472597299,0.021705637410643363
Oil  ,0.009025164988085782,0.00955859104050834,0.010830162859412233,0.0062474796822875305,0.010918100778395551,0.011689731215250196,0.013272979158061955,0.01121217375694996,0.01273796924543288,0.012528434058776804,0.012071038252581413,0.01342398370135028,0.01719001308975377,0.01961707154884829,0.013676398602065128,0.014645092772041304,0.017180358220810165,0.024245527339158055,0.03188668575059572,0.01666295345512311,0.02220533150119142,0.01776926595710882,0.016955649372517877,0.014570694900714852,0.016570565909451943,0.014582518633836373,0.034743801874503565,0.034618978617950755,0.04868285490071485,0.04649013896743447,0.01589228123907863,0.017034138586179505,0.01194026274821287,0.01550306681493249,0.017208892359015092,0.016896997871326452,0.020162367053216838,0.016086097505957107,0.015297690929308973,0.019798664845115173,0.016421281969817313,0.016417256648133437,0.014404376044479746,0.009590160508339952,0.008605841906274822,0.011946592025416997,0.011009045909451943,0.015481077426528992,0.015032883113582206
Util ,0.007670119283558379,0.008366996544876888,0.009035654975377283,0.006817169102462272,0.012421140438443208,0.010192057042096903,0.011924704327243844,0.011248701003971406,0.010879035415409055,0.010572166279586973,0.009993230370135033,0.010365040082605241,0.013904374940428914,0.015168895750595709,0.010567147099285147,0.01108914193169182,0.012987429042096902,0.018146243351866556,0.018877433761715644,0.011725867933280383,0.014978053266084191,0.012873853394757747,0.015372895990468627,0.012363982555996822,0.01172209311517077,0.008548495884034946,0.012612576366957904,0.01743293174106434,0.02150320968228753,0.01589228123907863,0.01706728593963463,0.015443530856235108,0.010104705599682288,0.012100089782366957,0.015141786470214458,0.01421693513741064,0.017200880038125494,0.013198146538522634,0.013135072908657664,0.017402091474185862,0.014549662714853058,0.011698910943606035,0.013515365780778396,0.008831880127084985,0.008238164756155677,0.012000292173153293,0.007482921140587766,0.013315396346306591,0.012771170589356635
Telcm,0.01091104850516283,0.01187348697378872,0.012521380146147737,0.00979266538522637,0.014432528444797458,0.01716998886100079,0.020294230474980145,0.018311777842732323,0.017857898306592526,0.01704014709769658,0.017174080679904682,0.01723957117077045,0.02356258546465448,0.02265913444003177,0.018121073890389198,0.018633461375694993,0.01907701460206513,0.025367267323272435,0.028148096930897527,0.01892781887847498,0.024307680009531367,0.021703508835583793,0.02439200879428117,0.01790174810802224,0.017593406220810168,0.012634145185067515,0.014387269353455122,0.022955228349483717,0.025258036203335985,0.017034138586179505,0.015443530856235108,0.03344038107069103,0.016910375647339163,0.020344491736298646,0.028958508400317714,0.027379591634630652,0.03338313420810168,0.024406633830023824,0.019694777690230342,0.024783194659253376,0.023097715606036538,0.01885958629706116,0.022095870204924543,0.014685049944400314,0.011664130332009533,0.016914485938046068,0.010639407288324066,0.021157316092136613,0.01851849184432089
PerSv,0.0075775832009531375,0.00803332458300238,0.00937732123113582,0.006627688085782367,0.010935942128673548,0.011288921620333599,0.013259620031771245,0.011777375393169181,0.012352449737887213,0.011597373193010324,0.010682031501191422,0.011600564003177124,0.014861823042096904,0.014998755162827641,0.011234838530579824,0.012470504733915805,0.012659485385226373,0.01826727626687847,0.017852233367752178,0.012645347768069894,0.01555846893566322,0.014521730198570292,0.01576015264495631,0.012415091175536139,0.011449185988880064,0.009978937561556791,0.010631571969817311,0.016615799261318502,0.01667201311358221,0.01194026274821287,0.010104705599682288,0.016910375647339163,0.01908441670373312,0.01339630171564734,0.017274017625099284,0.01659250526608419,0.02011993912629071,0.015441884845115167,0.013084805718824463,0.01646696532962668,0.01513574426528991,0.012516195861795074,0.014919189126290703,0.009850453788721205,0.008233211898332007,0.011782172065131056,0.007869000524225575,0.013855808101667987,0.012224131485305793
BusSv,0.009524407621922162,0.00974244652899126,0.010622889966640188,0.007497824781572678,0.012086089010325658,0.013425711796664018,0.015377105842732323,0.013643973509134233,0.014033865239078633,0.0141067794853058,0.013693164378077839,0.014159328012708501,0.01875933491660047,0.01839091407466243,0.01380890598570294,0.013992775841143765,0.015695480927720412,0.02107635469420175,0.02318568496584591,0.01539471985385226,0.019520839685464655,0.017617206837172356,0.01905847487212073,0.015405664746624304,0.015173113220015882,0.012521778678316123,0.014561272479745825,0.020606418652899118,0.02154764316123907,0.01550306681493249,0.012100089782366957,0.020344491736298646,0.01339630171564734,0.017798440787926924,0.021837600327243845,0.02072316044162033,0.024956051355043685,0.01897913024940429,0.015955717286735505,0.019624974052422552,0.018503680219221604,0.015359163396346307,0.017558551958697384,0.011902848451151707,0.00959179295949166,0.013702842551231133,0.00929175989833201,0.0168227247974583,0.014739939113582203
Hardw,0.011788751791898333,0.011805030285941221,0.01253147879110405,0.010128151056393963,0.01587200813661636,0.01854742379030977,0.020605078598888008,0.017743669378872114,0.01881561156155679,0.018410868214455915,0.017974474671961872,0.018873785931691815,0.02582234297855441,0.023955401834789513,0.01790785776489277,0.01863567854169976,0.019982721356632243,0.026939447227958695,0.029728002066719616,0.020218680393963455,0.02679402355361398,0.024107925915806194,0.025078951456711678,0.01952238577124702,0.018485660225575858,0.014699857955520255,0.01572792103415409,0.025197122425734707,0.024733709857029388,0.017208892359015092,0.015141786470214458,0.028958508400317714,0.017274017625099284,0.021837600327243845,0.03847960719777602,0.03119982175218427,0.03928935442096901,0.027508243529785533,0.020205188740270063,0.025319462416203337,0.024224208964257345,0.020606053380460686,0.023472501069102463,0.015318537887212073,0.01200308282446386,0.016995027467831606,0.011478837531374105,0.02253559110405083,0.019525591965051624
Softw,0.011416808036536932,0.01167664167593328,0.012171222711675934,0.009533610246227165,0.01489368792057188,0.01735204195075457,0.01963933390627482,0.01688158859729944,0.01787259795710882,0.01754059520730739,0.017124612673550435,0.01818982232247816,0.024486220897537724,0.022585706441620328,0.01723072703574265,0.01786438873073868,0.019022352282764096,0.02561174578236696,0.028334001402700544,0.01878311358856235,0.025048987737887204,0.022623292282764097,0.023809965887212074,0.01836770784590945,0.017866541661636218,0.014322008084193804,0.0157984875822081,0.02451412101826847,0.023963161882446387,0.016896997871326452,0.01421693513741064,0.027379591634630652,0.01659250526608419,0.02072316044162033,0.03119982175218427,0.030536306686258934,0.03553086145194599,0.025610773544082602,0.019155445267672756,0.02397839090230341,0.0229014972025417,0.01934364929150119,0.02238814466878475,0.014657357045274027,0.011663182071485307,0.016499723674344716,0.011043909607625097,0.02141047444003177,0.018212797245432885
Chips,0.013534698497220018,0.013653211596505165,0.014277707119936459,0.011485093661636218,0.017442898675138995,0.02090939743923749,0.02368733703574265,0.02034674924861001,0.021929555812549635,0.02103887883717236,0.020354310163621922,0.021253861146942013,0.029243911675933272,0.02791192276409849,0.02141478440667196,0.02141332615726767,0.022997345849086574,0.030682516918189028,0.03476076922637013,0.02281241878316123,0.031565383313741056,0.02818632300555997,0.029409382773629863,0.022813590538522634,0.022198049366163618,0.01740542726608419,0.019829598233518663,0.029307913258141374,0.029138717394757742,0.020162367053216838,0.017200880038125494,0.03338313420810168,0.02011993912629071,0.024956051355043685,0.03928935442096901,0.03553086145194599,0.048113139291501184,0.032396610986497223,0.023378578103256553,0.029112244460683088,0.02791213992692613,0.023891710411437648,0.026767382754567116,0.01742222814932486,0.013929533286735506,0.019486439345512307,0.013067874071485306,0.025963974042891184,0.02219946922319301
LabEq,0.01074924715806195,0.010632700222398728,0.011767912022239872,0.008883975536139791,0.013077124327243842,0.01579485561874503,0.017853055434471805,0.015541453038919776,0.016303412320889596,0.015995656937251784,0.015743380670373314,0.016654010973788717,0.02263726241461478,0.02127147178713264,0.016048514735504366,0.016660930141382046,0.01762106495313741,0.02339107291501191,0.02632954243367752,0.017135205903097694,0.0234118759872915,0.021019002109610805,0.022353958227164412,0.017480750382843524,0.0168123099030977,0.013623245251787134,0.015939698239872915,0.023040459593328035,0.022960024384432086,0.016086097505957107,0.013198146538522634,0.024406633830023824,0.015441884845115167,0.01897913024940429,0.027508243529785533,0.025610773544082602,0.032396610986497223,0.027677010967434464,0.0180829200381255,0.022547372997617155,0.02133286799999999,0.017838175386814936,0.02028127244797458,0.013648652740270054,0.010658155005559966,0.015017134236695791,0.009850377874503574,0.019703928610007942,0.01637299933915806
