,Agric,Food ,Soda ,Beer ,Smoke,Toys ,Fun  ,Books,Hshld,Clths,Hlth ,MedEq,Drugs,Chems,Rubbr,Txtls,BldMt,Cnstr,Steel,FabPr,Mach ,ElcEq,Autos,Aero ,Ships,Guns ,Gold ,Mines,Coal ,Oil  ,Util ,Telcm,PerSv,BusSv,Hardw,Softw,Chips,LabEq,Paper,Boxes,Trans,Whlsl,Rtail,Meals,Banks,Insur,RlEst,Fin  ,Other
Agric,0.027845291531374102,0.006494076243050039,0.007282851842732327,0.004242221698173152,0.007626391366163622,0.007914132282764098,0.009421065212073072,0.008682058405083399,0.008233317075456712,0.0075044149023034135,0.008574780392374899,0.0096678749451946,0.01170883379348689,0.010197440706910248,0.008081749526608421,0.007919669839555204,0.010131728255758537,0.012494523444003175,0.013024139129467828,0.009130779096108023,0.011595747161239078,0.010075370069896741,0.011936036255758538,0.009807350549642572,0.009048447050039715,0.010010676756155676,0.010514015005559969,0.015014739898332012,0.012632106061953934,0.009350060095313742,0.008454393048451152,0.011360981183478953,0.00769792919618745,0.01011631554249404,0.012103915104050834,0.011850662511517075,0.013946357407466243,0.011163853977760126,0.009145777070691025,0.011763890138204927,0.010803921529785545,0.009169565378872124,0.010186048290706906,0.007834700184273234,0.006014613779189832,0.008698900692613183,0.005796569253375695,0.010257064630659254,0.009002623504368543
Food ,0.006494076243050039,0.010905857084988087,0.008045856671961872,0.005367094098490865,0.009875798292295472,0.008523021445591741,0.010993544964257345,0.009432698983320094,0.009542883073868148,0.009108554797458299,0.009533261580619538,0.00936359671167593,0.012210951302621129,0.011884649761715648,0.009209375814138205,0.008949007815726766,0.01047491149324861,0.013441267672756153,0.014929375710881647,0.009115954956314535,0.012292638490865766,0.01123444272438443,0.012595520945194599,0.010694850190627483,0.009484577871326448,0.00914720954725973,0.008716384479745829,0.013851015583796665,0.014204431501191418,0.010155075154884828,0.009097230595710883,0.012627791985702942,0.008383469332803813,0.010548758459094518,0.012507787815726763,0.012465568379666402,0.01451581963463066,0.011472887394757743,0.010116103939634634,0.01307247426528991,0.012040706616362189,0.009957604432088958,0.011517728697378875,0.008324758522637013,0.006465988165210485,0.009556973042096902,0.005820479499602859,0.010612655385226369,0.009817274916600475
Soda ,0.007282851842732327,0.008045856671961872,0.04134288749007147,0.007971316052422558,0.010553792732327245,0.009517430309769656,0.011323960150913422,0.009981179650516285,0.011136232430500397,0.009595928236695792,0.009710202231930101,0.010126649166004765,0.012946503010325657,0.013492902152501986,0.01018785546465449,0.009881927402700556,0.011406661580619539,0.01608627399523431,0.01629991566322478,0.012040411445591738,0.012697430929308978,0.011299401167593329,0.014259007394757744,0.010146745663224781,0.012092251739475776,0.006740908133439235,0.0036879423510722794,0.01527430565528197,0.015551063018268465,0.010519851485305797,0.009430485909451943,0.012410525615567913,0.009750833399523434,0.010787936123907861,0.012277999888800635,0.01228127316123908,0.014184190976965848,0.011953635893566324,0.011141100063542493,0.01372695833200953,0.012440327553613982,0.010448863812549641,0.01263289339952343,0.00869872325655282,0.006716642049245434,0.009996124781572675,0.00709421100079428,0.01210433846703733,0.010321752025416997
Beer ,0.004242221698173152,0.005367094098490865,0.007971316052422558,0.023935290451151708,0.0073050653931691824,0.006706855078633836,0.008251513853852263,0.007394046268467036,0.007327144271644161,0.007709995966640188,0.007072254578236695,0.007073876787926926,0.009551673571088166,0.009311797815726764,0.007397147429706114,0.007390019005559968,0.007984091591739476,0.010671698090548055,0.01065183901826847,0.0064687848784749785,0.009119033038919777,0.008733059410643368,0.01044330421445592,0.008276254822875296,0.006065366382843526,0.0051643314980142985,0.006171282487688642,0.009465613258141381,0.009533170875297856,0.006623412565528198,0.007460814970611594,0.010262817815726766,0.006952812405083399,0.007912323866560765,0.010430294166799046,0.009930497714058777,0.012009109528196983,0.009351256265289912,0.008387821423351866,0.00975919501509134,0.009651874540111198,0.00788925573629865,0.009727617409054803,0.006675880295472596,0.004724957099285147,0.00739421284511517,0.004679380405083399,0.008290847760127085,0.007802409143764893
Smoke,0.007626391366163622,0.009875798292295472,0.010553792732327245,0.0073050653931691824,0.0643342761477363,0.012714065830023826,0.01374764023034154,0.011755301334392372,0.010382549205718825,0.011035494098490863,0.011653910079428117,0.011765064066719618,0.015268482216044479,0.015380667378872117,0.012873532748212865,0.010221316505162828,0.012942545567911037,0.016249804892772047,0.019800540158856232,0.010782513034154093,0.015392061270849878,0.013538173860206512,0.016198844169976166,0.013762378975377285,0.011004655424940432,0.009061449324861,0.007864283891977759,0.01814385383637808,0.017762297585385226,0.011494881572676731,0.013456297251787127,0.01547650056393963,0.011611203455123113,0.013308186735504367,0.016665784702144557,0.01589288099285147,0.018606061795075457,0.014167227235901511,0.013716326243050038,0.01697086721207307,0.01562889293884035,0.01259076865766481,0.014626953494837171,0.010299042716441621,0.008790993884034948,0.013097224034948372,0.007241180675139002,0.014323394686258935,0.012837181699761719
Toys ,0.007914132282764098,0.008523021445591741,0.009517430309769656,0.006706855078633836,0.012714065830023826,0.025623423949165995,0.015609742379666404,0.0128186383923749,0.012553772123907864,0.012460583682287528,0.012085648540111198,0.013030052397140588,0.016964660943606047,0.015998539253375698,0.011453577181890384,0.012889569868149327,0.014658994115965052,0.01913327371564734,0.019645628524225578,0.013576737804606828,0.01714885665448769,0.014868875316918188,0.01784324766322478,0.013748299996822878,0.013091874605242254,0.01092050516918189,0.01116848608101668,0.01702478838443209,0.01906448061636219,0.0124149034471803,0.011629134220810168,0.01846282891183479,0.012038711218427324,0.01441239312470214,0.019351746440031767,0.018269829369340743,0.022019079180301823,0.016807057429706118,0.01377315140270055,0.018519057594916608,0.016665718004765687,0.013841588003177122,0.016107640940428915,0.01140397450039714,0.008468871822081015,0.012553826541699762,0.008164268371723587,0.015053204575059572,0.014076924301826844
Fun  ,0.009421065212073072,0.010993544964257345,0.011323960150913422,0.008251513853852263,0.01374764023034154,0.015609742379666404,0.025964490324066714,0.015386397035742651,0.015744092249404287,0.015743711499602856,0.015358194810166797,0.015458280733915801,0.01992996171088165,0.019297965345512313,0.014652536621127877,0.016306105505957107,0.017145370918189035,0.022260202560762506,0.02363357206989674,0.01572273771088165,0.020599234951548848,0.017880587308975373,0.021526640201747417,0.017634832341540906,0.014568049629864972,0.013165289947577442,0.012111782135027801,0.020922976479745833,0.0233178674725973,0.015023289293089754,0.013989977404289117,0.0228117506830818,0.014556502336775216,0.017475356482922956,0.022468168613185072,0.021749068179507544,0.026393252187450353,0.02000380802382843,0.016841033890389198,0.021458129051628277,0.020487330019062742,0.016485958942017476,0.02060086568864178,0.014552575844320889,0.010277693385226369,0.015630904041302622,0.009654354066719618,0.01811078389992057,0.01698544493089754
Books,0.008682058405083399,0.009432698983320094,0.009981179650516285,0.007394046268467036,0.011755301334392372,0.0128186383923749,0.015386397035742651,0.022890862277998407,0.013189866189038921,0.012493088822875297,0.012984745509134237,0.012951454760921365,0.01673975533280381,0.016408639729944403,0.012667068813343925,0.013584223694996029,0.014381577629864976,0.018112293013502777,0.019388979234312945,0.013013467250198571,0.01697948754884829,0.014989648969023031,0.01845676918506751,0.01428668834630659,0.012851389057982523,0.010809135809372516,0.007999419005559968,0.01753488928355838,0.01844442628117554,0.012242246703733122,0.012580178103256552,0.01952163995234312,0.012393986125496423,0.014693024362192214,0.018775370598888008,0.017998470490865767,0.021752409709293083,0.016691567285146938,0.014868433016679904,0.018645521505957115,0.017034086961080223,0.013498473175536138,0.01713161999364575,0.011739990665607627,0.008864094004765687,0.013529140371723591,0.007258606878474982,0.01499600474980143,0.01436262996664019
Hshld,0.008233317075456712,0.009542883073868148,0.011136232430500397,0.007327144271644161,0.010382549205718825,0.012553772123907864,0.015744092249404287,0.013189866189038921,0.021300262969023036,0.013837905323272438,0.012904084792692607,0.01296542033042097,0.01698360713741064,0.01757312442414614,0.012929483664813345,0.014227158989674344,0.014926570034948372,0.019948095199364572,0.021556775507545665,0.013617039747418586,0.018205322061953928,0.016186025574265295,0.019259330838760923,0.014879448405083404,0.013625855342335189,0.011439080822875296,0.010486824250992852,0.018961328492454327,0.01993801621286736,0.013282143590150909,0.011808339704527401,0.01870086947577442,0.01305249914058777,0.015007692127084988,0.019549977566322478,0.018783227785544084,0.023067531799841147,0.01742559837807784,0.01535932429864972,0.0192590765401112,0.017435462212867358,0.014463274862589358,0.017640878409849084,0.012333323536139792,0.008916345502779982,0.01337415190786338,0.008221980532168388,0.015604629428117557,0.01429911338522637
Clths,0.0075044149023034135,0.009108554797458299,0.009595928236695792,0.007709995966640188,0.011035494098490863,0.012460583682287528,0.015743711499602856,0.012493088822875297,0.013837905323272438,0.0195146292279587,0.012302946787926924,0.012750557461477357,0.016631972465448768,0.016837941945988883,0.012821834174741857,0.014252293178713259,0.014798926200158855,0.01981457447498014,0.020690616168387604,0.014163783096108022,0.017631611377283564,0.015985953742652895,0.01850924622239872,0.014847630228752979,0.01342735288641779,0.012077528009531375,0.010905937845909453,0.018621446821286733,0.01999909905321684,0.01335333424940429,0.011520756022239875,0.018026504662430498,0.012283683226370135,0.015093835402700552,0.019189936397140585,0.018431778505162824,0.022104440114376494,0.01698894217791898,0.014615949887212073,0.018523962284352657,0.017629178867355044,0.014284035034154086,0.018585251629864973,0.01205528507386815,0.008755893512311356,0.012832384073073862,0.008166788999205718,0.015214943693407463,0.014069925153296267
Hlth ,0.008574780392374899,0.009533261580619538,0.009710202231930101,0.007072254578236695,0.011653910079428117,0.012085648540111198,0.015358194810166797,0.012984745509134237,0.012904084792692607,0.012302946787926924,0.020832084656076253,0.014138586900714852,0.01836015840984908,0.01623304386814932,0.013180508976965842,0.01302043229864972,0.014010163099285147,0.01858916188085782,0.020184933544082607,0.013329931855440827,0.0177565725401112,0.015247725491660041,0.01804595404130262,0.014126013555202543,0.012248747027799836,0.012330240149324864,0.011262319837966639,0.018832208130262113,0.019025811783955515,0.01347567976171565,0.012063522401906277,0.019637923598093725,0.01161893627799841,0.015396677874503571,0.019886840117553616,0.019154242212867358,0.022933125471008727,0.017600126921366165,0.014361495056393959,0.018315222535345507,0.016846737170770454,0.014323671037331209,0.0165752203923749,0.011384161204130265,0.008725855348689438,0.013658168861000793,0.008016635131056394,0.015265424360603658,0.013377299615567913
MedEq,0.0096678749451946,0.00936359671167593,0.010126649166004765,0.007073876787926926,0.011765064066719618,0.013030052397140588,0.015458280733915801,0.012951454760921365,0.01296542033042097,0.012750557461477357,0.014138586900714852,0.018431986332009535,0.020032550192216045,0.01612132370135028,0.012677399799841145,0.013995249798252585,0.014482126694201748,0.01958301727720413,0.020898657035742656,0.013753878319301034,0.01786676202700556,0.01663284527084988,0.01756157195552026,0.014463593871326449,0.012423219755361398,0.012699397801429707,0.01377965406195393,0.01921262994757744,0.020629281131056394,0.014788273868149324,0.011993605477362987,0.019375995631453532,0.012671555961874501,0.015853564651310565,0.020362287745830022,0.019870402703733126,0.023200958945194597,0.01830992514376489,0.014199146135027796,0.017801233334392375,0.017037540057188237,0.01464037889118348,0.016450174579825255,0.011662123196187452,0.008849834135027799,0.012651049200953137,0.00821669132644956,0.01555749850675139,0.014388782926131851
Drugs,0.01170883379348689,0.012210951302621129,0.012946503010325657,0.009551673571088166,0.015268482216044479,0.016964660943606047,0.01992996171088165,0.01673975533280381,0.01698360713741064,0.016631972465448768,0.01836015840984908,0.020032550192216045,0.031943525545671175,0.021512041548848292,0.016611044366957903,0.017103385652104848,0.018684294613185066,0.024914894703733113,0.02662317485941223,0.017449604522637014,0.023360209985702936,0.021794282371723584,0.023066336872120723,0.018478865857029386,0.01694373932644956,0.016492445315329632,0.015299473585385226,0.024398479463065923,0.025783292235107225,0.018492891961874508,0.01609911674027006,0.02591786739475774,0.01594180346783161,0.02072522379348689,0.027686178468625894,0.02648907259253375,0.031771332892772036,0.024599865183478956,0.01828639800158856,0.023050559482128672,0.022376013885623512,0.01885515053534551,0.02120477241143765,0.014564188120730744,0.011249298996028596,0.016713090773629858,0.01065558181890389,0.020623513383637805,0.018497713950754564
Chems,0.010197440706910248,0.011884649761715648,0.013492902152501986,0.009311797815726764,0.015380667378872117,0.015998539253375698,0.019297965345512313,0.016408639729944403,0.01757312442414614,0.016837941945988883,0.01623304386814932,0.01612132370135028,0.021512041548848292,0.02844570845909451,0.016860805091342336,0.017669485401111993,0.01949104758538522,0.024812072120730732,0.02965844745035743,0.017932366536934072,0.023581058125496424,0.02068204982525814,0.02415015829229547,0.01918176712470215,0.018653371262907066,0.014441160238284352,0.017114678077839552,0.027480022541699758,0.029516867084988088,0.019875293042096905,0.01592286919777601,0.02325033014297061,0.01551169136616362,0.01902382327243844,0.024270022922954732,0.023109158101667984,0.028543927911040504,0.022085693828435258,0.020137016759332806,0.026485034868943606,0.022636428919777598,0.018659263939634626,0.021171532303415407,0.01453849348689436,0.011533848848292293,0.016847109722001586,0.010261712716441617,0.019523383248610006,0.019036186084193805
Rubbr,0.008081749526608421,0.009209375814138205,0.01018785546465449,0.007397147429706114,0.012873532748212865,0.011453577181890384,0.014652536621127877,0.012667068813343925,0.012929483664813345,0.012821834174741857,0.013180508976965842,0.012677399799841145,0.016611044366957903,0.016860805091342336,0.047204839985702914,0.013691755952343131,0.015172679874503575,0.01847054373947577,0.022549610271644163,0.013896069313741065,0.017990416988085782,0.01627032607942812,0.018023229005559964,0.014181850298649715,0.014180462992851469,0.012177752841938045,0.009235286509928513,0.01909431357903097,0.02068110179189833,0.014196188737092925,0.011494918271644165,0.01940135570293884,0.011938057119936459,0.014726178589356629,0.018829122659253374,0.01815500130738681,0.02256185109451946,0.017130011671167587,0.015456544714853056,0.018432195942811754,0.017293460713264496,0.014348021505957103,0.01614498822398729,0.010934747669579031,0.0087481058649722,0.012334176359015087,0.008221053510722796,0.014894245059571086,0.01488202469896743
Txtls,0.007919669839555204,0.008949007815726766,0.009881927402700556,0.007390019005559968,0.010221316505162828,0.012889569868149327,0.016306105505957107,0.013584223694996029,0.014227158989674344,0.014252293178713259,0.01302043229864972,0.013995249798252585,0.017103385652104848,0.017669485401111993,0.013691755952343131,0.03832865554249405,0.014964011202541695,0.020891447224781572,0.022845483958697375,0.01422720812708499,0.01847987133915806,0.01613761131691819,0.018670351561556796,0.01555088564892772,0.012835881092930896,0.012703648209690225,0.013392548905480538,0.020673553258141377,0.023516659977760125,0.016108371247021448,0.012833534970611599,0.019792588467037332,0.01366389601906275,0.015348580054011124,0.01947225421445592,0.018987317547259734,0.022798516200158853,0.018574903739475776,0.015405052066719624,0.019671533362986493,0.01824453516759333,0.014841525680698967,0.017471863008737085,0.012281450319301035,0.008885067393169181,0.012881107507545673,0.00765669534551231,0.015782875297855443,0.015924836689436065
BldMt,0.010131728255758537,0.01047491149324861,0.011406661580619539,0.007984091591739476,0.012942545567911037,0.014658994115965052,0.017145370918189035,0.014381577629864976,0.014926570034948372,0.014798926200158855,0.014010163099285147,0.014482126694201748,0.018684294613185066,0.01949104758538522,0.015172679874503575,0.014964011202541695,0.021162042146147742,0.024120665296266875,0.025791279691818905,0.016948923690230332,0.020830664676727558,0.018073134546465447,0.021054888751389993,0.01721051242732327,0.016238567266084195,0.013978491046862586,0.015211101315329628,0.02413561804289118,0.02609756685941223,0.017866261969817315,0.01403398588085782,0.020128710158856235,0.01335428468149325,0.01664349379189833,0.02077763643208896,0.01995693155361398,0.024204940752978552,0.018658570670373312,0.017310736200158848,0.021635678293884027,0.019880860538522633,0.016476387161239073,0.018776010289118343,0.01314621261000794,0.010142473362986496,0.014785531498014294,0.009773240214455916,0.01709096911040509,0.016395538090548056
Cnstr,0.012494523444003175,0.013441267672756153,0.01608627399523431,0.010671698090548055,0.016249804892772047,0.01913327371564734,0.022260202560762506,0.018112293013502777,0.019948095199364572,0.01981457447498014,0.01858916188085782,0.01958301727720413,0.024914894703733113,0.024812072120730732,0.01847054373947577,0.020891447224781572,0.024120665296266875,0.04682065533915806,0.03333246291342335,0.02127132462589357,0.02687322026370136,0.02304856522319301,0.027826073162827644,0.0219858741731533,0.01979907875456712,0.018095807173947577,0.02066945717553614,0.03165494203653693,0.034602477350278,0.02470662732327244,0.018595967193010328,0.026268900555996823,0.018950875977760132,0.02193168614455917,0.02755168917553614,0.02643867414138205,0.0317463956409849,0.024602108416203337,0.022683115094519455,0.028347717210484513,0.02575019008101668,0.021559687485305797,0.025814519091342334,0.017079459304209683,0.013699289385226368,0.019296915634630662,0.013946896076250994,0.023331947640984906,0.022657812346306594
Steel,0.013024139129467828,0.014929375710881647,0.01629991566322478,0.01065183901826847,0.019800540158856232,0.019645628524225578,0.02363357206989674,0.019388979234312945,0.021556775507545665,0.020690616168387604,0.020184933544082607,0.020898657035742656,0.02662317485941223,0.02965844745035743,0.022549610271644163,0.022845483958697375,0.025791279691818905,0.03333246291342335,0.051571634624305,0.023552931847498012,0.03127663574900715,0.026874774808578236,0.029607889680698964,0.024916366827640986,0.024605382881652104,0.020321975796664015,0.0317994921810961,0.04323325504050834,0.04865863689912629,0.03238329080222399,0.019533536984908655,0.029425208784749805,0.018418799494837167,0.024255555729944405,0.030671070030182688,0.029355139663224773,0.0361224832152502,0.027435610360603654,0.02521136906751389,0.03282050966799046,0.02892665390627482,0.02469053770929309,0.02558061102779984,0.017971181998411436,0.014236916206513106,0.020258117915806197,0.013627380603653698,0.02504259251787132,0.024058975135822086
FabPr,0.009130779096108023,0.009115954956314535,0.012040411445591738,0.0064687848784749785,0.010782513034154093,0.013576737804606828,0.01572273771088165,0.013013467250198571,0.013617039747418586,0.014163783096108022,0.013329931855440827,0.013753878319301034,0.017449604522637014,0.017932366536934072,0.013896069313741065,0.01422720812708499,0.016948923690230332,0.02127132462589357,0.023552931847498012,0.049479672722795874,0.01986519892295472,0.017914654457505952,0.019303600662430496,0.016662818282764096,0.016201717620333598,0.015282299193010324,0.021386078846703734,0.023004188616362196,0.02335980256393963,0.01715199620333598,0.012386920597299443,0.019395474003177125,0.013007159985702942,0.015657061264495627,0.0204685912025417,0.019119345335980944,0.023292725483717233,0.017586283115170777,0.015919655145353453,0.019603527653693407,0.01844361924861001,0.0156922578141382,0.017621755235901506,0.01302952142017474,0.009544464219221603,0.013569006980142972,0.009170036370135026,0.016612082819698174,0.015345654494042894
Mach ,0.011595747161239078,0.012292638490865766,0.012697430929308978,0.009119033038919777,0.015392061270849878,0.01714885665448769,0.020599234951548848,0.01697948754884829,0.018205322061953928,0.017631611377283564,0.0177565725401112,0.01786676202700556,0.023360209985702936,0.023581058125496424,0.017990416988085782,0.01847987133915806,0.020830664676727558,0.02687322026370136,0.03127663574900715,0.01986519892295472,0.02940490960444798,0.022774992880063537,0.02525451368705322,0.02074624314853057,0.019556012130262108,0.016674185029388403,0.019631473633042098,0.02856615242573472,0.03175541787450356,0.023313561652104846,0.016405866954725973,0.026256317410643368,0.01644607389674345,0.021061040552819692,0.028312916212867353,0.02665298561080223,0.03377249330579824,0.025161577057982526,0.020196758208101667,0.025458358481334396,0.024001030414614766,0.02017915709610802,0.022654484000000003,0.01557294381572677,0.011874154484511516,0.01724716583320095,0.011377497362986499,0.021440510484511514,0.019690950868943607
ElcEq,0.010075370069896741,0.01123444272438443,0.011299401167593329,0.008733059410643368,0.013538173860206512,0.014868875316918188,0.017880587308975373,0.014989648969023031,0.016186025574265295,0.015985953742652895,0.015247725491660041,0.01663284527084988,0.021794282371723584,0.02068204982525814,0.01627032607942812,0.01613761131691819,0.018073134546465447,0.02304856522319301,0.026874774808578236,0.017914654457505952,0.022774992880063537,0.02746083650357427,0.021737664436854646,0.018161362813343917,0.015985177248610007,0.015475330386020652,0.017743535926926134,0.024008806141382046,0.02550661688006355,0.018492868991262908,0.014143610999205723,0.023041128888006347,0.015104942349483716,0.01875571484352661,0.025075562284352666,0.02378653723749007,0.029512743523431292,0.02226073121366164,0.017643330621127877,0.021800795396346297,0.021040929027799842,0.01805856216997618,0.01972378932327244,0.013948700819698168,0.010655170951548847,0.015063513146942018,0.010330178943606036,0.018713227045274027,0.01739862007307387
Autos,0.011936036255758538,0.012595520945194599,0.014259007394757744,0.01044330421445592,0.016198844169976166,0.01784324766322478,0.021526640201747417,0.01845676918506751,0.019259330838760923,0.01850924622239872,0.01804595404130262,0.01756157195552026,0.023066336872120723,0.02415015829229547,0.018023229005559964,0.018670351561556796,0.021054888751389993,0.027826073162827644,0.029607889680698964,0.019303600662430496,0.02525451368705322,0.021737664436854646,0.034350393472597295,0.021420650749801432,0.019936300660841937,0.016435848969023028,0.01368115034471803,0.026113101416997617,0.02686137128196981,0.018150830198570292,0.016825438900714855,0.02612870200953138,0.016916016509928515,0.02058925016362192,0.02639289405242255,0.02527710742970611,0.0312115940841938,0.024088568678316123,0.021690362417791893,0.026906738799046866,0.025419710517871327,0.019883724578236697,0.02429817592216045,0.01673637779507546,0.012310159234312947,0.018407907294678318,0.010780637783955518,0.021139595401111988,0.0204137428943606
Aero ,0.009807350549642572,0.010694850190627483,0.010146745663224781,0.008276254822875296,0.013762378975377285,0.013748299996822878,0.017634832341540906,0.01428668834630659,0.014879448405083404,0.014847630228752979,0.014126013555202543,0.014463593871326449,0.018478865857029386,0.01918176712470215,0.014181850298649715,0.01555088564892772,0.01721051242732327,0.0219858741731533,0.024916366827640986,0.016662818282764096,0.02074624314853057,0.018161362813343917,0.021420650749801432,0.034568773405877676,0.01585057436378078,0.01639243021763304,0.012292523675933283,0.02200666397776013,0.023372435065925335,0.015737648721207306,0.01396940755520254,0.019769986775218434,0.01330433112152502,0.017130906633836377,0.020730132552819698,0.019901346876886414,0.024534738795869735,0.01917123811119936,0.017173681801429707,0.020998810417791898,0.020672712481334392,0.016726810570293883,0.019043550676727552,0.013371872587768069,0.010042269397934867,0.014978678020651313,0.008868127887212071,0.01782888178713265,0.01579268648768864
Ships,0.009048447050039715,0.009484577871326448,0.012092251739475776,0.006065366382843526,0.011004655424940432,0.013091874605242254,0.014568049629864972,0.012851389057982523,0.013625855342335189,0.01342735288641779,0.012248747027799836,0.012423219755361398,0.01694373932644956,0.018653371262907066,0.014180462992851469,0.012835881092930896,0.016238567266084195,0.01979907875456712,0.024605382881652104,0.016201717620333598,0.019556012130262108,0.015985177248610007,0.019936300660841937,0.01585057436378078,0.040229755863383634,0.013912347316918188,0.015289093744241462,0.02311361768387609,0.02392088665925337,0.01641766760921366,0.012416511688641779,0.01753929335980937,0.011772536740270055,0.01521443883717236,0.018379706268467036,0.017925169439237488,0.022488326506751387,0.01691140863860206,0.015202592806989677,0.019510013795075453,0.01905455886576648,0.015412061909451942,0.016287668749801434,0.011214094189038917,0.009276466160444797,0.013287169200953138,0.009181051262907072,0.01633470648133439,0.014852406309769656
Guns ,0.010010676756155676,0.00914720954725973,0.006740908133439235,0.0051643314980142985,0.009061449324861,0.01092050516918189,0.013165289947577442,0.010809135809372516,0.011439080822875296,0.012077528009531375,0.012330240149324864,0.012699397801429707,0.016492445315329632,0.014441160238284352,0.012177752841938045,0.012703648209690225,0.013978491046862586,0.018095807173947577,0.020321975796664015,0.015282299193010324,0.016674185029388403,0.015475330386020652,0.016435848969023028,0.01639243021763304,0.013912347316918188,0.05885197781731533,0.018086658287529776,0.02058004672279587,0.02338091820810167,0.016096284479745825,0.010392205032565525,0.014403022096902302,0.01140279214932486,0.013918419647339154,0.0160988709706116,0.015879151996822872,0.018980294004765686,0.015198036438443209,0.012403297556791102,0.016214116416203333,0.014252615355043685,0.014344936254169978,0.013859559552025415,0.011657766468625888,0.007823730814932482,0.010685949725178714,0.008802420254169977,0.013231066258935663,0.012585174093725173
Gold ,0.010514015005559969,0.008716384479745829,0.0036879423510722794,0.006171282487688642,0.007864283891977759,0.01116848608101668,0.012111782135027801,0.007999419005559968,0.010486824250992852,0.010905937845909453,0.011262319837966639,0.01377965406195393,0.015299473585385226,0.017114678077839552,0.009235286509928513,0.013392548905480538,0.015211101315329628,0.02066945717553614,0.0317994921810961,0.021386078846703734,0.019631473633042098,0.017743535926926134,0.01368115034471803,0.012292523675933283,0.015289093744241462,0.018086658287529776,0.19286961671803018,0.05597574589992057,0.042541579005559965,0.03523037791898333,0.014062455180301829,0.015950628482922957,0.010686194735504367,0.014406204060365366,0.015648215396346303,0.015277763199364571,0.01955354324384432,0.015148952988085782,0.011755292937251784,0.016552280870532163,0.013708538303415407,0.015645693985702938,0.011055503011914219,0.00856238208737093,0.008529254258935663,0.009612524613185064,0.013062992867355043,0.016191980603653695,0.011439302532168388
Mines,0.015014739898332012,0.013851015583796665,0.01527430565528197,0.009465613258141381,0.01814385383637808,0.01702478838443209,0.020922976479745833,0.01753488928355838,0.018961328492454327,0.018621446821286733,0.018832208130262113,0.01921262994757744,0.024398479463065923,0.027480022541699758,0.01909431357903097,0.020673553258141377,0.02413561804289118,0.03165494203653693,0.04323325504050834,0.023004188616362196,0.02856615242573472,0.024008806141382046,0.026113101416997617,0.02200666397776013,0.02311361768387609,0.02058004672279587,0.05597574589992057,0.07229559682922955,0.05063619797299443,0.03502355599682288,0.019011771431294674,0.023836228451151704,0.01746223854805401,0.02181258925496425,0.025390742449563155,0.025453655971405875,0.029994431885623504,0.024016598135027805,0.022121381547259723,0.03000195076727561,0.026215956381254964,0.022981657734710077,0.022149836482922954,0.01605207072915012,0.013221273416997619,0.018135376336775217,0.013122437823669576,0.023194507720413027,0.02211214793328038
Coal ,0.012632106061953934,0.014204431501191418,0.015551063018268465,0.009533170875297856,0.017762297585385226,0.01906448061636219,0.0233178674725973,0.01844442628117554,0.01993801621286736,0.01999909905321684,0.019025811783955515,0.020629281131056394,0.025783292235107225,0.029516867084988088,0.02068110179189833,0.023516659977760125,0.02609756685941223,0.034602477350278,0.04865863689912629,0.02335980256393963,0.03175541787450356,0.02550661688006355,0.02686137128196981,0.023372435065925335,0.02392088665925337,0.02338091820810167,0.042541579005559965,0.05063619797299443,0.10493492162668785,0.050383221922160444,0.02356272701509134,0.027502448435266082,0.01815470097855441,0.023359723424940426,0.026518031123113583,0.025928296384432083,0.03114290279904686,0.025144661709293088,0.023546181197776007,0.0319711765019857,0.026934420590945186,0.024637139323272432,0.02350339216203336,0.01680694555043685,0.012818267857029386,0.018475023326449562,0.015259215393169179,0.022758304956314528,0.02388551965687054
Oil  ,0.009350060095313742,0.010155075154884828,0.010519851485305797,0.006623412565528198,0.011494881572676731,0.0124149034471803,0.015023289293089754,0.012242246703733122,0.013282143590150909,0.01335333424940429,0.01347567976171565,0.014788273868149324,0.018492891961874508,0.019875293042096905,0.014196188737092925,0.016108371247021448,0.017866261969817315,0.02470662732327244,0.03238329080222399,0.01715199620333598,0.023313561652104846,0.018492868991262908,0.018150830198570292,0.015737648721207306,0.01641766760921366,0.016096284479745825,0.03523037791898333,0.03502355599682288,0.050383221922160444,0.0475882576330421,0.016911240794281177,0.018440538284352655,0.012713608308181095,0.016695164289118346,0.018368151453534546,0.01813029507545671,0.02164377105639396,0.017456908737092925,0.0157111925655282,0.02095633938046068,0.01739555922160444,0.017245659539316918,0.01570319019857029,0.010755980555996818,0.00895352501985703,0.012879090293884036,0.010683791596505163,0.0162430050675139,0.01661497575853852
Util ,0.008454393048451152,0.009097230595710883,0.009430485909451943,0.007460814970611594,0.013456297251787127,0.011629134220810168,0.013989977404289117,0.012580178103256552,0.011808339704527401,0.011520756022239875,0.012063522401906277,0.011993605477362987,0.01609911674027006,0.01592286919777601,0.011494918271644165,0.012833534970611599,0.01403398588085782,0.018595967193010328,0.019533536984908655,0.012386920597299443,0.016405866954725973,0.014143610999205723,0.016825438900714855,0.01396940755520254,0.012416511688641779,0.010392205032565525,0.014062455180301829,0.019011771431294674,0.02356272701509134,0.016911240794281177,0.01986601865607626,0.017165825607625095,0.01094615336616362,0.013630538846703733,0.016373912324066722,0.015690210700556,0.01908441942494043,0.014533948727561556,0.013762823440826057,0.018496699685464656,0.015975410719618742,0.012930708174741857,0.014767259196187453,0.0102576842827641,0.00882610068943606,0.013181199262907069,0.007583409976171565,0.014164876759332803,0.014341718786338366
Telcm,0.011360981183478953,0.012627791985702942,0.012410525615567913,0.010262817815726766,0.01547650056393963,0.01846282891183479,0.0228117506830818,0.01952163995234312,0.01870086947577442,0.018026504662430498,0.019637923598093725,0.019375995631453532,0.02591786739475774,0.02325033014297061,0.01940135570293884,0.019792588467037332,0.020128710158856235,0.026268900555996823,0.029425208784749805,0.019395474003177125,0.026256317410643368,0.023041128888006347,0.02612870200953138,0.019769986775218434,0.01753929335980937,0.014403022096902302,0.015950628482922957,0.023836228451151704,0.027502448435266082,0.018440538284352655,0.017165825607625095,0.037716664201747414,0.018182971286735506,0.02253274953137411,0.03140942000000001,0.029845361675933275,0.03677392130262111,0.026611316211278796,0.02045114447974583,0.026238271437648925,0.024986120309769662,0.020486201159650514,0.023889880595710882,0.015990796266878476,0.012381665337569502,0.018248494916600477,0.010818334972200158,0.02257400836378077,0.0205348987132645
PerSv,0.00769792919618745,0.008383469332803813,0.009750833399523434,0.006952812405083399,0.011611203455123113,0.012038711218427324,0.014556502336775216,0.012393986125496423,0.01305249914058777,0.012283683226370135,0.01161893627799841,0.012671555961874501,0.01594180346783161,0.01551169136616362,0.011938057119936459,0.01366389601906275,0.01335428468149325,0.018950875977760132,0.018418799494837167,0.013007159985702942,0.01644607389674345,0.015104942349483716,0.016916016509928515,0.01330433112152502,0.011772536740270055,0.01140279214932486,0.010686194735504367,0.01746223854805401,0.01815470097855441,0.012713608308181095,0.01094615336616362,0.018182971286735506,0.019949358695790308,0.014465895526608418,0.017942244476568704,0.017471520128673552,0.021186340441620332,0.016372567258141384,0.013627153972994435,0.017369865579030978,0.01605297955996823,0.013390923059571087,0.01606638168228753,0.011037887571088164,0.008566425407466242,0.012442103170770451,0.007778092732327243,0.014291014861000794,0.013296400756155678
BusSv,0.01011631554249404,0.010548758459094518,0.010787936123907861,0.007912323866560765,0.013308186735504367,0.01441239312470214,0.017475356482922956,0.014693024362192214,0.015007692127084988,0.015093835402700552,0.015396677874503571,0.015853564651310565,0.02072522379348689,0.01902382327243844,0.014726178589356629,0.015348580054011124,0.01664349379189833,0.02193168614455917,0.024255555729944405,0.015657061264495627,0.021061040552819692,0.01875571484352661,0.02058925016362192,0.017130906633836377,0.01521443883717236,0.013918419647339154,0.014406204060365366,0.02181258925496425,0.023359723424940426,0.016695164289118346,0.013630538846703733,0.02253274953137411,0.014465895526608418,0.01958777315965051,0.023390851545671158,0.022452945045274033,0.02714186263383637,0.02075351979984114,0.016695377467831608,0.020812874522637012,0.01996886601747418,0.01662635754725974,0.019096478052422552,0.013270836212867357,0.010183587965051628,0.014897423091342328,0.009317661239078632,0.01787758409849087,0.016434800756155683
Hardw,0.012103915104050834,0.012507787815726763,0.012277999888800635,0.010430294166799046,0.016665784702144557,0.019351746440031767,0.022468168613185072,0.018775370598888008,0.019549977566322478,0.019189936397140585,0.019886840117553616,0.020362287745830022,0.027686178468625894,0.024270022922954732,0.018829122659253374,0.01947225421445592,0.02077763643208896,0.02755168917553614,0.030671070030182688,0.0204685912025417,0.028312916212867353,0.025075562284352666,0.02639289405242255,0.020730132552819698,0.018379706268467036,0.0160988709706116,0.015648215396346303,0.025390742449563155,0.026518031123113583,0.018368151453534546,0.016373912324066722,0.03140942000000001,0.017942244476568704,0.023390851545671158,0.04050728005718824,0.033077099733121514,0.04204180526767276,0.029376478598888,0.02103061425258141,0.026566516225575848,0.025551724235107223,0.021836966214455914,0.024893186208101666,0.01633317835107228,0.012563782189038917,0.018272893585385225,0.01152936973788721,0.02356156954725973,0.02110812710405084
Softw,0.011850662511517075,0.012465568379666402,0.01228127316123908,0.009930497714058777,0.01589288099285147,0.018269829369340743,0.021749068179507544,0.017998470490865767,0.018783227785544084,0.018431778505162824,0.019154242212867358,0.019870402703733126,0.02648907259253375,0.023109158101667984,0.01815500130738681,0.018987317547259734,0.01995693155361398,0.02643867414138205,0.029355139663224773,0.019119345335980944,0.02665298561080223,0.02378653723749007,0.02527710742970611,0.019901346876886414,0.017925169439237488,0.015879151996822872,0.015277763199364571,0.025453655971405875,0.025928296384432083,0.01813029507545671,0.015690210700556,0.029845361675933275,0.017471520128673552,0.022452945045274033,0.033077099733121514,0.032559272277998395,0.038131058382843516,0.027513521542494042,0.019865786106433674,0.025242295977760124,0.02430276347418586,0.020640572158856233,0.023936803067513897,0.015844052063542495,0.012208022821286734,0.01771036288165211,0.010902613987291502,0.022573666346306597,0.01995677989515488
Chips,0.013946357407466243,0.01451581963463066,0.014184190976965848,0.012009109528196983,0.018606061795075457,0.022019079180301823,0.026393252187450353,0.021752409709293083,0.023067531799841147,0.022104440114376494,0.022933125471008727,0.023200958945194597,0.031771332892772036,0.028543927911040504,0.02256185109451946,0.022798516200158853,0.024204940752978552,0.0317463956409849,0.0361224832152502,0.023292725483717233,0.03377249330579824,0.029512743523431292,0.0312115940841938,0.024534738795869735,0.022488326506751387,0.018980294004765686,0.01955354324384432,0.029994431885623504,0.03114290279904686,0.02164377105639396,0.01908441942494043,0.03677392130262111,0.021186340441620332,0.02714186263383637,0.04204180526767276,0.038131058382843516,0.05205770086735505,0.03489582345988879,0.02437299455440826,0.030687672603653692,0.029740178738681487,0.025482953760127082,0.028832627558379665,0.018730758430500396,0.01464379442096902,0.02118632831135822,0.013155276378077835,0.027548341127879267,0.02443024847021446
LabEq,0.011163853977760126,0.011472887394757743,0.011953635893566324,0.009351256265289912,0.014167227235901511,0.016807057429706118,0.02000380802382843,0.016691567285146938,0.01742559837807784,0.01698894217791898,0.017600126921366165,0.01830992514376489,0.024599865183478956,0.022085693828435258,0.017130011671167587,0.018574903739475776,0.018658570670373312,0.024602108416203337,0.027435610360603654,0.017586283115170777,0.025161577057982526,0.02226073121366164,0.024088568678316123,0.01917123811119936,0.01691140863860206,0.015198036438443209,0.015148952988085782,0.024016598135027805,0.025144661709293088,0.017456908737092925,0.014533948727561556,0.026611316211278796,0.016372567258141384,0.02075351979984114,0.029376478598888,0.027513521542494042,0.03489582345988879,0.02981081496266879,0.019171095545671167,0.024086892171564733,0.022905398320889597,0.01918363835742653,0.022042943795075463,0.015026388285941217,0.01124902988721207,0.01635326574424146,0.009906930524225574,0.020913960643367754,0.018309143885623512
