,Agric,Food ,Soda ,Beer ,Smoke,Toys ,Fun  ,Books,Hshld,Clths,Hlth ,MedEq,Drugs,Chems,Rubbr,Txtls,BldMt,Cnstr,Steel,FabPr,Mach ,ElcEq,Autos,Aero ,Ships,Guns ,Gold ,Mines,Coal ,Oil  ,Util ,Telcm,PerSv,BusSv,Hardw,Softw,Chips,LabEq,Paper,Boxes,Trans,Whlsl,Rtail,Meals,Banks,Insur,RlEst,Fin  ,Other
Agric,0.02601814865607625,0.006850396112787927,0.008133824595710881,0.00521342525019857,0.007540101296266875,0.008112949053216838,0.009616926209690227,0.008750228930897538,0.008661216536934076,0.007939551051628278,0.00848232339158062,0.00905669716123908,0.010808727957108816,0.011173617258141382,0.008290063861795075,0.0073755569658459095,0.01034519025893566,0.01368209007942812,0.014860529111993646,0.009754032597299442,0.011794202781572675,0.010887916895949167,0.012284132476568706,0.009780095254964259,0.01007426305639396,0.0076392581826846715,0.009684834244638603,0.015028105774424143,0.013121197278792693,0.009161115220015883,0.007797058875297858,0.011232467920571882,0.008084647035742652,0.009845686505162828,0.012321568057188245,0.011653011537728356,0.014022827674344719,0.010872556127084985,0.010181507488482924,0.012007524587768074,0.01137605046703733,0.009685639806195393,0.010675967996822872,0.007930035769658459,0.006547899080222399,0.009158268949960285,0.007834539297855441,0.0112600078649722,0.008341881501191422
Food ,0.006850396112787927,0.010378537777601272,0.008019247658459096,0.005276335734710088,0.00852275682605242,0.007894252808578235,0.009621762991262906,0.008437090332009532,0.008921645003971407,0.008802077599682285,0.008305980881652105,0.008308269803018268,0.010677005723590151,0.011611622220810167,0.008748448589356632,0.007439379364575058,0.009996564123907864,0.012910191350277997,0.014643565324860998,0.009502405401111993,0.011393315833200952,0.010695927183478952,0.011707928797458298,0.009845179382049242,0.009949387796664018,0.00877774233836378,0.010338071928514691,0.01342977629070691,0.012683328814932487,0.009543753069102462,0.007927103151707703,0.010952595316918189,0.007942431712470213,0.009543405440826054,0.011119135320095312,0.011190790374900714,0.01280646723907863,0.01010751192057188,0.009771225302621126,0.012151502487688641,0.01097409703415409,0.00945726711040508,0.010571986303415408,0.0075915815075456704,0.006321819026211278,0.009030546795869739,0.006517816927720414,0.010258681615567913,0.00843435719618745
Soda ,0.008133824595710881,0.008019247658459096,0.0401048936791104,0.007542312239872915,0.008952000384432088,0.009313851807783954,0.010669491521842734,0.009410240006354249,0.01073801212073074,0.00963916273073868,0.0093302937172359,0.009822754552819698,0.012084744420969021,0.01354559133915806,0.009992549860206514,0.008804356457505958,0.011330350017474186,0.015955360929308975,0.016598818668784748,0.01328140705321684,0.01277196188562351,0.011629776111199364,0.013908513515488479,0.010979327388403492,0.012480357169181888,0.00782491835107228,0.009148610022239873,0.015596434638602061,0.014292187131056391,0.01107136668308181,0.00855805924384432,0.011795187818903891,0.009175046756155679,0.010552654543288324,0.012085886360603653,0.011827308992851468,0.013571706460683081,0.011173690093725179,0.011417191180301826,0.013229750017474185,0.012165431092930898,0.010654708794281176,0.012034502808578238,0.008419717091342335,0.006880156929308974,0.009998876422557585,0.009104084187450357,0.012273075563145355,0.009609039372517872
Beer ,0.00521342525019857,0.005276335734710088,0.007542312239872915,0.02275088564733916,0.005944566020651309,0.006102481405877682,0.0072001579110405065,0.006654666147736297,0.006691093836378077,0.007008821278792691,0.005957765996822874,0.006293969936457506,0.008489566806989672,0.008565195552025416,0.006208570047656872,0.005526611421763305,0.007470173375694994,0.009626233590150914,0.010001810389197773,0.006912411596505161,0.008242719451945988,0.00795834737092931,0.008912253995234312,0.007766445456711674,0.006096831088165209,0.005349598490865766,0.0059773182922954705,0.008889030508339953,0.007378974384432087,0.005970793002382843,0.0058885891501191424,0.00894744136616362,0.0061778647895154885,0.007114025440826053,0.009184825766481334,0.008929809205718824,0.010270417736298651,0.008172831374106434,0.0074421469102462275,0.00867514325655282,0.00838467244638602,0.007139463907863383,0.008606359666401905,0.006193771858617952,0.0046655235186656065,0.007063572899126289,0.005331738872120731,0.007992297370929312,0.006317036131850674
Smoke,0.007540101296266875,0.00852275682605242,0.008952000384432088,0.005944566020651309,0.05698800026052423,0.011119938881652103,0.011394113146942017,0.009449884841938047,0.00897490049245433,0.00944510449245433,0.009537935679110408,0.009958628851469418,0.012589568365369341,0.013430034179507546,0.010675080975377284,0.008103581191421764,0.01132944135345512,0.015035751914217634,0.0177550416584591,0.010980757331215249,0.013355902611596504,0.011609860752978552,0.01349782798411437,0.01159774684988086,0.009557445140587767,0.008368520705321684,0.01017943462748213,0.01551945580619539,0.014456710624305005,0.00995580945830024,0.010799990354249406,0.012612748695790313,0.009665244806989671,0.010889124273232723,0.013662806875297855,0.013249815571088163,0.015235846630659255,0.011810466986497218,0.012486332543288322,0.015752958525814136,0.013333327761715646,0.010555122814932486,0.012513532352660842,0.008551056486100075,0.007923187822081014,0.011228107507545673,0.006970577270849882,0.01227909533598094,0.010329305750595708
Toys ,0.008112949053216838,0.007894252808578235,0.009313851807783954,0.006102481405877682,0.011119938881652103,0.0235744094344718,0.013007944779984118,0.010940117318506753,0.011222913407466244,0.011236901313741063,0.010299817291501189,0.011416582260524223,0.014493137885623513,0.014644712063542495,0.010250451741064337,0.009968975837966638,0.013242066605242258,0.017892109253375692,0.018473309032565527,0.013501897887212073,0.015133371502779977,0.013734598198570295,0.015621501722001588,0.012287607645750596,0.013122168791104052,0.01041297923113582,0.011758853418586181,0.01625212138999206,0.01536202979666402,0.011301209532962674,0.008792683720413025,0.014465503567911042,0.010513516312946785,0.012452206298649722,0.016677300447974584,0.0156909692025417,0.018450815966640187,0.014230103990468621,0.012673798989674344,0.01611622463542494,0.014712899537728355,0.012463960060365365,0.014092024327243845,0.009985797564733917,0.0077578057839555225,0.011202832889594916,0.00899372404765687,0.013683948023828437,0.01145975516282764
Fun  ,0.009616926209690227,0.009621762991262906,0.010669491521842734,0.0072001579110405065,0.011394113146942017,0.013007944779984118,0.021485607655281975,0.01225598308498809,0.013445061683876092,0.013580467477362988,0.012203779038919775,0.012548120211278789,0.016323328894360604,0.017224093572676725,0.01264155525178713,0.011892879507545669,0.014794561887212074,0.020114298228752974,0.021209270811755356,0.014125671421763306,0.01712434058935663,0.015586947936457504,0.017800126312946786,0.014609366692613186,0.014314555987291498,0.011322306729150118,0.012311968875297855,0.01902657123907863,0.018250787509134232,0.012731534806989674,0.01046631399841144,0.01726588714217633,0.012235940077839557,0.014160672700555996,0.018431793378872123,0.017766273030976967,0.020923115918983316,0.015992945356632246,0.014802550570293886,0.017767741267672752,0.017178923366163626,0.014057764127084984,0.017059727552025415,0.012075561250198565,0.009299171566322479,0.013203465455123112,0.010242926335186656,0.015885872821286732,0.01330215748212867
Books,0.008750228930897538,0.008437090332009532,0.009410240006354249,0.006654666147736297,0.009449884841938047,0.010940117318506753,0.01225598308498809,0.01930573149483717,0.011504978268467041,0.010906152114376488,0.010507932962668784,0.010809704311358219,0.013763471885623508,0.01474030953455123,0.010971571958697378,0.009568789229547257,0.012644433493248609,0.016573520254169978,0.017868407351866556,0.012049959555202536,0.014541064317712467,0.013364335739475774,0.015660945626687843,0.012542017258141379,0.01250303401429706,0.00895278174424146,0.00893305502144559,0.016013365401111992,0.01424680199523431,0.01079814517553614,0.009722169207307386,0.015189726748212867,0.010378924594122317,0.012277360031771243,0.015288370922954727,0.014938621801429706,0.017344611926926132,0.01352948974741858,0.013334510964257348,0.015833805693407466,0.014573159733121522,0.012047615828435266,0.014442595158061951,0.010405949318506748,0.00834472649404289,0.01201683051945989,0.008430037877680699,0.01345700080698967,0.011287650071485307
Hshld,0.008661216536934076,0.008921645003971407,0.01073801212073074,0.006691093836378077,0.00897490049245433,0.011222913407466244,0.013445061683876092,0.011504978268467041,0.01970684457505957,0.012661196679904684,0.011248992327243844,0.011384921763304209,0.014846563764892766,0.01632149845909452,0.011837889706115963,0.0106418890548054,0.0135843365528197,0.018496497871326446,0.020357380873709294,0.01371517483717236,0.016271330309769655,0.015124844956314533,0.016997937315329628,0.013331130818109608,0.013924724034948372,0.010393773915806195,0.01332497081810961,0.018306813328038126,0.017048825591739473,0.012243641064336773,0.0098579050675139,0.015504143987291502,0.01139784802223987,0.013211788991262907,0.017198722891183484,0.016479817998411434,0.0197814701350278,0.014850345988880064,0.014154065607625096,0.017260758125496427,0.015439564845115173,0.013172355583796664,0.015508521461477364,0.01084354832406672,0.00860349027799841,0.012340470468625893,0.009433229356632246,0.014760342446386018,0.011809583240667196
Clths,0.007939551051628278,0.008802077599682285,0.00963916273073868,0.007008821278792691,0.00944510449245433,0.011236901313741063,0.013580467477362988,0.010906152114376488,0.012661196679904684,0.018518901939634628,0.01088108806195393,0.011135806225575855,0.014572641234312945,0.015944139208895952,0.011727719448768863,0.011327703367752183,0.013877736400317713,0.019106729126290706,0.019911661903097698,0.014294592660841935,0.016075684071485307,0.014937717200953134,0.01642570526131851,0.013311612135027797,0.01429688461000794,0.011218575532962663,0.012960950247815725,0.01793773077839555,0.017004382416203334,0.01245399924225576,0.009647921947577444,0.015207687034154089,0.010920126794281174,0.013427284154090549,0.01677335379825258,0.016245281841143766,0.018987771394757748,0.014786981613979348,0.013828084752978554,0.017092565312152495,0.015848289018268468,0.013281658322478155,0.0167225442446386,0.010853926451151706,0.00858838268943606,0.012055114745035742,0.009549284073073868,0.014734199782366954,0.011766132049245431
Hlth ,0.00848232339158062,0.008305980881652105,0.0093302937172359,0.005957765996822874,0.009537935679110408,0.010299817291501189,0.012203779038919775,0.010507932962668784,0.011248992327243844,0.01088108806195393,0.017104672525814137,0.011577130476568708,0.01508204181890389,0.014617065067513898,0.011377714320889595,0.010151793756949957,0.012050249023034152,0.016698598133439234,0.018104133915806196,0.012138530198570294,0.014709937942811753,0.013615386640190626,0.01514270724384432,0.011712080691024624,0.011944489420174741,0.010414812946783161,0.011910579451945987,0.017367987394757742,0.015140002819698172,0.01168464625099285,0.008948182065131056,0.014790280095313739,0.010024749428117555,0.012573382486100078,0.016073034154090546,0.015538783312152502,0.017965620818109613,0.01411731321683876,0.012821201111993646,0.01567748822875297,0.014160393463065923,0.012200763478951552,0.013911775869737885,0.009608342501985702,0.007757985409054805,0.011636388339952343,0.008377045115170767,0.013216207776012706,0.010261454400317714
MedEq,0.00905669716123908,0.008308269803018268,0.009822754552819698,0.006293969936457506,0.009958628851469418,0.011416582260524223,0.012548120211278789,0.010809704311358219,0.011384921763304209,0.011135806225575855,0.011577130476568708,0.015855405196187448,0.016990753285146945,0.014754727002382841,0.011202929463065923,0.010794633439237485,0.0128138021223193,0.017497726139793487,0.018997896063542494,0.012757172200158854,0.015429051099285145,0.014924476921366163,0.015011358249404288,0.012515505275615567,0.012514363396346309,0.010980767310563942,0.013951962079428117,0.017741523915806197,0.017502942270055596,0.012933353625099283,0.009301954970611596,0.01529448529308975,0.010814857590150911,0.013344408093725176,0.01747555041143765,0.016888445831612385,0.019496285491660038,0.015391296257347097,0.012537548861000794,0.014956219056393962,0.014459812252581408,0.012789161566322479,0.014045515675933281,0.009847314867355041,0.007912618883240664,0.01090552671644162,0.008622323075456712,0.013943035531374106,0.011364516449563145
Drugs,0.010808727957108816,0.010677005723590151,0.012084744420969021,0.008489566806989672,0.012589568365369341,0.014493137885623513,0.016323328894360604,0.013763471885623508,0.014846563764892766,0.014572641234312945,0.01508204181890389,0.016990753285146945,0.027412788846703742,0.019275473620333595,0.014333707245432885,0.01349071023034154,0.016477098471803016,0.02260148107227959,0.024116356657664817,0.016299545512311362,0.019968351328038123,0.01935414580778395,0.01978587284193804,0.015776644405083397,0.01604863300079428,0.014563929127879266,0.017037185173947575,0.022263617498014296,0.021821340360603653,0.0164689398268467,0.012008196381254962,0.02053426884193805,0.01352663904527403,0.017364525567911047,0.023482999733121523,0.022408563324860995,0.026179384576648132,0.020542295094519453,0.016083628791104053,0.019278459424940428,0.019053444859412235,0.01636358137887212,0.01828440869579031,0.01261596137728356,0.010011688516282764,0.014167263644162029,0.010900274802223987,0.018164050295472592,0.014466149444003176
Chems,0.011173617258141382,0.011611622220810167,0.01354559133915806,0.008565195552025416,0.013430034179507546,0.014644712063542495,0.017224093572676725,0.01474030953455123,0.01632149845909452,0.015944139208895952,0.014617065067513898,0.014754727002382841,0.019275473620333595,0.02732005551072279,0.01605628021604448,0.014507685623510722,0.01843532585861795,0.023884384305003968,0.029127337594916602,0.018931655949166005,0.022099576196981736,0.020005630557585384,0.021819589776012702,0.017726851323272435,0.019126947869737888,0.014297375593328037,0.021582683005559967,0.027923358697378872,0.026637855237490068,0.019416313671167598,0.01369055525337569,0.020065042853057984,0.01401112232565528,0.017414036155679113,0.021849613521842733,0.020990474961080228,0.02532009244797458,0.01951900109928514,0.019189842865766478,0.02404188576330421,0.020702486233518665,0.01764640973471009,0.019283528489277196,0.013270909915806194,0.011225772702144556,0.015659035526608422,0.012115455993645748,0.018844235355043686,0.016273616934074666
Rubbr,0.008290063861795075,0.008748448589356632,0.009992549860206514,0.006208570047656872,0.010675080975377284,0.010250451741064337,0.01264155525178713,0.010971571958697378,0.011837889706115963,0.011727719448768863,0.011377714320889595,0.011202929463065923,0.014333707245432885,0.01605628021604448,0.04606534713105641,0.01124855162827641,0.013897150360603652,0.017230723455123113,0.02118770971247021,0.014286882382843525,0.016143041412231933,0.01504481219062748,0.015966046745035743,0.012734138962668787,0.014490175863383638,0.010928818830818109,0.012442119051628276,0.018862433034154087,0.017384474460683082,0.013286324652899126,0.009342416549642574,0.01653899447815727,0.010383491772835585,0.013082782915011918,0.01631076957585385,0.016057091496425733,0.01918150274662431,0.014670932482922954,0.014703207396346306,0.016775776857823665,0.015480361256552822,0.01306231479269261,0.014296272797458298,0.009839555747418585,0.008368771102462274,0.011447795291501195,0.008857387596505163,0.013814072643367746,0.012483150079428115
Txtls,0.0073755569658459095,0.007439379364575058,0.008804356457505958,0.005526611421763305,0.008103581191421764,0.009968975837966638,0.011892879507545669,0.009568789229547257,0.0106418890548054,0.011327703367752183,0.010151793756949957,0.010794633439237485,0.01349071023034154,0.014507685623510722,0.01124855162827641,0.0327521936457506,0.011998861000794283,0.017250967799841144,0.019515935091342338,0.01315571536139793,0.014531970945194596,0.012994195266084193,0.01404728965845909,0.011985326084193807,0.011974477458300239,0.009710684765687054,0.01645229402700556,0.01859647137410643,0.016804888244638605,0.01319525415409055,0.008774430500397138,0.014360145639396344,0.010406301810961081,0.011865523733121525,0.01523857909451946,0.014742252374900715,0.017604896346306596,0.013655784781572675,0.012339846926131852,0.014917158284352663,0.013938470389197774,0.01207129048451152,0.013228994471803018,0.00912719890389198,0.00736605806195393,0.010278207815726767,0.008164709833200952,0.01277865294678316,0.011474824066719617
BldMt,0.01034519025893566,0.009996564123907864,0.011330350017474186,0.007470173375694994,0.01132944135345512,0.013242066605242258,0.014794561887212074,0.012644433493248609,0.0135843365528197,0.013877736400317713,0.012050249023034152,0.0128138021223193,0.016477098471803016,0.01843532585861795,0.013897150360603652,0.011998861000794283,0.01971637626052423,0.023180169626687844,0.02463161234630659,0.01628677382049245,0.018843985563145354,0.017131083450357423,0.018788973674344716,0.015478560819698171,0.01637758854328832,0.012822401385226369,0.01651341049086577,0.023428727466243044,0.02310135358856235,0.016712729232724384,0.01175423956155679,0.01698004700873709,0.01201899658141382,0.014858109960285937,0.018221103803018265,0.017594583250198567,0.020787038525814136,0.016202175955520252,0.015966089861795076,0.019378702360603656,0.017876808876886415,0.015098451240667197,0.016947048876886417,0.011716482738681491,0.009748765324861,0.013357655008737092,0.011136544584590943,0.01623282750119142,0.013708436473391586
Cnstr,0.01368209007942812,0.012910191350277997,0.015955360929308975,0.009626233590150914,0.015035751914217634,0.017892109253375692,0.020114298228752974,0.016573520254169978,0.018496497871326446,0.019106729126290706,0.016698598133439234,0.017497726139793487,0.02260148107227959,0.023884384305003968,0.017230723455123113,0.017250967799841144,0.023180169626687844,0.04618388593328037,0.032333796854646546,0.02115989845909452,0.02489551562351073,0.022448312676727564,0.025240525607625103,0.02021571549642573,0.0210611655440826,0.01675530530579825,0.025163705917394762,0.03195865206513106,0.0320201351945989,0.0238145323669579,0.016442435218427316,0.022612900301826847,0.017014791858617945,0.020094920071485306,0.024553164193804607,0.02352311752978554,0.027547459340746618,0.021451902319301035,0.021279157331215246,0.025512747768069898,0.02394058807783955,0.020194030675138995,0.02413386041302621,0.015758189666401905,0.01390589347895155,0.018222892835583798,0.01727989153296267,0.022734405123113578,0.018958356592533757
Steel,0.014860529111993646,0.014643565324860998,0.016598818668784748,0.010001810389197773,0.0177550416584591,0.018473309032565527,0.021209270811755356,0.017868407351866556,0.020357380873709294,0.019911661903097698,0.018104133915806196,0.018997896063542494,0.024116356657664817,0.029127337594916602,0.02118770971247021,0.019515935091342338,0.02463161234630659,0.032333796854646546,0.049963629267672754,0.02532482255758539,0.0293378037553614,0.026111440705321686,0.02724871433836378,0.023473320146147735,0.02569318356791104,0.020222527027799843,0.036562301458300236,0.043762452073073874,0.04499552868625894,0.03150263091977759,0.017420000330420966,0.025430339291501187,0.017309150875297854,0.022280461064336777,0.027390789146942013,0.02644536970929309,0.03160293176171565,0.02447003369023034,0.024208779882446387,0.030525508962668774,0.0267034826624305,0.023405825499602857,0.02377794455281969,0.01661755518347895,0.014003773731532962,0.019356146808578233,0.015661461083399525,0.024336134938840348,0.020622485750595707
FabPr,0.009754032597299442,0.009502405401111993,0.01328140705321684,0.006912411596505161,0.010980757331215249,0.013501897887212073,0.014125671421763306,0.012049959555202536,0.01371517483717236,0.014294592660841935,0.012138530198570294,0.012757172200158854,0.016299545512311362,0.018931655949166005,0.014286882382843525,0.01315571536139793,0.01628677382049245,0.02115989845909452,0.02532482255758539,0.04634924047656869,0.019774859062748215,0.01819997359809372,0.018884952025417,0.01690761690230341,0.018887694424146145,0.014920732104845116,0.020523423129467835,0.024769243590150914,0.02220308142970611,0.017083230659253375,0.011523436250992853,0.017897184718030177,0.012763109769658457,0.015412464813343924,0.019127368482922954,0.01804737496425734,0.021788317903097695,0.016684880254169976,0.016955586020651305,0.02011294611596505,0.018482284257347097,0.01594943809372518,0.016790024876886415,0.012373506052422559,0.009658871803018266,0.013295801207307388,0.011250969531374107,0.016864272025416998,0.014281274217633042
Mach ,0.011794202781572675,0.011393315833200952,0.01277196188562351,0.008242719451945988,0.013355902611596504,0.015133371502779977,0.01712434058935663,0.014541064317712467,0.016271330309769655,0.016075684071485307,0.014709937942811753,0.015429051099285145,0.019968351328038123,0.022099576196981736,0.016143041412231933,0.014531970945194596,0.018843985563145354,0.02489551562351073,0.0293378037553614,0.019774859062748215,0.02612635796505163,0.02118098245274027,0.021994410017474184,0.01848360074185862,0.019779188349483712,0.015609062452740267,0.02201562321366163,0.027983141262907067,0.027647766644956318,0.021546492770452744,0.01332171672438443,0.02106519441461477,0.01436502815091342,0.018164452128673552,0.02416155149801429,0.022832511242255757,0.028128393596505166,0.02116339351548848,0.018420116752978548,0.022247003672756158,0.020945831931691816,0.018112864308181098,0.01969069465607625,0.013692101466243048,0.011046776646544878,0.015305248190627483,0.012527891552025416,0.0196438750420969,0.01601409484511517
ElcEq,0.010887916895949167,0.010695927183478952,0.011629776111199364,0.00795834737092931,0.011609860752978552,0.013734598198570295,0.015586947936457504,0.013364335739475774,0.015124844956314533,0.014937717200953134,0.013615386640190626,0.014924476921366163,0.01935414580778395,0.020005630557585384,0.01504481219062748,0.012994195266084193,0.017131083450357423,0.022448312676727564,0.026111440705321686,0.01819997359809372,0.02118098245274027,0.025867060339952345,0.01991444447339158,0.016593191806195392,0.016550513575853847,0.014966992095313745,0.01935422760603654,0.024131057331215247,0.022990413277204132,0.0176538701096108,0.011698981172359013,0.019632006741858617,0.01400338440984909,0.016882966687847493,0.02260303435742653,0.021340774268467033,0.026170275923749004,0.019695443475774423,0.016921669064336776,0.019920685166004766,0.019081044997617154,0.016896627374106434,0.018102288794281177,0.012632431291501194,0.01025185603494837,0.014003267984114377,0.011618278303415408,0.017983928346306594,0.015057866322478158
Autos,0.012284132476568706,0.011707928797458298,0.013908513515488479,0.008912253995234312,0.01349782798411437,0.015621501722001588,0.017800126312946786,0.015660945626687843,0.016997937315329628,0.01642570526131851,0.01514270724384432,0.015011358249404288,0.01978587284193804,0.021819589776012702,0.015966046745035743,0.01404728965845909,0.018788973674344716,0.025240525607625103,0.02724871433836378,0.018884952025417,0.021994410017474184,0.01991444447339158,0.030055861356632248,0.01858682655758538,0.019738806328832403,0.015194380644956314,0.015435332298649726,0.02444992557585385,0.021712334808578235,0.016116803440826052,0.013171517318506748,0.021028487205718822,0.01450696027640985,0.017612729992057184,0.022327083609213663,0.0215810621096108,0.025883249540905477,0.020073243259729943,0.019368329950754565,0.023178030735504375,0.022082590554408258,0.017742377042096903,0.020797358513105633,0.014364113680698964,0.011395229334392375,0.01612690427958697,0.012063505620333597,0.019416591177124697,0.016173856187450358
Aero ,0.009780095254964259,0.009845179382049242,0.010979327388403492,0.007766445456711674,0.01159774684988086,0.012287607645750596,0.014609366692613186,0.012542017258141379,0.013331130818109608,0.013311612135027797,0.011712080691024624,0.012515505275615567,0.015776644405083397,0.017726851323272435,0.012734138962668787,0.011985326084193807,0.015478560819698171,0.02021571549642573,0.023473320146147735,0.01690761690230341,0.01848360074185862,0.016593191806195392,0.01858682655758538,0.03100698187609214,0.01645493102144559,0.014622706659253379,0.013531388322478155,0.021180241850675137,0.019740709545671167,0.014147014054011118,0.011067925200953139,0.016313942322478157,0.01168777002859412,0.014651415432883239,0.0181354975440826,0.017372384894360604,0.020890218041302616,0.016350417750595706,0.01561263327720413,0.01818663166957903,0.017998925517077043,0.01488393389356632,0.016528382999205723,0.011479698219221606,0.009184217453534553,0.013230858535345507,0.009822125490071484,0.01651286742970611,0.012685533415409057
Ships,0.01007426305639396,0.009949387796664018,0.012480357169181888,0.006096831088165209,0.009557445140587767,0.013122168791104052,0.014314555987291498,0.01250303401429706,0.013924724034948372,0.01429688461000794,0.011944489420174741,0.012514363396346309,0.01604863300079428,0.019126947869737888,0.014490175863383638,0.011974477458300239,0.01637758854328832,0.0210611655440826,0.02569318356791104,0.018887694424146145,0.019779188349483712,0.016550513575853847,0.019738806328832403,0.01645493102144559,0.038582717146942024,0.015126816133439237,0.018658063577442416,0.024388685861795076,0.02288423310881652,0.01723587470373312,0.011283099240667196,0.016500318309769654,0.01157749018903892,0.015265704829229548,0.017820784069896737,0.01751427071961874,0.02114447505321684,0.01631020872438443,0.0164393471389992,0.019457348702144557,0.01928205768705321,0.015919931323272442,0.01645834173788721,0.011739299161239076,0.009513821042096901,0.013286149267672758,0.011117289988880065,0.016731078929308973,0.0143750930420969
Guns ,0.0076392581826846715,0.00877774233836378,0.00782491835107228,0.005349598490865766,0.008368520705321684,0.01041297923113582,0.011322306729150118,0.00895278174424146,0.010393773915806195,0.011218575532962663,0.010414812946783161,0.010980767310563942,0.014563929127879266,0.014297375593328037,0.010928818830818109,0.009710684765687054,0.012822401385226369,0.01675530530579825,0.020222527027799843,0.014920732104845116,0.015609062452740267,0.014966992095313745,0.015194380644956314,0.014622706659253379,0.015126816133439237,0.05433670786973787,0.01508597051310564,0.018037933836378073,0.02120413010007943,0.014955476209690226,0.008390021680698967,0.012796494907069102,0.009997388508339951,0.012629937680698965,0.015119787018268467,0.014378683593328037,0.017384096066719614,0.013457118138204927,0.012187578198570295,0.014929442179507547,0.013516048111199365,0.013140503847498016,0.012355842440031772,0.009944865826846703,0.0074328464718030176,0.010401423504368547,0.008656027787132646,0.01285426372359015,0.01010289081810961
Gold ,0.009684834244638603,0.010338071928514691,0.009148610022239873,0.0059773182922954705,0.01017943462748213,0.011758853418586181,0.012311968875297855,0.00893305502144559,0.01332497081810961,0.012960950247815725,0.011910579451945987,0.013951962079428117,0.017037185173947575,0.021582683005559967,0.012442119051628276,0.01645229402700556,0.01651341049086577,0.025163705917394762,0.036562301458300236,0.020523423129467835,0.02201562321366163,0.01935422760603654,0.015435332298649726,0.013531388322478155,0.018658063577442416,0.01508597051310564,0.17538897933439238,0.06006929533756949,0.04591623142335186,0.03615481660524226,0.013639313718824462,0.015216604206513103,0.01149106844638602,0.015853773891977764,0.016652032463860204,0.016907031563145356,0.021635253189833198,0.017846540406671958,0.01578109495154885,0.019528978783161233,0.016148533640984907,0.017439204247815723,0.013568454808578235,0.009938743401111992,0.00878290702621128,0.011026543942811754,0.013291884104845114,0.01854448929785544,0.012242157037331215
Mines,0.015028105774424143,0.01342977629070691,0.015596434638602061,0.008889030508339953,0.01551945580619539,0.01625212138999206,0.01902657123907863,0.016013365401111992,0.018306813328038126,0.01793773077839555,0.017367987394757742,0.017741523915806197,0.022263617498014296,0.027923358697378872,0.018862433034154087,0.01859647137410643,0.023428727466243044,0.03195865206513106,0.043762452073073874,0.024769243590150914,0.027983141262907067,0.024131057331215247,0.02444992557585385,0.021180241850675137,0.024388685861795076,0.018037933836378073,0.06006929533756949,0.07208454830023828,0.049516193812549646,0.034985638038125495,0.016686985305798253,0.02146743806195393,0.016344511604447973,0.020305095448768865,0.02447012486100079,0.023792753240667194,0.028065969428117548,0.022354607895154883,0.022109924384432086,0.02754798131850675,0.024960451493248603,0.022451634996028598,0.02119082495631453,0.014716993891977762,0.012789469999999997,0.016938016806989673,0.015573580746624302,0.02298672366163622,0.019517438022239875
Coal ,0.013121197278792693,0.012683328814932487,0.014292187131056391,0.007378974384432087,0.014456710624305005,0.01536202979666402,0.018250787509134232,0.01424680199523431,0.017048825591739473,0.017004382416203334,0.015140002819698172,0.017502942270055596,0.021821340360603653,0.026637855237490068,0.017384474460683082,0.016804888244638605,0.02310135358856235,0.0320201351945989,0.04499552868625894,0.02220308142970611,0.027647766644956318,0.022990413277204132,0.021712334808578235,0.019740709545671167,0.02288423310881652,0.02120413010007943,0.04591623142335186,0.049516193812549646,0.09654470127243843,0.04792005013979349,0.019165865871326453,0.020627572149324862,0.015144255181890389,0.019453052700556,0.021245070970611592,0.021102040316123904,0.024488914905480542,0.02016605643526609,0.020020406532168387,0.02631104432724384,0.02250912206036537,0.02128438655123114,0.01915973928832406,0.01336939971564734,0.01147699943288324,0.015814095968228754,0.015442934716441621,0.020207549806195397,0.019279832541699758
Oil  ,0.009161115220015883,0.009543753069102462,0.01107136668308181,0.005970793002382843,0.00995580945830024,0.011301209532962674,0.012731534806989674,0.01079814517553614,0.012243641064336773,0.01245399924225576,0.01168464625099285,0.012933353625099283,0.0164689398268467,0.019416313671167598,0.013286324652899126,0.01319525415409055,0.016712729232724384,0.0238145323669579,0.03150263091977759,0.017083230659253375,0.021546492770452744,0.0176538701096108,0.016116803440826052,0.014147014054011118,0.01723587470373312,0.014955476209690226,0.03615481660524226,0.034985638038125495,0.04792005013979349,0.04605708037966639,0.014970891593328038,0.015618982405083397,0.011333996665607625,0.014912483010325661,0.016021264762509927,0.015901448494042885,0.018620980506751386,0.015125217598093722,0.014977763488482924,0.018713058192216043,0.015557803051628273,0.016056061067513897,0.013878300883240666,0.009336924119142175,0.00856526300079428,0.011771761931691816,0.011723786230341543,0.015292603556791106,0.013911757084988085
Util ,0.007797058875297858,0.007927103151707703,0.00855805924384432,0.0058885891501191424,0.010799990354249406,0.008792683720413025,0.01046631399841144,0.009722169207307386,0.0098579050675139,0.009647921947577444,0.008948182065131056,0.009301954970611596,0.012008196381254962,0.01369055525337569,0.009342416549642574,0.008774430500397138,0.01175423956155679,0.016442435218427316,0.017420000330420966,0.011523436250992853,0.01332171672438443,0.011698981172359013,0.013171517318506748,0.011067925200953139,0.011283099240667196,0.008390021680698967,0.013639313718824462,0.016686985305798253,0.019165865871326453,0.014970891593328038,0.014414805521842733,0.012327792228752979,0.008889671361397936,0.010520341143764891,0.01264019977124702,0.012253099148530578,0.014078969718824464,0.011023391923749008,0.011941571170770453,0.015324167504368543,0.012553409756949959,0.010562743930103254,0.012249096571882443,0.007943690716441621,0.007775854579825259,0.010978474141382049,0.008277093922160444,0.01215566928991263,0.010430292343129468
Telcm,0.011232467920571882,0.010952595316918189,0.011795187818903891,0.00894744136616362,0.012612748695790313,0.014465503567911042,0.01726588714217633,0.015189726748212867,0.015504143987291502,0.015207687034154089,0.014790280095313739,0.01529448529308975,0.02053426884193805,0.020065042853057984,0.01653899447815727,0.014360145639396344,0.01698004700873709,0.022612900301826847,0.025430339291501187,0.017897184718030177,0.02106519441461477,0.019632006741858617,0.021028487205718822,0.016313942322478157,0.016500318309769654,0.012796494907069102,0.015216604206513103,0.02146743806195393,0.020627572149324862,0.015618982405083397,0.012327792228752979,0.026886219196187444,0.014356151669579032,0.017502514821286733,0.024315562935663226,0.02324853765210484,0.027606185963463065,0.020424380854646543,0.01742607166957903,0.021277827977760122,0.019751191860206508,0.016870353950754566,0.019345447142176335,0.013305061553613976,0.010569072222398728,0.015088465537728357,0.010939207930103258,0.018884121499602856,0.015081836632247816
PerSv,0.008084647035742652,0.007942431712470213,0.009175046756155679,0.0061778647895154885,0.009665244806989671,0.010513516312946785,0.012235940077839557,0.010378924594122317,0.01139784802223987,0.010920126794281174,0.010024749428117555,0.010814857590150911,0.01352663904527403,0.01401112232565528,0.010383491772835585,0.010406301810961081,0.01201899658141382,0.017014791858617945,0.017309150875297854,0.012763109769658457,0.01436502815091342,0.01400338440984909,0.01450696027640985,0.01168777002859412,0.01157749018903892,0.009997388508339951,0.01149106844638602,0.016344511604447973,0.015144255181890389,0.011333996665607625,0.008889671361397936,0.014356151669579032,0.017511208926131845,0.012397150158856235,0.015449088565528197,0.015115470679904684,0.017834301113582203,0.013853431043685466,0.012566401531374108,0.015156954198570292,0.014008380173153295,0.0118369410929309,0.013923533493248612,0.009508805666401906,0.008026445879269262,0.011175931094519458,0.008720390449563145,0.013134555108816521,0.010699256036536934
BusSv,0.009845686505162828,0.009543405440826054,0.010552654543288324,0.007114025440826053,0.010889124273232723,0.012452206298649722,0.014160672700555996,0.012277360031771243,0.013211788991262907,0.013427284154090549,0.012573382486100078,0.013344408093725176,0.017364525567911047,0.017414036155679113,0.013082782915011918,0.011865523733121525,0.014858109960285937,0.020094920071485306,0.022280461064336777,0.015412464813343924,0.018164452128673552,0.016882966687847493,0.017612729992057184,0.014651415432883239,0.015265704829229548,0.012629937680698965,0.015853773891977764,0.020305095448768865,0.019453052700556,0.014912483010325661,0.010520341143764891,0.017502514821286733,0.012397150158856235,0.016569917259729942,0.019698907418586178,0.018902911795075455,0.02227060083399524,0.01711222041302621,0.015092524066719615,0.018071895567911035,0.017023856942017475,0.014658856822875297,0.016372910166799048,0.01142845951548848,0.009274424519459886,0.012999657505957107,0.010006675996822876,0.016007331080222398,0.01301674679110405
Hardw,0.012321568057188245,0.011119135320095312,0.012085886360603653,0.009184825766481334,0.013662806875297855,0.016677300447974584,0.018431793378872123,0.015288370922954727,0.017198722891183484,0.01677335379825258,0.016073034154090546,0.01747555041143765,0.023482999733121523,0.021849613521842733,0.01631076957585385,0.01523857909451946,0.018221103803018265,0.024553164193804607,0.027390789146942013,0.019127368482922954,0.02416155149801429,0.02260303435742653,0.022327083609213663,0.0181354975440826,0.017820784069896737,0.015119787018268467,0.016652032463860204,0.02447012486100079,0.021245070970611592,0.016021264762509927,0.01264019977124702,0.024315562935663226,0.015449088565528197,0.019698907418586178,0.03439128657029388,0.02775182437490071,0.0344143454932486,0.0245146975949166,0.018459287167593326,0.022880512063542493,0.021631425308975383,0.018973348822875293,0.021279020638602063,0.01438691319459889,0.011223335707704526,0.015626758239872914,0.011705767281969816,0.020796027399523433,0.016708245718824462
Softw,0.011653011537728356,0.011190790374900714,0.011827308992851468,0.008929809205718824,0.013249815571088163,0.0156909692025417,0.017766273030976967,0.014938621801429706,0.016479817998411434,0.016245281841143766,0.015538783312152502,0.016888445831612385,0.022408563324860995,0.020990474961080228,0.016057091496425733,0.014742252374900715,0.017594583250198567,0.02352311752978554,0.02644536970929309,0.01804737496425734,0.022832511242255757,0.021340774268467033,0.0215810621096108,0.017372384894360604,0.01751427071961874,0.014378683593328037,0.016907031563145356,0.023792753240667194,0.021102040316123904,0.015901448494042885,0.012253099148530578,0.02324853765210484,0.015115470679904684,0.018902911795075455,0.02775182437490071,0.027513752519459887,0.031382374419380445,0.022947725137410644,0.017705167383637806,0.021707367872915006,0.020745081227958696,0.018037071431294675,0.02045736720889595,0.013837212309769658,0.011053673974583001,0.015390350004765681,0.011492580200158855,0.02000840140905481,0.015757342057188244
Chips,0.014022827674344719,0.01280646723907863,0.013571706460683081,0.010270417736298651,0.015235846630659255,0.018450815966640187,0.020923115918983316,0.017344611926926132,0.0197814701350278,0.018987771394757748,0.017965620818109613,0.019496285491660038,0.026179384576648132,0.02532009244797458,0.01918150274662431,0.017604896346306596,0.020787038525814136,0.027547459340746618,0.03160293176171565,0.021788317903097695,0.028128393596505166,0.026170275923749004,0.025883249540905477,0.020890218041302616,0.02114447505321684,0.017384096066719614,0.021635253189833198,0.028065969428117548,0.024488914905480542,0.018620980506751386,0.014078969718824464,0.027606185963463065,0.017834301113582203,0.02227060083399524,0.0344143454932486,0.031382374419380445,0.04175228806830819,0.028497774166799047,0.020943692162033362,0.02567326435583797,0.024577239000794275,0.02171960966163622,0.02400035044638602,0.016078018908657662,0.01286109644003177,0.01774942658617951,0.013323770344718029,0.02366269701191422,0.018620402915011915
LabEq,0.010872556127084985,0.01010751192057188,0.011173690093725179,0.008172831374106434,0.011810466986497218,0.014230103990468621,0.015992945356632246,0.01352948974741858,0.014850345988880064,0.014786981613979348,0.01411731321683876,0.015391296257347097,0.020542295094519453,0.01951900109928514,0.014670932482922954,0.013655784781572675,0.016202175955520252,0.021451902319301035,0.02447003369023034,0.016684880254169976,0.02116339351548848,0.019695443475774423,0.020073243259729943,0.016350417750595706,0.01631020872438443,0.013457118138204927,0.017846540406671958,0.022354607895154883,0.02016605643526609,0.015125217598093722,0.011023391923749008,0.020424380854646543,0.013853431043685466,0.01711222041302621,0.0245146975949166,0.022947725137410644,0.028497774166799047,0.024768639421763307,0.016414472616362193,0.01991776369181891,0.019034578208101664,0.01647561096743447,0.01843039083717236,0.012711444934074662,0.00988400133121525,0.013794677413820495,0.010398645407466246,0.018140569019857028,0.013895459999999998
