,Agric,Food ,Soda ,Beer ,Smoke,Toys ,Fun  ,Books,Hshld,Clths,Hlth ,MedEq,Drugs,Chems,Rubbr,Txtls,BldMt,Cnstr,Steel,FabPr,Mach ,ElcEq,Autos,Aero ,Ships,Guns ,Gold ,Mines,Coal ,Oil  ,Util ,Telcm,PerSv,BusSv,Hardw,Softw,Chips,LabEq,Paper,Boxes,Trans,Whlsl,Rtail,Meals,Banks,Insur,RlEst,Fin  ,Other
Agric,0.027104238627482128,0.007463969448768865,0.00861458997299444,0.0059718788308181095,0.007971338147736299,0.00858840973471009,0.010224217683876092,0.009474643996822874,0.00916926700555997,0.008671817429706116,0.00882400310722796,0.009583715266084194,0.011299645687053215,0.01190370719618745,0.009055055237490074,0.00780359764892772,0.011006817200953138,0.015154506332009529,0.015730491234312943,0.010549996225575852,0.01266838591262907,0.011551728279586972,0.013136122147736299,0.010371988975377283,0.011122323799841145,0.008455374773629867,0.011124789000794279,0.0162399125146942,0.014158957890389198,0.009835328864177916,0.008215257092930897,0.011830209277204132,0.008679235679110407,0.010424028708498808,0.01276156995075457,0.01205459243208896,0.014304783332803812,0.011261815148530582,0.011073184571882444,0.01280413723907863,0.012050574563939634,0.010318861515488482,0.011466554528991264,0.008608795552025416,0.007206166360603653,0.00987908276409849,0.008461760266878473,0.012288084543288324,0.00877818271644162
Food ,0.007463969448768865,0.010761560252581414,0.008497738735504369,0.005507738843526608,0.008564433013502779,0.008239721229547258,0.010015994314535346,0.008844805405877681,0.009227523836378078,0.009360888293884035,0.008524408368546465,0.008626230285941222,0.01102440388403495,0.012118402684670371,0.009251653424940429,0.00785271697378872,0.01050342236536934,0.013852920354249402,0.015236948675138997,0.010209093561556791,0.011877734092136619,0.011035150676727562,0.012236990724384436,0.010292591342335185,0.010622675474185862,0.009082234201747417,0.01092007662907069,0.014138756082605244,0.013210313186656076,0.009978371366163622,0.00813373186656076,0.011335169777601269,0.008365998880063542,0.00987021433836378,0.011440337993645749,0.01151753304686259,0.013076639950754565,0.01036572486576648,0.010369916257347104,0.012773786038125496,0.01140509046703733,0.009849615126290708,0.011076590989674345,0.00801050262907069,0.00675842441938046,0.009492994733915804,0.007073167917394757,0.010892769102462271,0.008751689237490073
Soda ,0.00861458997299444,0.008497738735504369,0.04063866707545671,0.00758769727084988,0.009106735745830024,0.009785282198570293,0.01113924995393169,0.009931212133439237,0.0112110045274027,0.010355013448768864,0.009630580949960287,0.010264485988880065,0.012714674868943603,0.014306540301826848,0.010651264727561555,0.009265223844320892,0.011993212571882444,0.017424384683081807,0.017525298659253376,0.014094391965051628,0.013602419389992055,0.012102571669579032,0.014755583774424144,0.011666682891183477,0.013336624568705322,0.008131387227958699,0.01020025567593328,0.016432435463065928,0.015106644044479743,0.01166681389992057,0.00890097779189833,0.012322463177124699,0.00968754489277204,0.011139790271644162,0.012689960924543286,0.012397753134233518,0.014271598497220013,0.011648877741064333,0.012293055224781572,0.01418027746783161,0.012762223723590151,0.011269448978554409,0.012597071053216837,0.00893502320889595,0.007434310837172359,0.010629525575853853,0.009792821706115961,0.013169334900714851,0.010098979015091342
Beer ,0.0059718788308181095,0.005507738843526608,0.00758769727084988,0.02296730477521842,0.005520605744241461,0.00610607827164416,0.0075160185830023835,0.007021049394757744,0.007037189404289118,0.00751826169658459,0.006140515780778394,0.0065890564098490855,0.008595338697378873,0.008934298046068309,0.006703018455917393,0.005890759316918188,0.007740880066719619,0.010467242246227164,0.010401506875297855,0.0071909077140587755,0.00858086414297061,0.00806130490548054,0.00931518649404289,0.008205309483717234,0.0068801666052422565,0.00594404104845115,0.006771694271644163,0.009821258382843527,0.007766940616362192,0.0063934678474980135,0.005866008228752978,0.00930278393963463,0.006438579872915012,0.007417054595710881,0.009503568937251787,0.009175407202541699,0.0104598264050834,0.008301980673550435,0.008006810567116758,0.009067960282764097,0.00878564368864178,0.007450534322478158,0.009112335923749007,0.006527884972200157,0.0050144362446386025,0.007409509340746623,0.005642170757744241,0.008612346528991262,0.006434360301826845
Smoke,0.007971338147736299,0.008564433013502779,0.009106735745830024,0.005520605744241461,0.0544571673963463,0.011150819812549643,0.011791018328832406,0.009967751380460684,0.009284368212867353,0.009968540584590947,0.009748320673550435,0.010179920301826847,0.012812923987291502,0.013932572263701351,0.01097367186338364,0.008580767355043683,0.011666146468625894,0.01527866594757744,0.018203167780778393,0.011796261200953135,0.013968947733121526,0.01193440323749007,0.013942782077839552,0.011852373312152503,0.010422919869737887,0.008534886830818105,0.010592956130262109,0.015686164403494837,0.014766307447180299,0.010276714455917393,0.010586163050039713,0.013526912200158853,0.010100018665607622,0.010989868606830816,0.014103597976171564,0.013927818290706906,0.016161292934074662,0.012294117035742652,0.012776893903097697,0.016200918249404284,0.013923492902303415,0.010831237420174741,0.013036585518665607,0.009132581302621127,0.008270563806195395,0.011527217140587768,0.007628227437648926,0.012897568832406671,0.010268085607625101
Toys ,0.00858840973471009,0.008239721229547258,0.009785282198570293,0.00610607827164416,0.011150819812549643,0.024167905709293083,0.01348232604606831,0.011222327590150913,0.011514009197776013,0.011723344123907865,0.010572941458300239,0.011723562843526608,0.014764848276409849,0.01523287167593328,0.010978019771247021,0.010143621334392373,0.013784727043685467,0.01925368142652899,0.019048375799841148,0.014146623672756155,0.0155219575949166,0.014042205887212071,0.016196328301826848,0.012659921938046067,0.013908409540905482,0.010854289436060366,0.01279590377760127,0.017061358513105637,0.0158842456330421,0.011708792168387609,0.008959599269261315,0.014463488848292296,0.010829371040508339,0.012718774830818107,0.016587136333598096,0.015598365207307383,0.01827525260365369,0.01431171110087371,0.013344478290706906,0.016691082678316125,0.015190741436060362,0.012789149947577438,0.014385474198570296,0.010339505369340748,0.008288048025416998,0.011652994297061159,0.009689849664813342,0.014282696425734707,0.01169051823669579
Fun  ,0.010224217683876092,0.010015994314535346,0.01113924995393169,0.0075160185830023835,0.011791018328832406,0.01348232604606831,0.021780006384432088,0.012779171146942016,0.01369101014297061,0.01404703987132645,0.012305684562351073,0.012859537911040508,0.01652411001588562,0.01779965647339158,0.013314544255758539,0.012075104980142972,0.015370242511517076,0.021333987985702935,0.021716559728355837,0.01477646313423352,0.017462708640190627,0.01584916697220016,0.018356545637807788,0.015040631056393963,0.015011910546465446,0.011645169229547258,0.013111172012708502,0.019758224949960285,0.018468838552819698,0.013148256433677516,0.010660831787132643,0.01731498199364575,0.0126272982446386,0.014422644597299437,0.018445293205718822,0.0177512628228753,0.020752873980937253,0.01608094455440826,0.015434454513105642,0.01828276779825258,0.017604335998411432,0.014449419822081016,0.017467315126290708,0.012485192017474184,0.00981071635901509,0.013673480913423353,0.01093014931850675,0.01649394705321684,0.013503577005559968
Books,0.009474643996822874,0.008844805405877681,0.009931212133439237,0.007021049394757744,0.009967751380460684,0.011222327590150913,0.012779171146942016,0.019744238301826846,0.011845785059571085,0.011389745571088166,0.010832532066719617,0.011105074193804607,0.013892599086576647,0.015134475631453535,0.0114858409324861,0.009886875321683877,0.013146819893566319,0.017808222733915805,0.018149167096108025,0.012527724462271649,0.014641443664813344,0.013410865396346304,0.016238964443208895,0.012764646243050038,0.013272419613979349,0.009098148800635425,0.009471849922160444,0.016701655310563942,0.014374529923749003,0.011130485933280379,0.00987668535345512,0.015009383375694995,0.010794781405877679,0.012510546786338363,0.01506770026846704,0.014762064052422556,0.01686222944082605,0.013424299906274818,0.013900591434471804,0.016269428192216044,0.014948062546465446,0.012351113413820492,0.014846965172359011,0.010876476576648135,0.008876329220015881,0.01253047298649722,0.009198994484511518,0.0140124674344718,0.011377196592533754
Hshld,0.00916926700555997,0.009227523836378078,0.0112110045274027,0.007037189404289118,0.009284368212867353,0.011514009197776013,0.01369101014297061,0.011845785059571085,0.019838315480540113,0.012980534559173947,0.011230969372517871,0.011597277974583006,0.014850322899126286,0.01656606895949166,0.012342846981731534,0.010743560659253375,0.013899799038919776,0.01932090893566322,0.02050090057982526,0.014112059928514695,0.01623709422557585,0.01514838826846704,0.017244949586973788,0.01347083928514694,0.01438558239078634,0.010583034996028593,0.014008769166004765,0.018654258824463858,0.017007767394757744,0.012529447934868944,0.009887467625099282,0.015354821532962666,0.011722724154090546,0.013279118077839557,0.016937430524225576,0.016198079976171564,0.019234885186656076,0.014648634400317712,0.014509501382049246,0.017452296290706906,0.015663205091342336,0.013416082970611597,0.01569628403494837,0.011148540786338364,0.00899408158856235,0.012609181453534549,0.00998072873709293,0.015101907498014298,0.011872330127084985
Clths,0.008671817429706116,0.009360888293884035,0.010355013448768864,0.00751826169658459,0.009968540584590947,0.011723344123907865,0.01404703987132645,0.011389745571088166,0.012980534559173947,0.019179234088959485,0.011030628517871326,0.01151564561556791,0.014773992462271646,0.016564958840349482,0.012507021936457505,0.011558928840349482,0.014406108277998413,0.020498185030976966,0.02040357319936457,0.015090718924543287,0.01642436770293884,0.015194428576648133,0.016980288989674342,0.01379178305003971,0.015167528814932486,0.01162692551231136,0.014063928263701349,0.01891874155043685,0.017426189720413026,0.013032155718824465,0.009817772120730737,0.015202570142970611,0.01144595457505957,0.013656564692613185,0.016606447423351864,0.016096056023828433,0.018574066673550434,0.014766405269261314,0.014545997293089752,0.017753882810166797,0.016363049326449563,0.013723391895154882,0.017156096794281175,0.01139321660841938,0.009227753118347896,0.012644414861000796,0.010414741788721208,0.015461394424146145,0.012015413065925339
Hlth ,0.00882400310722796,0.008524408368546465,0.009630580949960287,0.006140515780778394,0.009748320673550435,0.010572941458300239,0.012305684562351073,0.010832532066719617,0.011230969372517871,0.011030628517871326,0.01671181924702144,0.011857155011914217,0.015204630023828436,0.014873972644956312,0.011827076111199363,0.010258328355837967,0.012395228765687051,0.01735358842891184,0.018319670646544876,0.012601800101667988,0.014922655396346306,0.013856825467831612,0.015465948422557586,0.012007999777601272,0.012283605706115964,0.01056479316918189,0.01221173502144559,0.01759726873391581,0.015420862957903098,0.011941156632247815,0.009062746179507544,0.01484619847498014,0.010494947355043686,0.012618034014297062,0.01603759984749802,0.015502944171564734,0.017870703396346305,0.014158788333598092,0.013164796549642574,0.015894250630659253,0.014377219933280384,0.012354348409849085,0.014033359898332008,0.009823444638602068,0.008037031586973789,0.011741564479745831,0.008853610433677522,0.01352039752184273,0.010573808864177917
MedEq,0.009583715266084194,0.008626230285941222,0.010264485988880065,0.0065890564098490855,0.010179920301826847,0.011723562843526608,0.012859537911040508,0.011105074193804607,0.011597277974583006,0.01151564561556791,0.011857155011914217,0.016130845043685466,0.01714008316918189,0.015155891771247019,0.011715916417791898,0.011032672446386022,0.013243030127084988,0.018461663328038117,0.01943030723590151,0.013272313796664017,0.0157435915567911,0.015155123947577445,0.015422270683081812,0.012766740476568703,0.01313726733121525,0.011402321890389196,0.014806033248610007,0.01863214527402701,0.01804713462271644,0.01334172960285941,0.009426980158856232,0.015315160389197778,0.011228165313741063,0.013573198808578235,0.01746789719618745,0.0168784089197776,0.0193721177680699,0.01544938491660048,0.0130214970929309,0.015375549745830023,0.01481388269261318,0.013123358649722,0.01433869791898332,0.01017773063542494,0.008277026497220013,0.011292132509928516,0.009149620460683083,0.014410088435266087,0.011568407918983318
Drugs,0.011299645687053215,0.01102440388403495,0.012714674868943603,0.008595338697378873,0.012812923987291502,0.014764848276409849,0.01652411001588562,0.013892599086576647,0.014850322899126286,0.014773992462271646,0.015204630023828436,0.01714008316918189,0.027328963296266877,0.019578657045274027,0.014861367092930896,0.013512808236695789,0.016782500373312144,0.023449282613185067,0.0243118368943606,0.01683387929308975,0.019927360579825255,0.01937171673550437,0.01994396046862589,0.01589415912629071,0.016470776687847497,0.01495423658459094,0.017906337521842727,0.022904149181890387,0.02202351648133439,0.01669222243844321,0.011953551088165208,0.020100358165210483,0.013930632414614777,0.017413834646544876,0.02294573783161239,0.02194276367752184,0.025393717100873712,0.02027399196981732,0.016374084162033363,0.019525202835583795,0.019276236814932488,0.016491300762509924,0.018337411501191416,0.012874379118347896,0.010353988594122319,0.014495056513105637,0.011498436028594123,0.018425919030976966,0.014439665266084195
Chems,0.01190370719618745,0.012118402684670371,0.014306540301826848,0.008934298046068309,0.013932572263701351,0.01523287167593328,0.01779965647339158,0.015134475631453535,0.01656606895949166,0.016564958840349482,0.014873972644956312,0.015155891771247019,0.019578657045274027,0.028091190881652107,0.016769026322478155,0.014824606084193804,0.019113675536139792,0.025464056949960286,0.029822006783161235,0.019784123065925335,0.02259762676727561,0.020439075726767276,0.022351071564733916,0.018182261509134233,0.019988101334392376,0.014723942430500396,0.022549948880063543,0.02910732991262907,0.02759895359809373,0.02002276150913423,0.013909772930897539,0.02016717135822081,0.01462901923749007,0.01772006363780778,0.021747526560762506,0.0209461698014297,0.02511431490071485,0.019617242239872917,0.0199069610802224,0.02471748681493249,0.021262654598888008,0.018098612263701346,0.019714168832406665,0.013792458633836376,0.01180714217633042,0.01626579302621128,0.012865836505162829,0.01953252085782367,0.016623991787132645
Rubbr,0.009055055237490074,0.009251653424940429,0.010651264727561555,0.006703018455917393,0.01097367186338364,0.010978019771247021,0.013314544255758539,0.0114858409324861,0.012342846981731534,0.012507021936457505,0.011827076111199363,0.011715916417791898,0.014861367092930896,0.016769026322478155,0.046990312341540906,0.011550655401111993,0.014503885291501189,0.01903346024940429,0.02190618087212073,0.01520086270532168,0.016653866940428908,0.015410613088165208,0.01675405373947577,0.013231558522637016,0.015562775566322478,0.01170300795869738,0.01325064664336775,0.020038087158061952,0.017866266876886416,0.013892867442414617,0.009556124082605243,0.016855968252581417,0.010988682819698175,0.01350560739316918,0.01637592944082605,0.016180925618745033,0.019185910756155677,0.014860482934074661,0.015588992559173941,0.0175440580127085,0.016057875331215245,0.01362991256235107,0.014876162878474979,0.010480890810166798,0.009082811037331218,0.012196791493248605,0.009874715990468628,0.014618891008737095,0.012908189380460684
Txtls,0.00780359764892772,0.00785271697378872,0.009265223844320892,0.005890759316918188,0.008580767355043683,0.010143621334392373,0.012075104980142972,0.009886875321683877,0.010743560659253375,0.011558928840349482,0.010258328355837967,0.011032672446386022,0.013512808236695789,0.014824606084193804,0.011550655401111993,0.0323327241858618,0.012393741882446388,0.018380787791898327,0.019619362216044475,0.014005603089753772,0.014617215559968227,0.013198750301826845,0.014584677275615566,0.012313755917394757,0.012529529968228752,0.010218342192216042,0.01703830597299445,0.0192082989197776,0.016952028046068306,0.01345402992057188,0.008960382033359809,0.01385690960285941,0.01073087856235107,0.011840563447180302,0.014799815687053217,0.01438787768864178,0.01694224455123114,0.013533755575853852,0.012742317776012708,0.01519449969023034,0.01412504239078634,0.012125829531374104,0.01339000120730739,0.009431829015091342,0.00775023393169182,0.010676482454328834,0.008708040603653693,0.013128129388403492,0.011364822962668783
BldMt,0.011006817200953138,0.01050342236536934,0.011993212571882444,0.007740880066719619,0.011666146468625894,0.013784727043685467,0.015370242511517076,0.013146819893566319,0.013899799038919776,0.014406108277998413,0.012395228765687051,0.013243030127084988,0.016782500373312144,0.019113675536139792,0.014503885291501189,0.012393741882446388,0.0203239038903892,0.024740749552025418,0.025311251073868155,0.017066457310563936,0.019287260859412233,0.017387903083399523,0.01955998856393963,0.015864801922160447,0.017323557094519465,0.013192800015885624,0.017762345350278,0.024356109569499598,0.023734470136616365,0.017263464424146148,0.011973310389197777,0.017027730127084983,0.012576870492454331,0.015245498119142177,0.018099204077839555,0.01752977114058777,0.020559819299444008,0.016276828217633037,0.01672746825099285,0.020124250533756948,0.018385434168387605,0.015551870440031769,0.01740179877362986,0.012316092970611595,0.01035785501509134,0.013993448967434471,0.0119822362573471,0.016964290246227164,0.013904956656076248
Cnstr,0.015154506332009529,0.013852920354249402,0.017424384683081807,0.010467242246227164,0.01527866594757744,0.01925368142652899,0.021333987985702935,0.017808222733915805,0.01932090893566322,0.020498185030976966,0.01735358842891184,0.018461663328038117,0.023449282613185067,0.025464056949960286,0.01903346024940429,0.018380787791898327,0.024740749552025418,0.049546002432088954,0.033961295674344714,0.023091888370135025,0.026240952576648126,0.023413937707704523,0.02670066839872915,0.021156235186656075,0.022920357342335187,0.0173654808101668,0.02704020947736298,0.03423231691501191,0.03364877583320095,0.025305748332009527,0.016902303431294674,0.02347012714058777,0.018393289555202544,0.021070195237490073,0.02506145750436855,0.024177513011914214,0.028032367550436855,0.022055083734710084,0.02291260874980143,0.027213915594916597,0.025215471347100876,0.02130909349324861,0.025345018516282763,0.016958884583002383,0.015136353016679902,0.01960244855440826,0.018948784349483716,0.024388770976965846,0.019620874813343916
Steel,0.015730491234312943,0.015236948675138997,0.017525298659253376,0.010401506875297855,0.018203167780778393,0.019048375799841148,0.021716559728355837,0.018149167096108025,0.02050090057982526,0.02040357319936457,0.018319670646544876,0.01943030723590151,0.0243118368943606,0.029822006783161235,0.02190618087212073,0.019619362216044475,0.025311251073868155,0.033961295674344714,0.05053314176171565,0.02628766836060365,0.029693179410643367,0.026445124096902303,0.027826103143764894,0.023954838872120732,0.026662185161239083,0.02119514794281175,0.038408214617950756,0.04504782167752183,0.04586128870373312,0.03214035233518665,0.01761767690230341,0.02512986038919777,0.0179714270293884,0.022521240975377287,0.026902056239872914,0.026091566730738685,0.03090350411596506,0.02436828881175536,0.02494614255123113,0.03111141696425735,0.027134550597299446,0.023865610417791897,0.02407491970135027,0.017097394797458296,0.014647245350277997,0.020001381167593327,0.016545700168387606,0.024993322208101663,0.020850591350277996
FabPr,0.010549996225575852,0.010209093561556791,0.014094391965051628,0.0071909077140587755,0.011796261200953135,0.014146623672756155,0.01477646313423352,0.012527724462271649,0.014112059928514695,0.015090718924543287,0.012601800101667988,0.013272313796664017,0.01683387929308975,0.019784123065925335,0.01520086270532168,0.014005603089753772,0.017066457310563936,0.023091888370135025,0.02628766836060365,0.04699900633995234,0.020452330632247814,0.018613714873709285,0.019769527026211275,0.01749358231930103,0.02002189650992851,0.015467653931691812,0.021940500355837972,0.026470315396346304,0.023390749409054803,0.017825332494042896,0.011849199030976965,0.018216581326449557,0.013225946822875301,0.015984558884829227,0.019350155458300235,0.018146835359809373,0.02176542892295473,0.016880015137410644,0.017941581623510724,0.021168767391580617,0.019146784061953928,0.0166593015822081,0.017337541642573465,0.01289047935663225,0.010390747062748212,0.013977491969817313,0.012092236111199363,0.017791479030976963,0.014999488046068305
Mach ,0.01266838591262907,0.011877734092136619,0.013602419389992055,0.00858086414297061,0.013968947733121526,0.0155219575949166,0.017462708640190627,0.014641443664813344,0.01623709422557585,0.01642436770293884,0.014922655396346306,0.0157435915567911,0.019927360579825255,0.02259762676727561,0.016653866940428908,0.014617215559968227,0.019287260859412233,0.026240952576648126,0.029693179410643367,0.020452330632247814,0.026187657726767278,0.021241490578236696,0.022302399092930896,0.018776657680698968,0.020521697409054802,0.016189540889594914,0.02341258119459888,0.02901237532327244,0.028273257059571084,0.022030288570293884,0.013364545496425732,0.020594367903097696,0.01481289638602065,0.018287816320889598,0.023578201434471806,0.0223135264765687,0.02720020578395552,0.020851908033359807,0.018975764949960287,0.022604122127084986,0.02117791847656871,0.018406087749007146,0.019773858605242254,0.014046236258935663,0.011500921029388404,0.015772337895154885,0.013191837007148526,0.02008547328038125,0.016062054733915806
ElcEq,0.011551728279586972,0.011035150676727562,0.012102571669579032,0.00806130490548054,0.01193440323749007,0.014042205887212071,0.01584916697220016,0.013410865396346304,0.01514838826846704,0.015194428576648133,0.013856825467831612,0.015155123947577445,0.01937171673550437,0.020439075726767276,0.015410613088165208,0.013198750301826845,0.017387903083399523,0.023413937707704523,0.026445124096902303,0.018613714873709285,0.021241490578236696,0.025748733501191428,0.020123825272438438,0.016690536409849088,0.01710259609054805,0.014979544829229549,0.020201926420969022,0.02495024035901509,0.023646946940428914,0.018010094416203333,0.011765414821286735,0.019253547315329623,0.014188519483717237,0.017025654637013502,0.022155203944400317,0.020986183982525806,0.025492980811755356,0.019454068637013506,0.01735386169340746,0.020287292293884034,0.01932030900873709,0.017110174675138996,0.018121917763304202,0.012886809158061953,0.010575644492454326,0.014388357053216835,0.012026829572676725,0.018307775361397934,0.01503383173153296
Autos,0.013136122147736299,0.012236990724384436,0.014755583774424144,0.00931518649404289,0.013942782077839552,0.016196328301826848,0.018356545637807788,0.016238964443208895,0.017244949586973788,0.016980288989674342,0.015465948422557586,0.015422270683081812,0.01994396046862589,0.022351071564733916,0.01675405373947577,0.014584677275615566,0.01955998856393963,0.02670066839872915,0.027826103143764894,0.019769527026211275,0.022302399092930896,0.020123825272438438,0.030773869513899915,0.018907487418586173,0.020654222857823666,0.015632750262112784,0.016772928454328827,0.025342461455123116,0.022199093072279588,0.01665751184273232,0.013316703907863383,0.020965245027799836,0.01516622698173153,0.01795630737728356,0.022145762943606036,0.021403816246227163,0.02540419522001589,0.020029492322478155,0.020083297785544078,0.02378907616997617,0.022559131804606832,0.018248756025416996,0.021297755158061947,0.014950578387609211,0.012050280076250992,0.016743237227958698,0.013039704139793487,0.020142353185067505,0.01636436289912629
Aero ,0.010371988975377283,0.010292591342335185,0.011666682891183477,0.008205309483717234,0.011852373312152503,0.012659921938046067,0.015040631056393963,0.012764646243050038,0.01347083928514694,0.01379178305003971,0.012007999777601272,0.012766740476568703,0.01589415912629071,0.018182261509134233,0.013231558522637016,0.012313755917394757,0.015864801922160447,0.021156235186656075,0.023954838872120732,0.01749358231930103,0.018776657680698968,0.016690536409849088,0.018907487418586173,0.031230364575059573,0.01707555807783956,0.014764084575059577,0.014428229356632252,0.02195713572676727,0.020262070675139,0.01460290832406672,0.0111988997299444,0.016416642748212865,0.012081367005559967,0.014837257982525812,0.01798409857029389,0.017268911914217634,0.020538172756155677,0.016323330023828436,0.01616298538522637,0.01864866457505957,0.01831678403494837,0.015234167752184277,0.01683368273232724,0.011926051072279585,0.009635354821286735,0.013675467212073076,0.010457898014297062,0.017018011787132647,0.01295059982525814
Ships,0.011122323799841145,0.010622675474185862,0.013336624568705322,0.0068801666052422565,0.010422919869737887,0.013908409540905482,0.015011910546465446,0.013272419613979349,0.01438558239078634,0.015167528814932486,0.012283605706115964,0.01313726733121525,0.016470776687847497,0.019988101334392376,0.015562775566322478,0.012529529968228752,0.017323557094519465,0.022920357342335187,0.026662185161239083,0.02002189650992851,0.020521697409054802,0.01710259609054805,0.020654222857823666,0.01707555807783956,0.03953491891818903,0.015218605957108812,0.019556760892772036,0.02578719584749801,0.02395533524861001,0.01807993146147736,0.011640519316918188,0.016873806187450355,0.012438193828435267,0.0158006776076251,0.01825767396822875,0.017874633736298644,0.021333040096902303,0.016618227969817313,0.017486767999999996,0.020535014962668786,0.020049822527402707,0.01659454430182685,0.017177484435266083,0.012443611350277996,0.010245939774424145,0.014062157720413025,0.012027097245432881,0.01771147334392375,0.014892914654487688
Guns ,0.008455374773629867,0.009082234201747417,0.008131387227958699,0.00594404104845115,0.008534886830818105,0.010854289436060366,0.011645169229547258,0.009098148800635425,0.010583034996028593,0.01162692551231136,0.01056479316918189,0.011402321890389196,0.01495423658459094,0.014723942430500396,0.01170300795869738,0.010218342192216042,0.013192800015885624,0.0173654808101668,0.02119514794281175,0.015467653931691812,0.016189540889594914,0.014979544829229549,0.015632750262112784,0.014764084575059577,0.015218605957108812,0.05466165696584592,0.015371926195393171,0.0191042917553614,0.02227994727561556,0.0153938941858618,0.008869284924543286,0.013271549753772836,0.010331084019062747,0.01310465610802224,0.01563528160444798,0.01486749021445592,0.017829083478951544,0.013805095424940428,0.012829892867355043,0.015966616949960283,0.013858226862589357,0.013535577950754569,0.012574803113582209,0.010105182954725973,0.007802530961080222,0.010795734821286738,0.008907073836378078,0.013348515679110403,0.010424965162827638
Gold ,0.011124789000794279,0.01092007662907069,0.01020025567593328,0.006771694271644163,0.010592956130262109,0.01279590377760127,0.013111172012708502,0.009471849922160444,0.014008769166004765,0.014063928263701349,0.01221173502144559,0.014806033248610007,0.017906337521842727,0.022549948880063543,0.01325064664336775,0.01703830597299445,0.017762345350278,0.02704020947736298,0.038408214617950756,0.021940500355837972,0.02341258119459888,0.020201926420969022,0.016772928454328827,0.014428229356632252,0.019556760892772036,0.015371926195393171,0.17599628815885623,0.06223597218109612,0.048068848835583794,0.03732656173153296,0.014290720317712467,0.016305165162827644,0.01222285030976966,0.016481991377283556,0.018165180482922955,0.01823250939793487,0.023031851815726766,0.018683019993645755,0.017085503491660048,0.021340499224781574,0.01701511948848292,0.018386947043685466,0.014417423822081013,0.01065505647339158,0.009415741420174742,0.011768108324066717,0.013761250401906273,0.019638304908657665,0.013202059872915011
Mines,0.0162399125146942,0.014138756082605244,0.016432435463065928,0.009821258382843527,0.015686164403494837,0.017061358513105637,0.019758224949960285,0.016701655310563942,0.018654258824463858,0.01891874155043685,0.01759726873391581,0.01863214527402701,0.022904149181890387,0.02910732991262907,0.020038087158061952,0.0192082989197776,0.024356109569499598,0.03423231691501191,0.04504782167752183,0.026470315396346304,0.02901237532327244,0.02495024035901509,0.025342461455123116,0.02195713572676727,0.02578719584749801,0.0191042917553614,0.06223597218109612,0.07330720769499602,0.0507576467132645,0.03621692888006354,0.01714323602859412,0.02236214740270056,0.01739124462271644,0.021014778548054013,0.024826631266084195,0.02419731138681493,0.028394966535345508,0.02289215297537728,0.023243130776806988,0.028684032924543277,0.025614763739475774,0.02325213733439237,0.021940253166004765,0.015526714169976169,0.013571765928514695,0.017742052660841934,0.0165996063288324,0.024050578332009534,0.02005588379666402
Coal ,0.014158957890389198,0.013210313186656076,0.015106644044479743,0.007766940616362192,0.014766307447180299,0.0158842456330421,0.018468838552819698,0.014374529923749003,0.017007767394757744,0.017426189720413026,0.015420862957903098,0.01804713462271644,0.02202351648133439,0.02759895359809373,0.017866266876886416,0.016952028046068306,0.023734470136616365,0.03364877583320095,0.04586128870373312,0.023390749409054803,0.028273257059571084,0.023646946940428914,0.022199093072279588,0.020262070675139,0.02395533524861001,0.02227994727561556,0.048068848835583794,0.0507576467132645,0.09757065521683876,0.048576484598888,0.019251038935663222,0.02060833521048451,0.015650433923749006,0.019925806154090547,0.021131602324066717,0.020960189637807783,0.0242196924559174,0.02025963797776013,0.020741848762509927,0.02669981407307387,0.022781144751389985,0.021824992022239875,0.01938166422875298,0.013858393780778397,0.011855483380460682,0.01624592397934869,0.016121400184273233,0.02080930498808578,0.019452882629070686
Oil  ,0.009835328864177916,0.009978371366163622,0.01166681389992057,0.0063934678474980135,0.010276714455917393,0.011708792168387609,0.013148256433677516,0.011130485933280379,0.012529447934868944,0.013032155718824465,0.011941156632247815,0.01334172960285941,0.01669222243844321,0.02002276150913423,0.013892867442414617,0.01345402992057188,0.017263464424146148,0.025305748332009527,0.03214035233518665,0.017825332494042896,0.022030288570293884,0.018010094416203333,0.01665751184273232,0.01460290832406672,0.01807993146147736,0.0153938941858618,0.03732656173153296,0.03621692888006354,0.048576484598888,0.04672559344718031,0.015118124654487685,0.015734955893566323,0.01178824977760127,0.015228825845909455,0.01616318852263702,0.015990350540111203,0.018647852907069096,0.015257976004765686,0.015609974392374895,0.019346957037331216,0.015951109491660048,0.01645420332009532,0.014221119936457504,0.009766642994440031,0.008994531660047655,0.012249991048451151,0.012324621064336773,0.015892800619539314,0.014221218895949168
Util ,0.008215257092930897,0.00813373186656076,0.00890097779189833,0.005866008228752978,0.010586163050039713,0.008959599269261315,0.010660831787132643,0.00987668535345512,0.009887467625099282,0.009817772120730737,0.009062746179507544,0.009426980158856232,0.011953551088165208,0.013909772930897539,0.009556124082605243,0.008960382033359809,0.011973310389197777,0.016902303431294674,0.01761767690230341,0.011849199030976965,0.013364545496425732,0.011765414821286735,0.013316703907863383,0.0111988997299444,0.011640519316918188,0.008869284924543286,0.014290720317712467,0.01714323602859412,0.019251038935663222,0.015118124654487685,0.014234224146147735,0.012290378602065128,0.009203955250198572,0.010615923812549643,0.012537443447180302,0.01215158339952343,0.013805733455123113,0.010983377966640192,0.012227117585385222,0.015546503304209692,0.012692300635424942,0.010734835138999208,0.012462942557585387,0.00815282969023034,0.00797685397934869,0.011193339936457505,0.00858208279586974,0.012399110849880858,0.01041110149324861
Telcm,0.011830209277204132,0.011335169777601269,0.012322463177124699,0.00930278393963463,0.013526912200158853,0.014463488848292296,0.01731498199364575,0.015009383375694995,0.015354821532962666,0.015202570142970611,0.01484619847498014,0.015315160389197778,0.020100358165210483,0.02016717135822081,0.016855968252581417,0.01385690960285941,0.017027730127084983,0.02347012714058777,0.02512986038919777,0.018216581326449557,0.020594367903097696,0.019253547315329623,0.020965245027799836,0.016416642748212865,0.016873806187450355,0.013271549753772836,0.016305165162827644,0.02236214740270056,0.02060833521048451,0.015734955893566323,0.012290378602065128,0.025512881707704528,0.014498479674344715,0.01734154235107228,0.023082771270849883,0.02215339022239873,0.02591107562351072,0.019663086123907856,0.0175859668943606,0.021096243995234316,0.019668457164416203,0.016727316648133442,0.0191310549324861,0.013389465615567907,0.010897277299444005,0.015421681818903889,0.011465403749007149,0.01896115420174742,0.014751389285146943
PerSv,0.008679235679110407,0.008365998880063542,0.00968754489277204,0.006438579872915012,0.010100018665607622,0.010829371040508339,0.0126272982446386,0.010794781405877679,0.011722724154090546,0.01144595457505957,0.010494947355043686,0.011228165313741063,0.013930632414614777,0.01462901923749007,0.010988682819698175,0.01073087856235107,0.012576870492454331,0.018393289555202544,0.0179714270293884,0.013225946822875301,0.01481289638602065,0.014188519483717237,0.01516622698173153,0.012081367005559967,0.012438193828435267,0.010331084019062747,0.01222285030976966,0.01739124462271644,0.015650433923749006,0.01178824977760127,0.009203955250198572,0.014498479674344715,0.017899341691818903,0.012817419523431293,0.015571066616362192,0.015241635083399523,0.017831099197776014,0.014040555798252584,0.013308790563939634,0.01572658499602859,0.01446807727561557,0.012317179110405084,0.014306209912629068,0.009917269269261317,0.008555342144559172,0.011742261199364574,0.009485763208895947,0.013793959634630659,0.011012355416997615
BusSv,0.010424028708498808,0.00987021433836378,0.011139790271644162,0.007417054595710881,0.010989868606830816,0.012718774830818107,0.014422644597299437,0.012510546786338363,0.013279118077839557,0.013656564692613185,0.012618034014297062,0.013573198808578235,0.017413834646544876,0.01772006363780778,0.01350560739316918,0.011840563447180302,0.015245498119142177,0.021070195237490073,0.022521240975377287,0.015984558884829227,0.018287816320889598,0.017025654637013502,0.01795630737728356,0.014837257982525812,0.0158006776076251,0.01310465610802224,0.016481991377283556,0.021014778548054013,0.019925806154090547,0.015228825845909455,0.010615923812549643,0.01734154235107228,0.012817419523431293,0.016590962929308974,0.019342020616362192,0.018633208613185064,0.021749889318506754,0.016969028883240665,0.015468857372517872,0.018311224772041303,0.0172784914471803,0.014855777328038122,0.016502370408260525,0.011776917505957111,0.00964124919459889,0.01332315715647339,0.010565248158856235,0.016343237776012706,0.01314573517077045
Hardw,0.01276156995075457,0.011440337993645749,0.012689960924543286,0.009503568937251787,0.014103597976171564,0.016587136333598096,0.018445293205718822,0.01506770026846704,0.016937430524225576,0.016606447423351864,0.01603759984749802,0.01746789719618745,0.02294573783161239,0.021747526560762506,0.01637592944082605,0.014799815687053217,0.018099204077839555,0.02506145750436855,0.026902056239872914,0.019350155458300235,0.023578201434471806,0.022155203944400317,0.022145762943606036,0.01798409857029389,0.01825767396822875,0.01563528160444798,0.018165180482922955,0.024826631266084195,0.021131602324066717,0.01616318852263702,0.012537443447180302,0.023082771270849883,0.015571066616362192,0.019342020616362192,0.0328290696918189,0.026429252087370923,0.032437796976965846,0.0236482377426529,0.018350591154884834,0.022511667486894368,0.02142416857347101,0.018765789969817315,0.020904962484511513,0.014529519880857822,0.011442557356632247,0.015826887633042092,0.012198074046068309,0.020714257077045273,0.016299698578236696
Softw,0.01205459243208896,0.01151753304686259,0.012397753134233518,0.009175407202541699,0.013927818290706906,0.015598365207307383,0.0177512628228753,0.014762064052422556,0.016198079976171564,0.016096056023828433,0.015502944171564734,0.0168784089197776,0.02194276367752184,0.0209461698014297,0.016180925618745033,0.01438787768864178,0.01752977114058777,0.024177513011914214,0.026091566730738685,0.018146835359809373,0.0223135264765687,0.020986183982525806,0.021403816246227163,0.017268911914217634,0.017874633736298644,0.01486749021445592,0.01823250939793487,0.02419731138681493,0.020960189637807783,0.015990350540111203,0.01215158339952343,0.02215339022239873,0.015241635083399523,0.018633208613185064,0.026429252087370923,0.026313640112787928,0.02961753512787927,0.022176344973788717,0.017682742570293883,0.021432375340746622,0.0206121096791104,0.017885273318506752,0.020124681836378073,0.013949383820492453,0.011266210522637014,0.015567756528991266,0.01193820160127085,0.019978187275615567,0.015484618308181097
Chips,0.014304783332803812,0.013076639950754565,0.014271598497220013,0.0104598264050834,0.016161292934074662,0.01827525260365369,0.020752873980937253,0.01686222944082605,0.019234885186656076,0.018574066673550434,0.017870703396346305,0.0193721177680699,0.025393717100873712,0.02511431490071485,0.019185910756155677,0.01694224455123114,0.020559819299444008,0.028032367550436855,0.03090350411596506,0.02176542892295473,0.02720020578395552,0.025492980811755356,0.02540419522001589,0.020538172756155677,0.021333040096902303,0.017829083478951544,0.023031851815726766,0.028394966535345508,0.0242196924559174,0.018647852907069096,0.013805733455123113,0.02591107562351072,0.017831099197776014,0.021749889318506754,0.032437796976965846,0.02961753512787927,0.039206121968228744,0.027308490505162833,0.02068922551866561,0.02506849207466243,0.024195461888800642,0.02137115520571882,0.023268491768069895,0.016016005869737882,0.012942660543288322,0.01779842801429706,0.01368209176171565,0.02330355693407466,0.018113594320889596
LabEq,0.011261815148530582,0.01036572486576648,0.011648877741064333,0.008301980673550435,0.012294117035742652,0.01431171110087371,0.01608094455440826,0.013424299906274818,0.014648634400317712,0.014766405269261314,0.014158788333598092,0.01544938491660048,0.02027399196981732,0.019617242239872917,0.014860482934074661,0.013533755575853852,0.016276828217633037,0.022055083734710084,0.02436828881175536,0.016880015137410644,0.020851908033359807,0.019454068637013506,0.020029492322478155,0.016323330023828436,0.016618227969817313,0.013805095424940428,0.018683019993645755,0.02289215297537728,0.02025963797776013,0.015257976004765686,0.010983377966640192,0.019663086123907856,0.014040555798252584,0.016969028883240665,0.0236482377426529,0.022176344973788717,0.027308490505162833,0.024290726054011117,0.01656312894042891,0.019917126142970608,0.018992396430500397,0.01643757949801429,0.018256000088959494,0.01278450593328038,0.010113533413820491,0.013987096370135026,0.010804996994440031,0.018186430675139,0.013758772160444795
