,Agric,Food ,Soda ,Beer ,Smoke,Toys ,Fun  ,Books,Hshld,Clths,Hlth ,MedEq,Drugs,Chems,Rubbr,Txtls,BldMt,Cnstr,Steel,FabPr,Mach ,ElcEq,Autos,Aero ,Ships,Guns ,Gold ,Mines,Coal ,Oil  ,Util ,Telcm,PerSv,BusSv,Hardw,Softw,Chips,LabEq,Paper,Boxes,Trans,Whlsl,Rtail,Meals,Banks,Insur,RlEst,Fin  ,Other
Agric,0.05533809632406672,0.021892061118347895,0.02352193967275615,0.01250052385067514,0.02025743166004765,0.021725900311358223,0.028783740371723585,0.02930771148848292,0.025136128708498805,0.025883390173153296,0.022020658846703726,0.023499274617950757,0.02531808972200159,0.035518002757744235,0.02627445540905481,0.022360939043685465,0.031156736101667977,0.04604881307704527,0.04613845775694996,0.04019260249086575,0.03687959858935664,0.03135799723272439,0.035607231907863385,0.028769424810166793,0.03396725046862589,0.02687022564257347,0.03495172593169182,0.04320933525655281,0.05845332752978555,0.04191677301350277,0.023971912861000793,0.03182111445274027,0.0276338448228753,0.02614448545830024,0.03062940031453535,0.028056547501191423,0.030459907729944405,0.026362115780778395,0.03510112296743447,0.033618178160444795,0.031253594773629864,0.02771390115965052,0.03187866532803813,0.026230315510722794,0.02243472833995234,0.031550864101667984,0.030708457391580624,0.036322308895949174,0.02715509873232724
Food ,0.021892061118347895,0.024813316935663226,0.022495793607625103,0.01535305073232724,0.019714567283558384,0.021866159362986498,0.028049618246227162,0.027115435477362983,0.023372978797458296,0.026539655394757743,0.02115646000953137,0.02111119985385226,0.02412568012708499,0.03247471875138999,0.026970965798252575,0.020181559971405878,0.028022024851469422,0.03839321511993646,0.04184729038443208,0.03484006662748214,0.03277113613661636,0.02889744258459094,0.03509421308816521,0.02761490779507547,0.03137116860206513,0.024669313857029387,0.02979604848451152,0.035785974544876885,0.04782138795869737,0.035914950020651294,0.02263569229388403,0.030218315857029387,0.02647447938681493,0.024827416606830816,0.027519061313741062,0.026005067923749,0.02761780664654488,0.02423404660206513,0.03229915461795076,0.032499193642573455,0.02957397625893566,0.025809692501985698,0.029921282487688636,0.025155042209690233,0.02033114580619539,0.030527529242255765,0.028872735030976964,0.03271345206513106,0.02530538660524226
Soda ,0.02352193967275615,0.022495793607625103,0.061189661788721206,0.019554952718030184,0.02190904981731533,0.025972242039714058,0.029586385569499597,0.02827916928991264,0.025294775961874506,0.02664068336139793,0.023480048508339946,0.023982606748212863,0.027131998951548844,0.03585779034789515,0.029250370611596497,0.021822645896743452,0.02963233468467037,0.041952878678316124,0.04507824494360603,0.03647508869261318,0.034805929671167586,0.030477229407466243,0.03660634783796664,0.03001356036854646,0.03344012393963463,0.023976431212073074,0.027343615084988088,0.03851355595869736,0.04950972619539318,0.03904432874980143,0.026036699100873716,0.03259565663542494,0.02764825681334393,0.02644383238125496,0.029996389280381255,0.02803028766957903,0.03016203844956314,0.025944473702938835,0.03347183970135028,0.034668503936457505,0.03192485534551231,0.028147045115170768,0.03185892844479745,0.02630080876250993,0.021452226338363783,0.0336467765019857,0.03193073186973788,0.03573276775218427,0.02596012786020651
Beer ,0.01250052385067514,0.01535305073232724,0.019554952718030184,0.03603762105798252,0.015515326608419379,0.01814881748054011,0.02045778753931692,0.01807609056076251,0.01658082269737887,0.019941591002382842,0.014562539628276406,0.014618653706115963,0.01693596066719619,0.022914990443208893,0.018638089849086572,0.013569152139793489,0.019480155812549638,0.026459995310563943,0.029601502227164407,0.023047117477362985,0.023351373579030974,0.019723911726767268,0.025272188664019063,0.020224490440031766,0.021792452168387613,0.01652169577124702,0.021923367269261314,0.025120650223987292,0.03197218789515487,0.02639727553296267,0.01828168578872121,0.021947693204130266,0.019166351618745033,0.017215458147736302,0.01980164399046862,0.018662434770452742,0.020181127853852263,0.0175322288101668,0.023257341464654486,0.022107044015885625,0.021185962827640986,0.01869417092930897,0.02151074178872121,0.018888979310563936,0.013822311231135821,0.022447136787926928,0.020987296413026206,0.022895589388403494,0.01784164477839555
Smoke,0.02025743166004765,0.019714567283558384,0.02190904981731533,0.015515326608419379,0.06455625346306593,0.022643403629864972,0.02608084563939635,0.025169995639396342,0.02099874274027005,0.025647831302621125,0.01991346751389992,0.019811706243050037,0.022884730293884038,0.03120278260524225,0.024918008212867354,0.018876708482922954,0.026309201397934863,0.035900582096902306,0.04001305597299444,0.0332265011437649,0.03185401612390786,0.027697362899126287,0.032254570555996814,0.026435572954725976,0.02896819521048452,0.02350858645750596,0.028891299404289115,0.03271022671961874,0.045716863606036544,0.036262177299444004,0.0242741147974583,0.02830412892772042,0.02527417234312946,0.022274044019062744,0.026782835830023822,0.024732103558379664,0.02673418637013503,0.022694716505162825,0.03231308247815726,0.03338011397934868,0.028616430031771247,0.024328295266084196,0.027936895329626683,0.022327092366957898,0.019956455337569498,0.03086312910246227,0.02771682228752978,0.03167211730738681,0.023697485019857027
Toys ,0.021725900311358223,0.021866159362986498,0.025972242039714058,0.01814881748054011,0.022643403629864972,0.04548863830182685,0.03326932491501192,0.027530460424146135,0.02601705692930898,0.02959392292136616,0.023994808806989676,0.02408527236219222,0.028275957045274032,0.035624447729944414,0.02913088443208897,0.023187113706115963,0.03257410207466243,0.04424067962192216,0.04694123646227164,0.03915918322160444,0.03680313906592533,0.03290249388880063,0.03950170845274027,0.030423511918983324,0.0352700990548054,0.027962173116759335,0.0356682363923749,0.04019602996664018,0.05185902633836378,0.04033277166322478,0.02460930235266084,0.0344556827132645,0.02870426383796664,0.027686709652104843,0.03270125625575854,0.02963854395869736,0.03283222528355838,0.02867409751231136,0.03650714002859412,0.03714111997140587,0.03362139656076251,0.029622350897537723,0.03398591093566322,0.02826680422398729,0.022525311111993646,0.03466021439555203,0.03354310191898332,0.03693689136616362,0.028771382989674344
Fun  ,0.028783740371723585,0.028049618246227162,0.029586385569499597,0.02045778753931692,0.02608084563939635,0.03326932491501192,0.05121693311517077,0.03916100142652899,0.034480510084193804,0.03925825821445592,0.029645184012708495,0.030138647828435266,0.03467464022239873,0.04533480057823669,0.036681020365369334,0.030082914840349483,0.04070749255599682,0.05712290323749007,0.058359096365369324,0.048963385563145355,0.045916341585385226,0.04047919196505161,0.05170933428752978,0.03817466630976966,0.04442951073868149,0.03396697229229547,0.04059375791262907,0.05162149686417791,0.06510103415409053,0.04749227210166801,0.028655964184273235,0.04410476751707704,0.03823570793328039,0.03546898656711677,0.040706953617156476,0.03686599165687053,0.04079496709134234,0.035097267285146935,0.04767109549166004,0.04489163499285146,0.04346278149324861,0.036479170389197776,0.045019816546465447,0.038460128778395546,0.029574273312152503,0.04229314914694203,0.04217073790627481,0.0471149015567911,0.03634992652581415
Books,0.02930771148848292,0.027115435477362983,0.02827916928991264,0.01807609056076251,0.025169995639396342,0.027530460424146135,0.03916100142652899,0.05452148260365369,0.03321018315965052,0.036601113316918184,0.028251254182684673,0.027960287504368544,0.03197047053216838,0.04359724743764892,0.03613062200158856,0.028534020438443202,0.037909835094519465,0.0545036872660842,0.05413112443367751,0.045177371828435266,0.04412840138840349,0.03733538176489277,0.049400187254964256,0.036949703814138195,0.043342189586973785,0.032405543890389195,0.03513113814614774,0.04581842809849086,0.060469513391580625,0.044585794589356624,0.0284278609324861,0.0416146126703733,0.0372329164765687,0.0343297299793487,0.037383460446386026,0.0351958716028594,0.0369942303288324,0.03245378962351072,0.045671783599682284,0.044199067472597296,0.041090858816521046,0.03462244455917393,0.04324720263383637,0.03548481593804607,0.03006718505957109,0.04254146953772835,0.04129050558538523,0.04500417386020651,0.03418374580460683
Hshld,0.025136128708498805,0.023372978797458296,0.025294775961874506,0.01658082269737887,0.02099874274027005,0.02601705692930898,0.034480510084193804,0.03321018315965052,0.03744680613026211,0.032760997320095304,0.02465483349960286,0.02491751260365369,0.028829460810166803,0.03912194599205719,0.03169871185067513,0.025317807412231927,0.03385532141699762,0.04846155049086577,0.04928639359968228,0.040725220946783165,0.038977603834789515,0.03433525919142176,0.04288785959809372,0.03220627480698967,0.03810141643367752,0.028621095598093723,0.03484791088641779,0.04205024280857824,0.05405826481334392,0.039556234779984115,0.02508207545194599,0.03580494582366958,0.03144271622239873,0.02980017318824463,0.03400072640349484,0.03145750922001589,0.034223432711675925,0.029507731863383638,0.03968424120095313,0.03899546200794281,0.036298963915806184,0.03101430838760922,0.0378246658903892,0.03135876558061954,0.024982799547259727,0.03551767042732326,0.03473363486258936,0.03925323772041302,0.030188633461477363
Clths,0.025883390173153296,0.026539655394757743,0.02664068336139793,0.019941591002382842,0.025647831302621125,0.02959392292136616,0.03925825821445592,0.036601113316918184,0.032760997320095304,0.04589999054964257,0.027188323615567906,0.02707177713741064,0.03063532861000794,0.042211948965845916,0.03503873828435266,0.028488764006354243,0.038152023993645756,0.05444877934551231,0.0540741216791104,0.04628485684193803,0.043536713166004756,0.03768902634948372,0.048325267830023826,0.03713736638125496,0.04345401562351073,0.031188028265289908,0.03646365058141381,0.04471834861953932,0.059893152533756946,0.04348185410325654,0.02782037505798253,0.04026941024940429,0.035762565645750595,0.032635184644956315,0.03698653562668784,0.03480901823351867,0.03724897204765687,0.03218609133598094,0.0454102566671962,0.04338967046544877,0.04121103948371724,0.03462154498808579,0.044693304219221595,0.036036101494837165,0.02786221665607624,0.0405686285909452,0.0401398572867355,0.04484706731532962,0.03323762828911835
Hlth ,0.022020658846703726,0.02115646000953137,0.023480048508339946,0.014562539628276406,0.01991346751389992,0.023994808806989676,0.029645184012708495,0.028251254182684673,0.02465483349960286,0.027188323615567906,0.0292235690166799,0.02433382282446386,0.027404649531374104,0.034271684708498805,0.027428824590945183,0.022191553378872117,0.029548364295472602,0.04131090060047656,0.04375858384749801,0.03731210508657664,0.03472006803494837,0.030342276270055597,0.03698410345353454,0.028162260575059567,0.03234413235901509,0.026283268352660837,0.03189675405242256,0.03794488574424145,0.049867826020651304,0.03831039680381254,0.023212450840349483,0.03247401676250992,0.02805646431135822,0.02670266326290707,0.030286016698967428,0.028307615866560755,0.030742930713264494,0.027137204155679103,0.03439820507069102,0.034834747717235895,0.031159310023828445,0.027765818459094524,0.031605771335980935,0.026034706617950754,0.02104642589356632,0.0319309365019857,0.031116968216044476,0.03365431364575059,0.027055848654487683
MedEq,0.023499274617950757,0.02111119985385226,0.023982606748212863,0.014618653706115963,0.019811706243050037,0.02408527236219222,0.030138647828435266,0.027960287504368544,0.02491751260365369,0.02707177713741064,0.02433382282446386,0.02859166860047657,0.02915922624305003,0.034803809804606824,0.027506964257347093,0.02268469626052423,0.02985913879586974,0.04095221055440826,0.0447012730675139,0.036680140422557586,0.03513674844162033,0.03165709854805401,0.03630150711993647,0.028709621280381247,0.03296370833995234,0.026882953810961077,0.032939959758538515,0.04000820280857823,0.05262463958697378,0.03909999520889594,0.02303688630976966,0.03289526455281969,0.02822738908975377,0.02749927055123113,0.031454168158856224,0.02943909516123908,0.03220873288641778,0.028272361315329616,0.03361166579189834,0.033522165026211276,0.03139659860206514,0.02811744943606036,0.031525501839555194,0.02638923343606036,0.02089313585385226,0.031051355399523417,0.029924923138999207,0.034126315710881656,0.02724918847339158
Drugs,0.02531808972200159,0.02412568012708499,0.027131998951548844,0.01693596066719619,0.022884730293884038,0.028275957045274032,0.03467464022239873,0.03197047053216838,0.028829460810166803,0.03063532861000794,0.027404649531374104,0.02915922624305003,0.03880730802223987,0.040476620492454325,0.03192746087370929,0.0250240010802224,0.03424522484511517,0.04728062859412232,0.05115093607625098,0.04186693200953138,0.04025835926926131,0.03687847386814932,0.04159852413026211,0.03309695523431294,0.03738187424940429,0.031642830976965845,0.038721622208101665,0.045409041588562356,0.05835960200158855,0.04435420670373313,0.026601985639396343,0.03816426509928515,0.03151455212073073,0.03180990300238284,0.036568243749007155,0.03419388629070691,0.03764271488482923,0.0328163589197776,0.037996161493248616,0.03880072041302621,0.03676307714058777,0.03213113461477363,0.035971890548054004,0.02984139078633836,0.02379124679904686,0.03524955650516282,0.03391294760921366,0.03900251742652899,0.030876549388403493
Chems,0.035518002757744235,0.03247471875138999,0.03585779034789515,0.022914990443208893,0.03120278260524225,0.035624447729944414,0.04533480057823669,0.04359724743764892,0.03912194599205719,0.042211948965845916,0.034271684708498805,0.034803809804606824,0.040476620492454325,0.06304861896108022,0.04385463091342335,0.033740622570293886,0.04673724850833995,0.06606466810484511,0.07540379713741065,0.0601303962319301,0.05715147322001588,0.049072701156473386,0.0580383361810961,0.046260610862589355,0.05295597780778396,0.03983049522160445,0.0619801857887212,0.0690862362573471,0.09365882802223985,0.06731246553137411,0.037588947904686254,0.04974619337251787,0.04170617085941223,0.041030828810166786,0.04658677378554407,0.043336956905480534,0.04790367322637013,0.04110233354090548,0.05399735079904685,0.055715408819698164,0.04911599820492454,0.04370498039714058,0.04836214726608419,0.04001369174583002,0.03246680592533757,0.048748669598093715,0.04649278482605241,0.05314998498808577,0.04196005520571882
Rubbr,0.02627445540905481,0.026970965798252575,0.029250370611596497,0.018638089849086572,0.024918008212867354,0.02913088443208897,0.036681020365369334,0.03613062200158856,0.03169871185067513,0.03503873828435266,0.027428824590945183,0.027506964257347093,0.03192746087370929,0.04385463091342335,0.05238885315329626,0.02759051383637808,0.037359998284352665,0.05109544108022239,0.05580169355043686,0.04633854643367752,0.04412248482922955,0.03863644891183479,0.04717042222398729,0.0371228445909452,0.04240734711675932,0.032910439761715635,0.036583210563939636,0.04719796648133438,0.06126333045274027,0.04697317922160445,0.02943897285146942,0.04068195193010326,0.03508705982525814,0.03328553016679904,0.03735161803018268,0.035072080794281174,0.037165644066719614,0.032772075901509136,0.044396511008737094,0.044114860111199354,0.040310554996028584,0.03483784527402701,0.04027310516282764,0.03274838768864177,0.027101568943606037,0.0402065023669579,0.03847201096108022,0.043119870198570304,0.03372592625893566
Txtls,0.022360939043685465,0.020181559971405878,0.021822645896743452,0.013569152139793489,0.018876708482922954,0.023187113706115963,0.030082914840349483,0.028534020438443202,0.025317807412231927,0.028488764006354243,0.022191553378872117,0.02268469626052423,0.0250240010802224,0.033740622570293886,0.02759051383637808,0.04635312178554407,0.030281993944400315,0.04284481673709293,0.043908304676727565,0.03654034945830023,0.034468743377283555,0.02964488535980938,0.0360951047466243,0.0281769804511517,0.033702710198570296,0.025800031685464648,0.030960961051628277,0.03877665396664018,0.04783941826846702,0.036539426903891975,0.021567130195393167,0.03118866437490072,0.02736363286417792,0.025899892911834792,0.02975272729785544,0.02773135259094519,0.029820785842732327,0.02630431420492454,0.03541183406513105,0.033651882408260524,0.030920197855440826,0.027454202668784747,0.03233679576171564,0.027073506500397138,0.02177677463065925,0.031928808635424945,0.030562945868149317,0.03386156710087371,0.026996703853852264
BldMt,0.031156736101667977,0.028022024851469422,0.02963233468467037,0.019480155812549638,0.026309201397934863,0.03257410207466243,0.04070749255599682,0.037909835094519465,0.03385532141699762,0.038152023993645756,0.029548364295472602,0.02985913879586974,0.03424522484511517,0.04673724850833995,0.037359998284352665,0.030281993944400315,0.04554482734868942,0.06010556694519459,0.06205987092613186,0.051413356899126295,0.048106286913423356,0.04170770126767276,0.050732292829229544,0.03944598101350278,0.04608782309769658,0.03470449647656871,0.045698109490071484,0.05474079476409848,0.07217270173153295,0.05306916338681494,0.03134780234471803,0.0423695195361398,0.037065318881652105,0.03553132606195393,0.04004752979825259,0.036983595507545666,0.040156595132644954,0.03504545423987292,0.047631114484511516,0.04702391455440827,0.04351421254964257,0.03740148667196188,0.04369124829864972,0.0358668901096108,0.02932452924543288,0.04269984939158062,0.04240589316600476,0.04651703968228752,0.03628644141699761
Cnstr,0.04604881307704527,0.03839321511993646,0.041952878678316124,0.026459995310563943,0.035900582096902306,0.04424067962192216,0.05712290323749007,0.0545036872660842,0.04846155049086577,0.05444877934551231,0.04131090060047656,0.04095221055440826,0.04728062859412232,0.06606466810484511,0.05109544108022239,0.04284481673709293,0.06010556694519459,0.10737496616997617,0.08673305567275616,0.07146347338522635,0.06744261411278794,0.057781076482922945,0.07146575596822877,0.05411028143923747,0.0646427725019857,0.04782191084034949,0.06618842280857824,0.07857933415091342,0.1040921802700556,0.07449359984749802,0.04189466427640984,0.059629744393963464,0.052117157509134225,0.04972796389515488,0.055924582789515495,0.051782234954725954,0.05628881692136614,0.048603471212073056,0.06590232120095313,0.06575422211914217,0.06232200262112788,0.05158367227958697,0.06415900716123908,0.05211392943288324,0.04381425364575058,0.06084273068149326,0.061568941725178704,0.06752758517871325,0.05052206110246228
Steel,0.04613845775694996,0.04184729038443208,0.04507824494360603,0.029601502227164407,0.04001305597299444,0.04694123646227164,0.058359096365369324,0.05413112443367751,0.04928639359968228,0.0540741216791104,0.04375858384749801,0.0447012730675139,0.05115093607625098,0.07540379713741065,0.05580169355043686,0.043908304676727565,0.06205987092613186,0.08673305567275616,0.11240708273073861,0.08166622531215247,0.07586368439396346,0.06471650091977761,0.07415627919459888,0.06066247920413027,0.0699303432327244,0.053470883734710095,0.09292688874821287,0.09994364764416204,0.1373634904527403,0.09600943276568703,0.0487376417045274,0.06358662570929309,0.05294614411119936,0.052824634309769664,0.06050118255599683,0.05577194869896745,0.061597295961874514,0.05281777085305797,0.06933394615409055,0.07176208582366957,0.0631669974980143,0.05739744147736297,0.061312459987291505,0.05084139573788719,0.039791358752978546,0.06111108928673551,0.0605990023415409,0.06774362367752185,0.05461476450516282
FabPr,0.04019260249086575,0.03484006662748214,0.03647508869261318,0.023047117477362985,0.0332265011437649,0.03915918322160444,0.048963385563145355,0.045177371828435266,0.040725220946783165,0.04628485684193803,0.03731210508657664,0.036680140422557586,0.04186693200953138,0.0601303962319301,0.04633854643367752,0.03654034945830023,0.051413356899126295,0.07146347338522635,0.08166622531215247,0.09984298440667196,0.062253981216838755,0.05368944408895948,0.06341807211755361,0.05054481063383638,0.05725374953137412,0.04353921294042892,0.06652966910563939,0.07290875982843527,0.10380884339952341,0.07385243872279584,0.03894129086258936,0.05271476791739475,0.04520114581096109,0.04396558444479745,0.0507402124765687,0.04620773514853057,0.050682814913423344,0.0433315366036537,0.05808303635266084,0.05883475554567117,0.05197980386020651,0.0472686016203336,0.052045570122319286,0.042973960289118346,0.034134455266084184,0.05090117429070691,0.05144632550277999,0.05692409637807784,0.04562103046227164
Mach ,0.03687959858935664,0.03277113613661636,0.034805929671167586,0.023351373579030974,0.03185401612390786,0.03680313906592533,0.045916341585385226,0.04412840138840349,0.038977603834789515,0.043536713166004756,0.03472006803494837,0.03513674844162033,0.04025835926926131,0.05715147322001588,0.04412248482922955,0.034468743377283555,0.048106286913423356,0.06744261411278794,0.07586368439396346,0.062253981216838755,0.06162879238125497,0.05011848340905481,0.0589889698522637,0.04684386202700555,0.0545683441302621,0.04164445660683081,0.06246230055281969,0.06903654228435266,0.09448560619539319,0.06962042230976966,0.03756148197299444,0.05016291570452741,0.042448591281969816,0.04182791595234313,0.04854647403653693,0.0447793780841938,0.0496922559364575,0.04233229783637806,0.05454084440984908,0.05464501303256551,0.0490422503415409,0.04404715596505162,0.049105912355837965,0.04051945394440032,0.03229803397934869,0.04852514126131851,0.04808815058935663,0.05404761272438443,0.042614204104845115
ElcEq,0.03135799723272439,0.02889744258459094,0.030477229407466243,0.019723911726767268,0.027697362899126287,0.03290249388880063,0.04047919196505161,0.03733538176489277,0.03433525919142176,0.03768902634948372,0.030342276270055597,0.03165709854805401,0.03687847386814932,0.049072701156473386,0.03863644891183479,0.02964488535980938,0.04170770126767276,0.057781076482922945,0.06471650091977761,0.05368944408895948,0.05011848340905481,0.0504649823335981,0.050390066978554415,0.040371778759332795,0.04608040857029388,0.03712975615726766,0.04767044679428116,0.057310015428117554,0.07695291326449562,0.056868340978554394,0.0313544671056394,0.044674079752184265,0.037718451783955505,0.0369392883208896,0.04328547029229546,0.040218595339158066,0.04445689990150913,0.037780656349483716,0.046955663898332,0.047413355148530574,0.043375796052422554,0.0386597116918189,0.04288342662748213,0.03532964611119936,0.02891388655281969,0.04283511054169976,0.04152969111040508,0.04756553575059572,0.03753940834948371
Autos,0.035607231907863385,0.03509421308816521,0.03660634783796664,0.025272188664019063,0.032254570555996814,0.03950170845274027,0.05170933428752978,0.049400187254964256,0.04288785959809372,0.048325267830023826,0.03698410345353454,0.03630150711993647,0.04159852413026211,0.0580383361810961,0.04717042222398729,0.0360951047466243,0.050732292829229544,0.07146575596822877,0.07415627919459888,0.06341807211755361,0.0589889698522637,0.050390066978554415,0.07501421135980937,0.0492713175107228,0.05786814550436855,0.04344824901826846,0.0573972549150119,0.06415562929944399,0.08415716854646546,0.06042393194916601,0.037022211455123105,0.053586618662430495,0.046744412368546456,0.044029401121525015,0.04980536583478952,0.0455759645146942,0.04995174572835584,0.04392353055440825,0.06090241904368547,0.05869219831930103,0.05456690547259729,0.04627164081016679,0.055804998052422554,0.046312085780778396,0.03624725630659253,0.05307729356949959,0.051428970671961866,0.0582894589277204,0.04506471785861794
Aero ,0.028769424810166793,0.02761490779507547,0.03001356036854646,0.020224490440031766,0.026435572954725976,0.030423511918983324,0.03817466630976966,0.036949703814138195,0.03220627480698967,0.03713736638125496,0.028162260575059567,0.028709621280381247,0.03309695523431294,0.046260610862589355,0.0371228445909452,0.0281769804511517,0.03944598101350278,0.05411028143923747,0.06066247920413027,0.05054481063383638,0.04684386202700555,0.040371778759332795,0.0492713175107228,0.05666280562192215,0.04456335432088959,0.03630515166163621,0.04134750768387609,0.051391595602859406,0.06907470957903099,0.049732603313741054,0.03125688027482128,0.04094380721842733,0.03482096276092137,0.033914890386020656,0.03907051275456711,0.03623080671326449,0.03944195750277999,0.03396161488800636,0.04555612362827641,0.04574586126449563,0.042659945679110405,0.036718396679904695,0.042399055634630665,0.03475708183796665,0.02759101250992851,0.04170497093884034,0.039644379402700554,0.045882813637807794,0.034223294036536935
Ships,0.03396725046862589,0.03137116860206513,0.03344012393963463,0.021792452168387613,0.02896819521048452,0.0352700990548054,0.04442951073868149,0.043342189586973785,0.03810141643367752,0.04345401562351073,0.03234413235901509,0.03296370833995234,0.03738187424940429,0.05295597780778396,0.04240734711675932,0.033702710198570296,0.04608782309769658,0.0646427725019857,0.0699303432327244,0.05725374953137412,0.0545683441302621,0.04608040857029388,0.05786814550436855,0.04456335432088959,0.07502784787132644,0.03993876375694997,0.05295511571882446,0.06138134424146147,0.0825474016203336,0.059511436902303406,0.034172243264495625,0.0476290841938046,0.04144441015091342,0.03937048481334392,0.04426840960285941,0.041357113153296265,0.04450342779984114,0.03850404835583796,0.05356484419380461,0.05253400223987291,0.05009816040508341,0.04243323712470214,0.049038410277998414,0.04094991795869739,0.0320752338443209,0.04714868881652105,0.04734097329626688,0.0517449653296267,0.04095290055599681
Guns ,0.02687022564257347,0.024669313857029387,0.023976431212073074,0.01652169577124702,0.02350858645750596,0.027962173116759335,0.03396697229229547,0.032405543890389195,0.028621095598093723,0.031188028265289908,0.026283268352660837,0.026882953810961077,0.031642830976965845,0.03983049522160445,0.032910439761715635,0.025800031685464648,0.03470449647656871,0.04782191084034949,0.053470883734710095,0.04353921294042892,0.04164445660683081,0.03712975615726766,0.04344824901826846,0.03630515166163621,0.03993876375694997,0.07570220444638599,0.038658397304209696,0.0468909337378872,0.06371083891977758,0.046430199418586185,0.02612057343447179,0.03765481464019063,0.03204001693725178,0.03175975730262113,0.035669890692613185,0.03279909864019062,0.03609235264813344,0.03141048153772836,0.04012081012867355,0.04025608806036537,0.036822122231930106,0.03251856957903097,0.03512348876568705,0.030707808281175534,0.024611666330420973,0.035957231062748216,0.03458826081969817,0.03959359873709292,0.031102157369340744
Gold ,0.03495172593169182,0.02979604848451152,0.027343615084988088,0.021923367269261314,0.028891299404289115,0.0356682363923749,0.04059375791262907,0.03513113814614774,0.03484791088641779,0.03646365058141381,0.03189675405242256,0.032939959758538515,0.038721622208101665,0.0619801857887212,0.036583210563939636,0.030960961051628277,0.045698109490071484,0.06618842280857824,0.09292688874821287,0.06652966910563939,0.06246230055281969,0.04767044679428116,0.0573972549150119,0.04134750768387609,0.05295511571882446,0.038658397304209696,0.25857929348848285,0.11914377552978551,0.1429040704050834,0.10001508914694203,0.039662484621127876,0.04554004395869738,0.0336572039618745,0.03796927665448768,0.04420856194916598,0.03994276358697379,0.048050248870532164,0.04070987865925338,0.05091036141699761,0.05258907999682287,0.038305925377283556,0.042482196648133436,0.03873325211437648,0.03176719094678315,0.02412810226370135,0.04071737241938045,0.04253955171088164,0.04903980448768864,0.0391113156918189
Mines,0.04320933525655281,0.035785974544876885,0.03851355595869736,0.025120650223987292,0.03271022671961874,0.04019602996664018,0.05162149686417791,0.04581842809849086,0.04205024280857824,0.04471834861953932,0.03794488574424145,0.04000820280857823,0.045409041588562356,0.0690862362573471,0.04719796648133438,0.03877665396664018,0.05474079476409848,0.07857933415091342,0.09994364764416204,0.07290875982843527,0.06903654228435266,0.057310015428117554,0.06415562929944399,0.051391595602859406,0.06138134424146147,0.0468909337378872,0.11914377552978551,0.12416935519618745,0.1392303969817315,0.09787633612073074,0.04318351565369341,0.055094533553613975,0.04414824242096902,0.046354100880063545,0.05229743474503573,0.048425968241461476,0.054574507234312945,0.04675524498173152,0.059557301655281954,0.06199778063224781,0.052702174011119915,0.05055273788721207,0.05049974769817315,0.0422718069197776,0.03320517798252582,0.05089405993328038,0.050711870583002375,0.058994043780778396,0.04821015473868149
Coal ,0.05845332752978555,0.04782138795869737,0.04950972619539318,0.03197218789515487,0.045716863606036544,0.05185902633836378,0.06510103415409053,0.060469513391580625,0.05405826481334392,0.059893152533756946,0.049867826020651304,0.05262463958697378,0.05835960200158855,0.09365882802223985,0.06126333045274027,0.04783941826846702,0.07217270173153295,0.1040921802700556,0.1373634904527403,0.10380884339952341,0.09448560619539319,0.07695291326449562,0.08415716854646546,0.06907470957903099,0.0825474016203336,0.06371083891977758,0.1429040704050834,0.1392303969817315,0.256030917426529,0.15074035129467828,0.0629598302144559,0.07181065658459096,0.05875512991262905,0.05989578424146148,0.06699545232724384,0.06156173995234313,0.06802741258141383,0.058799091564733924,0.07850312044479743,0.08060647901509134,0.06671553864972199,0.06698599606036537,0.06588694036536932,0.054076993963463056,0.041381448705321684,0.0683490619539317,0.07177213687053217,0.07575294528991262,0.064697258649722
Oil  ,0.04191677301350277,0.035914950020651294,0.03904432874980143,0.02639727553296267,0.036262177299444004,0.04033277166322478,0.04749227210166801,0.044585794589356624,0.039556234779984115,0.04348185410325654,0.03831039680381254,0.03909999520889594,0.04435420670373313,0.06731246553137411,0.04697317922160445,0.036539426903891975,0.05306916338681494,0.07449359984749802,0.09600943276568703,0.07385243872279584,0.06962042230976966,0.056868340978554394,0.06042393194916601,0.049732603313741054,0.059511436902303406,0.046430199418586185,0.10001508914694203,0.09787633612073074,0.15074035129467828,0.12157375593963463,0.049612419701350274,0.05423019837331215,0.04407156945512312,0.04457541568228753,0.05007648588721207,0.04610422793328037,0.05074947595234313,0.0440043775822081,0.05759249365528197,0.05965018408895948,0.04750861285146943,0.049461156409849084,0.04738420115647338,0.03910368851151707,0.03158337726767276,0.05214298834630658,0.05347200425099284,0.0560642023669579,0.04765119775059571
Util ,0.023971912861000793,0.02263569229388403,0.026036699100873716,0.01828168578872121,0.0242741147974583,0.02460930235266084,0.028655964184273235,0.0284278609324861,0.02508207545194599,0.02782037505798253,0.023212450840349483,0.02303688630976966,0.026601985639396343,0.037588947904686254,0.02943897285146942,0.021567130195393167,0.03134780234471803,0.04189466427640984,0.0487376417045274,0.03894129086258936,0.03756148197299444,0.0313544671056394,0.037022211455123105,0.03125688027482128,0.034172243264495625,0.02612057343447179,0.039662484621127876,0.04318351565369341,0.0629598302144559,0.049612419701350274,0.034697013710881644,0.033304172816521045,0.0281083240127085,0.026517342344718035,0.029618404881652106,0.02793423990786338,0.029523602821286736,0.025848269839555203,0.035898001537728354,0.037990795364575065,0.03151195392374902,0.0286915495949166,0.03180760097537729,0.025469026050833996,0.021882476640190624,0.03498285912946782,0.03245522566799047,0.03545669536934074,0.028275792711675934
Telcm,0.03182111445274027,0.030218315857029387,0.03259565663542494,0.021947693204130266,0.02830412892772042,0.0344556827132645,0.04410476751707704,0.0416146126703733,0.03580494582366958,0.04026941024940429,0.03247401676250992,0.03289526455281969,0.03816426509928515,0.04974619337251787,0.04068195193010326,0.03118866437490072,0.0423695195361398,0.059629744393963464,0.06358662570929309,0.05271476791739475,0.05016291570452741,0.044674079752184265,0.053586618662430495,0.04094380721842733,0.0476290841938046,0.03765481464019063,0.04554004395869738,0.055094533553613975,0.07181065658459096,0.05423019837331215,0.033304172816521045,0.05192220489912628,0.03997913307069103,0.03830262317394758,0.04482776305639396,0.041329464362192224,0.04509679270532167,0.038371846913423345,0.049663671745830015,0.049339472177918973,0.04557881299444003,0.0394176538522637,0.04631178778713264,0.03823634870849881,0.030917097378872112,0.046500153416997626,0.043950001753772824,0.050143555138999193,0.038538051621922156
PerSv,0.0276338448228753,0.02647447938681493,0.02764825681334393,0.019166351618745033,0.02527417234312946,0.02870426383796664,0.03823570793328039,0.0372329164765687,0.03144271622239873,0.035762565645750595,0.02805646431135822,0.02822738908975377,0.03151455212073073,0.04170617085941223,0.03508705982525814,0.02736363286417792,0.037065318881652105,0.052117157509134225,0.05294614411119936,0.04520114581096109,0.042448591281969816,0.037718451783955505,0.046744412368546456,0.03482096276092137,0.04144441015091342,0.03204001693725178,0.0336572039618745,0.04414824242096902,0.05875512991262905,0.04407156945512312,0.0281083240127085,0.03997913307069103,0.04499302251945989,0.03311138445750596,0.03703863100555997,0.03471284656393963,0.03709322398093725,0.03227788969658459,0.04432283693089752,0.04249700370452741,0.03981580961080222,0.03407628838760921,0.04142748518506752,0.034153232683081805,0.02776290190627482,0.04072157244162033,0.039810131513899914,0.043542430865766486,0.03303331283876092
BusSv,0.02614448545830024,0.024827416606830816,0.02644383238125496,0.017215458147736302,0.022274044019062744,0.027686709652104843,0.03546898656711677,0.0343297299793487,0.02980017318824463,0.032635184644956315,0.02670266326290707,0.02749927055123113,0.03180990300238284,0.041030828810166786,0.03328553016679904,0.025899892911834792,0.03553132606195393,0.04972796389515488,0.052824634309769664,0.04396558444479745,0.04182791595234313,0.0369392883208896,0.044029401121525015,0.033914890386020656,0.03937048481334392,0.03175975730262113,0.03796927665448768,0.046354100880063545,0.05989578424146148,0.04457541568228753,0.026517342344718035,0.03830262317394758,0.03311138445750596,0.033912690065131056,0.03653394735186656,0.034216507882446394,0.03721547710246226,0.032265214239872914,0.04084059064019063,0.040481929042096895,0.037803274996028584,0.03297758916600477,0.037822981992057185,0.031518421181890396,0.025133646243050037,0.03680516062271644,0.035882046462271645,0.0408233965528197,0.03186310804130262
Hardw,0.03062940031453535,0.027519061313741062,0.029996389280381255,0.01980164399046862,0.026782835830023822,0.03270125625575854,0.040706953617156476,0.037383460446386026,0.03400072640349484,0.03698653562668784,0.030286016698967428,0.031454168158856224,0.036568243749007155,0.04658677378554407,0.03735161803018268,0.02975272729785544,0.04004752979825259,0.055924582789515495,0.06050118255599683,0.0507402124765687,0.04854647403653693,0.04328547029229546,0.04980536583478952,0.03907051275456711,0.04426840960285941,0.035669890692613185,0.04420856194916598,0.05229743474503573,0.06699545232724384,0.05007648588721207,0.029618404881652106,0.04482776305639396,0.03703863100555997,0.03653394735186656,0.049672281968228746,0.041438302408260526,0.04689489243526608,0.038477424260524216,0.04605922551866562,0.046607500501985706,0.04259726529785544,0.03745440605242255,0.043107886675139,0.03548661721525019,0.027911902136616356,0.04118985767434472,0.03963316802859412,0.04673925370135028,0.03629693584749802
Softw,0.028056547501191423,0.026005067923749,0.02803028766957903,0.018662434770452742,0.024732103558379664,0.02963854395869736,0.03686599165687053,0.0351958716028594,0.03145750922001589,0.03480901823351867,0.028307615866560755,0.02943909516123908,0.03419388629070691,0.043336956905480534,0.035072080794281174,0.02773135259094519,0.036983595507545666,0.051782234954725954,0.05577194869896745,0.04620773514853057,0.0447793780841938,0.040218595339158066,0.0455759645146942,0.03623080671326449,0.041357113153296265,0.03279909864019062,0.03994276358697379,0.048425968241461476,0.06156173995234313,0.04610422793328037,0.02793423990786338,0.041329464362192224,0.03471284656393963,0.034216507882446394,0.041438302408260526,0.03994498631294679,0.042616736063542486,0.035412707018268465,0.042696637324860995,0.04300705147577441,0.03992283483717235,0.03486856632247815,0.040165004301826845,0.03252780689118348,0.026294993471008735,0.03862018307227959,0.03697650391739475,0.04371467671167594,0.033347282992851474
Chips,0.030459907729944405,0.02761780664654488,0.03016203844956314,0.020181127853852263,0.02673418637013503,0.03283222528355838,0.04079496709134234,0.0369942303288324,0.034223432711675925,0.03724897204765687,0.030742930713264494,0.03220873288641778,0.03764271488482923,0.04790367322637013,0.037165644066719614,0.029820785842732327,0.040156595132644954,0.05628881692136614,0.061597295961874514,0.050682814913423344,0.0496922559364575,0.04445689990150913,0.04995174572835584,0.03944195750277999,0.04450342779984114,0.03609235264813344,0.048050248870532164,0.054574507234312945,0.06802741258141383,0.05074947595234313,0.029523602821286736,0.04509679270532167,0.03709322398093725,0.03721547710246226,0.04689489243526608,0.042616736063542486,0.051449873575853844,0.04006749763939635,0.04570439769340746,0.04663716926449564,0.0429097269579031,0.03827972988085782,0.04288338351707704,0.035120293477362986,0.02786849042096903,0.040710871949166,0.03918345529467831,0.04689123107227958,0.036007376921366165
LabEq,0.026362115780778395,0.02423404660206513,0.025944473702938835,0.0175322288101668,0.022694716505162825,0.02867409751231136,0.035097267285146935,0.03245378962351072,0.029507731863383638,0.03218609133598094,0.027137204155679103,0.028272361315329616,0.0328163589197776,0.04110233354090548,0.032772075901509136,0.02630431420492454,0.03504545423987292,0.048603471212073056,0.05281777085305797,0.0433315366036537,0.04233229783637806,0.037780656349483716,0.04392353055440825,0.03396161488800636,0.03850404835583796,0.03141048153772836,0.04070987865925338,0.04675524498173152,0.058799091564733924,0.0440043775822081,0.025848269839555203,0.038371846913423345,0.03227788969658459,0.032265214239872914,0.038477424260524216,0.035412707018268465,0.04006749763939635,0.03767422388562351,0.04021329720730739,0.04043532363463068,0.03733040289118348,0.0330550660841938,0.037076162535345514,0.03074054950913423,0.02421987173947577,0.03603120890865766,0.03495662594440031,0.04051326951548848,0.031550359409054804
Paper,0.03510112296743447,0.03229915461795076,0.03347183970135028,0.023257341464654486,0.03231308247815726,0.03650714002859412,0.04767109549166004,0.045671783599682284,0.03968424120095313,0.0454102566671962,0.03439820507069102,0.03361166579189834,0.037996161493248616,0.05399735079904685,0.044396511008737094,0.03541183406513105,0.047631114484511516,0.06590232120095313,0.06933394615409055,0.05808303635266084,0.05454084440984908,0.046955663898332,0.06090241904368547,0.04555612362827641,0.05356484419380461,0.04012081012867355,0.05091036141699761,0.059557301655281954,0.07850312044479743,0.05759249365528197,0.035898001537728354,0.049663671745830015,0.04432283693089752,0.04084059064019063,0.04605922551866562,0.042696637324860995,0.04570439769340746,0.04021329720730739,0.06456467911675932,0.05689988733280382,0.05097091952343129,0.04290597045274028,0.05180437717553614,0.042230992012708496,0.0346778084511517,0.051973885204130266,0.049029697067513894,0.05515057016679905,0.04255195475138999
