,Agric,Food ,Soda ,Beer ,Smoke,Toys ,Fun  ,Books,Hshld,Clths,Hlth ,MedEq,Drugs,Chems,Rubbr,Txtls,BldMt,Cnstr,Steel,FabPr,Mach ,ElcEq,Autos,Aero ,Ships,Guns ,Gold ,Mines,Coal ,Oil  ,Util ,Telcm,PerSv,BusSv,Hardw,Softw,Chips,LabEq,Paper,Boxes,Trans,Whlsl,Rtail,Meals,Banks,Insur,RlEst,Fin  ,Other
Agric,0.028778054297061158,0.008309197887212074,0.009721805718824464,0.006543913153296267,0.008094749547259727,0.009487706354249404,0.011321663876092134,0.010891230405083399,0.010205311453534548,0.009713594916600473,0.009210936981731534,0.010369621286735504,0.011747439364575061,0.013560301143764891,0.010212309722001588,0.008716350595710881,0.012427118935663223,0.017643575980937253,0.01753449941223193,0.013058515329626687,0.014339176870532168,0.013007854980142966,0.014550349896743442,0.01184457073868149,0.01202849356632248,0.01074808451151708,0.012423159793486894,0.018098074694201747,0.015893576806989673,0.011099820095313743,0.008739724146147737,0.012982128991262906,0.010033600031771249,0.011607672295472597,0.013985938808578237,0.01316819008737093,0.015397881397934868,0.012313961413820492,0.012944009023034152,0.014083930865766486,0.013129398586179506,0.011408787164416201,0.012857625178713262,0.00974198316123908,0.008244003574265288,0.01079069089753773,0.00953426616362192,0.013855479698173152,0.010074190389197777
Food ,0.008309197887212074,0.011432086727561559,0.009456961858617951,0.0062454084590945185,0.008313622351072279,0.00894760248610008,0.010905061024622716,0.009899327227958698,0.0099095864177919,0.01016183280381255,0.008955553606036537,0.008991271977760127,0.011345904019062748,0.012909326664019062,0.010243289952343129,0.008199763177124703,0.011277365027799843,0.0152384642573471,0.016370763574265285,0.01164041380460683,0.012724951787132645,0.011759980293884033,0.013153575011914217,0.010934643097696586,0.011692752867355044,0.01012872981731533,0.011559385186656076,0.015255056425734709,0.014305840937251789,0.010606912541699761,0.008590145837966641,0.011858976076250994,0.009726892851469422,0.010530929475774425,0.01221747517077045,0.012055369658459096,0.013604827243844321,0.010979243899920572,0.011327468721207306,0.013505470865766483,0.012241211127879268,0.010566807640984907,0.012049655909451944,0.008992552994440031,0.007476428697378874,0.01019097116759333,0.007996927744241461,0.011947657911040509,0.00952644483717236
Soda ,0.009721805718824464,0.009456961858617951,0.04243966649722001,0.008831317982525814,0.009070156981731534,0.010375608943606037,0.01234379432883241,0.011161745416997618,0.011856453661636217,0.011307424813343922,0.010108195154884828,0.01067255383637808,0.013154662430500395,0.015526009007148529,0.012630619968228753,0.009855422430500395,0.012970698983320093,0.018983478697378865,0.019086063891977763,0.015352937982525813,0.014718460206513103,0.013218511437648926,0.01584180864177919,0.012457429293089753,0.014777417664813346,0.009471014011119935,0.010009610468625894,0.01778844892772041,0.01807456200158856,0.012643512867355041,0.009655292819698173,0.013163975154884825,0.01134082109610802,0.011943892724384432,0.013656068371723588,0.013108533820492452,0.014853045019857028,0.012370859142176331,0.013559954980142971,0.015385278983320094,0.013901099396346307,0.012199260619539319,0.013666358872120733,0.010061935218427322,0.008258954169976171,0.011631215567911041,0.010878056600476568,0.01453516684670373,0.01107055693407466
Beer ,0.006543913153296267,0.0062454084590945185,0.008831317982525814,0.024199815274027,0.005238429626687847,0.0066685644400317715,0.008276879880857823,0.008185784225575853,0.007469088848292296,0.008035780317712472,0.006468422883240667,0.006916547752184272,0.008778294900714852,0.00964550666401906,0.007075249491660047,0.005860668181096108,0.008223552271644162,0.011085898474980142,0.010955639094519456,0.0077857736139793484,0.00928350543288324,0.00860910240667196,0.010142764813343925,0.00857267899920572,0.00796126260524226,0.007027926004765687,0.007018518895949168,0.010205256552819697,0.008853074106433679,0.0069258889515488465,0.006464225694996027,0.009824400857823668,0.00792483941223193,0.008208299880857825,0.009647241397934868,0.00948519507545671,0.010611385591739474,0.008594670095313742,0.008678555742652899,0.009640563383637805,0.00934408186656076,0.007885662033359811,0.009802090651310562,0.007061228578236696,0.005594146012708499,0.008138583050039715,0.006568761088165208,0.009456793177124702,0.007150591572676727
Smoke,0.008094749547259727,0.008313622351072279,0.009070156981731534,0.005238429626687847,0.05465248736457505,0.011634632759332802,0.011503649471008733,0.009609852587768069,0.00901652712946783,0.01014175177124702,0.009655780101667993,0.010047611062748213,0.012776708689436058,0.013816022853057984,0.009610312594122318,0.008754595539316914,0.011354623247021443,0.015188022360603655,0.018419543815726767,0.012292672368546463,0.014199735351866558,0.012128092152501989,0.013767699901509133,0.011646769328038127,0.01085132275774424,0.00939247518347895,0.013472660940428908,0.015902586007942813,0.015928660130262107,0.010885365474185863,0.010368174001588565,0.013092204378077838,0.0104631114598888,0.010879795561556788,0.014561500104845113,0.013847584876886417,0.01613871199364575,0.01229158348212867,0.012726027444003177,0.016185806652899124,0.013978933003971407,0.010806658789515488,0.01293438812708499,0.008413434096902301,0.00832395322954726,0.011515399008737092,0.007854481331215251,0.01325187693407466,0.01027301093884035
Toys ,0.009487706354249404,0.00894760248610008,0.010375608943606037,0.0066685644400317715,0.011634632759332802,0.0254817054471803,0.014814770625893566,0.012538828813343925,0.012513067872915009,0.013219641064336774,0.011129587057982523,0.012091028559173943,0.014940943224781572,0.016302713227958694,0.012004819620333597,0.010701222976965845,0.015001027200953138,0.021271390980142975,0.02045384119777601,0.015360649629864973,0.01638601213343924,0.015278198101667986,0.017419583933280375,0.013651290538522634,0.015373494776806986,0.01229096564892772,0.012739427814138199,0.01806079829070691,0.017283312524225575,0.012250525825258141,0.009448813634630661,0.01531027903415409,0.012261595834789517,0.013687047445591738,0.017266760654487692,0.01620722306592534,0.019053859586973785,0.014801774311358222,0.014774478843526609,0.017738704060365373,0.01622013325972994,0.013765514640190627,0.015873643648927717,0.011419387510722795,0.009466371645750595,0.012772700273232723,0.011038592535345513,0.015771065933280377,0.01256934723907863
Fun  ,0.011321663876092134,0.010905061024622716,0.01234379432883241,0.008276879880857823,0.011503649471008733,0.014814770625893566,0.023024267099285147,0.014081878789515487,0.014769779580619537,0.015502777077045277,0.012525860878474977,0.013015783825258139,0.01652989963463065,0.018708956611596505,0.014614511804606828,0.012682377321683874,0.016530820989674348,0.023649438986497216,0.023120430872120724,0.016653968740270052,0.01849104612867355,0.017118388903891984,0.01960284534710087,0.015837586360603652,0.01673263879586974,0.013346125077045277,0.014203222555996821,0.021118259513899916,0.020534195256552822,0.013839724093725175,0.011169871887212076,0.01796261739793487,0.014461754659253374,0.015233990845115172,0.01902523960603654,0.01824986154090548,0.02119500023828435,0.016540455216838765,0.016829494474980142,0.019143723822081016,0.01866852609531374,0.015302272289118344,0.01895309399046862,0.014029882665607629,0.011030494679904685,0.014550181639396345,0.01270011753931692,0.017895943343923748,0.014486230241461477
Books,0.010891230405083399,0.009899327227958698,0.011161745416997618,0.008185784225575853,0.009609852587768069,0.012538828813343925,0.014081878789515487,0.021348204346306597,0.012696247898332012,0.012678907005559965,0.011237735863383638,0.011414039612390785,0.01403285207307387,0.016245780387609217,0.012978458144559175,0.010438950004765689,0.014414746729150118,0.020091022976965845,0.01952477348371724,0.014238473048451153,0.015824858738681495,0.014431839348689433,0.017596735173947577,0.01362003921842732,0.014893954764098492,0.010788960686258934,0.009884618011119938,0.017793356899126287,0.01631774349166005,0.011691453779189833,0.01042260452104845,0.015805034414614772,0.012947051272438443,0.013507444629070694,0.015823881181890397,0.015356485718824463,0.01736178160444797,0.014172365938046067,0.015387789776012711,0.01741599754090548,0.016299968822875297,0.013393899717235903,0.016306435351866565,0.012361433512311358,0.010230378239872913,0.01372793462112788,0.01095946256076251,0.015609896092136616,0.012369912301826842
Hshld,0.010205311453534548,0.0099095864177919,0.011856453661636217,0.007469088848292296,0.00901652712946783,0.012513067872915009,0.014769779580619537,0.012696247898332012,0.02087605331850675,0.014125944400317711,0.011291038764098487,0.011771793537728354,0.014785378204924544,0.017517239393169178,0.013693362881652104,0.01137974207466243,0.015022157969817313,0.02149161599364575,0.021675669890389195,0.015319050465448776,0.01707702870849881,0.016201157505957107,0.01835953608260524,0.014048094036536937,0.015894588797458295,0.01189906516918189,0.014660121884034948,0.019817252066719616,0.01887368920730739,0.01310818258617951,0.01030615800158856,0.015692732594122318,0.013160030424146145,0.013959126827640988,0.017166455548848294,0.016499942970611598,0.019452537633042093,0.014974444679904683,0.015583868638602066,0.0184159882192216,0.016683081362986497,0.014153903389992058,0.017030393229547258,0.012485103656870528,0.009994163231135823,0.013462341553613979,0.01159345873550437,0.016177944638602063,0.012544845048451153
Clths,0.009713594916600473,0.01016183280381255,0.011307424813343922,0.008035780317712472,0.01014175177124702,0.013219641064336774,0.015502777077045277,0.012678907005559965,0.014125944400317711,0.020930570706910245,0.011350858093725175,0.011730210643367753,0.014826948085782363,0.017535717569499603,0.013796291580619536,0.012105400031771246,0.0159412455440826,0.023230986052422554,0.021802907990468624,0.016993732708498806,0.017423744749801427,0.016226052343129464,0.018439487847498014,0.014613203971405874,0.01661092336775219,0.012600168991262909,0.014458311278792692,0.019888821540905485,0.0190423668943606,0.013519948260524222,0.010197541525019855,0.016121552692613183,0.012825442827640986,0.014449204527402698,0.017089440285941223,0.016605453026211275,0.019030987196187444,0.015214075949166003,0.016124016171564733,0.018748212295472598,0.017714149467831612,0.014660362922954724,0.01906692729150119,0.013107467704527401,0.01056022861000794,0.013771601747418582,0.01209001177124702,0.01689551899920572,0.012887292343129467
Hlth ,0.009210936981731534,0.008955553606036537,0.010108195154884828,0.006468422883240667,0.009655780101667993,0.011129587057982523,0.012525860878474977,0.011237735863383638,0.011291038764098487,0.011350858093725175,0.016490070422557592,0.011974790732327245,0.015165569944400315,0.015037564096902302,0.011663264935663222,0.01033116884511517,0.012767265100873709,0.018049964152501985,0.018633496295472597,0.013122537687053218,0.01515326742811755,0.014245838022239873,0.015598899701350278,0.012028705604447975,0.012852131777601267,0.011451082084193803,0.012556017288324063,0.017912215961874506,0.016113958916600477,0.012168691801429706,0.0091052988101668,0.015023431745830025,0.01142302221763304,0.012908116964257343,0.01606714685305798,0.01556693591739475,0.017785882462271647,0.01428331234789516,0.013587785645750593,0.016049291917394754,0.014678932754567116,0.012625320543288325,0.014120921968228749,0.010234041185067514,0.008456626206513105,0.01197133498649722,0.009586041504368547,0.013984596243050039,0.0111029403796664
MedEq,0.010369621286735504,0.008991271977760127,0.01067255383637808,0.006916547752184272,0.010047611062748213,0.012091028559173943,0.013015783825258139,0.011414039612390785,0.011771793537728354,0.011730210643367753,0.011974790732327245,0.01624668085146942,0.01713564727561557,0.015528586519459887,0.0122258994471803,0.011085283253375693,0.01373124531532963,0.0191397450420969,0.0200402149451946,0.014067251634630658,0.0160568784050834,0.015714585496425734,0.01562281990786338,0.01306217523113582,0.013749278671961872,0.012353431758538523,0.015370213372517875,0.019453731704527397,0.01906734733598094,0.013812243517077041,0.009601615895154887,0.015384668028594116,0.012189191415409055,0.01390844250039714,0.017599849633042095,0.016949708562351073,0.019407386052422558,0.01572182280857824,0.013519544374900714,0.01566983274344718,0.015140314938840346,0.01339551785861795,0.014499262325655278,0.010509399453534551,0.008622588120730738,0.011448493159650516,0.009761429836378076,0.014773269531374108,0.011974089490071485
Drugs,0.011747439364575061,0.011345904019062748,0.013154662430500395,0.008778294900714852,0.012776708689436058,0.014940943224781572,0.01652989963463065,0.01403285207307387,0.014785378204924544,0.014826948085782363,0.015165569944400315,0.01713564727561557,0.027032664718030185,0.019788210706910246,0.015084464463860206,0.013382211469420173,0.016985530357426528,0.02371876886417792,0.024651703065925328,0.01768679424940429,0.020011220810166805,0.01966598147736299,0.019992434789515488,0.01614320050833995,0.016960952629070696,0.015979239269261317,0.01883565826846703,0.02349711161239078,0.022914757426528994,0.01706185448768864,0.012046657728355838,0.019851338586179514,0.014769536298649721,0.01751604006354249,0.022753954916600476,0.02171812282764098,0.02500968384432089,0.020146545321683872,0.01668899434471803,0.019566117108816516,0.019267195202541693,0.016642218776806987,0.01821766602065131,0.013047142430500397,0.010596550405083399,0.014490392756155681,0.012002183764892772,0.018612151548848294,0.0146950965528197
Chems,0.013560301143764891,0.012909326664019062,0.015526009007148529,0.00964550666401906,0.013816022853057984,0.016302713227958694,0.018708956611596505,0.016245780387609217,0.017517239393169178,0.017535717569499603,0.015037564096902302,0.015528586519459887,0.019788210706910246,0.029524934409849084,0.018487224833995234,0.015528309788721203,0.020348263938046066,0.027829710827640984,0.03165129325178713,0.02184470615726767,0.023937907250198565,0.021719060293884027,0.023637234532168393,0.019174156540111204,0.02166878409213661,0.016369003539316918,0.02415350501509134,0.031099069089753777,0.030861837810961083,0.02138056606989674,0.01437602295313741,0.020711173083399523,0.016429124343129466,0.018519424211278793,0.022484495815726764,0.021467367370929313,0.02553329863383637,0.020157923251787127,0.021228556149324857,0.02594988330103256,0.02234014719777601,0.019104982617950756,0.02071294498967434,0.015133416892772037,0.012835553602859413,0.01722487829388403,0.014264456875297855,0.020854363582208102,0.017578554155679108
Rubbr,0.010212309722001588,0.010243289952343129,0.012630619968228753,0.007075249491660047,0.009610312594122318,0.012004819620333597,0.014614511804606828,0.012978458144559175,0.013693362881652104,0.013796291580619536,0.011663264935663222,0.0122258994471803,0.015084464463860206,0.018487224833995234,0.027699874470214457,0.012076410223987288,0.015661925761715646,0.02158864120413026,0.02290683232088959,0.01803137883717236,0.017982451567911038,0.016410669364575057,0.018030559100873703,0.01479776464813344,0.017474399266084194,0.014050955208895946,0.016880367245432883,0.022253573528196985,0.020572249286735504,0.015362761911040506,0.010454689510722797,0.016300306160444797,0.01321654662748213,0.01462296753455123,0.01695925856711676,0.016473436250992853,0.019171117410643368,0.015216697729944401,0.016426746033359807,0.018956723580619533,0.01719006462748213,0.01468806671008737,0.01627575617633042,0.012133740305003972,0.010259069895154885,0.01324478223669579,0.011079443032565528,0.01572069710087371,0.013416485437648928
Txtls,0.008716350595710881,0.008199763177124703,0.009855422430500395,0.005860668181096108,0.008754595539316914,0.010701222976965845,0.012682377321683874,0.010438950004765689,0.01137974207466243,0.012105400031771246,0.01033116884511517,0.011085283253375693,0.013382211469420173,0.015528309788721203,0.012076410223987288,0.03258544454964257,0.013172889321683876,0.020140455936457507,0.020578743517077044,0.015230144292295468,0.015145345239078633,0.013967727593328039,0.015209043202541699,0.012446537766481334,0.01380600192533757,0.010809485585385227,0.017119411348689433,0.02019776181731533,0.018692621833200956,0.013808756301826848,0.0089322096076251,0.014060803005559968,0.011270884365369339,0.012199027787132648,0.015032315761715646,0.01466582592533757,0.0171426842573471,0.013662333064336776,0.013576891043685467,0.01577030236060365,0.014669721512311357,0.012604775847498015,0.01403012265607625,0.01009145450039714,0.008367111669579031,0.01113455496743447,0.009387505696584591,0.01366008476568705,0.011706464578236694
BldMt,0.012427118935663223,0.011277365027799843,0.012970698983320093,0.008223552271644162,0.011354623247021443,0.015001027200953138,0.016530820989674348,0.014414746729150118,0.015022157969817313,0.0159412455440826,0.012767265100873709,0.01373124531532963,0.016985530357426528,0.020348263938046066,0.015661925761715646,0.013172889321683876,0.02177683140746624,0.027302085963463063,0.026938414357426534,0.019136973620333595,0.020475915180301826,0.01862079092136616,0.02089270113105639,0.017032498583002383,0.018949511825258142,0.014626676111199362,0.018763653841143764,0.02596306838443209,0.025454533213661635,0.018002184843526607,0.012554988802223986,0.01781717528832407,0.01431871552978554,0.016188196344718027,0.01902850628117554,0.018256769563145356,0.02125494883240667,0.016961211235901507,0.018299779323272435,0.021400916095313742,0.01977116177760127,0.01663178770770453,0.019021696757744243,0.013830732273232723,0.011614509749007147,0.01512962470849881,0.013565746714853059,0.018456357974583,0.014900359204130261
Cnstr,0.017643575980937253,0.0152384642573471,0.018983478697378865,0.011085898474980142,0.015188022360603655,0.021271390980142975,0.023649438986497216,0.020091022976965845,0.02149161599364575,0.023230986052422554,0.018049964152501985,0.0191397450420969,0.02371876886417792,0.027829710827640984,0.02158864120413026,0.020140455936457507,0.027302085963463063,0.054559821820492446,0.03672642908975378,0.026287053019857023,0.028314067202541697,0.025488767863383634,0.029650084969023036,0.022868831726767277,0.02570625838919777,0.019332209861795076,0.028487925817315324,0.036888871790309766,0.03739001695313741,0.026446095259729942,0.01756027001429706,0.025162007586973786,0.021075838258935664,0.02273988032724384,0.02649651033518666,0.025519884606830814,0.02923280212867355,0.023222793045274026,0.02560206251945989,0.029466923221604446,0.02755207734074662,0.023039373293089752,0.02834460045432883,0.02001769783002382,0.017430322506751385,0.021727535879269257,0.021548631704527404,0.027100307752184267,0.021070420311358216
Steel,0.01753449941223193,0.016370763574265285,0.019086063891977763,0.010955639094519456,0.018419543815726767,0.02045384119777601,0.023120430872120724,0.01952477348371724,0.021675669890389195,0.021802907990468624,0.018633496295472597,0.0200402149451946,0.024651703065925328,0.03165129325178713,0.02290683232088959,0.020578743517077044,0.026938414357426534,0.03672642908975378,0.05297834561397936,0.029289381909451944,0.03148893084670373,0.02827843232724385,0.029457319803018262,0.02574315689277204,0.028759961607625097,0.02332346178872121,0.04116506810802225,0.04791288229388403,0.049567771126290704,0.03385809766799046,0.018151649274027005,0.025943407389992058,0.02015125882128673,0.023629601210484512,0.028218754173153296,0.027015887688641785,0.03181761868149324,0.025247362246227166,0.02685055947895155,0.032719009397934866,0.02856167202859412,0.025258733623510717,0.02550310294201747,0.018809618281175534,0.015847803694996027,0.02104834759650516,0.01829689433836378,0.026630276711675935,0.022127168422557582
FabPr,0.013058515329626687,0.01164041380460683,0.015352937982525813,0.0077857736139793484,0.012292672368546463,0.015360649629864973,0.016653968740270052,0.014238473048451153,0.015319050465448776,0.016993732708498806,0.013122537687053218,0.014067251634630658,0.01768679424940429,0.02184470615726767,0.01803137883717236,0.015230144292295468,0.019136973620333595,0.026287053019857023,0.029289381909451944,0.0491230959110405,0.022643103389992054,0.02080440792692613,0.021980060981731532,0.019956807072279585,0.022163900231930107,0.017143742125496426,0.02503996791421763,0.02937093908181096,0.028067442846703726,0.01998158755520254,0.012707973080222399,0.01966875938999205,0.015108128743447179,0.017334481089753773,0.02108129864336775,0.019574903606036538,0.02343573337569499,0.01842086170293884,0.020037385442414617,0.02304005643844321,0.020775293988880054,0.018139939138999202,0.019174087793486897,0.014791852714853056,0.01176034671644162,0.015234231224781571,0.013631710243050038,0.019795087100873708,0.016556513178713265
Mach ,0.014339176870532168,0.012724951787132645,0.014718460206513103,0.00928350543288324,0.014199735351866558,0.01638601213343924,0.01849104612867355,0.015824858738681495,0.01707702870849881,0.017423744749801427,0.01515326742811755,0.0160568784050834,0.020011220810166805,0.023937907250198565,0.017982451567911038,0.015145345239078633,0.020475915180301826,0.028314067202541697,0.03148893084670373,0.022643103389992054,0.02737223732486099,0.02247922616362192,0.023502416222398726,0.020031855961874505,0.022168542246227163,0.017851649995234305,0.025141594722795868,0.03088930650992851,0.031398296184273235,0.023241196241461475,0.013787370970611596,0.021036562420969025,0.016310234465448766,0.019000900514694198,0.024062910093725173,0.02271073642573471,0.027565369690230348,0.021305090830818104,0.02036651514535345,0.023754071758538522,0.022106613270849878,0.019407202179507543,0.020783480562351072,0.015160016610007938,0.012456370900714853,0.016594932015885626,0.014551553426528993,0.02137265370929309,0.01705772278633836
ElcEq,0.013007854980142966,0.011759980293884033,0.013218511437648926,0.00860910240667196,0.012128092152501989,0.015278198101667986,0.017118388903891984,0.014431839348689433,0.016201157505957107,0.016226052343129464,0.014245838022239873,0.015714585496425734,0.01966598147736299,0.021719060293884027,0.016410669364575057,0.013967727593328039,0.01862079092136616,0.025488767863383634,0.02827843232724385,0.02080440792692613,0.02247922616362192,0.027002421024622712,0.021406668864177917,0.01785409517077045,0.018845263018268468,0.01670370738681493,0.02198368977760127,0.02690674691024623,0.02632315960285941,0.019418409126290705,0.012141419197776011,0.019942567180301823,0.015768788451151712,0.017939455702938843,0.023173474630659253,0.021749587704527402,0.0262753260841938,0.020132784614773625,0.01868894427323272,0.021348656060365366,0.02028342761715647,0.018198533232724384,0.019214545885623508,0.014215235536139792,0.011495612970611595,0.015194854948371719,0.01333968825258141,0.019664180135027798,0.015988997625099283
Autos,0.014550349896743442,0.013153575011914217,0.01584180864177919,0.010142764813343925,0.013767699901509133,0.017419583933280375,0.01960284534710087,0.017596735173947577,0.01835953608260524,0.018439487847498014,0.015598899701350278,0.01562281990786338,0.019992434789515488,0.023637234532168393,0.018030559100873703,0.015209043202541699,0.02089270113105639,0.029650084969023036,0.029457319803018262,0.021980060981731532,0.023502416222398726,0.021406668864177917,0.032186954223987284,0.019599770128673557,0.022381717312152494,0.01735119225416997,0.01819155661000794,0.027093873162827634,0.02522323653057982,0.017472164063542496,0.013754418716441619,0.0215576132613185,0.017077267342335185,0.018827776835583794,0.02283713809054805,0.02185751100873709,0.025760852231930104,0.02052372687212073,0.02168410209372517,0.02494509004606831,0.02385819789992057,0.019280025741064338,0.02288616066401906,0.016597073124702145,0.013490035733121528,0.01783046832088959,0.014896205963463064,0.021751205861795075,0.01741270042573471
Aero ,0.01184457073868149,0.010934643097696586,0.012457429293089753,0.00857267899920572,0.011646769328038127,0.013651290538522634,0.015837586360603652,0.01362003921842732,0.014048094036536937,0.014613203971405874,0.012028705604447975,0.01306217523113582,0.01614320050833995,0.019174156540111204,0.01479776464813344,0.012446537766481334,0.017032498583002383,0.022868831726767277,0.02574315689277204,0.019956807072279585,0.020031855961874505,0.01785409517077045,0.019599770128673557,0.03287534837807783,0.018183463402700554,0.016229755768069894,0.014890040530579827,0.023452907011914215,0.022153812841938045,0.015629036921366163,0.01154820304686259,0.01699314699285147,0.013334693007148532,0.015542873331215248,0.01899090041620333,0.017953641938046074,0.021197330484511518,0.01701570404130262,0.017308147247021448,0.019728832463860202,0.01907208324384432,0.016089288095313743,0.01747340314853058,0.012871515914217634,0.010359205537728356,0.014324449328038122,0.011592970557585385,0.018135889706115967,0.013764963529785543
Ships,0.01202849356632248,0.011692752867355044,0.014777417664813346,0.00796126260524226,0.01085132275774424,0.015373494776806986,0.01673263879586974,0.014893954764098492,0.015894588797458295,0.01661092336775219,0.012852131777601267,0.013749278671961872,0.016960952629070696,0.02166878409213661,0.017474399266084194,0.01380600192533757,0.018949511825258142,0.02570625838919777,0.028759961607625097,0.022163900231930107,0.022168542246227163,0.018845263018268468,0.022381717312152494,0.018183463402700554,0.04144217498967435,0.01685445005242256,0.019131490741858614,0.027513550614773622,0.02786870591262907,0.019121560803812547,0.01260203935504368,0.018136703726767275,0.014277911301032566,0.017020633464654482,0.019313152368546464,0.018963061890389203,0.02222242077839555,0.017433898684670372,0.019248361455123115,0.02214250641461477,0.021776628540111198,0.018013980219221598,0.01904806603018268,0.014603350506751388,0.011711944333598094,0.015604922884829226,0.013747523459888797,0.01951557212073074,0.015940808079428118
Guns ,0.01074808451151708,0.01012872981731533,0.009471014011119935,0.007027926004765687,0.00939247518347895,0.01229096564892772,0.013346125077045277,0.010788960686258934,0.01189906516918189,0.012600168991262909,0.011451082084193803,0.012353431758538523,0.015979239269261317,0.016369003539316918,0.014050955208895946,0.010809485585385227,0.014626676111199362,0.019332209861795076,0.02332346178872121,0.017143742125496426,0.017851649995234305,0.01670370738681493,0.01735119225416997,0.016229755768069894,0.01685445005242256,0.05782142396187451,0.015406066808578237,0.020916418770452735,0.02502242836536935,0.017085220155679107,0.00984582130579825,0.014998271180301826,0.012342942481334395,0.014499767447180302,0.01714285580301827,0.01620438252581414,0.019107329308975376,0.015109014195393166,0.014654729003971407,0.01760476407307387,0.01528343969499603,0.01470616864813344,0.0138379082573471,0.011487950868943608,0.00888347870373312,0.011715287542494042,0.010113077528196979,0.01505136467037331,0.012137132911834788
Gold ,0.012423159793486894,0.011559385186656076,0.010009610468625894,0.007018518895949168,0.013472660940428908,0.012739427814138199,0.014203222555996821,0.009884618011119938,0.014660121884034948,0.014458311278792692,0.012556017288324063,0.015370213372517875,0.01883565826846703,0.02415350501509134,0.016880367245432883,0.017119411348689433,0.018763653841143764,0.028487925817315324,0.04116506810802225,0.02503996791421763,0.025141594722795868,0.02198368977760127,0.01819155661000794,0.014890040530579827,0.019131490741858614,0.015406066808578237,0.17381872295313736,0.06421072864813344,0.05094561320730739,0.03939688870055599,0.01373473673232724,0.017653331742652895,0.012913770004765688,0.01701142541223193,0.020439817525019853,0.019802635996822877,0.024895512390786342,0.019626827003971403,0.01845114683399524,0.022324182757744247,0.01732685089277204,0.01960128591898332,0.014735752703733116,0.011455480441620333,0.009761403941223191,0.012333468247815726,0.01342198397299444,0.020590861024622712,0.013471830495631453
Mines,0.018098074694201747,0.015255056425734709,0.01778844892772041,0.010205256552819697,0.015902586007942813,0.01806079829070691,0.021118259513899916,0.017793356899126287,0.019817252066719616,0.019888821540905485,0.017912215961874506,0.019453731704527397,0.02349711161239078,0.031099069089753777,0.022253573528196985,0.02019776181731533,0.02596306838443209,0.036888871790309766,0.04791288229388403,0.02937093908181096,0.03088930650992851,0.02690674691024623,0.027093873162827634,0.023452907011914215,0.027513550614773622,0.020916418770452735,0.06421072864813344,0.07614083987926924,0.05500857767116759,0.03844003846227164,0.017798579615567908,0.02359178324384432,0.019065989274027,0.02234222826370135,0.0266423679618745,0.02552069791898331,0.029794200349483713,0.023982677528196987,0.02494759763621922,0.030420693115170764,0.026805316206513108,0.024577663758538516,0.02312546314853058,0.017081480965845906,0.014518347348689434,0.018730555857029388,0.01755435891342335,0.025508293248610005,0.02117066140111199
Coal ,0.015893576806989673,0.014305840937251789,0.01807456200158856,0.008853074106433679,0.015928660130262107,0.017283312524225575,0.020534195256552822,0.01631774349166005,0.01887368920730739,0.0190423668943606,0.016113958916600477,0.01906734733598094,0.022914757426528994,0.030861837810961083,0.020572249286735504,0.018692621833200956,0.025454533213661635,0.03739001695313741,0.049567771126290704,0.028067442846703726,0.031398296184273235,0.02632315960285941,0.02522323653057982,0.022153812841938045,0.02786870591262907,0.02502242836536935,0.05094561320730739,0.05500857767116759,0.10299743663860207,0.0511580242446386,0.0196976583923749,0.02200105590468626,0.017921839790309767,0.021819148692613182,0.023852250154090544,0.022732024114376484,0.026366558570293876,0.02196479131691819,0.02320585930420969,0.029125412543288324,0.02435252283081811,0.02358472542652899,0.02120113204447974,0.01616150911517077,0.013304079787132642,0.01774534651628276,0.017474969763304208,0.023122175361397927,0.021332642957903103
Oil  ,0.011099820095313743,0.010606912541699761,0.012643512867355041,0.0069258889515488465,0.010885365474185863,0.012250525825258141,0.013839724093725175,0.011691453779189833,0.01310818258617951,0.013519948260524222,0.012168691801429706,0.013812243517077041,0.01706185448768864,0.02138056606989674,0.015362761911040506,0.013808756301826848,0.018002184843526607,0.026446095259729942,0.03385809766799046,0.01998158755520254,0.023241196241461475,0.019418409126290705,0.017472164063542496,0.015629036921366163,0.019121560803812547,0.017085220155679107,0.03939688870055599,0.03844003846227164,0.0511580242446386,0.0482390057680699,0.015505168894360603,0.01619799322637014,0.01297709231771247,0.015962385498014296,0.017274721200953132,0.016714986624305005,0.01944284173153296,0.01603393953455123,0.016602816705321682,0.020358838503574266,0.016304212503574268,0.01729315504050834,0.01459822506910246,0.010460469378872121,0.00938245029864972,0.01277393348054011,0.012978263499602861,0.01674439555996823,0.015061852217633039
Util ,0.008739724146147737,0.008590145837966641,0.009655292819698173,0.006464225694996027,0.010368174001588565,0.009448813634630661,0.011169871887212076,0.01042260452104845,0.01030615800158856,0.010197541525019855,0.0091052988101668,0.009601615895154887,0.012046657728355838,0.01437602295313741,0.010454689510722797,0.0089322096076251,0.012554988802223986,0.01756027001429706,0.018151649274027005,0.012707973080222399,0.013787370970611596,0.012141419197776011,0.013754418716441619,0.01154820304686259,0.01260203935504368,0.00984582130579825,0.01373473673232724,0.017798579615567908,0.0196976583923749,0.015505168894360603,0.014469849548848293,0.012392566964257345,0.010445444298649723,0.011025099442414614,0.012589889950754569,0.012205269324861,0.013669025274027002,0.011149258861000797,0.012723653382049243,0.016093439463065927,0.013181334930897537,0.011127352155679109,0.012889380760921366,0.008792950096902303,0.008525315372517873,0.011714216861000793,0.009402964888006354,0.012998877498014297,0.010908257758538521
Telcm,0.012982128991262906,0.011858976076250994,0.013163975154884825,0.009824400857823668,0.013092204378077838,0.01531027903415409,0.01796261739793487,0.015805034414614772,0.015692732594122318,0.016121552692613183,0.015023431745830025,0.015384668028594116,0.019851338586179514,0.020711173083399523,0.016300306160444797,0.014060803005559968,0.01781717528832407,0.025162007586973786,0.025943407389992058,0.01966875938999205,0.021036562420969025,0.019942567180301823,0.0215576132613185,0.01699314699285147,0.018136703726767275,0.014998271180301826,0.017653331742652895,0.02359178324384432,0.02200105590468626,0.01619799322637014,0.012392566964257345,0.025164212829229548,0.016061665836378074,0.017797666014297057,0.023094152019062748,0.022049440540111206,0.025616018967434467,0.019719773299444004,0.018560687682287528,0.021594528654487688,0.020280011177124704,0.017357721950754565,0.019841664584590937,0.014239407091342336,0.011802250719618743,0.016016012003177125,0.012915756613185064,0.019868893820492457,0.01535237406830818
PerSv,0.010033600031771249,0.009726892851469422,0.01134082109610802,0.00792483941223193,0.0104631114598888,0.012261595834789517,0.014461754659253374,0.012947051272438443,0.013160030424146145,0.012825442827640986,0.01142302221763304,0.012189191415409055,0.014769536298649721,0.016429124343129466,0.01321654662748213,0.011270884365369339,0.01431871552978554,0.021075838258935664,0.02015125882128673,0.015108128743447179,0.016310234465448766,0.015768788451151712,0.017077267342335185,0.013334693007148532,0.014277911301032566,0.012342942481334395,0.012913770004765688,0.019065989274027,0.017921839790309767,0.01297709231771247,0.010445444298649723,0.016061665836378074,0.02085803837331215,0.014380938417791896,0.017061382309769658,0.0164692650039714,0.018960253884034946,0.015123016136616362,0.015208745455123112,0.017392286405083397,0.01624015150754567,0.013817468835583796,0.01617255484352661,0.0119096495567911,0.01006654818427323,0.013462466471803018,0.011401546119142172,0.015763395059571087,0.012378863850675138
BusSv,0.011607672295472597,0.010530929475774425,0.011943892724384432,0.008208299880857825,0.010879795561556788,0.013687047445591738,0.015233990845115172,0.013507444629070694,0.013959126827640988,0.014449204527402698,0.012908116964257343,0.01390844250039714,0.01751604006354249,0.018519424211278793,0.01462296753455123,0.012199027787132648,0.016188196344718027,0.02273988032724384,0.023629601210484512,0.017334481089753773,0.019000900514694198,0.017939455702938843,0.018827776835583794,0.015542873331215248,0.017020633464654482,0.014499767447180302,0.01701142541223193,0.02234222826370135,0.021819148692613182,0.015962385498014296,0.011025099442414614,0.017797666014297057,0.014380938417791896,0.017225726085782364,0.019785440660841935,0.0189649957426529,0.022033680111199362,0.01738071125814138,0.016536509636219218,0.019005292768864177,0.018060273949165997,0.015605213880857826,0.01738550440190627,0.012793551666401908,0.010514914730738682,0.013969376181096107,0.011857499687053219,0.017391245504368547,0.013898137523431291
Hardw,0.013985938808578237,0.01221747517077045,0.013656068371723588,0.009647241397934868,0.014561500104845113,0.017266760654487692,0.01902523960603654,0.015823881181890397,0.017166455548848294,0.017089440285941223,0.01606714685305798,0.017599849633042095,0.022753954916600476,0.022484495815726764,0.01695925856711676,0.015032315761715646,0.01902850628117554,0.02649651033518666,0.028218754173153296,0.02108129864336775,0.024062910093725173,0.023173474630659253,0.02283713809054805,0.01899090041620333,0.019313152368546464,0.01714285580301827,0.020439817525019853,0.0266423679618745,0.023852250154090544,0.017274721200953132,0.012589889950754569,0.023094152019062748,0.017061382309769658,0.019785440660841935,0.03254764717394758,0.026296470150913423,0.0322078569658459,0.023471587787132646,0.01934434496584591,0.023109238424146146,0.021889582805401108,0.019364567828435264,0.02121413794440032,0.015424244962668785,0.012106268765687055,0.016169897181890387,0.013222701458300234,0.021541109547259733,0.016898376387609212
Softw,0.01316819008737093,0.012055369658459096,0.013108533820492452,0.00948519507545671,0.013847584876886417,0.01620722306592534,0.01824986154090548,0.015356485718824463,0.016499942970611598,0.016605453026211275,0.01556693591739475,0.016949708562351073,0.02171812282764098,0.021467367370929313,0.016473436250992853,0.01466582592533757,0.018256769563145356,0.025519884606830814,0.027015887688641785,0.019574903606036538,0.02271073642573471,0.021749587704527402,0.02185751100873709,0.017953641938046074,0.018963061890389203,0.01620438252581414,0.019802635996822877,0.02552069791898331,0.022732024114376484,0.016714986624305005,0.012205269324861,0.022049440540111206,0.0164692650039714,0.0189649957426529,0.026296470150913423,0.026177212073073868,0.029418780841938046,0.022143164797458304,0.018609480540111197,0.02187794017474186,0.021049566640190625,0.018314260937251785,0.020562612517871327,0.014644422970611595,0.011850807275615566,0.015817239523431295,0.012971507640984908,0.020661076250992855,0.0160202922954726
Chips,0.015397881397934868,0.013604827243844321,0.014853045019857028,0.010611385591739474,0.01613871199364575,0.019053859586973785,0.02119500023828435,0.01736178160444797,0.019452537633042093,0.019030987196187444,0.017785882462271647,0.019407386052422558,0.02500968384432089,0.02553329863383637,0.019171117410643368,0.0171426842573471,0.02125494883240667,0.02923280212867355,0.03181761868149324,0.02343573337569499,0.027565369690230348,0.0262753260841938,0.025760852231930104,0.021197330484511518,0.02222242077839555,0.019107329308975376,0.024895512390786342,0.029794200349483713,0.026366558570293876,0.01944284173153296,0.013669025274027002,0.025616018967434467,0.018960253884034946,0.022033680111199362,0.0322078569658459,0.029418780841938046,0.038864264495631455,0.027134059110405083,0.021569571151707705,0.025396551485305792,0.02441893936457506,0.021802829356632244,0.02356935162827641,0.016774558506751393,0.013495582128673548,0.017911743733121526,0.014711186862589355,0.023998777077045275,0.018627944193804605
LabEq,0.012313961413820492,0.010979243899920572,0.012370859142176331,0.008594670095313742,0.01229158348212867,0.014801774311358222,0.016540455216838765,0.014172365938046067,0.014974444679904683,0.015214075949166003,0.01428331234789516,0.01572182280857824,0.020146545321683872,0.020157923251787127,0.015216697729944401,0.013662333064336776,0.016961211235901507,0.023222793045274026,0.025247362246227166,0.01842086170293884,0.021305090830818104,0.020132784614773625,0.02052372687212073,0.01701570404130262,0.017433898684670372,0.015109014195393166,0.019626827003971403,0.023982677528196987,0.02196479131691819,0.01603393953455123,0.011149258861000797,0.019719773299444004,0.015123016136616362,0.01738071125814138,0.023471587787132646,0.022143164797458304,0.027134059110405083,0.024243506749801427,0.017508269852263697,0.02043462301191421,0.01939700091660048,0.016981444965845912,0.01851111054328833,0.013306934230341539,0.010670371534551231,0.014375769884034951,0.011697136856235106,0.018887890603653687,0.01437654986020651
