,Agric,Food ,Soda ,Beer ,Smoke,Toys ,Fun  ,Books,Hshld,Clths,Hlth ,MedEq,Drugs,Chems,Rubbr,Txtls,BldMt,Cnstr,Steel,FabPr,Mach ,ElcEq,Autos,Aero ,Ships,Guns ,Gold ,Mines,Coal ,Oil  ,Util ,Telcm,PerSv,BusSv,Hardw,Softw,Chips,LabEq,Paper,Boxes,Trans,Whlsl,Rtail,Meals,Banks,Insur,RlEst,Fin  ,Other
Agric,0.030995121245432883,0.008815579253375694,0.009626245286735504,0.006223027196187452,0.008165188746624304,0.009894784775218424,0.012233289683876089,0.011624154395552026,0.01082118296425735,0.010524866668784749,0.00923579552025417,0.010788579145353454,0.012466321143764891,0.01502205258776807,0.010536714223987291,0.008726543332803814,0.013489452886417792,0.020114823517077038,0.019308229134233513,0.0154282058649722,0.015594803590150917,0.014056670583002383,0.015181854843526608,0.012431979926926132,0.012922491335980935,0.012579298808578238,0.013715470436854652,0.020093219952343127,0.019383870652899125,0.013100420034948372,0.00920098823828435,0.01365743092613185,0.011050199237490071,0.012523573134233516,0.014855045928514698,0.014006768177918983,0.0161860122700556,0.013187268638602066,0.014019806068308181,0.015232080438443204,0.014103361734710084,0.012286078951548847,0.01396503166322478,0.010497710487688642,0.009105963335980936,0.011235929499602861,0.010437211691818903,0.01590469992057188,0.01068131818903892
Food ,0.008815579253375694,0.011954442160444797,0.009862416854646543,0.006679909038919776,0.00810132511517077,0.009461180921366165,0.011646638046068306,0.01039984249404289,0.010392317887212075,0.0109527439872915,0.00917540575059571,0.009538180571882446,0.011779344845115171,0.013756895853852261,0.011070123113582206,0.008386387132644956,0.011977792565528198,0.016578027212073077,0.0174595298649722,0.012980209324861002,0.013445462509928511,0.012487253582208103,0.013839933042096901,0.011421496997617154,0.012564626052422556,0.01097460883240667,0.012251333709293087,0.01631043742652899,0.015883838840349482,0.011679987148530581,0.008983069197776012,0.012525101953931691,0.01062551343923749,0.011223563383637808,0.012767886783161236,0.012552538061953932,0.014047853375694992,0.011453254853057983,0.012236652120730733,0.014157509642573469,0.013110713121525024,0.01113746832406672,0.012852841604447973,0.009779066211278793,0.0081598439872915,0.010568838697378872,0.009072470500397138,0.013570469308975378,0.010117039364575055
Soda ,0.009626245286735504,0.009862416854646543,0.04361668881810961,0.00940880492454329,0.009086566420969024,0.01116145243367752,0.013468321456711677,0.012014857154884826,0.012515679057982525,0.012316216641779188,0.010435834821286733,0.011546573183478952,0.01370229963463066,0.01608421125972994,0.013333832514694204,0.010401536737092931,0.013647512063542493,0.02064794659729944,0.019916887029388406,0.015893389958697376,0.015114627776012706,0.014072160999205722,0.016627190123907863,0.012778357741064332,0.015348540416203333,0.010275939634630662,0.008884521850675137,0.017858125289912624,0.01837594207625099,0.012838239966640193,0.009847392679904688,0.013891302027005559,0.012300701421763302,0.012756279699761716,0.014460159315329629,0.013764373456711675,0.01552423084670373,0.01282874108181096,0.014579935337569495,0.01585603517394758,0.01499024128514694,0.012874997069102464,0.014920883953931688,0.011092291444003175,0.009006413050039713,0.012357732374900714,0.012061387164416203,0.01619568869737887,0.011557302303415406
Beer ,0.006223027196187452,0.006679909038919776,0.00940880492454329,0.02342359472597299,0.004900323621922161,0.006979972803812549,0.008921501604447973,0.008381737124702145,0.00783178474980143,0.008520093979348688,0.006711799872915012,0.007128378204924543,0.008667895758538522,0.009917131787132645,0.007331770770452739,0.00596050837172359,0.008589748403494836,0.012082246227164415,0.01139474973788721,0.008319494487688641,0.009456356568705322,0.008730411088165208,0.010596691977760125,0.008770277490071485,0.008516331374106434,0.007362659857029387,0.006631747577442413,0.010635865067513899,0.009198999650516283,0.0072392824146147745,0.006543678729150118,0.010009145957108818,0.008494718316123903,0.00851170570293884,0.009733272438443208,0.009571856902303416,0.0106445429070691,0.008715725146942016,0.009247215536139792,0.009786681779189831,0.009905978268467036,0.008302149197776013,0.010370834630659253,0.007560587609213661,0.006011864082605242,0.008361520317712468,0.0070630980142970595,0.010240059316918187,0.007471211437648927
Smoke,0.008165188746624304,0.00810132511517077,0.009086566420969024,0.004900323621922161,0.05471967562192218,0.011140080085782367,0.011301469537728353,0.009554595961874501,0.008973496606830816,0.010402633124702144,0.009612419221604445,0.01030441712152502,0.01309242465448769,0.013790868651310564,0.01000085908816521,0.00883945056711676,0.011413045191421764,0.015924173385226364,0.01831601942811755,0.01381589102144559,0.014186143335980936,0.012548535691818906,0.013251677436060363,0.011633105505957106,0.01136627552660842,0.011182392088959487,0.014173730563939634,0.016219181731532965,0.016290593223193008,0.011946365525019858,0.010267970204924542,0.012900111186656073,0.010878144956314539,0.011138622783161238,0.014563774611596508,0.013729883402700555,0.015764856705321684,0.012414714379666405,0.013125838840349483,0.01605403857664813,0.014098034722795869,0.010952115091342333,0.013022628082605243,0.008657779806195393,0.008734882525814138,0.011484207720413028,0.008469109388403494,0.014303100571882447,0.010515473645750593
Toys ,0.009894784775218424,0.009461180921366165,0.01116145243367752,0.006979972803812549,0.011140080085782367,0.02641492781413821,0.015666582190627484,0.013018868440031766,0.013316758250992851,0.014094370408260528,0.011388680730738681,0.01253284432565528,0.015396948752978552,0.017260203869737888,0.012771963488482923,0.010920757286735503,0.016005602745035742,0.022969737936457506,0.02162385185861795,0.016739751045274028,0.017214821104050832,0.016246949885623512,0.01821594260683082,0.01444007047815727,0.01636690717077045,0.01362729426528991,0.01340383203335981,0.018813488149324858,0.01836363632883241,0.013343682228752977,0.009778644295472596,0.016061587072279584,0.013178325440826049,0.014345785205718825,0.01804411106115965,0.016716620440031776,0.01962755734074662,0.01539496693725179,0.01585188831612391,0.018346519672756155,0.017315938670373312,0.014533387315329627,0.016952038718030183,0.012525230544876885,0.010275655305798253,0.013319424352660841,0.012031245369340748,0.017334900929308977,0.01311554096902303
Fun  ,0.012233289683876089,0.011646638046068306,0.013468321456711677,0.008921501604447973,0.011301469537728353,0.015666582190627484,0.024559725844320892,0.015206635826846702,0.015862296789515486,0.01710753847815727,0.012969363844320887,0.013982248630659253,0.01754586093725179,0.020172193575853852,0.015876893845909453,0.013155994872120732,0.01798081084670373,0.026537824560762504,0.025017936195393168,0.01877585971882446,0.019647437386814928,0.018541452999205715,0.020930805720413028,0.016795899580619535,0.018301850999205716,0.014772399110405083,0.014741022581413814,0.022687711723590145,0.022343945828435262,0.015125792999205715,0.011663496432088959,0.01914807841461477,0.016011017974582997,0.016594802632247815,0.020412050552819694,0.019289988208101665,0.02231032337728356,0.017516270972200158,0.01868703679904686,0.02033267188880063,0.020290892236695796,0.016445915274027004,0.020736816430500397,0.015610334849880858,0.012375044138204923,0.015429939777601277,0.014538123113582204,0.020708080675139,0.015529190023828434
Books,0.011624154395552026,0.01039984249404289,0.012014857154884826,0.008381737124702145,0.009554595961874501,0.013018868440031766,0.015206635826846702,0.023671946324066717,0.013243756319301034,0.013898458656076248,0.011395914344718032,0.012025760112787926,0.01476133035742653,0.017375324308181096,0.014001017048451149,0.010603086074662428,0.015160220359015092,0.02201092779507545,0.020996407124702146,0.016147445990468624,0.016804970428911836,0.015211274346306597,0.018521319756949962,0.014183596254169978,0.016263363444003177,0.012024593010325654,0.01050627495631453,0.01900233628276409,0.018508094826052424,0.013266662829229545,0.010923761029388404,0.01649265374741859,0.013993918133439236,0.014567331753772837,0.016631784783161234,0.016211877742652894,0.017986067485305797,0.014916489180301829,0.01676534267672756,0.018324226589356625,0.017616475108816518,0.014304186235107227,0.017545176236695794,0.01339849483081811,0.011289636020651313,0.01432792023828435,0.01257759062748213,0.017844248411437644,0.013124349547259733
Hshld,0.01082118296425735,0.010392317887212075,0.012515679057982525,0.00783178474980143,0.008973496606830816,0.013316758250992851,0.015862296789515486,0.013243756319301034,0.021560282667196184,0.015265212314535344,0.011510540714853058,0.01237631774900715,0.01543829693407466,0.018543243424940428,0.014652280597299443,0.011561242528991262,0.01600030701826847,0.02351697806354249,0.02296344064336775,0.016752044516282764,0.01793211034948371,0.017068717828435262,0.01913448173312152,0.014460119119936457,0.017059642452740276,0.012916152565528192,0.015366512001588561,0.02093537965051628,0.020535475534551227,0.014374270886417793,0.010640327059571087,0.016433250455917394,0.014227792382843522,0.014861849606036544,0.017827555032565525,0.017081294943606034,0.019903899517077044,0.015580170050833994,0.016926643328038126,0.019201582198570294,0.017737590139793487,0.0149331923669579,0.01820249739952343,0.013480548543288322,0.01097240660047657,0.014029959348689438,0.012963823002382843,0.018148832525814135,0.013290760158856236
Clths,0.010524866668784749,0.0109527439872915,0.012316216641779188,0.008520093979348688,0.010402633124702144,0.014094370408260528,0.01710753847815727,0.013898458656076248,0.015265212314535344,0.022374380644956317,0.011994297950754565,0.012689644613185069,0.01574620165210484,0.019030301680698965,0.015050719281969814,0.01258628564892772,0.017273095606036536,0.025619824794281175,0.023715241620333595,0.018762587742652895,0.01876665950754567,0.017391316098490865,0.019846197216838758,0.015577520044479747,0.01818814677045274,0.013768131755361398,0.014734656171564728,0.021445484892772045,0.021243828581413812,0.015151481118347895,0.010853100638602063,0.017443007523431295,0.014356040349483717,0.015657533146942015,0.01820612277045274,0.017623668905480536,0.020105338217633047,0.01619447262271644,0.01785319586973788,0.020001578668784752,0.01931803590786338,0.01576408584590945,0.020774043469420172,0.01461438752025417,0.011759775822081018,0.014807294487688642,0.013772385798252577,0.019454594154090548,0.013842909102462274
Hlth ,0.00923579552025417,0.00917540575059571,0.010435834821286733,0.006711799872915012,0.009612419221604445,0.011388680730738681,0.012969363844320887,0.011395914344718032,0.011510540714853058,0.011994297950754565,0.016361041652104853,0.012409529340746623,0.015330364606830819,0.015446191580619535,0.012150138903891976,0.010311747132644955,0.013122115138999203,0.01912084136616362,0.01926049629864972,0.014150589769658457,0.015471542684670372,0.014716371119936452,0.015975041874503576,0.012440760921366166,0.013269244066719617,0.012061495599682287,0.012762061477362984,0.01815613023034154,0.016879787895154888,0.01279092082605242,0.009268476822875299,0.015117185893566318,0.011968322986497216,0.013345133629864968,0.01631661410643367,0.015777964988085785,0.01799964200158856,0.014591649944400311,0.01408106976965846,0.01632575599682288,0.01524903065925337,0.012933458109610801,0.014651270532168382,0.010726349070691026,0.008911872088959492,0.012079813947577442,0.010353848260524223,0.015225593995234309,0.011447248387609212
MedEq,0.010788579145353454,0.009538180571882446,0.011546573183478952,0.007128378204924543,0.01030441712152502,0.01253284432565528,0.013982248630659253,0.012025760112787926,0.01237631774900715,0.012689644613185069,0.012409529340746623,0.017040809612390788,0.017834095790309774,0.016520660543288324,0.013064391281969817,0.01128465084034948,0.014490778007942807,0.02045121554725973,0.02109159390786338,0.015206836903891978,0.01685481992851469,0.01646961652263701,0.016389480074662427,0.013760089598093729,0.014475541521842732,0.013351085178713263,0.015377139293089752,0.02025116833995234,0.020556747788721203,0.014733568500397143,0.009896983904686256,0.016093449744241466,0.013007205091342334,0.014699534327243843,0.01836607888959492,0.017613548338363778,0.020115571281969814,0.016433363302621126,0.014344127140587767,0.01633323024305004,0.015933893377283556,0.01412170490071485,0.01543027224940429,0.011359011812549643,0.009113875861795075,0.011839543494837174,0.010762370961080223,0.01631868888800635,0.01254226783161239
Drugs,0.012466321143764891,0.011779344845115171,0.01370229963463066,0.008667895758538522,0.01309242465448769,0.015396948752978552,0.01754586093725179,0.01476133035742653,0.01543829693407466,0.01574620165210484,0.015330364606830819,0.017834095790309774,0.02719205216838761,0.02063881366163622,0.015837413407466243,0.013593137601270846,0.017815530929308973,0.025485985925337563,0.02583277410643368,0.019341277648927718,0.020836290897537725,0.020459713137410646,0.02070378494042891,0.016718380905480543,0.017771426846703735,0.016990667164416207,0.019301985607625097,0.0245911835107228,0.024649167212073064,0.018167198760921363,0.01224085451945989,0.02027909845909452,0.015589914789515484,0.018314731374106434,0.023116289054805405,0.022143462779984115,0.025408030818109613,0.020703048355837965,0.017679309038919778,0.020122024336775218,0.02010547259729944,0.01728161483717236,0.019142629293089755,0.014073372295472597,0.01128025899920572,0.014829145766481335,0.013398802509928517,0.02039164575059571,0.015273232978554404
Chems,0.01502205258776807,0.013756895853852261,0.01608421125972994,0.009917131787132645,0.013790868651310564,0.017260203869737888,0.020172193575853852,0.017375324308181096,0.018543243424940428,0.019030301680698965,0.015446191580619535,0.016520660543288324,0.02063881366163622,0.031453928934074664,0.019735457798252583,0.015837602332009534,0.021688894570293882,0.030582426662430502,0.0340307967593328,0.02436236074980143,0.0255098656076251,0.023121420193804604,0.02491243784590945,0.02017188753613979,0.023256503663224785,0.018280925655281968,0.026255368451151707,0.03387329416997617,0.035023370764098484,0.023984026643367753,0.015035420962668787,0.021805209448768865,0.017844956981731535,0.019801993722001587,0.023632412695790313,0.022425684555996816,0.026447149172359012,0.021152252371723593,0.02297180390786338,0.027245619755361394,0.02377467144082606,0.020326569658459095,0.02210508665925337,0.016486799256552817,0.01403518821286735,0.017960529181890388,0.015906144845115166,0.023653873105639402,0.018439932136616363
Rubbr,0.010536714223987291,0.011070123113582206,0.013333832514694204,0.007331770770452739,0.01000085908816521,0.012771963488482923,0.015876893845909453,0.014001017048451149,0.014652280597299443,0.015050719281969814,0.012150138903891976,0.013064391281969817,0.015837413407466243,0.019735457798252583,0.029375984533756953,0.012446015644162032,0.01675577911358221,0.0235209280127085,0.0243818042573471,0.019651656667196184,0.019089435647339156,0.017458664895949164,0.019510852397140586,0.015633784629070693,0.01880629365528197,0.015144250611596504,0.017156810802223987,0.023246105416997617,0.02221739157426528,0.016398226929308972,0.011236384521048451,0.017463700759332804,0.014613925051628276,0.015709191370929305,0.018023669407466244,0.01752366701826847,0.020208145868149327,0.016178204238284352,0.01799738233518666,0.019952404346306584,0.018827046659253374,0.015577035138999206,0.017693452409849087,0.013474125960285943,0.01126984330420969,0.014156843335980936,0.012731052835583796,0.01801252927720413,0.014200138745035742
Txtls,0.008726543332803814,0.008386387132644956,0.010401536737092931,0.00596050837172359,0.00883945056711676,0.010920757286735503,0.013155994872120732,0.010603086074662428,0.011561242528991262,0.01258628564892772,0.010311747132644955,0.01128465084034948,0.013593137601270846,0.015837602332009534,0.012446015644162032,0.03185514823828435,0.013532103517077048,0.020798774182684665,0.02079313772835584,0.015999600324066717,0.015455763749007149,0.014203013191421757,0.015168260822875297,0.012521414023828432,0.01422231827164416,0.011325492549642574,0.017702468149324857,0.020671351421763302,0.019432097747418588,0.014227191015091342,0.008842444657664811,0.01416863764257347,0.011575593709293088,0.012488793925337568,0.015321274891183477,0.014654806824463856,0.017151273436060363,0.013776734036536934,0.014035075679110403,0.01605192183002383,0.014681489760127083,0.01299310014297061,0.014436700339952344,0.01074503422398729,0.008728018300238286,0.011194783574265291,0.010060058490865767,0.014734465258141382,0.011608345893566319
BldMt,0.013489452886417792,0.011977792565528198,0.013647512063542493,0.008589748403494836,0.011413045191421764,0.016005602745035742,0.01798081084670373,0.015160220359015092,0.01600030701826847,0.017273095606036536,0.013122115138999203,0.014490778007942807,0.017815530929308973,0.021688894570293882,0.01675577911358221,0.013532103517077048,0.023135771208895952,0.029890863593328047,0.028769535536139795,0.02094566817474186,0.02176608705321684,0.01986406537887212,0.022172227882446383,0.017907840209690228,0.020420916772041303,0.01605238760921366,0.01953179399523431,0.02754449318506751,0.027520871275615567,0.019495022678316123,0.013088652752978552,0.018833360959491653,0.015665736743447175,0.017354462277998407,0.0201817503669579,0.019205164041302618,0.022236364022239875,0.0179080159872915,0.019967524861000792,0.02260035753455123,0.021236801899920568,0.017709374106433678,0.020514213274027002,0.01502715579984115,0.012797671072279585,0.016022739507545673,0.015118504908657661,0.020882598061953927,0.015798809213661634
Cnstr,0.020114823517077038,0.016578027212073077,0.02064794659729944,0.012082246227164415,0.015924173385226364,0.022969737936457506,0.026537824560762504,0.02201092779507545,0.02351697806354249,0.025619824794281175,0.01912084136616362,0.02045121554725973,0.025485985925337563,0.030582426662430502,0.0235209280127085,0.020798774182684665,0.029890863593328047,0.05962811548689435,0.039957484360603646,0.029811716420969015,0.03090108722001588,0.027718913418586174,0.03226791656711676,0.024415843358220814,0.028641913639396346,0.02166697296266878,0.03036977106433677,0.039497117728355846,0.04115360600635425,0.02887024569817315,0.018666018166799046,0.027467812832406673,0.023365124201747415,0.025006415223193013,0.02876520466560762,0.02747457569976173,0.03122877025258141,0.025171191045274027,0.02874889003177124,0.031925084711675926,0.03040177705639396,0.025013432811755363,0.03148798598411437,0.02254679696902303,0.019710581342335186,0.02373586737092931,0.024442415504368542,0.03169378086576648,0.022758650230341536
Steel,0.019308229134233513,0.0174595298649722,0.019916887029388406,0.01139474973788721,0.01831601942811755,0.02162385185861795,0.025017936195393168,0.020996407124702146,0.02296344064336775,0.023715241620333595,0.01926049629864972,0.02109159390786338,0.02583277410643368,0.0340307967593328,0.0243818042573471,0.02079313772835584,0.028769535536139795,0.039957484360603646,0.055386307029388404,0.032211004646544875,0.03335078747418586,0.02979115503574265,0.031233931953931694,0.026941290786338366,0.03064027320095314,0.025663441715647342,0.042995509062748224,0.05069063728355837,0.05374219646544877,0.036320537132644964,0.019131599142176332,0.02726792096902304,0.02180191351072279,0.025198431779189828,0.029785322120730734,0.02836884321683875,0.03307930784749802,0.026498303518665604,0.02900238917394757,0.034388427688641775,0.03039995697378872,0.026754443947577436,0.027381457053216835,0.02067882033359809,0.017182949809372513,0.022028052343129465,0.020261858363780774,0.02986634008737093,0.023364885178713258
FabPr,0.0154282058649722,0.012980209324861002,0.015893389958697376,0.008319494487688641,0.01381589102144559,0.016739751045274028,0.01877585971882446,0.016147445990468624,0.016752044516282764,0.018762587742652895,0.014150589769658457,0.015206836903891978,0.019341277648927718,0.02436236074980143,0.019651656667196184,0.015999600324066717,0.02094566817474186,0.029811716420969015,0.032211004646544875,0.050772432424146134,0.02485967196981732,0.022623512440031773,0.02445080601588562,0.02121722332327244,0.024238799885623503,0.018537029356632248,0.02541146218427323,0.031758385782366956,0.03230903176012709,0.02228864395710881,0.013711325604447974,0.021509311253375695,0.017395606965845904,0.01921667977601271,0.02324982980301827,0.021490882127084984,0.025394188088959498,0.02015109995075457,0.022332448093725178,0.02528775996505162,0.02294964584749801,0.01979706502779985,0.021401735633042096,0.0162449834725973,0.01319067357426529,0.01688455801429706,0.01555290671961874,0.022913300516282768,0.017872608324066723
Mach ,0.015594803590150917,0.013445462509928511,0.015114627776012706,0.009456356568705322,0.014186143335980936,0.017214821104050832,0.019647437386814928,0.016804970428911836,0.01793211034948371,0.01876665950754567,0.015471542684670372,0.01685481992851469,0.020836290897537725,0.0255098656076251,0.019089435647339156,0.015455763749007149,0.02176608705321684,0.03090108722001588,0.03335078747418586,0.02485967196981732,0.028746451652104838,0.02362163989674345,0.024746985933280383,0.02077519356632248,0.023481169976171563,0.019281233391580624,0.026359356052422553,0.032832705337569504,0.03438628682287529,0.025092296338363778,0.014447802287529782,0.021923227783955522,0.017562204249404283,0.02021432941223193,0.02509372469420175,0.0236291755440826,0.028376382223987293,0.022220208554408264,0.021878771096108023,0.02497998791104051,0.023392308617950757,0.020406018816521043,0.02208251023828435,0.016399038157267672,0.013524792382843525,0.017275304289118346,0.01603227415409055,0.02383960191421763,0.017960730516282764
ElcEq,0.014056670583002383,0.012487253582208103,0.014072160999205722,0.008730411088165208,0.012548535691818906,0.016246949885623512,0.018541452999205715,0.015211274346306597,0.017068717828435262,0.017391316098490865,0.014716371119936452,0.01646961652263701,0.020459713137410646,0.023121420193804604,0.017458664895949164,0.014203013191421757,0.01986406537887212,0.027718913418586174,0.02979115503574265,0.022623512440031773,0.02362163989674345,0.027922364814932488,0.022669603394757747,0.018655784117553614,0.02028188735186656,0.018423128133439236,0.02270764586973788,0.028105690182684665,0.028604959401111994,0.020949571884034946,0.01269551362668785,0.020942576066719617,0.016946067696584587,0.01899567858459094,0.024040617872915015,0.022591361793486895,0.027012834443208896,0.020972360776806982,0.020025218467037333,0.02243871929785544,0.021384918206513105,0.01916653154090548,0.02048435261477363,0.015270218802223985,0.012544674956314537,0.01596072208101668,0.014785231326449563,0.02190882822081016,0.016977079618745033
Autos,0.015181854843526608,0.013839933042096901,0.016627190123907863,0.010596691977760125,0.013251677436060363,0.01821594260683082,0.020930805720413028,0.018521319756949962,0.01913448173312152,0.019846197216838758,0.015975041874503576,0.016389480074662427,0.02070378494042891,0.02491243784590945,0.019510852397140586,0.015168260822875297,0.022172227882446383,0.03226791656711676,0.031233931953931694,0.02445080601588562,0.024746985933280383,0.022669603394757747,0.03333041413661635,0.020224581785544083,0.023803946713264492,0.01900804044479746,0.019324008300238293,0.028746114837172355,0.028161334489277202,0.01938427997934869,0.014294476911834789,0.022388455628276408,0.018466985869737888,0.02000537420651311,0.023874942108022244,0.022601969250198573,0.02645187620969023,0.021360176748212865,0.023356649555202544,0.025944334846703738,0.025278352910246226,0.020429486123907863,0.024287461917394757,0.018110359510722793,0.014804146139793488,0.01851207420174742,0.01681366166799047,0.02455228606036537,0.018221253439237486
Aero ,0.012431979926926132,0.011421496997617154,0.012778357741064332,0.008770277490071485,0.011633105505957106,0.01444007047815727,0.016795899580619535,0.014183596254169978,0.014460119119936457,0.015577520044479747,0.012440760921366166,0.013760089598093729,0.016718380905480543,0.02017188753613979,0.015633784629070693,0.012521414023828432,0.017907840209690228,0.024415843358220814,0.026941290786338366,0.02121722332327244,0.02077519356632248,0.018655784117553614,0.020224581785544083,0.0333617851056394,0.01905743722954726,0.017560027545671163,0.015106177172359018,0.024326384050833996,0.024031123281969814,0.016999996158856234,0.011960762980142974,0.017655579837966638,0.01426293647339158,0.016342002189038914,0.019893217254964256,0.018692633229547263,0.02180931921207307,0.017611192467037334,0.018413426513105634,0.020260932257347094,0.019805275618745035,0.016824998713264493,0.018428486643367752,0.013879761988880064,0.011071826989674344,0.014628533153296265,0.012714998347895155,0.019930226449563146,0.014401192247815723
Ships,0.012922491335980935,0.012564626052422556,0.015348540416203333,0.008516331374106434,0.01136627552660842,0.01636690717077045,0.018301850999205716,0.016263363444003177,0.017059642452740276,0.01818814677045274,0.013269244066719617,0.014475541521842732,0.017771426846703735,0.023256503663224785,0.01880629365528197,0.01422231827164416,0.020420916772041303,0.028641913639396346,0.03064027320095314,0.024238799885623503,0.023481169976171563,0.02028188735186656,0.023803946713264492,0.01905743722954726,0.04250066151548848,0.018653073232724384,0.020527626624305007,0.02901218169976172,0.0303667913328038,0.020868675119936456,0.013551430347895153,0.019520871504368542,0.01610840632247815,0.018283223593328037,0.02050943556473391,0.020170178160444793,0.023337615688641778,0.018446487961874505,0.02115380260524226,0.023450608775218425,0.023529978884829234,0.019261714090548054,0.020848709178713266,0.016247557248610007,0.01318349181890389,0.01674275758538522,0.01564133779189833,0.022298740937251788,0.01685604130262113
Guns ,0.012579298808578238,0.01097460883240667,0.010275939634630662,0.007362659857029387,0.011182392088959487,0.01362729426528991,0.014772399110405083,0.012024593010325654,0.012916152565528192,0.013768131755361398,0.012061495599682287,0.013351085178713263,0.016990667164416207,0.018280925655281968,0.015144250611596504,0.011325492549642574,0.01605238760921366,0.02166697296266878,0.025663441715647342,0.018537029356632248,0.019281233391580624,0.018423128133439236,0.01900804044479746,0.017560027545671163,0.018653073232724384,0.0590062922319301,0.016234072756155675,0.023109020524225574,0.02781074840349483,0.018668098967434467,0.010790939126290701,0.01658664927720413,0.013624055917394759,0.015847309769658452,0.018481874281175537,0.01743467297855441,0.02044302233518665,0.016206412930897533,0.016581378999205722,0.018926531532962667,0.017222226973788723,0.015791007148530583,0.015341743383637807,0.012806735027799842,0.009787715774424147,0.01262412308181096,0.011675251278792695,0.017591123113582203,0.01354833534551231
Gold ,0.013715470436854652,0.012251333709293087,0.008884521850675137,0.006631747577442413,0.014173730563939634,0.01340383203335981,0.014741022581413814,0.01050627495631453,0.015366512001588561,0.014734656171564728,0.012762061477362984,0.015377139293089752,0.019301985607625097,0.026255368451151707,0.017156810802223987,0.017702468149324857,0.01953179399523431,0.03036977106433677,0.042995509062748224,0.02541146218427323,0.026359356052422553,0.02270764586973788,0.019324008300238293,0.015106177172359018,0.020527626624305007,0.016234072756155675,0.17163522007148527,0.06612182092136616,0.0548733401985703,0.041276183518665605,0.014399570230341538,0.01769125710881652,0.013308987760127084,0.017273521501191418,0.02052693486100079,0.02012110606036537,0.02523220799046863,0.020165125853852262,0.019193799245432883,0.023381740222398726,0.017799694098490866,0.02018155603653693,0.015096932764098485,0.011834509038919775,0.010086850651310564,0.012314055488482922,0.013584244003177126,0.02145492636219222,0.014873052295472599
Mines,0.020093219952343127,0.01631043742652899,0.017858125289912624,0.010635865067513899,0.016219181731532965,0.018813488149324858,0.022687711723590145,0.01900233628276409,0.02093537965051628,0.021445484892772045,0.01815613023034154,0.02025116833995234,0.0245911835107228,0.03387329416997617,0.023246105416997617,0.020671351421763302,0.02754449318506751,0.039497117728355846,0.05069063728355837,0.031758385782366956,0.032832705337569504,0.028105690182684665,0.028746114837172355,0.024326384050833996,0.02901218169976172,0.023109020524225574,0.06612182092136616,0.07833030770452741,0.06085621710881652,0.04140657876092137,0.018595094233518662,0.024717574868943607,0.020226925480540107,0.02357539111993645,0.027483124177918986,0.026500639666401905,0.030691034821286742,0.025032249324860992,0.0265407224305004,0.03218611444003178,0.02778927947577442,0.025757510548054013,0.024447953057982523,0.018254025131056388,0.015487562366957907,0.019296863383637806,0.019058624050833996,0.028156959412231924,0.022321448895949166
Coal ,0.019383870652899125,0.015883838840349482,0.01837594207625099,0.009198999650516283,0.016290593223193008,0.01836363632883241,0.022343945828435262,0.018508094826052424,0.020535475534551227,0.021243828581413812,0.016879787895154888,0.020556747788721203,0.024649167212073064,0.035023370764098484,0.02221739157426528,0.019432097747418588,0.027520871275615567,0.04115360600635425,0.05374219646544877,0.03230903176012709,0.03438628682287529,0.028604959401111994,0.028161334489277202,0.024031123281969814,0.0303667913328038,0.02781074840349483,0.0548733401985703,0.06085621710881652,0.1106890280206513,0.05536869727243844,0.02111107028435266,0.02393099520571882,0.01962437778395552,0.023821647874503575,0.02590711539793487,0.024603741631453537,0.028333205156473383,0.023841235038919776,0.025700228888006358,0.03169774960127085,0.02680881684352661,0.0255524481731533,0.022851627359809376,0.01789537399205719,0.01420933255758538,0.018685089388403495,0.019265714154090546,0.02650514475774425,0.023370441493248614
Oil  ,0.013100420034948372,0.011679987148530581,0.012838239966640193,0.0072392824146147745,0.011946365525019858,0.013343682228752977,0.015125792999205715,0.013266662829229545,0.014374270886417793,0.015151481118347895,0.01279092082605242,0.014733568500397143,0.018167198760921363,0.023984026643367753,0.016398226929308972,0.014227191015091342,0.019495022678316123,0.02887024569817315,0.036320537132644964,0.02228864395710881,0.025092296338363778,0.020949571884034946,0.01938427997934869,0.016999996158856234,0.020868675119936456,0.018668098967434467,0.041276183518665605,0.04140657876092137,0.05536869727243844,0.050493410533756944,0.016490664540111197,0.017546897782366955,0.014196530270055598,0.01739455624940429,0.01870876851628276,0.017994251658459092,0.02074460680222399,0.01727790665448769,0.01846341568705322,0.022135575469420177,0.017956203401111995,0.018519823312152496,0.01606048057347101,0.011896100454328831,0.010173149253375695,0.013635974408260523,0.014363098363780778,0.01916606146942017,0.016231218649722004
Util ,0.00920098823828435,0.008983069197776012,0.009847392679904688,0.006543678729150118,0.010267970204924542,0.009778644295472596,0.011663496432088959,0.010923761029388404,0.010640327059571087,0.010853100638602063,0.009268476822875299,0.009896983904686256,0.01224085451945989,0.015035420962668787,0.011236384521048451,0.008842444657664811,0.013088652752978552,0.018666018166799046,0.019131599142176332,0.013711325604447974,0.014447802287529782,0.01269551362668785,0.014294476911834789,0.011960762980142974,0.013551430347895153,0.010790939126290701,0.014399570230341538,0.018595094233518662,0.02111107028435266,0.016490664540111197,0.014842394700555995,0.01277644732644956,0.011158714344718032,0.01155773898649722,0.013027199536139792,0.012595670519459886,0.014005058325655281,0.011554351409054807,0.013556385258141382,0.01664630548689436,0.013885897931691815,0.011601926100079426,0.013542093070691022,0.009568554357426528,0.009152910436854646,0.01206361185067514,0.010396865925337569,0.014433154217633037,0.011347743034154088
Telcm,0.01365743092613185,0.012525101953931691,0.013891302027005559,0.010009145957108818,0.012900111186656073,0.016061587072279584,0.01914807841461477,0.01649265374741859,0.016433250455917394,0.017443007523431295,0.015117185893566318,0.016093449744241466,0.02027909845909452,0.021805209448768865,0.017463700759332804,0.01416863764257347,0.018833360959491653,0.027467812832406673,0.02726792096902304,0.021509311253375695,0.021923227783955522,0.020942576066719617,0.022388455628276408,0.017655579837966638,0.019520871504368542,0.01658664927720413,0.01769125710881652,0.024717574868943607,0.02393099520571882,0.017546897782366955,0.01277644732644956,0.0254912261731533,0.017096770468625892,0.018781381741064335,0.024044805963463062,0.02274353112946783,0.02626625411914217,0.02036546768228753,0.019906458379666404,0.022481815301032566,0.021684525423351864,0.01822630549642574,0.02122097266719618,0.015449382595710881,0.01290975286735504,0.016583271834789515,0.014617943891977759,0.0223136610166799,0.016312254646544875
PerSv,0.011050199237490071,0.01062551343923749,0.012300701421763302,0.008494718316123903,0.010878144956314539,0.013178325440826049,0.016011017974582997,0.013993918133439236,0.014227792382843522,0.014356040349483717,0.011968322986497216,0.013007205091342334,0.015589914789515484,0.017844956981731535,0.014613925051628276,0.011575593709293088,0.015665736743447175,0.023365124201747415,0.02180191351072279,0.017395606965845904,0.017562204249404283,0.016946067696584587,0.018466985869737888,0.01426293647339158,0.01610840632247815,0.013624055917394759,0.013308987760127084,0.020226925480540107,0.01962437778395552,0.014196530270055598,0.011158714344718032,0.017096770468625892,0.02279642140587768,0.015466221485305801,0.018089917037331215,0.0173543760841938,0.01981093367752184,0.016061202517871322,0.016923845631453535,0.018663928117553612,0.017901557291501193,0.014918731699761711,0.017930489110405085,0.013411474980142972,0.011308885885623511,0.014470921127879269,0.013213702938840347,0.018442576370135026,0.013422516822875296
BusSv,0.012523573134233516,0.011223563383637808,0.012756279699761716,0.00851170570293884,0.011138622783161238,0.014345785205718825,0.016594802632247815,0.014567331753772837,0.014861849606036544,0.015657533146942015,0.013345133629864968,0.014699534327243843,0.018314731374106434,0.019801993722001587,0.015709191370929305,0.012488793925337568,0.017354462277998407,0.025006415223193013,0.025198431779189828,0.01921667977601271,0.02021432941223193,0.01899567858459094,0.02000537420651311,0.016342002189038914,0.018283223593328037,0.015847309769658452,0.017273521501191418,0.02357539111993645,0.023821647874503575,0.01739455624940429,0.01155773898649722,0.018781381741064335,0.015466221485305801,0.018321335807783955,0.020677669116759327,0.019834122082605245,0.022908772737092933,0.018233619652104845,0.01802270544082605,0.019979562576648128,0.01938478441461477,0.016592235289912625,0.018781609990468625,0.01398711444638602,0.01150686299444003,0.01465134606830818,0.013417295345512309,0.01965980904686259,0.014700539920571881
Hardw,0.014855045928514698,0.012767886783161236,0.014460159315329629,0.009733272438443208,0.014563774611596508,0.01804411106115965,0.020412050552819694,0.016631784783161234,0.017827555032565525,0.01820612277045274,0.01631661410643367,0.01836607888959492,0.023116289054805405,0.023632412695790313,0.018023669407466244,0.015321274891183477,0.0201817503669579,0.02876520466560762,0.029785322120730734,0.02324982980301827,0.02509372469420175,0.024040617872915015,0.023874942108022244,0.019893217254964256,0.02050943556473391,0.018481874281175537,0.02052693486100079,0.027483124177918986,0.02590711539793487,0.01870876851628276,0.013027199536139792,0.024044805963463062,0.018089917037331215,0.020677669116759327,0.03308342108181095,0.0269582934217633,0.03275382993169182,0.024105873787132644,0.020684785456711676,0.024015321998411446,0.023138229342335195,0.0201967329706116,0.02239526740428911,0.016506262646544877,0.013150567061159649,0.016755688816521046,0.014745435361397935,0.023786562200158855,0.017653196314535345
Softw,0.014006768177918983,0.012552538061953932,0.013764373456711675,0.009571856902303416,0.013729883402700555,0.016716620440031776,0.019289988208101665,0.016211877742652894,0.017081294943606034,0.017623668905480536,0.015777964988085785,0.017613548338363778,0.022143462779984115,0.022425684555996816,0.01752366701826847,0.014654806824463856,0.019205164041302618,0.02747457569976173,0.02836884321683875,0.021490882127084984,0.0236291755440826,0.022591361793486895,0.022601969250198573,0.018692633229547263,0.020170178160444793,0.01743467297855441,0.02012110606036537,0.026500639666401905,0.024603741631453537,0.017994251658459092,0.012595670519459886,0.02274353112946783,0.0173543760841938,0.019834122082605245,0.0269582934217633,0.026712451232724387,0.02991240689118348,0.02272743442573471,0.019823100389197774,0.022750001146942013,0.022127654946783162,0.019076948776806983,0.021606882778395547,0.015648234414614774,0.012810091938046067,0.016290641254964256,0.014383186910246223,0.02282569289118348,0.016629080762509924
Chips,0.0161860122700556,0.014047853375694992,0.01552423084670373,0.0106445429070691,0.015764856705321684,0.01962755734074662,0.02231032337728356,0.017986067485305797,0.019903899517077044,0.020105338217633047,0.01799964200158856,0.020115571281969814,0.025408030818109613,0.026447149172359012,0.020208145868149327,0.017151273436060363,0.022236364022239875,0.03122877025258141,0.03307930784749802,0.025394188088959498,0.028376382223987293,0.027012834443208896,0.02645187620969023,0.02180931921207307,0.023337615688641778,0.02044302233518665,0.02523220799046863,0.030691034821286742,0.028333205156473383,0.02074460680222399,0.014005058325655281,0.02626625411914217,0.01981093367752184,0.022908772737092933,0.03275382993169182,0.02991240689118348,0.03911491667037331,0.027623282697378865,0.022725330691024618,0.02613961378236695,0.025374756667196186,0.02259158111199364,0.02452802780301827,0.0177626714725973,0.014361508165210483,0.01820286500397141,0.016101659666401907,0.02603472090548053,0.019150023288324058
LabEq,0.013187268638602066,0.011453254853057983,0.01282874108181096,0.008715725146942016,0.012414714379666405,0.01539496693725179,0.017516270972200158,0.014916489180301829,0.015580170050833994,0.01619447262271644,0.014591649944400311,0.016433363302621126,0.020703048355837965,0.021152252371723593,0.016178204238284352,0.013776734036536934,0.0179080159872915,0.025171191045274027,0.026498303518665604,0.02015109995075457,0.022220208554408264,0.020972360776806982,0.021360176748212865,0.017611192467037334,0.018446487961874505,0.016206412930897533,0.020165125853852262,0.025032249324860992,0.023841235038919776,0.01727790665448769,0.011554351409054807,0.02036546768228753,0.016061202517871322,0.018233619652104845,0.024105873787132644,0.02272743442573471,0.027623282697378865,0.02486620691183479,0.018684337370929303,0.021163623831612386,0.020469570816521045,0.017815507537728356,0.019486435979348685,0.014314036956314537,0.011502415718824464,0.014834165226370134,0.013045036695790308,0.020807253812549643,0.014974472629070689
