,Agric,Food ,Soda ,Beer ,Smoke,Toys ,Fun  ,Books,Hshld,Clths,Hlth ,MedEq,Drugs,Chems,Rubbr,Txtls,BldMt,Cnstr,Steel,FabPr,Mach ,ElcEq,Autos,Aero ,Ships,Guns ,Gold ,Mines,Coal ,Oil  ,Util ,Telcm,PerSv,BusSv,Hardw,Softw,Chips,LabEq,Paper,Boxes,Trans,Whlsl,Rtail,Meals,Banks,Insur,RlEst,Fin  ,Other
Agric,0.02813973912470214,0.008011192557585384,0.009525893455123112,0.006187304738681493,0.008457393100873708,0.009258394656076247,0.01091540718189039,0.010643233099285148,0.009665470071485304,0.009200688676727561,0.009239304155679109,0.01015321362827641,0.011801658581413823,0.012911021493248609,0.009317504077839555,0.00801780518189039,0.011700117320095313,0.01624589325178713,0.016878255720413023,0.012049496133439235,0.01368249525178713,0.012397577146942016,0.014016072549642574,0.011519434840349483,0.011810258619539318,0.009635795693407468,0.01203266377442414,0.017083838382843525,0.014831355779189832,0.010719954030182683,0.008665744540111197,0.012588272441620333,0.009566836910246228,0.011142713345512312,0.013509130814932489,0.012765644888006352,0.015041324305003973,0.011943235992057188,0.012133129709293089,0.013778504649722,0.012700610397140589,0.011087241922160446,0.012012430390786338,0.009119729480540108,0.007727377669579028,0.010528405356632247,0.009003938719618744,0.013236393620333596,0.009362424252581415
Food ,0.008011192557585384,0.011327509952343127,0.009128616378077839,0.00605455629070691,0.008713374559173948,0.00875330954725973,0.01064725090548054,0.009716050929308976,0.009677959189833201,0.009801316679904687,0.008928716775218427,0.00905992135822081,0.011389722676727563,0.012698508196981729,0.009853332271644161,0.007981188165210484,0.011090827998411436,0.014653466449563142,0.016148491850675135,0.011237715647339155,0.012502943042096901,0.011635985909451944,0.012893167323272439,0.010923327942811754,0.011278570714853059,0.009835522200158858,0.011074220889594914,0.014910140063542493,0.013769327776012705,0.010427541429706115,0.008551640317712468,0.011918344988085784,0.00937865552819698,0.010443351318506747,0.012089192247815725,0.012032055226370133,0.013589883542494042,0.01088274326449563,0.011113587132644959,0.013415363185067513,0.012113784567116757,0.010519444241461477,0.011626690349483715,0.00865195463065925,0.007232817434471803,0.010018214551231133,0.007641159142176328,0.01165210462271644,0.009293625536139792
Soda ,0.009525893455123112,0.009128616378077839,0.04130128168387609,0.008318954233518666,0.009430035377283558,0.010186477172359014,0.011777844050833994,0.010823155361397932,0.01154839050039714,0.01071716568705322,0.010010966767275616,0.010610799158061953,0.013007618506751386,0.01496633893566322,0.011896820254169976,0.00949683294678316,0.012632264829229545,0.017980490230341536,0.01872638710087371,0.014803661159650513,0.014207564845115171,0.012801363812549644,0.015312395138999206,0.012361898586179509,0.013920136949960289,0.009105178220810167,0.010042144177918984,0.0172618245274027,0.016987890786338364,0.012351396473391582,0.009513553328038125,0.012882259126290709,0.010685738189038917,0.01171186501985703,0.013251031135822081,0.012882702033359807,0.014612742970611596,0.01208854041302621,0.013153791739475774,0.015081126147736297,0.013426500285941221,0.012027822557585383,0.013044797791898332,0.009531442637013502,0.007872933137410642,0.011253604320889595,0.010280271834789514,0.014016375663224782,0.010663404019062751
Beer ,0.006187304738681493,0.00605455629070691,0.008318954233518666,0.024118439350277986,0.005411366829229548,0.006433281988880063,0.007945591909451944,0.00782670162351072,0.0073102396028594105,0.007686641166004765,0.0064418792724384435,0.006899433729944399,0.008756780840349483,0.00949564068308181,0.006911842222398729,0.005866179275615567,0.00809231153455123,0.010773319768069898,0.010966700162033358,0.007634045102462274,0.009082329669579031,0.008502894929308976,0.009748904098490867,0.008523063548848289,0.007370629685464655,0.006819487566322477,0.006454914284352661,0.010035135145353452,0.008826896077839555,0.006860344009531372,0.006329794592533757,0.009726079450357424,0.007562055003971405,0.008012379820492454,0.0095825482700556,0.00943128425575854,0.01061917761715647,0.008504404160444798,0.008549744247815726,0.00952279964892772,0.009068973717235902,0.007856540158856236,0.009418480090548052,0.0068189150373312146,0.005338935442414614,0.007888465518665608,0.006223564111199364,0.009117188162033359,0.006768669402700554
Smoke,0.008457393100873708,0.008713374559173948,0.009430035377283558,0.005411366829229548,0.05563699388562351,0.011837265493248612,0.01197941817791898,0.010151209003971406,0.009677740381254962,0.010460923949166003,0.009963766096902301,0.010452253561556789,0.013055536093725182,0.01418724922954726,0.00986936186020651,0.008768109461477361,0.012017989513899919,0.016005768047656868,0.0188858671771247,0.012699649099285143,0.014499493920571878,0.012360805563145352,0.014486685194598886,0.012346308174741855,0.010640732109610803,0.009465056214455918,0.012194871482128675,0.01581002564892772,0.014913794263701352,0.010950396292295472,0.010869318894360604,0.013897469429706117,0.010735368459094518,0.011254843737887207,0.014683070856235107,0.014181858381254965,0.016501166624304998,0.012547143083399527,0.013341760311358218,0.016767505529785544,0.014491434114376488,0.011269053931691819,0.013363411140587766,0.009046382468625892,0.008532635534551232,0.011992185601270852,0.00800827754090548,0.013497592235107221,0.010455102972200156
Toys ,0.009258394656076247,0.00875330954725973,0.010186477172359014,0.006433281988880063,0.011837265493248612,0.025173548949960288,0.01444369214297061,0.012227361722001586,0.012108795202541697,0.012594141807783952,0.011109318100079429,0.012068175783955517,0.014983378884829228,0.01592643126290707,0.011578947240667195,0.010435264889594918,0.014580790265289915,0.02043080423828435,0.020155316892772043,0.015297093731532962,0.016270726646544876,0.014925400756155675,0.017059464019062748,0.01342488779666402,0.014722302691024626,0.011598365204130262,0.013247332937251789,0.01761717577124702,0.016557127548848288,0.012226163952343131,0.009238976444797459,0.0150488458903892,0.011650263002382841,0.013370258783161237,0.01716435966957903,0.01607237259412232,0.01896764949960286,0.014745286208101668,0.01432661631135822,0.017385686335186657,0.01588207110405083,0.013479845432883239,0.01530490230976966,0.010922503053216839,0.008918415555202541,0.012319534818109611,0.010413474814932485,0.015150002821286736,0.012207759440826051
Fun  ,0.01091540718189039,0.01064725090548054,0.011777844050833994,0.007945591909451944,0.01197941817791898,0.01444369214297061,0.022563969720413024,0.013752861992057188,0.014252073756949958,0.014800447558379662,0.012559130729150117,0.013129626594122321,0.016624004897537722,0.018265128403494837,0.01372851708181096,0.01235501327720413,0.016132016405083396,0.02260146741540905,0.022750922071485304,0.016151755685464654,0.018185636058776804,0.01668506631612391,0.019172969706115966,0.015642715247021443,0.015925405971405876,0.012603685037331214,0.0138193335567911,0.020428643332803812,0.019353360757744232,0.013627754532168385,0.011000641194598888,0.01790200727243844,0.013639890873709294,0.014974996773629864,0.01889296287847498,0.018157016525814137,0.021173705178713264,0.016459120227164413,0.01633097672438443,0.01881748832883241,0.01832965403494837,0.01513166435266084,0.01824586654328832,0.013364078811755362,0.010475642155679109,0.01423295858300238,0.011890190271644159,0.01728845985067514,0.014122524881652103
Books,0.010643233099285148,0.009716050929308976,0.010823155361397932,0.00782670162351072,0.010151209003971406,0.012227361722001586,0.013752861992057188,0.02099793204765687,0.012335390436854648,0.012206016915011914,0.011340349299444006,0.011607615148530578,0.014251676454328831,0.01592422983320095,0.01251287778872121,0.010185064095313744,0.014162953728355835,0.019122432133439234,0.01946873373153296,0.013857833969817315,0.015624088870532175,0.014263351320095314,0.01728438754567117,0.01375312700238284,0.014253828250992848,0.010395737340746626,0.009537555177124703,0.017459422951548845,0.015489679129467828,0.011638715787132645,0.010391619272438443,0.01585334206195393,0.012185712978554405,0.013368984660841939,0.015821867215250196,0.015410540854646541,0.017488117680698963,0.014133784222398728,0.015093679599682285,0.01733280979825258,0.016030179698173157,0.01329407952343129,0.015768472571882446,0.011811300447974583,0.009687465976171561,0.013361759726767272,0.01021262601429706,0.01512408466401906,0.0120931173121525
Hshld,0.009665470071485304,0.009677959189833201,0.01154839050039714,0.0073102396028594105,0.009677740381254962,0.012108795202541697,0.014252073756949958,0.012335390436854648,0.020172081048451154,0.013426079904686259,0.011429542081016679,0.011769516997617158,0.01487199073868149,0.0170155583796664,0.012804397887212075,0.010891542303415406,0.014479726338363776,0.020063668117553616,0.021356198189038923,0.014857017633042095,0.01674763963463066,0.015813314249404287,0.017778884924543287,0.013956291151707705,0.014944986163621922,0.01126574861000794,0.01465097010325655,0.019192380810166797,0.01794046698967434,0.012957290357426529,0.010071450611596505,0.015585867768069896,0.012325962208101667,0.013645071532962669,0.017115822684670372,0.016414009038919774,0.019463004988085782,0.014899138379666403,0.015126893820492452,0.017965360079428117,0.016080799634630657,0.013880121016679904,0.016170614185861795,0.011701913232724383,0.009380912962668783,0.012982872692613188,0.010625691628276411,0.015602437045274026,0.01215231140587768
Clths,0.009200688676727561,0.009801316679904687,0.01071716568705322,0.007686641166004765,0.010460923949166003,0.012594141807783952,0.014800447558379662,0.012206016915011914,0.013426079904686259,0.02003036345671167,0.011176874420969027,0.011608680638602065,0.014805132590945194,0.01695703339158062,0.012850645124702144,0.011716439961874506,0.015157470395552024,0.02172390668149324,0.02123337834471803,0.016143203952343126,0.016986085048451158,0.015710378954725972,0.017697568260524224,0.01424340062907069,0.01585363399205719,0.011949470821286733,0.01439721624781572,0.019263327269261315,0.018301009839555203,0.013299196403494836,0.00990194462907069,0.015692656260524223,0.01193954339952343,0.014042283269261316,0.016818829648927718,0.016358119691818905,0.018795469896743442,0.015032839024622715,0.015348296673550439,0.01820309452899127,0.017005579205718827,0.01428468190627482,0.01797187056076251,0.012145444041302621,0.009855275733121524,0.013195965045274025,0.011120832171564734,0.016147172473391577,0.01244035235266084
Hlth ,0.009239304155679109,0.008928716775218427,0.010010966767275616,0.0064418792724384435,0.009963766096902301,0.011109318100079429,0.012559130729150117,0.011340349299444006,0.011429542081016679,0.011176874420969027,0.016723286042891184,0.012102669048451153,0.015400988177918988,0.015101781953931689,0.011782619218427324,0.010289555024622718,0.012767182687847496,0.017971195024622723,0.018843357115170767,0.013067447250198571,0.015246354938840344,0.01425059319459889,0.01572632413026211,0.012213935707704527,0.012678056924543287,0.011256508921366162,0.012413874541699762,0.01781992449245433,0.016186810265289914,0.012301664508339952,0.009314798938840348,0.01515763105321684,0.011209158077839556,0.012946412285941223,0.016249932092136616,0.015713526033359806,0.017990015726767276,0.014382036247815725,0.013570811545671167,0.016232832657664814,0.01475622104845115,0.012735565972994441,0.014137928632247816,0.01020665291818904,0.008357870312946783,0.01201395775694996,0.009326027793486895,0.013983136864177917,0.01087409454805401
MedEq,0.01015321362827641,0.00905992135822081,0.010610799158061953,0.006899433729944399,0.010452253561556789,0.012068175783955517,0.013129626594122321,0.011607615148530578,0.011769516997617158,0.011608680638602065,0.012102669048451153,0.01641166331850675,0.01732852269579031,0.015483478363780773,0.012154127366163621,0.010984961401111996,0.013655523038919776,0.01888736337092931,0.020001142011119934,0.013847781725178712,0.0160773985401112,0.015646968028594124,0.01571012579825258,0.01315065898649722,0.013533946149324861,0.012145190228752977,0.015129988349483718,0.019172532362192216,0.018607963658459094,0.013774925658459093,0.009759329988880062,0.015569305102462273,0.011989972795869733,0.013954547626687845,0.017728498281175536,0.01710755198888006,0.019558811421763304,0.015736024141382046,0.013467645229547258,0.015708977342335187,0.015161447728355839,0.013480372374900712,0.014422856189038916,0.010375273944400316,0.008545616112787927,0.011555884625893565,0.00949985525655282,0.01476624960127085,0.011906392417791898
Drugs,0.011801658581413823,0.011389722676727563,0.013007618506751386,0.008756780840349483,0.013055536093725182,0.014983378884829228,0.016624004897537722,0.014251676454328831,0.01487199073868149,0.014805132590945194,0.015400988177918988,0.01732852269579031,0.027345539080222397,0.01982452961080222,0.015055160239872915,0.013372285124702142,0.017043649720413025,0.02368217614932486,0.02476851886894361,0.017490859806195393,0.020093318034948373,0.01970967800158856,0.02018152322478157,0.016317802122319293,0.01684653465131056,0.015773551019857026,0.01851165896425734,0.023299627396346306,0.022604221015091342,0.017042450525814132,0.01228107797299444,0.020184324648133443,0.014569497736298646,0.017648661974582997,0.02302290208737092,0.021952532058776803,0.025297526115965054,0.0203122585401112,0.016708302328832407,0.01981409202700556,0.01952455760921366,0.016758391024622715,0.01834736764575059,0.01299547466878475,0.010589505240667195,0.01469763970770453,0.01184376364098491,0.0186715407974583,0.014645287658459096
Chems,0.012911021493248609,0.012698508196981729,0.01496633893566322,0.00949564068308181,0.01418724922954726,0.01592643126290707,0.018265128403494837,0.01592422983320095,0.0170155583796664,0.01695703339158062,0.015101781953931689,0.015483478363780773,0.01982452961080222,0.02892687100873709,0.01770793424940429,0.015028753359809372,0.019851086624305004,0.026542832597299438,0.031061899761715646,0.02120494440031771,0.023478070675138997,0.021268299602859413,0.023060546179507542,0.01904135517077045,0.02070837987291501,0.015659621302621125,0.023590693852263703,0.030187634249404287,0.02934060681493248,0.02098043577442414,0.014333123812549642,0.02059965375694996,0.015713556235107225,0.018225520587768065,0.022281433836378078,0.02132344160444797,0.025443010992851473,0.020008672231930102,0.02074976514694202,0.025589198173153294,0.021849434297061154,0.01886135256552819,0.020031710675138998,0.014378987895154885,0.012323374090548051,0.01690025436060365,0.013566302938840346,0.020328956219221605,0.017140086814932485
Rubbr,0.009317504077839555,0.009853332271644161,0.011896820254169976,0.006911842222398729,0.00986936186020651,0.011578947240667195,0.01372851708181096,0.01251287778872121,0.012804397887212075,0.012850645124702144,0.011782619218427324,0.012154127366163621,0.015055160239872915,0.01770793424940429,0.025969046054011125,0.011566404552819697,0.01490203964892772,0.01984103505321683,0.02215437376965846,0.016759990513105633,0.017252138273232725,0.015710460019062747,0.01710039140587768,0.014466696038125497,0.01617357560444797,0.013162852942017475,0.01669480377760127,0.021209715307386814,0.019099746829229547,0.014962357753772833,0.010232603247021447,0.01601491111358221,0.012230188665607628,0.014089116271644159,0.016503853763304207,0.016081793027799846,0.018840064765687052,0.015045506578236693,0.01566753708657665,0.018460687038919777,0.016357762851469424,0.01417454664019063,0.015128956875297854,0.010860368139793488,0.009474558457505956,0.012890332956314534,0.010154378764098491,0.014931436079428116,0.012839236570293885
Txtls,0.00801780518189039,0.007981188165210484,0.00949683294678316,0.005866179275615567,0.008768109461477361,0.010435264889594918,0.01235501327720413,0.010185064095313744,0.010891542303415406,0.011716439961874506,0.010289555024622718,0.010984961401111996,0.013372285124702142,0.015028753359809372,0.011566404552819697,0.032362104965845906,0.012663096320889597,0.019091206951548853,0.020068943110405083,0.014893316136616359,0.014774246192216045,0.013588919256552819,0.014658592692613184,0.012279724123907862,0.013013168956314531,0.010486569852263702,0.017678648718030182,0.019514932575059568,0.01761699420810166,0.013604007586973785,0.00882445811596505,0.013748554973788721,0.010859762748212865,0.011933927749007148,0.014870399593328037,0.014399425648927716,0.016933300238284345,0.013495677722001586,0.013173761010325653,0.015404868285941222,0.014261356203335981,0.012352921239078636,0.013487026144559173,0.009613914891183477,0.007963727774424143,0.0107845221223193,0.0090049589706116,0.013349700511517076,0.011472545394757745
BldMt,0.011700117320095313,0.011090827998411436,0.012632264829229545,0.00809231153455123,0.012017989513899919,0.014580790265289915,0.016132016405083396,0.014162953728355835,0.014479726338363776,0.015157470395552024,0.012767182687847496,0.013655523038919776,0.017043649720413025,0.019851086624305004,0.01490203964892772,0.012663096320889597,0.02114099896902303,0.02595902391421763,0.026468454474980144,0.018591128533756947,0.020132988033359812,0.01822258096584591,0.020359798109610805,0.016761601404289117,0.018186951401111994,0.014016194571882447,0.018464847310563946,0.025199714525814133,0.024527274695790306,0.01781098766322478,0.01237921105003971,0.01764971671803018,0.013596414845115166,0.015856740837172357,0.0188531445528197,0.01807653756791104,0.021136277855440824,0.016808212484511517,0.017694377226370135,0.020978987861795074,0.019253802915011914,0.016339420603653693,0.018219401615567912,0.013148562567116755,0.011029550470214457,0.014738945741064333,0.01273653446862589,0.01788733392851469,0.014496198362192214
Cnstr,0.01624589325178713,0.014653466449563142,0.017980490230341536,0.010773319768069898,0.016005768047656868,0.02043080423828435,0.02260146741540905,0.019122432133439234,0.020063668117553616,0.02172390668149324,0.017971195024622723,0.01888736337092931,0.02368217614932486,0.026542832597299438,0.01984103505321683,0.019091206951548853,0.02595902391421763,0.051446708492454314,0.035586902888006346,0.025155687002382847,0.027462677232724383,0.024546884054011113,0.02815009648927721,0.022121874528991267,0.02386230522319301,0.018255869613979344,0.02820740900397141,0.0351288426624305,0.03507928535980937,0.02594148425099285,0.017111295478951547,0.024540230716441618,0.019449133963463063,0.02188545400794281,0.02588607644797458,0.025004608841938048,0.028852654646544875,0.02279289179666402,0.02435069371882447,0.028286612749801425,0.026313928498808575,0.022337822144559177,0.026644704333598095,0.018349664025416993,0.016159441324861003,0.02066695325814138,0.020015499145353458,0.025686187977760122,0.020235868127084986
Steel,0.016878255720413023,0.016148491850675135,0.01872638710087371,0.010966700162033358,0.0188858671771247,0.020155316892772043,0.022750922071485304,0.01946873373153296,0.021356198189038923,0.02123337834471803,0.018843357115170767,0.020001142011119934,0.02476851886894361,0.031061899761715646,0.02215437376965846,0.020068943110405083,0.026468454474980144,0.035586902888006346,0.05236699593963462,0.02834582542335186,0.03104756029229548,0.02773332777760127,0.029107332930897532,0.025536657200953137,0.027931962103256547,0.022517437356632246,0.04020895260365369,0.0467538687974583,0.047663044117553614,0.03332258158538523,0.018281116969023035,0.025890824413026207,0.0195962224305004,0.023352145137410636,0.028005084530579826,0.026895388956314537,0.03168504956314535,0.025189280425734716,0.026327098058776807,0.03251939921842732,0.02833447529785544,0.025028799936457503,0.025074976781572677,0.01826861530103257,0.015451899304209685,0.02100341500873709,0.01775172704686259,0.026251400343129457,0.021687148765687052
FabPr,0.012049496133439235,0.011237715647339155,0.014803661159650513,0.007634045102462274,0.012699649099285143,0.015297093731532962,0.016151755685464654,0.013857833969817315,0.014857017633042095,0.016143203952343126,0.013067447250198571,0.013847781725178712,0.017490859806195393,0.02120494440031771,0.016759990513105633,0.014893316136616359,0.018591128533756947,0.025155687002382847,0.02834582542335186,0.04812671273073868,0.021898719593328037,0.020134807205718818,0.021273780206513104,0.019311745556791104,0.02120155527243844,0.016412032273232728,0.024480497893566322,0.028297792260524233,0.02591706368864177,0.01938838822557586,0.012589894888006353,0.01948106968705321,0.014399302271644161,0.016933122007942808,0.020516623688641777,0.01917378126767275,0.022923684003177125,0.018046083221604448,0.01944987213343924,0.022495774246227163,0.020300650389197775,0.017744889626687844,0.0184073994344718,0.014016206373312147,0.011261963482128674,0.015001119186656078,0.013020414513105639,0.019182488,0.016039769289912627
Mach ,0.01368249525178713,0.012502943042096901,0.014207564845115171,0.009082329669579031,0.014499493920571878,0.016270726646544876,0.018185636058776804,0.015624088870532175,0.01674763963463066,0.016986085048451158,0.015246354938840344,0.0160773985401112,0.020093318034948373,0.023478070675138997,0.017252138273232725,0.014774246192216045,0.020132988033359812,0.027462677232724383,0.03104756029229548,0.021898719593328037,0.0270295636203336,0.022126679056393955,0.02311071455123113,0.01987688233200953,0.021389254327243847,0.017119651868149323,0.024600526884829235,0.030015603650516275,0.030020391893566326,0.022925870592533752,0.013765512838760919,0.021039088003177123,0.015815707362986493,0.018777821332803812,0.023999815586973786,0.022671503928514695,0.027522358713264493,0.021247697351866563,0.01998807801111994,0.02357174011596505,0.021902392494042893,0.019204098919777604,0.020358885860206517,0.01468071776330421,0.012081655372517874,0.016444635469420172,0.014080111034154087,0.02095724450516282,0.01664203563621922
ElcEq,0.012397577146942016,0.011635985909451944,0.012801363812549644,0.008502894929308976,0.012360805563145352,0.014925400756155675,0.01668506631612391,0.014263351320095314,0.015813314249404287,0.015710378954725972,0.01425059319459889,0.015646968028594124,0.01970967800158856,0.021268299602859413,0.015710460019062747,0.013588919256552819,0.01822258096584591,0.024546884054011113,0.02773332777760127,0.020134807205718818,0.022126679056393955,0.02660485376330421,0.02096894602065131,0.017681317191421766,0.018004087158061954,0.015983389029388406,0.021417635323272437,0.026098375396346307,0.02484604368228753,0.019026574856235108,0.01217425971088165,0.019913869057982526,0.015242346100079426,0.017662315911040512,0.022983766684670375,0.021582330233518666,0.026098491088165202,0.020053608962668786,0.018237068263701348,0.021155677620333598,0.020052932025416994,0.017916649563145353,0.018675401947577434,0.013565091545671168,0.011093895278792693,0.015046279891977762,0.012828818401906271,0.01917678447021445,0.015568223132644957
Autos,0.014016072549642574,0.012893167323272439,0.015312395138999206,0.009748904098490867,0.014486685194598886,0.017059464019062748,0.019172969706115966,0.01728438754567117,0.017778884924543287,0.017697568260524224,0.01572632413026211,0.01571012579825258,0.02018152322478157,0.023060546179507542,0.01710039140587768,0.014658592692613184,0.020359798109610805,0.02815009648927721,0.029107332930897532,0.021273780206513104,0.02311071455123113,0.02096894602065131,0.031629433232724394,0.019588252581413817,0.021436369674344716,0.01649257764892772,0.01776122846703733,0.026184389451945993,0.023842023621922157,0.01731678551231136,0.01367363510722796,0.021513431993645745,0.016260060317712474,0.018511361000794282,0.022710014328832406,0.021791176346306586,0.02581189884034948,0.020428190516282762,0.021156941477362988,0.024609131771247017,0.023328733391580623,0.019049281239078633,0.02200267461477363,0.015764383415409058,0.012790408149324863,0.0174134340587768,0.013962460619539313,0.021106090071485305,0.017008973613979343
Aero ,0.011519434840349483,0.010923327942811754,0.012361898586179509,0.008523063548848289,0.012346308174741855,0.01342488779666402,0.015642715247021443,0.01375312700238284,0.013956291151707705,0.01424340062907069,0.012213935707704527,0.01315065898649722,0.016317802122319293,0.01904135517077045,0.014466696038125497,0.012279724123907862,0.016761601404289117,0.022121874528991267,0.025536657200953137,0.019311745556791104,0.01987688233200953,0.017681317191421766,0.019588252581413817,0.03292088625258141,0.01804472284034948,0.015784455015091344,0.014450911752184274,0.022944469477362978,0.021434577131056398,0.015414324187450357,0.011732082675138996,0.017075334068308176,0.012966791453534552,0.0154615882573471,0.01889981500238284,0.01792793524384432,0.02119707615567911,0.016987068333598095,0.01706734188403495,0.0197311322573471,0.01912269178713265,0.016097743510722795,0.017198340759332797,0.012466733032565529,0.010132121563145352,0.01438775846862589,0.011144320368546463,0.017977495332803805,0.013507632400317706
Ships,0.011810258619539318,0.011278570714853059,0.013920136949960289,0.007370629685464655,0.010640732109610803,0.014722302691024626,0.015925405971405876,0.014253828250992848,0.014944986163621922,0.01585363399205719,0.012678056924543287,0.013533946149324861,0.01684653465131056,0.02070837987291501,0.01617357560444797,0.013013168956314531,0.018186951401111994,0.02386230522319301,0.027931962103256547,0.02120155527243844,0.021389254327243847,0.018004087158061954,0.021436369674344716,0.01804472284034948,0.039866778298649715,0.015803618190627478,0.019727330252581412,0.026585762792692612,0.025729004506751394,0.018745794945194592,0.01211325746147736,0.017632502999205716,0.013367346187450354,0.01649832843367752,0.0188191339030977,0.01852209970293884,0.021915662128673553,0.017089606613185065,0.018531649099285147,0.021584546120730738,0.020861964662430506,0.017419959888800633,0.01789157698014297,0.013394100638602064,0.010840039836378077,0.014849514007942812,0.01252658687212073,0.018706335243844317,0.015611772252581412
Guns ,0.009635795693407468,0.009835522200158858,0.009105178220810167,0.006819487566322477,0.009465056214455918,0.011598365204130262,0.012603685037331214,0.010395737340746626,0.01126574861000794,0.011949470821286733,0.011256508921366162,0.012145190228752977,0.015773551019857026,0.015659621302621125,0.013162852942017475,0.010486569852263702,0.014016194571882447,0.018255869613979344,0.022517437356632246,0.016412032273232728,0.017119651868149323,0.015983389029388406,0.01649257764892772,0.015784455015091344,0.015803618190627478,0.05600581982366958,0.015773868794281165,0.020370811949166002,0.023868632935663225,0.01661466084511517,0.009668435564733914,0.014308929661636218,0.011877171127879269,0.013974728643367748,0.016586690942017472,0.01565745040031771,0.01868608306592534,0.014741952195393164,0.013943578382843528,0.017068144189038917,0.014759392208101667,0.014304432676727558,0.013128434727561556,0.010633663015091343,0.008374658861000793,0.011531781782366954,0.009647076670373312,0.014544609982525809,0.011414137024622717
Gold ,0.01203266377442414,0.011074220889594914,0.010042144177918984,0.006454914284352661,0.012194871482128675,0.013247332937251789,0.0138193335567911,0.009537555177124703,0.01465097010325655,0.01439721624781572,0.012413874541699762,0.015129988349483718,0.01851165896425734,0.023590693852263703,0.01669480377760127,0.017678648718030182,0.018464847310563946,0.02820740900397141,0.04020895260365369,0.024480497893566322,0.024600526884829235,0.021417635323272437,0.01776122846703733,0.014450911752184274,0.019727330252581412,0.015773868794281165,0.17701922637648926,0.0638244780428912,0.04960116959809373,0.0388856522446386,0.014037673918983317,0.017067013769658457,0.01284179915806195,0.016992780355837966,0.019767479129467833,0.019355720664019062,0.024099303034154085,0.019275093626687844,0.017853309019857027,0.022205280695790308,0.01726739204130262,0.01945828946783161,0.01449983519301032,0.011271085706115961,0.009722800924543288,0.012205656565528194,0.013870487173947581,0.02048224555361398,0.013186727971405876
Mines,0.017083838382843525,0.014910140063542493,0.0172618245274027,0.010035135145353452,0.01581002564892772,0.01761717577124702,0.020428643332803812,0.017459422951548845,0.019192380810166797,0.019263327269261315,0.01781992449245433,0.019172532362192216,0.023299627396346306,0.030187634249404287,0.021209715307386814,0.019514932575059568,0.025199714525814133,0.0351288426624305,0.0467538687974583,0.028297792260524233,0.030015603650516275,0.026098375396346307,0.026184389451945993,0.022944469477362978,0.026585762792692612,0.020370811949166002,0.0638244780428912,0.07512399599046861,0.05268106331056394,0.0377052447593328,0.017664874922954727,0.023064196308181094,0.018679760397140584,0.02178386805083399,0.025783756289118345,0.024935542598888003,0.029070294614773628,0.023524086109610796,0.024153929080222392,0.029662028635424942,0.026174591056393963,0.02414892209690231,0.022194699631453537,0.016294825200953135,0.014001272683081809,0.01836854035901509,0.017163607548848294,0.02485649873232724,0.02061631664177919
Coal ,0.014831355779189832,0.013769327776012705,0.016987890786338364,0.008826896077839555,0.014913794263701352,0.016557127548848288,0.019353360757744232,0.015489679129467828,0.01794046698967434,0.018301009839555203,0.016186810265289914,0.018607963658459094,0.022604221015091342,0.02934060681493248,0.019099746829229547,0.01761699420810166,0.024527274695790306,0.03507928535980937,0.047663044117553614,0.02591706368864177,0.030020391893566326,0.02484604368228753,0.023842023621922157,0.021434577131056398,0.025729004506751394,0.023868632935663225,0.04960116959809373,0.05268106331056394,0.09850054101826844,0.049576301594916605,0.0197528127974583,0.021471493048451147,0.017086697752184268,0.020916808875297854,0.02271722912787926,0.022073393437648924,0.025516704257347103,0.021416189275615564,0.022080923532962666,0.028333273310563928,0.023666897895154887,0.02296034406671962,0.020247710892772042,0.014643100708498811,0.012543144100079425,0.01735100534392375,0.016814837185067513,0.021984175262907066,0.02022306192057188
Oil  ,0.010719954030182683,0.010427541429706115,0.012351396473391582,0.006860344009531372,0.010950396292295472,0.012226163952343131,0.013627754532168385,0.011638715787132645,0.012957290357426529,0.013299196403494836,0.012301664508339952,0.013774925658459093,0.017042450525814132,0.02098043577442414,0.014962357753772833,0.013604007586973785,0.01781098766322478,0.02594148425099285,0.03332258158538523,0.01938838822557586,0.022925870592533752,0.019026574856235108,0.01731678551231136,0.015414324187450357,0.018745794945194592,0.01661466084511517,0.0388856522446386,0.0377052447593328,0.049576301594916605,0.04773284854011119,0.015557071745830027,0.01616387703891978,0.012729754011119932,0.015805038058776807,0.017064508092136613,0.01662666501350278,0.019225623256552818,0.015903266506751387,0.016353353067513902,0.020162326903891976,0.016360917950754564,0.01719982370135028,0.014432355548848294,0.01025592842573471,0.00929193647974583,0.01277371456076251,0.012784690185861794,0.016517854633836378,0.014714219866560761
Util ,0.008665744540111197,0.008551640317712468,0.009513553328038125,0.006329794592533757,0.010869318894360604,0.009238976444797459,0.011000641194598888,0.010391619272438443,0.010071450611596505,0.00990194462907069,0.009314798938840348,0.009759329988880062,0.01228107797299444,0.014333123812549642,0.010232603247021447,0.00882445811596505,0.01237921105003971,0.017111295478951547,0.018281116969023035,0.012589894888006353,0.013765512838760919,0.01217425971088165,0.01367363510722796,0.011732082675138996,0.01211325746147736,0.009668435564733914,0.014037673918983317,0.017664874922954727,0.0197528127974583,0.015557071745830027,0.014513884187450359,0.012579468187450357,0.01003042366957903,0.010987173267672755,0.012882992813343925,0.012384753493248609,0.01399396073073868,0.01126788289753773,0.012643579895154885,0.01611528413661636,0.013033585162827637,0.01116292298649722,0.012608001099285145,0.00850994112152502,0.008217621185067511,0.011552585264495631,0.008862894246227163,0.012795713340746626,0.010666901451945987
Telcm,0.012588272441620333,0.011918344988085784,0.012882259126290709,0.009726079450357424,0.013897469429706117,0.0150488458903892,0.01790200727243844,0.01585334206195393,0.015585867768069896,0.015692656260524223,0.01515763105321684,0.015569305102462273,0.020184324648133443,0.02059965375694996,0.01601491111358221,0.013748554973788721,0.01764971671803018,0.024540230716441618,0.025890824413026207,0.01948106968705321,0.021039088003177123,0.019913869057982526,0.021513431993645745,0.017075334068308176,0.017632502999205716,0.014308929661636218,0.017067013769658457,0.023064196308181094,0.021471493048451147,0.01616387703891978,0.012579468187450357,0.025400751701350272,0.015573180508339949,0.01774060155361398,0.02322759924384432,0.02220014412390786,0.025917207084988087,0.019831372050833993,0.018386614671961878,0.02165525662589356,0.020274863685464658,0.01733932613185067,0.01960878563621922,0.013895627075456711,0.011470250538522636,0.015947046125496425,0.012390093776012705,0.019547710328832405,0.015102731923749006
PerSv,0.009566836910246228,0.00937865552819698,0.010685738189038917,0.007562055003971405,0.010735368459094518,0.011650263002382841,0.013639890873709294,0.012185712978554405,0.012325962208101667,0.01193954339952343,0.011209158077839556,0.011989972795869733,0.014569497736298646,0.015713556235107225,0.012230188665607628,0.010859762748212865,0.013596414845115166,0.019449133963463063,0.0195962224305004,0.014399302271644161,0.015815707362986493,0.015242346100079426,0.016260060317712474,0.012966791453534552,0.013367346187450354,0.011877171127879269,0.01284179915806195,0.018679760397140584,0.017086697752184268,0.012729754011119932,0.01003042366957903,0.015573180508339949,0.019933365138999206,0.0138793102700556,0.016598339793486894,0.016127137577442413,0.018641811294678314,0.014857567887212075,0.014441749960285938,0.016914739610802223,0.015522840738681494,0.01335569552025417,0.015092936195393172,0.010897843081810958,0.009301088347895154,0.012685367625099284,0.01046624584590945,0.014880345003971406,0.011847810953137411
BusSv,0.011142713345512312,0.010443351318506747,0.01171186501985703,0.008012379820492454,0.011254843737887207,0.013370258783161237,0.014974996773629864,0.013368984660841939,0.013645071532962669,0.014042283269261316,0.012946412285941223,0.013954547626687845,0.017648661974582997,0.018225520587768065,0.014089116271644159,0.011933927749007148,0.015856740837172357,0.02188545400794281,0.023352145137410636,0.016933122007942808,0.018777821332803812,0.017662315911040512,0.018511361000794282,0.0154615882573471,0.01649832843367752,0.013974728643367748,0.016992780355837966,0.02178386805083399,0.020916808875297854,0.015805038058776807,0.010987173267672755,0.01774060155361398,0.0138793102700556,0.01703161134074662,0.019658296667196186,0.018879701656870532,0.02199438041302621,0.017308423277204135,0.016164528813343924,0.01882213930579825,0.017858510254169974,0.015446566846703735,0.016920692198570293,0.012306921798252582,0.010112352354249402,0.013789358424146149,0.011304281741064334,0.0169816202319301,0.013661990949960283
Hardw,0.013509130814932489,0.012089192247815725,0.013251031135822081,0.0095825482700556,0.014683070856235107,0.01716435966957903,0.01889296287847498,0.015821867215250196,0.017115822684670372,0.016818829648927718,0.016249932092136616,0.017728498281175536,0.02302290208737092,0.022281433836378078,0.016503853763304207,0.014870399593328037,0.0188531445528197,0.02588607644797458,0.028005084530579826,0.020516623688641777,0.023999815586973786,0.022983766684670375,0.022710014328832406,0.01889981500238284,0.0188191339030977,0.016586690942017472,0.019767479129467833,0.025783756289118345,0.02271722912787926,0.017064508092136613,0.012882992813343925,0.02322759924384432,0.016598339793486894,0.019658296667196186,0.03263703011278792,0.026420672349483722,0.0323208666878475,0.02362746542335187,0.019077441880857818,0.023124321150119136,0.02196139320095314,0.019297264050833998,0.021085265912629075,0.015005182074662431,0.011864147221604447,0.01621293608260524,0.012970436899126291,0.021214998106433677,0.016682808552819697
Softw,0.012765644888006352,0.012032055226370133,0.012882702033359807,0.00943128425575854,0.014181858381254965,0.01607237259412232,0.018157016525814137,0.015410540854646541,0.016414009038919774,0.016358119691818905,0.015713526033359806,0.01710755198888006,0.021952532058776803,0.02132344160444797,0.016081793027799846,0.014399425648927716,0.01807653756791104,0.025004608841938048,0.026895388956314537,0.01917378126767275,0.022671503928514695,0.021582330233518666,0.021791176346306586,0.01792793524384432,0.01852209970293884,0.01565745040031771,0.019355720664019062,0.024935542598888003,0.022073393437648924,0.01662666501350278,0.012384753493248609,0.02220014412390786,0.016127137577442413,0.018879701656870532,0.026420672349483722,0.026306422956314537,0.029565207259729942,0.022244982447974578,0.018352400978554412,0.021925619556791103,0.021076744360603653,0.018275646624305003,0.02041084894837173,0.014313528743447178,0.011624194899126288,0.01586022248768864,0.012699388231930104,0.02041566111517076,0.01582853216997617
Chips,0.015041324305003973,0.013589883542494042,0.014612742970611596,0.01061917761715647,0.016501166624304998,0.01896764949960286,0.021173705178713264,0.017488117680698963,0.019463004988085782,0.018795469896743442,0.017990015726767276,0.019558811421763304,0.025297526115965054,0.025443010992851473,0.018840064765687052,0.016933300238284345,0.021136277855440824,0.028852654646544875,0.03168504956314535,0.022923684003177125,0.027522358713264493,0.026098491088165202,0.02581189884034948,0.02119707615567911,0.021915662128673553,0.01868608306592534,0.024099303034154085,0.029070294614773628,0.025516704257347103,0.019225623256552818,0.01399396073073868,0.025917207084988087,0.018641811294678314,0.02199438041302621,0.0323208666878475,0.029565207259729942,0.03903047393169182,0.027294598713264492,0.021335093216838765,0.025496156616362193,0.02464412144559174,0.021840887847498013,0.023503196870532168,0.016531796473391577,0.013343780127084988,0.01806488590945195,0.01454187100873709,0.023762394408260522,0.018427725321683876
LabEq,0.011943235992057188,0.01088274326449563,0.01208854041302621,0.008504404160444798,0.012547143083399527,0.014745286208101668,0.016459120227164413,0.014133784222398728,0.014899138379666403,0.015032839024622715,0.014382036247815725,0.015736024141382046,0.0203122585401112,0.020008672231930102,0.015045506578236693,0.013495677722001586,0.016808212484511517,0.02279289179666402,0.025189280425734716,0.018046083221604448,0.021247697351866563,0.020053608962668786,0.020428190516282762,0.016987068333598095,0.017089606613185065,0.014741952195393164,0.019275093626687844,0.023524086109610796,0.021416189275615564,0.015903266506751387,0.01126788289753773,0.019831372050833993,0.014857567887212075,0.017308423277204135,0.02362746542335187,0.022244982447974578,0.027294598713264492,0.02434145031135822,0.017288069223193005,0.02046923512470215,0.01948227862589357,0.016942869722001586,0.018448261243844317,0.013154234668784749,0.010521955725178712,0.014361512559173947,0.011525178700555997,0.018735905499602856,0.01411355593486894
