,Agric,Food ,Soda ,Beer ,Smoke,Toys ,Fun  ,Books,Hshld,Clths,Hlth ,MedEq,Drugs,Chems,Rubbr,Txtls,BldMt,Cnstr,Steel,FabPr,Mach ,ElcEq,Autos,Aero ,Ships,Guns ,Gold ,Mines,Coal ,Oil  ,Util ,Telcm,PerSv,BusSv,Hardw,Softw,Chips,LabEq,Paper,Boxes,Trans,Whlsl,Rtail,Meals,Banks,Insur,RlEst,Fin  ,Other
Agric,0.03239209400953138,0.009381598254169978,0.010501608942017472,0.006392231855440826,0.009011248886417793,0.010245950970611595,0.012803018571882449,0.0126531211898332,0.011223850961080221,0.011159423391580619,0.009363987127879267,0.010938332465448767,0.012602528767275615,0.015763711790309765,0.0115523327974583,0.009265382055599682,0.014224680573471007,0.021411119485305795,0.020048451949166,0.016928865612390785,0.016090888606830816,0.0144005462700556,0.016294022851469418,0.01325398562192216,0.014162751520254167,0.012502243405877684,0.013626789291501186,0.020307586600476567,0.019249697791898324,0.013114668319301033,0.009523468640190625,0.014425170324066717,0.01188798588562351,0.012838669264495629,0.015103392425734712,0.014197135331215251,0.016217116230341545,0.013479865884034948,0.015366624305003967,0.01601345122954726,0.015163561458300237,0.012860980422557584,0.01480194790786338,0.01117394107386815,0.0098383954725973,0.011975182454328832,0.011165335667990469,0.01668043588721207,0.011689615612390784
Food ,0.009381598254169978,0.012350975788721208,0.010427396586179508,0.006889450273232724,0.00831817808737093,0.009771087980937253,0.012308773771247023,0.011219807324861004,0.010844545067513903,0.01154642896743447,0.009265172617950753,0.009647260576648135,0.011894757015091344,0.014267015421763302,0.011557251158061952,0.008800449461477362,0.012457472627482124,0.017293897448768858,0.01779717327720413,0.013259848065131053,0.013697566516282764,0.012922750759332805,0.014505927871326449,0.01181653247180302,0.01330094903574265,0.01097898973153296,0.011791667102462272,0.016269427569499603,0.015499420524225574,0.01122920840826052,0.009179374092136617,0.012986170803812548,0.011210328204924545,0.011603286001588562,0.012958256565528197,0.012733640713264495,0.014156296573471007,0.01153678415567911,0.01323308158856235,0.014901110104845114,0.014029286325655282,0.011508808298649718,0.013498196270055596,0.010450392428911836,0.008704577617156472,0.011204768300238286,0.009800605205718824,0.014225583048451151,0.01068007862112788
Soda ,0.010501608942017472,0.010427396586179508,0.04429457108657664,0.009612481942811753,0.009777435637807783,0.011589606030182685,0.014598159620333595,0.013368756821286734,0.01324843977760127,0.013186840119142175,0.010699048366957902,0.011782426047656872,0.01401590282605242,0.016786278684670374,0.014096691463065926,0.011162412301826847,0.014387835728355837,0.02150623297220016,0.020442988406671962,0.016330475699761718,0.01578761925019857,0.014733118549642574,0.017615877609213657,0.013417234184273232,0.016299044324066713,0.01088163520889595,0.008594179490071487,0.017699142073073864,0.01777518420969023,0.012594990876886416,0.010347543000794279,0.014553699331215251,0.013178779324861,0.013356140622716442,0.015019492505162825,0.014316305577442418,0.016014637866560766,0.01324349495472597,0.015851679269261322,0.01656518344559174,0.016360777629864973,0.01347050417156473,0.01587260630341541,0.01220103823034154,0.00969913828435266,0.013167421008737093,0.013061649679110407,0.017137078635424942,0.012176408622716439
Beer ,0.006392231855440826,0.006889450273232724,0.009612481942811753,0.02420816808737092,0.005028988305003971,0.006899820225575852,0.00924683754884829,0.008792246517871326,0.00805700044479746,0.008724016100079427,0.006659470371723589,0.00713976856076251,0.008656422165210485,0.009937952285941222,0.007588104927720412,0.0062297756441620335,0.008818386063542495,0.012498677318506754,0.01113794566163622,0.008117940843526609,0.009521744028594122,0.00860912015726767,0.01073615570293884,0.008869653507545672,0.008911041610802223,0.007424091069102462,0.005881745374106433,0.010314651842732322,0.007979940397140586,0.006653649640984908,0.006799091092930896,0.009969308583002386,0.008848081119936459,0.008639987377283557,0.009669480768864178,0.009510335563145353,0.010443715852263702,0.008660399710881651,0.009846010293884032,0.009657568392374903,0.010119851828435264,0.008404247104050836,0.010422235259729948,0.007970265674344718,0.0065114610484511525,0.008656084964257344,0.00779514465607625,0.010647489177124702,0.007620818579825257
Smoke,0.009011248886417793,0.00831817808737093,0.009777435637807783,0.005028988305003971,0.052660941896743446,0.01101659646703733,0.01224272690389198,0.01049088516918189,0.009480771278792694,0.010914754297061159,0.009379101639396347,0.009946501099285146,0.012820271158061955,0.014190938541699763,0.010604434338363779,0.009171107679110401,0.011937656085782369,0.016096741057982523,0.017684204403494837,0.01309018573153296,0.013966648781572675,0.012395735920571882,0.014072838332009528,0.011558036559173942,0.01203929555520254,0.010853950856235108,0.012819737115170766,0.01561596865766481,0.013848866910246222,0.010836266659253375,0.010280482881652108,0.01278446372359015,0.010942921382049244,0.011035814538522634,0.014205287231135823,0.013307689795075454,0.015070573569499599,0.011957114795869734,0.013914042319301035,0.01684768313582208,0.014626133356632248,0.010979400915011914,0.013354467653693405,0.009211215021445594,0.00931464235107228,0.01230420239872915,0.009102682760921365,0.014671026125496424,0.010689905111993645
Toys ,0.010245950970611595,0.009771087980937253,0.011589606030182685,0.006899820225575852,0.01101659646703733,0.026499137321683876,0.01609932219857029,0.01347062696743447,0.013532994757744242,0.01440954389197776,0.01114013129150119,0.012296100441620335,0.014983600533756946,0.017376864444797458,0.013053191301032567,0.011161898738681491,0.016134850459094515,0.023522916447974582,0.02183731762986497,0.01674305835107228,0.017235270773629872,0.016256444937251785,0.018436768864177912,0.01480597454487689,0.016970810846703727,0.013563089938046068,0.013423459564733915,0.01885315208895949,0.018490608927720413,0.012999474548054012,0.009787882090548051,0.016137733877680697,0.013374839904686256,0.014329926779984114,0.01778064296743447,0.016636822087370932,0.01921099829706116,0.015075778992851471,0.016361118157267672,0.01853565838919777,0.01784937314058777,0.014677009410643366,0.01726518572200159,0.013069706916600476,0.010617970071485306,0.013645386020651308,0.012582156619539315,0.017723409156473392,0.013503423815726764
Fun  ,0.012803018571882449,0.012308773771247023,0.014598159620333595,0.00924683754884829,0.01224272690389198,0.01609932219857029,0.025753764160444795,0.01670705709451946,0.01668793525019857,0.018162367092930894,0.013246615016679899,0.014177924293884031,0.017803841383637803,0.021169161791898337,0.016857570522637012,0.013893268047656868,0.01887815407307387,0.02766398167434471,0.025707113769658455,0.019548572401906272,0.020230825261318502,0.019168924945194593,0.022224978339952343,0.01738198363939634,0.0194979837934869,0.014872829509134234,0.014426005609213657,0.02293696035742653,0.021626574583002385,0.014860954889594916,0.011952361780778397,0.02001739271008737,0.01693443271644162,0.017269185413820488,0.02087083477045274,0.01960014512946783,0.022611033872915014,0.017935835434471803,0.020368302748212865,0.021590134330420965,0.021867332139793486,0.017100123564733914,0.02183547696902303,0.01684199112629071,0.013297800365369343,0.01639296539316918,0.015940300408260527,0.021941186305003975,0.016561274617950754
Books,0.0126531211898332,0.011219807324861004,0.013368756821286734,0.008792246517871326,0.01049088516918189,0.01347062696743447,0.01670705709451946,0.025584798822875295,0.014109134011119935,0.015247995162827642,0.011539813132644957,0.012401795960285941,0.01512812300079428,0.01846003957426529,0.01531089619698173,0.01148245207942812,0.016226409358220808,0.023486976324066714,0.021855314379666403,0.017078703436060362,0.01754847421445592,0.01588345287847498,0.019954711413820492,0.015224949164416203,0.017812403243844324,0.012546398640190625,0.010410880395552023,0.019172033002382845,0.017616894837172357,0.012828489145353455,0.011276103985702939,0.017501891642573472,0.015327320992851468,0.015444776714853057,0.017385733680698966,0.016880450676727565,0.018530401107227958,0.015347934922954722,0.018579394694201747,0.01953879529626687,0.019341811815726768,0.015151834656076248,0.018998145620333598,0.014681795752184278,0.012464076902303417,0.015547293637807783,0.014271998463860205,0.019318515680698964,0.014298263173947575
Hshld,0.011223850961080221,0.010844545067513903,0.01324843977760127,0.00805700044479746,0.009480771278792694,0.013532994757744242,0.01668793525019857,0.014109134011119935,0.022166365496425734,0.01605787977760127,0.011561059158061954,0.012435073677521842,0.015437050198570295,0.019278066338363778,0.015374078506751392,0.011966791453534553,0.016660416552819694,0.024577523971405873,0.023621361969817317,0.017480123685464654,0.018442959841143764,0.017548540555996823,0.019993785226370134,0.015137498173153298,0.018118269864972197,0.013117325432883242,0.015675621826846703,0.021222706274821288,0.020423576330420967,0.014212668181096112,0.010856127116759333,0.017077931056393963,0.01501403104050834,0.015326760095313741,0.018125218522637012,0.017391396981731533,0.02015675313741065,0.015875217378872118,0.018070266052422557,0.019972759682287528,0.01897957544082605,0.015500055059571086,0.01901213928514694,0.014400000571882447,0.011591743796664018,0.014744674408260524,0.013995934741858618,0.01910198115965052,0.014087493979348685
Clths,0.011159423391580619,0.01154642896743447,0.013186840119142175,0.008724016100079427,0.010914754297061159,0.01440954389197776,0.018162367092930894,0.015247995162827642,0.01605787977760127,0.023488817593328035,0.012141232430500396,0.01290995009531374,0.015953607251787134,0.019868776838760923,0.015903773725178715,0.013008042732327241,0.018011165297855437,0.026825514757744244,0.024363716965845907,0.019276198451151708,0.019362836489277203,0.018094345631453526,0.020960881771247022,0.016292555957108816,0.0197305287847498,0.01408007189833201,0.014492827426528986,0.021562447680698968,0.020898258903891978,0.014624308284352657,0.011217174892772042,0.018268088077839556,0.015461824884829235,0.016264247355043684,0.01868642767275616,0.01809823692613185,0.020436900849880858,0.016467565385226368,0.0193580592533757,0.021128703947577442,0.02084071610802224,0.016474106306592535,0.021910668498808576,0.015884839348689436,0.012631533137410646,0.01588999524225575,0.015072174781572672,0.020742514829229546,0.01483526185861795
Hlth ,0.009363987127879267,0.009265172617950753,0.010699048366957902,0.006659470371723589,0.009379101639396347,0.01114013129150119,0.013246615016679899,0.011539813132644957,0.011561059158061954,0.012141232430500396,0.015839031820492455,0.012009151518665606,0.014840653498014294,0.015611361709293088,0.012363106986497218,0.010324903656870534,0.013205316732327244,0.019226507399523435,0.019184393305798252,0.014336998393963463,0.01529280825099285,0.014687531296266878,0.016093839324861,0.012360912576648132,0.01383445713423352,0.011865890725972994,0.013181680948371721,0.018012115671167592,0.016507422398729148,0.012267407499602858,0.00918716646068308,0.014877539852263701,0.01220603320889595,0.013156906411437649,0.015756172130262116,0.015259436081016679,0.017376782813343917,0.014233302560762509,0.014549103764892773,0.016576630162033357,0.015449913064336776,0.012933446716441619,0.014668660244638601,0.011024227320095312,0.009151303050039713,0.012207160929308973,0.010967011229547257,0.015398328725972991,0.011790765248610008
MedEq,0.010938332465448767,0.009647260576648135,0.011782426047656872,0.00713976856076251,0.009946501099285146,0.012296100441620335,0.014177924293884031,0.012401795960285941,0.012435073677521842,0.01290995009531374,0.012009151518665606,0.016442612567116762,0.01716897780301827,0.016698556276409846,0.013312009226370134,0.01130503153613979,0.01462523465131056,0.020268882681493246,0.020879043409054807,0.01539190805242256,0.016706227440826046,0.016352582622716442,0.016506116386020647,0.013544987032565526,0.014895530970611593,0.013115213394757741,0.01533211178236696,0.02004221100079428,0.019787948848292297,0.014202443957108818,0.00975466071008737,0.01583540592057188,0.013222089459888803,0.014525954957903098,0.017772611050039716,0.017109861386814928,0.01949803763463066,0.016128214459094514,0.01477549887212073,0.01654081044797458,0.01620656729785544,0.01409363006830818,0.01547015806830818,0.011656589194598888,0.009376633884034948,0.012041754368546462,0.011133117202541697,0.016462591521842734,0.012685698084193802
Drugs,0.012602528767275615,0.011894757015091344,0.01401590282605242,0.008656422165210485,0.012820271158061955,0.014983600533756946,0.017803841383637803,0.01512812300079428,0.015437050198570295,0.015953607251787134,0.014840653498014294,0.01716897780301827,0.02574633540746625,0.02093740608737093,0.016152225410643362,0.013686259355043683,0.01790851491818904,0.0254392063796664,0.025429916857823663,0.019421877907863382,0.02049712867037331,0.020394786365369337,0.020645922835583794,0.0166909382192216,0.01817346881969817,0.016648324517871325,0.01919914770293884,0.023965703105639398,0.02351132012708499,0.017346385682287527,0.01202495470849881,0.02002701766322478,0.015883932700555995,0.01809384070214456,0.02232152405401112,0.021365401955520252,0.0245615352613185,0.020117078179507548,0.018278829293089754,0.02038873786973789,0.02047845048133439,0.01723035646703733,0.019169990131850674,0.01422631959650516,0.011574300508339953,0.015080094861000792,0.013902170330420969,0.020417657841143768,0.015518883666401903
Chems,0.015763711790309765,0.014267015421763302,0.016786278684670374,0.009937952285941222,0.014190938541699763,0.017376864444797458,0.021169161791898337,0.01846003957426529,0.019278066338363778,0.019868776838760923,0.015611361709293088,0.016698556276409846,0.02093740608737093,0.032645293623510714,0.020643273753772833,0.01629064259253376,0.022338720521048447,0.031735547876092125,0.03516362544241461,0.025285110824463858,0.02616716308816521,0.02397652135980937,0.026214987609213657,0.021123489645750598,0.02440732488641779,0.018509217302621127,0.027027777620333603,0.034765007434471806,0.03609046195393169,0.02472090220174741,0.015371587914217631,0.022594552203335984,0.01878385343923749,0.02035360863542494,0.0239179796918189,0.02280220026687847,0.02675080898490866,0.021475225340746622,0.024349828403494835,0.028286991186656073,0.025051535542494046,0.021089364714853055,0.02315088286576648,0.01740385484988086,0.014793407688641779,0.018782307386814932,0.01701315034789515,0.024708212562351072,0.019305111618745034
Rubbr,0.0115523327974583,0.011557251158061952,0.014096691463065926,0.007588104927720412,0.010604434338363779,0.013053191301032567,0.016857570522637012,0.01531089619698173,0.015374078506751392,0.015903773725178715,0.012363106986497218,0.013312009226370134,0.016152225410643362,0.020643273753772833,0.030309546027005557,0.013012377594916597,0.017479565248610003,0.024717731380460684,0.0251253103542494,0.020233251297855442,0.019757928279586976,0.018098188988085778,0.020698874312946782,0.016391141756949962,0.01979233373788721,0.015528325744241461,0.01706103173312152,0.02360513982525814,0.021831187640984913,0.016359623809372517,0.011633914878474979,0.01818680135980937,0.015503286386020654,0.016330792324066718,0.018531330687847496,0.017991674732327243,0.020530691640984904,0.01644929931056394,0.019396871771247017,0.021035976355837965,0.02013208195710881,0.016299762357426528,0.018752468803812546,0.014528027647339157,0.012060208482922953,0.015128999078633834,0.013917406436854646,0.019247487281969816,0.01511033374424146
Txtls,0.009265382055599682,0.008800449461477362,0.011162412301826847,0.0062297756441620335,0.009171107679110401,0.011161898738681491,0.013893268047656868,0.01148245207942812,0.011966791453534553,0.013008042732327241,0.010324903656870534,0.01130503153613979,0.013686259355043683,0.01629064259253376,0.013012377594916597,0.032259036098490866,0.013896826649722003,0.02128964240826052,0.020992175968228746,0.016036089321683877,0.01573117110087371,0.014419055205718822,0.015811244829229545,0.013114174875297854,0.015247523386814928,0.011778689633042096,0.01711636632883241,0.02062343135822081,0.018370261127879272,0.013672576984908657,0.009064593366163621,0.014538882262112788,0.012163544273232725,0.012896273760127083,0.015538155158061952,0.014919733146942026,0.01733430222716442,0.013909284803812547,0.015014256076250992,0.01687125246068308,0.015527969385226366,0.013320874656076249,0.015021201410643366,0.011434529556791105,0.009405221572676726,0.011907814424146148,0.010759889861795074,0.015566716181096108,0.01223817599364575
BldMt,0.014224680573471007,0.012457472627482124,0.014387835728355837,0.008818386063542495,0.011937656085782369,0.016134850459094515,0.01887815407307387,0.016226409358220808,0.016660416552819694,0.018011165297855437,0.013205316732327244,0.01462523465131056,0.01790851491818904,0.022338720521048447,0.017479565248610003,0.013896826649722003,0.023784553485305795,0.030831793143764896,0.029234878662430498,0.021414980583002383,0.02218994357744241,0.020375418845115168,0.02312916453534551,0.018433025084988088,0.021445307129467826,0.01597994035901509,0.019397925656870534,0.02766460742652899,0.027148543351866554,0.01923653752660842,0.013375978667196187,0.01936359129626688,0.016501718768864176,0.0178108557553614,0.020409415771247014,0.019463888052422558,0.022376267153296263,0.01807335035107228,0.021205689912629073,0.02342068799205719,0.02243610183002383,0.018201397687053214,0.021318107088165207,0.01587495230182685,0.013534514455917392,0.016830101167593328,0.016294068366957903,0.021854848528991264,0.016611745213661638
Cnstr,0.021411119485305795,0.017293897448768858,0.02150623297220016,0.012498677318506754,0.016096741057982523,0.023522916447974582,0.02766398167434471,0.023486976324066714,0.024577523971405873,0.026825514757744244,0.019226507399523435,0.020268882681493246,0.0254392063796664,0.031735547876092125,0.024717731380460684,0.02128964240826052,0.030831793143764896,0.06131633655917394,0.04078074260206512,0.030872354268467034,0.031662410630659256,0.0285233685274027,0.03382524810166799,0.02544984148689436,0.030704751783955514,0.02210332552184273,0.03066873880222399,0.04016391278792693,0.040826384559173944,0.028370651990468627,0.018815365362986496,0.028123543472597302,0.024235762732327245,0.025618164142970617,0.02902241192692613,0.02775465296902304,0.031432069019857026,0.02546541651469419,0.030346086195393165,0.033535151733121535,0.03233939858935663,0.02579118999841144,0.0327382778268467,0.02401488223034154,0.02094710001588562,0.02505256031771247,0.025631384768864177,0.0331326378776807,0.02389574594440031
Steel,0.020048451949166,0.01779717327720413,0.020442988406671962,0.01113794566163622,0.017684204403494837,0.02183731762986497,0.025707113769658455,0.021855314379666403,0.023621361969817317,0.024363716965845907,0.019184393305798252,0.020879043409054807,0.025429916857823663,0.03516362544241461,0.0251253103542494,0.020992175968228746,0.029234878662430498,0.04078074260206512,0.05647853146306593,0.03345916745671168,0.033937582373312146,0.030505244457505947,0.03204610905480539,0.02748424000317713,0.03166661937410643,0.025525375110405077,0.04396779850992851,0.051955881413820494,0.05581507097696585,0.03702358637966641,0.01940471838284352,0.02749348982049245,0.022314010722795864,0.025411769048451154,0.029660288794281175,0.028367026938840353,0.03299391368705321,0.02631495239396346,0.030017538872120733,0.03544283256870532,0.03144438237331215,0.02726451334074663,0.02795644594757744,0.021274326652899127,0.01753328019062748,0.022393205321683873,0.02106086324702144,0.03046341060841938,0.024180500689436064
FabPr,0.016928865612390785,0.013259848065131053,0.016330475699761718,0.008117940843526609,0.01309018573153296,0.01674305835107228,0.019548572401906272,0.017078703436060362,0.017480123685464654,0.019276198451151708,0.014336998393963463,0.01539190805242256,0.019421877907863382,0.025285110824463858,0.020233251297855442,0.016036089321683877,0.021414980583002383,0.030872354268467034,0.03345916745671168,0.05125559703097696,0.025635383361397937,0.023340066066719616,0.025416216338363776,0.021517467598093726,0.0245591676791104,0.01901067486576648,0.02590004845591739,0.03291636569499603,0.034623396123907864,0.023875515264495627,0.014428880497220013,0.02194770348371724,0.017704011874503576,0.019597067694996025,0.02334488887053217,0.02189321627799841,0.02551125651945988,0.019894540584590944,0.023256758030182685,0.025927024579825254,0.02377888747577442,0.02027766549960286,0.02210380170929309,0.016685237652104844,0.013471542033359806,0.017333866012708497,0.01662191912787927,0.023623672608419376,0.018748167078633842
Mach ,0.016090888606830816,0.013697566516282764,0.01578761925019857,0.009521744028594122,0.013966648781572675,0.017235270773629872,0.020230825261318502,0.01754847421445592,0.018442959841143764,0.019362836489277203,0.01529280825099285,0.016706227440826046,0.02049712867037331,0.02616716308816521,0.019757928279586976,0.01573117110087371,0.02218994357744241,0.031662410630659256,0.033937582373312146,0.025635383361397937,0.029061430335186652,0.02387483620969023,0.02533976360603653,0.021111254706910245,0.024289672349483715,0.019171872133439235,0.026639822300238286,0.033416194996028596,0.03481809976171565,0.02533041511358221,0.014657622427323267,0.022125136136616364,0.017997646751389988,0.02035130574106434,0.024868631968228753,0.023459109328038123,0.028046183755361397,0.02202443975853852,0.02277862055599682,0.025692899822081013,0.024084639135822084,0.020688226007942814,0.022500084664019062,0.016879241289912632,0.014003435393169178,0.017678763796664016,0.016977425108816523,0.02439671752501986,0.018453664457505955
ElcEq,0.0144005462700556,0.012922750759332805,0.014733118549642574,0.00860912015726767,0.012395735920571882,0.016256444937251785,0.019168924945194593,0.01588345287847498,0.017548540555996823,0.018094345631453526,0.014687531296266878,0.016352582622716442,0.020394786365369337,0.02397652135980937,0.018098188988085778,0.014419055205718822,0.020375418845115168,0.0285233685274027,0.030505244457505947,0.023340066066719616,0.02387483620969023,0.02843054966004766,0.023533943153296263,0.019110614339952346,0.021157042011119936,0.01839666912152502,0.023279697596505163,0.028722455401111995,0.02956474967434471,0.021328324894360595,0.01274615759650516,0.021302883426528987,0.01743711295472597,0.019308400104845108,0.023925346109610796,0.02253652262589357,0.026777089628276407,0.02087766608737093,0.020973097887212078,0.023427580725972997,0.022255501181890396,0.01953016782843526,0.02116169385861795,0.015865402856235104,0.013010267498014295,0.016546850428911835,0.015728107115170767,0.022550981116759333,0.0176905567974583
Autos,0.016294022851469418,0.014505927871326449,0.017615877609213657,0.01073615570293884,0.014072838332009528,0.018436768864177912,0.022224978339952343,0.019954711413820492,0.019993785226370134,0.020960881771247022,0.016093839324861,0.016506116386020647,0.020645922835583794,0.026214987609213657,0.020698874312946782,0.015811244829229545,0.02312916453534551,0.03382524810166799,0.03204610905480539,0.025416216338363776,0.02533976360603653,0.023533943153296263,0.034874083042096896,0.021385775623510718,0.02544810864177919,0.019252937633042092,0.019409626600476564,0.028974926219221594,0.027899556536934076,0.019249228284352663,0.014674337053216838,0.023104514225575856,0.019619676481334388,0.020544870007942806,0.024306002128673548,0.022882238514694196,0.026613716322478158,0.02159974387609213,0.025134574646544876,0.02753752640984909,0.026871259682287523,0.02122846675138999,0.02551076047656871,0.019288933010325655,0.015940357855440825,0.019761053606036538,0.018218372049245434,0.02590256906274821,0.019337573598093724
Aero ,0.01325398562192216,0.01181653247180302,0.013417234184273232,0.008869653507545672,0.011558036559173942,0.01480597454487689,0.01738198363939634,0.015224949164416203,0.015137498173153298,0.016292555957108816,0.012360912576648132,0.013544987032565526,0.0166909382192216,0.021123489645750598,0.016391141756949962,0.013114174875297854,0.018433025084988088,0.02544984148689436,0.02748424000317713,0.021517467598093726,0.021111254706910245,0.019110614339952346,0.021385775623510718,0.03385050735345513,0.020556392568705326,0.01771061856076251,0.015064660093725181,0.02452921184273233,0.023591293534551225,0.016332488764098495,0.01212167196028594,0.017721269084988084,0.014470188061953928,0.01646619180619539,0.019931195666401905,0.018503922924543288,0.021598266810166796,0.017523987726767273,0.01944113261318506,0.021448294327243846,0.020760111450357426,0.017285516721207306,0.019240230195393167,0.014795818913423355,0.01177813872915012,0.01533232458300238,0.01363885730420969,0.02075169801588562,0.01522470355520254
Ships,0.014162751520254167,0.01330094903574265,0.016299044324066713,0.008911041610802223,0.01203929555520254,0.016970810846703727,0.0194979837934869,0.017812403243844324,0.018118269864972197,0.0197305287847498,0.01383445713423352,0.014895530970611593,0.01817346881969817,0.02440732488641779,0.01979233373788721,0.015247523386814928,0.021445307129467826,0.030704751783955514,0.03166661937410643,0.0245591676791104,0.024289672349483715,0.021157042011119936,0.02544810864177919,0.020556392568705326,0.04447147214614772,0.019295339208895947,0.020468163911040498,0.029198118935663226,0.029873998919777593,0.020641513591739477,0.013971785293089754,0.02068929109134233,0.017256752454328835,0.019054348142970613,0.02142588450516282,0.020954353388403492,0.023873427682287528,0.01901454708816521,0.022801339444003175,0.024805002036536933,0.025391657480540102,0.020220729321683874,0.022599475907863383,0.01771923915488483,0.014515520476568705,0.01812428548054011,0.01694462696425734,0.023952154849880856,0.018227529061159646
Guns ,0.012502243405877684,0.01097898973153296,0.01088163520889595,0.007424091069102462,0.010853950856235108,0.013563089938046068,0.014872829509134234,0.012546398640190625,0.013117325432883242,0.01408007189833201,0.011865890725972994,0.013115213394757741,0.016648324517871325,0.018509217302621127,0.015528325744241461,0.011778689633042096,0.01597994035901509,0.02210332552184273,0.025525375110405077,0.01901067486576648,0.019171872133439235,0.01839666912152502,0.019252937633042092,0.01771061856076251,0.019295339208895947,0.05901800562986498,0.01673882205559968,0.02310570967434471,0.02725901766481334,0.01836459318824464,0.010579515431294678,0.01675463898967434,0.01382054354249404,0.015842924816521047,0.01816527452263702,0.017274617594916598,0.020120358557585385,0.015985970745035744,0.01688696778395552,0.01941063711517077,0.017424760489277206,0.015724887841143766,0.015703296915011912,0.013002790875297857,0.010424668880063541,0.012963821795075457,0.011781873436060363,0.018089208190627485,0.013721242713264496
Gold ,0.013626789291501186,0.011791667102462272,0.008594179490071487,0.005881745374106433,0.012819737115170766,0.013423459564733915,0.014426005609213657,0.010410880395552023,0.015675621826846703,0.014492827426528986,0.013181680948371721,0.01533211178236696,0.01919914770293884,0.027027777620333603,0.01706103173312152,0.01711636632883241,0.019397925656870534,0.03066873880222399,0.04396779850992851,0.02590004845591739,0.026639822300238286,0.023279697596505163,0.019409626600476564,0.015064660093725181,0.020468163911040498,0.01673882205559968,0.17343434964098486,0.06779585732327242,0.05845629518665609,0.04382812150436853,0.014491565955520253,0.017911402889594915,0.012793125965051628,0.0172989805274027,0.02061575579348689,0.020034160652899122,0.025245104538522634,0.020079314875297856,0.019349696330420968,0.023377323667990467,0.01770128094996028,0.020430505124702143,0.015021721092930896,0.011335195053216836,0.010336359348689437,0.01202240402700556,0.013086418622716445,0.021692048309769663,0.01501730110881652
Mines,0.020307586600476567,0.016269427569499603,0.017699142073073864,0.010314651842732322,0.01561596865766481,0.01885315208895949,0.02293696035742653,0.019172033002382845,0.021222706274821288,0.021562447680698968,0.018012115671167592,0.02004221100079428,0.023965703105639398,0.034765007434471806,0.02360513982525814,0.02062343135822081,0.02766460742652899,0.04016391278792693,0.051955881413820494,0.03291636569499603,0.033416194996028596,0.028722455401111995,0.028974926219221594,0.02452921184273233,0.029198118935663226,0.02310570967434471,0.06779585732327242,0.07988733050833996,0.06403527672756157,0.04328346850675138,0.018757069698173152,0.024796018403494834,0.02036688922160445,0.02368469526608419,0.027220175440826045,0.02625697964257347,0.030439756100079433,0.024655246211278792,0.026936873899920565,0.03251682432883241,0.02818148897537728,0.026089187609213665,0.02442396470214456,0.0181629954090548,0.015544402271644159,0.019076502406671962,0.019572907362986496,0.02822373621127879,0.02276107714058776
Coal ,0.019249697791898324,0.015499420524225574,0.01777518420969023,0.007979940397140586,0.013848866910246222,0.018490608927720413,0.021626574583002385,0.017616894837172357,0.020423576330420967,0.020898258903891978,0.016507422398729148,0.019787948848292297,0.02351132012708499,0.03609046195393169,0.021831187640984913,0.018370261127879272,0.027148543351866554,0.040826384559173944,0.05581507097696585,0.034623396123907864,0.03481809976171565,0.02956474967434471,0.027899556536934076,0.023591293534551225,0.029873998919777593,0.02725901766481334,0.05845629518665609,0.06403527672756157,0.11863565864972202,0.058725727339158054,0.02095857671167593,0.02358602487688641,0.018867592088959488,0.023078551199364576,0.024768140238284348,0.024093249467831618,0.027603801270849878,0.02300729131056394,0.025510154725972987,0.03162709826846703,0.02607882776806989,0.025681889213661636,0.022285055726767273,0.016926705226370138,0.013288016489277204,0.01741872778395552,0.018745494900714855,0.02592578265289912,0.02312933626687847
Oil  ,0.013114668319301033,0.01122920840826052,0.012594990876886416,0.006653649640984908,0.010836266659253375,0.012999474548054012,0.014860954889594916,0.012828489145353455,0.014212668181096112,0.014624308284352657,0.012267407499602858,0.014202443957108818,0.017346385682287527,0.02472090220174741,0.016359623809372517,0.013672576984908657,0.01923653752660842,0.028370651990468627,0.03702358637966641,0.023875515264495627,0.02533041511358221,0.021328324894360595,0.019249228284352663,0.016332488764098495,0.020641513591739477,0.01836459318824464,0.04382812150436853,0.04328346850675138,0.058725727339158054,0.05248865393328037,0.01642899573788721,0.017016043982525816,0.01387666200953137,0.01692596483876092,0.01815406137569499,0.017543227200953138,0.020317478778395546,0.016758447088165207,0.01810459186656076,0.022040065253375693,0.01726295913264496,0.018427493451945987,0.015407070538522635,0.011015497057982526,0.00982899845909452,0.012970391699761713,0.014031431070691026,0.018812811283558384,0.015953542532168387
Util ,0.009523468640190625,0.009179374092136617,0.010347543000794279,0.006799091092930896,0.010280482881652108,0.009787882090548051,0.011952361780778397,0.011276103985702939,0.010856127116759333,0.011217174892772042,0.00918716646068308,0.00975466071008737,0.01202495470849881,0.015371587914217631,0.011633914878474979,0.009064593366163621,0.013375978667196187,0.018815365362986496,0.01940471838284352,0.014428880497220013,0.014657622427323267,0.01274615759650516,0.014674337053216838,0.01212167196028594,0.013971785293089754,0.010579515431294678,0.014491565955520253,0.018757069698173152,0.02095857671167593,0.01642899573788721,0.014761231928514694,0.012952122238284352,0.011472525154884828,0.011667458398729149,0.012741058223987292,0.012489103416997615,0.013793368954725972,0.011533641928514693,0.01405693086576648,0.017104581539316915,0.014370293880857822,0.011865662487688639,0.013842016724384431,0.009827236260524225,0.009380167132644956,0.012383098530579825,0.010882702355837968,0.014712394282764095,0.011558360108022237
Telcm,0.014425170324066717,0.012986170803812548,0.014553699331215251,0.009969308583002386,0.01278446372359015,0.016137733877680697,0.02001739271008737,0.017501891642573472,0.017077931056393963,0.018268088077839556,0.014877539852263701,0.01583540592057188,0.02002701766322478,0.022594552203335984,0.01818680135980937,0.014538882262112788,0.01936359129626688,0.028123543472597302,0.02749348982049245,0.02194770348371724,0.022125136136616364,0.021302883426528987,0.023104514225575856,0.017721269084988084,0.02068929109134233,0.01675463898967434,0.017911402889594915,0.024796018403494834,0.02358602487688641,0.017016043982525816,0.012952122238284352,0.025684262778395552,0.017576319102462268,0.019050595586973786,0.023884942799046863,0.022603297777601266,0.025944610908657663,0.020252155606036534,0.021090995456711673,0.023488233374106434,0.022779884158856237,0.018556197769658455,0.021891606843526607,0.01622073579984114,0.013604369451945986,0.017373894924543287,0.015760159019857032,0.023084176665607622,0.01702189113264496
PerSv,0.01188798588562351,0.011210328204924545,0.013178779324861,0.008848081119936459,0.010942921382049244,0.013374839904686256,0.01693443271644162,0.015327320992851468,0.01501403104050834,0.015461824884829235,0.01220603320889595,0.013222089459888803,0.015883932700555995,0.01878385343923749,0.015503286386020654,0.012163544273232725,0.016501718768864176,0.024235762732327245,0.022314010722795864,0.017704011874503576,0.017997646751389988,0.01743711295472597,0.019619676481334388,0.014470188061953928,0.017256752454328835,0.01382054354249404,0.012793125965051628,0.02036688922160445,0.018867592088959488,0.01387666200953137,0.011472525154884828,0.017576319102462268,0.023788461374106437,0.015989719920571882,0.018194432120730738,0.017696288125496423,0.019855998276409843,0.016192014471803025,0.01839478360603654,0.01985258714058777,0.01909044643367752,0.015485489499602855,0.018946263669579026,0.014289589944400312,0.012147613296266879,0.015541482629070687,0.014297808824463859,0.01951646394757744,0.014315253407466241
BusSv,0.012838669264495629,0.011603286001588562,0.013356140622716442,0.008639987377283557,0.011035814538522634,0.014329926779984114,0.017269185413820488,0.015444776714853057,0.015326760095313741,0.016264247355043684,0.013156906411437649,0.014525954957903098,0.01809384070214456,0.02035360863542494,0.016330792324066718,0.012896273760127083,0.0178108557553614,0.025618164142970617,0.025411769048451154,0.019597067694996025,0.02035130574106434,0.019308400104845108,0.020544870007942806,0.01646619180619539,0.019054348142970613,0.015842924816521047,0.0172989805274027,0.02368469526608419,0.023078551199364576,0.01692596483876092,0.011667458398729149,0.019050595586973786,0.015989719920571882,0.018560383218427328,0.02056124587132645,0.01972510967116759,0.02267491727720413,0.01811754362509928,0.01898331812549642,0.02071783056711676,0.020339755463065923,0.01685522009213662,0.01929123686100079,0.01463186952819698,0.012030421731532959,0.015178449833200951,0.014237720244638595,0.020281666271644166,0.015251081722001587
Hardw,0.015103392425734712,0.012958256565528197,0.015019492505162825,0.009669480768864178,0.014205287231135823,0.01778064296743447,0.02087083477045274,0.017385733680698966,0.018125218522637012,0.01868642767275616,0.015756172130262116,0.017772611050039716,0.02232152405401112,0.0239179796918189,0.018531330687847496,0.015538155158061952,0.020409415771247014,0.02902241192692613,0.029660288794281175,0.02334488887053217,0.024868631968228753,0.023925346109610796,0.024306002128673548,0.019931195666401905,0.02142588450516282,0.01816527452263702,0.02061575579348689,0.027220175440826045,0.024768140238284348,0.01815406137569499,0.012741058223987292,0.023884942799046863,0.018194432120730738,0.02056124587132645,0.032498330700555994,0.026256211609213657,0.0318546102239873,0.02365763118665608,0.021501076060365366,0.024612678907069103,0.023674879243844323,0.020170767764892773,0.022623587107227956,0.01696503724861001,0.013621780047656868,0.017060470691024624,0.015521844962668783,0.024200639472597298,0.017967910888006353
Softw,0.014197135331215251,0.012733640713264495,0.014316305577442418,0.009510335563145353,0.013307689795075454,0.016636822087370932,0.01960014512946783,0.016880450676727565,0.017391396981731533,0.01809823692613185,0.015259436081016679,0.017109861386814928,0.021365401955520252,0.02280220026687847,0.017991674732327243,0.014919733146942026,0.019463888052422558,0.02775465296902304,0.028367026938840353,0.02189321627799841,0.023459109328038123,0.02253652262589357,0.022882238514694196,0.018503922924543288,0.020954353388403492,0.017274617594916598,0.020034160652899122,0.02625697964257347,0.024093249467831618,0.017543227200953138,0.012489103416997615,0.022603297777601266,0.017696288125496423,0.01972510967116759,0.026256211609213657,0.025977019442414612,0.029007882101667982,0.022217546061953936,0.020689331247021447,0.02334140797617156,0.0227174056584591,0.01909881277839555,0.021785203037331214,0.016050947980937248,0.013220234360603654,0.0166979972279587,0.015159248430500398,0.023170172484511514,0.017041163545671166
Chips,0.016217116230341545,0.014156296573471007,0.016014637866560766,0.010443715852263702,0.015070573569499599,0.01921099829706116,0.022611033872915014,0.018530401107227958,0.02015675313741065,0.020436900849880858,0.017376782813343917,0.01949803763463066,0.0245615352613185,0.02675080898490866,0.020530691640984904,0.01733430222716442,0.022376267153296263,0.031432069019857026,0.03299391368705321,0.02551125651945988,0.028046183755361397,0.026777089628276407,0.026613716322478158,0.021598266810166796,0.023873427682287528,0.020120358557585385,0.025245104538522634,0.030439756100079433,0.027603801270849878,0.020317478778395546,0.013793368954725972,0.025944610908657663,0.019855998276409843,0.02267491727720413,0.0318546102239873,0.029007882101667982,0.03781627941382049,0.026869242640190635,0.023408521048451154,0.0266914439030977,0.025740574255758538,0.022483825715647335,0.02454852829864972,0.01808923980619539,0.014664070706910245,0.01838997203335981,0.01690407284988086,0.026186181291501198,0.01938400385067514
LabEq,0.013479865884034948,0.01153678415567911,0.01324349495472597,0.008660399710881651,0.011957114795869734,0.015075778992851471,0.017935835434471803,0.015347934922954722,0.015875217378872118,0.016467565385226368,0.014233302560762509,0.016128214459094514,0.020117078179507548,0.021475225340746622,0.01644929931056394,0.013909284803812547,0.01807335035107228,0.02546541651469419,0.02631495239396346,0.019894540584590944,0.02202443975853852,0.02087766608737093,0.02159974387609213,0.017523987726767273,0.01901454708816521,0.015985970745035744,0.020079314875297856,0.024655246211278792,0.02300729131056394,0.016758447088165207,0.011533641928514693,0.020252155606036534,0.016192014471803025,0.01811754362509928,0.02365763118665608,0.022217546061953936,0.026869242640190635,0.02425658294519459,0.01929358837172359,0.021687617972994438,0.020960272737092934,0.01785144034312947,0.01971685612073074,0.014626779088165209,0.01189273779189833,0.01513297707704527,0.013902749194598885,0.021154083599682287,0.015455469401111992
