,Agric,Food ,Soda ,Beer ,Smoke,Toys ,Fun  ,Books,Hshld,Clths,Hlth ,MedEq,Drugs,Chems,Rubbr,Txtls,BldMt,Cnstr,Steel,FabPr,Mach ,ElcEq,Autos,Aero ,Ships,Guns ,Gold ,Mines,Coal ,Oil  ,Util ,Telcm,PerSv,BusSv,Hardw,Softw,Chips,LabEq,Paper,Boxes,Trans,Whlsl,Rtail,Meals,Banks,Insur,RlEst,Fin  ,Other
Agric,0.05094747466878477,0.019464593302621132,0.022629257918983313,0.013121958271644162,0.01910168015885623,0.020927241556791102,0.02589200836854646,0.025561080991262898,0.022437157814138204,0.02267829454487688,0.019957214748212864,0.021268423930103253,0.023252662576648136,0.03206340660206513,0.02419206626211279,0.01898067550119142,0.027933530573471,0.04070270214455917,0.041641609111993654,0.036930321143764884,0.032773692206513105,0.02889727548212867,0.03171407045591739,0.026069166646544874,0.029249604054011114,0.024175663167593325,0.02831546224622717,0.039920757629864974,0.05092023839872916,0.03756523370929309,0.02202353525655282,0.02885163932644957,0.024243260880063535,0.023434780250992847,0.027643541598093718,0.025416059679110405,0.028076558494042895,0.024175791110405083,0.03046143331532962,0.030955618891183482,0.028573964346306588,0.025397021604447966,0.028282458954725972,0.02347592889594917,0.020126821324860995,0.027697298122319303,0.026486004568705316,0.032500587958697376,0.02422217324861
Food ,0.019464593302621132,0.022241366710087376,0.021416691850675136,0.014355088374900711,0.018192447688641776,0.020248139539316916,0.024915078360603655,0.023872432222398727,0.020862247504368544,0.023424499818903887,0.019069835812549646,0.019094539768069893,0.022064038748212864,0.029060589795075458,0.024548410789515487,0.017504129448768863,0.025086237674344716,0.033591237744241456,0.03701672409213661,0.03048475666401906,0.028817239974583003,0.026336909350278,0.03059062006671961,0.025017637146942016,0.027738454252581417,0.02263329106274821,0.02452867514535345,0.0324882661604448,0.04133928713582208,0.031778450071485304,0.020796297448768868,0.027216791828435262,0.02324550910881652,0.0219874329912629,0.02470604787291501,0.023436608590945197,0.025070499399523428,0.021811421388403498,0.028862877382049245,0.029894540575059563,0.026973806474980138,0.02307912486100079,0.026584458573471005,0.02219279634630659,0.018231839656870526,0.027189671053216843,0.025359154338363787,0.029151078379666396,0.02238482799046862
Soda ,0.022629257918983313,0.021416691850675136,0.060520878085782374,0.018832751342335183,0.021263729547259733,0.02508864593328038,0.02823402228752978,0.02684158706115965,0.024119977315329617,0.025283994352660846,0.022543943351866557,0.023144349102462273,0.026214726433677518,0.03426088069896743,0.0279508215488483,0.02052062644956314,0.028277011501191416,0.039971861675933286,0.04293490041302621,0.03484261055599682,0.033084835544082605,0.02939693652104846,0.03469460385226371,0.028857118665607626,0.031899244956314535,0.02321180606830818,0.02533969000794281,0.03707634950754565,0.04654338636219221,0.03708290056393963,0.02505777288324067,0.03133529277998412,0.026222192144559175,0.02519458541699762,0.028736616814932482,0.02691653444797458,0.029101821350277998,0.024827956274821286,0.03203186115965051,0.03345665914217631,0.03072831593328038,0.026777019531374104,0.030367253447180297,0.025028282454328834,0.020466758101667988,0.032088833065925325,0.030278335305798258,0.03416525482922955,0.02472867274027005
Beer ,0.013121958271644162,0.014355088374900711,0.018832751342335183,0.034197862932486105,0.014643458649722003,0.016655846306592535,0.019020968139793485,0.017186690201747422,0.015711759097696586,0.018787040568705324,0.013787986579825258,0.014109134983320094,0.01608336758697379,0.021504641728355832,0.017353969477362983,0.013060874096902306,0.01844905484988086,0.024649379046862586,0.027240272673550434,0.021275584003177122,0.021909631520254165,0.01871154079110405,0.023189206427323267,0.019261142640190625,0.020948877102462272,0.016107346007942808,0.021027084276409848,0.02382796421604448,0.029591213957108814,0.02474136862589357,0.017595921893566326,0.020780178805401107,0.017942182465448767,0.01608055371564734,0.01879843303891977,0.017836330379666396,0.019103375275615564,0.016311006548054008,0.02279625937410644,0.021089606506751388,0.02007953097378872,0.017317125893566317,0.020220918643367752,0.017408829054805397,0.013074207469420172,0.021300468457505956,0.01972650979825258,0.021656508610007938,0.016918459729944397
Smoke,0.01910168015885623,0.018192447688641776,0.021263729547259733,0.014643458649722003,0.0637412966163622,0.021506051199364575,0.024241177696584588,0.023330560174741857,0.01953831984114376,0.02386269374106434,0.018704931850675142,0.018705565972994435,0.021700533693407464,0.029217156981731534,0.023421917251787133,0.01750723825258141,0.02458165296266879,0.03309125914217633,0.03707462935663223,0.030744767704527397,0.029556698316123897,0.02617320219221604,0.029578540508339954,0.024927471803018266,0.026947263764892773,0.022381511104050834,0.02575842376489277,0.030751963987291502,0.04180541323272438,0.033832256092136616,0.023256017537728352,0.026567880619539318,0.02344661761715647,0.02062298830818109,0.02516893758538523,0.02332526092136616,0.025301111580619536,0.021240205830023826,0.030438687212073073,0.03187959888800635,0.02708762230341541,0.022703619459888802,0.025991613741064335,0.02049395966640191,0.01875860935663224,0.028948065274027008,0.025599564305003968,0.029636395472597298,0.022067169531374102
Toys ,0.020927241556791102,0.020248139539316916,0.02508864593328038,0.016655846306592535,0.021506051199364575,0.043701087267672745,0.03100689008737092,0.025601755734710085,0.024215042541699764,0.02761069204924543,0.022539243399523432,0.022878029737887214,0.026687017490071484,0.0331957215567911,0.02714733519459889,0.021640972501985704,0.030474143923749003,0.0410655708101668,0.043392646592533744,0.036332839722001596,0.03418663220810167,0.031100501000794284,0.03610523028594122,0.028662900301826846,0.033041175472597294,0.02649054090548053,0.0322649162192216,0.03813003954725972,0.047379237958697376,0.0376530208181096,0.0232462509451946,0.032342546187450354,0.026427559356632244,0.025601565083399523,0.030636879404289108,0.028033903026211275,0.03108539183478951,0.026634772033359806,0.03440615329626689,0.035224740603653694,0.031681670786338365,0.0275885028991263,0.031694583772835586,0.025993359944400315,0.021026604424146153,0.03231024301032566,0.03104889975377283,0.034565103280381246,0.026918615679110407
Fun  ,0.02589200836854646,0.024915078360603655,0.02823402228752978,0.019020968139793485,0.024241177696584588,0.03100689008737092,0.04729495376648133,0.035188513324861,0.03132535721683875,0.0354363864050834,0.02708842257029388,0.0277051818395552,0.032072623040508334,0.04107751137728356,0.03361055751231136,0.026897689683876087,0.036978643863383634,0.05101106085782367,0.052214967961874505,0.04387077863383637,0.04101347475456712,0.03728211293407466,0.04607815287370928,0.034951266922954714,0.039844439148530586,0.031324157375694994,0.0337941983923749,0.047532590700556,0.056748716241461473,0.042372364082605224,0.026392376152501982,0.04034738513423352,0.03421195672438443,0.03193876275774424,0.03717247091660047,0.0337936307640985,0.037663085915806194,0.03197742172835584,0.04338489147577442,0.04162299670214455,0.04014761336298649,0.03311016157267672,0.04080843055440826,0.034636026354249394,0.026934196946783163,0.03805819089118348,0.03758658313264495,0.04269495277204131,0.032824834567116754
Books,0.025561080991262898,0.023872432222398727,0.02684158706115965,0.017186690201747422,0.023330560174741857,0.025601755734710085,0.035188513324861,0.05014668482764099,0.029859888171564725,0.03253556019221603,0.025565756416203327,0.025301113906274823,0.0292922690420969,0.0391211807084988,0.03298949232247816,0.024775439170770457,0.0339594602954726,0.04810823969023034,0.04796284175694995,0.04013220407466243,0.03896963110246228,0.03408090029547259,0.04382800212390786,0.03355553379507546,0.038276798621127886,0.029590185073868142,0.028016327694996016,0.04153909296743447,0.051588464792692613,0.039076294050834,0.025930435987291497,0.037757895283558385,0.03298357798093725,0.03071142431771246,0.033673146467037327,0.0318601727132645,0.03377363754090548,0.02937165203971405,0.040849426484511515,0.040780016015885615,0.037653854449563144,0.03115261594122319,0.03880051805718824,0.03171599644956314,0.02724369799682287,0.03797928791580619,0.03640241774583002,0.040297966918189036,0.0304489031771247
Hshld,0.022437157814138204,0.020862247504368544,0.024119977315329617,0.015711759097696586,0.01953831984114376,0.024215042541699764,0.03132535721683875,0.029859888171564725,0.03474018507386814,0.029665780549642567,0.022556826598888007,0.022880030125496432,0.026684210217633043,0.03560726823828434,0.0290841605909452,0.02251146218903892,0.030704166347895145,0.043604626211278794,0.04441281667355044,0.03666176238284353,0.03497004782208102,0.031750511193010325,0.038324598811755366,0.029552557623510726,0.03423321349007149,0.026263586249404287,0.02905802386656076,0.03882510873391581,0.04721219083717235,0.0354017210166799,0.02305597817950754,0.032755799866560756,0.028093183135822077,0.02684999816997617,0.03103637527561557,0.028903845000794282,0.03174222108339952,0.026933812111199364,0.03587700548371723,0.03618389479269261,0.033561885776012705,0.028247989134233514,0.03439904929626688,0.028364913518665602,0.022723628568705318,0.031904677788721206,0.0308828068562351,0.035561365242255755,0.027221305131056393
Clths,0.02267829454487688,0.023424499818903887,0.025283994352660846,0.018787040568705324,0.02386269374106434,0.02761069204924543,0.0354363864050834,0.03253556019221603,0.029665780549642567,0.042048138870532166,0.024676527968228754,0.024621015116759334,0.028116613722001586,0.037987700689436056,0.03208961786020651,0.025142178049245432,0.03447345058617951,0.04829700119936458,0.04805946791739476,0.04144517819698172,0.03865194805559968,0.034583413223193,0.04297029233200953,0.03392529740428912,0.038739223364575054,0.028619020041302626,0.0297584058395552,0.04059577899444002,0.05146297250675138,0.03825048339158061,0.025574806459094525,0.03659324155520254,0.03178301938204924,0.0292302166036537,0.03353589750436854,0.031721787858617956,0.03416249647021445,0.02923658484670373,0.041066888876886413,0.04020771268943606,0.03795752588403495,0.031326230826052424,0.040477245723590155,0.03233937254169977,0.02524403750754567,0.03633197400635424,0.03552874711517076,0.04043039629070692,0.029749912009531376
Hlth ,0.019957214748212864,0.019069835812549646,0.022543943351866557,0.013787986579825258,0.018704931850675142,0.022539243399523432,0.02708842257029388,0.025565756416203327,0.022556826598888007,0.024676527968228754,0.027590845852263703,0.022705308886417794,0.02575790562668785,0.03150788189992057,0.025382642020651307,0.02005407931374106,0.027092030144559173,0.03739306125496426,0.039803282884829226,0.03389201931691819,0.031507883501191415,0.028269121899920566,0.03331447223510724,0.02605543927561556,0.02931970645274027,0.02449885566957903,0.027317437305798255,0.035264913181890394,0.04448544475297857,0.03497060400317713,0.02168075930738681,0.030025436911834787,0.025428874891183485,0.024375868861000786,0.028011281264495633,0.026267540409849084,0.028727036079428114,0.025145056749801425,0.0314958186370135,0.032635339907863374,0.029014402948371716,0.025550442795869727,0.02888788707227959,0.023629036314535345,0.01929486818745036,0.029133055517077053,0.028111213464654488,0.030713025639396346,0.024653686195393164
MedEq,0.021268423930103253,0.019094539768069893,0.023144349102462273,0.014109134983320094,0.018705565972994435,0.022878029737887214,0.0277051818395552,0.025301113906274823,0.022880030125496432,0.024621015116759334,0.022705308886417794,0.026992894017474182,0.027548756206513106,0.032101898325655284,0.025626045960285938,0.020529112832406674,0.02747737635583796,0.03706674862589358,0.040911984743447184,0.0334424170293884,0.03198344677362987,0.029648162630659246,0.03282379016997617,0.026634680864177918,0.029894918239872916,0.025086204486100078,0.028434664565528192,0.03744240979825257,0.04726807474503574,0.03581221782366958,0.021566805026211278,0.03055842391739476,0.025655743358220812,0.025263450814932482,0.02921050070849881,0.027441503714058776,0.030283080590945193,0.0263839973375695,0.030645623180301822,0.03141143839872915,0.029324175212073072,0.026049545957108816,0.02885813682605242,0.024066426624305,0.019186798989674347,0.02829829885305798,0.02696225267037331,0.031258321048451145,0.024941641525019854
Drugs,0.023252662576648136,0.022064038748212864,0.026214726433677518,0.01608336758697379,0.021700533693407464,0.026687017490071484,0.032072623040508334,0.0292922690420969,0.026684210217633043,0.028116613722001586,0.02575790562668785,0.027548756206513106,0.03710241340111199,0.03766447416679903,0.02986800887370929,0.02293291946624305,0.03171049361080223,0.04316698371723591,0.0470679236028594,0.038634070643367754,0.03699891488800636,0.034767769035742656,0.03787262491818903,0.030968023212073068,0.034241358722795864,0.02975361704845115,0.034002247739475765,0.04270614801270849,0.052705617610802225,0.040989577426528985,0.02507448751707705,0.03567835275297855,0.02883263914535345,0.02946558199205719,0.03421996784432089,0.0321957532867355,0.03561320120095313,0.030744767596505157,0.0350189696203336,0.036560432686258935,0.03453214876568705,0.029934452120730735,0.03315751676886417,0.02730778644956314,0.021998299796664015,0.03235353647974582,0.030731125747418576,0.036037385019857024,0.02853062700555997
Chems,0.03206340660206513,0.029060589795075458,0.03426088069896743,0.021504641728355832,0.029217156981731534,0.0331957215567911,0.04107751137728356,0.0391211807084988,0.03560726823828434,0.037987700689436056,0.03150788189992057,0.032101898325655284,0.03766447416679903,0.05836194850516282,0.04040115648610008,0.030064923100873706,0.042574693477362986,0.05936832034948372,0.06874354596346308,0.05480632333598092,0.05177579408419381,0.045626495129467835,0.052023810274821294,0.04272875649880858,0.04782040442891183,0.03690597632406672,0.054552077356632256,0.0645724888514694,0.08433865659729944,0.06158556902303415,0.03499566455281969,0.045659284327243845,0.03727304282128674,0.037196990773629875,0.042728704438443205,0.03993457666719619,0.0445194520540111,0.037746947825258136,0.04916900935345511,0.05209002187132644,0.045463630888006354,0.039976655409054804,0.04370789033836378,0.0359237152025417,0.02951609552978554,0.043992023688641774,0.04132636400953137,0.048242866052422555,0.03808367021445592
Rubbr,0.02419206626211279,0.024548410789515487,0.0279508215488483,0.017353969477362983,0.023421917251787133,0.02714733519459889,0.03361055751231136,0.03298949232247816,0.0290841605909452,0.03208961786020651,0.025382642020651307,0.025626045960285938,0.02986800887370929,0.04040115648610008,0.049694036554408245,0.024934255653693404,0.03438517199046863,0.04663977772041302,0.05104943192692611,0.04229396895154884,0.04028832352184272,0.03617074091818904,0.04267617873073868,0.03456747471326449,0.0389251540841938,0.030845939304209685,0.031615428867355036,0.04414845342176331,0.054935127340746626,0.04294366258141381,0.027379056047656867,0.03782122894837171,0.03188097588085782,0.030407367917394765,0.03451912375377284,0.03262749151548849,0.03479187313105639,0.030230821567911046,0.040991937436060354,0.04133114345671167,0.037671024857823664,0.031992086616362186,0.037034349088165205,0.029880642057188236,0.024918568398729146,0.03677193513741064,0.03488500923431295,0.03961501093725178,0.030870173328038125
Txtls,0.01898067550119142,0.017504129448768863,0.02052062644956314,0.013060874096902306,0.01750723825258141,0.021640972501985704,0.026897689683876087,0.024775439170770457,0.02251146218903892,0.025142178049245432,0.02005407931374106,0.020529112832406674,0.02293291946624305,0.030064923100873706,0.024934255653693404,0.04323784412390786,0.02696506762827641,0.037540812978554404,0.03886860310087371,0.032749530563939644,0.030219662967434474,0.02703641145671168,0.03172487830659253,0.025381707018268466,0.029389647853852258,0.023372283698173152,0.02500055988562351,0.035265922805401105,0.04017914623351866,0.03186293825258142,0.019463003920571882,0.028142454681493248,0.023893062427323274,0.02299338744400317,0.026776263418586178,0.025043354799046864,0.027356668664019063,0.02387975342017474,0.031260829617156476,0.03079250980778395,0.02810031131374107,0.024641506799046854,0.028660192015885624,0.02404533644162033,0.01941252994122319,0.028044488238284357,0.026274910249404294,0.02993236281175536,0.023967339158061953
BldMt,0.027933530573471,0.025086237674344716,0.028277011501191416,0.01844905484988086,0.02458165296266879,0.030474143923749003,0.036978643863383634,0.0339594602954726,0.030704166347895145,0.03447345058617951,0.027092030144559173,0.02747737635583796,0.03171049361080223,0.042574693477362986,0.03438517199046863,0.02696506762827641,0.04184497738522637,0.054161750277998404,0.05623722046703732,0.04685209010325655,0.04335328494996029,0.03867932486735505,0.045427534722795856,0.03630873155837966,0.04139248573153295,0.031942638500397136,0.03893227926290706,0.05088143182208102,0.06391894558856233,0.048099372009531384,0.029015198754567113,0.038777100276409834,0.033103331494837164,0.032120157731532956,0.03655675085623511,0.03400405793804607,0.03719732995710882,0.032036321328038124,0.04315239600953137,0.04375111308657664,0.040257018624304995,0.03419618611596504,0.039571060727561544,0.03227267361397935,0.026664564981731524,0.03840705457029388,0.037771329855440836,0.04217077334392374,0.03286392057188244
Cnstr,0.04070270214455917,0.033591237744241456,0.039971861675933286,0.024649379046862586,0.03309125914217633,0.0410655708101668,0.05101106085782367,0.04810823969023034,0.043604626211278794,0.04829700119936458,0.03739306125496426,0.03706674862589358,0.04316698371723591,0.05936832034948372,0.04663977772041302,0.037540812978554404,0.054161750277998404,0.09698729257347104,0.07699158797458298,0.0645304835822081,0.05966978482128673,0.052842372231930106,0.06310167459094519,0.04902211752184274,0.0567593803335981,0.043589400095313736,0.055027433709293076,0.07187304982525813,0.09003769176330421,0.06614622458300239,0.03850735804606832,0.05362369298649721,0.04573112953931691,0.044446600127085005,0.05036632046862588,0.046984785520254174,0.05124445998411437,0.04385336769658459,0.0589154842573471,0.060847182764098486,0.057012643621922154,0.04654836073868148,0.0572149385782367,0.045988554368546465,0.03964884898332009,0.05398558154884829,0.05389513424146148,0.06051159117553614,0.045205726814932484
Steel,0.041641609111993654,0.03701672409213661,0.04293490041302621,0.027240272673550434,0.03707462935663223,0.043392646592533744,0.052214967961874505,0.04796284175694995,0.04441281667355044,0.04805946791739476,0.039803282884829226,0.040911984743447184,0.0470679236028594,0.06874354596346308,0.05104943192692611,0.03886860310087371,0.05623722046703732,0.07699158797458298,0.10275897271485303,0.07404289822081016,0.06822375197140587,0.05977059708339951,0.06548548895631454,0.05565712386973787,0.06270775616838761,0.049439459532962665,0.08264287220969023,0.09346925912946782,0.12415332921048447,0.08791735302621126,0.04522133321048451,0.05769624447021445,0.046636488651310565,0.04740587792216045,0.054997242277998404,0.05097536867672757,0.0566249322446386,0.0479684993582208,0.06276136112470214,0.06673481367434472,0.05794439578077839,0.05213522378077839,0.054635844127084984,0.04482386076250993,0.035676182058776804,0.05447106033677522,0.053372897274027,0.06086007490071484,0.049224309229547264
FabPr,0.036930321143764884,0.03048475666401906,0.03484261055599682,0.021275584003177122,0.030744767704527397,0.036332839722001596,0.04387077863383637,0.04013220407466243,0.03666176238284353,0.04144517819698172,0.03389201931691819,0.0334424170293884,0.038634070643367754,0.05480632333598092,0.04229396895154884,0.032749530563939644,0.04685209010325655,0.0645304835822081,0.07404289822081016,0.09131396726767274,0.05596895384432088,0.04941327482128674,0.05557864869737886,0.04642174668784749,0.05212502274821288,0.04024717753772836,0.05789720101667991,0.0678515628355838,0.09456727,0.06773250248610008,0.0360334264177919,0.047917196020651316,0.04015854075456711,0.0391150112787927,0.04628433918189039,0.04205998704527403,0.04668681613979348,0.039354014019062744,0.05275604305003971,0.05450180694201747,0.04800496257347101,0.04279321360603654,0.0471094851389992,0.038324123677521846,0.030874346806989673,0.045910498943606035,0.04644553376489278,0.051294475242255756,0.040595148673550435
Mach ,0.032773692206513105,0.028817239974583003,0.033084835544082605,0.021909631520254165,0.029556698316123897,0.03418663220810167,0.04101347475456712,0.03896963110246228,0.03497004782208102,0.03865194805559968,0.031507883501191415,0.03198344677362987,0.03699891488800636,0.05177579408419381,0.04028832352184272,0.030219662967434474,0.04335328494996029,0.05966978482128673,0.06822375197140587,0.05596895384432088,0.05541522347736298,0.046123147126290696,0.05204705445115171,0.04276130621763304,0.04859846788244637,0.0382388437553614,0.05375940956949961,0.06383582990150913,0.0838057409483717,0.06306289929308972,0.0346504983542494,0.045420288548053994,0.03733302509769657,0.03740921898014297,0.04408664178077839,0.04082273468308181,0.04574463522160445,0.03849212590786338,0.048924304514694206,0.05052418780301826,0.04486566928673549,0.039832959007148526,0.04374838220333598,0.035802777577442414,0.028929282619539316,0.04309397150595711,0.04221952433836378,0.04839316240667197,0.038118836838760925
ElcEq,0.02889727548212867,0.026336909350278,0.02939693652104846,0.01871154079110405,0.02617320219221604,0.031100501000794284,0.03728211293407466,0.03408090029547259,0.031750511193010325,0.034583413223193,0.028269121899920566,0.029648162630659246,0.034767769035742656,0.045626495129467835,0.03617074091818904,0.02703641145671168,0.03867932486735505,0.052842372231930106,0.05977059708339951,0.04941327482128674,0.046123147126290696,0.047861917242255754,0.045769141331215256,0.037751679453534547,0.04232825542176331,0.03489403621286735,0.042067818643367755,0.05402241422081017,0.07028106133121526,0.05277278976965846,0.029496476848292288,0.04161327520889595,0.03442650436219222,0.03403711274344718,0.04040306923590151,0.03769170991580619,0.04190642978236695,0.03525311217791898,0.043379534119142166,0.044708234579825264,0.04069175638443208,0.03594885035742653,0.0394853862239873,0.032266453216838756,0.02675279186020651,0.03938189212390787,0.03784090914058777,0.043946615250198565,0.034604510627482134
Autos,0.03171407045591739,0.03059062006671961,0.03469460385226371,0.023189206427323267,0.029578540508339954,0.03610523028594122,0.04607815287370928,0.04382800212390786,0.038324598811755366,0.04297029233200953,0.03331447223510724,0.03282379016997617,0.03787262491818903,0.052023810274821294,0.04267617873073868,0.03172487830659253,0.045427534722795856,0.06310167459094519,0.06548548895631454,0.05557864869737886,0.05204705445115171,0.045769141331215256,0.06669378073232723,0.04470838673868149,0.05160575923113583,0.03955453355361398,0.0476224042446386,0.05849672204765686,0.07275404222557584,0.05341371783161238,0.0337416451183479,0.048213985167593336,0.041013209717235904,0.038834890236695785,0.044734374301826835,0.041177475185067515,0.04551692196346306,0.03937275732644956,0.05479073311517076,0.05390351413185068,0.04988119550119141,0.04142552308975378,0.04996873088324066,0.04091607827640985,0.032483701901509135,0.047126013262907065,0.04512689241143765,0.05200604667990468,0.03989090362192216
Aero ,0.026069166646544874,0.025017637146942016,0.028857118665607626,0.019261142640190625,0.024927471803018266,0.028662900301826846,0.034951266922954714,0.03355553379507546,0.029552557623510726,0.03392529740428912,0.02605543927561556,0.026634680864177918,0.030968023212073068,0.04272875649880858,0.03456747471326449,0.025381707018268466,0.03630873155837966,0.04902211752184274,0.05565712386973787,0.04642174668784749,0.04276130621763304,0.037751679453534547,0.04470838673868149,0.05399540699602861,0.040671052028594126,0.03407985563780778,0.03576403781413821,0.047970226764098484,0.06208250267196188,0.04542580292295472,0.02931340353296267,0.037847564949960284,0.031457597877680696,0.031013256915011927,0.03614271163780779,0.033624080648133436,0.036859894729150126,0.03145294529626688,0.041871847866560764,0.04301314168705322,0.039910168667196176,0.03392843857029389,0.03887770921683876,0.031676930961080214,0.02536919794122319,0.03812513151389992,0.03578534633200953,0.042170841429706105,0.031270268308181096
Ships,0.029249604054011114,0.027738454252581417,0.031899244956314535,0.020948877102462272,0.026947263764892773,0.033041175472597294,0.039844439148530586,0.038276798621127886,0.03423321349007149,0.038739223364575054,0.02931970645274027,0.029894918239872916,0.034241358722795864,0.04782040442891183,0.0389251540841938,0.029389647853852258,0.04139248573153295,0.0567593803335981,0.06270775616838761,0.05212502274821288,0.04859846788244637,0.04232825542176331,0.05160575923113583,0.040671052028594126,0.06882843878633835,0.036460043609213656,0.044300344832406656,0.05634087622557585,0.07163141908816521,0.053110274027005556,0.03140652494360605,0.04309947353137411,0.03648504548371724,0.03530594920413026,0.039933933737887214,0.03760162065766481,0.04076394509293089,0.034942744324066716,0.04779979913582207,0.04866739338522637,0.04601911340428912,0.038624429928514684,0.043705020803812555,0.03643068584590945,0.02879061352184273,0.041719700943606025,0.04131397783637807,0.046287593105639395,0.03683303421763303
Guns ,0.024175663167593325,0.02263329106274821,0.02321180606830818,0.016107346007942808,0.022381511104050834,0.02649054090548053,0.031324157375694994,0.029590185073868142,0.026263586249404287,0.028619020041302626,0.02449885566957903,0.025086204486100078,0.02975361704845115,0.03690597632406672,0.030845939304209685,0.023372283698173152,0.031942638500397136,0.043589400095313736,0.049439459532962665,0.04024717753772836,0.0382388437553614,0.03489403621286735,0.03955453355361398,0.03407985563780778,0.036460043609213656,0.07349687965687053,0.033096199625099285,0.044172464444797464,0.05786951125019856,0.04312599831612391,0.024443501737887206,0.03498117203494836,0.029183508981731533,0.029240938694201742,0.03303306124861001,0.030663422983320088,0.033958488247815735,0.0291955792279587,0.036601870837172354,0.037857336571882436,0.03446040939793488,0.030335115488482927,0.03218086943923749,0.028153216489277197,0.022666193842732326,0.032837451736298644,0.031249368953137412,0.03647916305003972,0.028580027227958698
Gold ,0.02831546224622717,0.02452867514535345,0.02533969000794281,0.021027084276409848,0.02575842376489277,0.0322649162192216,0.0337941983923749,0.028016327694996016,0.02905802386656076,0.0297584058395552,0.027317437305798255,0.028434664565528192,0.034002247739475765,0.054552077356632256,0.031615428867355036,0.02500055988562351,0.03893227926290706,0.055027433709293076,0.08264287220969023,0.05789720101667991,0.05375940956949961,0.042067818643367755,0.0476224042446386,0.03576403781413821,0.044300344832406656,0.033096199625099285,0.24680545128514692,0.11233739426211278,0.12807820977283554,0.09139654379666402,0.035529296082605244,0.039041496514694206,0.02625604264336775,0.031743590640190625,0.03765493321048451,0.03436319025893566,0.04260506194122319,0.03536207565369341,0.042290860289118354,0.04661468675456712,0.03237630639555203,0.03707578065131056,0.031172148486100074,0.025238389038919777,0.01931092407307387,0.032880737995234305,0.034272707475774426,0.04116932378077839,0.032932968419380454
Mines,0.039920757629864974,0.0324882661604448,0.03707634950754565,0.02382796421604448,0.030751963987291502,0.03813003954725972,0.047532590700556,0.04153909296743447,0.03882510873391581,0.04059577899444002,0.035264913181890394,0.03744240979825257,0.04270614801270849,0.0645724888514694,0.04414845342176331,0.035265922805401105,0.05088143182208102,0.07187304982525813,0.09346925912946782,0.0678515628355838,0.06383582990150913,0.05402241422081017,0.05849672204765686,0.047970226764098484,0.05634087622557585,0.044172464444797464,0.11233739426211278,0.1197964478014297,0.13014747338999205,0.09224437687847498,0.04085691027482128,0.05120631583320094,0.03988280956791104,0.04277990083558379,0.04863680342652899,0.04515122556155679,0.051256971380460675,0.04361999069579031,0.05503185843367752,0.05867450931532961,0.04922879531691819,0.04709013829229546,0.045963867337569506,0.038262507680698964,0.030446486978554413,0.04639524176489278,0.04579790021763304,0.05431294623510722,0.044595411961874505
Coal ,0.05092023839872916,0.04133928713582208,0.04654338636219221,0.029591213957108814,0.04180541323272438,0.047379237958697376,0.056748716241461473,0.051588464792692613,0.04721219083717235,0.05146297250675138,0.04448544475297857,0.04726807474503574,0.052705617610802225,0.08433865659729944,0.054935127340746626,0.04017914623351866,0.06391894558856233,0.09003769176330421,0.12415332921048447,0.09456727,0.0838057409483717,0.07028106133121526,0.07275404222557584,0.06208250267196188,0.07163141908816521,0.05786951125019856,0.12807820977283554,0.13014747338999205,0.2368891745369341,0.1392357645194599,0.05794509001111992,0.06367716453216837,0.04989371864495631,0.05260432493089753,0.05928087652581414,0.05490789343764893,0.0611666417092931,0.05226997144876887,0.06869811195552025,0.0736072582144559,0.05934945990150914,0.059917649523431295,0.056339512821286734,0.04589327562351071,0.03549301696108022,0.0587039432867355,0.06113607501667989,0.06605663617950755,0.05731793364575059
Oil  ,0.03756523370929309,0.031778450071485304,0.03708290056393963,0.02474136862589357,0.033832256092136616,0.0376530208181096,0.042372364082605224,0.039076294050834,0.0354017210166799,0.03825048339158061,0.03497060400317713,0.03581221782366958,0.040989577426528985,0.06158556902303415,0.04294366258141381,0.03186293825258142,0.048099372009531384,0.06614622458300239,0.08791735302621126,0.06773250248610008,0.06306289929308972,0.05277278976965846,0.05341371783161238,0.04542580292295472,0.053110274027005556,0.04312599831612391,0.09139654379666402,0.09224437687847498,0.1392357645194599,0.11435850191421765,0.0465100758856235,0.04931988326449563,0.038708541294678316,0.040090149197776016,0.0454708462192216,0.04193734437648928,0.04658146386020651,0.04009589948371724,0.05183278096902303,0.05539514927720413,0.04309695266084194,0.04495186882446386,0.04163412694996028,0.03417641317712469,0.028035003359809376,0.04637420029388403,0.04716515422557586,0.05011768394757744,0.04303836506751389
Util ,0.02202353525655282,0.020796297448768868,0.02505777288324067,0.017595921893566326,0.023256017537728352,0.0232462509451946,0.026392376152501982,0.025930435987291497,0.02305597817950754,0.025574806459094525,0.02168075930738681,0.021566805026211278,0.02507448751707705,0.03499566455281969,0.027379056047656867,0.019463003920571882,0.029015198754567113,0.03850735804606832,0.04522133321048451,0.0360334264177919,0.0346504983542494,0.029496476848292288,0.0337416451183479,0.02931340353296267,0.03140652494360605,0.024443501737887206,0.035529296082605244,0.04085691027482128,0.05794509001111992,0.0465100758856235,0.033116507583796674,0.031142640581413823,0.025683453080222397,0.024353964619539318,0.027474912003177122,0.026071062332009537,0.02780028256076251,0.02398126925178713,0.033110643386814936,0.03588596148054011,0.029521900867355046,0.026584803002382838,0.0293404541096108,0.0233557821604448,0.020203589823669574,0.03230797801111993,0.02960190869896743,0.03274689396346306,0.026095886227164414
Telcm,0.02885163932644957,0.027216791828435262,0.03133529277998412,0.020780178805401107,0.026567880619539318,0.032342546187450354,0.04034738513423352,0.037757895283558385,0.032755799866560756,0.03659324155520254,0.030025436911834787,0.03055842391739476,0.03567835275297855,0.045659284327243845,0.03782122894837171,0.028142454681493248,0.038777100276409834,0.05362369298649721,0.05769624447021445,0.047917196020651316,0.045420288548053994,0.04161327520889595,0.048213985167593336,0.037847564949960284,0.04309947353137411,0.03498117203494836,0.039041496514694206,0.05120631583320094,0.06367716453216837,0.04931988326449563,0.031142640581413823,0.0483646419364575,0.0360811105019857,0.03493360348212867,0.04141909759968229,0.03839025035266084,0.04212932557267673,0.03541942535504368,0.04540084601747419,0.04616347427799841,0.04238189322319301,0.03627828779189833,0.04223059444479746,0.03456001508339953,0.02836156087529786,0.042365759518665606,0.039455902508339954,0.0458796379110405,0.03517635674344717
PerSv,0.024243260880063535,0.02324550910881652,0.026222192144559175,0.017942182465448767,0.02344661761715647,0.026427559356632244,0.03421195672438443,0.03298357798093725,0.028093183135822077,0.03178301938204924,0.025428874891183485,0.025655743358220812,0.02883263914535345,0.03727304282128674,0.03188097588085782,0.023893062427323274,0.033103331494837164,0.04573112953931691,0.046636488651310565,0.04015854075456711,0.03733302509769657,0.03442650436219222,0.041013209717235904,0.031457597877680696,0.03648504548371724,0.029183508981731533,0.02625604264336775,0.03988280956791104,0.04989371864495631,0.038708541294678316,0.025683453080222397,0.0360811105019857,0.04079636349324861,0.029458390513105632,0.033344561463065914,0.0315156483923749,0.03389333742970612,0.029078248290706907,0.03962713952660841,0.03904645506274821,0.036348301185067516,0.030606615941223193,0.03701435202065131,0.03025534742652898,0.024956684907069093,0.03619727851151707,0.03487640818268467,0.03888805038125497,0.02933799105639396
BusSv,0.023434780250992847,0.0219874329912629,0.02519458541699762,0.01608055371564734,0.02062298830818109,0.025601565083399523,0.03193876275774424,0.03071142431771246,0.02684999816997617,0.0292302166036537,0.024375868861000786,0.025263450814932482,0.02946558199205719,0.037196990773629875,0.030407367917394765,0.02299338744400317,0.032120157731532956,0.044446600127085005,0.04740587792216045,0.0391150112787927,0.03740921898014297,0.03403711274344718,0.038834890236695785,0.031013256915011927,0.03530594920413026,0.029240938694201742,0.031743590640190625,0.04277990083558379,0.05260432493089753,0.040090149197776016,0.024353964619539318,0.03493360348212867,0.029458390513105632,0.03062448892136617,0.033300716587768064,0.03140100139158062,0.03445067727402701,0.029422564746624302,0.03681247295313741,0.037392036543288314,0.03482432399046862,0.02990355212073073,0.03410838904527402,0.028178125115170774,0.022700953944400314,0.03294992145512311,0.031808988867355045,0.03680188174741859,0.028555547513899916
Hardw,0.027643541598093718,0.02470604787291501,0.028736616814932482,0.01879843303891977,0.02516893758538523,0.030636879404289108,0.03717247091660047,0.033673146467037327,0.03103637527561557,0.03353589750436854,0.028011281264495633,0.02921050070849881,0.03421996784432089,0.042728704438443205,0.03451912375377284,0.026776263418586178,0.03655675085623511,0.05036632046862588,0.054997242277998404,0.04628433918189039,0.04408664178077839,0.04040306923590151,0.044734374301826835,0.03614271163780779,0.039933933737887214,0.03303306124861001,0.03765493321048451,0.04863680342652899,0.05928087652581414,0.0454708462192216,0.027474912003177122,0.04141909759968229,0.033344561463065914,0.033300716587768064,0.04642996184114376,0.038655810289118346,0.0441253928641779,0.03564570154249403,0.04187686180778395,0.04352477775694996,0.03955320305639396,0.034445653415409054,0.0392711764305004,0.03208422251787132,0.025434845227958695,0.03719787570611596,0.03529267651945987,0.04264877900714854,0.033039560460683084
Softw,0.025416059679110405,0.023436608590945197,0.02691653444797458,0.017836330379666396,0.02332526092136616,0.028033903026211275,0.0337936307640985,0.0318601727132645,0.028903845000794282,0.031721787858617956,0.026267540409849084,0.027441503714058776,0.0321957532867355,0.03993457666719619,0.03262749151548849,0.025043354799046864,0.03400405793804607,0.046984785520254174,0.05097536867672757,0.04205998704527403,0.04082273468308181,0.03769170991580619,0.041177475185067515,0.033624080648133436,0.03760162065766481,0.030663422983320088,0.03436319025893566,0.04515122556155679,0.05490789343764893,0.04193734437648928,0.026071062332009537,0.03839025035266084,0.0315156483923749,0.03140100139158062,0.038655810289118346,0.03743509021604447,0.04019100286576647,0.03303737122001588,0.03909296594757744,0.04035505921207307,0.03732989317235901,0.032184761485305795,0.036837002365369347,0.029615111810961076,0.024162820227164414,0.03520239969976171,0.0332980931644162,0.040121332478157266,0.03042536617950754
Chips,0.028076558494042895,0.025070499399523428,0.029101821350277998,0.019103375275615564,0.025301111580619536,0.03108539183478951,0.037663085915806194,0.03377363754090548,0.03174222108339952,0.03416249647021445,0.028727036079428114,0.030283080590945193,0.03561320120095313,0.0445194520540111,0.03479187313105639,0.027356668664019063,0.03719732995710882,0.05124445998411437,0.0566249322446386,0.04668681613979348,0.04574463522160445,0.04190642978236695,0.04551692196346306,0.036859894729150126,0.04076394509293089,0.033958488247815735,0.04260506194122319,0.051256971380460675,0.0611666417092931,0.04658146386020651,0.02780028256076251,0.04212932557267673,0.03389333742970612,0.03445067727402701,0.0441253928641779,0.04019100286576647,0.048978306427323266,0.037644067088165215,0.04227165257505957,0.04406864386973788,0.040274326907069107,0.0356574048610008,0.03948306118506752,0.03201979942811754,0.025785118779984115,0.03732438888641779,0.035436680171564726,0.043349209912629076,0.03323484908657664
LabEq,0.024175791110405083,0.021811421388403498,0.024827956274821286,0.016311006548054008,0.021240205830023826,0.026634772033359806,0.03197742172835584,0.02937165203971405,0.026933812111199364,0.02923658484670373,0.025145056749801425,0.0263839973375695,0.030744767596505157,0.037746947825258136,0.030230821567911046,0.02387975342017474,0.032036321328038124,0.04385336769658459,0.0479684993582208,0.039354014019062744,0.03849212590786338,0.03525311217791898,0.03937275732644956,0.03145294529626688,0.034942744324066716,0.0291955792279587,0.03536207565369341,0.04361999069579031,0.05226997144876887,0.04009589948371724,0.02398126925178713,0.03541942535504368,0.029078248290706907,0.029422564746624302,0.03564570154249403,0.03303737122001588,0.037644067088165215,0.035129041618745034,0.03678099179030976,0.0377307037045274,0.034664169461477365,0.030375297688641775,0.03377209035266084,0.02771481935663224,0.02208653300873709,0.032622556319301034,0.03127799785702938,0.03703086486894361,0.028769057077045277
Paper,0.03046143331532962,0.028862877382049245,0.03203186115965051,0.02279625937410644,0.030438687212073073,0.03440615329626689,0.04338489147577442,0.040849426484511515,0.03587700548371723,0.041066888876886413,0.0314958186370135,0.030645623180301822,0.0350189696203336,0.04916900935345511,0.040991937436060354,0.031260829617156476,0.04315239600953137,0.0589154842573471,0.06276136112470214,0.05275604305003971,0.048924304514694206,0.043379534119142166,0.05479073311517076,0.041871847866560764,0.04779979913582207,0.036601870837172354,0.042290860289118354,0.05503185843367752,0.06869811195552025,0.05183278096902303,0.033110643386814936,0.04540084601747419,0.03962713952660841,0.03681247295313741,0.04187686180778395,0.03909296594757744,0.04227165257505957,0.03678099179030976,0.058810090001588544,0.053031777213661625,0.04716580579507546,0.03928620133439237,0.04695307875456711,0.03816590837172359,0.03150037240984908,0.0468245824686259,0.043499947717235886,0.04995422300238284,0.03841624457505958
