,Agric,Food ,Soda ,Beer ,Smoke,Toys ,Fun  ,Books,Hshld,Clths,Hlth ,MedEq,Drugs,Chems,Rubbr,Txtls,BldMt,Cnstr,Steel,FabPr,Mach ,ElcEq,Autos,Aero ,Ships,Guns ,Gold ,Mines,Coal ,Oil  ,Util ,Telcm,PerSv,BusSv,Hardw,Softw,Chips,LabEq,Paper,Boxes,Trans,Whlsl,Rtail,Meals,Banks,Insur,RlEst,Fin  ,Other
Agric,0.02882034061318506,0.008309688781572677,0.00974085416997617,0.006607408127084987,0.008156009016679905,0.009435584279586972,0.011290950805401111,0.010888191002382839,0.010168367726767276,0.009757698052422556,0.009215218878474981,0.010328055078633838,0.0117388085782367,0.013533856044479745,0.010204528756155679,0.008604021083399522,0.012402712781572676,0.017516914643367753,0.017532057213661634,0.012959576374900717,0.014308031567911042,0.01298274889277204,0.014555065029388406,0.011881895758538525,0.01201550014932486,0.010771755310563942,0.012161627437648925,0.01813380962033359,0.015823672724384435,0.011074352984908655,0.008733529467831612,0.012974986204924549,0.010078379577442412,0.011589993410643365,0.013959300397140587,0.013117138274821284,0.015356524543288324,0.01229924087053217,0.012943878157267675,0.014111607262907068,0.013130419297855437,0.01137932231930103,0.012856450776806989,0.009748944508339949,0.008250781362986494,0.01076772676092137,0.009530026897537727,0.013874436841938044,0.010054928082605242
Food ,0.008309688781572677,0.011444524041302622,0.009458799984114377,0.00624203802700556,0.008400904174741859,0.008979772584590946,0.010919257277204131,0.009910386557585386,0.009936835968228754,0.010129614347895152,0.008983622878474979,0.009019138961080222,0.011344350548054011,0.012890914217633042,0.010220759199364575,0.008145001629864973,0.01128673156155679,0.015270120038125497,0.01633506045750595,0.011555427869737886,0.012739038929308975,0.011748156019062745,0.013225232101667988,0.0109389152025417,0.011731007580619538,0.009996636686258935,0.011222803615567907,0.015184078217633044,0.014244057188244636,0.010554943863383636,0.008570934471803017,0.011920518424146147,0.009688508787926925,0.010549964092136616,0.01229291866560763,0.012140174030182683,0.013659567164416202,0.011003961054805405,0.011336056727561558,0.013547332813343922,0.012233911348689433,0.0105633562827641,0.012071439574265291,0.008968627234312947,0.007470749251787131,0.010201993038919775,0.007930036355837966,0.011949912733915801,0.009517319799841143
Soda ,0.00974085416997617,0.009458799984114377,0.04242790143764892,0.008808178117553613,0.009150592208101669,0.010378474050833994,0.012344780444797457,0.011162649745830025,0.011877226203335978,0.011254902462271643,0.010112507633042098,0.01069327872915012,0.013146740087370929,0.015502908228752976,0.012610273153296265,0.009827095782366957,0.012965098927720416,0.019003272629070686,0.01906047552819698,0.01527739057982526,0.014728005059571087,0.013205557100873707,0.015875528625893566,0.012451251612390787,0.014811060810166799,0.00940594787132645,0.009794844686258934,0.01776312054805401,0.018050064114376492,0.012614043312152502,0.00963644647339158,0.013203080301826844,0.011299532049245432,0.011949734249404289,0.01368885083399523,0.013156959030976963,0.014873999928514695,0.012384513645750595,0.013535974336775216,0.015402662168387607,0.013885219181890387,0.012182968689436061,0.013663065369340746,0.010037245401111991,0.008237488189038916,0.011628627903097698,0.010829536703733123,0.014495410127084987,0.01107074480540111
Beer ,0.006607408127084987,0.00624203802700556,0.008808178117553613,0.02409123687212073,0.005226383575853853,0.0066200622223987265,0.008249386532168387,0.008205139572676727,0.00753243937887212,0.00796655231771247,0.0064436524050833985,0.006926586262112787,0.008769725075456711,0.009674962208101668,0.007068418684670375,0.0059473937680698955,0.008228545482128672,0.011154652975377285,0.010982475569499602,0.007766476946783159,0.00930690523749007,0.008628400465448766,0.010158479914217634,0.008552974694201748,0.008015276416203336,0.006949084484511516,0.007036939415409055,0.010294113440826052,0.008939921080222396,0.006954378266878475,0.006428230984908656,0.009781972146147736,0.007907291404289118,0.008199838732327245,0.009621375917394757,0.009516609521842733,0.010616157212073074,0.008615157788721206,0.008676112589356633,0.009620058676727562,0.009326619655281969,0.007885524686258933,0.009759748965845912,0.0070394568514694205,0.005569891077045274,0.008131477348689435,0.006491868557585382,0.009427206190627483,0.007152608630659252
Smoke,0.008156009016679905,0.008400904174741859,0.009150592208101669,0.005226383575853853,0.054931389501191405,0.011700203429706115,0.011582190948371724,0.009744485799841142,0.009157240411437648,0.010145738020651308,0.009673135471008738,0.010090532568705318,0.0128042870293884,0.01388437189833201,0.00963200537251787,0.00861502631771247,0.011457856729150118,0.01534612913105639,0.01854945750754567,0.012281990942017472,0.014346823188244635,0.012182462244638604,0.013979265045274025,0.011699829594916599,0.010935434954725971,0.00908614168864178,0.013003640702144551,0.015936868182684666,0.016051352756155678,0.010950505526608418,0.010397842851469418,0.013246125728355837,0.010559726432088959,0.010930309518665608,0.014701512787926922,0.013993861086576647,0.01629287751389992,0.012403384857823668,0.012815309618745033,0.016392872957903096,0.014066423992057186,0.010819198109610802,0.013090705026211277,0.008460028225575851,0.008359191903097698,0.011591516729150118,0.007832761027799843,0.013274653990468628,0.010349428312946784
Toys ,0.009435584279586972,0.008979772584590946,0.010378474050833994,0.0066200622223987265,0.011700203429706115,0.025591861876092137,0.014894246096902305,0.012589671864972202,0.012585082114376487,0.013156184711675933,0.011151617682287526,0.012174313372517872,0.014970240103256557,0.016341494884829232,0.012024258710087369,0.010750180179507542,0.015057919680698964,0.02146540723113582,0.02047852979984114,0.015480017254964255,0.016466528281175535,0.015316642012708496,0.01748202480381255,0.013634616822875296,0.015409713607625098,0.012214992401906277,0.012839904905480535,0.017982619903097692,0.017380892200158853,0.012293054457505956,0.009473833606036536,0.015417421976171563,0.012235508881652106,0.01372651653375695,0.01736255231135822,0.01631820525178713,0.019150420230341542,0.014838618351072275,0.014795026060365365,0.01779188566004766,0.016249776341540904,0.013794072231930103,0.0159373411056394,0.011411721289912627,0.00946037418109611,0.012823726019062748,0.011043887725178711,0.015725193046862585,0.012638714387609214
Fun  ,0.011290950805401111,0.010919257277204131,0.012344780444797457,0.008249386532168387,0.011582190948371724,0.014894246096902305,0.023065240546465447,0.014081889502779985,0.014821168765687056,0.015459665175536135,0.012536417471008735,0.01305661319142176,0.016520483161239073,0.018689532295472596,0.014585632698967435,0.012666646694201745,0.016562072568705323,0.023762621089753768,0.023088498271644164,0.016605206602065135,0.018536293810961082,0.017114965505957105,0.019690731965051625,0.015809057537728353,0.01677652830500397,0.013136004934074663,0.013973618973788718,0.021010413664813345,0.020498935663224773,0.013788448479745833,0.011164475694996031,0.01803929196505163,0.014382493944400318,0.015275535574265288,0.019140657664813345,0.01837938841620334,0.02129818498808578,0.016597466459094518,0.016825158300238285,0.019186514525814137,0.018663521185067512,0.015315705988880064,0.019001348702144556,0.014020956276409846,0.011031461328038127,0.014586058970611595,0.012661756146147733,0.017897529521842735,0.014475172432088962
Books,0.010888191002382839,0.009910386557585386,0.011162649745830025,0.008205139572676727,0.009744485799841142,0.012589671864972202,0.014081889502779985,0.02133338810325655,0.01271667628117553,0.012629225137410641,0.011264816868943603,0.011424452854646544,0.014005286997617156,0.016191950420969024,0.012932710027005558,0.010336528779984113,0.014411575934868944,0.020121529258141382,0.019470514536934068,0.014138299663224779,0.015828352846703735,0.014392036922954723,0.017697050049245436,0.013624427084988084,0.014948038036536933,0.010569531712470213,0.009417456428911834,0.017734485212073072,0.016247659729944398,0.011615349879269259,0.010390651334392374,0.015873646522637015,0.012861612119142178,0.013525723911040507,0.015907125464654486,0.015435727520254168,0.017407036084193802,0.01418014558856235,0.015362597752184275,0.01750430673073868,0.016264236414614774,0.013360593979348686,0.016331382548054007,0.01230068500079428,0.01021055228435266,0.013730649278792691,0.010866798295472598,0.015581269939634627,0.012350493221604449
Hshld,0.010168367726767276,0.009936835968228754,0.011877226203335978,0.00753243937887212,0.009157240411437648,0.012585082114376487,0.014821168765687056,0.01271667628117553,0.020883855648927717,0.014132312368546467,0.011357676808578236,0.011821149274027005,0.014802955274027004,0.017484583208895947,0.013673263920571884,0.011240533253375692,0.015039074565528191,0.021486781464654492,0.02160922149166005,0.01519025188562351,0.017089182864177918,0.01618112458617951,0.01845704644003177,0.0140778909451946,0.01591471316282764,0.01178027468943606,0.014125934611596504,0.019636646114376488,0.018715963526608422,0.013016315458300239,0.0103061881096108,0.015824349537728353,0.013133219286735501,0.013996213976171566,0.017304806894360602,0.01661974151866561,0.019543109062748212,0.015008985594916598,0.015613260214455919,0.018478197177124702,0.01669753897855441,0.014162515536139791,0.01709424283717236,0.012479248883240666,0.01000810536457506,0.013489818918189041,0.011548327089753771,0.016216229774424145,0.012534008907069105
Clths,0.009757698052422556,0.010129614347895152,0.011254902462271643,0.00796655231771247,0.010145738020651308,0.013156184711675933,0.015459665175536135,0.012629225137410641,0.014132312368546467,0.02084997193963463,0.011332212924543289,0.01173685599364575,0.01479566011119936,0.01748235421763304,0.01374744884511517,0.012134586509928515,0.01589427511358221,0.02319274286258936,0.02172370621763305,0.016816690503574264,0.017388420028594122,0.016190652695790307,0.01842125141223193,0.014579463383637808,0.016648225791898327,0.012558051869737883,0.014245910735504363,0.019869442389197772,0.018958656648133433,0.013444417753772836,0.010143176425734708,0.016089816019062748,0.012720180104845113,0.014438727383637806,0.017079589324861005,0.016641968254169973,0.019016358157267668,0.015221630297061159,0.01605187529785544,0.018667891577442412,0.017651815301032565,0.014640618204924542,0.018985411653693406,0.013068519860206509,0.010518142703733122,0.013738940625893564,0.012001440171564735,0.016851285254964255,0.01283087477680699
Hlth ,0.009215218878474981,0.008983622878474979,0.010112507633042098,0.0064436524050833985,0.009673135471008738,0.011151617682287526,0.012536417471008735,0.011264816868943603,0.011357676808578236,0.011332212924543289,0.01651590940587768,0.011996683158061952,0.015166901930103255,0.015071237188244642,0.011663150020651311,0.010336537510722795,0.01278996508181096,0.01812293155202541,0.018654845701350276,0.013160182528991262,0.015176271918983316,0.014256598613185064,0.015676777305798254,0.012060885099285146,0.012905068841938044,0.011294228843526608,0.01244944921048451,0.017949971960285936,0.016186783478951552,0.012189762416203337,0.00908697819698173,0.015032498894360606,0.011393618460683083,0.01291798042573471,0.01609672733915806,0.015614000168387609,0.017819632748212865,0.014284588772041298,0.013605511048451152,0.01609766634312947,0.014667677787132643,0.012635982668784747,0.014129358420969018,0.010194824895949164,0.008452049828435263,0.011989336821286735,0.009513283023034154,0.013990958733915806,0.011109301043685463
MedEq,0.010328055078633838,0.009019138961080222,0.01069327872915012,0.006926586262112787,0.010090532568705318,0.012174313372517872,0.01305661319142176,0.011424452854646544,0.011821149274027005,0.01173685599364575,0.011996683158061952,0.016268362484511516,0.017131640444797452,0.01553526424146148,0.012214996956314537,0.011056744851469421,0.013771252727561556,0.01923738887370929,0.020042359510722797,0.014094521232724385,0.01609657347736299,0.015718740104845117,0.015718413045274028,0.013067249308975378,0.013781534468625891,0.01214328768228753,0.015225368997617157,0.019395931234312946,0.01907710417791899,0.013795342760921364,0.009607679999999999,0.0154378485655282,0.01214470816203336,0.013944554001588559,0.017692755488482922,0.017036704222398728,0.01949237289912629,0.015756063059571092,0.013539801016679905,0.015739387615567913,0.01514496091501191,0.013415546592533757,0.014560278710087369,0.010501831510722795,0.00864044240826052,0.011489327294678315,0.009740072540111198,0.014807077972994446,0.011968941788721205
Drugs,0.0117388085782367,0.011344350548054011,0.013146740087370929,0.008769725075456711,0.0128042870293884,0.014970240103256557,0.016520483161239073,0.014005286997617156,0.014802955274027004,0.01479566011119936,0.015166901930103255,0.017131640444797452,0.027004322533756946,0.019757506004765685,0.015051397315329626,0.013365710254169974,0.01698254278792693,0.023756833995234313,0.024619547664813345,0.01765100443208896,0.020009551890389197,0.019642433494837176,0.020042125544082603,0.016129636139793485,0.016994585385226375,0.015817480405083403,0.018667983335980937,0.02348079430500397,0.0228950127720413,0.01701925435266084,0.01202267235107228,0.019856646942017473,0.014692433193010328,0.017526660349483712,0.022790422430500397,0.02175978819698173,0.02503380200953137,0.020150991834789515,0.016662734511517077,0.019598349332803817,0.019232050397140585,0.016628337648927717,0.018218328212867358,0.013007748435266083,0.010584542692613184,0.01449195992851469,0.01194677656076251,0.0186010497299444,0.014667618657664814
Chems,0.013533856044479745,0.012890914217633042,0.015502908228752976,0.009674962208101668,0.01388437189833201,0.016341494884829232,0.018689532295472596,0.016191950420969024,0.017484583208895947,0.01748235421763304,0.015071237188244642,0.01553526424146148,0.019757506004765685,0.02943859218427323,0.018428572517871326,0.015448714551231136,0.020313247736298654,0.02780154382843527,0.03153230841938047,0.02170018014297061,0.023893387116759333,0.021658184702144558,0.02367906824463861,0.019156549388403495,0.0216947647339158,0.016243435504368547,0.023714485687053213,0.030975176028594124,0.03069402811755361,0.021252725353455123,0.014331621969817313,0.020756621286735503,0.016315846528991266,0.018528177124702144,0.022552477903097695,0.021529606322478155,0.02554855340746624,0.02014226570293884,0.02118903636219222,0.025972226100079418,0.022282592708498805,0.01906991463065925,0.020696733089753772,0.015062501922160444,0.012808220921366163,0.017204759793486898,0.014166895456711672,0.020832195377283563,0.01752886346306592
Rubbr,0.010204528756155679,0.010220759199364575,0.012610273153296265,0.007068418684670375,0.00963200537251787,0.012024258710087369,0.014585632698967435,0.012932710027005558,0.013673263920571884,0.01374744884511517,0.011663150020651311,0.012214996956314537,0.015051397315329626,0.018428572517871326,0.027655473874503584,0.012059199736298648,0.015638648930897534,0.021593379564733915,0.02283759466560762,0.017951759389992054,0.017956484025416997,0.016372118230341536,0.018048018509928515,0.014761946020651312,0.017494420918189042,0.013945446395552025,0.016675917083399522,0.02220411781096108,0.020488299602859406,0.015285207907863382,0.010419567640984909,0.016301923196187448,0.013135358249404289,0.014625127281969819,0.01698662249404289,0.01650557383320095,0.019174328625893567,0.015209966220810165,0.01639432922954726,0.018967547504368548,0.017144821963463064,0.014659069515488485,0.01625618466719619,0.0120856207720413,0.010237285315329624,0.013226621671167591,0.01101399087212073,0.015697351825258138,0.013379501423351868
Txtls,0.008604021083399522,0.008145001629864973,0.009827095782366957,0.0059473937680698955,0.00861502631771247,0.010750180179507542,0.012666646694201745,0.010336528779984113,0.011240533253375692,0.012134586509928515,0.010336537510722795,0.011056744851469421,0.013365710254169974,0.015448714551231136,0.012059199736298648,0.03260857769499602,0.013119330686258935,0.020051568190627478,0.02046727252899126,0.01527469602223987,0.015054474486100079,0.013917930819698172,0.015083915904686256,0.012396492247815725,0.013714589623510723,0.011004411884034945,0.017393872174741858,0.02006150611119936,0.018540142589356632,0.013729874587768065,0.008945993065925336,0.014029520988085784,0.011208247582208099,0.012188656289118352,0.015005177061159648,0.014585756883240663,0.01707507176330421,0.013591092257347103,0.013529644741858617,0.01569081871167593,0.014632579906274819,0.012592218157267673,0.013995135183478955,0.010074710239872916,0.00836450533915806,0.011103031639396346,0.009463903572676725,0.013657547861795074,0.01166675731691819
BldMt,0.012402712781572676,0.01128673156155679,0.012965098927720416,0.008228545482128672,0.011457856729150118,0.015057919680698964,0.016562072568705323,0.014411575934868944,0.015039074565528191,0.01589427511358221,0.01278996508181096,0.013771252727561556,0.01698254278792693,0.020313247736298654,0.015638648930897534,0.013119330686258935,0.021782067753772835,0.027348196930897534,0.02689114548212867,0.019074236629070693,0.020493473545671166,0.01860299428594122,0.02094755848451152,0.017024719285146938,0.018978037782366956,0.014532816954725972,0.01850412140111199,0.025861142050833993,0.02539624606830818,0.01795108246068308,0.0125494339872915,0.017903040708498803,0.014254058123907861,0.016212214490865767,0.019111911167593323,0.018340149283558378,0.021310251429706113,0.016981544476568702,0.018277078165210483,0.02143793510246227,0.01976054348371724,0.016623783367752182,0.01904971417633042,0.013806026827640986,0.011600124452740269,0.015144005434471806,0.013532749907863387,0.018422642775218427,0.014903514762509928
Cnstr,0.017516914643367753,0.015270120038125497,0.019003272629070686,0.011154652975377285,0.01534612913105639,0.02146540723113582,0.023762621089753768,0.020121529258141382,0.021486781464654492,0.02319274286258936,0.01812293155202541,0.01923738887370929,0.023756833995234313,0.02780154382843527,0.021593379564733915,0.020051568190627478,0.027348196930897534,0.054695154351072285,0.0366680704177919,0.02634903676568705,0.028367913544082603,0.02548782599523431,0.02972645812231929,0.022858240635424944,0.025703345499602858,0.01929823387450358,0.028299919930103255,0.036626817423351866,0.03730860946783161,0.026398359320095304,0.017605379571088157,0.02537732236378078,0.021038016603653696,0.022798082884829228,0.02667692629070691,0.02565762111517077,0.029352085051628275,0.02324410281810961,0.02562661019857029,0.02956975351231136,0.02759101512946783,0.02305032079428117,0.028462535269261326,0.020003371984114376,0.017434172206513106,0.021781479027799838,0.021582650446386017,0.02706110842891184,0.0211390159872915
Steel,0.017532057213661634,0.01633506045750595,0.01906047552819698,0.010982475569499602,0.01854945750754567,0.02047852979984114,0.023088498271644164,0.019470514536934068,0.02160922149166005,0.02172370621763305,0.018654845701350276,0.020042359510722797,0.024619547664813345,0.03153230841938047,0.02283759466560762,0.02046727252899126,0.02689114548212867,0.0366680704177919,0.05283700462430499,0.029062766795869728,0.03144232916123908,0.028207522212867354,0.029477662694201743,0.025695941397934866,0.028774453572676727,0.02325773487370929,0.040603103704527396,0.04775119020015886,0.04932903739475774,0.03369678423987291,0.0181040305401112,0.026016648841938047,0.020062820014297055,0.023633992028594123,0.02829237629864972,0.027084047456711672,0.03182766749007149,0.02524552280857824,0.026809589857029387,0.03274131913741064,0.028513530060365368,0.025200187370929307,0.02548898003812549,0.01875144357108816,0.01581238680381255,0.02101211861953932,0.01820410414138205,0.026583122155679113,0.02208340265766481
FabPr,0.012959576374900717,0.011555427869737886,0.01527739057982526,0.007766476946783159,0.012281990942017472,0.015480017254964255,0.016605206602065135,0.014138299663224779,0.01519025188562351,0.016816690503574264,0.013160182528991262,0.014094521232724385,0.01765100443208896,0.02170018014297061,0.017951759389992054,0.01527469602223987,0.019074236629070693,0.02634903676568705,0.029062766795869728,0.04905144388244639,0.022559882328832406,0.020724126281175533,0.02192396766957903,0.019817328546465448,0.022159154649722,0.017161874017474186,0.024850292130262117,0.029108011783955525,0.027810848895949165,0.0197867143161239,0.01263695537728356,0.019728216279586975,0.014945361496425735,0.017334163107227962,0.021153321810961075,0.019649306611596504,0.023420629880857823,0.01835502993486894,0.020001232613185062,0.02302728474344718,0.020686427631453536,0.01807034376489277,0.019116531138999204,0.014650534366957901,0.011687870649722001,0.01517472523907863,0.01349784760285941,0.019685532463860206,0.01653284129308975
Mach ,0.014308031567911042,0.012739038929308975,0.014728005059571087,0.00930690523749007,0.014346823188244635,0.016466528281175535,0.018536293810961082,0.015828352846703735,0.017089182864177918,0.017388420028594122,0.015176271918983316,0.01609657347736299,0.020009551890389197,0.023893387116759333,0.017956484025416997,0.015054474486100079,0.020493473545671166,0.028367913544082603,0.03144232916123908,0.022559882328832406,0.02740517728196982,0.022461286165210485,0.023577520098490862,0.02001723772835584,0.022191548416203338,0.017728890978554408,0.024795330538522637,0.030749521631453534,0.031309127688641775,0.023175015667990465,0.013793274733915804,0.02115583920889595,0.016260305898332012,0.019036744867355043,0.02418049671167593,0.02281720358697379,0.0276484310166799,0.021347009874503574,0.020356791159650514,0.02381913205559968,0.022112968802223985,0.019398853804606826,0.020845702363780777,0.015154329080222403,0.01245404390945195,0.01662010428435266,0.014537247099285144,0.021351825494837173,0.017063806165210478
ElcEq,0.01298274889277204,0.011748156019062745,0.013205557100873707,0.008628400465448766,0.012182462244638604,0.015316642012708496,0.017114965505957105,0.014392036922954723,0.01618112458617951,0.016190652695790307,0.014256598613185064,0.015718740104845117,0.019642433494837176,0.021658184702144558,0.016372118230341536,0.013917930819698172,0.01860299428594122,0.02548782599523431,0.028207522212867354,0.020724126281175533,0.022461286165210485,0.026963967559968223,0.02143257086258935,0.017832105655281965,0.018858148041302623,0.016616482365369337,0.02174636865131056,0.026820795540905478,0.02622643968228753,0.019340661822081016,0.012122762883240669,0.019980486891183476,0.01568870001111993,0.017950647984114377,0.023224435138999206,0.021792599685464653,0.026294106743447183,0.02013157586020651,0.018651989523431296,0.021367820382843523,0.020249769307386815,0.018175731517077045,0.019216415857029386,0.014179123882446389,0.011479466273232725,0.015188286247815729,0.013301246054011123,0.019640224989674347,0.01596131958538522
Autos,0.014555065029388406,0.013225232101667988,0.015875528625893566,0.010158479914217634,0.013979265045274025,0.01748202480381255,0.019690731965051625,0.017697050049245436,0.01845704644003177,0.01842125141223193,0.015676777305798254,0.015718413045274028,0.020042125544082603,0.02367906824463861,0.018048018509928515,0.015083915904686256,0.02094755848451152,0.02972645812231929,0.029477662694201743,0.02192396766957903,0.023577520098490862,0.02143257086258935,0.0323382767847498,0.019678245178713267,0.022448407853852267,0.017212500362192216,0.017688438271644166,0.027001937070691026,0.025226131119936455,0.017478012762509924,0.013765657267672754,0.0217279236791104,0.017098820387609213,0.018868801544082603,0.022977656616362196,0.022005073715647337,0.025878708895949162,0.020575740505162827,0.021738350516282763,0.02505100791421763,0.02390556336457506,0.019305126195393166,0.022972281436060366,0.016593665652104843,0.013497523205718827,0.017884133575853854,0.014835618176330417,0.021756639050039717,0.017468056708498807
Aero ,0.011881895758538525,0.0109389152025417,0.012451251612390787,0.008552974694201748,0.011699829594916599,0.013634616822875296,0.015809057537728353,0.013624427084988084,0.0140778909451946,0.014579463383637808,0.012060885099285146,0.013067249308975378,0.016129636139793485,0.019156549388403495,0.014761946020651312,0.012396492247815725,0.017024719285146938,0.022858240635424944,0.025695941397934866,0.019817328546465448,0.02001723772835584,0.017832105655281965,0.019678245178713267,0.0328910608101668,0.018240074154090548,0.016050890055599683,0.014432077648927724,0.023432565003971402,0.022071912756155682,0.015557773899920566,0.011493905909451948,0.017001745957108818,0.013292308292295472,0.015545689340746627,0.019035917903097697,0.018024925877680696,0.02122515830023828,0.017026153899920574,0.017326836362192215,0.01975801402700556,0.019040713852263705,0.016077684289118346,0.01745483993645751,0.012822066115965054,0.010347745687053218,0.014314266163621922,0.01145660007942812,0.0181621459412232,0.013723777934868946
Ships,0.01201550014932486,0.011731007580619538,0.014811060810166799,0.008015276416203336,0.010935434954725971,0.015409713607625098,0.01677652830500397,0.014948038036536933,0.01591471316282764,0.016648225791898327,0.012905068841938044,0.013781534468625891,0.016994585385226375,0.0216947647339158,0.017494420918189042,0.013714589623510723,0.018978037782366956,0.025703345499602858,0.028774453572676727,0.022159154649722,0.022191548416203338,0.018858148041302623,0.022448407853852267,0.018240074154090548,0.04144926000953136,0.016828141877680697,0.01889302835266084,0.027459633111993644,0.027843882795869742,0.019124557324860993,0.012619442859412232,0.0182175407847498,0.014329067094519456,0.017037731990468628,0.019376502652899124,0.019006963806195393,0.022268028085782366,0.017445286055599685,0.01930369896743447,0.022206238551231137,0.021815163640984906,0.018030162986497216,0.019105047269261318,0.01461397688959492,0.011733797795075458,0.01563094783796664,0.013740709019857028,0.01955466527084988,0.015967672870532166
Guns ,0.010771755310563942,0.009996636686258935,0.00940594787132645,0.006949084484511516,0.00908614168864178,0.012214992401906277,0.013136004934074663,0.010569531712470213,0.01178027468943606,0.012558051869737883,0.011294228843526608,0.01214328768228753,0.015817480405083403,0.016243435504368547,0.013945446395552025,0.011004411884034945,0.014532816954725972,0.01929823387450358,0.02325773487370929,0.017161874017474186,0.017728890978554408,0.016616482365369337,0.017212500362192216,0.016050890055599683,0.016828141877680697,0.057642523175536135,0.015895168651310562,0.021130371029388393,0.02501866748212867,0.017000715118347894,0.009757176814932485,0.014671610417791896,0.012178708891183478,0.014440443186656075,0.016948557966640188,0.01602312292613185,0.018943824821286735,0.015038294779984114,0.014531211016679903,0.017523591772835582,0.015128438012708495,0.014616942859412231,0.013687687088165208,0.011408206011119934,0.00884693806036537,0.011615333221604447,0.010066360287529786,0.01502776190786338,0.011980604811755361
Gold ,0.012161627437648925,0.011222803615567907,0.009794844686258934,0.007036939415409055,0.013003640702144551,0.012839904905480535,0.013973618973788718,0.009417456428911834,0.014125934611596504,0.014245910735504363,0.01244944921048451,0.015225368997617157,0.018667983335980937,0.023714485687053213,0.016675917083399522,0.017393872174741858,0.01850412140111199,0.028299919930103255,0.040603103704527396,0.024850292130262117,0.024795330538522637,0.02174636865131056,0.017688438271644166,0.014432077648927724,0.01889302835266084,0.015895168651310562,0.1744587913010326,0.0636829592406672,0.05021276930897537,0.038910887876092135,0.013628404908657663,0.01745705568228753,0.012532207272438443,0.016951049537728358,0.020338369467831605,0.019650698249404283,0.024653497458300234,0.019444229890389193,0.018215602112787926,0.021959525804606826,0.01708032248768865,0.01944835053216839,0.014469458630659255,0.011301483011914215,0.009645773003971403,0.012120979320095312,0.01344787910087371,0.020432788679904685,0.013246340025416997
Mines,0.01813380962033359,0.015184078217633044,0.01776312054805401,0.010294113440826052,0.015936868182684666,0.017982619903097692,0.021010413664813345,0.017734485212073072,0.019636646114376488,0.019869442389197772,0.017949971960285936,0.019395931234312946,0.02348079430500397,0.030975176028594124,0.02220411781096108,0.02006150611119936,0.025861142050833993,0.036626817423351866,0.04775119020015886,0.029108011783955525,0.030749521631453534,0.026820795540905478,0.027001937070691026,0.023432565003971402,0.027459633111993644,0.021130371029388393,0.0636829592406672,0.07603245695154882,0.054668158443208895,0.038266399521842735,0.017734544916600474,0.023580452432088957,0.019098779315329627,0.022290414617950755,0.02659535177124702,0.02544512453375694,0.029672740595710883,0.023903104190627487,0.02495545136616362,0.030387749860206512,0.02676252211755362,0.0244922877680699,0.023043736257347097,0.01702386320571882,0.014487743404289117,0.018629393917394755,0.017458822044479745,0.02550175132168388,0.021114155890389192
Coal ,0.015823672724384435,0.014244057188244636,0.018050064114376492,0.008939921080222396,0.016051352756155678,0.017380892200158853,0.020498935663224773,0.016247659729944398,0.018715963526608422,0.018958656648133433,0.016186783478951552,0.01907710417791899,0.0228950127720413,0.03069402811755361,0.020488299602859406,0.018540142589356632,0.02539624606830818,0.03730860946783161,0.04932903739475774,0.027810848895949165,0.031309127688641775,0.02622643968228753,0.025226131119936455,0.022071912756155682,0.027843882795869742,0.02501866748212867,0.05021276930897537,0.054668158443208895,0.10256959694996025,0.05089660015885622,0.01964093023034154,0.02213020044479746,0.01784401003971406,0.021830102684670373,0.023986219857029388,0.022830831803018266,0.02638560460683081,0.02193726646544877,0.023221312088959493,0.02916510725972995,0.024308491914217627,0.02351379996822875,0.021205062303415408,0.01607737912629071,0.013274866656076252,0.017693776171564736,0.017354027005559963,0.02310493521842733,0.021282003240667192
Oil  ,0.011074352984908655,0.010554943863383636,0.012614043312152502,0.006954378266878475,0.010950505526608418,0.012293054457505956,0.013788448479745833,0.011615349879269259,0.013016315458300239,0.013444417753772836,0.012189762416203337,0.013795342760921364,0.01701925435266084,0.021252725353455123,0.015285207907863382,0.013729874587768065,0.01795108246068308,0.026398359320095304,0.03369678423987291,0.0197867143161239,0.023175015667990465,0.019340661822081016,0.017478012762509924,0.015557773899920566,0.019124557324860993,0.017000715118347894,0.038910887876092135,0.038266399521842735,0.05089660015885622,0.04805734457664812,0.015447776401906277,0.016239321324861,0.012877494441620329,0.015964153388403495,0.017341856076250994,0.01677246806354249,0.01944311915011914,0.01601692799364575,0.016576304201747417,0.02037677654169976,0.016243543442414615,0.017233058919777604,0.014575041248610004,0.010387503656870533,0.00935081537251787,0.012729762254169977,0.012872773459888801,0.016717688980142968,0.015000890416203333
Util ,0.008733529467831612,0.008570934471803017,0.00963644647339158,0.006428230984908656,0.010397842851469418,0.009473833606036536,0.011164475694996031,0.010390651334392374,0.0103061881096108,0.010143176425734708,0.00908697819698173,0.009607679999999999,0.01202267235107228,0.014331621969817313,0.010419567640984909,0.008945993065925336,0.0125494339872915,0.017605379571088157,0.0181040305401112,0.01263695537728356,0.013793274733915804,0.012122762883240669,0.013765657267672754,0.011493905909451948,0.012619442859412232,0.009757176814932485,0.013628404908657663,0.017734544916600474,0.01964093023034154,0.015447776401906277,0.0144525673629865,0.012410803891977759,0.010376049507545672,0.0110386487847498,0.012632099666401908,0.012263073884034947,0.013702371016679907,0.011176905035742651,0.012692019960285936,0.016087036370135026,0.013157742200158853,0.011115275980937252,0.012886884019062747,0.008780057537728354,0.008510249809372516,0.011712765154884825,0.009376247204130262,0.012972325234312946,0.010885307918983319
Telcm,0.012974986204924549,0.011920518424146147,0.013203080301826844,0.009781972146147736,0.013246125728355837,0.015417421976171563,0.01803929196505163,0.015873646522637015,0.015824349537728353,0.016089816019062748,0.015032498894360606,0.0154378485655282,0.019856646942017473,0.020756621286735503,0.016301923196187448,0.014029520988085784,0.017903040708498803,0.02537732236378078,0.026016648841938047,0.019728216279586975,0.02115583920889595,0.019980486891183476,0.0217279236791104,0.017001745957108818,0.0182175407847498,0.014671610417791896,0.01745705568228753,0.023580452432088957,0.02213020044479746,0.016239321324861,0.012410803891977759,0.02527481994598888,0.016038679609213662,0.01785348046386021,0.023229943923749007,0.022200832031771246,0.02576394565528197,0.01980505354725973,0.018594864447974577,0.021735120416203332,0.02031553607307387,0.017382507863383634,0.019954336463860203,0.014245741903097697,0.011818371021445591,0.016089953210484512,0.012889427930103253,0.019868268692613184,0.015397599107227959
PerSv,0.010078379577442412,0.009688508787926925,0.011299532049245432,0.007907291404289118,0.010559726432088959,0.012235508881652106,0.014382493944400318,0.012861612119142178,0.013133219286735501,0.012720180104845113,0.011393618460683083,0.01214470816203336,0.014692433193010328,0.016315846528991266,0.013135358249404289,0.011208247582208099,0.014254058123907861,0.021038016603653696,0.020062820014297055,0.014945361496425735,0.016260305898332012,0.01568870001111993,0.017098820387609213,0.013292308292295472,0.014329067094519456,0.012178708891183478,0.012532207272438443,0.019098779315329627,0.01784401003971406,0.012877494441620329,0.010376049507545672,0.016038679609213662,0.02071567474344718,0.014361541950754566,0.017046181509134232,0.016464354671961872,0.018910684392374897,0.015091598843526607,0.015097141977760124,0.017426409170770454,0.016142404697378872,0.01372981123113582,0.016111433274027004,0.011810538668784747,0.010003347826846703,0.013408584907069102,0.011286213904686256,0.015657519194598887,0.01232502785861795
BusSv,0.011589993410643365,0.010549964092136616,0.011949734249404289,0.008199838732327245,0.010930309518665608,0.01372651653375695,0.015275535574265288,0.013525723911040507,0.013996213976171566,0.014438727383637806,0.01291798042573471,0.013944554001588559,0.017526660349483712,0.018528177124702144,0.014625127281969819,0.012188656289118352,0.016212214490865767,0.022798082884829228,0.023633992028594123,0.017334163107227962,0.019036744867355043,0.017950647984114377,0.018868801544082603,0.015545689340746627,0.017037731990468628,0.014440443186656075,0.016951049537728358,0.022290414617950755,0.021830102684670373,0.015964153388403495,0.0110386487847498,0.01785348046386021,0.014361541950754566,0.017249063898332015,0.019843377251787135,0.019027381172359012,0.022090269880857823,0.017413015402700557,0.016537090055599682,0.019022982484511522,0.018074519024622714,0.015623091056393966,0.0174201882573471,0.012805297976171562,0.010519688397140587,0.013997313172359015,0.011865872333598093,0.017388889680698967,0.013911691034154086
Hardw,0.013959300397140587,0.01229291866560763,0.01368885083399523,0.009621375917394757,0.014701512787926922,0.01736255231135822,0.019140657664813345,0.015907125464654486,0.017304806894360602,0.017079589324861005,0.01609672733915806,0.017692755488482922,0.022790422430500397,0.022552477903097695,0.01698662249404289,0.015005177061159648,0.019111911167593323,0.02667692629070691,0.02829237629864972,0.021153321810961075,0.02418049671167593,0.023224435138999206,0.022977656616362196,0.019035917903097697,0.019376502652899124,0.016948557966640188,0.020338369467831605,0.02659535177124702,0.023986219857029388,0.017341856076250994,0.012632099666401908,0.023229943923749007,0.017046181509134232,0.019843377251787135,0.03268073092930897,0.0264424741858618,0.03235406614773629,0.023551360158856234,0.01936652273232724,0.02319582907069102,0.021940813471008735,0.019417875901509132,0.02131927561556791,0.015453585385226369,0.012125092136616361,0.01625510570293884,0.013241100111199361,0.021539846417791896,0.016959380587768066
Softw,0.013117138274821284,0.012140174030182683,0.013156959030976963,0.009516609521842733,0.013993861086576647,0.01631820525178713,0.01837938841620334,0.015435727520254168,0.01661974151866561,0.016641968254169973,0.015614000168387609,0.017036704222398728,0.02175978819698173,0.021529606322478155,0.01650557383320095,0.014585756883240663,0.018340149283558378,0.02565762111517077,0.027084047456711672,0.019649306611596504,0.02281720358697379,0.021792599685464653,0.022005073715647337,0.018024925877680696,0.019006963806195393,0.01602312292613185,0.019650698249404283,0.02544512453375694,0.022830831803018266,0.01677246806354249,0.012263073884034947,0.022200832031771246,0.016464354671961872,0.019027381172359012,0.0264424741858618,0.02630923068467037,0.02956550749801429,0.022214320050833992,0.01863696795869738,0.021978201807783954,0.021109126198570295,0.018372728196981727,0.020688693464654486,0.014684830646544876,0.011885721083399525,0.015909212063542493,0.013018376263701349,0.020688633769658456,0.01607447406195393
Chips,0.015356524543288324,0.013659567164416202,0.014873999928514695,0.010616157212073074,0.01629287751389992,0.019150420230341542,0.02129818498808578,0.017407036084193802,0.019543109062748212,0.019016358157267668,0.017819632748212865,0.01949237289912629,0.02503380200953137,0.02554855340746624,0.019174328625893567,0.01707507176330421,0.021310251429706113,0.029352085051628275,0.03182766749007149,0.023420629880857823,0.0276484310166799,0.026294106743447183,0.025878708895949162,0.02122515830023828,0.022268028085782366,0.018943824821286735,0.024653497458300234,0.029672740595710883,0.02638560460683081,0.01944311915011914,0.013702371016679907,0.02576394565528197,0.018910684392374897,0.022090269880857823,0.03235406614773629,0.02956550749801429,0.0389989193884035,0.027205738649722,0.021565017640984906,0.025460996274821287,0.02445090572676727,0.02183958022239873,0.023660962430500396,0.01679625108816521,0.013507450603653694,0.017979849571088165,0.014726751795075453,0.023992613653693404,0.018659590174741857
LabEq,0.01229924087053217,0.011003961054805405,0.012384513645750595,0.008615157788721206,0.012403384857823668,0.014838618351072275,0.016597466459094518,0.01418014558856235,0.015008985594916598,0.015221630297061159,0.014284588772041298,0.015756063059571092,0.020150991834789515,0.02014226570293884,0.015209966220810165,0.013591092257347103,0.016981544476568702,0.02324410281810961,0.02524552280857824,0.01835502993486894,0.021347009874503574,0.02013157586020651,0.020575740505162827,0.017026153899920574,0.017445286055599685,0.015038294779984114,0.019444229890389193,0.023903104190627487,0.02193726646544877,0.01601692799364575,0.011176905035742651,0.01980505354725973,0.015091598843526607,0.017413015402700557,0.023551360158856234,0.022214320050833992,0.027205738649722,0.024297068695790316,0.017479032438443204,0.020456267539316918,0.019415788473391586,0.016995804956314534,0.018565627914217633,0.013343674605242257,0.010680951364575062,0.014411095040508337,0.011740741502779987,0.01888360244003177,0.014379014621127877
