,Agric,Food ,Soda ,Beer ,Smoke,Toys ,Fun  ,Books,Hshld,Clths,Hlth ,MedEq,Drugs,Chems,Rubbr,Txtls,BldMt,Cnstr,Steel,FabPr,Mach ,ElcEq,Autos,Aero ,Ships,Guns ,Gold ,Mines,Coal ,Oil  ,Util ,Telcm,PerSv,BusSv,Hardw,Softw,Chips,LabEq,Paper,Boxes,Trans,Whlsl,Rtail,Meals,Banks,Insur,RlEst,Fin  ,Other
Agric,0.03309150802859412,0.009441080254169973,0.0108631360127085,0.006496057372517872,0.009009544374900716,0.010366158131850675,0.013153879421763303,0.012990111320095313,0.01149928670373312,0.011469679523431293,0.009502918354249405,0.011070034376489275,0.012844915323272435,0.016061871148530575,0.011705583923749008,0.009307246023828434,0.014583831612390784,0.022496486487688632,0.020368739113582206,0.01716666067037331,0.016415937239078634,0.014697323164416201,0.016783466840349485,0.013781834503574262,0.014480113150119139,0.012731854328832405,0.013811261947577444,0.020518620632247814,0.01983663581254964,0.013353824819698174,0.009625057950754566,0.01443317387132645,0.012316327193010323,0.013118002293884034,0.015229437655281964,0.014328139234312948,0.016356243837966633,0.013691661159650516,0.015780792851469418,0.016463544019062748,0.015857656660841934,0.013040629293089754,0.0152246751898332,0.01152420394598888,0.010447931208895948,0.012244410808578236,0.011607188416203335,0.01713399366481334,0.011994911961874504
Food ,0.009441080254169973,0.012568308848292294,0.0105408037172359,0.0071900383796664,0.008359658649722001,0.009948460937251788,0.012507585321683877,0.011395783606036538,0.011037859205718828,0.01199020536934075,0.009336397172359016,0.009771966195393169,0.011923579491660046,0.014416185750595709,0.011843915599682285,0.008942363780778392,0.01270712602065131,0.017650446290706914,0.017758801286735505,0.013341194583002383,0.01379355960285941,0.013036542795869735,0.015008179253375695,0.012177966719618743,0.013719623256552821,0.011323062223987289,0.011351979507545669,0.016161690071485303,0.014905538125496423,0.010872335170770452,0.009092080603653694,0.013046342239872916,0.011533744432088959,0.0117196533121525,0.01294696837172359,0.012812241445591739,0.014107072756155678,0.011579214853057983,0.013552137998411436,0.015286376044479747,0.01471079823669579,0.011626606131850672,0.013878456648133437,0.010876378046068306,0.009140420301826846,0.011580565258141383,0.01030197316918189,0.014644839888800635,0.010874337426528989
Soda ,0.0108631360127085,0.0105408037172359,0.0446214921683876,0.009765707704527405,0.009973741953931694,0.011954499030976966,0.01495701502779984,0.01360590624305004,0.013523223288324063,0.013361585194598883,0.0108537674344718,0.01193227444003177,0.01413080597299444,0.016883435170770452,0.014332491660047655,0.01113744019062748,0.01467555955520254,0.0219427348689436,0.020477529436060363,0.016337372930897535,0.015868670373312153,0.014730712374900713,0.018181694773629863,0.013803576743447179,0.016795482986497218,0.011216727974583002,0.008392257378872118,0.01754356050833995,0.017408210230341538,0.012152391803018267,0.010306575631453535,0.01444627243844321,0.013593665861795076,0.013461723335980938,0.014959890929308974,0.01430173343923749,0.01594184235107228,0.01329856127084988,0.016262487783955518,0.016937774106433677,0.017046583606036537,0.013556081747418585,0.016310820524225576,0.012688424749801426,0.010203538046068309,0.013606486131850675,0.013498557998411436,0.01769491529785544,0.012291965242255759
Beer ,0.006496057372517872,0.0071900383796664,0.009765707704527405,0.024500085884034947,0.00515471338522637,0.0072359480158856225,0.009617200355837966,0.009143651952343129,0.008418689785544083,0.009181370516282764,0.00676348904845115,0.007239072152501986,0.008614376463860207,0.010090171615567908,0.008011073995234312,0.006349227812549642,0.009155659539316921,0.013118951065925338,0.01124244188721207,0.008343545175536137,0.009685848209690229,0.008746867558379667,0.011456548727561553,0.009180903860206513,0.009761790138204924,0.007985017887212073,0.005702716193804607,0.0100762362700556,0.007203962058776808,0.00619209641938046,0.006669926163621922,0.010069760044479743,0.009220816794281175,0.008748452130262112,0.009692755863383634,0.009555849836378078,0.010367594764098488,0.008655204638602065,0.010269253057982526,0.010013819189833201,0.011061607739475773,0.008541189864972201,0.010887466160444795,0.008596894417791896,0.007103942849880859,0.009183970065131053,0.008392198303415407,0.011141841188244638,0.007832114821286736
Smoke,0.009009544374900716,0.008359658649722001,0.009973741953931694,0.00515471338522637,0.052210115685464666,0.011095448711675933,0.012228774290706906,0.010554610446386017,0.009622297315329625,0.011053516060365365,0.009375723850675135,0.009866490262112788,0.012694888222398728,0.014201941267672755,0.010726587164416202,0.009168521289912628,0.012032203653693405,0.01642326513741064,0.01770075404606831,0.013264467183478951,0.014129387056393964,0.012495711631453533,0.014315025188244637,0.011913492009531373,0.012420649830023826,0.011081169722001589,0.012924835863383636,0.0155781749451946,0.013931780625893567,0.010789093286735503,0.010007477585385224,0.01271335350595711,0.01122334358697379,0.011086202802223988,0.014080499799841143,0.013293526875297853,0.014999056641779187,0.01202882954725973,0.014023709642573467,0.016939869769658458,0.015155480330420967,0.0111081883081811,0.013400575205718822,0.009320428536934074,0.009464028333598093,0.012296117623510721,0.009625942093725177,0.014667583053216839,0.010724625321683872
Toys ,0.010366158131850675,0.009948460937251788,0.011954499030976966,0.0072359480158856225,0.011095448711675933,0.027148105804606838,0.01652356024781573,0.01355316456870532,0.013865743558379665,0.014770828435266085,0.011242693795075455,0.012288473868149323,0.015060522551231135,0.017394895628276407,0.013120184956314535,0.011101412155679108,0.016271933232724384,0.023752939672756154,0.0215598076918189,0.0165927511389992,0.017176523116759334,0.016248812171564736,0.018826945220015885,0.015069885671167597,0.01728366123590151,0.013704838300238286,0.012914634910246223,0.018579829718824468,0.017218348044479748,0.012260455876092136,0.009638703542494045,0.01611386718347895,0.013744269528196981,0.0143546400381255,0.017669823469420174,0.016595049941223194,0.01909479691183479,0.015105636934074657,0.016764490373312152,0.018848000730738678,0.018548310814932488,0.014685773153296265,0.017532232870532165,0.013501432889594916,0.010993390112787925,0.013981517131056392,0.013134916470214458,0.018132330138204925,0.01357076277998411
Fun  ,0.013153879421763303,0.012507585321683877,0.01495701502779984,0.009617200355837966,0.012228774290706906,0.01652356024781573,0.02655974113423352,0.01736073570135027,0.017296459777601268,0.018918483685464654,0.013456770954725972,0.014398302398729149,0.01799419563780779,0.021344325499602856,0.017230773105639394,0.014147446335186652,0.01939443912629071,0.02864416332962668,0.02569791300714852,0.019611110656076253,0.02045703392851469,0.01933264107704527,0.023248046773629863,0.017987519507545666,0.020179298700555993,0.015417407450357428,0.013809147583796661,0.022813106103256552,0.02051536649086576,0.014048012146147733,0.011762500397140588,0.020263278424146144,0.017647101687053215,0.017574597197776015,0.021032668794281173,0.019764489979348685,0.022702356003177118,0.018032744511517075,0.021190006528991258,0.022318725845909455,0.023258520638602065,0.017342611914217633,0.022691197057982518,0.017869498103256557,0.014462991364575059,0.017266807126290706,0.016758887914217625,0.02285929118030183,0.016862494884829222
Books,0.012990111320095313,0.011395783606036538,0.01360590624305004,0.009143651952343129,0.010554610446386017,0.01355316456870532,0.01736073570135027,0.026319625423351867,0.014524927863383635,0.015825368228752978,0.011715479421763304,0.01259316511517077,0.01531624453375695,0.0186322370166799,0.01565779693407466,0.011777108193804602,0.01675777339158062,0.024450894004765692,0.022053809814138205,0.01714084419062748,0.017864191799841143,0.01612677051310564,0.02079933792533757,0.015869111691818906,0.018420879733121526,0.013219755599682288,0.010089185804606828,0.01910727655599682,0.017247813544082603,0.012419668063542492,0.011192555043685465,0.01785700010802224,0.015867876873709292,0.015762022265289912,0.017639125505957108,0.017108127660047653,0.018714569601270853,0.015459439444003176,0.019194110071485308,0.020003260460683077,0.020418709200953133,0.015424810262112789,0.019700103459888794,0.015478711701350277,0.013411278671961875,0.016296562868943605,0.014843723180301829,0.020021628209690234,0.01468709818903892
Hshld,0.01149928670373312,0.011037859205718828,0.013523223288324063,0.008418689785544083,0.009622297315329625,0.013865743558379665,0.017296459777601268,0.014524927863383635,0.022648957005559966,0.016688047339158067,0.011786036997617155,0.012693521652104845,0.015694793113582208,0.019618270127084985,0.015754365965051625,0.012305724019062748,0.017137547299444004,0.025475154376489277,0.02367213376489277,0.017704529571088166,0.01872793865766481,0.017758124249404292,0.020884998109610798,0.015679134972200158,0.01877632498808578,0.013581939102462273,0.015127567720413024,0.02120732063542494,0.0196594299364575,0.013707208665607627,0.010775669404289118,0.01727350541699762,0.015552594471803018,0.01563067815726767,0.01832093092136616,0.017585701119936455,0.020314028101667984,0.016036072255758534,0.018833432096902303,0.020773801000794276,0.0201121977045274,0.015754586211278794,0.019712794932486094,0.015242557410643367,0.012577318999205719,0.01545099219221604,0.014609629158061951,0.019895887315329628,0.01442642847498014
Clths,0.011469679523431293,0.01199020536934075,0.013361585194598883,0.009181370516282764,0.011053516060365365,0.014770828435266085,0.018918483685464654,0.015825368228752978,0.016688047339158067,0.02471494239872915,0.012290285083399525,0.013190157394757741,0.016136751739475777,0.020050228530579826,0.01627025334392375,0.01341348349483717,0.018544581350278002,0.027891159173947588,0.024276335409054803,0.019316227037331213,0.01965071631453534,0.018383781858617946,0.02202112136616362,0.01699678157267673,0.020369484892772044,0.01485298557585385,0.013209966386020653,0.02147466684670373,0.019401555901509136,0.013716837172359013,0.011051377760127087,0.018630315679110408,0.016122667736298647,0.0165617860841938,0.018842058014297062,0.01836527656870532,0.020593733820492458,0.016637431930103256,0.020163187990468626,0.02183662179507545,0.02235701185067514,0.01671566494042891,0.022889991803018265,0.016982499698173156,0.013755821318506752,0.016825721302621128,0.015746300683081808,0.021790216393963464,0.015204775186656075
Hlth ,0.009502918354249405,0.009336397172359016,0.0108537674344718,0.00676348904845115,0.009375723850675135,0.011242693795075455,0.013456770954725972,0.011715479421763304,0.011786036997617155,0.012290285083399525,0.01591610618586179,0.012092657124702142,0.014893066983320097,0.015782685429706116,0.012553263685464656,0.010480387945988882,0.013401629213661633,0.019680553620333593,0.019238227167593328,0.01445916515011914,0.015400671043685461,0.014725054173153293,0.01650209610166799,0.012578775266084193,0.014171527955520253,0.012054170913423349,0.013047638468625892,0.01797517716918189,0.016311737845909453,0.012084547599682286,0.009119494138204924,0.014856719447180302,0.012457560997617155,0.013248800387609215,0.015749247202541696,0.015252262236695789,0.01732214471167593,0.014223987212073075,0.014890730595710881,0.016906647974582998,0.015964456136616362,0.013029473296266875,0.014915944451151703,0.011397695256552818,0.009613350843526606,0.012490951475774423,0.011295778837172355,0.015675728454328835,0.01191215042096902
MedEq,0.011070034376489275,0.009771966195393169,0.01193227444003177,0.007239072152501986,0.009866490262112788,0.012288473868149323,0.014398302398729149,0.01259316511517077,0.012693521652104845,0.013190157394757741,0.012092657124702142,0.016605305988880062,0.017239697029388403,0.016857895440826054,0.0135452250675139,0.011480790341540903,0.01484550786338364,0.02059030217633042,0.02089109747418586,0.01544386671961874,0.01678895215250198,0.01640028721207307,0.017036676314535346,0.013790921874503573,0.015215969150119139,0.013321300873709294,0.014932130039714055,0.019967383193010325,0.019402136775218428,0.01388658583002383,0.009630286163621923,0.015857105861795073,0.013555632088959489,0.014658491628276408,0.01777908638602065,0.017153142081016676,0.01945245992057188,0.016128954567116757,0.015111971691818904,0.01692485299444003,0.016803618300238285,0.014201957331215247,0.015877874058776803,0.012091637299444005,0.00993441245432883,0.01240659561556791,0.011413632247815726,0.01687846589356632,0.012794643431294677
Drugs,0.012844915323272435,0.011923579491660046,0.01413080597299444,0.008614376463860207,0.012694888222398728,0.015060522551231135,0.01799419563780779,0.01531624453375695,0.015694793113582208,0.016136751739475777,0.014893066983320097,0.017239697029388403,0.025722240284352653,0.02105410244162033,0.0163541093963463,0.01376222115647339,0.018154894861000796,0.02592510201111993,0.025456005183478955,0.019534171537728358,0.020602502657664813,0.020411468233518658,0.02112135992692613,0.016892430111199366,0.01862410864495631,0.016920938451151706,0.01912549690865767,0.02393320418109611,0.023337830486100074,0.01700450284511517,0.011824457458300236,0.019897181871326452,0.016232099558379665,0.01814161054169976,0.02218183533121525,0.021266571941223195,0.024406541086576646,0.02005718537728356,0.018635443709293088,0.020728074424146144,0.021119938517871327,0.01728918039714059,0.01946814608101668,0.014583510509928519,0.012150016670373314,0.015356156681493248,0.014205168319301032,0.020696430123907858,0.015584478752978555
Chems,0.016061871148530575,0.014416185750595709,0.016883435170770452,0.010090171615567908,0.014201941267672755,0.017394895628276407,0.021344325499602856,0.0186322370166799,0.019618270127084985,0.020050228530579826,0.015782685429706116,0.016857895440826054,0.02105410244162033,0.032885175553613984,0.020858990698967433,0.016363635542494037,0.022577171175536138,0.03259355483399524,0.0354513300381255,0.025640125590150914,0.026488813247021445,0.0241462475440826,0.02667042125814138,0.02138470512311358,0.024792386046068305,0.018746771810961082,0.027609857842732323,0.034801448,0.036324027105639395,0.02483183484193804,0.015324211326449563,0.02261578497855441,0.019084515323272436,0.020551430354249407,0.02400050511993646,0.022900695378872116,0.026847252616362196,0.021619773240667196,0.02471669552819698,0.028657786703733115,0.025643800827640985,0.02127881334392375,0.02338601555837967,0.017757336962668784,0.015332806293884033,0.018990131188244636,0.017394464020651316,0.025040050069896746,0.019467353828435265
Rubbr,0.011705583923749008,0.011843915599682285,0.014332491660047655,0.008011073995234312,0.010726587164416202,0.013120184956314535,0.017230773105639394,0.01565779693407466,0.015754365965051625,0.01627025334392375,0.012553263685464656,0.0135452250675139,0.0163541093963463,0.020858990698967433,0.030537097180301818,0.013220696505162825,0.017785555019857027,0.02526904346306593,0.02534153849880858,0.02037518739475774,0.019992753208895944,0.01826145482922955,0.021401484305003965,0.016882553907863383,0.02007607494837172,0.015923280579825255,0.016739105003971404,0.023478909833200945,0.021515358292295474,0.01601777346306592,0.011562229594916597,0.018473557553613983,0.01594413429706116,0.01658673941223193,0.018728898705321684,0.018224351604447974,0.02066209637807783,0.016633121056393963,0.019790876322478154,0.021502950833995234,0.02098805235107228,0.016514238760921368,0.019285192708498808,0.015043889928514695,0.012676928054011119,0.015589529253375698,0.014502771302621127,0.01986723114376489,0.015326812303415406
Txtls,0.009307246023828434,0.008942363780778392,0.01113744019062748,0.006349227812549642,0.009168521289912628,0.011101412155679108,0.014147446335186652,0.011777108193804602,0.012305724019062748,0.01341348349483717,0.010480387945988882,0.011480790341540903,0.01376222115647339,0.016363635542494037,0.013220696505162825,0.032641045966640185,0.01416586403494837,0.02207415423669579,0.02107645964416203,0.01619384099444004,0.015915923186656068,0.014422479723590148,0.01629183248292295,0.013385022446386018,0.015657831777601272,0.012123963891977759,0.017062339996822877,0.020645495606036537,0.017966946849880854,0.013366774109610803,0.00895865941223193,0.01463703303574265,0.012468529251787134,0.013060436587768069,0.015585965213661637,0.015010751285146945,0.01732404916282764,0.013942828260524221,0.015372342764098492,0.01717781861795075,0.016038788235107224,0.01350104962668785,0.015365623567911036,0.01207080030500397,0.00985921437331215,0.012362381925337571,0.0109759463923749,0.01594054113741064,0.012252019205718825
BldMt,0.014583831612390784,0.01270712602065131,0.01467555955520254,0.009155659539316921,0.012032203653693405,0.016271933232724384,0.01939443912629071,0.01675777339158062,0.017137547299444004,0.018544581350278002,0.013401629213661633,0.01484550786338364,0.018154894861000796,0.022577171175536138,0.017785555019857027,0.01416586403494837,0.024268499499602865,0.031835890579825256,0.02948303916600476,0.02164301892772041,0.022561115003971403,0.020644846298649714,0.023936935424940423,0.01911028625099285,0.022024506338363774,0.01655474032565528,0.019118906592533756,0.027651665480540114,0.027036114590945192,0.018897771445591738,0.013247554074662436,0.019638795488482925,0.017041327434471804,0.018111966004765685,0.02064731826052422,0.019704931191421762,0.022577000683081817,0.01828525546465449,0.021757185822081013,0.02394388351072279,0.023561729857029385,0.018487735091342335,0.02197142406671962,0.01655042082605242,0.014386164590945195,0.017429093113582206,0.016908559849086575,0.02254780329626688,0.016903914019062747
Cnstr,0.022496486487688632,0.017650446290706914,0.0219427348689436,0.013118951065925338,0.01642326513741064,0.023752939672756154,0.02864416332962668,0.024450894004765692,0.025475154376489277,0.027891159173947588,0.019680553620333593,0.02059030217633042,0.02592510201111993,0.03259355483399524,0.02526904346306593,0.02207415423669579,0.031835890579825256,0.06407264810802223,0.04164780421286736,0.03167685209213661,0.03259556522954726,0.029175687040508342,0.03539111738840348,0.026664382875297855,0.031875594357426526,0.02332292692613185,0.03059867586338364,0.040581254277998406,0.041311244835583794,0.02837759203177125,0.018824118443208897,0.028488662449563138,0.025136423809372515,0.026285168044479747,0.029410054112787926,0.028135247161239083,0.03178610093089753,0.025944983256552822,0.03154423043685464,0.034685638284352664,0.03442528725655281,0.026292003335980935,0.033763250630659256,0.025285876956314537,0.022493144902303412,0.026012669108816517,0.026775259806195394,0.03428643185385227,0.02450081308975377
Steel,0.020368739113582206,0.017758801286735505,0.020477529436060363,0.01124244188721207,0.01770075404606831,0.0215598076918189,0.02569791300714852,0.022053809814138205,0.02367213376489277,0.024276335409054803,0.019238227167593328,0.02089109747418586,0.025456005183478955,0.0354513300381255,0.02534153849880858,0.02107645964416203,0.02948303916600476,0.04164780421286736,0.05710382533915804,0.033909506482922944,0.0342884723923749,0.030674981256552818,0.03240284943288324,0.027824958752978562,0.03197693084034948,0.025932270047656865,0.04466522047339157,0.052243301642573466,0.057352986762509925,0.03770878341064336,0.019449705655281965,0.027392320851469417,0.02244104467672756,0.025559286691024617,0.02966118252104845,0.02835971629706116,0.03298081966322478,0.02639441873709293,0.03013528529785544,0.03560254012708498,0.03182783134074663,0.027386963780778394,0.028008296149324863,0.021302272822875296,0.017666831895154885,0.022330871146942013,0.021436659807783948,0.03044376398888006,0.024355638943606032
FabPr,0.01716666067037331,0.013341194583002383,0.016337372930897535,0.008343545175536137,0.013264467183478951,0.0165927511389992,0.019611110656076253,0.01714084419062748,0.017704529571088166,0.019316227037331213,0.01445916515011914,0.01544386671961874,0.019534171537728358,0.025640125590150914,0.02037518739475774,0.01619384099444004,0.02164301892772041,0.03167685209213661,0.033909506482922944,0.051566935871326436,0.02593789717394758,0.02342450446544877,0.025881003364575057,0.02182066321683876,0.02481631158697379,0.019391384646544878,0.026246348320889592,0.033061929220015884,0.035461536150913416,0.02414832536457506,0.014361138220810168,0.02180513657823669,0.017894997814138208,0.019710509471008737,0.023280028112787923,0.02184886161874503,0.02542219519936458,0.019973067760127083,0.023529607585385224,0.02620818629070691,0.024285482683081804,0.02034411933280381,0.022191689795075457,0.016842417922160447,0.013717541537728356,0.017351831083399518,0.01694376735345512,0.023771322400317714,0.01880520517077046
Mach ,0.016415937239078634,0.01379355960285941,0.015868670373312153,0.009685848209690229,0.014129387056393964,0.017176523116759334,0.02045703392851469,0.017864191799841143,0.01872793865766481,0.01965071631453534,0.015400671043685461,0.01678895215250198,0.020602502657664813,0.026488813247021445,0.019992753208895944,0.015915923186656068,0.022561115003971403,0.03259556522954726,0.0342884723923749,0.02593789717394758,0.029413278365369343,0.024085902050833996,0.0259287175186656,0.021563826997617157,0.024703542277998414,0.01962280335980937,0.026943483888800645,0.03358418094360604,0.035305683410643364,0.025483872560762507,0.014620931453534554,0.022098433067513898,0.01831156861636219,0.02053287928832407,0.024879521552025417,0.023467026162033357,0.02802223319777601,0.02206727211278793,0.0232350110166799,0.026148331930103255,0.024846586861000792,0.020831608991262907,0.022811502853057983,0.017303714888006354,0.014615147923749005,0.017977732497220015,0.017337257933280382,0.02473755782525814,0.018668321104050832
ElcEq,0.014697323164416201,0.013036542795869735,0.014730712374900713,0.008746867558379667,0.012495711631453533,0.016248812171564736,0.01933264107704527,0.01612677051310564,0.017758124249404292,0.018383781858617946,0.014725054173153293,0.01640028721207307,0.020411468233518658,0.0241462475440826,0.01826145482922955,0.014422479723590148,0.020644846298649714,0.029175687040508342,0.030674981256552818,0.02342450446544877,0.024085902050833996,0.0285293269118348,0.02401069070373312,0.01947691181096108,0.021458341674344714,0.01880914383637808,0.023225478519459893,0.02874864941064336,0.029752688033359804,0.02126227127402701,0.0126504247974583,0.021195743218427328,0.017718108568705322,0.01937490797776012,0.023792371734710084,0.022468279934868947,0.026660795072279586,0.020860516799046856,0.021311707776012705,0.02370780271644162,0.022915049180301825,0.019580207625099284,0.02144022625258141,0.016174855253375694,0.013522624841938046,0.016803054546465444,0.016070052643367753,0.022871764894360606,0.017822657799841143
Autos,0.016783466840349485,0.015008179253375695,0.018181694773629863,0.011456548727561553,0.014315025188244637,0.018826945220015885,0.023248046773629863,0.02079933792533757,0.020884998109610798,0.02202112136616362,0.01650209610166799,0.017036676314535346,0.02112135992692613,0.02667042125814138,0.021401484305003965,0.01629183248292295,0.023936935424940423,0.03539111738840348,0.03240284943288324,0.025881003364575057,0.0259287175186656,0.02401069070373312,0.03643941554249404,0.022428944320889595,0.026521757127879266,0.0201322343923749,0.018920663771247022,0.0288901482319301,0.027055863679110406,0.018593598166799043,0.014560117077045272,0.023662690942017478,0.020573586357426534,0.021162905442414615,0.024863511145353456,0.023418564133439238,0.027070383517077037,0.02201683725178713,0.026224209007148527,0.028684687911040507,0.028864085118347895,0.021766858141382045,0.026823414309769648,0.020703546300238285,0.01749652292930897,0.02094870815885623,0.019331392346306587,0.027329643936457506,0.01994901669579031
Aero ,0.013781834503574262,0.012177966719618743,0.013803576743447179,0.009180903860206513,0.011913492009531373,0.015069885671167597,0.017987519507545666,0.015869111691818906,0.015679134972200158,0.01699678157267673,0.012578775266084193,0.013790921874503573,0.016892430111199366,0.02138470512311358,0.016882553907863383,0.013385022446386018,0.01911028625099285,0.026664382875297855,0.027824958752978562,0.02182066321683876,0.021563826997617157,0.01947691181096108,0.022428944320889595,0.034851519229547254,0.021407057664813347,0.018695181596505163,0.014858042668784748,0.02448605963463066,0.023544957990468626,0.015995525281969816,0.01206606956314535,0.017940495917394755,0.015176515456711679,0.016814336330420964,0.02003562278792692,0.018718319213661634,0.021714618665607623,0.017720115321683872,0.02015554321683876,0.0220627554090548,0.02231341093725179,0.017644441270849878,0.020037572120730734,0.015679796330420968,0.012817623717235898,0.016167756497220014,0.014509234003177125,0.02170794617156473,0.01567425619539317
Ships,0.014480113150119139,0.013719623256552821,0.016795482986497218,0.009761790138204924,0.012420649830023826,0.01728366123590151,0.020179298700555993,0.018420879733121526,0.01877632498808578,0.020369484892772044,0.014171527955520253,0.015215969150119139,0.01862410864495631,0.024792386046068305,0.02007607494837172,0.015657831777601272,0.022024506338363774,0.031875594357426526,0.03197693084034948,0.02481631158697379,0.024703542277998414,0.021458341674344714,0.026521757127879266,0.021407057664813347,0.044923275958697384,0.01982955024622716,0.020269677159650515,0.029160444949960288,0.029359518964257342,0.01998389904368546,0.013842341159650514,0.02112945649563145,0.017970991923749007,0.019441319409054806,0.021821670386020654,0.021288996276409847,0.024071889486894368,0.01930877280381255,0.023539784908657664,0.02572055999999999,0.026797098548054007,0.020523788181096105,0.02342865783002383,0.01861442142652899,0.01547922149642573,0.018832810719618745,0.01785198782525814,0.024832366455917392,0.01856546258935663
Guns ,0.012731854328832405,0.011323062223987289,0.011216727974583002,0.007985017887212073,0.011081169722001589,0.013704838300238286,0.015417407450357428,0.013219755599682288,0.013581939102462273,0.01485298557585385,0.012054170913423349,0.013321300873709294,0.016920938451151706,0.018746771810961082,0.015923280579825255,0.012123963891977759,0.01655474032565528,0.02332292692613185,0.025932270047656865,0.019391384646544878,0.01962280335980937,0.01880914383637808,0.0201322343923749,0.018695181596505163,0.01982955024622716,0.05971691366957903,0.01664442729150119,0.023231611755361394,0.027423551096108018,0.018289994003177126,0.01056636646544877,0.017190119523431295,0.014414120953137412,0.016249141191421766,0.0185093494598888,0.01763832893566322,0.020351722430500395,0.016240846155679108,0.017412642025416994,0.02002410886417792,0.018755177513899924,0.016112976108022238,0.016436343431294673,0.013799850881652103,0.011171136981731533,0.013651845742652897,0.012745272891183478,0.018840642247815724,0.014121873860206514
Gold ,0.013811261947577444,0.011351979507545669,0.008392257378872118,0.005702716193804607,0.012924835863383636,0.012914634910246223,0.013809147583796661,0.010089185804606828,0.015127567720413024,0.013209966386020653,0.013047638468625892,0.014932130039714055,0.01912549690865767,0.027609857842732323,0.016739105003971404,0.017062339996822877,0.019118906592533756,0.03059867586338364,0.04466522047339157,0.026246348320889592,0.026943483888800645,0.023225478519459893,0.018920663771247022,0.014858042668784748,0.020269677159650515,0.01664442729150119,0.17340393554249403,0.06820587318824463,0.0612986394853058,0.045371967841143765,0.014697714281175537,0.017416565699761716,0.011949157572676726,0.01706297953296267,0.02040009575218427,0.01967559452263701,0.02523710653534551,0.02012337750595711,0.018954394312946782,0.0229282212867355,0.016823111790309767,0.02023604320889595,0.014083217042096903,0.010313802471803022,0.009683874414614772,0.011135504902303415,0.012564959161239076,0.02074437653375695,0.014859460365369339
Mines,0.020518620632247814,0.016161690071485303,0.01754356050833995,0.0100762362700556,0.0155781749451946,0.018579829718824468,0.022813106103256552,0.01910727655599682,0.02120732063542494,0.02147466684670373,0.01797517716918189,0.019967383193010325,0.02393320418109611,0.034801448,0.023478909833200945,0.020645495606036537,0.027651665480540114,0.040581254277998406,0.052243301642573466,0.033061929220015884,0.03358418094360604,0.02874864941064336,0.0288901482319301,0.02448605963463066,0.029160444949960288,0.023231611755361394,0.06820587318824463,0.08014728199523431,0.06500565275297854,0.043758103428117555,0.018775138204924543,0.0246327834853058,0.020265700962668786,0.02366059909134233,0.027133994516282768,0.02616719462430501,0.030428626452740255,0.02467563831612391,0.0268633839872915,0.03233393842732327,0.028021565299444,0.02604223860206513,0.02426268346942017,0.01798522768546465,0.015361730249404293,0.018815835024622713,0.019261630684670367,0.028003944438443208,0.02266838239872915
Coal ,0.01983663581254964,0.014905538125496423,0.017408210230341538,0.007203962058776808,0.013931780625893567,0.017218348044479748,0.02051536649086576,0.017247813544082603,0.0196594299364575,0.019401555901509136,0.016311737845909453,0.019402136775218428,0.023337830486100074,0.036324027105639395,0.021515358292295474,0.017966946849880854,0.027036114590945192,0.041311244835583794,0.057352986762509925,0.035461536150913416,0.035305683410643364,0.029752688033359804,0.027055863679110406,0.023544957990468626,0.029359518964257342,0.027423551096108018,0.0612986394853058,0.06500565275297854,0.12446084921207305,0.06144781510563939,0.021305719507545673,0.0229934986370135,0.018212485445591745,0.022951397146942016,0.024463459744241457,0.02375999147418586,0.027477417070691026,0.023054065281969814,0.0244955587847498,0.03077880490865766,0.024939397320095317,0.02556270449563145,0.021130291758538523,0.01521474537569499,0.011997411955520253,0.015918489911040504,0.01818227137887212,0.02452617926449563,0.02298713273232724
Oil  ,0.013353824819698174,0.010872335170770452,0.012152391803018267,0.00619209641938046,0.010789093286735503,0.012260455876092136,0.014048012146147733,0.012419668063542492,0.013707208665607627,0.013716837172359013,0.012084547599682286,0.01388658583002383,0.01700450284511517,0.02483183484193804,0.01601777346306592,0.013366774109610803,0.018897771445591738,0.02837759203177125,0.03770878341064336,0.02414832536457506,0.025483872560762507,0.02126227127402701,0.018593598166799043,0.015995525281969816,0.01998389904368546,0.018289994003177126,0.045371967841143765,0.043758103428117555,0.06144781510563939,0.05400761699602861,0.016661818633836378,0.016467658827640987,0.013339717216838761,0.016722503866560764,0.01771376784590945,0.0171766361604448,0.02004854275774424,0.016678925218427326,0.017512791715647336,0.02141191915806195,0.01635829163304209,0.01818455501191421,0.01450186138522637,0.01001586299285147,0.008996460247815724,0.011983930911834789,0.013630318289118348,0.017915264649722,0.01572435476568705
Util ,0.009625057950754566,0.009092080603653694,0.010306575631453535,0.006669926163621922,0.010007477585385224,0.009638703542494045,0.011762500397140588,0.011192555043685465,0.010775669404289118,0.011051377760127087,0.009119494138204924,0.009630286163621923,0.011824457458300236,0.015324211326449563,0.011562229594916597,0.00895865941223193,0.013247554074662436,0.018824118443208897,0.019449705655281965,0.014361138220810168,0.014620931453534554,0.0126504247974583,0.014560117077045272,0.01206606956314535,0.013842341159650514,0.01056636646544877,0.014697714281175537,0.018775138204924543,0.021305719507545673,0.016661818633836378,0.014726722001588562,0.012700544368546467,0.011443522001588564,0.011596934964257346,0.012471016632247815,0.012320766147736298,0.013592313486894356,0.011461755726767274,0.013930708419380457,0.01686241458300238,0.014247327355043684,0.011786887370929307,0.013622214996028592,0.009686090992851474,0.009217819729944399,0.012185329674344719,0.010946376695790308,0.014518028101667989,0.01143664922954726
Telcm,0.01443317387132645,0.013046342239872916,0.01444627243844321,0.010069760044479743,0.01271335350595711,0.01611386718347895,0.020263278424146144,0.01785700010802224,0.01727350541699762,0.018630315679110408,0.014856719447180302,0.015857105861795073,0.019897181871326452,0.02261578497855441,0.018473557553613983,0.01463703303574265,0.019638795488482925,0.028488662449563138,0.027392320851469417,0.02180513657823669,0.022098433067513898,0.021195743218427328,0.023662690942017478,0.017940495917394755,0.02112945649563145,0.017190119523431295,0.017416565699761716,0.0246327834853058,0.0229934986370135,0.016467658827640987,0.012700544368546467,0.025562327332803805,0.01790143257188244,0.01903179871644162,0.02363552074980143,0.022421733254964254,0.025607108416203332,0.019990354789515493,0.021462070246227163,0.023723321747418584,0.0234637871389992,0.018554715107227955,0.022243710652899124,0.016743036810166798,0.01421927273709293,0.017858331679110405,0.016157475621922157,0.023403053909451944,0.017074007656870536
PerSv,0.012316327193010323,0.011533744432088959,0.013593665861795076,0.009220816794281175,0.01122334358697379,0.013744269528196981,0.017647101687053215,0.015867876873709292,0.015552594471803018,0.016122667736298647,0.012457560997617155,0.013555632088959489,0.016232099558379665,0.019084515323272436,0.01594413429706116,0.012468529251787134,0.017041327434471804,0.025136423809372515,0.02244104467672756,0.017894997814138208,0.01831156861636219,0.017718108568705322,0.020573586357426534,0.015176515456711679,0.017970991923749007,0.014414120953137412,0.011949157572676726,0.020265700962668786,0.018212485445591745,0.013339717216838761,0.011443522001588564,0.01790143257188244,0.0243487242827641,0.01634664531850675,0.018495510576648132,0.018010954656076248,0.02015988138522637,0.016455876600476572,0.01909664193804607,0.020530602986497223,0.020375191796664017,0.01581427914217633,0.019797752158856236,0.015179789528196982,0.013194704387609214,0.016397401188244634,0.014960056641779186,0.02051010408895949,0.014716575917394758
BusSv,0.013118002293884034,0.0117196533121525,0.013461723335980938,0.008748452130262112,0.011086202802223988,0.0143546400381255,0.017574597197776015,0.015762022265289912,0.01563067815726767,0.0165617860841938,0.013248800387609215,0.014658491628276408,0.01814161054169976,0.020551430354249407,0.01658673941223193,0.013060436587768069,0.018111966004765685,0.026285168044479747,0.025559286691024617,0.019710509471008737,0.02053287928832407,0.01937490797776012,0.021162905442414615,0.016814336330420964,0.019441319409054806,0.016249141191421766,0.01706297953296267,0.02366059909134233,0.022951397146942016,0.016722503866560764,0.011596934964257346,0.01903179871644162,0.01634664531850675,0.018700375510722796,0.02050798497855441,0.019715999504368545,0.022605226332009534,0.018101074217633042,0.01944355863383638,0.02111121607625099,0.021104219837966638,0.016974558633836376,0.01969803490389197,0.015156594700555998,0.012716727841143763,0.01561481217474186,0.014652280679904688,0.02075199280698967,0.015427416552819697
Hardw,0.015229437655281964,0.01294696837172359,0.014959890929308974,0.009692755863383634,0.014080499799841143,0.017669823469420174,0.021032668794281173,0.017639125505957108,0.01832093092136616,0.018842058014297062,0.015749247202541696,0.01777908638602065,0.02218183533121525,0.02400050511993646,0.018728898705321684,0.015585965213661637,0.02064731826052422,0.029410054112787926,0.02966118252104845,0.023280028112787923,0.024879521552025417,0.023792371734710084,0.024863511145353456,0.02003562278792692,0.021821670386020654,0.0185093494598888,0.02040009575218427,0.027133994516282768,0.024463459744241457,0.01771376784590945,0.012471016632247815,0.02363552074980143,0.018495510576648132,0.02050798497855441,0.032153103636219205,0.025971986787926928,0.031448275148530574,0.023386484201747416,0.02186119765687053,0.02491478864177919,0.024247730330420974,0.02011126131850675,0.02288075472915012,0.017366118433677524,0.01421179940587768,0.017367331896743447,0.015743661069102462,0.024374740932486105,0.0179670070293884
Softw,0.014328139234312948,0.012812241445591739,0.01430173343923749,0.009555849836378078,0.013293526875297853,0.016595049941223194,0.019764489979348685,0.017108127660047653,0.017585701119936455,0.01836527656870532,0.015252262236695789,0.017153142081016676,0.021266571941223195,0.022900695378872116,0.018224351604447974,0.015010751285146945,0.019704931191421762,0.028135247161239083,0.02835971629706116,0.02184886161874503,0.023467026162033357,0.022468279934868947,0.023418564133439238,0.018718319213661634,0.021288996276409847,0.01763832893566322,0.01967559452263701,0.02616719462430501,0.02375999147418586,0.0171766361604448,0.012320766147736298,0.022421733254964254,0.018010954656076248,0.019715999504368545,0.025971986787926928,0.0257804009070691,0.02866486291024623,0.021994057672756154,0.021045313939634627,0.023649522748212862,0.02335486101826846,0.019087977378872117,0.022088456606830825,0.016476927240667193,0.013782537922160444,0.017060407772835583,0.01549759795234313,0.023464486050833996,0.0171078262827641
Chips,0.016356243837966633,0.014107072756155678,0.01594184235107228,0.010367594764098488,0.014999056641779187,0.01909479691183479,0.022702356003177118,0.018714569601270853,0.020314028101667984,0.020593733820492458,0.01732214471167593,0.01945245992057188,0.024406541086576646,0.026847252616362196,0.02066209637807783,0.01732404916282764,0.022577000683081817,0.03178610093089753,0.03298081966322478,0.02542219519936458,0.02802223319777601,0.026660795072279586,0.027070383517077037,0.021714618665607623,0.024071889486894368,0.020351722430500395,0.02523710653534551,0.030428626452740255,0.027477417070691026,0.02004854275774424,0.013592313486894356,0.025607108416203332,0.02015988138522637,0.022605226332009534,0.031448275148530574,0.02866486291024623,0.037322397782366956,0.026533085957108814,0.023770512835583797,0.02701667494837172,0.026269149455123115,0.02238141267672756,0.02473585637490071,0.01841979627640985,0.015226333191421762,0.01862713074821287,0.017132375475774425,0.02633285626370135,0.019374903145353454
LabEq,0.013691661159650516,0.011579214853057983,0.01329856127084988,0.008655204638602065,0.01202882954725973,0.015105636934074657,0.018032744511517075,0.015459439444003176,0.016036072255758534,0.016637431930103256,0.014223987212073075,0.016128954567116757,0.02005718537728356,0.021619773240667196,0.016633121056393963,0.013942828260524221,0.01828525546465449,0.025944983256552822,0.02639441873709293,0.019973067760127083,0.02206727211278793,0.020860516799046856,0.02201683725178713,0.017720115321683872,0.01930877280381255,0.016240846155679108,0.02012337750595711,0.02467563831612391,0.023054065281969814,0.016678925218427326,0.011461755726767274,0.019990354789515493,0.016455876600476572,0.018101074217633042,0.023386484201747416,0.021994057672756154,0.026533085957108814,0.0240469619618745,0.019625044408260524,0.02201495347100873,0.02148349360603654,0.01782555679110405,0.01989936643367752,0.01492258403494837,0.012305953629864972,0.015330454861000794,0.014196246934074662,0.02133019837172359,0.015534416544876884
Paper,0.015780792851469418,0.013552137998411436,0.016262487783955518,0.010269253057982526,0.014023709642573467,0.016764490373312152,0.021190006528991258,0.019194110071485308,0.018833432096902303,0.020163187990468626,0.014890730595710881,0.015111971691818904,0.018635443709293088,0.02471669552819698,0.019790876322478154,0.015372342764098492,0.021757185822081013,0.03154423043685464,0.03013528529785544,0.023529607585385224,0.0232350110166799,0.021311707776012705,0.026224209007148527,0.02015554321683876,0.023539784908657664,0.017412642025416994,0.018954394312946782,0.0268633839872915,0.0244955587847498,0.017512791715647336,0.013930708419380457,0.021462070246227163,0.01909664193804607,0.01944355863383638,0.02186119765687053,0.021045313939634627,0.023770512835583797,0.019625044408260524,0.029616875798252583,0.028230098411437646,0.02612182386814933,0.019695305353455116,0.02412103725178713,0.018572557220015884,0.016196087037331212,0.020004955671167585,0.017812995274027008,0.025111736735504365,0.018277638181096106
