,Agric,Food ,Soda ,Beer ,Smoke,Toys ,Fun  ,Books,Hshld,Clths,Hlth ,MedEq,Drugs,Chems,Rubbr,Txtls,BldMt,Cnstr,Steel,FabPr,Mach ,ElcEq,Autos,Aero ,Ships,Guns ,Gold ,Mines,Coal ,Oil  ,Util ,Telcm,PerSv,BusSv,Hardw,Softw,Chips,LabEq,Paper,Boxes,Trans,Whlsl,Rtail,Meals,Banks,Insur,RlEst,Fin  ,Other
Agric,0.08157851119142176,0.030461858244638592,0.030307870929308974,0.019504027529785545,0.026384918236695788,0.03170963911834789,0.04285132863383638,0.05019550402700555,0.040143415869737895,0.04079104471008737,0.03244311430500397,0.032473774551231134,0.034711469857029394,0.05174020014297062,0.04278594397140589,0.03922106900714853,0.046738523137410636,0.06492763474980143,0.06923183852263701,0.061438491008737085,0.05494129831612391,0.044492449960285944,0.055739117982525815,0.04298629968228753,0.054596106258935656,0.03678957469420174,0.04554488768069897,0.05867272843526609,0.0851750666799047,0.06477885042891184,0.032154167752184264,0.045856762192216044,0.03993816498014296,0.03755440930897537,0.041813005226370145,0.038751595138999194,0.042140087807783964,0.03746127411437649,0.05429358945988879,0.04481967077839555,0.04656997907069102,0.04114198596505162,0.04627867368546466,0.040705264177918976,0.034780527108816524,0.048030765099285146,0.05259884422557584,0.051698089626687836,0.03992910051628277
Food ,0.030461858244638592,0.03555473934710087,0.030184611974582998,0.020705975914217637,0.025036400092136625,0.031496201885623513,0.04172013311675932,0.04652778384590946,0.03646772857505957,0.04015276363939634,0.031014445072279576,0.02965526912787927,0.03300913082287529,0.04681248549960285,0.04134470359015092,0.03441671471961874,0.042385139299444,0.05763267331691819,0.06167786328514694,0.052385165461477375,0.04880355091024621,0.041519017534551235,0.05448394435901509,0.040173126433677514,0.04969038234471803,0.033727061709293085,0.036912825126290696,0.04871557148530579,0.07001651309451945,0.053861093799841143,0.03042438954090548,0.04320066731056395,0.039105885116759324,0.03591349864336775,0.037994497496425736,0.035956223485305784,0.0381640759158062,0.03476921464813343,0.04991903197934868,0.04431785213185068,0.04363657376806989,0.037548633002382835,0.043904038441620316,0.038507151898332,0.032271463906274826,0.04691782830500395,0.047634224273232724,0.047664844575059574,0.03699205000317712
Soda ,0.030307870929308974,0.030184611974582998,0.0713564324638602,0.02449311532327244,0.02652497403653693,0.03422872535980937,0.04078273018903891,0.0451041996536934,0.0366543967847498,0.03849536352978554,0.031133838675138994,0.031057705086576647,0.03359617440190627,0.04788875635266084,0.04111409788721207,0.032605768724384435,0.041368056962668785,0.055528181232724384,0.0613183134805401,0.051164410954725986,0.047626357451946,0.04085040876250992,0.05156642269737888,0.04070911138999206,0.04930308662748214,0.03207655493566322,0.03565120062589356,0.05020059062748211,0.06955432007307384,0.05463955366799046,0.03252974022557586,0.04429886145194599,0.03885662217950753,0.03563668059094519,0.03923601437331216,0.03646493526290707,0.03887863634312947,0.03442721480857824,0.04672876619857029,0.04293173816362193,0.043115391857029374,0.03827788303415408,0.04407444028276409,0.03808067739475774,0.031238057502779994,0.046179103504368525,0.047989650579825266,0.047902775917394745,0.035232132508339946
Beer ,0.019504027529785545,0.020705975914217637,0.02449311532327244,0.04772935821445591,0.017820939660047653,0.024788607583796658,0.02794169431930103,0.0309555741731533,0.024644322471803013,0.028608250932486104,0.02084935073232724,0.02025308913741064,0.02137698034312947,0.03306442326290707,0.027049507577442417,0.022342992076250998,0.028088149067513894,0.037773287857029395,0.04233486143923749,0.03531660568069897,0.033262153734710094,0.027278765871326445,0.03747302666878474,0.0292930607466243,0.032283106198570284,0.022403738287529784,0.02822380964892772,0.033296940142970605,0.04697756455281969,0.03745270273868149,0.023414509629864973,0.02985810056235107,0.027043261734710083,0.023788408088959496,0.02602703340428911,0.02547713183161238,0.026152252641779186,0.023928812521048438,0.033702453950754566,0.027674531714058776,0.02992335935504369,0.02639401234312946,0.030197830560762508,0.02718806525814138,0.020681282602065133,0.03171354467990467,0.03430201582208101,0.031700530293884026,0.02517737441461478
Smoke,0.026384918236695788,0.025036400092136625,0.02652497403653693,0.017820939660047653,0.07080393530738681,0.027166267091342334,0.03280412367593327,0.03615594109928513,0.028235542678316124,0.03213661595234313,0.024992425490071482,0.024129675221604446,0.027151384346306595,0.039082090173153304,0.03275512158856236,0.02772483172676727,0.033530057185067505,0.042550874354249396,0.048728511002382846,0.04112620107386815,0.03997012974741859,0.034146863726767264,0.04239918349166004,0.032991379062748204,0.03859664697696585,0.029173031980937243,0.03191031433518666,0.0389510731056394,0.058528291637807775,0.0472707030881652,0.029018696540111185,0.03516574485146941,0.03158649051945989,0.02763482124225575,0.03153652461953932,0.02889004430182685,0.03071880647815726,0.02729790729467832,0.04122931126608419,0.03916366829864972,0.03527961088800637,0.029834222859412233,0.03452073559650517,0.028560533343923746,0.026405609750595707,0.0398250953073868,0.037841861445591755,0.039404729531374104,0.029151464962668776
Toys ,0.03170963911834789,0.031496201885623513,0.03422872535980937,0.024788607583796658,0.027166267091342334,0.06608551366322478,0.04963725963621921,0.051790104119142186,0.042003478370135024,0.04606173198252582,0.034248082365369345,0.03276605983796665,0.03733846114217633,0.05377706917553614,0.045779195885623514,0.04097864357108816,0.04902421515011914,0.0660926101810961,0.06902849689277205,0.05987924005401113,0.05515841765528198,0.04790861327084988,0.06370567107545673,0.04521484293884035,0.05591536635107227,0.037950546652899125,0.04415653890548054,0.0544940916123908,0.0754754250500397,0.062451916999205714,0.033022034706910244,0.05025914550595711,0.04248070966322478,0.04004226384114375,0.04486284588085782,0.04063495750913424,0.04512760927243844,0.04080381841620334,0.05782647841620334,0.05005427164575059,0.05005182746783161,0.04276290617156473,0.05012073364098491,0.04396481909451946,0.03681469438760921,0.052854795383637805,0.058028197458300255,0.05376909378872121,0.042990822019062756
Fun  ,0.04285132863383638,0.04172013311675932,0.04078273018903891,0.02794169431930103,0.03280412367593327,0.04963725963621921,0.07772673615726766,0.07113512440508338,0.0556163660587768,0.061252596843526616,0.04407518503415409,0.043251695199364566,0.047767550339952336,0.06927798158220809,0.05905560023828436,0.05419605148212869,0.06407126339475772,0.08812838732168386,0.09044134979189832,0.07647408294519462,0.07146639115806196,0.060541977845909443,0.08407559263224783,0.05756531604447974,0.07323665321366166,0.048422342173153284,0.05490022931056396,0.07380950997617156,0.10227174392216042,0.07826629137569496,0.0400855017760127,0.06500987519618746,0.05847182774106436,0.05260411089436059,0.05751839434789515,0.05267497422081016,0.05794455492772041,0.05164562669261317,0.0754689376536934,0.0638182350929309,0.0659004234805401,0.05498877109610801,0.06764054830341538,0.0601022576330421,0.04812822619062748,0.06739276211914216,0.07358891790309768,0.07083192695790308,0.05515840678474981
Books,0.05019550402700555,0.04652778384590946,0.0451041996536934,0.0309555741731533,0.03615594109928513,0.051790104119142186,0.07113512440508338,0.11280636266719621,0.06495655453852264,0.06893521909293089,0.0492109702573471,0.04696360979189833,0.05147606334710088,0.07795973524702145,0.06922780516282764,0.06415534723431295,0.07136116797617158,0.09751918169499604,0.09953781204447974,0.08452845350595713,0.08198420044797458,0.06704556400635422,0.09674685116123907,0.06485766276409848,0.0854756739539317,0.05370472297696585,0.053219163420174735,0.07430871972994439,0.11253592253693409,0.08699780683558381,0.04588321547895155,0.07481788960762507,0.06636585408895948,0.05965882551866561,0.06333317665766484,0.05962042309134233,0.06294913420333596,0.05709399388244637,0.08653959771088164,0.07040787859094517,0.07340137655758538,0.06150916320095312,0.07644839061318506,0.06710721594916601,0.05688451946147736,0.07838195418903891,0.08686885976171563,0.07906391307386815,0.06063334588244638
Hshld,0.040143415869737895,0.03646772857505957,0.0366543967847498,0.024644322471803013,0.028235542678316124,0.042003478370135024,0.0556163660587768,0.06495655453852264,0.06315247491024625,0.054971203402700564,0.03877057176489277,0.03766805110722795,0.04074004871485305,0.06237008651945989,0.054797602573471,0.048930850090548046,0.05688065511993645,0.07868636645909452,0.08048406067672757,0.0671235951644162,0.06425609498967434,0.05414308555361396,0.0749040891310564,0.05188717544082606,0.06603950340270057,0.04110357152025417,0.048926696066719615,0.06332442370135027,0.08879394409213663,0.06875180901350278,0.036245663942811764,0.05629233045909452,0.049818827199364576,0.04643040170293885,0.050194501776012715,0.046546264889594915,0.05030867904368547,0.04586837042414614,0.06633643698490867,0.05618574054646545,0.05870232882287528,0.048847046687847506,0.05942411408737093,0.052097439332803815,0.04401785410325656,0.05959659163780779,0.06620809699761715,0.06235727536139794,0.04823011084034947
Clths,0.04079104471008737,0.04015276363939634,0.03849536352978554,0.028608250932486104,0.03213661595234313,0.04606173198252582,0.061252596843526616,0.06893521909293089,0.054971203402700564,0.07390616644797458,0.04185799373629865,0.04048700620174741,0.04362067176648134,0.06663031577124702,0.05860208007942811,0.05253485582843525,0.061415453409054806,0.09000333464177916,0.0871746421000794,0.07494876375218429,0.07006164032088957,0.05863741900238285,0.08082630440984906,0.0571345581731533,0.07273091681334391,0.04522063967275614,0.04945679630341541,0.06681868881652105,0.09851109098808578,0.07354294208578235,0.03978186399364574,0.06103728763780778,0.05523936716282765,0.0505684553836378,0.054751985362986505,0.051356513957108815,0.054916156125496426,0.049920619617156485,0.07233143844162031,0.06164126518347894,0.0647655604177919,0.053648428999205716,0.0688292003669579,0.059209014932486106,0.0461534765067514,0.06603949347418586,0.07123108104845116,0.06844650621127878,0.052383968694201755
Hlth ,0.03244311430500397,0.031014445072279576,0.031133838675138994,0.02084935073232724,0.024992425490071482,0.034248082365369345,0.04407518503415409,0.0492109702573471,0.03877057176489277,0.04185799373629865,0.040810509119936465,0.03385942009849086,0.0366727988101668,0.049946295081810956,0.04305995540905481,0.0375370616870532,0.044629379957108806,0.060819253424940455,0.06435680855599682,0.05518192350436854,0.05149043451310565,0.043315889254964254,0.058057921299444,0.04172567232724385,0.052071291091342335,0.035303967945988876,0.03974191205559968,0.050446660254169974,0.07241315210643366,0.05805950870373311,0.03145494635742653,0.04552168404130262,0.04190963842255759,0.03807553885941223,0.04093574541382048,0.03820271759809373,0.04097040778872121,0.03794169491183479,0.052896654133439226,0.046166550308181085,0.04606112633677523,0.04010263460683081,0.04585831093407465,0.040340963653693385,0.03339208302303416,0.04918843819857028,0.051714592216044485,0.04878598878474978,0.039241167401112005
MedEq,0.032473774551231134,0.02965526912787927,0.031057705086576647,0.02025308913741064,0.024129675221604446,0.03276605983796665,0.043251695199364566,0.04696360979189833,0.03766805110722795,0.04048700620174741,0.03385942009849086,0.03859872099126291,0.03737711820810167,0.049102732308181095,0.04149832575059572,0.03632188540746624,0.043649272908657666,0.05970807804924543,0.063423312076251,0.05334601765210485,0.0504666953328038,0.04330973949483718,0.055643743758538526,0.04083839485305798,0.05070072089594918,0.03486436464495632,0.038610058503574254,0.05183571945988878,0.07370513139316921,0.05713668102938842,0.030465805439237492,0.044701337137410646,0.04025516648768863,0.03768170891818903,0.04053950455281969,0.038126822011119936,0.04101385730897537,0.03786842710722796,0.05051205859253376,0.042832047288324064,0.04473156112470214,0.03918390691024623,0.04440919373471009,0.03865392285941223,0.03258787001747419,0.04671002184590944,0.04985200308181096,0.04824365032565527,0.038648173610802215
Drugs,0.034711469857029394,0.03300913082287529,0.03359617440190627,0.02137698034312947,0.027151384346306595,0.03733846114217633,0.047767550339952336,0.05147606334710088,0.04074004871485305,0.04362067176648134,0.0366727988101668,0.03737711820810167,0.04907253930262112,0.054570911475774427,0.045438838427323276,0.0383599914090548,0.04756287155361398,0.06624673189992056,0.06948209529150119,0.05853858110563939,0.05526409659412231,0.0476186582144559,0.061003106049245436,0.04491173437648928,0.05459118287847497,0.03934964785067516,0.043647366066719616,0.057405558967434475,0.07819015366322477,0.06218389888641779,0.033533735618745036,0.0500127749070691,0.04325666530103256,0.04177192271961874,0.045464649369340734,0.042162206811755365,0.04582615120413026,0.04185952074185862,0.05606322080540112,0.047809679490071484,0.0495773288149325,0.042885858752978546,0.048796630298649724,0.04277882516282763,0.03532263508022239,0.050893191621922136,0.053993459952343115,0.05296243424940429,0.04196635421604448
Chems,0.05174020014297062,0.04681248549960285,0.04788875635266084,0.03306442326290707,0.039082090173153304,0.05377706917553614,0.06927798158220809,0.07795973524702145,0.06237008651945989,0.06663031577124702,0.049946295081810956,0.049102732308181095,0.054570911475774427,0.09346517908816523,0.06922747123113582,0.05749184220492455,0.07152588940746625,0.10062464624940427,0.1107040355266084,0.0906733631517077,0.08576585449404289,0.07094529776648133,0.09468693584114375,0.06746552349483714,0.08444039143447182,0.055262206875297856,0.07715272274185861,0.09309865070691023,0.13513256961715644,0.10173759117712468,0.0507218484638602,0.07291273985067513,0.06244993851945989,0.05914297758220809,0.06478291677839555,0.061633650090548074,0.06622803587291502,0.059219418360603654,0.08369164473073872,0.07455912366322477,0.0736571683335981,0.06384192910246227,0.07245152286258935,0.064109149197776,0.052871144276409834,0.0764018594185862,0.08180856899126289,0.07875580387609211,0.0610767762446386
Rubbr,0.04278594397140589,0.04134470359015092,0.04111409788721207,0.027049507577442417,0.03275512158856236,0.045779195885623514,0.05905560023828436,0.06922780516282764,0.054797602573471,0.05860208007942811,0.04305995540905481,0.04149832575059572,0.045438838427323276,0.06922747123113582,0.07977881922160446,0.05175003999999999,0.06152213694996028,0.0818690663542494,0.08977617102462272,0.07533600231930102,0.071661885401112,0.06023304880063542,0.08099314354249403,0.058108814964257335,0.07279085893566323,0.0464882655440826,0.049795400714853055,0.06823251100873709,0.09901392341540906,0.07859012583002382,0.042243667577442405,0.06178534633836377,0.05495630673550437,0.05107989137410644,0.055428546751389994,0.05175107380460682,0.05529284084193805,0.050546606910246226,0.07291991899920573,0.06323112131850674,0.06387810092136616,0.05429281501191423,0.06291767772835584,0.05430958957903097,0.046971538411437655,0.06624661423351866,0.07050434071485305,0.06696488305003968,0.05293165285146943
Txtls,0.03922106900714853,0.03441671471961874,0.032605768724384435,0.022342992076250998,0.02772483172676727,0.04097864357108816,0.05419605148212869,0.06415534723431295,0.048930850090548046,0.05253485582843525,0.0375370616870532,0.03632188540746624,0.0383599914090548,0.05749184220492455,0.05175003999999999,0.08245960143606035,0.055569910875297855,0.07632737806513105,0.0773263521397935,0.06293435827164415,0.06120591830341541,0.04958829234630658,0.06990340034312946,0.04784863167593328,0.0637338869324861,0.04057221659094519,0.046331906065131045,0.06104213258141381,0.08556916802541699,0.06824499343606034,0.03401402262748212,0.05273492398411437,0.04745935047498016,0.04287070872756155,0.04585502204289117,0.04351859567275615,0.04619157530738681,0.04306109138046069,0.06592214777442414,0.05268715457982526,0.05599682012390786,0.046844510277998415,0.05561671986656076,0.05023701239078634,0.04058345797617156,0.057105247135822074,0.06481145744241462,0.05701223987291502,0.04493518736775218
BldMt,0.046738523137410636,0.042385139299444,0.041368056962668785,0.028088149067513894,0.033530057185067505,0.04902421515011914,0.06407126339475772,0.07136116797617158,0.05688065511993645,0.061415453409054806,0.044629379957108806,0.043649272908657666,0.04756287155361398,0.07152588940746625,0.06152213694996028,0.055569910875297855,0.07265295952184272,0.0924756569070691,0.09657453362668786,0.08045921083081811,0.07572062833677523,0.06306761769340746,0.08417347242891184,0.0607893496584591,0.07645245189197773,0.0489396978014297,0.0595978607895155,0.07762520030182682,0.11177589541382046,0.08551562773153296,0.04336509108181097,0.06437186060683082,0.057809556014297075,0.053452960184273215,0.05776888983955517,0.0532812446449563,0.057952208258935656,0.052684126498808576,0.0758782117887212,0.06596442762033358,0.06695891732644957,0.05662498081810961,0.06718973520095314,0.05799290783161237,0.04883958001429706,0.06859126611278792,0.07565480549642571,0.07152160174741856,0.05515612588880062
Cnstr,0.06492763474980143,0.05763267331691819,0.055528181232724384,0.037773287857029395,0.042550874354249396,0.0660926101810961,0.08812838732168386,0.09751918169499604,0.07868636645909452,0.09000333464177916,0.060819253424940455,0.05970807804924543,0.06624673189992056,0.10062464624940427,0.0818690663542494,0.07632737806513105,0.0924756569070691,0.1923914856409849,0.13609041417950754,0.111015195974583,0.10463203483081807,0.0876773650293884,0.11772365226052427,0.08187282486100081,0.10486895949483713,0.06593733833518664,0.09426934757585383,0.11207745869737884,0.1616247995409055,0.12039984458935668,0.05857540624622717,0.08861039346147735,0.07913496757267674,0.0745346035138999,0.07955017613661637,0.07504886361874502,0.08148897598570293,0.07284427915329626,0.10559852310881654,0.09067034122160446,0.0931176101175536,0.07770166005559968,0.09544102975853855,0.08219745988880064,0.07023764302303413,0.10301628849245431,0.10395200292295473,0.09975192924543286,0.07779396072915012
Steel,0.06923183852263701,0.06167786328514694,0.0613183134805401,0.04233486143923749,0.048728511002382846,0.06902849689277205,0.09044134979189832,0.09953781204447974,0.08048406067672757,0.0871746421000794,0.06435680855599682,0.063423312076251,0.06948209529150119,0.1107040355266084,0.08977617102462272,0.0773263521397935,0.09657453362668786,0.13609041417950754,0.16521524269420174,0.12446805089118351,0.11542022522001587,0.09407457994598888,0.12130601402382847,0.08989374281175534,0.11297854314853054,0.07273030515011915,0.11484714099126288,0.13514742452740275,0.1994417971501191,0.14427751290548052,0.06564693371247023,0.09290998793328036,0.08076131654011118,0.07719225142494039,0.085780106573471,0.0784958744845115,0.08650801966322476,0.07764043946306594,0.10735436441938045,0.09865042245274028,0.09680936567752182,0.08488547785544083,0.09326996056870532,0.08266547771247024,0.06609329483399523,0.09761366903256556,0.10576034544876885,0.102021786624305,0.08166905231771246
FabPr,0.061438491008737085,0.052385165461477375,0.051164410954725986,0.03531660568069897,0.04112620107386815,0.05987924005401113,0.07647408294519462,0.08452845350595713,0.0671235951644162,0.07494876375218429,0.05518192350436854,0.05334601765210485,0.05853858110563939,0.0906733631517077,0.07533600231930102,0.06293435827164415,0.08045921083081811,0.111015195974583,0.12446805089118351,0.14365890833359807,0.09611767195552028,0.0799908773884035,0.10403212376171564,0.07721311996822873,0.09457657044003176,0.060369165960285916,0.08467656898173151,0.10171575301032565,0.15496672131215247,0.1138194781477363,0.05399181075774425,0.07793946043526608,0.06912199603177126,0.0653999909324861,0.07314680674821286,0.06708263816997619,0.07258015739158061,0.0652964775567911,0.09142912495949164,0.08210604821922163,0.0805587909356632,0.07117477653693408,0.0802936120381255,0.0699107717553614,0.05756325098967434,0.08222273689594915,0.08959135113582208,0.08696989947577441,0.06909511150754569
Mach ,0.05494129831612391,0.04880355091024621,0.047626357451946,0.033262153734710094,0.03997012974741859,0.05515841765528198,0.07146639115806196,0.08198420044797458,0.06425609498967434,0.07006164032088957,0.05149043451310565,0.0504666953328038,0.05526409659412231,0.08576585449404289,0.071661885401112,0.06120591830341541,0.07572062833677523,0.10463203483081807,0.11542022522001587,0.09611767195552028,0.09383578426687843,0.07379113514853056,0.09699205230818107,0.07092593242255758,0.08909967531691819,0.057578282115965045,0.07840995080857822,0.09539997782366957,0.141321825934869,0.10754075360444797,0.05150738527720413,0.0745013332867355,0.0648985054837172,0.06184682962986497,0.06810292643050041,0.06292608760603653,0.06871768689118346,0.06206171161556791,0.08686062773947577,0.07608771309610801,0.07590663227005559,0.06611393771247022,0.07522491735980935,0.06587254691024623,0.05440429950436854,0.07823435084352662,0.0854137268943606,0.08207069169181888,0.0641675766703733
ElcEq,0.044492449960285944,0.041519017534551235,0.04085040876250992,0.027278765871326445,0.034146863726767264,0.04790861327084988,0.060541977845909443,0.06704556400635422,0.05414308555361396,0.05863741900238285,0.043315889254964254,0.04330973949483718,0.0476186582144559,0.07094529776648133,0.06023304880063542,0.04958829234630658,0.06306761769340746,0.0876773650293884,0.09407457994598888,0.0799908773884035,0.07379113514853056,0.07075750912787927,0.08049516973471008,0.059465992660841925,0.07338596888324068,0.0499928116155679,0.05822128338999207,0.07675976733915803,0.11231350164575056,0.08584538991898333,0.04236336154408261,0.06324443619380458,0.05496335158379666,0.05226198928038126,0.05769235454805399,0.05366512106115965,0.05845716171247022,0.052298098049245435,0.07194396597617157,0.06304537336616362,0.0640274653121525,0.055189229880857824,0.06281292638284353,0.05469976943606037,0.046549860584590944,0.06605999599046862,0.07104867539316917,0.06892505169181891,0.05439339157108817
Autos,0.055739117982525815,0.05448394435901509,0.05156642269737888,0.03747302666878474,0.04239918349166004,0.06370567107545673,0.08407559263224783,0.09674685116123907,0.0749040891310564,0.08082630440984906,0.058057921299444,0.055643743758538526,0.061003106049245436,0.09468693584114375,0.08099314354249403,0.06990340034312946,0.08417347242891184,0.11772365226052427,0.12130601402382847,0.10403212376171564,0.09699205230818107,0.08049516973471008,0.1290878015631454,0.07744061909451944,0.09975047808737096,0.06338225238443208,0.07670848270373312,0.09489977150119144,0.13871274887688645,0.1059810879459889,0.05411312240826052,0.08455658743764893,0.07497900610961081,0.06881180352025418,0.07458447180937249,0.06938945875138999,0.07513981864019062,0.06860299857982526,0.10279117440190631,0.08527556330738681,0.08727900975694998,0.07317567998411437,0.08732700215091338,0.07757740924543288,0.06371488501032564,0.0892513775822081,0.09537321591739475,0.09178256533756948,0.07259990583320095
Aero ,0.04298629968228753,0.040173126433677514,0.04070911138999206,0.0292930607466243,0.032991379062748204,0.04521484293884035,0.05756531604447974,0.06485766276409848,0.05188717544082606,0.0571345581731533,0.04172567232724385,0.04083839485305798,0.04491173437648928,0.06746552349483714,0.058108814964257335,0.04784863167593328,0.0607893496584591,0.08187282486100081,0.08989374281175534,0.07721311996822873,0.07092593242255758,0.059465992660841925,0.07744061909451944,0.07714164266878477,0.0704376580460683,0.04914302897537727,0.054413236108022255,0.07083739215250197,0.10325077034154088,0.07869026387609213,0.042888789864972195,0.06004288250992851,0.052905499205718805,0.04985911872915012,0.054939420428911825,0.0506971109451946,0.05521930698967434,0.04977066152501986,0.06995276735504369,0.061721652438443214,0.06298364344718027,0.053832417998411444,0.06245570073073867,0.054273880222398714,0.04397228077839556,0.06476498678316121,0.06735292470214455,0.06727137655281969,0.05152213787132644
Ships,0.054596106258935656,0.04969038234471803,0.04930308662748214,0.032283106198570284,0.03859664697696585,0.05591536635107227,0.07323665321366166,0.0854756739539317,0.06603950340270057,0.07273091681334391,0.052071291091342335,0.05070072089594918,0.05459118287847497,0.08444039143447182,0.07279085893566323,0.0637338869324861,0.07645245189197773,0.10486895949483713,0.11297854314853054,0.09457657044003176,0.08909967531691819,0.07338596888324068,0.09975047808737096,0.0704376580460683,0.11586716156314536,0.05811993897378872,0.07239343926608419,0.09111130878474982,0.13215958246544873,0.10018433025893564,0.05018072391421763,0.07438471829706116,0.06736821568546464,0.06225174872756156,0.06749755195552025,0.06257650890548054,0.06740724893725178,0.06104954337410644,0.0890163993550437,0.07602908002859411,0.0800031670500397,0.06680821358220809,0.07896127937410644,0.0690396335186656,0.05660573608578237,0.08025739430023827,0.08721617207307387,0.08251496552819698,0.06534322147418586
Guns ,0.03678957469420174,0.033727061709293085,0.03207655493566322,0.022403738287529784,0.029173031980937243,0.037950546652899125,0.048422342173153284,0.05370472297696585,0.04110357152025417,0.04522063967275614,0.035303967945988876,0.03486436464495632,0.03934964785067516,0.055262206875297856,0.0464882655440826,0.04057221659094519,0.0489396978014297,0.06593733833518664,0.07273030515011915,0.060369165960285916,0.057578282115965045,0.0499928116155679,0.06338225238443208,0.04914302897537727,0.05811993897378872,0.08465687708339953,0.04539063357903099,0.05952215046862587,0.0848394921397935,0.0642277121175536,0.034056800578236686,0.05126173256235107,0.04486791010961082,0.041931447059571074,0.0452680597553614,0.04242506045432883,0.045687213798252586,0.04128371532009531,0.05838662353296266,0.05105912037807783,0.05159610293566322,0.04364382638602066,0.04953611877045273,0.04407830897537729,0.03656049170135026,0.051805928883240655,0.0557810353296267,0.05472382856235108,0.0421803768991263
Gold ,0.04554488768069897,0.036912825126290696,0.03565120062589356,0.02822380964892772,0.03191031433518666,0.04415653890548054,0.05490022931056396,0.053219163420174735,0.048926696066719615,0.04945679630341541,0.03974191205559968,0.038610058503574254,0.043647366066719616,0.07715272274185861,0.049795400714853055,0.046331906065131045,0.0595978607895155,0.09426934757585383,0.11484714099126288,0.08467656898173151,0.07840995080857822,0.05822128338999207,0.07670848270373312,0.054413236108022255,0.07239343926608419,0.04539063357903099,0.2835352912644956,0.13778310489277204,0.17251368314376486,0.12222986052581414,0.04548282307863383,0.05687813635583796,0.04423764867831612,0.0471504303542494,0.05115657140905479,0.04864495217156473,0.05447074542811755,0.047680111013502766,0.06739347932168388,0.062209667340746594,0.052137954473391576,0.05296035085782364,0.05011576809690226,0.046267726862589356,0.033154725729944406,0.05677454251628276,0.06205797925337569,0.062303710277998435,0.049863060446386026
Mines,0.05867272843526609,0.04871557148530579,0.05020059062748211,0.033296940142970605,0.0389510731056394,0.0544940916123908,0.07380950997617156,0.07430871972994439,0.06332442370135027,0.06681868881652105,0.050446660254169974,0.05183571945988878,0.057405558967434475,0.09309865070691023,0.06823251100873709,0.06104213258141381,0.07762520030182682,0.11207745869737884,0.13514742452740275,0.10171575301032565,0.09539997782366957,0.07675976733915803,0.09489977150119144,0.07083739215250197,0.09111130878474982,0.05952215046862587,0.13778310489277204,0.15312366160444799,0.1832700663224782,0.13303988220810162,0.05348562290706911,0.07372021521842732,0.06112921358220808,0.062408960031771224,0.06795797312152502,0.06278339075456711,0.0702883485146942,0.0627804429706116,0.08456424681493246,0.0789025456235107,0.07464286714853059,0.06851595407466243,0.07157581030976967,0.06494696698967434,0.050358644400317704,0.07431642150913423,0.08034044781572679,0.08206748848292296,0.06597687515488482
Coal ,0.0851750666799047,0.07001651309451945,0.06955432007307384,0.04697756455281969,0.058528291637807775,0.0754754250500397,0.10227174392216042,0.11253592253693409,0.08879394409213663,0.09851109098808578,0.07241315210643366,0.07370513139316921,0.07819015366322477,0.13513256961715644,0.09901392341540906,0.08556916802541699,0.11177589541382046,0.1616247995409055,0.1994417971501191,0.15496672131215247,0.141321825934869,0.11231350164575056,0.13871274887688645,0.10325077034154088,0.13215958246544873,0.0848394921397935,0.17251368314376486,0.1832700663224782,0.34571794448133436,0.2118709884495631,0.08270089431612389,0.10651269465289913,0.0891419172152502,0.0877914892962669,0.09723501489753772,0.08834249964733916,0.09825269182366958,0.08798049491183477,0.12308187983637806,0.11337430846544877,0.10492854355679108,0.09807085055599683,0.1020961983685465,0.09067503952343127,0.07101426113264497,0.10911044000953139,0.11895831891977762,0.11489042957903096,0.09471061057823668
Oil  ,0.06477885042891184,0.053861093799841143,0.05463955366799046,0.03745270273868149,0.0472707030881652,0.062451916999205714,0.07826629137569496,0.08699780683558381,0.06875180901350278,0.07354294208578235,0.05805950870373311,0.05713668102938842,0.06218389888641779,0.10173759117712468,0.07859012583002382,0.06824499343606034,0.08551562773153296,0.12039984458935668,0.14427751290548052,0.1138194781477363,0.10754075360444797,0.08584538991898333,0.1059810879459889,0.07869026387609213,0.10018433025893564,0.0642277121175536,0.12222986052581414,0.13303988220810162,0.2118709884495631,0.17197622133598092,0.06645069853534552,0.08314768628435264,0.06927870762986495,0.0679961748181096,0.07478727981254964,0.06823246743764894,0.0760363144670373,0.06828262365845911,0.09565762942494047,0.08632983644320887,0.07924463112152504,0.07487819735504364,0.0763797231564734,0.06793274030182686,0.056917258613185064,0.08616296710722793,0.09582637868149321,0.0885085220015886,0.07323892340111199
Util ,0.032154167752184264,0.03042438954090548,0.03252974022557586,0.023414509629864973,0.029018696540111185,0.033022034706910244,0.0400855017760127,0.04588321547895155,0.036245663942811764,0.03978186399364574,0.03145494635742653,0.030465805439237492,0.033533735618745036,0.0507218484638602,0.042243667577442405,0.03401402262748212,0.04336509108181097,0.05857540624622717,0.06564693371247023,0.05399181075774425,0.05150738527720413,0.04236336154408261,0.05411312240826052,0.042888789864972195,0.05018072391421763,0.034056800578236686,0.04548282307863383,0.05348562290706911,0.08270089431612389,0.06645069853534552,0.04312436763145354,0.04453246225258142,0.03866657427164415,0.035990722865766475,0.03877113365528197,0.036820520978554414,0.03855550995393169,0.03481161906910246,0.050695409537728345,0.047290541776012704,0.04321733450039714,0.038390249308975374,0.043359657340746635,0.03655169699761716,0.0317646463796664,0.049560618223987295,0.049117840413026206,0.047937748403494844,0.0383231931183479
Telcm,0.045856762192216044,0.04320066731056395,0.04429886145194599,0.02985810056235107,0.03516574485146941,0.05025914550595711,0.06500987519618746,0.07481788960762507,0.05629233045909452,0.06103728763780778,0.04552168404130262,0.044701337137410646,0.0500127749070691,0.07291273985067513,0.06178534633836377,0.05273492398411437,0.06437186060683082,0.08861039346147735,0.09290998793328036,0.07793946043526608,0.0745013332867355,0.06324443619380458,0.08455658743764893,0.06004288250992851,0.07438471829706116,0.05126173256235107,0.05687813635583796,0.07372021521842732,0.10651269465289913,0.08314768628435264,0.04453246225258142,0.07463311100238282,0.058649838900714846,0.054170456915011905,0.05961534108339952,0.055538044975377295,0.05951246283081812,0.052906574722795856,0.07698402955996822,0.06429863430659254,0.06684821985067514,0.056494362033359787,0.06768658394281175,0.059316940301826854,0.049370892854646534,0.07104280175377285,0.07589269274027007,0.07272679183478951,0.055589172892772036
PerSv,0.03993816498014296,0.039105885116759324,0.03885662217950753,0.027043261734710083,0.03158649051945989,0.04248070966322478,0.05847182774106436,0.06636585408895948,0.049818827199364576,0.05523936716282765,0.04190963842255759,0.04025516648768863,0.04325666530103256,0.06244993851945989,0.05495630673550437,0.04745935047498016,0.057809556014297075,0.07913496757267674,0.08076131654011118,0.06912199603177126,0.0648985054837172,0.05496335158379666,0.07497900610961081,0.052905499205718805,0.06736821568546464,0.04486791010961082,0.04423764867831612,0.06112921358220808,0.0891419172152502,0.06927870762986495,0.03866657427164415,0.058649838900714846,0.06472130398570292,0.048271438131850676,0.05195751022398728,0.04864954366322477,0.05130517847656871,0.04681828400158858,0.06899939715488483,0.058132890648133435,0.05945004748689434,0.05053733878474982,0.061748973059571076,0.05345222163621923,0.04410676011278792,0.06303051695313741,0.06872393613979347,0.06442689464654487,0.0488885132692613
BusSv,0.03755440930897537,0.03591349864336775,0.03563668059094519,0.023788408088959496,0.02763482124225575,0.04004226384114375,0.05260411089436059,0.05965882551866561,0.04643040170293885,0.0505684553836378,0.03807553885941223,0.03768170891818903,0.04177192271961874,0.05914297758220809,0.05107989137410644,0.04287070872756155,0.053452960184273215,0.0745346035138999,0.07719225142494039,0.0653999909324861,0.06184682962986497,0.05226198928038126,0.06881180352025418,0.04985911872915012,0.06225174872756156,0.041931447059571074,0.0471504303542494,0.062408960031771224,0.0877914892962669,0.0679961748181096,0.035990722865766475,0.054170456915011905,0.048271438131850676,0.048007546916600474,0.04905890461636219,0.04608790823828434,0.049586256260524215,0.04478709389038921,0.06202759171405878,0.05400231102144558,0.054888698281175534,0.04722885988880064,0.05536403579984116,0.04824128295472596,0.0396225834725973,0.05708633078951547,0.06061957722001589,0.059259207561556795,0.04622184004447974
Hardw,0.041813005226370145,0.037994497496425736,0.03923601437331216,0.02602703340428911,0.03153652461953932,0.04486284588085782,0.05751839434789515,0.06333317665766484,0.050194501776012715,0.054751985362986505,0.04093574541382048,0.04053950455281969,0.045464649369340734,0.06478291677839555,0.055428546751389994,0.04585502204289117,0.05776888983955517,0.07955017613661637,0.085780106573471,0.07314680674821286,0.06810292643050041,0.05769235454805399,0.07458447180937249,0.054939420428911825,0.06749755195552025,0.0452680597553614,0.05115657140905479,0.06795797312152502,0.09723501489753772,0.07478727981254964,0.03877113365528197,0.05961534108339952,0.05195751022398728,0.04905890461636219,0.06146179012549643,0.05132750929944399,0.05649961425575854,0.04971786637966641,0.06729368264654487,0.05921282259253376,0.05957041109134234,0.051332300540111196,0.060401365741064326,0.052948345512311354,0.042602798814932494,0.06119736649404287,0.06510590223987292,0.06520773591739473,0.05064772832724385
Softw,0.038751595138999194,0.035956223485305784,0.03646493526290707,0.02547713183161238,0.02889004430182685,0.04063495750913424,0.05267497422081016,0.05962042309134233,0.046546264889594915,0.051356513957108815,0.03820271759809373,0.038126822011119936,0.042162206811755365,0.061633650090548074,0.05175107380460682,0.04351859567275615,0.0532812446449563,0.07504886361874502,0.0784958744845115,0.06708263816997619,0.06292608760603653,0.05366512106115965,0.06938945875138999,0.0506971109451946,0.06257650890548054,0.04242506045432883,0.04864495217156473,0.06278339075456711,0.08834249964733916,0.06823246743764894,0.036820520978554414,0.055538044975377295,0.04864954366322477,0.04608790823828434,0.05132750929944399,0.05068519628911835,0.0518893072660842,0.04579372008895949,0.06316544078792692,0.05443057793804607,0.05592649526926131,0.04802448953137411,0.05619756709134232,0.0488340682446386,0.04035729821127879,0.057776960997617165,0.06169103380460683,0.061094801175536124,0.046494543783955525
Chips,0.042140087807783964,0.0381640759158062,0.03887863634312947,0.026152252641779186,0.03071880647815726,0.04512760927243844,0.05794455492772041,0.06294913420333596,0.05030867904368547,0.054916156125496426,0.04097040778872121,0.04101385730897537,0.04582615120413026,0.06622803587291502,0.05529284084193805,0.04619157530738681,0.057952208258935656,0.08148897598570293,0.08650801966322476,0.07258015739158061,0.06871768689118346,0.05845716171247022,0.07513981864019062,0.05521930698967434,0.06740724893725178,0.045687213798252586,0.05447074542811755,0.0702883485146942,0.09825269182366958,0.0760363144670373,0.03855550995393169,0.05951246283081812,0.05130517847656871,0.049586256260524215,0.05649961425575854,0.0518893072660842,0.060471196344718016,0.05072107830182685,0.06716230506910245,0.05918877055917396,0.0599267784861001,0.05185093255758539,0.05979377427958696,0.05260405118347896,0.04235528552660842,0.06033470506433679,0.06510353591739476,0.06475578449563146,0.05035701151231134
LabEq,0.03746127411437649,0.03476921464813343,0.03442721480857824,0.023928812521048438,0.02729790729467832,0.04080381841620334,0.05164562669261317,0.05709399388244637,0.04586837042414614,0.049920619617156485,0.03794169491183479,0.03786842710722796,0.04185952074185862,0.059219418360603654,0.050546606910246226,0.04306109138046069,0.052684126498808576,0.07284427915329626,0.07764043946306594,0.0652964775567911,0.06206171161556791,0.052298098049245435,0.06860299857982526,0.04977066152501986,0.06104954337410644,0.04128371532009531,0.047680111013502766,0.0627804429706116,0.08798049491183477,0.06828262365845911,0.03481161906910246,0.052906574722795856,0.04681828400158858,0.04478709389038921,0.04971786637966641,0.04579372008895949,0.05072107830182685,0.050198140649722,0.06172722949801428,0.05316836010007943,0.0544177522366958,0.047098546632247815,0.053715932169976166,0.04771180495631452,0.03879495890548054,0.05523667758856235,0.059325352501985694,0.05840957769658457,0.0458667892025417
Paper,0.05429358945988879,0.04991903197934868,0.04672876619857029,0.033702453950754566,0.04122931126608419,0.05782647841620334,0.0754689376536934,0.08653959771088164,0.06633643698490867,0.07233143844162031,0.052896654133439226,0.05051205859253376,0.05606322080540112,0.08369164473073872,0.07291991899920573,0.06592214777442414,0.0758782117887212,0.10559852310881654,0.10735436441938045,0.09142912495949164,0.08686062773947577,0.07194396597617157,0.10279117440190631,0.06995276735504369,0.0890163993550437,0.05838662353296266,0.06739347932168388,0.08456424681493246,0.12308187983637806,0.09565762942494047,0.050695409537728345,0.07698402955996822,0.06899939715488483,0.06202759171405878,0.06729368264654487,0.06316544078792692,0.06716230506910245,0.06172722949801428,0.10639019453375692,0.07882627296743445,0.07878870233995233,0.06615766029388404,0.07890235271008737,0.06891675593328038,0.0587063326465449,0.08402332991580617,0.08747116489277201,0.08431639424940428,0.06541592240349482
Boxes,0.04481967077839555,0.04431785213185068,0.04293173816362193,0.027674531714058776,0.03916366829864972,0.05005427164575059,0.0638182350929309,0.07040787859094517,0.05618574054646545,0.06164126518347894,0.046166550308181085,0.042832047288324064,0.047809679490071484,0.07455912366322477,0.06323112131850674,0.05268715457982526,0.06596442762033358,0.09067034122160446,0.09865042245274028,0.08210604821922163,0.07608771309610801,0.06304537336616362,0.08527556330738681,0.061721652438443214,0.07602908002859411,0.05105912037807783,0.062209667340746594,0.0789025456235107,0.11337430846544877,0.08632983644320887,0.047290541776012704,0.06429863430659254,0.058132890648133435,0.05400231102144558,0.05921282259253376,0.05443057793804607,0.05918877055917396,0.05316836010007943,0.07882627296743445,0.09023136211437646,0.06844544359173946,0.057487617926926124,0.06761119402223988,0.058593688038125515,0.04866835947100872,0.07097858690071485,0.07325934856235106,0.07316807011914216,0.055730790708498804
