,Agric,Food ,Soda ,Beer ,Smoke,Toys ,Fun  ,Books,Hshld,Clths,Hlth ,MedEq,Drugs,Chems,Rubbr,Txtls,BldMt,Cnstr,Steel,FabPr,Mach ,ElcEq,Autos,Aero ,Ships,Guns ,Gold ,Mines,Coal ,Oil  ,Util ,Telcm,PerSv,BusSv,Hardw,Softw,Chips,LabEq,Paper,Boxes,Trans,Whlsl,Rtail,Meals,Banks,Insur,RlEst,Fin  ,Other
Agric,0.07543028146783161,0.02871744132803812,0.0297874992660842,0.017612417486894356,0.0243846671644162,0.02919759584432089,0.03983693474185863,0.045560771310563936,0.03738574125496426,0.03793118008578236,0.030093506586179507,0.03076043848133438,0.03305149957744241,0.04844929783637808,0.039518280019062754,0.035085613337569495,0.04327378715170771,0.061607212511517066,0.06409651332168388,0.05682680406671962,0.0513477424432089,0.042112001200953125,0.051921312514694194,0.04045919012549643,0.04992949288641778,0.033805601525019845,0.03972313502779984,0.05374528122001588,0.07810191816362193,0.059030590868943605,0.030341174786338364,0.04331341723907863,0.03718499963780778,0.03505928359650517,0.04020802073391581,0.03690721158379666,0.040128322821286734,0.035737988263701344,0.05093428559809372,0.04268516390786338,0.043630957667990466,0.03870206527720413,0.04358047078633836,0.03810286644003177,0.03278457129785543,0.04537405971088163,0.04930116125814138,0.0489363658522637,0.03686565752501985
Food ,0.02871744132803812,0.03394086929150119,0.02895602023351866,0.019543844165210485,0.02405549055599682,0.02997067537092931,0.03956177343129467,0.04332173315329627,0.03445244188244638,0.03815480274980144,0.029441151872915006,0.028366762495631446,0.03175344270214456,0.04475112293407466,0.03941348411914218,0.03153957447815727,0.04020532070373312,0.05491719221445593,0.05847865873550436,0.049328034090548055,0.046399461536139774,0.039795350189038924,0.051835662695790305,0.03821210298014298,0.04669832623987291,0.032391386203335974,0.03390921359015091,0.04565131559491661,0.06654599040667193,0.05074842749483717,0.029071147628276412,0.041477232649721994,0.036948991529785535,0.03427697497378872,0.03688643268149325,0.03471273699444003,0.036781721245432886,0.03339201679586975,0.04758186027164416,0.04258559895949167,0.04142809742335186,0.035712188344718024,0.04177180733915805,0.03641235037490071,0.030726829154884828,0.04477198796187451,0.04546183716123909,0.04563376113741064,0.03444890316600477
Soda ,0.0297874992660842,0.02895602023351866,0.0698834832899126,0.02377505106592533,0.025187758467037327,0.03263699303891978,0.03881146409054805,0.042961262779984126,0.03558656126290707,0.036642084150913426,0.030048041988880062,0.030167178511517075,0.032872861386814924,0.04605764336934074,0.03947993420015886,0.030864512028594113,0.03964682393804607,0.053663079772835603,0.058447830725973,0.04847012806989674,0.04556258514853056,0.039464062862589355,0.04913063336139794,0.03881444114058776,0.046633306980142966,0.03005417741858618,0.03332092426528991,0.04711722052581414,0.06539209544559173,0.050981919148530584,0.03137333355996823,0.04288075875933281,0.037322955526608415,0.034259681362986495,0.038881473104050844,0.03576182251628276,0.03809729866878475,0.03363487516918189,0.04469667870214457,0.04175896504368546,0.04136682570929308,0.03687734584432089,0.042249572517871314,0.03618471454011119,0.029952557424940428,0.044605150922954716,0.04661535142017475,0.04650360388880062,0.033458749529785545
Beer ,0.017612417486894356,0.019543844165210485,0.02377505106592533,0.04421766080381255,0.016924187783955512,0.023253406907069105,0.026433660540111207,0.027748913836378074,0.023042337680698965,0.026882671164416203,0.019761736095313738,0.019432861728355837,0.020710415437648927,0.030752945744241467,0.02562436526449563,0.02064330441938046,0.026286062420969026,0.03588187152025417,0.039246968343129476,0.03253662271644162,0.030986197753772832,0.025611257016679906,0.03468563381413821,0.027224696501985696,0.029473713302621128,0.0207783426370135,0.025909595726767272,0.030465677531374104,0.04245707268943606,0.03435986230976966,0.022334842376489278,0.02810804065766481,0.025352262309769655,0.022361479694996033,0.02528338019698173,0.024454420181096104,0.02516682918506751,0.02302164227799841,0.03152634017156473,0.026388812279586976,0.028104985677521843,0.024885709696584594,0.028542597744241453,0.025709517423351865,0.019491231920571887,0.02999893721366164,0.03177750137251788,0.030246095771247015,0.023272741563145353
Smoke,0.0243846671644162,0.02405549055599682,0.025187758467037327,0.016924187783955512,0.06713045934074663,0.026576819173947573,0.031452273971405875,0.0339181535822081,0.026469229412231926,0.030419362581413825,0.024236239650516276,0.023342114733915804,0.026452275798252576,0.03715174364575059,0.031461329046862586,0.02567041898332009,0.03210716518665608,0.04072653506751389,0.04677632671961875,0.03963559424940429,0.03834897552819699,0.03319256819698174,0.04053761840349483,0.0316889037807784,0.036902528959491664,0.028043828633836376,0.03021115111199364,0.036327466568705315,0.0542511506830818,0.04353510735504369,0.027957821191421765,0.03395381152501984,0.030667509960285944,0.026546039698173155,0.031145725647339154,0.028401925512311355,0.030082774519459884,0.026634123741064337,0.03942965797458299,0.03803853949960285,0.03403288641779189,0.02903549115965051,0.033533071104050835,0.027098648856235107,0.02518190598093725,0.03823001590150913,0.03614705025416997,0.037707814169976164,0.02712519676727562
Toys ,0.02919759584432089,0.02997067537092931,0.03263699303891978,0.023253406907069105,0.026576819173947573,0.06065131527243844,0.04694661694996029,0.04748582748212868,0.03920403099285147,0.04296644440667195,0.032812488349483714,0.031763976956314534,0.03663498890230341,0.05081929324543288,0.0435051762700556,0.03637938159809373,0.04660099155202541,0.0628827021223193,0.06549992854011119,0.056144761048451154,0.052073580171564715,0.04591438941382048,0.06010370071167592,0.042459306090548064,0.05214255233042098,0.03614205234312947,0.03995738190627482,0.05085747932962669,0.0703796995615568,0.0581244549833201,0.031409883189833204,0.04805186268784748,0.03987230975694998,0.03809596000635424,0.04367784829547259,0.03966858794598886,0.0437535567847498,0.039425541702938834,0.054213885073868144,0.047932750929308966,0.04766872948689436,0.040677461575853856,0.047454096870532175,0.0412272951771247,0.03481156165528197,0.05038370714535346,0.05428927460206514,0.051441470697378866,0.04007144146465448
Fun  ,0.03983693474185863,0.03956177343129467,0.03881146409054805,0.026433660540111207,0.031452273971405875,0.04694661694996029,0.07330895738681494,0.06550541763304209,0.05211359629070691,0.057265526695790284,0.04165267494837173,0.04097331087370929,0.04538917637013503,0.06557290480540112,0.05556804274027006,0.049210549308975365,0.06062151872120731,0.0831973776250993,0.08459568725972995,0.0713686995393169,0.0668708022319301,0.057553579888800645,0.07892484936457504,0.05418121138999207,0.06786326535345512,0.04544002407466243,0.049960115639396334,0.06835239630659252,0.09460663298649721,0.07205773251787133,0.037793242859412234,0.06173333999205718,0.054803860460683085,0.04959072992851468,0.05528906186656076,0.050387947084988075,0.055233575822081,0.0490586444559174,0.07118796092930897,0.06089701830818109,0.06203182570293884,0.05167354505957108,0.06376009903097696,0.056257506060365364,0.04554743317712469,0.06381057812549641,0.06950881503574263,0.06731655050039713,0.050785531143764884
Books,0.045560771310563936,0.04332173315329627,0.042961262779984126,0.027748913836378074,0.0339181535822081,0.04748582748212868,0.06550541763304209,0.09848565992057189,0.0596486254805401,0.06301466179507545,0.04563747590150914,0.04365979466243049,0.047571283558379654,0.07184356962668782,0.06397738179507545,0.05690003768069896,0.0657140915647339,0.09032316168387608,0.0919443645115171,0.07721863320095314,0.0754494738681493,0.06277301274027006,0.08819168587768071,0.06023115564733915,0.07765402227164418,0.04881536133439238,0.048186118888006356,0.06852679637807783,0.10258801934868943,0.07907737235901512,0.04233881467831613,0.06906002309769659,0.061258882827641,0.05506168845115171,0.0600731145353455,0.0562396041938046,0.05894989121525019,0.05346570071485306,0.07936634640190628,0.06573018535345512,0.068172767847498,0.056654516949960286,0.07035129791898334,0.061438296616362194,0.05305864730738682,0.07289100104845113,0.08083917312152503,0.07396306217633043,0.054642080063542486
Hshld,0.03738574125496426,0.03445244188244638,0.03558656126290707,0.023042337680698965,0.026469229412231926,0.03920403099285147,0.05211359629070691,0.0596486254805401,0.059571876465448766,0.051421145774424123,0.03660877890389198,0.03551700957108816,0.03859491681493249,0.05882944661636218,0.051639578196981735,0.04431325332803812,0.05356252191421761,0.0742145372915012,0.07544124420969021,0.06278080546465448,0.06024347344718031,0.05143919186656077,0.07004032658459095,0.04883293815726768,0.061526344336775216,0.038825886711675923,0.04488341131850675,0.058587009094519464,0.08196682725178714,0.06343554713264496,0.03428884892772041,0.05324496285146942,0.046701954376489274,0.043821036902303406,0.04818943462271644,0.04470412287529785,0.048106782398729155,0.04352629756155679,0.06238301759332801,0.05372681228752977,0.05534204778395551,0.04603039851469421,0.056065390786338376,0.048872568189038915,0.04180359468625894,0.05649399045274026,0.062160052827640984,0.05927288864177919,0.044433584916600474
Clths,0.03793118008578236,0.03815480274980144,0.036642084150913426,0.026882671164416203,0.030419362581413825,0.04296644440667195,0.057265526695790284,0.06301466179507545,0.051421145774424123,0.06958226144400316,0.03966907633995234,0.03838029867990468,0.04133419006989675,0.06277877446068307,0.05515783043208896,0.04738375028752978,0.05768261637331215,0.08510397504527402,0.08158390196346306,0.0697473358856235,0.06569514276886418,0.055830518246227166,0.07574430701032564,0.053629810856235104,0.06754348081334391,0.0423502013582208,0.04499906239078634,0.06170321773312152,0.09119430015726766,0.06763162832724386,0.037491071974583,0.05778875643685465,0.051727811552025424,0.04765299379507545,0.05269321588085781,0.04926146907386816,0.052374931876092136,0.0474424287164416,0.06827881202382845,0.05903307718030183,0.061082923291501195,0.05037500830341541,0.06492739212073073,0.055454907782366954,0.04356571087688642,0.06260552876568702,0.06672156275933282,0.06502440213502782,0.048439345491660055
Hlth ,0.030093506586179507,0.029441151872915006,0.030048041988880062,0.019761736095313738,0.024236239650516276,0.032812488349483714,0.04165267494837173,0.04563747590150914,0.03660877890389198,0.03966907633995234,0.03898245176171565,0.032434739405877676,0.03544719017633042,0.04785299909769659,0.04072915137092932,0.03422983346147735,0.04232024986179507,0.05815559101509134,0.06087180448610008,0.051865323240667185,0.048939295777601276,0.041741869045274035,0.05502135137728355,0.039435057436060364,0.04840138044162033,0.033830278252581406,0.03706671132644956,0.04755328345035741,0.06823321769023033,0.05443278415885623,0.030014722497220016,0.04388794841620334,0.039484615930103245,0.03634963980301827,0.0399654282573471,0.03713261939316918,0.03984185277839554,0.03671293666084194,0.050457330319301025,0.04477842637013503,0.04371025952025417,0.03818480252263701,0.0437266227799841,0.038048785347100864,0.0318341567720413,0.04688520840667195,0.049188449575853846,0.04667927290865766,0.03681210822557585
MedEq,0.03076043848133438,0.028366762495631446,0.030167178511517075,0.019432861728355837,0.023342114733915804,0.031763976956314534,0.04097331087370929,0.04365979466243049,0.03551700957108816,0.03838029867990468,0.032434739405877676,0.03647098989515489,0.03633678358856234,0.047126109361397946,0.039292648637013504,0.033320382535345514,0.04158871333915804,0.05722168703891977,0.060371366109610795,0.050169935980937226,0.04803544780460683,0.04193848393328038,0.05241540410325655,0.03870637028435266,0.047605580702144545,0.033530154050834,0.03615847096902304,0.04890837963939635,0.07010577208737094,0.05362891823987292,0.029123536629070686,0.04318467233836378,0.03813400414932486,0.03600205088800635,0.039767576262112796,0.0373399145067514,0.04015661378236695,0.03673643942335186,0.04826673847339158,0.04188404401111993,0.042573265181890384,0.037453034578236705,0.04250689852263701,0.0368848086878475,0.031067060900714854,0.04470087653375694,0.047206260233518656,0.04616534529626687,0.03616481847021445
Drugs,0.03305149957744241,0.03175344270214456,0.032872861386814924,0.020710415437648927,0.026452275798252576,0.03663498890230341,0.04538917637013503,0.047571283558379654,0.03859491681493249,0.04133419006989675,0.03544719017633042,0.03633678358856234,0.04773254655917394,0.052693802149324856,0.04338255521366163,0.035061975736298656,0.04523784237807785,0.06353515485464653,0.06623197154249404,0.05517083466243049,0.052927247852263694,0.04645930366322478,0.05792450550119142,0.04291877288959492,0.05156552913741065,0.03825146552025418,0.04178834571088165,0.054619920814932485,0.0747881180921366,0.058511177556791104,0.03227561716918188,0.04842915874027006,0.041188267501191415,0.040327494319301035,0.04484751044797459,0.04173023320413025,0.04527261041461478,0.040927832449563134,0.05357231329467833,0.04667928126290707,0.04756560745353455,0.04113087430818109,0.04685972625893566,0.04077762563780778,0.03374964318824464,0.048902577026211286,0.05136879664336775,0.05093096019698173,0.039465313577442415
Chems,0.04844929783637808,0.04475112293407466,0.04605764336934074,0.030752945744241467,0.03715174364575059,0.05081929324543288,0.06557290480540112,0.07184356962668782,0.05882944661636218,0.06277877446068307,0.04785299909769659,0.047126109361397946,0.052693802149324856,0.08858796964416203,0.06564464198411438,0.05288036597617156,0.06776536152343128,0.09532994132962665,0.10477319441143762,0.08557176266878476,0.08111278259094518,0.06792398677045272,0.08873510619698172,0.06414317702621129,0.07870504788562352,0.05274574741064336,0.07177456726767274,0.08731192646703732,0.1269015889324861,0.09489168064177919,0.04846648688800635,0.06955914374741859,0.058924057258141385,0.0563297656838761,0.0630347168689436,0.059748426551231144,0.06406427042414614,0.05697914279428117,0.0792362849451946,0.07191509795869737,0.06997692985544081,0.06070510633677522,0.06879200460683083,0.060448967645750584,0.050275512992851455,0.07286612083558379,0.07705348223828437,0.0753811946115965,0.05725341518506751
Rubbr,0.039518280019062754,0.03941348411914218,0.03947993420015886,0.02562436526449563,0.031461329046862586,0.0435051762700556,0.05556804274027006,0.06397738179507545,0.051639578196981735,0.05515783043208896,0.04072915137092932,0.039292648637013504,0.04338255521366163,0.06564464198411438,0.07654943150278,0.04719571227640986,0.05816714166957904,0.0776361970341541,0.08438077985385227,0.07101831145353456,0.06750245067355043,0.05769751994916601,0.07619283022875296,0.05518744839078634,0.06788584514058776,0.04429707285941222,0.04581504845909451,0.06348138844956314,0.09229309424463858,0.07321088869896743,0.04019134202382844,0.05907926467196186,0.05172676018427321,0.048435244165210466,0.05353640328991262,0.04992922132803813,0.0530815045401112,0.04831612869102461,0.06923404226687847,0.06089854229547259,0.06065299993010326,0.051436534489277194,0.05972246945194598,0.05125977545194598,0.04471078626052423,0.06315995589197777,0.06684486031930104,0.06393204211596507,0.04929966541858617
Txtls,0.035085613337569495,0.03153957447815727,0.030864512028594113,0.02064330441938046,0.02567041898332009,0.03637938159809373,0.049210549308975365,0.05690003768069896,0.04431325332803812,0.04738375028752978,0.03422983346147735,0.033320382535345514,0.035061975736298656,0.05288036597617156,0.04719571227640986,0.07329412277045273,0.050583054071485306,0.06948685384273233,0.07073165071326448,0.05739315869737888,0.055573261830023826,0.04563894262748213,0.06337366176648132,0.04375281680063542,0.05749940881334392,0.03658150915011914,0.040940292120730734,0.05514653607942812,0.07722882920730736,0.06117456782843525,0.03125714988403494,0.04827629890071485,0.04326933167275615,0.03918171471961874,0.0429424789483717,0.040589785080222394,0.0428820415313741,0.03985054496902303,0.06046546056552819,0.04893881431294678,0.05103183686735505,0.042496750560762506,0.05061804482922954,0.045316550891183485,0.0372399656203336,0.05243672122637014,0.059035434500397145,0.052340846220810165,0.03992065432565527
BldMt,0.04327378715170771,0.04020532070373312,0.03964682393804607,0.026286062420969026,0.03210716518665608,0.04660099155202541,0.06062151872120731,0.0657140915647339,0.05356252191421761,0.05768261637331215,0.04232024986179507,0.04158871333915804,0.04523784237807785,0.06776536152343128,0.05816714166957904,0.050583054071485306,0.06797074187609216,0.08723800308657663,0.09075696803494837,0.07543306894360605,0.07134462101509136,0.060306574627482123,0.07917480730579823,0.057433160130262104,0.07112857702303414,0.046504794305003976,0.05455697063542494,0.07283217813979347,0.10483771414932486,0.0797981729880858,0.041292103644162026,0.06096503831771246,0.05468410528355837,0.050517836444797466,0.05592702132009532,0.05116459321048449,0.05558431432565528,0.050315237142176346,0.07172658719142175,0.06337148023034155,0.0632434472692613,0.05355004602223988,0.06345675917394758,0.054578559264495626,0.046187106085782366,0.0650213203081811,0.07159160371882446,0.06802287681016682,0.05144447865131055
Cnstr,0.061607212511517066,0.05491719221445593,0.053663079772835603,0.03588187152025417,0.04072653506751389,0.0628827021223193,0.0831973776250993,0.09032316168387608,0.0742145372915012,0.08510397504527402,0.05815559101509134,0.05722168703891977,0.06353515485464653,0.09532994132962665,0.0776361970341541,0.06948685384273233,0.08723800308657663,0.18483217553455122,0.12843296926767275,0.10521087812549643,0.09873185518189037,0.0838134298395552,0.111058129796664,0.07734528820651308,0.09768668261795078,0.06273009463860205,0.0878729603415409,0.1051921760555997,0.1520359738856235,0.11267707597776011,0.05620909901826845,0.08408534928196983,0.07496808541382051,0.07087870777760127,0.07731520424622716,0.0725788979793487,0.07860043117394756,0.06963660462748213,0.10038178154249404,0.0874028789912629,0.08785600411119937,0.07357824648610006,0.0906506447339158,0.07743939113741065,0.0667095212279587,0.0982870899793487,0.09830315442891183,0.09526486690389198,0.07283894345194598
Steel,0.06409651332168388,0.05847865873550436,0.058447830725973,0.039246968343129476,0.04677632671961875,0.06549992854011119,0.08459568725972995,0.0919443645115171,0.07544124420969021,0.08158390196346306,0.06087180448610008,0.060371366109610795,0.06623197154249404,0.10477319441143762,0.08438077985385227,0.07073165071326448,0.09075696803494837,0.12843296926767275,0.15535541992692617,0.11671042160444799,0.1084679143796664,0.08945037871961872,0.11338445096425734,0.08472990973153298,0.1046385424432089,0.06913941749007148,0.10661320640190626,0.12623035835107224,0.18739392467990468,0.1344630004257347,0.062415506293884024,0.08817358585861794,0.07551163013185067,0.07281843440190626,0.08259685149801428,0.07511548141064336,0.08266873325496428,0.07391201940905479,0.10134816220174739,0.09475030781572676,0.0911833952787927,0.07988326820969022,0.08788282849880856,0.07744447632406672,0.06233809635901509,0.09263038276727562,0.0997465847466243,0.09682645892930897,0.07550835519936458
FabPr,0.05682680406671962,0.049328034090548055,0.04847012806989674,0.03253662271644162,0.03963559424940429,0.056144761048451154,0.0713686995393169,0.07721863320095314,0.06278080546465448,0.0697473358856235,0.051865323240667185,0.050169935980937226,0.05517083466243049,0.08557176266878476,0.07101831145353456,0.05739315869737888,0.07543306894360605,0.10521087812549643,0.11671042160444799,0.13487625092930894,0.09018178284352657,0.07583458017474186,0.097133466624305,0.07214942802223985,0.08750399532962669,0.055930242795869736,0.07838191472597301,0.09537023323272438,0.14583790951548847,0.10644434535345514,0.05129201194598887,0.07381309982525815,0.06410616791104051,0.061267343447180295,0.07001784400317712,0.0637723615567911,0.06878422322478157,0.06184880749801428,0.08585856600476569,0.07817024359015091,0.07599018223987292,0.0667913758856235,0.07506076803812547,0.06536194169976171,0.0545942896584591,0.07798544406671959,0.0846106581731533,0.08259186509928516,0.06395032022239872
Mach ,0.0513477424432089,0.046399461536139774,0.04556258514853056,0.030986197753772832,0.03834897552819699,0.052073580171564715,0.0668708022319301,0.0754494738681493,0.06024347344718031,0.06569514276886418,0.048939295777601276,0.04803544780460683,0.052927247852263694,0.08111278259094518,0.06750245067355043,0.055573261830023826,0.07134462101509136,0.09873185518189037,0.1084679143796664,0.09018178284352657,0.08852305209054807,0.07042726638919779,0.09062938278157266,0.0668594316409849,0.08270278993486893,0.05465653503574266,0.07252184985702938,0.08926460095472596,0.13249472464336776,0.10011399501826847,0.04892324784114377,0.07073430697220014,0.06096866262748213,0.05851683186338364,0.06612607364416204,0.060845844819698174,0.06638092634154091,0.0595801251135822,0.08173973290389198,0.07282543913423352,0.07153385570135028,0.0624435146449563,0.07101796880063543,0.061705223166004776,0.05146419523272439,0.07428153579984116,0.08025869667831614,0.07815908662112787,0.05935787772676726
ElcEq,0.042112001200953125,0.039795350189038924,0.039464062862589355,0.025611257016679906,0.03319256819698174,0.04591438941382048,0.057553579888800645,0.06277301274027006,0.05143919186656077,0.055830518246227166,0.041741869045274035,0.04193848393328038,0.04645930366322478,0.06792398677045272,0.05769751994916601,0.04563894262748213,0.060306574627482123,0.0838134298395552,0.08945037871961872,0.07583458017474186,0.07042726638919779,0.068234165121525,0.07621509590468625,0.05672869997776011,0.06890057326131849,0.04797890938840349,0.0540494299285147,0.07223273619062749,0.10634930941382052,0.08064037567593328,0.040648352108022236,0.06096592414297059,0.0524310862398729,0.05020226115329627,0.05674647470691024,0.052726607224781556,0.05732150917235901,0.051039408400317704,0.0687448592787927,0.061119899634630666,0.06114555515170771,0.05281253164098491,0.06020758868943605,0.05187512237648928,0.04451411114853058,0.06346205644479745,0.06752299060841935,0.06641563535504369,0.0512266970420969
Autos,0.051921312514694194,0.051835662695790305,0.04913063336139794,0.03468563381413821,0.04053761840349483,0.06010370071167592,0.07892484936457504,0.08819168587768071,0.07004032658459095,0.07574430701032564,0.05502135137728355,0.05241540410325655,0.05792450550119142,0.08873510619698172,0.07619283022875296,0.06337366176648132,0.07917480730579823,0.111058129796664,0.11338445096425734,0.097133466624305,0.09062938278157266,0.07621509590468625,0.11984675731691818,0.07320346773312152,0.09257093322319299,0.06012394467831612,0.0697300868864178,0.08782410784908655,0.12867526261000795,0.09770768667831613,0.051023460676727576,0.07975600004606831,0.07020466278633836,0.06484204301509135,0.0716973348514694,0.0664842108562351,0.07162712513423351,0.06535496160285939,0.09682666823351863,0.08148768436060363,0.08239541512946782,0.06893182681334391,0.08231637378872117,0.07276275427005562,0.06046226527243846,0.08483923263860205,0.08939495439078636,0.08720462361874501,0.06697531631294677
Aero ,0.04045919012549643,0.03821210298014298,0.03881444114058776,0.027224696501985696,0.0316889037807784,0.042459306090548064,0.05418121138999207,0.06023115564733915,0.04883293815726768,0.053629810856235104,0.039435057436060364,0.03870637028435266,0.04291877288959492,0.06414317702621129,0.05518744839078634,0.04375281680063542,0.057433160130262104,0.07734528820651308,0.08472990973153298,0.07214942802223985,0.0668594316409849,0.05672869997776011,0.07320346773312152,0.07390415803653694,0.06574269657188243,0.046891389817315325,0.04997715512311358,0.06679558411119936,0.09744913066560759,0.07307949342652899,0.040529754071485305,0.056971336746624295,0.04973523480857822,0.04707341179348691,0.05288947174265289,0.048615074935663236,0.05291635545035742,0.04752828054328832,0.06615125136457506,0.05926353097696583,0.05967223445909451,0.05095680702462272,0.05891695548848293,0.051043819053216845,0.0417988508054011,0.06148322152184272,0.06368827936775218,0.06412105252422556,0.04760571171088165
Ships,0.04992949288641778,0.04669832623987291,0.046633306980142966,0.029473713302621128,0.036902528959491664,0.05214255233042098,0.06786326535345512,0.07765402227164418,0.061526344336775216,0.06754348081334391,0.04840138044162033,0.047605580702144545,0.05156552913741065,0.07870504788562352,0.06788584514058776,0.05749940881334392,0.07112857702303414,0.09768668261795078,0.1046385424432089,0.08750399532962669,0.08270278993486893,0.06890057326131849,0.09257093322319299,0.06574269657188243,0.10761476202700555,0.05407712330420968,0.06480745629864972,0.08363518602700556,0.12097883820810164,0.09182721756314534,0.04686728839396346,0.0699444153073868,0.06253534442573472,0.05790757288641777,0.06435788927084986,0.05912202020015886,0.0635713237934869,0.05766470569658459,0.08309292287847497,0.07210572038125498,0.07485873031930103,0.062242453115170765,0.07334547736298648,0.06409606047974582,0.05284170887370928,0.0750794047720413,0.08142800174106435,0.07763120446703732,0.059739427444003165
Guns ,0.033805601525019845,0.032391386203335974,0.03005417741858618,0.0207783426370135,0.028043828633836376,0.03614205234312947,0.04544002407466243,0.04881536133439238,0.038825886711675923,0.0423502013582208,0.033830278252581406,0.033530154050834,0.03825146552025418,0.05274574741064336,0.04429707285941222,0.03658150915011914,0.046504794305003976,0.06273009463860205,0.06913941749007148,0.055930242795869736,0.05465653503574266,0.04797890938840349,0.06012394467831612,0.046891389817315325,0.05407712330420968,0.07791898680698967,0.04223979150913422,0.056115775146942014,0.08120023298649721,0.06062917979348689,0.03262600209690229,0.04930072661636218,0.04198556054011119,0.04010473914217632,0.044561021993645755,0.041239286465448756,0.04473533410643367,0.040092837402700546,0.055254264471803004,0.04916821929308975,0.049194924352660846,0.04155218089753773,0.047012565115170775,0.04131248582208102,0.03458530285146942,0.049471006179507546,0.05253469217633044,0.052277839682287525,0.03928465613185066
Gold ,0.03972313502779984,0.03390921359015091,0.03332092426528991,0.025909595726767272,0.03021115111199364,0.03995738190627482,0.049960115639396334,0.048186118888006356,0.04488341131850675,0.04499906239078634,0.03706671132644956,0.03615847096902304,0.04178834571088165,0.07177456726767274,0.04581504845909451,0.040940292120730734,0.05455697063542494,0.0878729603415409,0.10661320640190626,0.07838191472597301,0.07252184985702938,0.0540494299285147,0.0697300868864178,0.04997715512311358,0.06480745629864972,0.04223979150913422,0.2731918328752978,0.12852963141382046,0.16172034240667194,0.11340309404289116,0.04356732902303415,0.05338032105639396,0.040744175313741075,0.04364900700555996,0.048939232573471006,0.04588197475774423,0.05170655844320888,0.04526971060365369,0.06257047813343924,0.05816320035742651,0.046300893788721195,0.04883209803812548,0.04621360969023034,0.04252643517871326,0.03029609281175535,0.05235243045274027,0.05645517309769657,0.05796485718824463,0.04498313673550437
Mines,0.05374528122001588,0.04565131559491661,0.04711722052581414,0.030465677531374104,0.036327466568705315,0.05085747932962669,0.06835239630659252,0.06852679637807783,0.058587009094519464,0.06170321773312152,0.04755328345035741,0.04890837963939635,0.054619920814932485,0.08731192646703732,0.06348138844956314,0.05514653607942812,0.07283217813979347,0.1051921760555997,0.12623035835107224,0.09537023323272438,0.08926460095472596,0.07223273619062749,0.08782410784908655,0.06679558411119936,0.08363518602700556,0.056115775146942014,0.12852963141382046,0.14301291337728356,0.17256008583478952,0.12379684346942019,0.05087556574424146,0.06963421644003177,0.0566797513963463,0.05848556374583003,0.06516135845750594,0.05955325053852262,0.0666248975567911,0.05923710349324861,0.07964355550913421,0.07539938548848292,0.06922230561397935,0.06405055412073074,0.06713577725178713,0.06045159928991263,0.046974938600476565,0.06979942761874502,0.07461583026052424,0.0771032379793487,0.060536397393169177
Coal ,0.07810191816362193,0.06654599040667193,0.06539209544559173,0.04245707268943606,0.0542511506830818,0.0703796995615568,0.09460663298649721,0.10258801934868943,0.08196682725178714,0.09119430015726766,0.06823321769023033,0.07010577208737094,0.0747881180921366,0.1269015889324861,0.09229309424463858,0.07722882920730736,0.10483771414932486,0.1520359738856235,0.18739392467990468,0.14583790951548847,0.13249472464336776,0.10634930941382052,0.12867526261000795,0.09744913066560759,0.12097883820810164,0.08120023298649721,0.16172034240667194,0.17256008583478952,0.32760185934710084,0.19947267290230342,0.07896605707386815,0.10017036518983319,0.08306109190150911,0.08247808088006353,0.09318792271167593,0.08390100578554409,0.0926744706528991,0.08338167140111198,0.1153090115313741,0.10817980034154093,0.09773111906592534,0.09239300511040507,0.09538429382049247,0.08393518709928513,0.0663877910516283,0.10305469346783162,0.11063421726290709,0.10839546694837171,0.08702649254487686
Oil  ,0.059030590868943605,0.05074842749483717,0.050981919148530584,0.03435986230976966,0.04353510735504369,0.0581244549833201,0.07205773251787133,0.07907737235901512,0.06343554713264496,0.06763162832724386,0.05443278415885623,0.05362891823987292,0.058511177556791104,0.09489168064177919,0.07321088869896743,0.06117456782843525,0.0797981729880858,0.11267707597776011,0.1344630004257347,0.10644434535345514,0.10011399501826847,0.08064037567593328,0.09770768667831613,0.07307949342652899,0.09182721756314534,0.06062917979348689,0.11340309404289116,0.12379684346942019,0.19947267290230342,0.16163004952501983,0.0630125776711676,0.07765918458459097,0.06450136809531375,0.06323847020174742,0.0709665693661636,0.06417026429864973,0.07116962374583001,0.06398722823828433,0.08909382683399523,0.08166367895154884,0.07288426995393166,0.0698558921938046,0.07087429655281971,0.06283061638125498,0.053069464076251,0.08109368867990467,0.08954611735663222,0.08283905234630659,0.06666181206671962
Util ,0.030341174786338364,0.029071147628276412,0.03137333355996823,0.022334842376489278,0.027957821191421765,0.031409883189833204,0.037793242859412234,0.04233881467831613,0.03428884892772041,0.037491071974583,0.030014722497220016,0.029123536629070686,0.03227561716918188,0.04846648688800635,0.04019134202382844,0.03125714988403494,0.041292103644162026,0.05620909901826845,0.062415506293884024,0.05129201194598887,0.04892324784114377,0.040648352108022236,0.051023460676727576,0.040529754071485305,0.04686728839396346,0.03262600209690229,0.04356732902303415,0.05087556574424146,0.07896605707386815,0.0630125776711676,0.041335400629070686,0.042774233048451155,0.036607149426528984,0.034160413483717234,0.03763223276250993,0.03549951657505956,0.03721227951072279,0.03347383800476567,0.04831674355520254,0.045694534392374905,0.041155958926131844,0.03661490691660048,0.04111869833200953,0.034386808940428906,0.030356990093725177,0.04742059325814138,0.04682773433518666,0.045873693960285934,0.035762164136616356
Telcm,0.04331341723907863,0.041477232649721994,0.04288075875933281,0.02810804065766481,0.03395381152501984,0.04805186268784748,0.06173333999205718,0.06906002309769659,0.05324496285146942,0.05778875643685465,0.04388794841620334,0.04318467233836378,0.04842915874027006,0.06955914374741859,0.05907926467196186,0.04827629890071485,0.06096503831771246,0.08408534928196983,0.08817358585861794,0.07381309982525815,0.07073430697220014,0.06096592414297059,0.07975600004606831,0.056971336746624295,0.0699444153073868,0.04930072661636218,0.05338032105639396,0.06963421644003177,0.10017036518983319,0.07765918458459097,0.042774233048451155,0.07100368738840349,0.05569356711040508,0.051789331599682284,0.05855703842891182,0.0543829937505957,0.05816325135504367,0.05137252287688643,0.0730468452533757,0.06223342121525019,0.06351449085941223,0.0539682940127085,0.06448232400317713,0.05583778237807782,0.04711589682446386,0.0678658409118348,0.07156442819857028,0.06997453708022239,0.05215511097855441
PerSv,0.03718499963780778,0.036948991529785535,0.037322955526608415,0.025352262309769655,0.030667509960285944,0.03987230975694998,0.054803860460683085,0.061258882827641,0.046701954376489274,0.051727811552025424,0.039484615930103245,0.03813400414932486,0.041188267501191415,0.058924057258141385,0.05172676018427321,0.04326933167275615,0.05468410528355837,0.07496808541382051,0.07551163013185067,0.06410616791104051,0.06096866262748213,0.0524310862398729,0.07020466278633836,0.04973523480857822,0.06253534442573472,0.04198556054011119,0.040744175313741075,0.0566797513963463,0.08306109190150911,0.06450136809531375,0.036607149426528984,0.05569356711040508,0.06127410544241461,0.04565347598411438,0.0501288166417792,0.046658238881652096,0.049091744635424935,0.04463576841302621,0.06519576507069103,0.05536173521842732,0.05595460761874503,0.047535395704527396,0.058014465893566326,0.05003054651628276,0.041854039358220796,0.05985592750436853,0.06510964151866559,0.06146863503097696,0.04505718286894359
BusSv,0.03505928359650517,0.03427697497378872,0.034259681362986495,0.022361479694996033,0.026546039698173155,0.03809596000635424,0.04959072992851468,0.05506168845115171,0.043821036902303406,0.04765299379507545,0.03634963980301827,0.03600205088800635,0.040327494319301035,0.0563297656838761,0.048435244165210466,0.03918171471961874,0.050517836444797466,0.07087870777760127,0.07281843440190626,0.061267343447180295,0.05851683186338364,0.05020226115329627,0.06484204301509135,0.04707341179348691,0.05790757288641777,0.04010473914217632,0.04364900700555996,0.05848556374583003,0.08247808088006353,0.06323847020174742,0.034160413483717234,0.051789331599682284,0.04565347598411438,0.04568295180937252,0.047885499224781566,0.04482987525337567,0.048190723393169176,0.04336737156791103,0.05863259884670373,0.05220001011914217,0.05212499191739477,0.04488814395869737,0.05257767787132644,0.04554528291342334,0.03756214189356631,0.054251433340746634,0.05727347758856235,0.05661111759173948,0.042984753617156465
Hardw,0.04020802073391581,0.03688643268149325,0.038881473104050844,0.02528338019698173,0.031145725647339154,0.04367784829547259,0.05528906186656076,0.0600731145353455,0.04818943462271644,0.05269321588085781,0.0399654282573471,0.039767576262112796,0.04484751044797459,0.0630347168689436,0.05353640328991262,0.0429424789483717,0.05592702132009532,0.07731520424622716,0.08259685149801428,0.07001784400317712,0.06612607364416204,0.05674647470691024,0.0716973348514694,0.05288947174265289,0.06435788927084986,0.044561021993645755,0.048939232573471006,0.06516135845750594,0.09318792271167593,0.0709665693661636,0.03763223276250993,0.05855703842891182,0.0501288166417792,0.047885499224781566,0.06152765167752184,0.051483079469420163,0.056970059615567926,0.049421037221604444,0.06486307047974585,0.058534303788721216,0.05775423379825258,0.04998520769023034,0.05868951586973788,0.0510046483669579,0.04124593631612391,0.05937346979189832,0.06197456405242256,0.06351718019380459,0.0480744763796664
Softw,0.03690721158379666,0.03471273699444003,0.03576182251628276,0.024454420181096104,0.028401925512311355,0.03966858794598886,0.050387947084988075,0.0562396041938046,0.04470412287529785,0.04926146907386816,0.03713261939316918,0.0373399145067514,0.04173023320413025,0.059748426551231144,0.04992922132803813,0.040589785080222394,0.05116459321048449,0.0725788979793487,0.07511548141064336,0.0637723615567911,0.060845844819698174,0.052726607224781556,0.0664842108562351,0.048615074935663236,0.05912202020015886,0.041239286465448756,0.04588197475774423,0.05955325053852262,0.08390100578554409,0.06417026429864973,0.03549951657505956,0.0543829937505957,0.046658238881652096,0.04482987525337567,0.051483079469420163,0.05064167770611597,0.052091174500397144,0.04541061732486099,0.06065547657188245,0.05346766597299444,0.05397585899285145,0.04647033980301825,0.05443630986497221,0.046773775952343125,0.038863636514694204,0.05570223530420969,0.058680670541699745,0.059245929645750574,0.04398670895313741
Chips,0.040128322821286734,0.036781721245432886,0.03809729866878475,0.02516682918506751,0.030082774519459884,0.0437535567847498,0.055233575822081,0.05894989121525019,0.048106782398729155,0.052374931876092136,0.03984185277839554,0.04015661378236695,0.04527261041461478,0.06406427042414614,0.0530815045401112,0.0428820415313741,0.05558431432565528,0.07860043117394756,0.08266873325496428,0.06878422322478157,0.06638092634154091,0.05732150917235901,0.07162712513423351,0.05291635545035742,0.0635713237934869,0.04473533410643367,0.05170655844320888,0.0666248975567911,0.0926744706528991,0.07116962374583001,0.03721227951072279,0.05816325135504367,0.049091744635424935,0.048190723393169176,0.056970059615567926,0.052091174500397144,0.060935162738681485,0.05041613936139793,0.064330709223193,0.05804186328832406,0.057680557629864966,0.05011719152978555,0.057716319046862585,0.0502031915107228,0.040761271974583006,0.05817034372041303,0.061884110354249414,0.06269669715011914,0.04735802600158858
LabEq,0.035737988263701344,0.03339201679586975,0.03363487516918189,0.02302164227799841,0.026634123741064337,0.039425541702938834,0.0490586444559174,0.05346570071485306,0.04352629756155679,0.0474424287164416,0.03671293666084194,0.03673643942335186,0.040927832449563134,0.05697914279428117,0.04831612869102461,0.03985054496902303,0.050315237142176346,0.06963660462748213,0.07391201940905479,0.06184880749801428,0.0595801251135822,0.051039408400317704,0.06535496160285939,0.04752828054328832,0.05766470569658459,0.040092837402700546,0.04526971060365369,0.05923710349324861,0.08338167140111198,0.06398722823828433,0.03347383800476567,0.05137252287688643,0.04463576841302621,0.04336737156791103,0.049421037221604444,0.04541061732486099,0.05041613936139793,0.04927895054964257,0.0590948867466243,0.0518825966878475,0.05216496425099285,0.04526107761874504,0.05174750077839556,0.04534540055123113,0.03710649606195392,0.053068483072279585,0.05628971550595712,0.05631293520571883,0.04302222332168387
Paper,0.05093428559809372,0.04758186027164416,0.04469667870214457,0.03152634017156473,0.03942965797458299,0.054213885073868144,0.07118796092930897,0.07936634640190628,0.06238301759332801,0.06827881202382845,0.050457330319301025,0.04826673847339158,0.05357231329467833,0.0792362849451946,0.06923404226687847,0.06046546056552819,0.07172658719142175,0.10038178154249404,0.10134816220174739,0.08585856600476569,0.08173973290389198,0.0687448592787927,0.09682666823351863,0.06615125136457506,0.08309292287847497,0.055254264471803004,0.06257047813343924,0.07964355550913421,0.1153090115313741,0.08909382683399523,0.04831674355520254,0.0730468452533757,0.06519576507069103,0.05863259884670373,0.06486307047974585,0.06065547657188245,0.064330709223193,0.0590948867466243,0.10090753693248605,0.07570389800635427,0.07477094699285146,0.06267414414138205,0.07475908727561559,0.06485498999046865,0.05598106584114376,0.08004863011596507,0.08268036109134233,0.0804690251056394,0.06088447291024622
Boxes,0.04268516390786338,0.04258559895949167,0.04175896504368546,0.026388812279586976,0.03803853949960285,0.047932750929308966,0.06089701830818109,0.06573018535345512,0.05372681228752977,0.05903307718030183,0.04477842637013503,0.04188404401111993,0.04667928126290707,0.07191509795869737,0.06089854229547259,0.04893881431294678,0.06337148023034155,0.0874028789912629,0.09475030781572676,0.07817024359015091,0.07282543913423352,0.061119899634630666,0.08148768436060363,0.05926353097696583,0.07210572038125498,0.04916821929308975,0.05816320035742651,0.07539938548848292,0.10817980034154093,0.08166367895154884,0.045694534392374905,0.06223342121525019,0.05536173521842732,0.05220001011914217,0.058534303788721216,0.05346766597299444,0.05804186328832406,0.0518825966878475,0.07570389800635427,0.08811780377283558,0.06609081712470215,0.055204950762509926,0.06522400819698174,0.05572790140587767,0.04705095077839556,0.06839978435266085,0.06981152227958697,0.07073023377283558,0.05287010456711676
