,Agric,Food ,Soda ,Beer ,Smoke,Toys ,Fun  ,Books,Hshld,Clths,Hlth ,MedEq,Drugs,Chems,Rubbr,Txtls,BldMt,Cnstr,Steel,FabPr,Mach ,ElcEq,Autos,Aero ,Ships,Guns ,Gold ,Mines,Coal ,Oil  ,Util ,Telcm,PerSv,BusSv,Hardw,Softw,Chips,LabEq,Paper,Boxes,Trans,Whlsl,Rtail,Meals,Banks,Insur,RlEst,Fin  ,Other
Agric,0.08175047220174742,0.030548772908657658,0.030273132698967434,0.019543708967434473,0.026529430930897536,0.03202486284670372,0.04305828410484511,0.05069112006513106,0.04032289284193805,0.04101693353931691,0.03267009506433677,0.03269069715329627,0.03497850822081015,0.051994047782366944,0.04304826362668785,0.039402921102462275,0.04695231052104845,0.06522037173947577,0.06929412781096106,0.061679094789515485,0.05507293115806195,0.04470961506274821,0.05593997526767276,0.04316708664972201,0.054933582617950755,0.036829026328832414,0.045692074805401106,0.058651586578236686,0.08538347751548848,0.06484621238284351,0.03227780571405878,0.04614959450357425,0.04031320435583797,0.03775088115647339,0.0420210291310564,0.03898307240031771,0.042407146511517085,0.03767263658617951,0.05463191562033361,0.045100435455123114,0.04676993237331215,0.041317931351866545,0.04655371849722,0.040942186022239875,0.034981743949166,0.04838623229706115,0.05264765976806989,0.051921209836378074,0.040104039979348687
Food ,0.030548772908657658,0.03568343808737094,0.030198208425734705,0.020764143304209687,0.02515191978713264,0.03162331449086577,0.04187303924384431,0.0468960726703733,0.03666048092772042,0.04035525594598888,0.031175464397140584,0.029781904921366162,0.033072450976965845,0.0469721645655282,0.04150960625575852,0.03459860772676727,0.0426012877807784,0.05778385111993647,0.06188345811278791,0.05251512041302621,0.049004109585385223,0.04173062626211279,0.05472030549007147,0.04038275328991262,0.04996906171247021,0.033815736400317715,0.0372171008737093,0.0489523272533757,0.07040565540270056,0.05413142517871326,0.030565698875297854,0.04346670570293884,0.039314833950754566,0.036070992292295476,0.03809956433359809,0.036086674910246225,0.038317695177124696,0.03487287514853058,0.05014055297537728,0.04448006712311358,0.04382124040349484,0.03770552993804607,0.04413401319142176,0.03869062599841143,0.03235148406036536,0.04713436477521842,0.0477923590214456,0.047880842814932476,0.03711393995552026
Soda ,0.030273132698967434,0.030198208425734705,0.07128646493407466,0.024392279253375688,0.026504031729944397,0.034150289893566325,0.04085845203494837,0.045193875415409056,0.03666842915965051,0.03855536035266084,0.031179116190627482,0.031127624419380457,0.03363231531374104,0.04787336401270849,0.04117947962192216,0.0325996047593328,0.041374747040508336,0.05564983421763304,0.061215045397934854,0.051190920698967426,0.04766589381413821,0.040972668861000795,0.05147200650357425,0.04080669020492454,0.04944466670691025,0.03205724831771247,0.035885916854646545,0.050222785153296264,0.06946377557426528,0.05465959855440825,0.0324625324511517,0.04424218211278793,0.03895354431771247,0.035697299272438435,0.03931498270373312,0.03654310122954726,0.038962787078633834,0.034463117734710086,0.046736184752978555,0.04295085491024623,0.04321093195552025,0.038353773159650516,0.04414083119301032,0.038128880625893556,0.03128171587609214,0.0461881244384432,0.04809822950913423,0.047992317725178715,0.03523558754249405
Beer ,0.019543708967434473,0.020764143304209687,0.024392279253375688,0.04767822715647339,0.01790427430500397,0.025064888212867363,0.028106028403494833,0.031210593971405888,0.02472011301032566,0.028696675798252594,0.020989907315329633,0.0203698333121525,0.021474552795869736,0.033208864424146146,0.027097074733915802,0.022503843764892766,0.028250616465448766,0.037851409070691025,0.04248636512311358,0.03533305917394758,0.033370926703733116,0.027435716298649715,0.03763462563145354,0.02933353701350278,0.032482436679904685,0.022571875758538515,0.0283760017633042,0.033291390238284355,0.04721053550436856,0.0375752164177919,0.02350676791898332,0.030026479459888795,0.0271438268943606,0.02386681318506751,0.026154078459094513,0.025604735345512313,0.026284854368546468,0.024080911318506745,0.033849920945194595,0.02784710445591739,0.030162814781572674,0.026479210818109604,0.030332568117553624,0.027302881215250194,0.02074034332009531,0.031908853399523436,0.03425853887212073,0.03175377347100873,0.02522863246227165
Smoke,0.026529430930897536,0.02515191978713264,0.026504031729944397,0.01790427430500397,0.07094178606989675,0.027270242004765688,0.032989770840349486,0.03645761973153296,0.028384037083399524,0.03229045385702939,0.025129282387609215,0.024192541251787124,0.027172292811755358,0.03916280206354248,0.032897940386020647,0.027873974287529777,0.03370225250675139,0.04268565180301826,0.04884999488006354,0.04115925644162034,0.040157523437648925,0.03429470020969023,0.042514339429706116,0.03314025770611596,0.038843208861000796,0.02908309991104052,0.03205025043685465,0.038937014092136624,0.0587853960222399,0.04746562645750596,0.02911652171088165,0.035391535313741056,0.031762079653693404,0.027785482872120727,0.031701429925337574,0.02907917263860207,0.03097155616997616,0.02744572818268467,0.04138577166481334,0.03933209845750596,0.03556085780619539,0.02994814285305798,0.03473747271485305,0.028806033011914214,0.02648985359173948,0.03996368678474979,0.03800595069737887,0.039579524085782365,0.029247680964257346
Toys ,0.03202486284670372,0.03162331449086577,0.034150289893566325,0.025064888212867363,0.027270242004765688,0.06594449258776808,0.049786544508339955,0.05232411736616363,0.04220627353137411,0.04629075778554408,0.034360099008737086,0.03284617514853057,0.037380696219221604,0.05381190668467035,0.04602698021604448,0.04106856569976172,0.049266433655281966,0.06640958312946783,0.06894267220651308,0.06012184130262112,0.05530155683558379,0.04800925093566322,0.06395625966957905,0.04547107855758538,0.056355339882446384,0.038029005350277985,0.044207338300238284,0.05435056276727561,0.07557945631771246,0.06268537307386815,0.03316297784590944,0.05040624451151707,0.04272394046703732,0.04022161222557584,0.04496431938999205,0.0406614324892772,0.04522605518347894,0.0408681735694996,0.05804915896108022,0.05007177054487688,0.050139301918983324,0.042856149216838765,0.05036155152978553,0.04425096788244638,0.03690493892295473,0.05299548041620335,0.05821104395234314,0.053987505582208106,0.0431209601175536
Fun  ,0.04305828410484511,0.04187303924384431,0.04085845203494837,0.028106028403494833,0.032989770840349486,0.049786544508339955,0.0779470037426529,0.07175231428752978,0.0559120324638602,0.06155908802541699,0.04428836710405084,0.043407089582208104,0.04786849687053216,0.06951140056552818,0.059327521639396336,0.05448649959650515,0.06441265634948372,0.08846914125496425,0.09070684773312152,0.07669616565528195,0.07171670801588562,0.06076322377760126,0.08440996092772042,0.05784635946624306,0.07372245244162032,0.04858876685623511,0.055466784622716425,0.07423738736139793,0.10277531838602066,0.07870638579825256,0.040288915660047664,0.06533463227958697,0.058756305715647335,0.052833221178713245,0.057614324784749815,0.052793265582208086,0.05809760904845116,0.05177576175377283,0.07586540389515486,0.0641079531310564,0.06615607332168386,0.05520568197617158,0.06796218118506751,0.060348408552819685,0.04827654386656076,0.06771887587609215,0.07377853581572674,0.0710825179793487,0.05535756798729151
Books,0.05069112006513106,0.0468960726703733,0.045193875415409056,0.031210593971405888,0.03645761973153296,0.05232411736616363,0.07175231428752978,0.11442243718983323,0.06567647616203337,0.06969473241143766,0.04968926905957108,0.04735935694678316,0.05176997978554408,0.07851760979984115,0.06990682122795869,0.06483698543923751,0.07211022240349482,0.09831471080222397,0.10019940509451947,0.08513966057188244,0.08263882513741064,0.06769305102779985,0.09756104857982523,0.06556967791262906,0.08658979145035742,0.05428416218268465,0.05385169326449562,0.07495750878633838,0.1134805384845115,0.08781858285146942,0.0462752989785544,0.07556546757744241,0.0669863357934869,0.06021449313423353,0.06381094585861793,0.06008724431453534,0.06352852593963461,0.05756132168546465,0.08748037025099287,0.07107229990309771,0.07397638722637012,0.0620123260460683,0.0772119198316124,0.06772515877839555,0.05721295004924544,0.07917731352025417,0.08731855635266082,0.07962224907386813,0.06112367780301826
Hshld,0.04032289284193805,0.03666048092772042,0.03666842915965051,0.02472011301032566,0.028384037083399524,0.04220627353137411,0.0559120324638602,0.06567647616203337,0.06343894102621127,0.05533169962192216,0.03900149314058777,0.037821895332803813,0.04084899383637807,0.0626207738776807,0.05507574969340746,0.04923915132009531,0.05722061240984908,0.07903456924543287,0.08070737078316124,0.06732089054805401,0.06453827487847497,0.05445231413502782,0.07523040508975376,0.0521878122700556,0.06655024742176331,0.04132674563304208,0.04951107104050833,0.06368163177760126,0.08927493042732328,0.06921400610007941,0.036426010211278795,0.05661300536934074,0.05010869789992056,0.04667312195710881,0.05037457530103256,0.046716567980937256,0.05052393502144559,0.046052424025417,0.06672808176648136,0.05647791252740269,0.058988964632247815,0.04907314516918188,0.05980487240031772,0.05242118615409054,0.04415261115806194,0.059905112794281144,0.06649483398888006,0.06263235108498807,0.04842543524702145
Clths,0.04101693353931691,0.04035525594598888,0.03855536035266084,0.028696675798252594,0.03229045385702939,0.04629075778554408,0.06155908802541699,0.06969473241143766,0.05533169962192216,0.0744767198395552,0.042113230530579825,0.04063861422398728,0.043734763629864976,0.06687611711993646,0.05891038209531374,0.052872073077045285,0.061756113056393974,0.09037989532962667,0.08749760610166796,0.07527508954725974,0.07041976106751391,0.05897857357585387,0.08117845392057187,0.05752464536616361,0.07321434521683874,0.04547409166322478,0.04983923077045273,0.06733823314217631,0.09905153129150117,0.07408224599682287,0.03999837309134233,0.0615123523113582,0.055505350700556,0.050805408806989666,0.054938861722001575,0.05156836770135028,0.05510432466560762,0.050091110346306575,0.0728407276870532,0.06194253465766479,0.06507631027323273,0.05389789041779188,0.06933081058300236,0.059591647010325655,0.04627427696266879,0.06646439930579826,0.07161553523749006,0.06879502684034948,0.0525288883415409
Hlth ,0.03267009506433677,0.031175464397140584,0.031179116190627482,0.020989907315329633,0.025129282387609215,0.034360099008737086,0.04428836710405084,0.04968926905957108,0.03900149314058777,0.042113230530579825,0.040934058679904683,0.033951549029388406,0.03674553262112786,0.05007989078157267,0.04333652589197778,0.03772675498332009,0.044907905463065924,0.061120391501191425,0.06451078259094518,0.05535903515488482,0.05170614298967434,0.043529406332009524,0.05828885557267674,0.041996225223193004,0.05247764952184274,0.03543887920889595,0.03989034482922954,0.05057592772517872,0.07266171499285148,0.0582971341302621,0.031573732868943605,0.04573029887212073,0.042154048428911836,0.03829072051469419,0.041103415208895946,0.03837684023510722,0.04121538769976171,0.03810682901191422,0.05316352886258935,0.04632218355361398,0.04627880361715648,0.04027958223669579,0.046122599367752176,0.04063178750277999,0.0335072964384432,0.04938316477045273,0.05189138314853058,0.049051601455123106,0.03941510257505958
MedEq,0.03269069715329627,0.029781904921366162,0.031127624419380457,0.0203698333121525,0.024192541251787124,0.03284617514853057,0.043407089582208104,0.04735935694678316,0.037821895332803813,0.04063861422398728,0.033951549029388406,0.03864590037172358,0.03738675502779983,0.04916372912152503,0.041672844152502,0.0365206390341541,0.04384556831453536,0.059882904559173944,0.06347155645115168,0.05339740511517078,0.05060315007466243,0.043449190907069106,0.05577623278474981,0.041002841537728346,0.051016274795869745,0.034822883609213665,0.038762854614773634,0.051887591227958677,0.07389168268149328,0.0572933290071485,0.030557168810166794,0.044868782366957904,0.040417409620333605,0.03780840191262906,0.04061653103097698,0.038220189528196974,0.041160079685464646,0.03795162137887211,0.05071617273073869,0.04293825715965051,0.04484762163939634,0.03928835083081811,0.044594812886417805,0.03886472628752978,0.03267518384114376,0.04688004542970611,0.050009352806989676,0.048440696419380466,0.03876667473550437
Drugs,0.03497850822081015,0.033072450976965845,0.03363231531374104,0.021474552795869736,0.027172292811755358,0.037380696219221604,0.04786849687053216,0.05176997978554408,0.04084899383637807,0.043734763629864976,0.03674553262112786,0.03738675502779983,0.049054004249404294,0.054520443693407465,0.04555914254964258,0.03854812875297855,0.04771851633836378,0.06641071191421763,0.06943935710087372,0.0586061618268467,0.05533991656870531,0.04770208179507544,0.0610071278554408,0.045057635027799824,0.054838715790309765,0.03911046505162826,0.043554486052422556,0.05728408505957107,0.07833130770452737,0.06235368455123113,0.033607068776806984,0.050152197331215266,0.043377729769658445,0.04185690576648133,0.04545991429706116,0.04219457375694996,0.04590997098490866,0.0418601058061954,0.05620785691024621,0.04784750771247021,0.04965725301826846,0.04296969393169182,0.04894541256552819,0.043003784487688636,0.03540387831612391,0.05103821001588562,0.05415617709293088,0.053177722541699765,0.0420277968943606
Chems,0.051994047782366944,0.0469721645655282,0.04787336401270849,0.033208864424146146,0.03916280206354248,0.05381190668467035,0.06951140056552818,0.07851760979984115,0.0626207738776807,0.06687611711993646,0.05007989078157267,0.04916372912152503,0.054520443693407465,0.09349604703891977,0.06942005213185067,0.057736417324861,0.07178719592851471,0.10092629872915011,0.11075155344400318,0.0907956662271644,0.08598773749960285,0.07114401813820492,0.09488672126926133,0.06771376030818109,0.0848514862621128,0.05524948957267672,0.0772567942652899,0.09319073420015885,0.13546754999841149,0.10204429190627483,0.05081602397617158,0.07320351405877679,0.06260172924225574,0.059283133998411425,0.0648663613375695,0.061728628123907864,0.06639532905639395,0.059306082826052396,0.08397364407783954,0.07466514171723589,0.07386189623669577,0.06402323045909453,0.07272292534710088,0.06439852433518665,0.052920377607625094,0.07662302986338364,0.08200787459253377,0.07900520531850676,0.06119979126767274
Rubbr,0.04304826362668785,0.04150960625575852,0.04117947962192216,0.027097074733915802,0.032897940386020647,0.04602698021604448,0.059327521639396336,0.06990682122795869,0.05507574969340746,0.05891038209531374,0.04333652589197778,0.041672844152502,0.04555914254964258,0.06942005213185067,0.08002091110246227,0.052102991266084184,0.06184909235742652,0.08216914079428117,0.09010025698332005,0.07554283143764892,0.07196682940746624,0.06054312753931692,0.0812888569229547,0.05840809194281175,0.07329145171405876,0.0465210951898332,0.050219427307386814,0.06856851055281972,0.09958351966322479,0.07904532693407466,0.0424313105814138,0.062144792501985714,0.0552222418522637,0.051305145359809366,0.05561799230182684,0.051958293960285944,0.055539051893566324,0.050714705914217624,0.07332667578872121,0.06358886801747417,0.06418116471326449,0.05450825340428912,0.06324409217156471,0.0546055175266084,0.04713014628752979,0.06664838140270055,0.07078191385544082,0.06725790830182683,0.05311706938999204
Txtls,0.039402921102462275,0.03459860772676727,0.0325996047593328,0.022503843764892766,0.027873974287529777,0.04106856569976172,0.05448649959650515,0.06483698543923751,0.04923915132009531,0.052872073077045285,0.03772675498332009,0.0365206390341541,0.03854812875297855,0.057736417324861,0.052102991266084184,0.08311055052581413,0.05587973067831613,0.07653674516282766,0.07762394118824463,0.06326699418586179,0.06151564542652897,0.04986777033836376,0.07028608412073072,0.0481516698395552,0.06417449139316916,0.040825661089753766,0.046887274694201744,0.06118262143606036,0.08591671838602066,0.06865573310563938,0.03421409778872121,0.05315297003971406,0.047647345239078626,0.04306999464972199,0.04605093590468626,0.043643677210484504,0.04644841745194598,0.043246115542494044,0.06621172781890387,0.05287447292454328,0.05620768089912628,0.04708454005401111,0.05606561314694203,0.05052874941064334,0.04069672407307386,0.057529519005559984,0.06535484612549641,0.05745631813820491,0.04525593057664814
BldMt,0.04695231052104845,0.0426012877807784,0.041374747040508336,0.028250616465448766,0.03370225250675139,0.049266433655281966,0.06441265634948372,0.07211022240349482,0.05722061240984908,0.061756113056393974,0.044907905463065924,0.04384556831453536,0.04771851633836378,0.07178719592851471,0.06184909235742652,0.05587973067831613,0.07309806967275614,0.09293224649722004,0.09687146896108022,0.08072930346306592,0.0760495051818904,0.0634379527974583,0.08455505781254964,0.061143759107227955,0.07700467182525815,0.0491886422907069,0.0600688858935663,0.07782648014773631,0.11231710279269262,0.08596261173153294,0.04354743950913424,0.06473974176330423,0.05816546463224781,0.05373439489118348,0.05800019204765685,0.05349568566799048,0.05825230371247022,0.0529315969070691,0.07631687496266877,0.06624026051945986,0.06732048735027799,0.05692061397617157,0.06764265331532963,0.05840952991739475,0.04899368172835583,0.06899562585067516,0.07588692300555996,0.07187099125655282,0.05538314452899126
Cnstr,0.06522037173947577,0.05778385111993647,0.05564983421763304,0.037851409070691025,0.04268565180301826,0.06640958312946783,0.08846914125496425,0.09831471080222397,0.07903456924543287,0.09037989532962667,0.061120391501191425,0.059882904559173944,0.06641071191421763,0.10092629872915011,0.08216914079428117,0.07653674516282766,0.09293224649722004,0.1928415448768864,0.1364758360127085,0.11136630725972994,0.10498392832406674,0.0881498180460683,0.11800919890389198,0.08229328441620336,0.1053569469737887,0.06610378903891978,0.09466640066719617,0.11248032910246226,0.1620947975853852,0.12085408945194596,0.05872368630659253,0.08903352940428913,0.079434994725973,0.07481517315329625,0.07977026894360602,0.07528567714058779,0.08178370810166802,0.0730763813026211,0.1061034103415409,0.09095142679904686,0.09343519397934869,0.07799830112787928,0.09593404997617155,0.08262985987291503,0.07041656613185067,0.10349034365369339,0.10419888841938045,0.10011123866560759,0.07799521834789516
Steel,0.06929412781096106,0.06188345811278791,0.061215045397934854,0.04248636512311358,0.04884999488006354,0.06894267220651308,0.09070684773312152,0.10019940509451947,0.08070737078316124,0.08749760610166796,0.06451078259094518,0.06347155645115168,0.06943935710087372,0.11075155344400318,0.09010025698332005,0.07762394118824463,0.09687146896108022,0.1364758360127085,0.16494938265131057,0.12462155013502782,0.11564382755837965,0.09426798623351866,0.1216839353089754,0.09014927415726766,0.11349079769023035,0.07256874712946781,0.11496883639396346,0.13493966887529785,0.1997636838633836,0.14445949360603652,0.06573356736934073,0.09325848324066717,0.08110663128514697,0.07736378188403496,0.08589880242414616,0.07860293596822876,0.08668252146624303,0.07773629508657665,0.10763965271008735,0.09865208983796664,0.09702178723272437,0.08509692492772042,0.09361822649404292,0.0830510201223193,0.06618843404606832,0.09783561264019061,0.10610178136298651,0.10244319606671962,0.08188490060206512
FabPr,0.061679094789515485,0.05251512041302621,0.051190920698967426,0.03533305917394758,0.04115925644162034,0.06012184130262112,0.07669616565528195,0.08513966057188244,0.06732089054805401,0.07527508954725974,0.05535903515488482,0.05339740511517078,0.0586061618268467,0.0907956662271644,0.07554283143764892,0.06326699418586179,0.08072930346306592,0.11136630725972994,0.12462155013502782,0.14381964393963464,0.0963111570135028,0.08022429286735505,0.10415281015091342,0.07746191142176333,0.09495923278792692,0.060404692517871325,0.08478176584590945,0.10184042073073868,0.15538060168387607,0.11427818279586972,0.05412955042096901,0.07816301693407464,0.06928199396346306,0.06555427450357425,0.07322896768864179,0.06719284638602063,0.07270537694996028,0.06539893707704526,0.09175152138204924,0.08233370841938047,0.0807789658935663,0.07134864619539316,0.08062039793486894,0.07028689663224784,0.05767386760921365,0.08247430066719619,0.08990011774424148,0.08724296581413818,0.06919480713264496
Mach ,0.05507293115806195,0.049004109585385223,0.04766589381413821,0.033370926703733116,0.040157523437648925,0.05530155683558379,0.07171670801588562,0.08263882513741064,0.06453827487847497,0.07041976106751391,0.05170614298967434,0.05060315007466243,0.05533991656870531,0.08598773749960285,0.07196682940746624,0.06151564542652897,0.0760495051818904,0.10498392832406674,0.11564382755837965,0.0963111570135028,0.09409684126449565,0.07405342317394757,0.09735932562986495,0.07123793055440825,0.08957004694519462,0.05774451846862589,0.07888260241461477,0.09576500877521844,0.14182058745671164,0.1079256392057188,0.051682347685464654,0.07482409521842733,0.06518925046544875,0.06204881523749009,0.06824486734233519,0.0630648974805401,0.06887423011278793,0.06222315285782365,0.08722611518983317,0.07634100027958697,0.07621854760285941,0.06634961150754566,0.07557425803971407,0.06619304000635422,0.054507673111993636,0.07855184785385226,0.08569623497378871,0.0823998338808578,0.06437259391262906
ElcEq,0.04470961506274821,0.04173062626211279,0.040972668861000795,0.027435716298649715,0.03429470020969023,0.04800925093566322,0.06076322377760126,0.06769305102779985,0.05445231413502782,0.05897857357585387,0.043529406332009524,0.043449190907069106,0.04770208179507544,0.07114401813820492,0.06054312753931692,0.04986777033836376,0.0634379527974583,0.0881498180460683,0.09426798623351866,0.08022429286735505,0.07405342317394757,0.07103045268308181,0.08082512308498807,0.0598183521397935,0.07392238035901508,0.05024487162509928,0.05866687059571087,0.07715607838284354,0.11274747083717235,0.08620715334392376,0.0425401089658459,0.06351518538522637,0.055269180911834796,0.05248976561715647,0.05780672472756155,0.05380752036854646,0.058589188368546444,0.05243942529308975,0.07234123073232723,0.06328173769340746,0.06428201181572676,0.0554182042446386,0.06316100201429706,0.05506764740587768,0.046681279161239084,0.0663583749356632,0.0712970970420969,0.06925787215885622,0.0545949896330421
Autos,0.05593997526767276,0.05472030549007147,0.05147200650357425,0.03763462563145354,0.042514339429706116,0.06395625966957905,0.08440996092772042,0.09756104857982523,0.07523040508975376,0.08117845392057187,0.05828885557267674,0.05577623278474981,0.0610071278554408,0.09488672126926133,0.0812888569229547,0.07028608412073072,0.08455505781254964,0.11800919890389198,0.1216839353089754,0.10415281015091342,0.09735932562986495,0.08082512308498807,0.129576038969023,0.07766600617315328,0.10027423122795869,0.0634820220714853,0.07740347471008739,0.09532181393328037,0.13959528558538525,0.10662704609213663,0.054320011782366964,0.0849238006036537,0.07527730681810958,0.0690332577092931,0.07479962013979348,0.06955690947736297,0.07541579972835581,0.06881645088324065,0.10316529360285939,0.08557737508975374,0.08763470126926132,0.07345089427482128,0.08770172729785544,0.07790372333756948,0.06379180981096108,0.08954884344876886,0.0956355166703733,0.09206833669896745,0.07281861116282765
Aero ,0.04316708664972201,0.04038275328991262,0.04080669020492454,0.02933353701350278,0.03314025770611596,0.04547107855758538,0.05784635946624306,0.06556967791262906,0.0521878122700556,0.05752464536616361,0.041996225223193004,0.041002841537728346,0.045057635027799824,0.06771376030818109,0.05840809194281175,0.0481516698395552,0.061143759107227955,0.08229328441620336,0.09014927415726766,0.07746191142176333,0.07123793055440825,0.0598183521397935,0.07766600617315328,0.07751519776965846,0.0709664953582208,0.04926894856870531,0.05478728339952343,0.07114802088324067,0.10363787776965844,0.0790826856076251,0.04304274716759333,0.06039534767275614,0.05321938772359013,0.05012795397617157,0.05513641551707705,0.050946003965051626,0.055497992397140594,0.04996533980301827,0.07041937756632248,0.06202143830659251,0.06329736237331215,0.05410894223351867,0.06287831879904686,0.05465526996981731,0.04414060113741063,0.06515213938999206,0.06766806361239076,0.06760206254487688,0.051707922862589364
Ships,0.054933582617950755,0.04996906171247021,0.04944466670691025,0.032482436679904685,0.038843208861000796,0.056355339882446384,0.07372245244162032,0.08658979145035742,0.06655024742176331,0.07321434521683874,0.05247764952184274,0.051016274795869745,0.054838715790309765,0.0848514862621128,0.07329145171405876,0.06417449139316916,0.07700467182525815,0.1053569469737887,0.11349079769023035,0.09495923278792692,0.08957004694519462,0.07392238035901508,0.10027423122795869,0.0709664953582208,0.11657114142017476,0.058376537842732334,0.07285424146147736,0.09145439745512311,0.13284158955996825,0.10066421281969816,0.05042853411596505,0.0749472025099285,0.06788387916759334,0.06263931489118349,0.06787749109451945,0.06294370355520254,0.06790328626211277,0.06143246144241461,0.08967346435901509,0.0764797730293884,0.0804704135059571,0.06721133078316124,0.07957722918506752,0.06952118795552024,0.05684341106910245,0.08096038693884036,0.08754536862907072,0.08300787878633836,0.0656672252359015
Guns ,0.036829026328832414,0.033815736400317715,0.03205724831771247,0.022571875758538515,0.02908309991104052,0.038029005350277985,0.04858876685623511,0.05428416218268465,0.04132674563304208,0.04547409166322478,0.03543887920889595,0.034822883609213665,0.03911046505162826,0.05524948957267672,0.0465210951898332,0.040825661089753766,0.0491886422907069,0.06610378903891978,0.07256874712946781,0.060404692517871325,0.05774451846862589,0.05024487162509928,0.0634820220714853,0.04926894856870531,0.058376537842732334,0.08427968240826053,0.04585037575853851,0.05960771751231136,0.08507970008578236,0.06462269227958696,0.034118489909451946,0.051450208641779197,0.04499545856711676,0.04196405491977758,0.045209798335186666,0.042379141610802216,0.04575553954884829,0.04135749263542494,0.058575839590150905,0.051104616276409845,0.05178579946942016,0.04383466678951549,0.049811447523431286,0.04444272923590149,0.03653462682128673,0.051987242373312155,0.05604998331374106,0.05493781532644957,0.042166682792692596
Gold ,0.045692074805401106,0.0372171008737093,0.035885916854646545,0.0283760017633042,0.03205025043685465,0.044207338300238284,0.055466784622716425,0.05385169326449562,0.04951107104050833,0.04983923077045273,0.03989034482922954,0.038762854614773634,0.043554486052422556,0.0772567942652899,0.050219427307386814,0.046887274694201744,0.0600688858935663,0.09466640066719617,0.11496883639396346,0.08478176584590945,0.07888260241461477,0.05866687059571087,0.07740347471008739,0.05478728339952343,0.07285424146147736,0.04585037575853851,0.2841395630500397,0.1382849569658459,0.17345534046068306,0.12253696821286736,0.045702737934868926,0.05749051097696585,0.04448544841938045,0.04738446532168386,0.05144757032565527,0.049044573725178696,0.05469291661636218,0.04797076735504368,0.06774161561556791,0.062358410214455914,0.052482595059571084,0.053120317553613974,0.05062794389197776,0.04673219680698965,0.033288328705321675,0.05705599127879269,0.06246032057188244,0.06274969207307388,0.050140944638602074
Mines,0.058651586578236686,0.0489523272533757,0.050222785153296264,0.033291390238284355,0.038937014092136624,0.05435056276727561,0.07423738736139793,0.07495750878633838,0.06368163177760126,0.06733823314217631,0.05057592772517872,0.051887591227958677,0.05728408505957107,0.09319073420015885,0.06856851055281972,0.06118262143606036,0.07782648014773631,0.11248032910246226,0.13493966887529785,0.10184042073073868,0.09576500877521844,0.07715607838284354,0.09532181393328037,0.07114802088324067,0.09145439745512311,0.05960771751231136,0.1382849569658459,0.1536746517092931,0.18380876116918185,0.13322649581413815,0.05352361696108023,0.07418566150913422,0.06137918704050834,0.06256594311040509,0.06822106430182684,0.06309371557744241,0.07048880979984114,0.06298007588721206,0.08488160044956317,0.07901589032406672,0.07486431642414614,0.06865474409213661,0.07200569717871326,0.06538624654646547,0.050424042281175516,0.07445171236060363,0.08074274634471805,0.08239872020969022,0.0660526536409849
Coal ,0.08538347751548848,0.07040565540270056,0.06946377557426528,0.04721053550436856,0.0587853960222399,0.07557945631771246,0.10277531838602066,0.1134805384845115,0.08927493042732328,0.09905153129150117,0.07266171499285148,0.07389168268149328,0.07833130770452737,0.13546754999841149,0.09958351966322479,0.08591671838602066,0.11231710279269262,0.1620947975853852,0.1997636838633836,0.15538060168387607,0.14182058745671164,0.11274747083717235,0.13959528558538525,0.10363787776965844,0.13284158955996825,0.08507970008578236,0.17345534046068306,0.18380876116918185,0.3466097269833201,0.21239771434471807,0.08299403166322478,0.10722265566322478,0.08971345485623511,0.08821145160921365,0.09764884566799045,0.0886096378014297,0.09865896407307385,0.08828654995393168,0.12359479699444002,0.11354585423987287,0.10530569058617953,0.09841672142335188,0.1026766836282764,0.09123542321842733,0.07118270448927719,0.10944690417156469,0.11935394793328037,0.1153788246417792,0.09515628831135822
Oil  ,0.06484621238284351,0.05413142517871326,0.05465959855440825,0.0375752164177919,0.04746562645750596,0.06268537307386815,0.07870638579825256,0.08781858285146942,0.06921400610007941,0.07408224599682287,0.0582971341302621,0.0572933290071485,0.06235368455123113,0.10204429190627483,0.07904532693407466,0.06865573310563938,0.08596261173153294,0.12085408945194596,0.14445949360603652,0.11427818279586972,0.1079256392057188,0.08620715334392376,0.10662704609213663,0.0790826856076251,0.10066421281969816,0.06462269227958696,0.12253696821286736,0.13322649581413815,0.21239771434471807,0.1723680686814932,0.06668390853852264,0.08375283647339157,0.06971308611596505,0.06832281096108021,0.07509112243050038,0.06844963475774424,0.07632111616362192,0.06855523020651312,0.09613799907069102,0.08645017778395551,0.07955913468625893,0.07518894419380459,0.07697252976965847,0.0684636576409849,0.05705949680698968,0.08656295862589355,0.09624371612390785,0.08895178347895152,0.07356155478157268
Util ,0.03227780571405878,0.030565698875297854,0.0324625324511517,0.02350676791898332,0.02911652171088165,0.03316297784590944,0.040288915660047664,0.0462752989785544,0.036426010211278795,0.03999837309134233,0.031573732868943605,0.030557168810166794,0.033607068776806984,0.05081602397617158,0.0424313105814138,0.03421409778872121,0.04354743950913424,0.05872368630659253,0.06573356736934073,0.05412955042096901,0.051682347685464654,0.0425401089658459,0.054320011782366964,0.04304274716759333,0.05042853411596505,0.034118489909451946,0.045702737934868926,0.05352361696108023,0.08299403166322478,0.06668390853852264,0.04323126967275615,0.04478046322478159,0.03883773041143765,0.03612349985067514,0.03891331762668784,0.03694789304527403,0.0387581556203336,0.034948199200953135,0.05090517248768863,0.04739648818586179,0.043342261132644964,0.03852818446703733,0.04360857254646544,0.03678658212390786,0.03182748910563939,0.049749080789515475,0.04930442187132644,0.04812323530420968,0.03843553116600477
Telcm,0.04614959450357425,0.04346670570293884,0.04424218211278793,0.030026479459888795,0.035391535313741056,0.05040624451151707,0.06533463227958697,0.07556546757744241,0.05661300536934074,0.0615123523113582,0.04573029887212073,0.044868782366957904,0.050152197331215266,0.07320351405877679,0.062144792501985714,0.05315297003971406,0.06473974176330423,0.08903352940428913,0.09325848324066717,0.07816301693407464,0.07482409521842733,0.06351518538522637,0.0849238006036537,0.06039534767275614,0.0749472025099285,0.051450208641779197,0.05749051097696585,0.07418566150913422,0.10722265566322478,0.08375283647339157,0.04478046322478159,0.07516104813343925,0.05892779977760127,0.05444122119142175,0.059786722954725965,0.05573636880063542,0.05974771323272438,0.05305829505957108,0.07746946455917395,0.0646487300079428,0.06718716489277203,0.056760451119936446,0.06816219361397935,0.0596665879586974,0.04950813629864972,0.07137895612390784,0.07624579498014297,0.07308066532168388,0.055843804956314524
PerSv,0.04031320435583797,0.039314833950754566,0.03895354431771247,0.0271438268943606,0.031762079653693404,0.04272394046703732,0.058756305715647335,0.0669863357934869,0.05010869789992056,0.055505350700556,0.042154048428911836,0.040417409620333605,0.043377729769658445,0.06260172924225574,0.0552222418522637,0.047647345239078626,0.05816546463224781,0.079434994725973,0.08110663128514697,0.06928199396346306,0.06518925046544875,0.055269180911834796,0.07527730681810958,0.05321938772359013,0.06788387916759334,0.04499545856711676,0.04448544841938045,0.06137918704050834,0.08971345485623511,0.06971308611596505,0.03883773041143765,0.05892779977760127,0.06505668779030976,0.04853897727720413,0.05219607767434472,0.04886962432406671,0.051579057852263695,0.04699427638125497,0.06938369233677523,0.05839587084670373,0.05975171275297855,0.050759812250992846,0.06205886927402701,0.05370965115488481,0.044247908708498804,0.06335270497537727,0.0688771402192216,0.06470962589992056,0.04908092786973788
BusSv,0.03775088115647339,0.036070992292295476,0.035697299272438435,0.02386681318506751,0.027785482872120727,0.04022161222557584,0.052833221178713245,0.06021449313423353,0.04667312195710881,0.050805408806989666,0.03829072051469419,0.03780840191262906,0.04185690576648133,0.059283133998411425,0.051305145359809366,0.04306999464972199,0.05373439489118348,0.07481517315329625,0.07736378188403496,0.06555427450357425,0.06204881523749009,0.05248976561715647,0.0690332577092931,0.05012795397617157,0.06263931489118349,0.04196405491977758,0.04738446532168386,0.06256594311040509,0.08821145160921365,0.06832281096108021,0.03612349985067514,0.05444122119142175,0.04853897727720413,0.04819223463701349,0.049177834033359805,0.04620845157744241,0.049749365420174746,0.044904937613979345,0.062363095606036534,0.05419390756473393,0.055119904419380444,0.04743363905957108,0.05565731471326449,0.04850040160127085,0.03973111019539317,0.05739679607307387,0.060801952806989655,0.0595109954503574,0.046365145315329634
Hardw,0.0420210291310564,0.03809956433359809,0.03931498270373312,0.026154078459094513,0.031701429925337574,0.04496431938999205,0.057614324784749815,0.06381094585861793,0.05037457530103256,0.054938861722001575,0.041103415208895946,0.04061653103097698,0.04545991429706116,0.0648663613375695,0.05561799230182684,0.04605093590468626,0.05800019204765685,0.07977026894360602,0.08589880242414616,0.07322896768864179,0.06824486734233519,0.05780672472756155,0.07479962013979348,0.05513641551707705,0.06787749109451945,0.045209798335186666,0.05144757032565527,0.06822106430182684,0.09764884566799045,0.07509112243050038,0.03891331762668784,0.059786722954725965,0.05219607767434472,0.049177834033359805,0.06145780467672755,0.05136016655758537,0.05653206719936458,0.04974227923431295,0.06755717746465449,0.059391668470214445,0.05974028874027005,0.051482916200158865,0.06057790807307387,0.053115201045274035,0.042691876835583786,0.06142860695472597,0.06525504789833202,0.0654412501604448,0.05079171556155678
Softw,0.03898307240031771,0.036086674910246225,0.03654310122954726,0.025604735345512313,0.02907917263860207,0.0406614324892772,0.052793265582208086,0.06008724431453534,0.046716567980937256,0.05156836770135028,0.03837684023510722,0.038220189528196974,0.04219457375694996,0.061728628123907864,0.051958293960285944,0.043643677210484504,0.05349568566799048,0.07528567714058779,0.07860293596822876,0.06719284638602063,0.0630648974805401,0.05380752036854646,0.06955690947736297,0.050946003965051626,0.06294370355520254,0.042379141610802216,0.049044573725178696,0.06309371557744241,0.0886096378014297,0.06844963475774424,0.03694789304527403,0.05573636880063542,0.04886962432406671,0.04620845157744241,0.05136016655758537,0.05073424993804608,0.05192590637648928,0.04583298089912628,0.0634417456203336,0.05459156184908659,0.05609603066560762,0.04815732787291501,0.05641645274662429,0.04906037676886418,0.040444655529785545,0.05802823910405083,0.061893029140587745,0.06133411900238284,0.046623688565528204
Chips,0.042407146511517085,0.038317695177124696,0.038962787078633834,0.026284854368546468,0.03097155616997616,0.04522605518347894,0.05809760904845116,0.06352852593963461,0.05052393502144559,0.05510432466560762,0.04121538769976171,0.041160079685464646,0.04590997098490866,0.06639532905639395,0.055539051893566324,0.04644841745194598,0.05825230371247022,0.08178370810166802,0.08668252146624303,0.07270537694996028,0.06887423011278793,0.058589188368546444,0.07541579972835581,0.055497992397140594,0.06790328626211277,0.04575553954884829,0.05469291661636218,0.07048880979984114,0.09865896407307385,0.07632111616362192,0.0387581556203336,0.05974771323272438,0.051579057852263695,0.049749365420174746,0.05653206719936458,0.05192590637648928,0.06052396805559966,0.05079603829864972,0.06747093483240667,0.0594210518522637,0.060220226324066706,0.05202660418427322,0.060007628317712454,0.05284386211119935,0.042474879625099285,0.060669853231135815,0.06523864701509134,0.06504237980619536,0.05053109390468625
LabEq,0.03767263658617951,0.03487287514853058,0.034463117734710086,0.024080911318506745,0.02744572818268467,0.0408681735694996,0.05177576175377283,0.05756132168546465,0.046052424025417,0.050091110346306575,0.03810682901191422,0.03795162137887211,0.0418601058061954,0.059306082826052396,0.050714705914217624,0.043246115542494044,0.0529315969070691,0.0730763813026211,0.07773629508657665,0.06539893707704526,0.06222315285782365,0.05243942529308975,0.06881645088324065,0.04996533980301827,0.06143246144241461,0.04135749263542494,0.04797076735504368,0.06298007588721206,0.08828654995393168,0.06855523020651312,0.034948199200953135,0.05305829505957108,0.04699427638125497,0.044904937613979345,0.04974227923431295,0.04583298089912628,0.05079603829864972,0.050273412694201755,0.06195113824146147,0.05332725321525021,0.05460577056235107,0.04722846053375695,0.05390199128514693,0.04793570881810961,0.0388686121302621,0.055456236617950745,0.05944806469261321,0.05861205406195395,0.04597130215567911
Paper,0.05463191562033361,0.05014055297537728,0.046736184752978555,0.033849920945194595,0.04138577166481334,0.05804915896108022,0.07586540389515486,0.08748037025099287,0.06672808176648136,0.0728407276870532,0.05316352886258935,0.05071617273073869,0.05620785691024621,0.08397364407783954,0.07332667578872121,0.06621172781890387,0.07631687496266877,0.1061034103415409,0.10763965271008735,0.09175152138204924,0.08722611518983317,0.07234123073232723,0.10316529360285939,0.07041937756632248,0.08967346435901509,0.058575839590150905,0.06774161561556791,0.08488160044956317,0.12359479699444002,0.09613799907069102,0.05090517248768863,0.07746946455917395,0.06938369233677523,0.062363095606036534,0.06755717746465449,0.0634417456203336,0.06747093483240667,0.06195113824146147,0.10696605956949963,0.07914484341064336,0.07914600275933277,0.06644146735186657,0.07943272581731534,0.0693478356362192,0.05891056773312154,0.0844775849451946,0.08777117406195394,0.08468303767434472,0.06563591912787926
Boxes,0.045100435455123114,0.04448006712311358,0.04295085491024623,0.02784710445591739,0.03933209845750596,0.05007177054487688,0.0641079531310564,0.07107229990309771,0.05647791252740269,0.06194253465766479,0.04632218355361398,0.04293825715965051,0.04784750771247021,0.07466514171723589,0.06358886801747417,0.05287447292454328,0.06624026051945986,0.09095142679904686,0.09865208983796664,0.08233370841938047,0.07634100027958697,0.06328173769340746,0.08557737508975374,0.06202143830659251,0.0764797730293884,0.051104616276409845,0.062358410214455914,0.07901589032406672,0.11354585423987287,0.08645017778395551,0.04739648818586179,0.0646487300079428,0.05839587084670373,0.05419390756473393,0.059391668470214445,0.05459156184908659,0.0594210518522637,0.05332725321525021,0.07914484341064336,0.090263521923749,0.06863042554567117,0.05766648170611595,0.06796804846068308,0.058929534247815725,0.048788733890389194,0.07127819713899919,0.0734977663161239,0.07349118714535345,0.055922732745035744
