,Agric,Food ,Soda ,Beer ,Smoke,Toys ,Fun  ,Books,Hshld,Clths,Hlth ,MedEq,Drugs,Chems,Rubbr,Txtls,BldMt,Cnstr,Steel,FabPr,Mach ,ElcEq,Autos,Aero ,Ships,Guns ,Gold ,Mines,Coal ,Oil  ,Util ,Telcm,PerSv,BusSv,Hardw,Softw,Chips,LabEq,Paper,Boxes,Trans,Whlsl,Rtail,Meals,Banks,Insur,RlEst,Fin  ,Other
Agric,0.06120416160603652,0.023226930894360603,0.025424114090548053,0.013969579194598892,0.020771163440826048,0.023547741939634628,0.03125211404447975,0.032971227607625095,0.026913076972200155,0.028616762420969017,0.02369241023669579,0.025418141512311355,0.027905416471803016,0.03827302987926926,0.027952697593328024,0.02481535389038919,0.03364620649722001,0.049017573912629064,0.049990309048451136,0.044463819037331216,0.04042890017474187,0.03366314374424146,0.03818041858141383,0.031482232799046855,0.037023090665607626,0.028552068158856247,0.03802260417950754,0.04672297695790309,0.06285112108181094,0.045581373650516274,0.025331366899126292,0.03566585245274027,0.03016676784749801,0.02823697207942812,0.03336345844797459,0.030488719857029393,0.0327542204050834,0.028557027459888803,0.03850358839555202,0.03460425927879269,0.03393158509769659,0.030447991804606837,0.03463057645115171,0.02872573973788721,0.024765697415409058,0.03480978875297856,0.035583747027799845,0.03991255954725972,0.02971782401429706
Food ,0.023226930894360603,0.027118713143764885,0.024863134201747423,0.016458525010325655,0.02066784598570295,0.02373773295949166,0.03155724959173948,0.031567857922160436,0.02576997186973788,0.0305119855949166,0.023369535205718824,0.02322303306751389,0.02643451028117554,0.03597841080540111,0.02967471725178713,0.022608501210484515,0.03143184301826847,0.04300152833042096,0.046827352165210466,0.03933660036854647,0.03678890776806988,0.03206816556949961,0.039454106316123914,0.03068036769817315,0.03566361107545672,0.0270507295440826,0.03251662411119936,0.039125367990468625,0.05402604419062748,0.04009523941858617,0.024619124565528203,0.03349793150436855,0.02970090392374901,0.027784636587768065,0.030625592714853045,0.028877310722795875,0.03032920023828435,0.02680194365051628,0.035875914392374884,0.03572495540587769,0.032818711774424136,0.02866842954408261,0.033762764111199356,0.028816961826846697,0.022603537115170765,0.0346956057505957,0.033585476651310564,0.0367907148689436,0.028041747332803797
Soda ,0.025424114090548053,0.024863134201747423,0.0650678206830818,0.021360603749007143,0.023301314440031768,0.02819212959491661,0.033560098554408245,0.03292895475774424,0.02771553957108817,0.030529250897537722,0.026043709166004757,0.02670843806195394,0.029941558252581418,0.03968941464654487,0.03230242773629864,0.024258370230341546,0.03316840524225575,0.04668821747418585,0.04987412063542495,0.04153062525814137,0.039006237553613966,0.03388848606830818,0.04077759250198571,0.033394757776012716,0.038153426719618744,0.026891749769658465,0.03015647437648926,0.041670382843526615,0.055866906592533745,0.043905637744241464,0.028567420333598093,0.036788257474185855,0.031655929531374104,0.029530337664813347,0.03387674519459888,0.03137267116759332,0.03326820578236695,0.028823702621127868,0.03750437582208101,0.037622283621922166,0.03522792244638602,0.03138545331215249,0.03586447253375694,0.02981835758538522,0.024175739094519463,0.038588449308975356,0.03710234141382048,0.0403776106115965,0.02925688152501986
Beer ,0.013969579194598892,0.016458525010325655,0.021360603749007143,0.039482792214455914,0.015744803523431293,0.01980755660524225,0.022266820783161237,0.02037788649245433,0.017864061289912626,0.022532175555202538,0.016079083895154885,0.016452260629070695,0.01804203989992057,0.02490455662748213,0.020234593637807784,0.01512359542811755,0.021273357823669584,0.029432040181096103,0.03182403176806991,0.025373416571882437,0.025545039110405083,0.021750545720413027,0.02737444864336775,0.02280973666560762,0.023796560257347103,0.018151260425734707,0.022534731760127092,0.02628411125496425,0.0344701436584591,0.028217204621127874,0.019663868846703732,0.024007513879269266,0.021534268848292303,0.0190560613375695,0.02174102701985703,0.020742688149324867,0.02188069166799047,0.01963108206195393,0.025869062041302616,0.022686526875297847,0.02316255003494837,0.02097060627958697,0.02405936700238284,0.02096937970611596,0.015376899188244638,0.025076146020651318,0.024336411218427327,0.02518853133439238,0.01993991733280381
Smoke,0.020771163440826048,0.02066784598570295,0.023301314440031768,0.015744803523431293,0.06512622124860999,0.02258826873073868,0.027514380915011915,0.02713343026846702,0.021848691126290704,0.027069183993645756,0.02083030126131851,0.02064467267990468,0.023583435193010323,0.03235556062589355,0.026177218474980148,0.01940439387450357,0.027609434058776812,0.03765690546147737,0.04168782477521844,0.03453621430341541,0.033281912120730735,0.02901821925655281,0.033789146468625894,0.027565198541699764,0.030482872603653698,0.024500175879269268,0.029801437563145364,0.03316019213661638,0.04818806965210483,0.03741292596981731,0.02528969674027005,0.029599565613979348,0.02688552095313741,0.02318870415250197,0.02780202560444798,0.02560464019062747,0.027149764241461486,0.023193169334392378,0.03347577688641779,0.034595082757744235,0.02980589050675139,0.025262484552819695,0.029202657912629063,0.023299209197776016,0.020897447876092132,0.032881691056393964,0.029549104279586975,0.03339315741064336,0.024689124895949172
Toys ,0.023547741939634628,0.02373773295949166,0.02819212959491661,0.01980755660524225,0.02258826873073868,0.050109587436060365,0.03658528853216838,0.032664273993645736,0.028643982897537716,0.03399944582049244,0.02644897694042891,0.026267747040508348,0.030926955280381252,0.03975319823510722,0.03216962617156474,0.025086598687847485,0.03571671137410644,0.04896592577918983,0.0515852108435266,0.043837243374106424,0.04076314926131851,0.03644755063860206,0.04507919036854646,0.03393018561874504,0.03970002731374106,0.029967505712470217,0.03761285183637808,0.04396641625893566,0.05741001464813344,0.04525932119618744,0.02634903647815727,0.0384696258602065,0.03179621153296267,0.03111801385861796,0.03624207887688642,0.03291945911040508,0.036254181771247014,0.03186791286100078,0.04073248297855441,0.039936905823669586,0.03725825378713264,0.0327407669912629,0.03787399058935663,0.03259780633042097,0.0250063283923749,0.03855877108816521,0.03844786775853851,0.04082980132644956,0.03255661692930898
Fun  ,0.03125211404447975,0.03155724959173948,0.033560098554408245,0.022266820783161237,0.027514380915011915,0.03658528853216838,0.05812812125655279,0.047592711960285944,0.03864394213502779,0.045807302849880854,0.033235991269261314,0.034144503386814934,0.039030884017474184,0.05155141837807785,0.041419104265289906,0.03433000882287529,0.04672733844320889,0.06534859532644956,0.06709789649880858,0.056402842548054014,0.05282428482922953,0.04627599718347894,0.05975624310881652,0.043409238676727566,0.0520438503796664,0.03849730415567911,0.04565258200317714,0.05871237359015091,0.07683768105003971,0.055683176668784765,0.03187268994916601,0.050168477424940426,0.043719378268467037,0.04052752267513899,0.0464280982573471,0.041912134535345515,0.04585458761715648,0.039880717086576645,0.05406746477362985,0.050371234179507535,0.049095272150913416,0.041474548659253374,0.05151549718189039,0.04481986247021447,0.03362558307069102,0.04914048708498807,0.04999169800476569,0.054186887426529,0.04133704514217633
Books,0.032971227607625095,0.031567857922160436,0.03292895475774424,0.02037788649245433,0.02713343026846702,0.032664273993645736,0.047592711960285944,0.06763779649086575,0.039086204330420954,0.04594671284511517,0.03300290464813344,0.03294697766163622,0.037221913234312946,0.05244799342494043,0.043164106393963474,0.034618607952343124,0.04589735080222399,0.06585134637331215,0.0657057652327244,0.055531937499602856,0.05351406414614773,0.045872420115965054,0.06106806782049245,0.0442797827847498,0.05318431864336774,0.038449548648133436,0.041565992182684655,0.05438692005559968,0.07564725713899921,0.056062650066719615,0.03307726202859412,0.05059825637966639,0.04475473896743448,0.04123429749960286,0.04536825311675933,0.04251511582208103,0.04429154485305799,0.038975372635424936,0.055414263407466226,0.05145965379507543,0.0488358196203336,0.04130977250039715,0.05167630974424147,0.043723623455123116,0.03587582377601271,0.05207681347100873,0.05240655403653693,0.05454577146147736,0.04062814899602858
Hshld,0.026913076972200155,0.02576997186973788,0.02771553957108817,0.017864061289912626,0.021848691126290704,0.028643982897537716,0.03864394213502779,0.039086204330420954,0.04077123011278792,0.03757655481493248,0.02719755452899125,0.02743092166481335,0.0314617443463066,0.04328493039872915,0.03482788538522637,0.028469657849086578,0.03781936044479746,0.054134303370929296,0.05514771282605241,0.045675843615567924,0.0437144298649722,0.03824595656552819,0.048516261950754556,0.035706875389992045,0.04295324780937252,0.031491636956314545,0.037442854255758544,0.04630042273232723,0.06152097724225574,0.044851983640984916,0.027252445594916602,0.040049873274027,0.03502316915011915,0.03319719367116761,0.03772194065448768,0.03488572781572677,0.03750601742652899,0.032653792984908656,0.04405134813343924,0.042594654271644154,0.040502217801429694,0.03436480447021445,0.04219410952184273,0.035569189531374105,0.027934541671167584,0.040449138459094515,0.04025608755520253,0.044260933931691816,0.033541730290706916
Clths,0.028616762420969017,0.0305119855949166,0.030529250897537722,0.022532175555202538,0.027069183993645756,0.03399944582049244,0.045807302849880854,0.04594671284511517,0.03757655481493248,0.054867061629864974,0.031322172829229555,0.03110558876568705,0.03490423077998412,0.04917689857982524,0.04029270738681493,0.033577541661636214,0.04444498389197776,0.0636158874853058,0.06347603460524225,0.05461189206671961,0.05106457248610007,0.04408777113264494,0.057425490243050034,0.04305338895631453,0.05098575656235107,0.035785645057982526,0.04137298278633837,0.0516191247974583,0.07177205026846707,0.05134615903415409,0.03129862009849086,0.0469544095567911,0.04175289159650515,0.03817347579984114,0.043044293585385224,0.040345640826052416,0.042406207815726765,0.03743368664654488,0.05253433000794281,0.04923229948212868,0.04787202725337569,0.040131362706910235,0.052098150538522646,0.0433181050675139,0.03241903179030977,0.048143910214455916,0.04862669390945195,0.052539955424940436,0.038498991879269265
Hlth ,0.02369241023669579,0.023369535205718824,0.026043709166004757,0.016079083895154885,0.02083030126131851,0.02644897694042891,0.033235991269261314,0.03300290464813344,0.02719755452899125,0.031322172829229555,0.03155097349642574,0.0265453167720413,0.029594973814138198,0.037853797293089755,0.030278634694201754,0.024340827729944406,0.032872272501985704,0.04607080672279587,0.048922930522637,0.041940393957108815,0.03886716832406672,0.033672487955520254,0.04184705345194599,0.031516466668784736,0.036739120883240654,0.028430692810166795,0.034407155590150916,0.04132544880063542,0.056566921531374104,0.04292237892295474,0.0251978810675139,0.036015348111199365,0.031583867482128665,0.029747177531374108,0.03356268748530579,0.031231406481334392,0.03338180422557585,0.02969685211119935,0.03814915383637808,0.038177339227958705,0.034590991288324054,0.030858132460683068,0.03543742240508339,0.029884791167593332,0.023535223148530578,0.036300838030182685,0.03598052857188244,0.037938247752184275,0.030269863650516288
MedEq,0.025418141512311355,0.02322303306751389,0.02670843806195394,0.016452260629070695,0.02064467267990468,0.026267747040508348,0.034144503386814934,0.03294697766163622,0.02743092166481335,0.03110558876568705,0.0265453167720413,0.031524321467831615,0.031749359138999206,0.038540816899126286,0.030214349150119144,0.02512706431771247,0.033508628498808576,0.04607743363939637,0.04988711534868945,0.04141603114853059,0.03938761185067514,0.03522442022875299,0.04088567122160446,0.03210937743288324,0.037716649861795064,0.02930995376012708,0.03485820502303415,0.04373896366957902,0.059781432568705314,0.04383576877839556,0.025074366077839545,0.03680156701826846,0.03182292301826846,0.030555605445591737,0.0348190748943606,0.0325290751389992,0.03498610142970612,0.031111498160444798,0.03763030200158856,0.03620970149642574,0.03493282779666401,0.03133713941540904,0.03555589603177124,0.029845767386814926,0.023631655482128675,0.035544313232724375,0.035030567987291504,0.038556862192216046,0.030642220610007938
Drugs,0.027905416471803016,0.02643451028117554,0.029941558252581418,0.01804203989992057,0.023583435193010323,0.030926955280381252,0.039030884017474184,0.037221913234312946,0.0314617443463066,0.03490423077998412,0.029594973814138198,0.031749359138999206,0.04229081920730739,0.04472476919936458,0.03478466987291501,0.027476624441620336,0.03811946219221604,0.052562350503574266,0.057089799164416186,0.04722475748371724,0.04490511914217631,0.040503658320889604,0.046749068058776794,0.03658351563621922,0.04246967788085782,0.03416529562192216,0.04149255852104845,0.04999791517871326,0.06621149451787134,0.0494133375488483,0.02846121257664813,0.04229605817474186,0.03518321245432882,0.0351115861731533,0.04032382542811756,0.03735313393169182,0.0406566019618745,0.03571775312787926,0.0422399055520254,0.04183624893407466,0.040646587166004756,0.035485957488482926,0.040319705899920566,0.03395632269261318,0.02643548044003177,0.03982305213661636,0.03944935085941224,0.04380320544082605,0.034359027582208095
Chems,0.03827302987926926,0.03597841080540111,0.03968941464654487,0.02490455662748213,0.03235556062589355,0.03975319823510722,0.05155141837807785,0.05244799342494043,0.04328493039872915,0.04917689857982524,0.037853797293089755,0.038540816899126286,0.04472476919936458,0.0696391934090548,0.0486872150675139,0.03798741891342336,0.05272990664019063,0.07456749347418588,0.08421486099126291,0.0678981998347895,0.06434327968228751,0.05487809374583002,0.0665066584003177,0.05174945609690232,0.060179731764892753,0.04430311007783954,0.06671990279428118,0.0760341980381255,0.10555855605877686,0.07584546085305796,0.040820679391580614,0.05603929007307388,0.04733899532962671,0.046069564695790315,0.052357257199364585,0.04858111131056394,0.05301916837966639,0.045998693747418586,0.06088879311358222,0.0607789276632248,0.054966827864972194,0.04874471288165211,0.05495168057823668,0.046633224297061175,0.03646143955043685,0.05569047818903889,0.054931064791104066,0.060318095925337566,0.046545064754567114
Rubbr,0.027952697593328024,0.02967471725178713,0.03230242773629864,0.020234593637807784,0.026177218474980148,0.03216962617156474,0.041419104265289906,0.043164106393963474,0.03482788538522637,0.04029270738681493,0.030278634694201754,0.030214349150119144,0.03478466987291501,0.0486872150675139,0.05727013177918984,0.030478478586179504,0.042035287259729937,0.057226387529785545,0.062474810182684665,0.052459034408260524,0.049567715583796655,0.04354524218427322,0.053691003026211256,0.04134298639396347,0.048103023272438435,0.035834194042891176,0.040511422517871314,0.05150774429706117,0.07004189503574267,0.05380992836378079,0.032187989253375696,0.04531126636219221,0.039608067990468614,0.0372463691183479,0.04190664553613979,0.039011379682287524,0.041154299896743435,0.036261257299443996,0.04966235332009531,0.04860711088165209,0.04467530410643367,0.0385814987212073,0.045205612136616356,0.03731948512311359,0.030569634114376486,0.04580158649722001,0.044357464257347115,0.04851840396346306,0.03733111810166798
Txtls,0.02481535389038919,0.022608501210484515,0.024258370230341546,0.01512359542811755,0.01940439387450357,0.025086598687847485,0.03433000882287529,0.034618607952343124,0.028469657849086578,0.033577541661636214,0.024340827729944406,0.02512706431771247,0.027476624441620336,0.03798741891342336,0.030478478586179504,0.05013808545830023,0.034761330325655274,0.04943871137728354,0.05070526907704528,0.04169420914376489,0.03949176632247816,0.03327968463542495,0.04148398544559174,0.032079176263701346,0.038836842598888005,0.028206382500397132,0.034242119323272445,0.04406127652104845,0.0566842988308181,0.04224791892295472,0.023632630948371723,0.035175410208101665,0.03130057893566323,0.028939549699761712,0.03343326205242255,0.03090691580619538,0.03246577478951549,0.029329866281175523,0.040573045131056404,0.03689392721842732,0.03529604213820491,0.031048766471803015,0.037180201563145346,0.03178766610007942,0.024886662719618743,0.03673063771247022,0.03658349769023033,0.03898785405877679,0.029956997486894354
BldMt,0.03364620649722001,0.03143184301826847,0.03316840524225575,0.021273357823669584,0.027609434058776812,0.03571671137410644,0.04672733844320889,0.04589735080222399,0.03781936044479746,0.04444498389197776,0.032872272501985704,0.033508628498808576,0.03811946219221604,0.05272990664019063,0.042035287259729937,0.034761330325655274,0.05161012292295472,0.06811753706115964,0.0710394485146942,0.05905513833200952,0.05503406541699762,0.047478585019857036,0.05842268144559172,0.04468391042096902,0.05289429947577441,0.038367771691818896,0.050933192359015105,0.06153414155679109,0.08426631115170768,0.06127145227958696,0.034406507879269264,0.04831797234312947,0.042632211787132654,0.040243039269261316,0.04557075118347895,0.041890202065131055,0.04495817926926132,0.039560650389197774,0.05387584077839556,0.05229464330420967,0.04892576166799046,0.042226933741064336,0.05001153702938841,0.04181406206513105,0.03328746562351071,0.049353040476568695,0.05031065559968228,0.05339568745035742,0.0407664854805401
Cnstr,0.049017573912629064,0.04300152833042096,0.04668821747418585,0.029432040181096103,0.03765690546147737,0.04896592577918983,0.06534859532644956,0.06585134637331215,0.054134303370929296,0.0636158874853058,0.04607080672279587,0.04607743363939637,0.052562350503574266,0.07456749347418588,0.057226387529785545,0.04943871137728354,0.06811753706115964,0.11940977303256552,0.09866432662112788,0.08144728462589357,0.07676855218427323,0.06526593637172359,0.08222004391739475,0.0613191902239873,0.07387869590468628,0.05342929303891975,0.07224535675615568,0.08735083486894361,0.11856491411914219,0.08477501498649723,0.04598651141223193,0.06818283599999998,0.059933610452740274,0.0563230522827641,0.06354800949007149,0.058643992470214436,0.0631072796664019,0.054803539615567894,0.07487823169181891,0.07268137408737092,0.07016127304527403,0.05848285546942018,0.07307168900397139,0.060819728530579806,0.04940630515329626,0.07055708187450356,0.07273649530103256,0.07722150066719617,0.056952302821286736
Steel,0.049990309048451136,0.046827352165210466,0.04987412063542495,0.03182403176806991,0.04168782477521844,0.0515852108435266,0.06709789649880858,0.0657057652327244,0.05514771282605241,0.06347603460524225,0.048922930522637,0.04988711534868945,0.057089799164416186,0.08421486099126291,0.062474810182684665,0.05070526907704528,0.0710394485146942,0.09866432662112788,0.12673598131215247,0.09317391835424942,0.0865730247498014,0.07292188791421762,0.08588274630976965,0.06828357671485308,0.08013803241302621,0.05940294839714057,0.10034059159015093,0.11110609444003176,0.15665924293248606,0.10901190598570296,0.05292302900397142,0.0719026513963463,0.06128607974583001,0.059725890300238275,0.06879815030659255,0.06279468505162827,0.0686653653216839,0.05963063710246227,0.07822328697378872,0.08025717336934073,0.07140374944241461,0.06464646291660045,0.0704029485559968,0.06023729837966638,0.04534840539793485,0.07060141887212074,0.07229873474821288,0.07797028017474185,0.06104808626211279
FabPr,0.044463819037331216,0.03933660036854647,0.04153062525814137,0.025373416571882437,0.03453621430341541,0.043837243374106424,0.056402842548054014,0.055531937499602856,0.045675843615567924,0.05461189206671961,0.041940393957108815,0.04141603114853059,0.04722475748371724,0.0678981998347895,0.052459034408260524,0.04169420914376489,0.05905513833200952,0.08144728462589357,0.09317391835424942,0.11072198363145351,0.07119166624305001,0.06110149411914217,0.07342079731215247,0.05748307308657663,0.06669777114535345,0.0476219737633042,0.07296273992692613,0.08182360797458302,0.11973058586814933,0.08494996414932482,0.04308718537251787,0.06045406102621128,0.05243133753772834,0.050073613845909457,0.057815836238284346,0.052425823002382854,0.05653261699761716,0.04911079466878475,0.06660609782366957,0.06540222094360602,0.059262208063542494,0.053593916289118346,0.06009572515329626,0.05102563517077044,0.03940124923272439,0.05972624050833996,0.06222695484670372,0.0660992219539317,0.051655899138999206
Mach ,0.04042890017474187,0.03678890776806988,0.039006237553613966,0.025545039110405083,0.033281912120730735,0.04076314926131851,0.05282428482922953,0.05351406414614773,0.0437144298649722,0.05106457248610007,0.03886716832406672,0.03938761185067514,0.04490511914217631,0.06434327968228751,0.049567715583796655,0.03949176632247816,0.05503406541699762,0.07676855218427323,0.0865730247498014,0.07119166624305001,0.07019433525019858,0.05662294948371724,0.0681155315647339,0.05291376505162828,0.06266280498808581,0.04595712578236696,0.06835804451151709,0.0772760114694202,0.10893164708498805,0.07953653680698966,0.04102263704527402,0.05698314792692613,0.04879241782366956,0.04736406436854647,0.05490326414614773,0.05045378729150121,0.055218701286735505,0.047751167275615555,0.062058902017474195,0.06091225486894361,0.05572716359015091,0.04989622849880857,0.05636969051628273,0.0475997579030977,0.03700985089753772,0.05632635482128673,0.057408718061953926,0.06226891990468624,0.047843418363780775
ElcEq,0.03366314374424146,0.03206816556949961,0.03388848606830818,0.021750545720413027,0.02901821925655281,0.03644755063860206,0.04627599718347894,0.045872420115965054,0.03824595656552819,0.04408777113264494,0.033672487955520254,0.03522442022875299,0.040503658320889604,0.05487809374583002,0.04354524218427322,0.03327968463542495,0.047478585019857036,0.06526593637172359,0.07292188791421762,0.06110149411914217,0.05662294948371724,0.05663045194440031,0.058238695582208094,0.04588460165051629,0.0528217890039714,0.041140860908657664,0.05222665510246226,0.06313573139793487,0.08876332863701349,0.06477303472756156,0.034519723957108825,0.05062698694678317,0.04295221413820493,0.04164198533439237,0.048391156347895134,0.04485407582208102,0.04884850142176331,0.04201859310881652,0.053039270428911815,0.052287865753772846,0.048737043372517865,0.043203661440826054,0.04871308891501194,0.040906557942811755,0.03284482502144559,0.049345181000794276,0.04921502474662432,0.05415479246227164,0.04212717621763303
Autos,0.03818041858141383,0.039454106316123914,0.04077759250198571,0.02737444864336775,0.033789146468625894,0.04507919036854646,0.05975624310881652,0.06106806782049245,0.048516261950754556,0.057425490243050034,0.04184705345194599,0.04088567122160446,0.046749068058776794,0.0665066584003177,0.053691003026211256,0.04148398544559174,0.05842268144559172,0.08222004391739475,0.08588274630976965,0.07342079731215247,0.0681155315647339,0.058238695582208094,0.08725982427164415,0.05629724865607626,0.06751940762192216,0.0486290562700556,0.06369726499920575,0.07286437446386021,0.09949629202065129,0.07174074908816519,0.040985762892772046,0.06170096450039714,0.054118662271644156,0.050763860854646556,0.05761475331374106,0.052458392835583775,0.056872352525814136,0.050184289629864966,0.06994520880857824,0.06630258006671963,0.06229253056870531,0.05291799635742653,0.06404830638919774,0.05513723325655283,0.041563943957108815,0.06194258068308179,0.06132584914694203,0.06739296960285941,0.0515281304511517
Aero ,0.031482232799046855,0.03068036769817315,0.033394757776012716,0.02280973666560762,0.027565198541699764,0.03393018561874504,0.043409238676727566,0.0442797827847498,0.035706875389992045,0.04305338895631453,0.031516466668784736,0.03210937743288324,0.03658351563621922,0.05174945609690232,0.04134298639396347,0.032079176263701346,0.04468391042096902,0.0613191902239873,0.06828357671485308,0.05748307308657663,0.05291376505162828,0.04588460165051629,0.05629724865607626,0.061733368036536916,0.05056000158538523,0.03986936575377284,0.04689896830341542,0.057171496703733116,0.07910956326767277,0.056931490422557594,0.03429312246386021,0.04654445414297061,0.04003779202541699,0.03841705532644956,0.04423418119301032,0.04097573542494043,0.044043514670373325,0.03820930424463861,0.05151927081016679,0.05026941876409848,0.047635968424146156,0.04130258973312153,0.04808383417315329,0.04048162977760127,0.031183548548054017,0.04798302976965846,0.04711610033042097,0.05216602410643366,0.038657965224781564
Ships,0.037023090665607626,0.03566361107545672,0.038153426719618744,0.023796560257347103,0.030482872603653698,0.03970002731374106,0.0520438503796664,0.05318431864336774,0.04295324780937252,0.05098575656235107,0.036739120883240654,0.037716649861795064,0.04246967788085782,0.060179731764892753,0.048103023272438435,0.038836842598888005,0.05289429947577441,0.07387869590468628,0.08013803241302621,0.06669777114535345,0.06266280498808581,0.0528217890039714,0.06751940762192216,0.05056000158538523,0.08472356815885623,0.043910725312152496,0.06043711671803017,0.06942942073073866,0.09540573260365372,0.06942472009849086,0.03822707031294679,0.054611024346306575,0.04833875091342337,0.045249840184273235,0.051136657318506744,0.04755524629070692,0.05036191998411438,0.044074984184273226,0.06139606924543288,0.05892282904527403,0.05708674396505162,0.04830725806830818,0.05656608918824464,0.04839432837172358,0.037035154379666396,0.05560579723590151,0.05632212717394758,0.060144704162033345,0.04704612876568705
Guns ,0.028552068158856247,0.0270507295440826,0.026891749769658465,0.018151260425734707,0.024500175879269268,0.029967505712470217,0.03849730415567911,0.038449548648133436,0.031491636956314545,0.035785645057982526,0.028430692810166795,0.02930995376012708,0.03416529562192216,0.04430311007783954,0.035834194042891176,0.028206382500397132,0.038367771691818896,0.05342929303891975,0.05940294839714057,0.0476219737633042,0.04595712578236696,0.041140860908657664,0.0486290562700556,0.03986936575377284,0.043910725312152496,0.07130895039872914,0.04178028105798253,0.05113153694996027,0.07002927025575853,0.050460427987291535,0.028316407208895958,0.042068591030976966,0.035808530452740274,0.03493182996664019,0.03937709146624306,0.036181832470214455,0.03928531556791103,0.034300916625893574,0.04461876646544876,0.04339887093884035,0.04107960564575058,0.03544629919936457,0.03979905708657665,0.034703020095313744,0.027339142332009528,0.04077257515488481,0.03970683323907862,0.04433725650516283,0.0345175095186656
Gold ,0.03802260417950754,0.03251662411119936,0.03015647437648926,0.022534731760127092,0.029801437563145364,0.03761285183637808,0.04565258200317714,0.041565992182684655,0.037442854255758544,0.04137298278633837,0.034407155590150916,0.03485820502303415,0.04149255852104845,0.06671990279428118,0.040511422517871314,0.034242119323272445,0.050933192359015105,0.07224535675615568,0.10034059159015093,0.07296273992692613,0.06835804451151709,0.05222665510246226,0.06369726499920575,0.04689896830341542,0.06043711671803017,0.04178028105798253,0.26180533027958697,0.12543918588562353,0.15409400457664815,0.10717673542970607,0.04245996353137411,0.05022569686894359,0.0379086329785544,0.04153770361239078,0.048386895493248615,0.043725362621127875,0.051201401723590154,0.04372143289277203,0.056749521993645746,0.0565802169912629,0.04373240431930101,0.04639087609372518,0.044033202185861785,0.03816354726767274,0.027094503674344714,0.046210808768864166,0.050229388584590945,0.055312097084988084,0.04294715999523431
Mines,0.04672297695790309,0.039125367990468625,0.041670382843526615,0.02628411125496425,0.03316019213661638,0.04396641625893566,0.05871237359015091,0.05438692005559968,0.04630042273232723,0.0516191247974583,0.04132544880063542,0.04373896366957902,0.04999791517871326,0.0760341980381255,0.05150774429706117,0.04406127652104845,0.06153414155679109,0.08735083486894361,0.11110609444003176,0.08182360797458302,0.0772760114694202,0.06313573139793487,0.07286437446386021,0.057171496703733116,0.06942942073073866,0.05113153694996027,0.12543918588562353,0.13461239624305005,0.15527050904686257,0.10887047349483718,0.04598047392374901,0.06125714731532962,0.04938947240667194,0.05129106440031771,0.058563204868943605,0.05360444922954724,0.06006022895154885,0.052250567323272434,0.06675405651310563,0.06824454138204925,0.058870031159650525,0.055837872859412226,0.057453323208895936,0.05002837414614775,0.037217836465448774,0.05739376343129468,0.05956168011119936,0.06670403684670374,0.05300168531374108
Coal ,0.06285112108181094,0.05402604419062748,0.055866906592533745,0.0344701436584591,0.04818806965210483,0.05741001464813344,0.07683768105003971,0.07564725713899921,0.06152097724225574,0.07177205026846707,0.056566921531374104,0.059781432568705314,0.06621149451787134,0.10555855605877686,0.07004189503574267,0.0566842988308181,0.08426631115170768,0.11856491411914219,0.15665924293248606,0.11973058586814933,0.10893164708498805,0.08876332863701349,0.09949629202065129,0.07910956326767277,0.09540573260365372,0.07002927025575853,0.15409400457664815,0.15527050904686257,0.2838234704543288,0.16945133557267678,0.06848692783637807,0.08315001030818107,0.06927283361397933,0.06878727946624304,0.07851552674027004,0.07113556776806988,0.07795466007148528,0.06852988776171566,0.09020137868943603,0.09248701549801427,0.0770411452406672,0.07644534943764893,0.07730336240826051,0.06561317927720416,0.0485840758903892,0.07976482376489279,0.0857359082986497,0.08886809846703728,0.0728775122271644
Oil  ,0.045581373650516274,0.04009523941858617,0.043905637744241464,0.028217204621127874,0.03741292596981731,0.04525932119618744,0.055683176668784765,0.056062650066719615,0.044851983640984916,0.05134615903415409,0.04292237892295474,0.04383576877839556,0.0494133375488483,0.07584546085305796,0.05380992836378079,0.04224791892295472,0.06127145227958696,0.08477501498649723,0.10901190598570296,0.08494996414932482,0.07953653680698966,0.06477303472756156,0.07174074908816519,0.056931490422557594,0.06942472009849086,0.050460427987291535,0.10717673542970607,0.10887047349483718,0.16945133557267678,0.13593228063383642,0.05388836512946783,0.062301601043685456,0.05148872664019063,0.05091012154408261,0.05816058506592535,0.052838063685464634,0.05796079827640984,0.05062401925019856,0.06650671374900713,0.06799576963939631,0.05495759360921368,0.05597263825734708,0.05511886072756156,0.047562395861795094,0.03701651048292296,0.060657578077839544,0.06397831298173155,0.06558057014297063,0.054013693996822855
Util ,0.025331366899126292,0.024619124565528203,0.028567420333598093,0.019663868846703732,0.02528969674027005,0.02634903647815727,0.03187268994916601,0.03307726202859412,0.027252445594916602,0.03129862009849086,0.0251978810675139,0.025074366077839545,0.02846121257664813,0.040820679391580614,0.032187989253375696,0.023632630948371723,0.034406507879269264,0.04598651141223193,0.05292302900397142,0.04308718537251787,0.04102263704527402,0.034519723957108825,0.040985762892772046,0.03429312246386021,0.03822707031294679,0.028316407208895958,0.04245996353137411,0.04598047392374901,0.06848692783637807,0.05388836512946783,0.03693410411278793,0.03661986622239872,0.031231820333598087,0.029123067532962663,0.03261788023669578,0.030716180889594925,0.03208447416203336,0.028170759107227963,0.03933346032565527,0.04068715089436059,0.034377389717235904,0.031213882848292296,0.03507135133915805,0.028514568935663225,0.024102494263701344,0.038988621699761715,0.03697480260841937,0.03920269848292294,0.030851235839555208
Telcm,0.03566585245274027,0.03349793150436855,0.036788257474185855,0.024007513879269266,0.029599565613979348,0.0384696258602065,0.050168477424940426,0.05059825637966639,0.040049873274027,0.0469544095567911,0.036015348111199365,0.03680156701826846,0.04229605817474186,0.05603929007307388,0.04531126636219221,0.035175410208101665,0.04831797234312947,0.06818283599999998,0.0719026513963463,0.06045406102621128,0.05698314792692613,0.05062698694678317,0.06170096450039714,0.04654445414297061,0.054611024346306575,0.042068591030976966,0.05022569686894359,0.06125714731532962,0.08315001030818107,0.062301601043685456,0.03661986622239872,0.05915835890548053,0.045655119872915,0.043203110208101664,0.05025425476886418,0.046431941810961073,0.04986933875297854,0.04275125584432089,0.05656429120730738,0.05368667145988879,0.05140546934233517,0.04437928430341542,0.05283388178554409,0.044375278324066715,0.03532938209213661,0.05373896927720411,0.05271736112152502,0.05739059513105639,0.043458573968228754
PerSv,0.03016676784749801,0.02970090392374901,0.031655929531374104,0.021534268848292303,0.02688552095313741,0.03179621153296267,0.043719378268467037,0.04475473896743448,0.03502316915011915,0.04175289159650515,0.031583867482128665,0.03182292301826846,0.03518321245432882,0.04733899532962671,0.039608067990468614,0.03130057893566323,0.042632211787132654,0.059933610452740274,0.06128607974583001,0.05243133753772834,0.04879241782366956,0.04295221413820493,0.054118662271644156,0.04003779202541699,0.04833875091342337,0.035808530452740274,0.0379086329785544,0.04938947240667194,0.06927283361397933,0.05148872664019063,0.031231820333598087,0.045655119872915,0.051177478506751375,0.0375819236536934,0.04247392247815727,0.039322585226370124,0.041381521842732326,0.03642316346306593,0.0502892434630659,0.04727660559173947,0.04507351409054805,0.03891805188244638,0.04742078087370929,0.04004952787926927,0.03159227723590151,0.04756652413026211,0.047573099126290694,0.050134604384432103,0.037539746624304995
BusSv,0.02823697207942812,0.027784636587768065,0.029530337664813347,0.0190560613375695,0.02318870415250197,0.03111801385861796,0.04052752267513899,0.04123429749960286,0.03319719367116761,0.03817347579984114,0.029747177531374108,0.030555605445591737,0.0351115861731533,0.046069564695790315,0.0372463691183479,0.028939549699761712,0.040243039269261316,0.0563230522827641,0.059725890300238275,0.050073613845909457,0.04736406436854647,0.04164198533439237,0.050763860854646556,0.03841705532644956,0.045249840184273235,0.03493182996664019,0.04153770361239078,0.05129106440031771,0.06878727946624304,0.05091012154408261,0.029123067532962663,0.043203110208101664,0.0375819236536934,0.03825540399682287,0.0410257750468626,0.03840122957903097,0.04124840651310563,0.03608199339793486,0.04620418767275615,0.04487919044320889,0.04243027274980143,0.03713344906115964,0.04324348769499602,0.036690648832406664,0.028480690122319303,0.04263683221604449,0.04247092663383637,0.046539698776806984,0.03606365513582208
Hardw,0.03336345844797459,0.030625592714853045,0.03387674519459888,0.02174102701985703,0.02780202560444798,0.03624207887688642,0.0464280982573471,0.04536825311675933,0.03772194065448768,0.043044293585385224,0.03356268748530579,0.0348190748943606,0.04032382542811756,0.052357257199364585,0.04190664553613979,0.03343326205242255,0.04557075118347895,0.06354800949007149,0.06879815030659255,0.057815836238284346,0.05490326414614773,0.048391156347895134,0.05761475331374106,0.04423418119301032,0.051136657318506744,0.03937709146624306,0.048386895493248615,0.058563204868943605,0.07851552674027004,0.05816058506592535,0.03261788023669578,0.05025425476886418,0.04247392247815727,0.0410257750468626,0.0548375539618745,0.045831984861000784,0.05083231986497219,0.04251218195075456,0.052313086076251,0.05150127743923748,0.047820793926926126,0.0420880883288324,0.048928056057188245,0.0414492697299444,0.03178062501826847,0.047843000667196184,0.04709784356155678,0.05346394199364574,0.0409975982065131
Softw,0.030488719857029393,0.028877310722795875,0.03137267116759332,0.020742688149324867,0.02560464019062747,0.03291945911040508,0.041912134535345515,0.04251511582208103,0.03488572781572677,0.040345640826052416,0.031231406481334392,0.0325290751389992,0.03735313393169182,0.04858111131056394,0.039011379682287524,0.03090691580619538,0.041890202065131055,0.058643992470214436,0.06279468505162827,0.052425823002382854,0.05045378729150121,0.04485407582208102,0.052458392835583775,0.04097573542494043,0.04755524629070692,0.036181832470214455,0.043725362621127875,0.05360444922954724,0.07113556776806988,0.052838063685464634,0.030716180889594925,0.046431941810961073,0.039322585226370124,0.03840122957903097,0.045831984861000784,0.04405209401111994,0.046303234805401106,0.039082368991262904,0.04852276833995235,0.04698977957108817,0.04474741564733915,0.03906050057188244,0.04561251707704528,0.03785850060365369,0.029776835409054812,0.04473014976965845,0.0440666173788721,0.049746941969817306,0.03745483903097697
Chips,0.0327542204050834,0.03032920023828435,0.03326820578236695,0.02188069166799047,0.027149764241461486,0.036254181771247014,0.04585458761715648,0.04429154485305799,0.03750601742652899,0.042406207815726765,0.03338180422557585,0.03498610142970612,0.0406566019618745,0.05301916837966639,0.041154299896743435,0.03246577478951549,0.04495817926926132,0.0631072796664019,0.0686653653216839,0.05653261699761716,0.055218701286735505,0.04884850142176331,0.056872352525814136,0.044043514670373325,0.05036191998411438,0.03928531556791103,0.051201401723590154,0.06006022895154885,0.07795466007148528,0.05796079827640984,0.03208447416203336,0.04986933875297854,0.041381521842732326,0.04124840651310563,0.05083231986497219,0.046303234805401106,0.05480574296266879,0.04352054015885624,0.05124976776012708,0.05078494913423351,0.047524708888006355,0.04216820396346307,0.04805196981731532,0.040550880373312156,0.031163092112787928,0.04633852333598094,0.04601599880857822,0.052616921215250204,0.04001694477362985
LabEq,0.028557027459888803,0.02680194365051628,0.028823702621127868,0.01963108206195393,0.023193169334392378,0.03186791286100078,0.039880717086576645,0.038975372635424936,0.032653792984908656,0.03743368664654488,0.02969685211119935,0.031111498160444798,0.03571775312787926,0.045998693747418586,0.036261257299443996,0.029329866281175523,0.039560650389197774,0.054803539615567894,0.05963063710246227,0.04911079466878475,0.047751167275615555,0.04201859310881652,0.050184289629864966,0.03820930424463861,0.044074984184273226,0.034300916625893574,0.04372143289277203,0.052250567323272434,0.06852988776171566,0.05062401925019856,0.028170759107227963,0.04275125584432089,0.03642316346306593,0.03608199339793486,0.04251218195075456,0.039082368991262904,0.04352054015885624,0.04133008914376489,0.04562012249404288,0.044427296673550436,0.04176056129308976,0.03701255505321684,0.0420233050293884,0.03575465952343128,0.027311374293884028,0.04105642684670373,0.041180548822875286,0.045789981779189824,0.03548685833518665
Paper,0.03850358839555202,0.035875914392374884,0.03750437582208101,0.025869062041302616,0.03347577688641779,0.04073248297855441,0.05406746477362985,0.055414263407466226,0.04405134813343924,0.05253433000794281,0.03814915383637808,0.03763030200158856,0.0422399055520254,0.06088879311358222,0.04966235332009531,0.040573045131056404,0.05387584077839556,0.07487823169181891,0.07822328697378872,0.06660609782366957,0.062058902017474195,0.053039270428911815,0.06994520880857824,0.05151927081016679,0.06139606924543288,0.04461876646544876,0.056749521993645746,0.06675405651310563,0.09020137868943603,0.06650671374900713,0.03933346032565527,0.05656429120730738,0.0502892434630659,0.04620418767275615,0.052313086076251,0.04852276833995235,0.05124976776012708,0.04562012249404288,0.07306805686258935,0.06193664768864176,0.05723326509134232,0.04853080664813343,0.058761919777601264,0.04912879123907863,0.039225169586973786,0.059447381191421754,0.058032635822081,0.06287484742652896,0.04769397665607624
