,Agric,Food ,Soda ,Beer ,Smoke,Toys ,Fun  ,Books,Hshld,Clths,Hlth ,MedEq,Drugs,Chems,Rubbr,Txtls,BldMt,Cnstr,Steel,FabPr,Mach ,ElcEq,Autos,Aero ,Ships,Guns ,Gold ,Mines,Coal ,Oil  ,Util ,Telcm,PerSv,BusSv,Hardw,Softw,Chips,LabEq,Paper,Boxes,Trans,Whlsl,Rtail,Meals,Banks,Insur,RlEst,Fin  ,Other
Agric,0.09114488879904689,0.034902248845115176,0.03379614956949959,0.021951965756949965,0.03041124519459889,0.036694576527402704,0.049729392452740266,0.06041887319618744,0.04817176411119937,0.04920577788562351,0.03836913930738683,0.03810647865131055,0.041596121880857824,0.05949042468943606,0.05036891931850675,0.0475978864003177,0.05459494297696584,0.07350625250039713,0.07892726367116756,0.07177736887053218,0.0635232278649722,0.05151132958856234,0.06456808849086576,0.05098741322001588,0.06475348304845115,0.043445932451151706,0.054825292646544864,0.06774145871008738,0.09655742443367751,0.07450387355837965,0.03658943854169976,0.053167690327243826,0.047220186319301034,0.04383246434630659,0.04910034339316917,0.0450632497601271,0.049122180915011915,0.04406361115806194,0.06260985458459094,0.05135897946624304,0.054173524332009525,0.047761564027005564,0.05339966216997617,0.04679311329626686,0.03977561080698966,0.05495091428435266,0.05950275068149328,0.05847172087529786,0.046002780652899124
Food ,0.034902248845115176,0.038863507761715654,0.03328490409531374,0.022906798392374902,0.02816727869737887,0.035171828924543284,0.04615928735186656,0.053478181102462274,0.04169110153455123,0.046040096088959495,0.03480539489753772,0.03338764081334394,0.037371709401112,0.051926644200158856,0.0462199893121525,0.04002978260206513,0.04754211391262907,0.06311784344400316,0.06761439966957902,0.05897042650992852,0.054954778287529794,0.04640699341064337,0.061039377696584594,0.04595779851310562,0.057322409258141374,0.038092480152501974,0.042940252600476556,0.054564998595710894,0.07809534397458298,0.06062046081016679,0.03354567333439237,0.048520952266878484,0.04403942452104845,0.04015480303733122,0.0427789397172359,0.03997327883717235,0.04290925650833995,0.03896334409531375,0.05595279630182683,0.04776655365845908,0.04868470821922159,0.04223912737092931,0.048828951917394746,0.04299598077839554,0.035543955482128665,0.05174421481175534,0.052881265270849874,0.052550906643367756,0.04114916376806989
Soda ,0.03379614956949959,0.03328490409531374,0.07427326698014294,0.02603017014138206,0.028714806957903093,0.03714300327879269,0.044821952015885624,0.05077844213185066,0.04076610374583002,0.04409138219857029,0.03404330968069896,0.03409095708657664,0.03746763044320889,0.05212129917712471,0.04509676671326449,0.03825144208737094,0.04571207450992852,0.05957812021286734,0.06605333891342335,0.05708288086417792,0.05331465761080222,0.04571701978713265,0.057136356362192206,0.04578038480063543,0.055524312524225565,0.0367289636664019,0.04456783988244637,0.05544948503256552,0.07497484232883239,0.0600625997299444,0.03445192738999206,0.049286610462271646,0.043250960997617154,0.03918479128832407,0.04393499491024623,0.040167915145353464,0.04375190722160444,0.0388759242319301,0.05141507276568706,0.045899744025416994,0.04685688626211278,0.04225560814932486,0.047928795355043685,0.0420522229706116,0.03411790077521843,0.050097093903097696,0.05301645640031772,0.05221599737251787,0.03905217236854647
Beer ,0.021951965756949965,0.022906798392374902,0.02603017014138206,0.04739492318347894,0.02035175961874503,0.02695682256393964,0.030448574017474174,0.034661395602859406,0.027498641791898332,0.0314746597045274,0.022912928489277208,0.02287951011278793,0.024566991841143762,0.036364472870532155,0.03041626518824463,0.026196775224781574,0.03138137827482128,0.040809711205718815,0.04643707478316124,0.039624569283558356,0.037127740073073866,0.03030131821445592,0.041492036791104046,0.032986220924543286,0.03713751927561556,0.025531923571088154,0.03334130204289118,0.037506338662430486,0.05187353495790309,0.04162301947577442,0.025355454189038926,0.03312289267037331,0.029555085699761716,0.02617124863542494,0.02889586220174742,0.027883135542494046,0.028862308079428117,0.026535229140587764,0.03670391935822081,0.030190314891183474,0.032741620003177124,0.02905710859412232,0.03280629403653694,0.029611297442414614,0.022435821172359014,0.034629823847498006,0.03656852270691024,0.0345386122573471,0.027804112114376497
Smoke,0.03041124519459889,0.02816727869737887,0.028714806957903093,0.02035175961874503,0.07236049725178711,0.02932227335980937,0.03607546203335981,0.04160254603653694,0.03283204746624304,0.03758711776012708,0.02818523437648928,0.027172920524225576,0.030900136203335975,0.04343003628276408,0.03685066784749801,0.03222596516282764,0.037665313963463065,0.04731523734710087,0.05377606270055601,0.04696453801429706,0.04511657437648928,0.03785774554408262,0.04809651598093725,0.0386696885146942,0.045448969038919776,0.03343691552025418,0.03682660961080221,0.04297455650516282,0.0642646515488483,0.05235341733121525,0.03102931301032564,0.03967724258935663,0.035329919332803814,0.031029974106433683,0.035482636822875294,0.032300748657664816,0.03474623723590151,0.031063824400317703,0.045559356076250994,0.04145905458300238,0.039096032168387605,0.033622932724384436,0.038730360667196186,0.03234122821286735,0.02913146463860206,0.043796382748212855,0.042089001111993644,0.043282557950754565,0.032058587466243044
Toys ,0.036694576527402704,0.035171828924543284,0.03714300327879269,0.02695682256393964,0.02932227335980937,0.07322020991898331,0.05571233967275615,0.06087338924861001,0.04873602647815726,0.05389281293725179,0.03858823968864177,0.036808458548054014,0.04237149068149325,0.060257695078633836,0.05202811973947577,0.048286688902303414,0.05561589487529785,0.07327422192851468,0.07587463421127877,0.06791673662271644,0.06268775904050834,0.0538480491437649,0.07213026065131053,0.05220290921683875,0.0657317478697379,0.042901264381254973,0.05119964981096108,0.06112555645432883,0.08463508904845114,0.07042351701350277,0.0361799002573471,0.056626806951548835,0.049013071593328024,0.04513160834948371,0.050325042821286727,0.04538692324702144,0.05099117552978557,0.04591200343764893,0.0650387775313741,0.053504134494042885,0.05607157441143765,0.048217199205718826,0.05667872469579029,0.04983681267672756,0.041240705779189826,0.05834623077362984,0.06493347838602063,0.05993441003335982,0.04799023732486102
Fun  ,0.049729392452740266,0.04615928735186656,0.044821952015885624,0.030448574017474174,0.03607546203335981,0.05571233967275615,0.08493255793328039,0.08150007657982528,0.06356946549324863,0.06986536951389993,0.04948913530420967,0.048443556252581406,0.05424090685305798,0.07679206036854645,0.06597499685623512,0.06283176644797459,0.07231447905321682,0.09669751323113579,0.09925745583955518,0.08616784118189041,0.08028682661000797,0.06761320164575058,0.09375397772041301,0.06560709201270848,0.08475562279428114,0.05512514398411438,0.06411281663383639,0.08225368536616359,0.11368237494996031,0.08815117841938047,0.044210286135027796,0.07251404926290705,0.06572026037807784,0.05880934958856235,0.06434785481493249,0.05857878053057984,0.06479775213026209,0.05742791082446387,0.08419175058141383,0.06880869864019062,0.0729259497331215,0.061640921564733914,0.07500474582366956,0.06661907548848293,0.053236750171564734,0.07419911831930102,0.08110992138840352,0.07811448505321683,0.06118463801588562
Books,0.06041887319618744,0.053478181102462274,0.05077844213185066,0.034661395602859406,0.04160254603653694,0.06087338924861001,0.08150007657982528,0.1285920063081811,0.07662347711517074,0.08152443758061952,0.057764240829229575,0.05490795369817315,0.061130719987291506,0.08930776293248607,0.08003989730420968,0.0764271440301827,0.083364506802224,0.11099174965369338,0.11315273967116761,0.09885638324384434,0.09516287759015088,0.0776709135949166,0.11091352145353453,0.0768517178808578,0.10174259392692614,0.06425479303256552,0.06664488098967435,0.08700044574106434,0.1299155290913423,0.10151517676727563,0.05264650053375696,0.08611633102938841,0.07737463431930104,0.06912891716918189,0.07342485985385223,0.06849480904209689,0.07375365067196188,0.06622861863701353,0.09969016226052424,0.07882248454646544,0.0842851486274821,0.0717230882366958,0.0875181148975377,0.07654590811755363,0.06401125504209686,0.08854523683240667,0.09792210904209692,0.08975367080698968,0.06949187984590946
Hshld,0.04817176411119937,0.04169110153455123,0.04076610374583002,0.027498641791898332,0.03283204746624304,0.04873602647815726,0.06356946549324863,0.07662347711517074,0.07153001222557585,0.06499442508022238,0.044987757534551226,0.04363921841461479,0.04791254371405876,0.07086915371564734,0.0631065926163622,0.05865625484988085,0.06592302498490865,0.08856048404765685,0.09049739267990467,0.07818292722478158,0.07417978092454329,0.06206935506274822,0.08548678357426528,0.06132176226211279,0.07867699330897537,0.04844658938204924,0.058296287993645744,0.07309315646703732,0.10050505317235901,0.07937020889594917,0.04121530103891978,0.0646987541096108,0.058018019183478944,0.053501246627482124,0.05777777333121524,0.053056304031771244,0.05802724462589358,0.05274981666084192,0.07599915159968225,0.061793035596505175,0.06685682100714851,0.05653340486100079,0.06800192379984114,0.05969009477362987,0.049616533274027,0.06725989716282763,0.07469073021127877,0.07038920233836377,0.05544257847815727
Clths,0.04920577788562351,0.046040096088959495,0.04409138219857029,0.0314746597045274,0.03758711776012708,0.05389281293725179,0.06986536951389993,0.08152443758061952,0.06499442508022238,0.0856227870675139,0.04880031528832407,0.04709355782525813,0.05189352785385225,0.07636943361715648,0.06758884468784751,0.06260544182525814,0.07127792839396346,0.100982638457506,0.09845278421127882,0.08728395832247814,0.08116412321048452,0.06757796634789513,0.09326051841938043,0.06797391577760126,0.08704576603494837,0.053744713070691,0.05992848940587769,0.07779486195075457,0.11184976950119144,0.08515516963463066,0.04507643688959492,0.07051700263860207,0.06421055086258934,0.05830045703891977,0.06348872963621922,0.058703554891183465,0.06374693614932485,0.057641851285146935,0.08347397258300236,0.06856574982366957,0.07398325986814933,0.06213318591739477,0.07878581467196187,0.06767539116759332,0.052058383293089754,0.07445575333121524,0.08055174972835583,0.07736352138363783,0.06020341293248609
Hlth ,0.03836913930738683,0.03480539489753772,0.03404330968069896,0.022912928489277208,0.02818523437648928,0.03858823968864177,0.04948913530420967,0.057764240829229575,0.044987757534551226,0.04880031528832407,0.04571438818745035,0.03834518774583002,0.04202463682922955,0.05587189806513104,0.048816219707704535,0.04432146423193011,0.05108612343764893,0.0675556821509134,0.07132434263065923,0.06339020454964259,0.05870560201111995,0.04914016307545671,0.06566786536934074,0.048342022004765686,0.061471670109610806,0.040418834738681485,0.047665265235901505,0.057371549210484506,0.08085537255917395,0.06579334260524226,0.03498586302144559,0.05157543038284352,0.04809532490548053,0.043131827825258144,0.04643692278951548,0.04288801525655281,0.04663039087529786,0.04300514304050833,0.05986101926290707,0.04975198412073072,0.05174013795393169,0.045621547561556786,0.05165818623669579,0.045556882319301016,0.03721057762986497,0.05470170175059572,0.05770249678157267,0.05460966850833995,0.04415624162986497
MedEq,0.03810647865131055,0.03338764081334394,0.03409095708657664,0.02287951011278793,0.027172920524225576,0.036808458548054014,0.048443556252581406,0.05490795369817315,0.04363921841461479,0.04709355782525813,0.03834518774583002,0.04309331262748213,0.042581021375694986,0.05488089286417792,0.04736762236536936,0.04300569220174742,0.04986150096266879,0.06606845340905482,0.07047922390627485,0.06108098560127084,0.057251719601270845,0.04877512550277998,0.06312039590945194,0.04707890652581413,0.059287439795075454,0.03997449690548054,0.046861634930897546,0.05879297277521842,0.08173076713105641,0.06454536197776012,0.03387910620810167,0.05060708694042891,0.046117151599682285,0.04247193854487689,0.045861095494837176,0.04261914677680699,0.046355102706910255,0.042704673226370136,0.0573390706417792,0.04680548684034948,0.050491464119142175,0.044456352462271635,0.050038289442414605,0.04371081455123113,0.03646027219539316,0.052187295374106414,0.05587124531532961,0.05398519497855442,0.04348130012549644
Drugs,0.041596121880857824,0.037371709401112,0.03746763044320889,0.024566991841143762,0.030900136203335975,0.04237149068149325,0.05424090685305798,0.061130719987291506,0.04791254371405876,0.05189352785385225,0.04202463682922955,0.042581021375694986,0.055218579355043686,0.061793564911834784,0.052351007904686275,0.04645122685305799,0.05503782847339159,0.0741964134138205,0.07806168120095314,0.06785429999046862,0.06369528358379666,0.054259688158856234,0.07003839116759333,0.05270941955837966,0.06555239593963463,0.045846403920571877,0.05279438865131056,0.06569145138681491,0.08909869730897536,0.07186918303415409,0.03771707115488483,0.057065332861000795,0.05026314670055598,0.04752541492613185,0.05167519525972994,0.04759466148371722,0.05220773877045274,0.04750588845750595,0.06417983643526609,0.05241759063383638,0.0563742484384432,0.04931114668784748,0.055978458833995236,0.04910774497220015,0.040044346255758534,0.05739595646068308,0.06124164242096903,0.05986323742017474,0.04801816199523431
Chems,0.05949042468943606,0.051926644200158856,0.05212129917712471,0.036364472870532155,0.04343003628276408,0.060257695078633836,0.07679206036854645,0.08930776293248607,0.07086915371564734,0.07636943361715648,0.05587189806513104,0.05488089286417792,0.061793564911834784,0.10235087027164418,0.07692096431771246,0.06717654078157265,0.08027198699285146,0.11003694542017477,0.12041513483399523,0.10216104704050831,0.0958168201397935,0.07891789106910246,0.1054804607625099,0.07702467433836378,0.09693463453852263,0.062416996988085775,0.08703836288800633,0.10275595158697377,0.1474523943097696,0.11237620713264496,0.05551003322637014,0.08133092606513104,0.07036691444638604,0.06596376890865767,0.07225066361874503,0.06804569536457505,0.07391215804289118,0.06587395954249402,0.09320940654169978,0.07981977876409847,0.08140165135186656,0.07121432319301033,0.08067437221286738,0.0712116196028594,0.05806697447815727,0.08404574328196983,0.09036350591262908,0.08676784708181096,0.06795459037013506
Rubbr,0.05036891931850675,0.0462199893121525,0.04509676671326449,0.03041626518824463,0.03685066784749801,0.05202811973947577,0.06597499685623512,0.08003989730420968,0.0631065926163622,0.06758884468784751,0.048816219707704535,0.04736762236536936,0.052351007904686275,0.07692096431771246,0.08735843968069898,0.061032202956314535,0.07000529181254962,0.09098335494996025,0.09875650276250994,0.08515561025575852,0.08107922212708496,0.0675081897760127,0.09113678609213662,0.06700143329308976,0.08511620700714853,0.05274085484034948,0.05941230539952342,0.07687343444320889,0.10968159203971407,0.08837716010325652,0.0469386807593328,0.06970225393010325,0.06292087865289912,0.05750447408101667,0.06271422232565528,0.057812786173153316,0.06285197717871326,0.05716642128038127,0.08194778041143765,0.06835797913582208,0.07127883317394758,0.061371926568705305,0.07077994564575057,0.061188087212073076,0.052326061615567916,0.07359849648610009,0.0786248006449563,0.07498738748054014,0.05916129418427323
Txtls,0.0475978864003177,0.04002978260206513,0.03825144208737094,0.026196775224781574,0.03222596516282764,0.048286688902303414,0.06283176644797459,0.0764271440301827,0.05865625484988085,0.06260544182525814,0.04432146423193011,0.04300569220174742,0.04645122685305799,0.06717654078157265,0.061032202956314535,0.0965839272104845,0.06571598634471804,0.08703012616203334,0.08845277831771246,0.07541751330262111,0.07246266308339955,0.05853328485464653,0.0818478804686259,0.05799516664336773,0.0772346803320095,0.0492561634598888,0.05871581622081018,0.07243317658141385,0.09836186066878476,0.07983291395552027,0.03939882964575059,0.06204523928673548,0.05639458587450357,0.050477525061159635,0.05425459406830817,0.050718442865766475,0.055014284330420986,0.05095151317553614,0.0768013658316124,0.05976071493884035,0.06493809807307388,0.05511971397140587,0.06490045549801428,0.057998922223987275,0.046342444150913424,0.06619606929626687,0.0740741801652105,0.0660459034169976,0.05260869930262114
BldMt,0.05459494297696584,0.04754211391262907,0.04571207450992852,0.03138137827482128,0.037665313963463065,0.05561589487529785,0.07231447905321682,0.083364506802224,0.06592302498490865,0.07127792839396346,0.05108612343764893,0.04986150096266879,0.05503782847339159,0.08027198699285146,0.07000529181254962,0.06571598634471804,0.08229143603494835,0.10220295330262111,0.10662908231294677,0.0921646083621922,0.08603399919936457,0.07113323595869736,0.09547635364575062,0.07046607604765687,0.08947234154725972,0.056709910989674345,0.06982411125655281,0.08689788665289913,0.12409609073232725,0.09613556006354249,0.04822729107545671,0.07324166197934869,0.0662083477172359,0.06066503881810962,0.065715090700556,0.060021373572676714,0.06600886576012709,0.05976238564575057,0.08598777470373314,0.07217945379507544,0.0753549055949166,0.06446830055599684,0.07577241889753772,0.0657766187132645,0.054661405286735514,0.07678264548371724,0.08427990237331213,0.08008114013661635,0.06228692936616362
Cnstr,0.07350625250039713,0.06311784344400316,0.05957812021286734,0.040809711205718815,0.04731523734710087,0.07327422192851468,0.09669751323113579,0.11099174965369338,0.08856048404765685,0.100982638457506,0.0675556821509134,0.06606845340905482,0.0741964134138205,0.11003694542017477,0.09098335494996025,0.08703012616203334,0.10220295330262111,0.20184813092772041,0.14638518232088962,0.12303222879110402,0.11571922572041303,0.0966920474598888,0.12969523106433678,0.09197486211596503,0.11950287715488478,0.07456279243526606,0.1056649601763304,0.12191574677998412,0.17500110518030185,0.1314992743367752,0.06334483644479748,0.09807256004924543,0.08799347956791106,0.08193883886576646,0.08808358892136617,0.0821078882986497,0.08994807327402699,0.08050078656711676,0.116502212598888,0.09644254331056394,0.10197202855758537,0.0859423138443209,0.10471840428276408,0.09064707548848293,0.07634025034630657,0.11193496365687053,0.11337121546306594,0.10895941541064334,0.08489220252740273
Steel,0.07892726367116756,0.06761439966957902,0.06605333891342335,0.04643707478316124,0.05377606270055601,0.07587463421127877,0.09925745583955518,0.11315273967116761,0.09049739267990467,0.09845278421127882,0.07132434263065923,0.07047922390627485,0.07806168120095314,0.12041513483399523,0.09875650276250994,0.08845277831771246,0.10662908231294677,0.14638518232088962,0.17434822719459891,0.1384040495885624,0.12711269829864974,0.1033841981318507,0.13419207662430502,0.10057657689912627,0.1268823670865767,0.08107681703256552,0.12657022566957904,0.14452748880381255,0.21116296581254967,0.15474113692613187,0.07079464673232723,0.10284764346147733,0.09048214600794278,0.08506066474027005,0.09476737667037331,0.08597732164575057,0.09576362553455123,0.08553496332962668,0.1184780169960286,0.10458731857982523,0.10577192164098487,0.0933245481254964,0.10321743368387608,0.09134400314535344,0.07229551405401112,0.10661517486576648,0.11594962418745035,0.11177171705957109,0.08917642605083397
FabPr,0.07177736887053218,0.05897042650992852,0.05708288086417792,0.039624569283558356,0.04696453801429706,0.06791673662271644,0.08616784118189041,0.09885638324384434,0.07818292722478158,0.08728395832247814,0.06339020454964259,0.06108098560127084,0.06785429999046862,0.10216104704050831,0.08515561025575852,0.07541751330262111,0.0921646083621922,0.12303222879110402,0.1384040495885624,0.15555521935504368,0.10914817676886417,0.09029449136775217,0.11753458792692617,0.08906947191739475,0.1109595986084194,0.06959934152184274,0.09922815443367751,0.11486502663701352,0.17214063046227168,0.12855998506751393,0.06084992402223989,0.08835524005718821,0.07939586339634629,0.07442044355202539,0.0832878250929309,0.07557833077680697,0.0829034973407466,0.07456311346147737,0.10401995888165208,0.09084985767116759,0.09097165460206513,0.0811124384432089,0.09089763742017475,0.07920231100873706,0.06451961805877682,0.09223145561874507,0.10029343794122318,0.09739821902462271,0.07774075360762507
Mach ,0.0635232278649722,0.054954778287529794,0.05331465761080222,0.037127740073073866,0.04511657437648928,0.06268775904050834,0.08028682661000797,0.09516287759015088,0.07417978092454329,0.08116412321048452,0.05870560201111995,0.057251719601270845,0.06369528358379666,0.0958168201397935,0.08107922212708496,0.07246266308339955,0.08603399919936457,0.11571922572041303,0.12711269829864974,0.10914817676886417,0.10523788946624307,0.0829037212772041,0.10960145428911831,0.08174523923431293,0.10321343075615567,0.06600368162351071,0.09047794992692615,0.10666672785067512,0.15555280762351076,0.11936506000794281,0.05718149477045273,0.08430073829864973,0.0742669316155679,0.06972999757585385,0.0770939078856235,0.07056432580778396,0.07780711919618745,0.07006421330579822,0.09820015208737093,0.08327199689594918,0.0853576457394758,0.07496155028594122,0.08488587778236693,0.07436300629070693,0.06072726855758538,0.08728085677204128,0.09509357446544875,0.09154075134074662,0.07226869680540113
ElcEq,0.05151132958856234,0.04640699341064337,0.04571701978713265,0.03030131821445592,0.03785774554408262,0.0538480491437649,0.06761320164575058,0.0776709135949166,0.06206935506274822,0.06757796634789513,0.04914016307545671,0.04877512550277998,0.054259688158856234,0.07891789106910246,0.0675081897760127,0.05853328485464653,0.07113323595869736,0.0966920474598888,0.1033841981318507,0.09029449136775217,0.0829037212772041,0.07832477582843526,0.09041886897537728,0.06804909697855441,0.08495057775377282,0.05666590394281175,0.06894176356473392,0.08636818330738684,0.12435995431930102,0.0957053412867355,0.046896200679904694,0.07094540006989673,0.062095243513899896,0.05858010491501191,0.06441668737728357,0.05942353603812548,0.06543705211119935,0.0585772587386815,0.08107195698808577,0.0686433488101668,0.07158413850357426,0.06207705353455124,0.07043169601906277,0.06135360320889594,0.051394464006354244,0.07323051245115171,0.07910448583955522,0.07649184200794282,0.06071343247656869
Autos,0.06456808849086576,0.061039377696584594,0.057136356362192206,0.041492036791104046,0.04809651598093725,0.07213026065131053,0.09375397772041301,0.11091352145353453,0.08548678357426528,0.09326051841938043,0.06566786536934074,0.06312039590945194,0.07003839116759333,0.1054804607625099,0.09113678609213662,0.0818478804686259,0.09547635364575062,0.12969523106433678,0.13419207662430502,0.11753458792692617,0.10960145428911831,0.09041886897537728,0.14197638830023832,0.08906684033359809,0.11527737363780774,0.07250904544876885,0.08937212243844318,0.1075671208101668,0.15537582207307382,0.11955231061953929,0.060389095361397936,0.09495877101667989,0.08506983504368545,0.07750117999999998,0.0842129758061954,0.07756933575853851,0.0849623548689436,0.07710936530579825,0.1150292460921366,0.09279745072279583,0.09734151829229547,0.08265758463065924,0.0979599177760127,0.08682135034154088,0.07039126618745035,0.09881727382049245,0.10593333386814933,0.10181971921366167,0.08130999859412232
Aero ,0.05098741322001588,0.04595779851310562,0.04578038480063543,0.032986220924543286,0.0386696885146942,0.05220290921683875,0.06560709201270848,0.0768517178808578,0.06132176226211279,0.06797391577760126,0.048342022004765686,0.04707890652581413,0.05270941955837966,0.07702467433836378,0.06700143329308976,0.05799516664336773,0.07046607604765687,0.09197486211596503,0.10057657689912627,0.08906947191739475,0.08174523923431293,0.06804909697855441,0.08906684033359809,0.08392549190786339,0.08366012753296266,0.056916342563939626,0.06597585797934868,0.08129100006989674,0.1163594622366958,0.09042707185067513,0.04836233546624306,0.0694595771850675,0.06203257849722001,0.05757043178395551,0.06326556080698967,0.05796565491977761,0.0635987056203336,0.05709576551548847,0.0806260568355838,0.06838829606354248,0.07169800528355838,0.06161848119142175,0.07135891661318505,0.06226855294678316,0.049934137051628254,0.07316133368705321,0.07657865914535347,0.07588316927402701,0.05930502633518664
Ships,0.06475348304845115,0.057322409258141374,0.055524312524225565,0.03713751927561556,0.045448969038919776,0.0657317478697379,0.08475562279428114,0.10174259392692614,0.07867699330897537,0.08704576603494837,0.061471670109610806,0.059287439795075454,0.06555239593963463,0.09693463453852263,0.08511620700714853,0.0772346803320095,0.08947234154725972,0.11950287715488478,0.1268823670865767,0.1109595986084194,0.10321343075615567,0.08495057775377282,0.11527737363780774,0.08366012753296266,0.1337257815710881,0.06836297991739475,0.08609398386179508,0.1044275279396346,0.14751737827005557,0.11456762485305795,0.05728472009849084,0.0869200999221604,0.07922813920254172,0.07231959686417791,0.07894271603812548,0.07227579803653694,0.07913965573629864,0.0715641494900715,0.10333156305162824,0.08514091614614774,0.09205233783478951,0.07783881718030182,0.09169074439396342,0.0801254122319301,0.06475582186338362,0.09167728816838762,0.0992811998951549,0.09399924729308977,0.07525683628435265
Guns ,0.043445932451151706,0.038092480152501974,0.0367289636664019,0.025531923571088154,0.03343691552025418,0.042901264381254973,0.05512514398411438,0.06425479303256552,0.04844658938204924,0.053744713070691,0.040418834738681485,0.03997449690548054,0.045846403920571877,0.062416996988085775,0.05274085484034948,0.0492561634598888,0.056709910989674345,0.07456279243526606,0.08107681703256552,0.06959934152184274,0.06600368162351071,0.05666590394281175,0.07250904544876885,0.056916342563939626,0.06836297991739475,0.09030418502938839,0.056135305261318484,0.0684895054424146,0.09447418576965848,0.07385796910246226,0.03845637007783955,0.058339174490865765,0.05168060081969818,0.04765628443526609,0.051481621718824463,0.047675716390786334,0.051957891679110406,0.04718628249086577,0.06682622383161238,0.0561119748181096,0.05871679166640192,0.05013679652104844,0.05668440564257347,0.05006328111199363,0.041068742980142965,0.05879164299285146,0.06347182498490866,0.06176969112311359,0.047948391043685465
Gold ,0.054825292646544864,0.042940252600476556,0.04456783988244637,0.03334130204289118,0.03682660961080221,0.05119964981096108,0.06411281663383639,0.06664488098967435,0.058296287993645744,0.05992848940587769,0.047665265235901505,0.046861634930897546,0.05279438865131056,0.08703836288800633,0.05941230539952342,0.05871581622081018,0.06982411125655281,0.1056649601763304,0.12657022566957904,0.09922815443367751,0.09047794992692615,0.06894176356473392,0.08937212243844318,0.06597585797934868,0.08609398386179508,0.056135305261318484,0.292261697822081,0.14933934599205723,0.1866612425718824,0.13246630315329624,0.050599135374106416,0.06684862773471009,0.05342600173471008,0.055699923771247,0.061123172476568705,0.05674284221763304,0.06452118051469419,0.05694064669737886,0.07827332063383638,0.06952968410802221,0.06208561635107228,0.06178278977760128,0.060615660943606035,0.054942467863383644,0.038800749637807774,0.0660380317045274,0.07244344601429707,0.07184649529626685,0.059234691086576634
Mines,0.06774145871008738,0.054564998595710894,0.05544948503256552,0.037506338662430486,0.04297455650516282,0.06112555645432883,0.08225368536616359,0.08700044574106434,0.07309315646703732,0.07779486195075457,0.057371549210484506,0.05879297277521842,0.06569145138681491,0.10275595158697377,0.07687343444320889,0.07243317658141385,0.08689788665289913,0.12191574677998412,0.14452748880381255,0.11486502663701352,0.10666672785067512,0.08636818330738684,0.1075671208101668,0.08129100006989674,0.1044275279396346,0.0684895054424146,0.14933934599205723,0.1647653305099285,0.19588198643685467,0.14231744668784752,0.05805745045909453,0.08321333623828434,0.06967238280540111,0.06988452939158063,0.07664411350595708,0.07010670558856234,0.07916048932803812,0.07081972760603653,0.09519036289436061,0.0849132091310564,0.08307509717871327,0.07640615572676725,0.08110910308498809,0.07331557928514695,0.0557891654424146,0.08304474183320094,0.08995530644638601,0.09104425125019856,0.07344837773153298
Coal ,0.09655742443367751,0.07809534397458298,0.07497484232883239,0.05187353495790309,0.0642646515488483,0.08463508904845114,0.11368237494996031,0.1299155290913423,0.10050505317235901,0.11184976950119144,0.08085537255917395,0.08173076713105641,0.08909869730897536,0.1474523943097696,0.10968159203971407,0.09836186066878476,0.12409609073232725,0.17500110518030185,0.21116296581254967,0.17214063046227168,0.15555280762351076,0.12435995431930102,0.15537582207307382,0.1163594622366958,0.14751737827005557,0.09447418576965848,0.1866612425718824,0.19588198643685467,0.3602690016505163,0.22149792450357422,0.08828619071961873,0.11878407752025412,0.10037803064654487,0.09776808494678314,0.10879320161080222,0.09778255983478952,0.11000089066560763,0.09823397038284352,0.13682903834630655,0.1212682665702939,0.11634428154567115,0.10803149735504368,0.11398478176965843,0.10126278700555996,0.07831711862907069,0.1202608168355838,0.13110220299602857,0.12664295172200157,0.10451868006195392
Oil  ,0.07450387355837965,0.06062046081016679,0.0600625997299444,0.04162301947577442,0.05235341733121525,0.07042351701350277,0.08815117841938047,0.10151517676727563,0.07937020889594917,0.08515516963463066,0.06579334260524226,0.06454536197776012,0.07186918303415409,0.11237620713264496,0.08837716010325652,0.07983291395552027,0.09613556006354249,0.1314992743367752,0.15474113692613187,0.12855998506751393,0.11936506000794281,0.0957053412867355,0.11955231061953929,0.09042707185067513,0.11456762485305795,0.07385796910246226,0.13246630315329624,0.14231744668784752,0.22149792450357422,0.1785174890468626,0.07152773637807786,0.09399271922954727,0.07903666217633042,0.07647994870532167,0.08493604322478158,0.07679867866560765,0.08647201158061953,0.0772098122954726,0.10743530127879272,0.09340350276409848,0.08968056455123115,0.08397969671961872,0.08696635691818905,0.07722995694996028,0.0635905815488483,0.0957128489118348,0.10561229761715644,0.0985342406115965,0.08191740498014294
Util ,0.03658943854169976,0.03354567333439237,0.03445192738999206,0.025355454189038926,0.03102931301032564,0.0361799002573471,0.044210286135027796,0.05264650053375696,0.04121530103891978,0.04507643688959492,0.03498586302144559,0.03387910620810167,0.03771707115488483,0.05551003322637014,0.0469386807593328,0.03939882964575059,0.04822729107545671,0.06334483644479748,0.07079464673232723,0.06084992402223989,0.05718149477045273,0.046896200679904694,0.060389095361397936,0.04836233546624306,0.05728472009849084,0.03845637007783955,0.050599135374106416,0.05805745045909453,0.08828619071961873,0.07152773637807786,0.04589403106592534,0.049477374007942825,0.0432453717299444,0.039866115882446373,0.043229285000794274,0.04064989939952344,0.04320371998093725,0.038854821146942026,0.056157554246227176,0.05027740891501192,0.04777887241620334,0.042690888149324854,0.04790512878157267,0.04066093661636218,0.034811560435266085,0.05398993600635423,0.053526685070691006,0.05250019106910246,0.04208195037013504
Telcm,0.053167690327243826,0.048520952266878484,0.049286610462271646,0.03312289267037331,0.03967724258935663,0.056626806951548835,0.07251404926290705,0.08611633102938841,0.0646987541096108,0.07051700263860207,0.05157543038284352,0.05060708694042891,0.057065332861000795,0.08133092606513104,0.06970225393010325,0.06204523928673548,0.07324166197934869,0.09807256004924543,0.10284764346147733,0.08835524005718821,0.08430073829864973,0.07094540006989673,0.09495877101667989,0.0694595771850675,0.0869200999221604,0.058339174490865765,0.06684862773471009,0.08321333623828434,0.11878407752025412,0.09399271922954727,0.049477374007942825,0.0831020091167593,0.06670519576171563,0.060935071380460684,0.06710802725019856,0.061960227062748195,0.0671410795138999,0.05951996180460683,0.0866542327545671,0.07002796804765685,0.07482925415885625,0.0640046564336775,0.07602959412867352,0.0666257292136616,0.054671171178713264,0.0785589227926926,0.08431463365528198,0.08069272798888005,0.06232872317553613
PerSv,0.047220186319301034,0.04403942452104845,0.043250960997617154,0.029555085699761716,0.035329919332803814,0.049013071593328024,0.06572026037807784,0.07737463431930104,0.058018019183478944,0.06421055086258934,0.04809532490548053,0.046117151599682285,0.05026314670055598,0.07036691444638604,0.06292087865289912,0.05639458587450357,0.0662083477172359,0.08799347956791106,0.09048214600794278,0.07939586339634629,0.0742669316155679,0.062095243513899896,0.08506983504368545,0.06203257849722001,0.07922813920254172,0.05168060081969818,0.05342600173471008,0.06967238280540111,0.10037803064654487,0.07903666217633042,0.0432453717299444,0.06670519576171563,0.07415868914376486,0.05495728859729947,0.059229246627482114,0.055217761855440826,0.05898757908181096,0.05350695975853851,0.07801320967752186,0.06355041920254172,0.06710667215885621,0.05788308965845909,0.06962361828752975,0.06032020638602064,0.049596152908657674,0.07016403727402702,0.07676068741540905,0.07210904052740269,0.05522740675456711
BusSv,0.04383246434630659,0.04015480303733122,0.03918479128832407,0.02617124863542494,0.031029974106433683,0.04513160834948371,0.05880934958856235,0.06912891716918189,0.053501246627482124,0.05830045703891977,0.043131827825258144,0.04247193854487689,0.04752541492613185,0.06596376890865767,0.05750447408101667,0.050477525061159635,0.06066503881810962,0.08193883886576646,0.08506066474027005,0.07442044355202539,0.06972999757585385,0.05858010491501191,0.07750117999999998,0.05757043178395551,0.07231959686417791,0.04765628443526609,0.055699923771247,0.06988452939158063,0.09776808494678314,0.07647994870532167,0.039866115882446373,0.060935071380460684,0.05495728859729947,0.05367941763939636,0.055037848743447165,0.05128656761874503,0.05566211851310564,0.050216689111993625,0.06995406944241461,0.05869939897696585,0.061316378011119936,0.05332710997617156,0.06204873363621922,0.05417196613185068,0.04409673341064338,0.06334019801111992,0.06742333857982527,0.06584685562192216,0.05164083694042891
Hardw,0.04910034339316917,0.0427789397172359,0.04393499491024623,0.02889586220174742,0.035482636822875294,0.050325042821286727,0.06434785481493249,0.07342485985385223,0.05777777333121524,0.06348872963621922,0.04643692278951548,0.045861095494837176,0.05167519525972994,0.07225066361874503,0.06271422232565528,0.05425459406830817,0.065715090700556,0.08808358892136617,0.09476737667037331,0.0832878250929309,0.0770939078856235,0.06441668737728357,0.0842129758061954,0.06326556080698967,0.07894271603812548,0.051481621718824463,0.061123172476568705,0.07664411350595708,0.10879320161080222,0.08493604322478158,0.043229285000794274,0.06710802725019856,0.059229246627482114,0.055037848743447165,0.0686517785607625,0.05703231738840349,0.06325723095154887,0.05577083398888007,0.07602897647974584,0.06426965019221607,0.06666738589038919,0.058009583240667184,0.06777273601906272,0.05945322354249402,0.047520605944400315,0.068099423872915,0.07260832730103257,0.07235957114217635,0.05665636672597299
Softw,0.0450632497601271,0.03997327883717235,0.040167915145353464,0.027883135542494046,0.032300748657664816,0.04538692324702144,0.05857878053057984,0.06849480904209689,0.053056304031771244,0.058703554891183465,0.04288801525655281,0.04261914677680699,0.04759466148371722,0.06804569536457505,0.057812786173153316,0.050718442865766475,0.060021373572676714,0.0821078882986497,0.08597732164575057,0.07557833077680697,0.07056432580778396,0.05942353603812548,0.07756933575853851,0.05796565491977761,0.07227579803653694,0.047675716390786334,0.05674284221763304,0.07010670558856234,0.09778255983478952,0.07679867866560765,0.04064989939952344,0.061960227062748195,0.055217761855440826,0.05128656761874503,0.05703231738840349,0.05567540108657664,0.057443368603653684,0.05072424286576649,0.0708106700174742,0.05871703457347101,0.06194858356155679,0.053714155488482906,0.06252202366322478,0.05456235463065925,0.0446492047466243,0.0638324101223193,0.06835575886258935,0.06736375357585384,0.051591654640190616
Chips,0.049122180915011915,0.04290925650833995,0.04375190722160444,0.028862308079428117,0.03474623723590151,0.05099117552978557,0.06479775213026209,0.07375365067196188,0.05802724462589358,0.06374693614932485,0.04663039087529786,0.046355102706910255,0.05220773877045274,0.07391215804289118,0.06285197717871326,0.055014284330420986,0.06600886576012709,0.08994807327402699,0.09576362553455123,0.0829034973407466,0.07780711919618745,0.06543705211119935,0.0849623548689436,0.0635987056203336,0.07913965573629864,0.051957891679110406,0.06452118051469419,0.07916048932803812,0.11000089066560763,0.08647201158061953,0.04320371998093725,0.0671410795138999,0.05898757908181096,0.05566211851310564,0.06325723095154887,0.057443368603653684,0.06719859158697379,0.05665833784908657,0.0762859227545671,0.06442268002541697,0.06735922001270851,0.05867432449563144,0.06743302393010327,0.05934111383637808,0.04744942796187451,0.06764926263383639,0.07303550331374106,0.07220814899761714,0.056628954843526605
LabEq,0.04406361115806194,0.03896334409531375,0.0388759242319301,0.026535229140587764,0.031063824400317703,0.04591200343764893,0.05742791082446387,0.06622861863701353,0.05274981666084192,0.057641851285146935,0.04300514304050833,0.042704673226370136,0.04750588845750595,0.06587395954249402,0.05716642128038127,0.05095151317553614,0.05976238564575057,0.08050078656711676,0.08553496332962668,0.07456311346147737,0.07006421330579822,0.0585772587386815,0.07710936530579825,0.05709576551548847,0.0715641494900715,0.04718628249086577,0.05694064669737886,0.07081972760603653,0.09823397038284352,0.0772098122954726,0.038854821146942026,0.05951996180460683,0.05350695975853851,0.050216689111993625,0.05577083398888007,0.05072424286576649,0.05665833784908657,0.055625419323272446,0.06949566842891183,0.057557213604447974,0.06076139954249404,0.053153507926926136,0.06038968942970612,0.05352708139793486,0.043292557407466244,0.0615771857220016,0.0658970407688642,0.06495931875456712,0.05150412733280381
Paper,0.06260985458459094,0.05595279630182683,0.05141507276568706,0.03670391935822081,0.045559356076250994,0.0650387775313741,0.08419175058141383,0.09969016226052424,0.07599915159968225,0.08347397258300236,0.05986101926290707,0.0573390706417792,0.06417983643526609,0.09320940654169978,0.08194778041143765,0.0768013658316124,0.08598777470373314,0.116502212598888,0.1184780169960286,0.10401995888165208,0.09820015208737093,0.08107195698808577,0.1150292460921366,0.0806260568355838,0.10333156305162824,0.06682622383161238,0.07827332063383638,0.09519036289436061,0.13682903834630655,0.10743530127879272,0.056157554246227176,0.0866542327545671,0.07801320967752186,0.06995406944241461,0.07602897647974584,0.0708106700174742,0.0762859227545671,0.06949566842891183,0.11788102045909447,0.08552362514058778,0.087909088598888,0.07466624988880065,0.08838937728991261,0.07731832190627483,0.06471668841461477,0.09263679411914216,0.09701819063701349,0.09350612976806989,0.07306531462907069
Boxes,0.05135897946624304,0.04776655365845908,0.045899744025416994,0.030190314891183474,0.04145905458300238,0.053504134494042885,0.06880869864019062,0.07882248454646544,0.061793035596505175,0.06856574982366957,0.04975198412073072,0.04680548684034948,0.05241759063383638,0.07981977876409847,0.06835797913582208,0.05976071493884035,0.07217945379507544,0.09644254331056394,0.10458731857982523,0.09084985767116759,0.08327199689594918,0.0686433488101668,0.09279745072279583,0.06838829606354248,0.08514091614614774,0.0561119748181096,0.06952968410802221,0.0849132091310564,0.1212682665702939,0.09340350276409848,0.05027740891501192,0.07002796804765685,0.06355041920254172,0.05869939897696585,0.06426965019221607,0.05871703457347101,0.06442268002541697,0.057557213604447974,0.08552362514058778,0.09146152845750594,0.07358696289436062,0.062479765162827654,0.07333786642732328,0.0637980431771247,0.05207160279269262,0.0763545033073868,0.07895381350913425,0.07871696607783957,0.060264434735504364
