,Agric,Food ,Soda ,Beer ,Smoke,Toys ,Fun  ,Books,Hshld,Clths,Hlth ,MedEq,Drugs,Chems,Rubbr,Txtls,BldMt,Cnstr,Steel,FabPr,Mach ,ElcEq,Autos,Aero ,Ships,Guns ,Gold ,Mines,Coal ,Oil  ,Util ,Telcm,PerSv,BusSv,Hardw,Softw,Chips,LabEq,Paper,Boxes,Trans,Whlsl,Rtail,Meals,Banks,Insur,RlEst,Fin  ,Other
Agric,0.09083461680698963,0.034767404289118356,0.033658925464654474,0.0218543877045274,0.03043493750595711,0.03649982370135028,0.04947973525019857,0.06001431231135822,0.04790238281175536,0.048871502907069105,0.038148840540111174,0.037850688228752975,0.041384068022239866,0.05913764177918982,0.0500981558061954,0.0471820879110405,0.05438903326449562,0.07336882741858615,0.0785261485305798,0.07135673023034153,0.06327172308181092,0.05119214300238285,0.06416959332803814,0.05057236069896741,0.06436827901509133,0.04305743561556791,0.054536183891977785,0.06751229512311356,0.09634070957903097,0.07437602538522638,0.03658412686258936,0.05293050633836378,0.0468815638443209,0.04354073200953137,0.04878115463065923,0.04484505216838762,0.04887209931691818,0.04383211469420175,0.06229008934074662,0.05122566538522636,0.05392478039714059,0.047479435647339134,0.05310550640190626,0.046568379920571876,0.03959735377283558,0.054751628149324855,0.05924057334392374,0.0581398723749007,0.04587225655281971
Food ,0.034767404289118356,0.0388989796282764,0.033276432644956305,0.022913771866560764,0.028268105448768854,0.035150242706910244,0.04621926122001589,0.05340375680063542,0.04174947116759332,0.04598096603018268,0.03477605426528991,0.033397800190627484,0.037408273839555195,0.051897770306592525,0.046134798163621926,0.03995464236695791,0.04759968677362988,0.06328546702779984,0.0675993065099285,0.058847139745830016,0.05493575860841938,0.04640414106115963,0.06109839303256553,0.04583803405877679,0.057210160133439235,0.038029374309769666,0.0427792805655282,0.05467710257029387,0.07827114326608418,0.060777179100873706,0.03368620019062748,0.048457461903097694,0.04395742006354249,0.04014598398093724,0.04269629014455916,0.039951821394757746,0.04286872624305004,0.03893737396664018,0.05583408323113579,0.04782974564892772,0.04865325682922955,0.0422041262494043,0.04882678759650516,0.04292029210166798,0.03550689356314535,0.05173114272915011,0.052837641725178706,0.052476672819698145,0.04116861370293883
Soda ,0.033658925464654474,0.033276432644956305,0.07509973025416997,0.026105076624305,0.029240426528991264,0.03744849671167594,0.044918230365369335,0.05072696761715648,0.04093690779984113,0.044078343812549645,0.03410354737092931,0.03398548460683082,0.03746788000794281,0.05206008509928514,0.04491967666401906,0.0379256494598888,0.045792387291501195,0.06011607443208895,0.06612243488482923,0.0569381761477363,0.05333013321683875,0.04567145162033359,0.05750566890389197,0.04550896584590946,0.05526814058776807,0.03647488050833995,0.04431563629864973,0.05569846854646545,0.0753211006115965,0.06074239509134233,0.034803821111993635,0.04921025475774425,0.04311469886417792,0.039165297394757735,0.043839810714853045,0.04019017839555202,0.04370809888006355,0.03881092586179507,0.051359955416997616,0.04631631886417792,0.04694697681493248,0.04229026809372518,0.04803488328832406,0.04198004021445592,0.034122176131850666,0.050113991914217636,0.05324909808578235,0.0522246446068308,0.039087013939634624
Beer ,0.0218543877045274,0.022913771866560764,0.026105076624305,0.04747937683081811,0.02038135691818904,0.027058343351866562,0.03043389266878475,0.034598410127084984,0.02750902627482128,0.03147081183478952,0.02293027153296267,0.022814556791104043,0.024529448173153293,0.036254951914217626,0.03037695050039713,0.026185047426528992,0.03135202436854647,0.04090092841143764,0.04641162548054011,0.03946479133439237,0.03702833699761716,0.030247722724384432,0.04152820491660049,0.032806187227958715,0.03703097118347895,0.025385406862589357,0.03342570209690229,0.03759484255758539,0.05193211427323273,0.04170529367752184,0.02545926171564733,0.03307298740270056,0.029503280277998405,0.02611008805401112,0.028791653447180293,0.02785340873709293,0.028805283216838767,0.026443670230341533,0.03662634245432882,0.03015350027799841,0.03270012226370136,0.02901628696584591,0.03281180306592533,0.029556814956314535,0.022444319642573467,0.034611355472597305,0.03659754707704527,0.03450575980937251,0.027790442406671965
Smoke,0.03043493750595711,0.028268105448768854,0.029240426528991264,0.02038135691818904,0.07316065404289118,0.02948322745035743,0.03626086036536932,0.0417396111517077,0.032980387672756156,0.03768670007942811,0.028370802096902306,0.027278229388403498,0.03112531301032566,0.04349812861000794,0.03702989998411437,0.03218627161239079,0.0379128707545671,0.04789584362192216,0.05401734795869737,0.047009815853852256,0.04535509696584591,0.03808027485305798,0.04838442093725178,0.03864570967434472,0.04558550157267673,0.033599180778395556,0.03719303625099285,0.04358180505162827,0.0651759534551231,0.05335533153296268,0.03154848927720413,0.03987247482128674,0.0353485291183479,0.031133793995234305,0.035532084924543295,0.032434997776012706,0.034903175250198565,0.031132591898332007,0.04558313928514693,0.041804019316918184,0.039269199269261326,0.03384476714853058,0.03884802789515488,0.03234994411437649,0.02920286236695791,0.04392261283558379,0.04236589464654488,0.043405330579825256,0.03229408822875297
Toys ,0.03649982370135028,0.035150242706910244,0.03744849671167594,0.027058343351866562,0.02948322745035743,0.07320742045432882,0.05563566149642572,0.06073083682922954,0.048710474630659244,0.05380808162668785,0.038525983351866556,0.03671345366163622,0.04228420925814138,0.060150087135822095,0.051828701439237485,0.04819873687053217,0.05562650957267673,0.07355942178872123,0.07591976227482132,0.06774663212073073,0.06260546379030976,0.05378336443526608,0.07227472730103254,0.05201451831612391,0.0654915598347895,0.04270116573788721,0.05123107031612389,0.061506559764892776,0.0849087557172359,0.07067086525178713,0.03638458223987291,0.05658412243367752,0.04870122322478154,0.04501523844956314,0.050179769728355826,0.045355077922160446,0.0509270709451946,0.04579585850357427,0.06496019929467832,0.05371456045115171,0.05605030804765687,0.04818326232883242,0.056644583872915016,0.04974804608737094,0.04118140303733122,0.058314258795869746,0.06491779069737885,0.05985727358220811,0.047963146789515486
Fun  ,0.04947973525019857,0.04621926122001589,0.044918230365369335,0.03043389266878475,0.03626086036536932,0.05563566149642572,0.08495178964098489,0.08138351476250989,0.06355156546465449,0.06979831809054804,0.04948469180301828,0.04846315482128674,0.05431319126449563,0.07669349079269261,0.06590703604765688,0.06271313397140588,0.07236897056711676,0.09700951543606036,0.09921455136457506,0.0860203702065131,0.08034119868467034,0.06760597559809374,0.09375073243367751,0.06546153016679904,0.08468109580937251,0.055121908060365356,0.06393493871008736,0.08245683477998414,0.11385125671644161,0.0883847819571088,0.04443621145353454,0.07251960904527403,0.06550276863383635,0.058803324,0.06431781841620335,0.05857517789356632,0.06481029328832406,0.05747246078792693,0.08413041049563146,0.06905258016362191,0.07298239071803016,0.061626891464654485,0.0750340726703733,0.06662087634471803,0.05323775300873709,0.07423921095154881,0.0810538427847498,0.07807472835583798,0.061199641243844326
Books,0.06001431231135822,0.05340375680063542,0.05072696761715648,0.034598410127084984,0.0417396111517077,0.06073083682922954,0.08138351476250989,0.12815910241620335,0.07647262799046861,0.08131312642732327,0.0576501048610008,0.054794319555202545,0.06108856860524225,0.08906062191898333,0.07982535987926927,0.07622003888006354,0.08324264601111991,0.11108248371564738,0.1128152071930103,0.09847594215250198,0.09503456191262906,0.0774679908228753,0.11073445083240664,0.07650416473391579,0.1013676043272438,0.06401471435742653,0.06613098863542494,0.08684307844003175,0.12960140357585384,0.10143046464495634,0.05273179353455124,0.08594100374583001,0.07699312310563938,0.06894944350436852,0.07322500664177921,0.06841416026687851,0.07365947216044479,0.06615550815250199,0.09948124152343128,0.07888875167752185,0.08414269278633839,0.07152568605083401,0.0874136051818904,0.07648697137887213,0.06393716025893566,0.08845886633518665,0.09775170322637013,0.08957556028594121,0.0694248668006354
Hshld,0.04790238281175536,0.04174947116759332,0.04093690779984113,0.02750902627482128,0.032980387672756156,0.048710474630659244,0.06355156546465449,0.07647262799046861,0.07149752235107228,0.06487167145353455,0.044960989420174735,0.04363750694201748,0.047940731342335195,0.07074782592533757,0.06305954144559174,0.05854079980937252,0.06597716301826846,0.08884965073868151,0.09048793696584594,0.07806200139793486,0.07420946697378875,0.06205547227958698,0.08552296384432088,0.061155225321683875,0.07862633032565529,0.04836242716441621,0.05828987704527403,0.0733981120889595,0.10076061893566322,0.07972118754567119,0.0414747535186656,0.06466996536934072,0.057861519364575065,0.053463864876886404,0.05767822694201746,0.05302531272438442,0.058024040444797455,0.05276513089753773,0.07595025855440828,0.06204008873709291,0.06686923253375693,0.05650583723590151,0.06798274360603654,0.05963032298649722,0.04960077950754567,0.06727092447974581,0.07465742001588563,0.07032043958697377,0.055450996727561555
Clths,0.048871502907069105,0.04598096603018268,0.044078343812549645,0.03147081183478952,0.03768670007942811,0.05380808162668785,0.06979831809054804,0.08131312642732327,0.06487167145353455,0.08542296520413026,0.04869743475774424,0.04702454106433677,0.051832019923749,0.0761762549451946,0.06740854164257348,0.062419448244638596,0.07121621360444796,0.1010865111898332,0.0981840794725973,0.08695388201747418,0.08097490059412234,0.06745895345194597,0.09311532885464652,0.0677085669579031,0.08681032388244636,0.05359897046544875,0.05958753689594914,0.07767326905162827,0.11165115222557588,0.08506717042732329,0.04518017127879269,0.07036985669261317,0.06394151423351865,0.05817950340905482,0.06327933789674346,0.05858563813820492,0.06361967680698967,0.05757502286258935,0.08327141622557585,0.06863974218586177,0.0738916379571088,0.061976245296266864,0.07868648599205716,0.06756398481016677,0.0520068698935663,0.07439292160127084,0.0804022615186656,0.07721895488482922,0.06008075533915806
Hlth ,0.038148840540111174,0.03477605426528991,0.03410354737092931,0.02293027153296267,0.028370802096902306,0.038525983351866556,0.04948469180301828,0.0576501048610008,0.044960989420174735,0.04869743475774424,0.04566847818903892,0.038319434249404274,0.04202533148530581,0.055809147259729935,0.048703021922160444,0.044243158236695786,0.05110329089753772,0.0677573210325655,0.0712603722319301,0.06320791582208102,0.05866135148530581,0.04911367073868148,0.06565225212073073,0.04818983571088163,0.06131366379666402,0.04035319644162034,0.047488741890389194,0.057536013375695014,0.08100471385226367,0.06596465648927718,0.035160096521048456,0.05153644994440029,0.04784555617156474,0.043081069070691015,0.046308662764098486,0.042855736203335985,0.04656772338363781,0.04296017998411437,0.05974311569499604,0.04991448386020652,0.05171249056393964,0.045575244940428895,0.05162954017474185,0.04549341666401904,0.0371770972359015,0.054690818363780785,0.05766934034948374,0.054554624559173946,0.04415641977760128
MedEq,0.037850688228752975,0.033397800190627484,0.03398548460683082,0.022814556791104043,0.027278229388403498,0.03671345366163622,0.04846315482128674,0.054794319555202545,0.04363750694201748,0.04702454106433677,0.038319434249404274,0.043098184908657675,0.042663826179507536,0.05476267444003178,0.04727476565528197,0.042826050929308995,0.04985615637807783,0.06619387482128675,0.07032521166004764,0.06090557575853851,0.05722751666401906,0.048762374297061165,0.0631138423510723,0.04692985591739474,0.059150785067513895,0.0398909194598888,0.046506121620333615,0.05880658989674344,0.08185035259729945,0.06468316984908659,0.03402413728355839,0.050579610548054016,0.04598078468625894,0.04241019288324066,0.045809905067513895,0.04260709515488482,0.04636354246227164,0.04268518913423352,0.05719673823669578,0.04684126760921366,0.05037863704527402,0.04439690163621923,0.04999727437648927,0.0436383075774424,0.03639751091342335,0.05213891008737092,0.055769319364575035,0.05388788015885625,0.04346477985702939
Drugs,0.041384068022239866,0.037408273839555195,0.03746788000794281,0.024529448173153293,0.03112531301032566,0.04228420925814138,0.05431319126449563,0.06108856860524225,0.047940731342335195,0.051832019923749,0.04202533148530581,0.042663826179507536,0.055375274501985705,0.06177298981096108,0.05231059604130261,0.04638114736298649,0.05513260172835583,0.07442501314217632,0.07799704819062746,0.0678192350039714,0.06372325990150912,0.054347576649722,0.0700230742065131,0.05262445915806196,0.06547414844797457,0.04588053346465448,0.052685138621127885,0.06591005157426529,0.08928000314058776,0.07209366017156474,0.03793250368546465,0.05707673919936457,0.05014729770452739,0.047532681369340746,0.051625487795075455,0.0476113865861795,0.05223817317712468,0.047549599482128675,0.06409064497696583,0.052559302918189034,0.056347261005559965,0.049292629901509136,0.05598128291342335,0.04905551231294676,0.04002115342494041,0.057415123186656064,0.06121015543606036,0.05982794935663226,0.048046512052422566
Chems,0.05913764177918982,0.051897770306592525,0.05206008509928514,0.036254951914217626,0.04349812861000794,0.060150087135822095,0.07669349079269261,0.08906062191898333,0.07074782592533757,0.0761762549451946,0.055809147259729935,0.05476267444003178,0.06177298981096108,0.1019128866147736,0.07677532576965845,0.06688414622716442,0.08019574839078633,0.11018014538840344,0.12006000394598888,0.10175476703733122,0.09565520694519462,0.07873438111834788,0.10532772826370136,0.07662752978554406,0.0966891712660842,0.062209458243050055,0.08659954311040508,0.10252067126926129,0.14739035964733915,0.1124155914090548,0.05564448543288324,0.08118993725814139,0.07010044484511517,0.06575829443685463,0.07208644978236696,0.06791432048292295,0.07380598203335983,0.06574158048610008,0.09294506103574267,0.0798195831898332,0.08124263082128676,0.07102658970929307,0.08054003700714853,0.07105586734551228,0.05802408008578237,0.08393709411278792,0.09020610503256551,0.08658736127084989,0.06793081194281174
Rubbr,0.0500981558061954,0.046134798163621926,0.04491967666401906,0.03037695050039713,0.03702989998411437,0.051828701439237485,0.06590703604765688,0.07982535987926927,0.06305954144559174,0.06740854164257348,0.048703021922160444,0.04727476565528197,0.05231059604130261,0.07677532576965845,0.08714839004924543,0.0607853275615568,0.06988568348848292,0.09110768364733916,0.09854320405401112,0.08488904587768072,0.08096017101826847,0.06737345266401908,0.09098372081969817,0.06671967774424144,0.08474049187609213,0.052474567072279585,0.05886693741699761,0.07689898908975376,0.10970246704368544,0.08848290690389196,0.04703246071485305,0.0696401523621922,0.06255717957108815,0.057385854621127885,0.06259219686100083,0.05774880221127879,0.06276867615567909,0.05706133157744241,0.08171029769023033,0.0683209221350278,0.0711463563717236,0.06121483262271643,0.07068547588244638,0.06106816675456711,0.05217229018586179,0.07349904087688645,0.07842755695631451,0.07481509153296267,0.059036415097696575
Txtls,0.0471820879110405,0.03995464236695791,0.0379256494598888,0.026185047426528992,0.03218627161239079,0.04819873687053217,0.06271313397140588,0.07622003888006354,0.05854079980937252,0.062419448244638596,0.044243158236695786,0.042826050929308995,0.04638114736298649,0.06688414622716442,0.0607853275615568,0.09610011100079426,0.06547028978554406,0.08702600218427324,0.08803549286735503,0.07502204909451947,0.07225519310563941,0.05828639592533756,0.08163930369340745,0.05770932533756949,0.076931194598888,0.04902889868149325,0.05818970435266083,0.07180517475774424,0.09814442013502778,0.07974703525019858,0.03937817532962668,0.06197147671167594,0.056131763423351855,0.050278365512311345,0.0541385643288324,0.05063027418586179,0.05489569703733122,0.05085645402700557,0.07650473225575855,0.05969073281175536,0.0647597772915012,0.054908954702144554,0.0648129056235107,0.057943830333598095,0.04619325657664812,0.06604126327243845,0.07394401284352661,0.06583317969817314,0.05242612653693407
BldMt,0.05438903326449562,0.04759968677362988,0.045792387291501195,0.03135202436854647,0.0379128707545671,0.05562650957267673,0.07236897056711676,0.08324264601111991,0.06597716301826846,0.07121621360444796,0.05110329089753772,0.04985615637807783,0.05513260172835583,0.08019574839078633,0.06988568348848292,0.06547028978554406,0.08230342083558381,0.10249892031135822,0.10657832513423351,0.0920305657505957,0.0860713995488483,0.07115912716759334,0.09550316167752186,0.07027140057188247,0.08925988469579033,0.056597629343923726,0.06966414663065928,0.0869626221000794,0.12424471851310563,0.09647650102621129,0.04847321617156474,0.07323486130579825,0.06597254017474186,0.06064586793328036,0.06568159876727563,0.06006146966163621,0.06606337499602857,0.05979070374583003,0.08590884386973785,0.07238664690071485,0.07536625549801428,0.06447182954090547,0.07582730269737886,0.06577089908181094,0.05463050515011915,0.07681037091660047,0.08427206345353451,0.0800194059412232,0.06231111606671963
Cnstr,0.07336882741858615,0.06328546702779984,0.06011607443208895,0.04090092841143764,0.04789584362192216,0.07355942178872123,0.09700951543606036,0.11108248371564738,0.08884965073868151,0.1010865111898332,0.0677573210325655,0.06619387482128675,0.07442501314217632,0.11018014538840344,0.09110768364733916,0.08702600218427324,0.10249892031135822,0.2028413734884829,0.14671030972517865,0.12303603486100075,0.11602298522001588,0.0969077854598888,0.13024235054964253,0.09192665137410642,0.11953569670532166,0.07464077825575853,0.10588741838602066,0.12256386878792694,0.1758583241604448,0.13250886701509137,0.06394241113582207,0.09828010948689435,0.08793373727561557,0.08209248952184274,0.08820869748848291,0.08231012046386023,0.0901764385782367,0.08067026585861796,0.11662848227323272,0.09703001653534551,0.1022415136155679,0.08613894627640982,0.10496981416679901,0.0907950357855441,0.07647795893089754,0.11211105986020646,0.11367422832247816,0.1091492372359015,0.08518619939475774
Steel,0.0785261485305798,0.0675993065099285,0.06612243488482923,0.04641162548054011,0.05401734795869737,0.07591976227482132,0.09921455136457506,0.1128152071930103,0.09048793696584594,0.0981840794725973,0.0712603722319301,0.07032521166004764,0.07799704819062746,0.12006000394598888,0.09854320405401112,0.08803549286735503,0.10657832513423351,0.14671030972517865,0.17410395911675938,0.13794665118347887,0.12697981831930097,0.10319870415250201,0.13402328799364577,0.10023009941223192,0.12648527144082605,0.08079872591580621,0.12599783483399524,0.14450379482764097,0.21144513195869735,0.15525331036060364,0.07109416012708498,0.10271548702779985,0.09007660946783161,0.08490279172041301,0.09457612029864972,0.0858819656616362,0.09558497356632249,0.08539722801588562,0.11818422368864175,0.10474580747895153,0.10565300084511517,0.09319399722319302,0.10308716259888799,0.09115016553455121,0.07219984950595709,0.10653949138046069,0.1158946178363781,0.11154099745830023,0.08919830590627481
FabPr,0.07135673023034153,0.058847139745830016,0.0569381761477363,0.03946479133439237,0.047009815853852256,0.06774663212073073,0.0860203702065131,0.09847594215250198,0.07806200139793486,0.08695388201747418,0.06320791582208102,0.06090557575853851,0.0678192350039714,0.10175476703733122,0.08488904587768072,0.07502204909451947,0.0920305657505957,0.12303603486100075,0.13794665118347887,0.15503098210484503,0.10895154433677523,0.09005465363780778,0.11720935384432091,0.08863094316123907,0.11042840063542493,0.06927881261318505,0.09830816487688641,0.11460677351866556,0.17200048343923746,0.12854197891977764,0.06092810454328833,0.0881571750119142,0.0790499004686259,0.07418458317712472,0.08299577101667989,0.07540488686258937,0.08265234636219224,0.07436416455917395,0.10364197589356633,0.090818623629865,0.09068304774424146,0.08083622156473393,0.09067553961874505,0.07895542787132646,0.06440783320889594,0.09205171820492454,0.1000925368308181,0.09713017401111994,0.07774380092930898
Mach ,0.06327172308181092,0.05493575860841938,0.05333013321683875,0.03702833699761716,0.04535509696584591,0.06260546379030976,0.08034119868467034,0.09503456191262906,0.07420946697378875,0.08097490059412234,0.05866135148530581,0.05722751666401906,0.06372325990150912,0.09565520694519462,0.08096017101826847,0.07225519310563941,0.0860713995488483,0.11602298522001588,0.12697981831930097,0.10895154433677523,0.10517551297220014,0.08286747538046067,0.10957221956473392,0.08144631278792695,0.10293993384590945,0.06579060173471009,0.09006390723431291,0.10677831766799047,0.15582263527243848,0.11972194147100876,0.05744475050039714,0.0842236966036537,0.07406915075456713,0.06967351438284354,0.07696973703574266,0.07051662626211279,0.07773751901509136,0.07000770955996821,0.09798646537887211,0.08341607317553612,0.08528184463224778,0.07486834251945988,0.08479355950436854,0.07419197692136617,0.06067438896266878,0.08723631928832405,0.09502803673391581,0.0914049270214456,0.07230872467672757
ElcEq,0.05119214300238285,0.04640414106115963,0.04567145162033359,0.030247722724384432,0.03808027485305798,0.05378336443526608,0.06760597559809374,0.0774679908228753,0.06205547227958698,0.06745895345194597,0.04911367073868148,0.048762374297061165,0.054347576649722,0.07873438111834788,0.06737345266401908,0.05828639592533756,0.07115912716759334,0.0969077854598888,0.10319870415250201,0.09005465363780778,0.08286747538046067,0.07822803440667195,0.09042971835901506,0.06785395653693407,0.08470007051945988,0.05652362272279587,0.06849082598570295,0.08631171528832407,0.12434717894042888,0.09585600400635426,0.04707852522637014,0.07088652494678316,0.06195655786338361,0.058496662776806985,0.06432571840031773,0.059411040705321674,0.06541595905480538,0.05856938123272437,0.08089214949483717,0.06875855719301033,0.07151141508657663,0.062002625221604435,0.07038505100238283,0.06127661175377283,0.051371839998411425,0.07319251814773631,0.0790446268991263,0.07642299393169184,0.060739572109610805
Autos,0.06416959332803814,0.06109839303256553,0.05750566890389197,0.04152820491660049,0.04838442093725178,0.07227472730103254,0.09375073243367751,0.11073445083240664,0.08552296384432088,0.09311532885464652,0.06565225212073073,0.0631138423510723,0.0700230742065131,0.10532772826370136,0.09098372081969817,0.08163930369340745,0.09550316167752186,0.13024235054964253,0.13402328799364577,0.11720935384432091,0.10957221956473392,0.09042971835901506,0.14235497730103255,0.0888453992692613,0.11496991662589355,0.07234191309293089,0.08878736335822085,0.10735261191739474,0.155494519299444,0.1198952217410643,0.06069860157267673,0.0948718445146942,0.08479906922160442,0.07745465180937249,0.08407604560603653,0.07756322708816518,0.08497547638602061,0.07717206662112788,0.11486467576012707,0.09303270473232725,0.09727638370293884,0.0826236632581414,0.09794002719301034,0.08673696331532961,0.07035750854169975,0.0987800149992057,0.105848174279587,0.10167315517077044,0.08132156222239874
Aero ,0.05057236069896741,0.04583803405877679,0.04550896584590946,0.032806187227958715,0.03864570967434472,0.05201451831612391,0.06546153016679904,0.07650416473391579,0.061155225321683875,0.0677085669579031,0.04818983571088163,0.04692985591739474,0.05262445915806196,0.07662752978554406,0.06671967774424144,0.05770932533756949,0.07027140057188247,0.09192665137410642,0.10023009941223192,0.08863094316123907,0.08144631278792695,0.06785395653693407,0.0888453992692613,0.08362432165210482,0.08324822907069103,0.05656478011119934,0.06548051618745035,0.08102649950754563,0.11628893642573469,0.09046905531374104,0.048420823129467834,0.06923045480540109,0.0616656939793487,0.05729832838760922,0.06298218872120728,0.057767959301032554,0.06342837874503575,0.05694475062748213,0.0803141642573471,0.068255992279587,0.07141949671167593,0.06142485321683877,0.07117614490865767,0.062028148022239875,0.04976330306592534,0.07297813944400316,0.07641586131850675,0.07562874938840347,0.0591219281652105
Ships,0.06436827901509133,0.057210160133439235,0.05526814058776807,0.03703097118347895,0.04558550157267673,0.0654915598347895,0.08468109580937251,0.1013676043272438,0.07862633032565529,0.08681032388244636,0.06131366379666402,0.059150785067513895,0.06547414844797457,0.0966891712660842,0.08474049187609213,0.076931194598888,0.08925988469579033,0.11953569670532166,0.12648527144082605,0.11042840063542493,0.10293993384590945,0.08470007051945988,0.11496991662589355,0.08324822907069103,0.13328561089118351,0.06802555741382048,0.08530257265131051,0.10406251572994439,0.14745212394598886,0.11464277012867354,0.057398829706115956,0.08664990616679905,0.07877742563939635,0.07211020118189038,0.07870176080063541,0.07214336160762509,0.07892495888800634,0.07143616932168387,0.10288756962033357,0.08503307431930104,0.09180697340111198,0.0775976728768864,0.09152382797140587,0.07983115001111993,0.06450017536457504,0.09146435592057185,0.09905715708339954,0.09364030589356634,0.07502070103891977
Guns ,0.04305743561556791,0.038029374309769666,0.03647488050833995,0.025385406862589357,0.033599180778395556,0.04270116573788721,0.055121908060365356,0.06401471435742653,0.04836242716441621,0.05359897046544875,0.04035319644162034,0.0398909194598888,0.04588053346465448,0.062209458243050055,0.052474567072279585,0.04902889868149325,0.056597629343923726,0.07464077825575853,0.08079872591580621,0.06927881261318505,0.06579060173471009,0.05652362272279587,0.07234191309293089,0.05656478011119934,0.06802555741382048,0.09008217287370927,0.05580125755043684,0.0683780607212073,0.09449403305480542,0.07381380354567116,0.03853933782366958,0.058207351110405064,0.051387381159650525,0.04744996353931692,0.05128656579507545,0.04760442723431295,0.05188342894360604,0.04705134334551231,0.06652017876409848,0.056075140250992854,0.058493587596505164,0.049960074586179494,0.0565840061890389,0.04993538338999206,0.04095543292136615,0.058663281817315324,0.06334587620015887,0.06156795116759333,0.04785751975853852
Gold ,0.054536183891977785,0.0427792805655282,0.04431563629864973,0.03342570209690229,0.03719303625099285,0.05123107031612389,0.06393493871008736,0.06613098863542494,0.05828987704527403,0.05958753689594914,0.047488741890389194,0.046506121620333615,0.052685138621127885,0.08659954311040508,0.05886693741699761,0.05818970435266083,0.06966414663065928,0.10588741838602066,0.12599783483399524,0.09830816487688641,0.09006390723431291,0.06849082598570295,0.08878736335822085,0.06548051618745035,0.08530257265131051,0.05580125755043684,0.2907606936870531,0.14905992681175534,0.18651788375853848,0.13276332648768863,0.05085239024622716,0.06656737084670374,0.05270089837966641,0.05543524879428116,0.060792673496425746,0.056583031053216826,0.06411130066719618,0.05670800526131849,0.07774232386656076,0.06925964865131055,0.06189003763939637,0.06148271738522637,0.060429696349483704,0.054546587987291506,0.03854406163304211,0.06588965535822082,0.0721443286830818,0.07137774910246228,0.05904848807942813
Mines,0.06751229512311356,0.05467710257029387,0.05569846854646545,0.03759484255758539,0.04358180505162827,0.061506559764892776,0.08245683477998414,0.08684307844003175,0.0733981120889595,0.07767326905162827,0.057536013375695014,0.05880658989674344,0.06591005157426529,0.10252067126926129,0.07689898908975376,0.07180517475774424,0.0869626221000794,0.12256386878792694,0.14450379482764097,0.11460677351866556,0.10677831766799047,0.08631171528832407,0.10735261191739474,0.08102649950754563,0.10406251572994439,0.0683780607212073,0.14905992681175534,0.16454709490706906,0.1966538761842732,0.14369184586497222,0.05868086605242256,0.08328769014138207,0.0695664477680699,0.06996184522319299,0.07675974160127087,0.07029288995075457,0.07909168535345512,0.07086180564892772,0.09496014449880856,0.08533518817791899,0.08316245172676727,0.07650558433995233,0.08121356167752183,0.07325954385067512,0.055800747027799844,0.08311537157108816,0.09027838531850674,0.09104000902303415,0.0737419459539317
Coal ,0.09634070957903097,0.07827114326608418,0.0753211006115965,0.05193211427323273,0.0651759534551231,0.0849087557172359,0.11385125671644161,0.12960140357585384,0.10076061893566322,0.11165115222557588,0.08100471385226367,0.08185035259729945,0.08928000314058776,0.14739035964733915,0.10970246704368544,0.09814442013502778,0.12424471851310563,0.1758583241604448,0.21144513195869735,0.17200048343923746,0.15582263527243848,0.12434717894042888,0.155494519299444,0.11628893642573469,0.14745212394598886,0.09449403305480542,0.18651788375853848,0.1966538761842732,0.3617052554900715,0.22324898404130264,0.08905868119142174,0.11888007786814933,0.10012374347100873,0.09788085157426529,0.10886608406830817,0.09791045573947577,0.1100000201826847,0.09831426046386021,0.13673357105480544,0.12176773213820495,0.11655004414455916,0.10819645806036535,0.11400931101191417,0.10111142615250202,0.07833370558061954,0.1203510692263701,0.1313939403351867,0.12660266478157264,0.10482506419539316
Oil  ,0.07437602538522638,0.060777179100873706,0.06074239509134233,0.04170529367752184,0.05335533153296268,0.07067086525178713,0.0883847819571088,0.10143046464495634,0.07972118754567119,0.08506717042732329,0.06596465648927718,0.06468316984908659,0.07209366017156474,0.1124155914090548,0.08848290690389196,0.07974703525019858,0.09647650102621129,0.13250886701509137,0.15525331036060364,0.12854197891977764,0.11972194147100876,0.09585600400635426,0.1198952217410643,0.09046905531374104,0.11464277012867354,0.07381380354567116,0.13276332648768863,0.14369184586497222,0.22324898404130264,0.18061632552184273,0.07248092333598095,0.09419439185385226,0.07885866597299444,0.07665595349324858,0.08503014489912629,0.0769653076918189,0.0865705681175536,0.07734633707386813,0.10753361853216839,0.09411393091977761,0.09000028423510723,0.0842800853788721,0.08704149427799841,0.07707818812073071,0.06363823943129468,0.09588990711993645,0.106020692127085,0.09861820832406672,0.08223121266719614
Util ,0.03658412686258936,0.03368620019062748,0.034803821111993635,0.02545926171564733,0.03154848927720413,0.03638458223987291,0.04443621145353454,0.05273179353455124,0.0414747535186656,0.04518017127879269,0.035160096521048456,0.03402413728355839,0.03793250368546465,0.05564448543288324,0.04703246071485305,0.03937817532962668,0.04847321617156474,0.06394241113582207,0.07109416012708498,0.06092810454328833,0.05744475050039714,0.04707852522637014,0.06069860157267673,0.048420823129467834,0.057398829706115956,0.03853933782366958,0.05085239024622716,0.05868086605242256,0.08905868119142174,0.07248092333598095,0.04638643447180302,0.049653385448768864,0.043281597728355825,0.040028678665607616,0.04338905218427323,0.04084839822081016,0.04339300382843525,0.03900197525019857,0.056275889166004754,0.05065914076250991,0.0480078193963463,0.042909241509134236,0.04806764409849086,0.040705161572676715,0.03488821536139794,0.054137354630659246,0.053757348578236684,0.05262212721207308,0.04230054285941224
Telcm,0.05293050633836378,0.048457461903097694,0.04921025475774425,0.03307298740270056,0.03987247482128674,0.05658412243367752,0.07251960904527403,0.08594100374583001,0.06466996536934072,0.07036985669261317,0.05153644994440029,0.050579610548054016,0.05707673919936457,0.08118993725814139,0.0696401523621922,0.06197147671167594,0.07323486130579825,0.09828010948689435,0.10271548702779985,0.0881571750119142,0.0842236966036537,0.07088652494678316,0.0948718445146942,0.06923045480540109,0.08664990616679905,0.058207351110405064,0.06656737084670374,0.08328769014138207,0.11888007786814933,0.09419439185385226,0.049653385448768864,0.08301598450198566,0.06649197640984908,0.06086793748689438,0.06695329813820491,0.06187198555043686,0.06704317186656075,0.059465896355837954,0.08650761623828435,0.07008066017156474,0.07474486672279587,0.06391331825575854,0.07597366175694999,0.06652651061795073,0.05462174439078633,0.0785243076791104,0.08422745378554412,0.08056881350277996,0.062320745509134245
PerSv,0.0468815638443209,0.04395742006354249,0.04311469886417792,0.029503280277998405,0.0353485291183479,0.04870122322478154,0.06550276863383635,0.07699312310563938,0.057861519364575065,0.06394151423351865,0.04784555617156474,0.04598078468625894,0.05014729770452739,0.07010044484511517,0.06255717957108815,0.056131763423351855,0.06597254017474186,0.08793373727561557,0.09007660946783161,0.0790499004686259,0.07406915075456713,0.06195655786338361,0.08479906922160442,0.0616656939793487,0.07877742563939635,0.051387381159650525,0.05270089837966641,0.0695664477680699,0.10012374347100873,0.07885866597299444,0.043281597728355825,0.06649197640984908,0.07323629533756949,0.05476158918189039,0.05901247050833995,0.05506905302621127,0.058817731540905485,0.05331728061953931,0.07776622410643372,0.06350299775218428,0.06686627244638602,0.057646091477362986,0.06944918432088958,0.06015072494837171,0.04938156853852264,0.07006536366957904,0.07633542234312946,0.07183397490071484,0.055031298133439224
BusSv,0.04354073200953137,0.04014598398093724,0.039165297394757735,0.02611008805401112,0.031133793995234305,0.04501523844956314,0.058803324,0.06894944350436852,0.053463864876886404,0.05817950340905482,0.043081069070691015,0.04241019288324066,0.047532681369340746,0.06575829443685463,0.057385854621127885,0.050278365512311345,0.06064586793328036,0.08209248952184274,0.08490279172041301,0.07418458317712472,0.06967351438284354,0.058496662776806985,0.07745465180937249,0.05729832838760922,0.07211020118189038,0.04744996353931692,0.05543524879428116,0.06996184522319299,0.09788085157426529,0.07665595349324858,0.040028678665607616,0.06086793748689438,0.05476158918189039,0.05358099850039714,0.05491920201111992,0.0512382411564734,0.055610674805401106,0.050140448247815717,0.06977972033995236,0.05879201900873709,0.06123656901350277,0.05322466404130262,0.061997967675933296,0.05409529248292295,0.04406177610484511,0.06329899327720415,0.06737503486258938,0.06575976438443208,0.051655698786338355
Hardw,0.04878115463065923,0.04269629014455916,0.043839810714853045,0.028791653447180293,0.035532084924543295,0.050179769728355826,0.06431781841620335,0.07322500664177921,0.05767822694201746,0.06327933789674346,0.046308662764098486,0.045809905067513895,0.051625487795075455,0.07208644978236696,0.06259219686100083,0.0541385643288324,0.06568159876727563,0.08820869748848291,0.09457612029864972,0.08299577101667989,0.07696973703574266,0.06432571840031773,0.08407604560603653,0.06298218872120728,0.07870176080063541,0.05128656579507545,0.060792673496425746,0.07675974160127087,0.10886608406830817,0.08503014489912629,0.04338905218427323,0.06695329813820491,0.05901247050833995,0.05491920201111992,0.06839262870691026,0.05686327947259731,0.06309995239872916,0.055683649057982516,0.07582626701985702,0.0643302265782367,0.06651719815567911,0.057847612103256556,0.06764643647656869,0.059262626930897545,0.047458917193010326,0.06801238039396348,0.07248302676886416,0.07221909216838761,0.05660320988244639
Softw,0.04484505216838762,0.039951821394757746,0.04019017839555202,0.02785340873709293,0.032434997776012706,0.045355077922160446,0.05857517789356632,0.06841416026687851,0.05302531272438442,0.05858563813820492,0.042855736203335985,0.04260709515488482,0.0476113865861795,0.06791432048292295,0.05774880221127879,0.05063027418586179,0.06006146966163621,0.08231012046386023,0.0858819656616362,0.07540488686258937,0.07051662626211279,0.059411040705321674,0.07756322708816518,0.057767959301032554,0.07214336160762509,0.04760442723431295,0.056583031053216826,0.07029288995075457,0.09791045573947577,0.0769653076918189,0.04084839822081016,0.06187198555043686,0.05506905302621127,0.0512382411564734,0.05686327947259731,0.05557201014138204,0.057363423669579035,0.05067349683240666,0.07069461952660842,0.05883993024305002,0.061896297302621126,0.05364107067831613,0.06248215907227958,0.054434766996028595,0.04464713760762509,0.0638184457887212,0.06831032385702934,0.06729597636219221,0.051572608241461475
Chips,0.04887209931691818,0.04286872624305004,0.04370809888006355,0.028805283216838767,0.034903175250198565,0.0509270709451946,0.06481029328832406,0.07365947216044479,0.058024040444797455,0.06361967680698967,0.04656772338363781,0.04636354246227164,0.05223817317712468,0.07380598203335983,0.06276867615567909,0.05489569703733122,0.06606337499602857,0.0901764385782367,0.09558497356632249,0.08265234636219224,0.07773751901509136,0.06541595905480538,0.08497547638602061,0.06342837874503575,0.07892495888800634,0.05188342894360604,0.06411130066719618,0.07909168535345512,0.1100000201826847,0.0865705681175536,0.04339300382843525,0.06704317186656075,0.058817731540905485,0.055610674805401106,0.06309995239872916,0.057363423669579035,0.06712848825258143,0.056650782859412226,0.07611361503574265,0.06450869111199366,0.06725286416997615,0.058590244916600476,0.0673583252581414,0.05920399235107228,0.04741091413026209,0.06760473574265287,0.07290285911834789,0.072109765019857,0.056599906060365364
LabEq,0.04383211469420175,0.03893737396664018,0.03881092586179507,0.026443670230341533,0.031132591898332007,0.04579585850357427,0.05747246078792693,0.06615550815250199,0.05276513089753773,0.05757502286258935,0.04296017998411437,0.04268518913423352,0.047549599482128675,0.06574158048610008,0.05706133157744241,0.05085645402700557,0.05979070374583003,0.08067026585861796,0.08539722801588562,0.07436416455917395,0.07000770955996821,0.05856938123272437,0.07717206662112788,0.05694475062748213,0.07143616932168387,0.04705134334551231,0.05670800526131849,0.07086180564892772,0.09831426046386021,0.07734633707386813,0.03900197525019857,0.059465896355837954,0.05331728061953931,0.050140448247815717,0.055683649057982516,0.05067349683240666,0.056650782859412226,0.05559625894201748,0.06938078366640192,0.057593796381254975,0.06068536778077839,0.05308252203018269,0.06035513166640193,0.05346022806354249,0.04324456541064336,0.06153502461636216,0.06581519695313742,0.0648930619539317,0.05148679393486896
Paper,0.06229008934074662,0.05583408323113579,0.051359955416997616,0.03662634245432882,0.04558313928514693,0.06496019929467832,0.08413041049563146,0.09948124152343128,0.07595025855440828,0.08327141622557585,0.05974311569499604,0.05719673823669578,0.06409064497696583,0.09294506103574267,0.08171029769023033,0.07650473225575855,0.08590884386973785,0.11662848227323272,0.11818422368864175,0.10364197589356633,0.09798646537887211,0.08089214949483717,0.11486467576012707,0.0803141642573471,0.10288756962033357,0.06652017876409848,0.07774232386656076,0.09496014449880856,0.13673357105480544,0.10753361853216839,0.056275889166004754,0.08650761623828435,0.07776622410643372,0.06977972033995236,0.07582626701985702,0.07069461952660842,0.07611361503574265,0.06938078366640192,0.1176190973328038,0.08552373742494042,0.08772730697537726,0.0744851872613185,0.08825458268149326,0.07714384951072277,0.06460907489594915,0.09251010783478951,0.09688545504209689,0.09330961267672756,0.07298058039555201
Boxes,0.05122566538522636,0.04782974564892772,0.04631631886417792,0.03015350027799841,0.041804019316918184,0.05371456045115171,0.06905258016362191,0.07888875167752185,0.06204008873709291,0.06863974218586177,0.04991448386020652,0.04684126760921366,0.052559302918189034,0.0798195831898332,0.0683209221350278,0.05969073281175536,0.07238664690071485,0.09703001653534551,0.10474580747895153,0.090818623629865,0.08341607317553612,0.06875855719301033,0.09303270473232725,0.068255992279587,0.08503307431930104,0.056075140250992854,0.06925964865131055,0.08533518817791899,0.12176773213820495,0.09411393091977761,0.05065914076250991,0.07008066017156474,0.06350299775218428,0.05879201900873709,0.0643302265782367,0.05883993024305002,0.06450869111199366,0.057593796381254975,0.08552373742494042,0.09180403318665609,0.07370110967275616,0.06259843326290707,0.07349035717553613,0.0638154129197776,0.052130015747418594,0.07644444450833995,0.07911608843685466,0.07876119631453532,0.0604457835440826
