,Agric,Food ,Soda ,Beer ,Smoke,Toys ,Fun  ,Books,Hshld,Clths,Hlth ,MedEq,Drugs,Chems,Rubbr,Txtls,BldMt,Cnstr,Steel,FabPr,Mach ,ElcEq,Autos,Aero ,Ships,Guns ,Gold ,Mines,Coal ,Oil  ,Util ,Telcm,PerSv,BusSv,Hardw,Softw,Chips,LabEq,Paper,Boxes,Trans,Whlsl,Rtail,Meals,Banks,Insur,RlEst,Fin  ,Other
Agric,0.0911288765941223,0.03483198745671168,0.033797345645750605,0.022090857671167592,0.030214098598888003,0.03668311478316124,0.04966757622239874,0.06046677221286734,0.04813088217950754,0.04931781396664018,0.038289791212073064,0.03808282842255758,0.041559515698173156,0.05942065057982525,0.050456112000000004,0.047657634274821274,0.05459647613661634,0.07341150305321686,0.07892571447815726,0.0717815941858618,0.0635867416235107,0.05155980025416998,0.06444448623987291,0.05104536761874503,0.06473228829864972,0.04337978440031771,0.05530573641938046,0.06787322248133439,0.09663700492454329,0.07460537639396345,0.03650388760603654,0.05315905101191421,0.047206323513899924,0.043819555869737875,0.04900473228911834,0.045008531901509136,0.049112241747418586,0.04411529551707705,0.06266466466084196,0.05124516690071486,0.054041026058776816,0.04777349249245433,0.0534102643876092,0.04673236001906275,0.03983465960921366,0.0549446304050834,0.059572465734710096,0.05853176622716442,0.045910797274027006
Food ,0.03483198745671168,0.0388107380714853,0.03330688555361398,0.022870337944400326,0.02801944036854646,0.0352425087593328,0.046080773134233526,0.05347991827164418,0.04165080274503574,0.04596393802700556,0.03474449504686259,0.03333467715329626,0.037302122776806994,0.051850284638602064,0.04621226998570292,0.04001194091183479,0.047513546135027805,0.06301063206989675,0.06755741803971405,0.05900914274821286,0.054928541426529,0.04634384956314537,0.06102483179030976,0.045868816749801436,0.05721612148689436,0.03800158370135027,0.04313647568546464,0.05462923982208101,0.07802610684670372,0.06054909042096902,0.033411832965845906,0.04850409456393962,0.04403358590627482,0.04012881251787131,0.042698000641779185,0.03992828010802223,0.04284065210484512,0.03894791102779983,0.055985364028594116,0.04765376298014296,0.04857816418745036,0.042211851939634636,0.04877119426211278,0.042904453579030985,0.035526673258141385,0.051732390627482125,0.05287459024622718,0.052533192978554424,0.04104402458459094
Soda ,0.033797345645750605,0.03330688555361398,0.07421167786497217,0.026103976133439233,0.02881723372835584,0.03706623959332805,0.04470269351548848,0.050757425658459095,0.04067364579507545,0.04409182689118347,0.03395954426052422,0.033998092149324866,0.03753298018745035,0.05205666700555994,0.045100737245432884,0.038314516511517065,0.04569764008260525,0.05953868417474184,0.06605094633200952,0.05711525051628276,0.05337207118030183,0.04579457486894361,0.05710675239396346,0.045849906217633025,0.05556439058935663,0.036655799046862586,0.04508050752025418,0.05552166590627482,0.07515991571088164,0.060166009340746625,0.034473386611596504,0.04934004820969023,0.043166265366163616,0.039153869706115965,0.04385293277839555,0.04012910473073868,0.04370383011914217,0.03888052650039713,0.0514003050929309,0.04585907662589356,0.04680730007307386,0.04228175017633042,0.04792618523907862,0.042017329607625095,0.03409274178872121,0.05001893064336775,0.052912973280381255,0.05226049493248609,0.0390797605019857
Beer ,0.022090857671167592,0.022870337944400326,0.026103976133439233,0.04747415010484512,0.020373630440031775,0.026838136265289907,0.030374189512311356,0.03472896398252582,0.02745601806671962,0.031559831307386814,0.02287702292613185,0.022871940497220015,0.024541069131056397,0.03631396992057188,0.030438348309769655,0.026201493270849873,0.03142859551548848,0.04084897477045273,0.04648233219380461,0.03967747010325654,0.03714923482605242,0.030349432883240664,0.04151230049563146,0.033012815343923745,0.03707516226528991,0.025500719523431293,0.033668657416997615,0.037605101426528995,0.0520480980301827,0.04165917830023827,0.025328182751389997,0.03310318762986497,0.029488089019857028,0.026144192152501987,0.02879533567752184,0.027812687526608412,0.028769658522637007,0.026516018819698173,0.036697323059571095,0.030228676880063535,0.032555184926131846,0.029059659389992065,0.0327409379872915,0.02958656958379666,0.022475513051628274,0.03460487861000793,0.0366507565448769,0.034589942986497216,0.02779349991421763
Smoke,0.030214098598888003,0.02801944036854646,0.02881723372835584,0.020373630440031775,0.07194145169817315,0.029091013849086574,0.03582556977918983,0.041474793890389196,0.03265307286100078,0.03750835551389992,0.02796950265925337,0.026929626856235102,0.030711922249404295,0.043144791088165206,0.03668826488006354,0.03224192179189834,0.03741856478792692,0.04682931897696583,0.05347523681016678,0.046827291469420176,0.04492440528355837,0.037737768578236686,0.04770226291342335,0.038579427796664026,0.04516537860524225,0.03320964200158856,0.03707415807466244,0.04264217168546466,0.06387752743447181,0.052006129245432894,0.030710190347895145,0.03949629430659254,0.035064897308975385,0.030833374138204934,0.03517752733598094,0.03204945190786338,0.034447804066719614,0.030905410443208887,0.04531706832724383,0.04113584723113582,0.03869157322001588,0.03347730772359015,0.03850458237648928,0.03211992112152501,0.02899900033677522,0.04357277364575059,0.04193273380460683,0.043121485750595705,0.03189793183796664
Toys ,0.03668311478316124,0.0352425087593328,0.03706623959332805,0.026838136265289907,0.029091013849086574,0.0735037565861795,0.0557245297887212,0.06116111523907861,0.04876569225893565,0.05399570213185068,0.0386567567084988,0.03683430933598093,0.04239320994757745,0.06032978370929308,0.05219950304845116,0.04842405055758539,0.05570965196664021,0.07339518926449562,0.0759505764638602,0.06803425158061951,0.06285116506274822,0.053995080667196174,0.07222665448451152,0.052242174600476574,0.06582174327879269,0.042984951612390784,0.051706423758538504,0.06153616148054011,0.08488147896743448,0.07071858357426529,0.0361751619030977,0.056724454451151714,0.04914055870055599,0.045254708149324856,0.05038427736457505,0.04545229007466242,0.05104717934868944,0.04601802205401112,0.06525275169817314,0.053430407885623525,0.055994525399523445,0.04835838003812549,0.05679236592057185,0.04989692120254169,0.041333809839555216,0.058466070571882425,0.06513238329626689,0.06004682949960286,0.04787680540746625
Fun  ,0.04966757622239874,0.046080773134233526,0.04470269351548848,0.030374189512311356,0.03582556977918983,0.0557245297887212,0.08458804162668787,0.08154021211437648,0.06341358680540111,0.06974833817950754,0.049387840152501986,0.048338737178713266,0.054109754637013494,0.0766840954884829,0.06583440002859413,0.0628246762700556,0.07221810701509133,0.09641319536775218,0.09910053802700554,0.08614885458300235,0.08027097965687054,0.06755884177918982,0.09372376205877682,0.06542790294201746,0.08458397106910244,0.054929551453534536,0.06439237939952343,0.08236741417633044,0.11374141178713262,0.08822103463065922,0.043995952813343925,0.0724631004511517,0.065637581197776,0.058723471199364566,0.06419309700079427,0.05847293487529784,0.0646024757426529,0.057330088206513106,0.08421578352343129,0.06860115963145352,0.07261548037807786,0.061636157534551234,0.07481646877521844,0.06643852291342334,0.05319560976648133,0.07411259239078632,0.0811439483876092,0.07806875917394758,0.06100611496108022
Books,0.06046677221286734,0.05347991827164418,0.050757425658459095,0.03472896398252582,0.041474793890389196,0.06116111523907861,0.08154021211437648,0.1288465739459889,0.07665865766640188,0.08164971211437645,0.0577547161302621,0.054945036173153286,0.061186084171564716,0.08933387549642571,0.08020142372835581,0.07650242382525814,0.0834547731040508,0.11113036105798256,0.11324245056711674,0.09900872382843524,0.09525749161397935,0.07779382077839553,0.11096176561397934,0.07688846532644955,0.1019341588594122,0.0642996940746624,0.06710639057664812,0.08718971780142974,0.1300007830500397,0.10161774293884035,0.052613550776806996,0.08618276997776013,0.07742025592692613,0.06922806818109611,0.07340659299920572,0.0685230545607625,0.07372472162033361,0.0663008429531374,0.09985561588880065,0.07870536564257347,0.0842532830293884,0.07179908314853059,0.08764676545035743,0.07663585493407465,0.06412255574583002,0.08870435165210484,0.09803916779189832,0.0898661011437649,0.06946406842255756
Hshld,0.04813088217950754,0.04165080274503574,0.04067364579507545,0.02745601806671962,0.03265307286100078,0.04876569225893565,0.06341358680540111,0.07665865766640188,0.07147950363621922,0.06500599419221603,0.04487658506115965,0.043573862540111204,0.04786515954567115,0.07077456335980935,0.06311178224463859,0.0587021485019857,0.06589723423510724,0.08841444094360602,0.09045929192692612,0.07816439308975376,0.07421782371564731,0.062053959078633834,0.08545325977124697,0.06129210023351867,0.07866114007625098,0.04840701569499602,0.058622409741064335,0.07314805528832403,0.10048868687847498,0.07943791958697378,0.0411051584845115,0.06467992810007943,0.057969121515488484,0.053477720254169976,0.057690493196187444,0.0530029895694996,0.057930892517871334,0.05272671091501191,0.07603852463542496,0.06167843874185861,0.06667083512787926,0.056544915612390785,0.06792800837013503,0.059601829100873686,0.04961094894042892,0.06724684825258141,0.07474227033359807,0.07037684868943606,0.055307541331215244
Clths,0.04931781396664018,0.04596393802700556,0.04409182689118347,0.031559831307386814,0.03750835551389992,0.05399570213185068,0.06974833817950754,0.08164971211437645,0.06500599419221603,0.08565963085623512,0.048682328413026214,0.04707617261953932,0.0518210784177919,0.07637756778395552,0.06754624106115964,0.0626216639110405,0.07133336498173153,0.10101702281810958,0.09848676681175536,0.08725723710881653,0.0811782417537728,0.06760166100079426,0.093239383822081,0.06788869142494042,0.08705094898808577,0.053670369531374114,0.060260765293089755,0.0779234650420969,0.1119012469579031,0.08515110713264494,0.04497984081969818,0.07047686126131851,0.06414066297696583,0.05829098891183478,0.06336027655599683,0.05858819959332804,0.06358193274027005,0.05754405397299443,0.08357282323749007,0.06850303375377284,0.07378703851945989,0.06210281065607625,0.07871973122160444,0.0676237526671962,0.052130643126290725,0.07452565111993646,0.08072644460683082,0.07738770903891978,0.06009150193486894
Hlth ,0.038289791212073064,0.03474449504686259,0.03395954426052422,0.02287702292613185,0.02796950265925337,0.0386567567084988,0.049387840152501986,0.0577547161302621,0.04487658506115965,0.048682328413026214,0.04553103972041302,0.03823095649880858,0.04196275881810961,0.05575487609213661,0.048841785531374096,0.044251542570293886,0.05100333134868944,0.0673796080635425,0.07126294537251786,0.06340281464654487,0.05865814941382049,0.04909970465448769,0.06557830157903097,0.048276103904686264,0.061453827945988894,0.04032092387609214,0.04790880766957903,0.05733455297220016,0.08083732292295472,0.06579428289118347,0.03487126879110407,0.051574272336775216,0.04796668749166005,0.043084273741064334,0.04631212198252581,0.042834055783955514,0.04650544228752977,0.042964630919777605,0.05986153555520254,0.04955454673868149,0.0515737014646545,0.045574093680698965,0.05158366893725179,0.045417532447974585,0.03720016719936457,0.05468089995234314,0.057634034154090526,0.05459890147736299,0.04401157584114378
MedEq,0.03808282842255758,0.03333467715329626,0.033998092149324866,0.022871940497220015,0.026929626856235102,0.03683430933598093,0.048338737178713266,0.054945036173153286,0.043573862540111204,0.04707617261953932,0.03823095649880858,0.04302355148371724,0.04251079446227165,0.05483457147736298,0.047370400179507534,0.04299346027323272,0.04979985668149325,0.06596434324702144,0.07040266476250993,0.06108725532962671,0.057224040856235094,0.04878435799841143,0.06302656788880064,0.04704315991580619,0.059281808320889584,0.03989692508339952,0.04687163379189832,0.05871137118983318,0.08166530085782364,0.06451542640190627,0.03378071724543289,0.050576651769658455,0.04602653619380462,0.04243710859412232,0.04579055310087371,0.04256120945830025,0.04625340273232724,0.04263427410802223,0.057335062617950745,0.04664381583478951,0.050301017764892764,0.0444191676536934,0.04998299847339158,0.043626551181890384,0.036467025826846716,0.05218283581413822,0.05588847657664811,0.053960834265289914,0.04337620020333597
Drugs,0.041559515698173156,0.037302122776806994,0.03753298018745035,0.024541069131056397,0.030711922249404295,0.04239320994757745,0.054109754637013494,0.061186084171564716,0.04786515954567115,0.0518210784177919,0.04196275881810961,0.04251079446227165,0.055126474478157286,0.061723307942811736,0.05229118334868945,0.046485140733915804,0.055000749302621124,0.07411306033995234,0.07799987200635428,0.06787891310563939,0.06365853323907864,0.05421874271644162,0.0699651322573471,0.05261281620651311,0.06543208249086577,0.04575397982525815,0.052966940193804594,0.06564804391421765,0.08897062659253374,0.07176984473391583,0.03756327570452741,0.05701345241302621,0.0502158474725973,0.04748006579825259,0.05156523024940429,0.047505466185861794,0.05207750389197775,0.04743675896108023,0.06419335270532167,0.05230922018745036,0.05618492203018267,0.04928774889277204,0.0558923618014297,0.049033023818903884,0.04005011426211279,0.05739320023828434,0.06129802508339952,0.059840490802223985,0.047934648590945206
Chems,0.05942065057982525,0.051850284638602064,0.05205666700555994,0.03631396992057188,0.043144791088165206,0.06032978370929308,0.0766840954884829,0.08933387549642571,0.07077456335980935,0.07637756778395552,0.05575487609213661,0.05483457147736298,0.061723307942811736,0.10226031204924543,0.07692602633042095,0.06719300554408263,0.0802043358776807,0.10983699483717235,0.12034408308181095,0.1020921753931692,0.09580341900714852,0.07892524832406674,0.10535115722001585,0.07694564795075458,0.09685058854646546,0.0623720110246227,0.08747818408260526,0.10283393204130262,0.1474297423510723,0.11242626614773629,0.05535584735504369,0.08126571328832406,0.07027728243050037,0.06592000441620334,0.07212052053216841,0.06797342139793484,0.0737933471008737,0.06585432579030975,0.09320452284352658,0.07959611151707705,0.08114042799841144,0.07119689523431295,0.0805993108260524,0.07108897441620333,0.058077214598888,0.08399181857823672,0.0903841965607625,0.08676451410643367,0.06780107723590147
Rubbr,0.050456112000000004,0.04621226998570292,0.045100737245432884,0.030438348309769655,0.03668826488006354,0.05219950304845116,0.06583440002859413,0.08020142372835581,0.06311178224463859,0.06754624106115964,0.048841785531374096,0.047370400179507534,0.05229118334868945,0.07692602633042095,0.08721470629229545,0.060964305407466245,0.07004346981254965,0.09090139694678313,0.09876367916759334,0.08516417876092135,0.0810959859459889,0.06754280816521048,0.09120923949483715,0.06688782940270055,0.08512996566481333,0.052657224019062754,0.05951567250833996,0.07693997125972994,0.10983366895949163,0.08841689518665607,0.04685838745353455,0.0697096870579825,0.06291100616044479,0.057517549896743465,0.06271595033995232,0.05776804901985702,0.06272720454328834,0.0571238733550437,0.08212104763463063,0.06830478734868943,0.07113066627640985,0.06139601443367753,0.07070260666084191,0.06116522783637808,0.0523923308435266,0.07370806305798253,0.07881187103256554,0.07501208401906274,0.059076676594122315
Txtls,0.047657634274821274,0.04001194091183479,0.038314516511517065,0.026201493270849873,0.03224192179189834,0.04842405055758539,0.0628246762700556,0.07650242382525814,0.0587021485019857,0.0626216639110405,0.044251542570293886,0.04299346027323272,0.046485140733915804,0.06719300554408263,0.060964305407466245,0.09667232005718826,0.06579827831294678,0.08712872812073072,0.08847890447021443,0.07544427822081017,0.07252206510246226,0.05854323942811756,0.08190559006830818,0.05801693112946783,0.07736158555043685,0.049336714694201755,0.058954407237490083,0.07246235484034948,0.09834469461477359,0.0797883689277204,0.039392442967434466,0.062080488327243825,0.05635938003494837,0.050513265385226366,0.05416207489436059,0.05070335836695789,0.05491879517077045,0.05092417743923748,0.07688091940270057,0.05974720454964258,0.06481010661477363,0.05515747003018269,0.06491237042414613,0.05797950522954728,0.04637830640826052,0.06627715356632248,0.07412873275615568,0.06606877960285941,0.05255591632088958
BldMt,0.05459647613661634,0.047513546135027805,0.04569764008260525,0.03142859551548848,0.03741856478792692,0.05570965196664021,0.07221810701509133,0.0834547731040508,0.06589723423510724,0.07133336498173153,0.05100333134868944,0.04979985668149325,0.055000749302621124,0.0802043358776807,0.07004346981254965,0.06579827831294678,0.08235373969658458,0.10210354733280383,0.10667600704050834,0.09221712691024621,0.08614330383002382,0.07121755901509133,0.09548518740905476,0.07045944357903097,0.08946343012231932,0.0566707636536934,0.07043636404765687,0.08708185606989675,0.12421420227164415,0.09629406843526607,0.04810290299285148,0.07325874127243842,0.06615723222557585,0.06066540571882444,0.06564106589833202,0.059971297610802214,0.06594460756155679,0.059769396900714866,0.08608993074185861,0.07206005091660049,0.07510145422875297,0.06453019469737888,0.07576243418745035,0.0656957460381255,0.05473052947100875,0.07683684926926132,0.08444435897537729,0.08016303988880062,0.062153204054011105
Cnstr,0.07341150305321686,0.06301063206989675,0.05953868417474184,0.04084897477045273,0.04682931897696583,0.07339518926449562,0.09641319536775218,0.11113036105798256,0.08841444094360602,0.10101702281810958,0.0673796080635425,0.06596434324702144,0.07411306033995234,0.10983699483717235,0.09090139694678313,0.08712872812073072,0.10210354733280383,0.20151253274662434,0.14623155356314535,0.1230084918824464,0.11576673924384433,0.09674203879269262,0.12953149028752975,0.09190143650833994,0.11959823750278001,0.07444765315329627,0.10619067296584589,0.12195727663860204,0.17505722500397142,0.1316436213185068,0.06313706121683876,0.09804893539952345,0.08786984645591737,0.081891215949166,0.08789593128196982,0.08200192976012709,0.08974135355043684,0.08048019362351072,0.11659851210166798,0.0961216879872915,0.10159122277680699,0.08602020620810165,0.10461116923590151,0.09051271878316122,0.07636213275297855,0.11193584948371725,0.11344062752978554,0.10895813934868943,0.08461433659729944
Steel,0.07892571447815726,0.06755741803971405,0.06605094633200952,0.04648233219380461,0.05347523681016678,0.0759505764638602,0.09910053802700554,0.11324245056711674,0.09045929192692612,0.09848676681175536,0.07126294537251786,0.07040266476250993,0.07799987200635428,0.12034408308181095,0.09876367916759334,0.08847890447021443,0.10667600704050834,0.14623155356314535,0.17428703437013504,0.13853147113582204,0.12716695836060365,0.10341891351866564,0.13423275274344715,0.10054050154725971,0.12680038509293085,0.08095425283558383,0.12686937951389993,0.14459569834471803,0.21115615675933283,0.1546778709451946,0.07060361682605244,0.10286376458776807,0.09045239680381256,0.08504988530579825,0.09472042370770453,0.08592805214932486,0.09569726694201747,0.08552780233836377,0.11859357908816522,0.10443388657029387,0.10550572479110405,0.09335191700714854,0.10318760503256554,0.0912551428562351,0.0723450805019857,0.10667882719618743,0.11607003164416203,0.11181570945194601,0.08901592695154888
FabPr,0.0717815941858618,0.05900914274821286,0.05711525051628276,0.03967747010325654,0.046827291469420176,0.06803425158061951,0.08614885458300235,0.09900872382843524,0.07816439308975376,0.08725723710881653,0.06340281464654487,0.06108725532962671,0.06787891310563939,0.1020921753931692,0.08516417876092135,0.07544427822081017,0.09221712691024621,0.1230084918824464,0.13853147113582204,0.15562277842732328,0.10930044061953931,0.0904121498649722,0.11757230630659252,0.08907460751389991,0.11106240076250992,0.06959456292295471,0.10000072441620333,0.11519324826052421,0.17247078166799046,0.12888179990468623,0.06088238706910247,0.08845128938840348,0.07943888578236694,0.07447719564733916,0.08326748192216045,0.07557757239078633,0.08291133140587766,0.07464386892772042,0.10421583297855438,0.09078540991262905,0.09087646384432085,0.08123143720413024,0.09093869065925338,0.07921785078633833,0.06462859539316919,0.09229215626687846,0.10042044262112786,0.09751397194598886,0.07766999113582207
Mach ,0.0635867416235107,0.054928541426529,0.05337207118030183,0.03714923482605242,0.04492440528355837,0.06285116506274822,0.08027097965687054,0.09525749161397935,0.07421782371564731,0.0811782417537728,0.05865814941382049,0.057224040856235094,0.06365853323907864,0.09580341900714852,0.0810959859459889,0.07252206510246226,0.08614330383002382,0.11576673924384433,0.12716695836060365,0.10930044061953931,0.10533252590786339,0.08294936965845912,0.10970729294042891,0.08173074088482925,0.10321761600953137,0.06599402849880857,0.09085233339475776,0.10681156508975377,0.1555247777760127,0.11935958379666405,0.05708941335345512,0.08433977075297854,0.07428163401747419,0.06977038996028595,0.07704690258459093,0.07055318588403495,0.07776058071485305,0.07004984278157268,0.09834896933756948,0.083206671974583,0.08512790014773629,0.0750086364384432,0.08490878964098489,0.07430481644003176,0.06081357305480541,0.08738701420969025,0.09524774266084195,0.09161833288324064,0.07217226307863381
ElcEq,0.05155980025416998,0.04634384956314537,0.04579457486894361,0.030349432883240664,0.037737768578236686,0.053995080667196174,0.06755884177918982,0.07779382077839553,0.062053959078633834,0.06760166100079426,0.04909970465448769,0.04878435799841143,0.05421874271644162,0.07892524832406674,0.06754280816521048,0.05854323942811756,0.07121755901509133,0.09674203879269262,0.10341891351866564,0.0904121498649722,0.08294936965845912,0.0783820360921366,0.09047079351866559,0.06795932956314535,0.0848650085146942,0.05657680365369339,0.06937967107227956,0.08663621493248609,0.12454104416203335,0.0956910230976966,0.046753416362192206,0.0709596398093725,0.0620995280381255,0.058583171755361395,0.06434139234312945,0.05937179593328037,0.06538308517871326,0.05857897709293089,0.0811860954090548,0.0685420971564734,0.07140266589356634,0.06208596845115171,0.07041821753772838,0.06128514131850674,0.051465628308181084,0.07328552479745831,0.07922759161239078,0.07656385356632248,0.06060088146147735
Autos,0.06444448623987291,0.06102483179030976,0.05710675239396346,0.04151230049563146,0.04770226291342335,0.07222665448451152,0.09372376205877682,0.11096176561397934,0.08545325977124697,0.093239383822081,0.06557830157903097,0.06302656788880064,0.0699651322573471,0.10535115722001585,0.09120923949483715,0.08190559006830818,0.09548518740905476,0.12953149028752975,0.13423275274344715,0.11757230630659252,0.10970729294042891,0.09047079351866559,0.14194124442255757,0.08909255824940432,0.11527024338681495,0.07246967275615568,0.09004169513582207,0.10771341085941225,0.15546462227164418,0.11974377061159652,0.06026492048292296,0.09499204522001588,0.0850167349579031,0.07749945003971408,0.08411247793169178,0.07751809346465446,0.08490910405083402,0.07714035817950754,0.11510307804924541,0.09260577037648926,0.09707783418903891,0.08269817457029385,0.09794953157426531,0.08668995800794282,0.07042915541223192,0.09885317764892773,0.10605702610007942,0.10187840756155679,0.081142242624305
Aero ,0.05104536761874503,0.045868816749801436,0.045849906217633025,0.033012815343923745,0.038579427796664026,0.052242174600476574,0.06542790294201746,0.07688846532644955,0.06129210023351867,0.06788869142494042,0.048276103904686264,0.04704315991580619,0.05261281620651311,0.07694564795075458,0.06688782940270055,0.05801693112946783,0.07045944357903097,0.09190143650833994,0.10054050154725971,0.08907460751389991,0.08173074088482925,0.06795932956314535,0.08909255824940432,0.08384768732486098,0.08361839627323271,0.056833122509928516,0.06606854957267672,0.08116861733439237,0.11618300052422553,0.09037407647339159,0.04827374404765688,0.06942591576965847,0.06200663374424146,0.05754376533756949,0.06313848743606038,0.0579099018935663,0.0634433408737093,0.05703878599364574,0.08072416659888801,0.06838716366004766,0.07153171739316917,0.06162526715488484,0.07123954301350277,0.062182270876886415,0.04996752771088165,0.07321080334392373,0.07666533614773628,0.07589364058776805,0.059230988568705296
Ships,0.06473228829864972,0.05721612148689436,0.05556439058935663,0.03707516226528991,0.04516537860524225,0.06582174327879269,0.08458397106910244,0.1019341588594122,0.07866114007625098,0.08705094898808577,0.061453827945988894,0.059281808320889584,0.06543208249086577,0.09685058854646546,0.08512996566481333,0.07736158555043685,0.08946343012231932,0.11959823750278001,0.12680038509293085,0.11106240076250992,0.10321761600953137,0.0848650085146942,0.11527024338681495,0.08361839627323271,0.1336855608514694,0.06831917957108816,0.08623891371564735,0.10438264430182684,0.14730555984114374,0.11444349550436855,0.057126801131056386,0.08687211138681493,0.07928821008419379,0.07232181559968229,0.07877792529626686,0.0721926927212073,0.07897263803018269,0.07151459835107227,0.10340112158220809,0.0850501993582208,0.0917936729880858,0.07784212733280382,0.09159330636695791,0.08008853226052422,0.06476159328991261,0.09173587191421761,0.099435259872915,0.09396003478951548,0.07512199383002381
Guns ,0.04337978440031771,0.03800158370135027,0.036655799046862586,0.025500719523431293,0.03320964200158856,0.042984951612390784,0.054929551453534536,0.0642996940746624,0.04840701569499602,0.053670369531374114,0.04032092387609214,0.03989692508339952,0.04575397982525815,0.0623720110246227,0.052657224019062754,0.049336714694201755,0.0566707636536934,0.07444765315329627,0.08095425283558383,0.06959456292295471,0.06599402849880857,0.05657680365369339,0.07246967275615568,0.056833122509928516,0.06831917957108816,0.09022502373312152,0.05620300927720412,0.06837743266084194,0.09417957340746626,0.07376026160444797,0.038294413248610014,0.058295555456711674,0.05163875399523431,0.04762840803812548,0.051342655281969816,0.04760970090548053,0.05180829741064337,0.04709175011914217,0.06685999148530579,0.0559524847339158,0.05850303698173153,0.05012659958697378,0.0566122981096108,0.049968163844320894,0.04106812117553613,0.05882178138204924,0.06352803250198573,0.06172874735504368,0.047825453852263715
Gold ,0.05530573641938046,0.04313647568546464,0.04508050752025418,0.033668657416997615,0.03707415807466244,0.051706423758538504,0.06439237939952343,0.06710639057664812,0.058622409741064335,0.060260765293089755,0.04790880766957903,0.04687163379189832,0.052966940193804594,0.08747818408260526,0.05951567250833996,0.058954407237490083,0.07043636404765687,0.10619067296584589,0.12686937951389993,0.10000072441620333,0.09085233339475776,0.06937967107227956,0.09004169513582207,0.06606854957267672,0.08623891371564735,0.05620300927720412,0.2925009995488483,0.15025186337092933,0.1871462837172359,0.13253304165210483,0.050561085350278,0.06717649428435266,0.05363873094837171,0.05598317111993646,0.061389525362986495,0.05695462766004765,0.06474870856235107,0.057037578217633035,0.07873753490706907,0.06975445614614775,0.062116951078633825,0.062128873588562346,0.06110527557108816,0.055168209296266875,0.039117022341540894,0.06648688876886416,0.07285186922954726,0.07226717464654488,0.05941593239714058
Mines,0.06787322248133439,0.05462923982208101,0.05552166590627482,0.037605101426528995,0.04264217168546466,0.06153616148054011,0.08236741417633044,0.08718971780142974,0.07314805528832403,0.0779234650420969,0.05733455297220016,0.05871137118983318,0.06564804391421765,0.10283393204130262,0.07693997125972994,0.07246235484034948,0.08708185606989675,0.12195727663860204,0.14459569834471803,0.11519324826052421,0.10681156508975377,0.08663621493248609,0.10771341085941225,0.08116861733439237,0.10438264430182684,0.06837743266084194,0.15025186337092933,0.16559233179348687,0.19615568212867354,0.14241591596505163,0.0578580298903892,0.08329731593963463,0.06966592839396347,0.06996031485305795,0.07661512399046862,0.07007324184908659,0.07913956463860206,0.0707367589451946,0.09533344106115964,0.08464547521525019,0.08270327890071485,0.07649135699444001,0.0812818412136616,0.07327081331850677,0.05591076836854647,0.08309639844320889,0.0901424467672756,0.0912029349324861,0.07332125545353456
Coal ,0.09663700492454329,0.07802610684670372,0.07515991571088164,0.0520480980301827,0.06387752743447181,0.08488147896743448,0.11374141178713262,0.1300007830500397,0.10048868687847498,0.1119012469579031,0.08083732292295472,0.08166530085782364,0.08897062659253374,0.1474297423510723,0.10983366895949163,0.09834469461477359,0.12421420227164415,0.17505722500397142,0.21115615675933283,0.17247078166799046,0.1555247777760127,0.12454104416203335,0.15546462227164418,0.11618300052422553,0.14730555984114374,0.09417957340746626,0.1871462837172359,0.19615568212867354,0.36018821969817316,0.22124218195393167,0.08801962007942812,0.1187782057347101,0.10034382830818112,0.09775546528991265,0.1087668637807784,0.09769200006354249,0.10997299507545669,0.0981527549324861,0.13690978055599684,0.12105911399523431,0.11602449749007147,0.10801401534551232,0.11406253885623512,0.10121540284352662,0.07841759647339158,0.12034628576648135,0.13125654314535345,0.12678950389197774,0.10437930748212866
Oil  ,0.07460537639396345,0.06054909042096902,0.060166009340746625,0.04165917830023827,0.052006129245432894,0.07071858357426529,0.08822103463065922,0.10161774293884035,0.07943791958697378,0.08515110713264494,0.06579428289118347,0.06451542640190627,0.07176984473391583,0.11242626614773629,0.08841689518665607,0.0797883689277204,0.09629406843526607,0.1316436213185068,0.1546778709451946,0.12888179990468623,0.11935958379666405,0.0956910230976966,0.11974377061159652,0.09037407647339159,0.11444349550436855,0.07376026160444797,0.13253304165210483,0.14241591596505163,0.22124218195393167,0.17811332447974584,0.07132390617950754,0.09403485804606829,0.07907373906274821,0.07652897731532961,0.08487248543288323,0.07679168895949166,0.0864203462748213,0.0771343584432089,0.10754876616362191,0.09325743450357425,0.08933166725972996,0.08394223297855441,0.08702796073073871,0.07715144991262907,0.06367425340746624,0.09586207841143765,0.10575568136616365,0.0985969152660842,0.08177693842732327
Util ,0.03650388760603654,0.033411832965845906,0.034473386611596504,0.025328182751389997,0.030710190347895145,0.0361751619030977,0.043995952813343925,0.052613550776806996,0.0411051584845115,0.04497984081969818,0.03487126879110407,0.03378071724543289,0.03756327570452741,0.05535584735504369,0.04685838745353455,0.039392442967434466,0.04810290299285148,0.06313706121683876,0.07060361682605244,0.06088238706910247,0.05708941335345512,0.046753416362192206,0.06026492048292296,0.04827374404765688,0.057126801131056386,0.038294413248610014,0.050561085350278,0.0578580298903892,0.08801962007942812,0.07132390617950754,0.045666136050834,0.0494001090166799,0.043182520660841946,0.03977051980937251,0.04304779256235107,0.04056093889753773,0.04303571523431294,0.0387758782112788,0.056107826420969016,0.05009892144876885,0.04750838713582208,0.042625631790309766,0.04774083098649722,0.0404786242827641,0.03475216462589357,0.053919688212867356,0.05348693409054805,0.05242062843526608,0.041942641925337566
Telcm,0.05315905101191421,0.04850409456393962,0.04934004820969023,0.03310318762986497,0.03949629430659254,0.056724454451151714,0.0724631004511517,0.08618276997776013,0.06467992810007943,0.07047686126131851,0.051574272336775216,0.050576651769658455,0.05701345241302621,0.08126571328832406,0.0697096870579825,0.062080488327243825,0.07325874127243842,0.09804893539952345,0.10286376458776807,0.08845128938840348,0.08433977075297854,0.0709596398093725,0.09499204522001588,0.06942591576965847,0.08687211138681493,0.058295555456711674,0.06717649428435266,0.08329731593963463,0.1187782057347101,0.09403485804606829,0.0494001090166799,0.08311075739316917,0.0667353778776807,0.06094595768069896,0.06706532607942813,0.06194133489118349,0.06708830789515487,0.05953374691183477,0.08675324638284355,0.0699660815694996,0.07468708211755362,0.06403529762986496,0.07600604887847498,0.06657537248451152,0.05470330077521842,0.07859589460683081,0.08439462321683876,0.08073561790309769,0.062275432165210476
PerSv,0.047206323513899924,0.04403358590627482,0.043166265366163616,0.029488089019857028,0.035064897308975385,0.04914055870055599,0.065637581197776,0.07742025592692613,0.057969121515488484,0.06414066297696583,0.04796668749166005,0.04602653619380462,0.0502158474725973,0.07027728243050037,0.06291100616044479,0.05635938003494837,0.06615723222557585,0.08786984645591737,0.09045239680381256,0.07943888578236694,0.07428163401747419,0.0620995280381255,0.0850167349579031,0.06200663374424146,0.07928821008419379,0.05163875399523431,0.05363873094837171,0.06966592839396347,0.10034382830818112,0.07907373906274821,0.043182520660841946,0.0667353778776807,0.07409626319936458,0.054953065003971416,0.05918286252899125,0.055203467107227976,0.05890607297855441,0.05346272706274821,0.07808292217315328,0.06341035594598887,0.06691614176012708,0.057892253134233525,0.06957937587609214,0.0602330335409055,0.04961739963145354,0.07017320427323272,0.0767707272915012,0.07210726030182685,0.05509625316600475
BusSv,0.043819555869737875,0.04012881251787131,0.039153869706115965,0.026144192152501987,0.030833374138204934,0.045254708149324856,0.058723471199364566,0.06922806818109611,0.053477720254169976,0.05829098891183478,0.043084273741064334,0.04243710859412232,0.04748006579825259,0.06592000441620334,0.057517549896743465,0.050513265385226366,0.06066540571882444,0.081891215949166,0.08504988530579825,0.07447719564733916,0.06977038996028595,0.058583171755361395,0.07749945003971408,0.05754376533756949,0.07232181559968229,0.04762840803812548,0.05598317111993646,0.06996031485305795,0.09775546528991265,0.07652897731532961,0.03977051980937251,0.06094595768069896,0.054953065003971416,0.05368848527402702,0.05496753667990468,0.05126743094519459,0.05558751510722796,0.05020780749801429,0.07002538570293883,0.05859126366957902,0.06115504552819697,0.05335554049245432,0.062023922922954736,0.0541174302779984,0.044127766322478154,0.06337273188244638,0.06749887081810961,0.06586985674344717,0.051554306211278794
Hardw,0.04900473228911834,0.042698000641779185,0.04385293277839555,0.02879533567752184,0.03517752733598094,0.05038427736457505,0.06419309700079427,0.07340659299920572,0.057690493196187444,0.06336027655599683,0.04631212198252581,0.04579055310087371,0.05156523024940429,0.07212052053216841,0.06271595033995232,0.05416207489436059,0.06564106589833202,0.08789593128196982,0.09472042370770453,0.08326748192216045,0.07704690258459093,0.06434139234312945,0.08411247793169178,0.06313848743606038,0.07877792529626686,0.051342655281969816,0.061389525362986495,0.07661512399046862,0.1087668637807784,0.08487248543288323,0.04304779256235107,0.06706532607942813,0.05918286252899125,0.05496753667990468,0.06858971248768864,0.056953431615567915,0.06317495717235902,0.055734873444003165,0.07607300920413027,0.064107546471803,0.06646363299285146,0.057933723199364566,0.06762883144876886,0.059294161123113594,0.047512721166004745,0.06807234080222399,0.0726507186576648,0.07231861952343127,0.056463924390786346
Softw,0.045008531901509136,0.03992828010802223,0.04012910473073868,0.027812687526608412,0.03204945190786338,0.04545229007466242,0.05847293487529784,0.0685230545607625,0.0530029895694996,0.05858819959332804,0.042834055783955514,0.04256120945830025,0.047505466185861794,0.06797342139793484,0.05776804901985702,0.05070335836695789,0.059971297610802214,0.08200192976012709,0.08592805214932486,0.07557757239078633,0.07055318588403495,0.05937179593328037,0.07751809346465446,0.0579099018935663,0.0721926927212073,0.04760970090548053,0.05695462766004765,0.07007324184908659,0.09769200006354249,0.07679168895949166,0.04056093889753773,0.06194133489118349,0.055203467107227976,0.05126743094519459,0.056953431615567915,0.05562913570135027,0.05735013715647339,0.05069265964416204,0.07087780983002381,0.05859786650992851,0.06176263033836378,0.0536894448101668,0.0624419116028594,0.054458588552819695,0.04466286889277204,0.06383527426528993,0.06840204691024623,0.06735118325655283,0.051487592292295464
Chips,0.049112241747418586,0.04284065210484512,0.04370383011914217,0.028769658522637007,0.034447804066719614,0.05104717934868944,0.0646024757426529,0.07372472162033361,0.057930892517871334,0.06358193274027005,0.04650544228752977,0.04625340273232724,0.05207750389197775,0.0737933471008737,0.06272720454328834,0.05491879517077045,0.06594460756155679,0.08974135355043684,0.09569726694201747,0.08291133140587766,0.07776058071485305,0.06538308517871326,0.08490910405083402,0.0634433408737093,0.07897263803018269,0.05180829741064337,0.06474870856235107,0.07913956463860206,0.10997299507545669,0.0864203462748213,0.04303571523431294,0.06708830789515487,0.05890607297855441,0.05558751510722796,0.06317495717235902,0.05735013715647339,0.06704116397140589,0.05655737750595711,0.07635144638602065,0.06426967034154091,0.06704963310563937,0.058609249436060364,0.06725956352660842,0.059152274853057976,0.0474480714853058,0.06761557855440826,0.0730896759650516,0.07217134058776808,0.05647237343923749
LabEq,0.04411529551707705,0.03894791102779983,0.03888052650039713,0.026516018819698173,0.030905410443208887,0.04601802205401112,0.057330088206513106,0.0663008429531374,0.05272671091501191,0.05754405397299443,0.042964630919777605,0.04263427410802223,0.04743675896108023,0.06585432579030975,0.0571238733550437,0.05092417743923748,0.059769396900714866,0.08048019362351072,0.08552780233836377,0.07464386892772042,0.07004984278157268,0.05857897709293089,0.07714035817950754,0.05703878599364574,0.07151459835107227,0.04709175011914217,0.057037578217633035,0.0707367589451946,0.0981527549324861,0.0771343584432089,0.0387758782112788,0.05953374691183477,0.05346272706274821,0.05020780749801429,0.055734873444003165,0.05069265964416204,0.05655737750595711,0.05555848003018269,0.06957849242573472,0.05750879496743445,0.060597243061159656,0.05314487002700557,0.060335672074662415,0.05346635892136617,0.04333406780301826,0.06163555800635425,0.06597532715647342,0.06499063461477361,0.051456571043685465
Paper,0.06266466466084196,0.055985364028594116,0.0514003050929309,0.036697323059571095,0.04531706832724383,0.06525275169817314,0.08421578352343129,0.09985561588880065,0.07603852463542496,0.08357282323749007,0.05986153555520254,0.057335062617950745,0.06419335270532167,0.09320452284352658,0.08212104763463063,0.07688091940270057,0.08608993074185861,0.11659851210166798,0.11859357908816522,0.10421583297855438,0.09834896933756948,0.0811860954090548,0.11510307804924541,0.08072416659888801,0.10340112158220809,0.06685999148530579,0.07873753490706907,0.09533344106115964,0.13690978055599684,0.10754876616362191,0.056107826420969016,0.08675324638284355,0.07808292217315328,0.07002538570293883,0.07607300920413027,0.07087780983002381,0.07635144638602065,0.06957849242573472,0.11804042007307389,0.08548985629229547,0.08776403019221604,0.07476470226528989,0.08847303129150116,0.07731409098967433,0.0648231541477363,0.09274696570293883,0.09718328659253377,0.09363613038919777,0.07300691519618747
Boxes,0.05124516690071486,0.04765376298014296,0.04585907662589356,0.030228676880063535,0.04113584723113582,0.053430407885623525,0.06860115963145352,0.07870536564257347,0.06167843874185861,0.06850303375377284,0.04955454673868149,0.04664381583478951,0.05230922018745036,0.07959611151707705,0.06830478734868943,0.05974720454964258,0.07206005091660049,0.0961216879872915,0.10443388657029387,0.09078540991262905,0.083206671974583,0.0685420971564734,0.09260577037648926,0.06838716366004766,0.0850501993582208,0.0559524847339158,0.06975445614614775,0.08464547521525019,0.12105911399523431,0.09325743450357425,0.05009892144876885,0.0699660815694996,0.06341035594598887,0.05859126366957902,0.064107546471803,0.05859786650992851,0.06426967034154091,0.05750879496743445,0.08548985629229547,0.09128740552184271,0.07333622989038917,0.062398995545671174,0.07318557672438443,0.06360493637490072,0.05201072155043686,0.07628956861000794,0.07889832972200157,0.07865233315329627,0.060087363583796655
