,Agric,Food ,Soda ,Beer ,Smoke,Toys ,Fun  ,Books,Hshld,Clths,Hlth ,MedEq,Drugs,Chems,Rubbr,Txtls,BldMt,Cnstr,Steel,FabPr,Mach ,ElcEq,Autos,Aero ,Ships,Guns ,Gold ,Mines,Coal ,Oil  ,Util ,Telcm,PerSv,BusSv,Hardw,Softw,Chips,LabEq,Paper,Boxes,Trans,Whlsl,Rtail,Meals,Banks,Insur,RlEst,Fin  ,Other
Agric,0.09123990306433677,0.0350216023796664,0.03417745561715647,0.02222424010007943,0.030248294101667995,0.03673356985544083,0.049868210649722015,0.06087148040349483,0.048358078284352644,0.04946562542811754,0.038459434541699755,0.038310564319301035,0.0418034610166799,0.059658485528197,0.050798625617156465,0.04800961675615567,0.054844943485305796,0.07358759766957904,0.07939495315329627,0.07227102549007149,0.06387820683717235,0.051857930301826845,0.0648925261096108,0.051218046767275614,0.06509604895472595,0.04351278104368547,0.055833164764098484,0.06816183539475773,0.09717612627164413,0.07495839847815725,0.03660872165528196,0.053346696443208906,0.04735933159015091,0.044067674673550425,0.04926237399841143,0.045222142227164405,0.04935918776806989,0.04435369459253374,0.06285000632406672,0.051404434108022236,0.05419094315170769,0.048028107626687855,0.05350752059571089,0.04694742773471008,0.03998063119777602,0.05515519963939634,0.05989210815726769,0.05878245740587768,0.04621828236219221
Food ,0.0350216023796664,0.038941344171564744,0.03363943574583002,0.02290172045432883,0.028062662802223984,0.0353562927212073,0.04628400970293883,0.053785985652104844,0.04183477134233518,0.04620634874344718,0.03483976916282764,0.03344202141064336,0.037428021445591736,0.05200102846703733,0.046322059558379675,0.040199715450357415,0.04771066358697378,0.06311389888165211,0.06777057788721207,0.059415933235901504,0.055102699520254164,0.046468993439237494,0.06126974794598888,0.04600358859412232,0.057487442563939624,0.03786116281810962,0.043269784270055595,0.05487014513423351,0.07839062188403496,0.060872868314535325,0.0334750726036537,0.048638966992851446,0.04406184516600477,0.04030398966481334,0.04286606968069897,0.04007117141223194,0.042923119491660056,0.03914007757267672,0.05620638030500398,0.04770779082128672,0.04876316118824464,0.04234758354567119,0.048850642875297855,0.043048525525019865,0.035614516184273234,0.051852032034948356,0.053075982891183496,0.05268547957744242,0.041189807837966635
Soda ,0.03417745561715647,0.03363943574583002,0.07276403866401904,0.0260796558014297,0.029605979591739478,0.037229334481334385,0.04508269403653694,0.05109108960444797,0.04119707380460682,0.044569481783955534,0.034291392908657646,0.03439401904845115,0.037939970309769665,0.052382004956314544,0.04518886852104844,0.03890755998729148,0.04611522738046068,0.06002692307704528,0.06658820535345515,0.05771856863224782,0.05401467853216839,0.04618278526608421,0.05773499814773629,0.04633288806989673,0.055992197288324067,0.037008911744241466,0.04580425380619539,0.05586339899761714,0.07572157352184272,0.06070174115647338,0.03488366547736299,0.04974090595552024,0.043504295701350275,0.03967531730420969,0.04416308506433676,0.040594027113582204,0.04419084193804606,0.03909841349324862,0.05187062968864177,0.04633651567752184,0.047199095355043685,0.04269034417633041,0.04828096389992056,0.04236098667355043,0.03433738495790309,0.0503428376759333,0.05339713621127879,0.05262826219698173,0.039621495636219216
Beer ,0.02222424010007943,0.02290172045432883,0.0260796558014297,0.04760288033518664,0.020366019903097703,0.026778083189833192,0.03042016611278792,0.03486137988562352,0.02753041382049245,0.03172482420810167,0.023002681601270846,0.023014860910246234,0.024647894154090546,0.03643794462271644,0.030505333220015883,0.026244933941223198,0.03158717955202541,0.040945745895154886,0.046789300794281175,0.03985415634948372,0.03734481758220811,0.03048925189038919,0.041670470725973005,0.03309962916600477,0.037193560617950754,0.02552385928355838,0.03400861820969022,0.037998645555202534,0.05269938391739477,0.04195370582049245,0.025380103310563937,0.033126722425734695,0.029602020162033345,0.026266494867355033,0.028886064629070677,0.027941390697378873,0.028857343701350274,0.026677195015091342,0.03672460974900715,0.03036521246544877,0.03258787732803812,0.029199302854646548,0.03274466938046068,0.029682016112787923,0.022489368996028596,0.03464317413979348,0.03679474586973787,0.034641515375695,0.027997106654487684
Smoke,0.030248294101667995,0.028062662802223984,0.029605979591739478,0.020366019903097703,0.07139825577601272,0.02911619001111994,0.03585262556314535,0.04173877210802223,0.032689281588562366,0.0376558155694996,0.028096062068308177,0.02694388266401906,0.030693307212073088,0.04327461308975377,0.03689914528673549,0.03224496861636218,0.03749858019380462,0.04674004667037332,0.05358992725972995,0.04699136622398729,0.04496528678633836,0.037754718657664804,0.04780792209372518,0.03860885410643368,0.04532408135186655,0.033179797142176344,0.03686330067831612,0.04262886586656076,0.06407787066560758,0.05200068115329628,0.03063652433042097,0.03957532672438443,0.035108968654487684,0.030939490708498815,0.03521609498967433,0.032065971304209684,0.03442259691818904,0.03106148155361398,0.04541057067990468,0.04106284624781572,0.03871632775536139,0.03356578448451152,0.03844388458300237,0.03206314998729149,0.029005501726767274,0.043682547131056376,0.04208154347100874,0.043148915283558374,0.03192504127243845
Toys ,0.03673356985544083,0.0353562927212073,0.037229334481334385,0.026778083189833192,0.02911619001111994,0.07382841306433677,0.05591517230182687,0.06126091095154883,0.04902330195393169,0.05415320475297855,0.038696634891183496,0.036785778624305,0.04240297048451152,0.0603900645274027,0.05244472180460683,0.04854896938522637,0.05594057227005558,0.07335854380937253,0.07613621442414611,0.06818644809531375,0.06304877932327242,0.0541768006036537,0.07235382325019857,0.052260568546465436,0.06621117285464655,0.043169040781572666,0.051984584692613175,0.061804106077839545,0.08528139620015888,0.07095042511834788,0.036334402370135035,0.0568481584050834,0.04916252460047657,0.045374121893566315,0.05042969406195391,0.045506745912629064,0.051153602859412235,0.04600223872279588,0.06537044583955519,0.05346602359968228,0.056097055606036526,0.048470498325655274,0.056771665639396326,0.05006738053057981,0.041346396447974575,0.05854694114058776,0.06536941753772836,0.060137083196187435,0.0479939156664019
Fun  ,0.049868210649722015,0.04628400970293883,0.04508269403653694,0.03042016611278792,0.03585262556314535,0.05591517230182687,0.0848201895853852,0.08195935508181099,0.06372439234312945,0.0700826643876092,0.049545519942811755,0.048531221324861,0.0543571697220016,0.0769992870849881,0.06618767351231132,0.06312746390468625,0.07256575292136615,0.0965694075107228,0.09957053537728355,0.08652107894519459,0.08068807736934075,0.06786065118347895,0.09414165997776011,0.06571025953931693,0.08504631401429708,0.05491944758061954,0.06466970701191423,0.0827863840127085,0.1145661957553614,0.08879079642891183,0.04412526330738682,0.07269407506910247,0.06574156174106432,0.05903855811278792,0.064444837223193,0.058727496254169974,0.06482885582208102,0.05760769333756949,0.08452735351231133,0.06871989619698173,0.0729038327625099,0.06190765622875297,0.07492201693407466,0.06667837242891184,0.05331612257982526,0.07432706562033362,0.08144338033359808,0.07831010788244636,0.0612993745067514
Books,0.06087148040349483,0.053785985652104844,0.05109108960444797,0.03486137988562352,0.04173877210802223,0.06126091095154883,0.08195935508181099,0.12955373039555199,0.07710854868943609,0.08208875202859411,0.05803799199999999,0.05520769111040508,0.061456934455917406,0.08972958649721999,0.08066792777760128,0.07701110666878473,0.08395721376330419,0.11157891081493249,0.11387212584590944,0.09986598814297058,0.09582246278633835,0.0782299918189039,0.11154236205877681,0.07732639869737885,0.10263418564257347,0.0644898881683876,0.06749827891024622,0.08759865627640985,0.130724711974583,0.10227217993963464,0.052838754776807,0.08652015114535347,0.07771049089118347,0.06965825544400317,0.07382319036060364,0.0689256520285941,0.07409715761715646,0.0666653379444003,0.10026609757903095,0.07899610892136617,0.08466643015726767,0.07217736779348688,0.08790091864972199,0.07698673266719618,0.06441554464495632,0.08910411443685463,0.09849054482922952,0.0902996283749007,0.06987391669896743
Hshld,0.048358078284352644,0.04183477134233518,0.04119707380460682,0.02753041382049245,0.032689281588562366,0.04902330195393169,0.06372439234312945,0.07710854868943609,0.07174065016679904,0.06535722938840348,0.0450655766163622,0.043770791580619535,0.048098981795075456,0.07109746970611595,0.06342769772835583,0.05904480667196187,0.06628002490865767,0.08867209096108021,0.09087376174741858,0.0786816557585385,0.07458553315329626,0.06236607116759332,0.08586411755361398,0.061511900111199364,0.07915660984908657,0.0484115510087371,0.058871027609213665,0.07352550557585386,0.10122945140587769,0.07985659996822872,0.04122618948371724,0.06492861922160444,0.05819196381254964,0.053748143828435256,0.05794958659253377,0.053259216648133434,0.05816270373312153,0.053061204352660825,0.07635885226370134,0.06186947218427323,0.06693087374106432,0.05681584822875298,0.0680700266878475,0.059870157426529,0.04974703720413026,0.06747578363780778,0.07506291917394757,0.07063814659253374,0.05559720648133438
Clths,0.04946562542811754,0.04620634874344718,0.044569481783955534,0.03172482420810167,0.0376558155694996,0.05415320475297855,0.0700826643876092,0.08208875202859411,0.06535722938840348,0.08619889069261318,0.048795605769658454,0.047338247254964265,0.0520205480381255,0.07672888740270055,0.06782833620015888,0.06290426367593327,0.07160459919301032,0.10106407035583795,0.09888094679904684,0.08790148946465452,0.08153967201270848,0.06791459444797458,0.0937145320381255,0.06838328791104051,0.08740179866719616,0.053790914584590954,0.06086911067037335,0.07835759833677522,0.11256194107069105,0.08558871260683085,0.04513324738046068,0.07074595152184272,0.06420576986179509,0.05859462165369342,0.06368480857188244,0.058860653274026994,0.06383087907863384,0.05783996759015092,0.08390324586656077,0.06868196219698174,0.07415064934392375,0.06238994396028594,0.0789298722398729,0.06791494736616364,0.05221274218745035,0.07474991534392376,0.08101990828435263,0.07762311174106436,0.06040520853216838
Hlth ,0.038459434541699755,0.03483976916282764,0.034291392908657646,0.023002681601270846,0.028096062068308177,0.038696634891183496,0.049545519942811755,0.05803799199999999,0.0450655766163622,0.048795605769658454,0.045713484136616356,0.03843415136457507,0.042075977188244636,0.0558844806036537,0.04893954645909452,0.044462244524225564,0.05123543282605243,0.06742966311040509,0.07152172670373314,0.06383109190786339,0.058852685629864974,0.049275481429706114,0.06573223294042892,0.04832241696584591,0.06176351690548054,0.040352100606830824,0.048267189903097696,0.0575323784845115,0.08104333329308974,0.06606285866878475,0.03495057152025417,0.051660571018268465,0.04805274350436854,0.04323916033677522,0.04641805561874502,0.04295500275139,0.04655840571882444,0.043165192305003944,0.060015021725178724,0.049585126888006356,0.051722555335980934,0.04572288733280381,0.0515994138522637,0.045551523660047645,0.03730982818745036,0.0548111293534551,0.05786826227164415,0.05471400780301827,0.044133359637807776
MedEq,0.038310564319301035,0.03344202141064336,0.03439401904845115,0.023014860910246234,0.02694388266401906,0.036785778624305,0.048531221324861,0.05520769111040508,0.043770791580619535,0.047338247254964265,0.03843415136457507,0.04329539675774424,0.04264680656076251,0.05501488034948373,0.04747129398888005,0.043156833340746624,0.05004878523272439,0.06605673012390785,0.07074693164416203,0.061496828984908644,0.05751046218268468,0.04895942523431296,0.06325455991421762,0.04712383561556792,0.05953568218745033,0.039978315690230325,0.04711495221445591,0.05895348784908656,0.08219700786020652,0.06487603059888801,0.033848915332803806,0.05072525081969817,0.046121474274821286,0.04262771184590946,0.04598531627005561,0.042735553633042093,0.0463759977124702,0.04285287924702144,0.057463005148530574,0.046707130311358216,0.050466875097696574,0.044600433472597296,0.050043436211278804,0.043738470943606035,0.03659391354884829,0.05233138851945988,0.05619629185861796,0.054097577024622714,0.04355348077362986
Drugs,0.0418034610166799,0.037428021445591736,0.037939970309769665,0.024647894154090546,0.030693307212073088,0.04240297048451152,0.0543571697220016,0.061456934455917406,0.048098981795075456,0.0520205480381255,0.042075977188244636,0.04264680656076251,0.0552557486576648,0.061927417633042076,0.05245759545671168,0.046646553073868155,0.055255386370135016,0.07419574784749801,0.07826268524225576,0.06830274830818106,0.0638626530897538,0.054421998395552014,0.07016492956314534,0.05279995161239077,0.06578457186656077,0.04568897520254169,0.05334552738681493,0.06595955251787135,0.08935771593328036,0.07203614954725973,0.03763058354249404,0.05716214533756949,0.05034936225575852,0.047663385083399526,0.05171919542494044,0.047642280889594914,0.052181123812549614,0.047621087625099284,0.06437557761715645,0.05234554597299442,0.05637246627482128,0.04945670724384432,0.05596948277998409,0.04919540897537728,0.04013238498808578,0.05754132071485306,0.061515042017474174,0.05999368214455917,0.048062843447180315
Chems,0.059658485528197,0.05200102846703733,0.052382004956314544,0.03643794462271644,0.04327461308975377,0.0603900645274027,0.0769992870849881,0.08972958649721999,0.07109746970611595,0.07672888740270055,0.0558844806036537,0.05501488034948373,0.061927417633042076,0.1025086781254964,0.07702198729150114,0.06750729293089754,0.08051026363780779,0.10997569391580621,0.12067254557585386,0.10277028749801428,0.0961019801429706,0.07919174420969023,0.1057399291183479,0.07723448123907863,0.09733823059571091,0.06222350799046861,0.08811546414614777,0.10318189505957111,0.14808164279586977,0.11285887224781573,0.0554344678951549,0.0815278227482129,0.07040929855440826,0.0661616458141382,0.07233447361397935,0.06819009810961078,0.07394330223987292,0.0660857624146148,0.09346995138999206,0.07966351532962666,0.08142571380460684,0.0714001959968229,0.08071041229547257,0.07134722220810166,0.058146025957108806,0.08417305944400319,0.09065044378077837,0.08694633270849877,0.06807383590150913
Rubbr,0.050798625617156465,0.046322059558379675,0.04518886852104844,0.030505333220015883,0.03689914528673549,0.05244472180460683,0.06618767351231132,0.08066792777760128,0.06342769772835583,0.06782833620015888,0.04893954645909452,0.04747129398888005,0.05245759545671168,0.07702198729150114,0.08743211616203336,0.06124964265607626,0.07033587319459887,0.09115240781890388,0.09902636978554406,0.08571956108657663,0.08139796755520254,0.06769706606830816,0.0916113806576648,0.06714172781572675,0.08548218033042095,0.05282480288800635,0.05981712858776807,0.07717309562192216,0.11026529523749005,0.08871891886894359,0.04698778406354248,0.0699561134455917,0.06301739825893567,0.057798265382049234,0.06301214117235901,0.0580179722446386,0.06294157845909452,0.057379260022239885,0.0824086899666402,0.06835734696425733,0.07142832345671168,0.06158064634471805,0.07087593523431293,0.06138269948530581,0.05253478577601269,0.07396154189356632,0.0791394967593328,0.07525460917871328,0.05931618102938839
Txtls,0.04800961675615567,0.040199715450357415,0.03890755998729148,0.026244933941223198,0.03224496861636218,0.04854896938522637,0.06312746390468625,0.07701110666878473,0.05904480667196187,0.06290426367593327,0.044462244524225564,0.043156833340746624,0.046646553073868155,0.06750729293089754,0.06124964265607626,0.09703794201111991,0.06616310056870532,0.08742682099443999,0.08883260063542497,0.07610741711199365,0.0728991615059571,0.05882181741064336,0.08233975055123113,0.05817338706910245,0.07790463358856235,0.04952112499444002,0.05936724531850676,0.07263529946306592,0.09878071945353453,0.08019730202382844,0.03939737999046863,0.062379404721207315,0.0565687568101668,0.050777201023034145,0.05443632651945988,0.0509790655186656,0.055117612422557576,0.05132945549166004,0.07719216001906275,0.05978772611914219,0.06504966832088958,0.05541294235424942,0.06504388841938044,0.05818538161715646,0.04653299168864177,0.06649185365528198,0.07447787456711676,0.06633699806830817,0.05275588311993645
BldMt,0.054844943485305796,0.04771066358697378,0.04611522738046068,0.03158717955202541,0.03749858019380462,0.05594057227005558,0.07256575292136615,0.08395721376330419,0.06628002490865767,0.07160459919301032,0.05123543282605243,0.05004878523272439,0.055255386370135016,0.08051026363780779,0.07033587319459887,0.06616310056870532,0.08291013595552026,0.10236472020333598,0.10713603316918188,0.09285064796822877,0.0865046791803018,0.07158151749007148,0.0959309251088165,0.07067537016679903,0.09008355989197775,0.056649905467831614,0.07095705945035741,0.08755057444956316,0.12494615118030182,0.09674580335504371,0.048246674840349474,0.0735613976743447,0.06636773101826848,0.06099230584908657,0.06590047509451942,0.060247044212867355,0.06621726989674345,0.06010863700714852,0.0864188324638602,0.07226940590309769,0.07541986005401112,0.06486692720571884,0.07592416311358219,0.06597475285782366,0.05494865287370928,0.07713746094996028,0.08483994999205721,0.08049006737410642,0.06250465917712471
Cnstr,0.07358759766957904,0.06311389888165211,0.06002692307704528,0.040945745895154886,0.04674004667037332,0.07335854380937253,0.0965694075107228,0.11157891081493249,0.08867209096108021,0.10106407035583795,0.06742966311040509,0.06605673012390785,0.07419574784749801,0.10997569391580621,0.09115240781890388,0.08742682099443999,0.10236472020333598,0.20139736745194595,0.14654074060365363,0.12350638700873713,0.11595248662112788,0.09703268714058778,0.1297825669610802,0.09197727345512313,0.1201303464638602,0.07425976957744242,0.1062980237537728,0.12215171470532167,0.1755417218363781,0.13189643493884032,0.0631230700460683,0.09818560746147738,0.08787014870849881,0.08200706441461479,0.08796001071326451,0.08211750761556792,0.08982633779189833,0.08063545903415409,0.11679462037648926,0.09607470785861792,0.10173236990945195,0.08615087551548849,0.10453556528196979,0.09068656342017474,0.07643868491342334,0.11209515896902301,0.1136431656791104,0.1091064415234313,0.0847664166624305
Steel,0.07939495315329627,0.06777057788721207,0.06658820535345515,0.046789300794281175,0.05358992725972995,0.07613621442414611,0.09957053537728355,0.11387212584590944,0.09087376174741858,0.09888094679904684,0.07152172670373314,0.07074693164416203,0.07826268524225576,0.12067254557585386,0.09902636978554406,0.08883260063542497,0.10713603316918188,0.14654074060365363,0.174604285401112,0.13931526166799046,0.12756352231930101,0.10372729367752187,0.1348109799841144,0.10087979904686259,0.12752419239078636,0.08100804281175536,0.127080779618745,0.14485318184273233,0.21165603783955514,0.15502397747418592,0.0707440635107228,0.10325857310563939,0.090707160381255,0.08541322413026209,0.09505550716441619,0.0862533701985703,0.09601607952343127,0.08597460724384429,0.11894428322478155,0.10461136703733123,0.10589515577442411,0.09362830260524224,0.10341147388403493,0.091531790420969,0.07256391054805401,0.10700260884829228,0.11643513097696587,0.11213141104050836,0.08938573863383636
FabPr,0.07227102549007149,0.059415933235901504,0.05771856863224782,0.03985415634948372,0.04699136622398729,0.06818644809531375,0.08652107894519459,0.09986598814297058,0.0786816557585385,0.08790148946465452,0.06383109190786339,0.061496828984908644,0.06830274830818106,0.10277028749801428,0.08571956108657663,0.07610741711199365,0.09285064796822877,0.12350638700873713,0.13931526166799046,0.15678981071326448,0.10993662938204926,0.09099626092136617,0.11831930122954727,0.08957137617156471,0.11193122868625893,0.0698263765814138,0.10100738012073074,0.11607321072915008,0.173550010725973,0.12959370975059567,0.061126648813343926,0.08892182378713265,0.07985580731374108,0.07501065486576648,0.08375181418268467,0.07604236779666403,0.08335619215250197,0.07514227174583,0.10469964453375694,0.0911358796409849,0.09139053981890388,0.08179393539952343,0.09135065463065921,0.07978049405242255,0.06491696137569498,0.09276112734233519,0.1011151462271644,0.09802735430976962,0.0782246943574265
Mach ,0.06387820683717235,0.055102699520254164,0.05401467853216839,0.03734481758220811,0.04496528678633836,0.06304877932327242,0.08068807736934075,0.09582246278633835,0.07458553315329626,0.08153967201270848,0.058852685629864974,0.05751046218268468,0.0638626530897538,0.0961019801429706,0.08139796755520254,0.0728991615059571,0.0865046791803018,0.11595248662112788,0.12756352231930101,0.10993662938204926,0.10571339511358219,0.08327356336775221,0.11018261012867356,0.08199383720413023,0.10392043566640191,0.0660170347132645,0.0911447924130262,0.10702977680063544,0.15609938670055595,0.11964335487212069,0.05719598661159648,0.08459608987450355,0.07443929966004764,0.07008468430818109,0.0773442546656076,0.07082556580142971,0.07798205334392376,0.07041203389356633,0.09868127411596506,0.08336059570452738,0.08549919041143761,0.07530631913582206,0.08506381845909453,0.07455874926767275,0.06100332944241461,0.08766929726449564,0.09551785645750595,0.09192845819221605,0.07247702194122317
ElcEq,0.051857930301826845,0.046468993439237494,0.04618278526608421,0.03048925189038919,0.037754718657664804,0.0541768006036537,0.06786065118347895,0.0782299918189039,0.06236607116759332,0.06791459444797458,0.049275481429706114,0.04895942523431296,0.054421998395552014,0.07919174420969023,0.06769706606830816,0.05882181741064336,0.07158151749007148,0.09703268714058778,0.10372729367752187,0.09099626092136617,0.08327356336775221,0.0786345854725973,0.09077565269261322,0.06819790293884034,0.08544873457505953,0.05658979498808579,0.06977365455917395,0.08696111325655283,0.12514120222398728,0.09604123763304206,0.04684992004765686,0.07119266809372517,0.06232239431294678,0.05886333157267674,0.06457270856235107,0.059610422049245416,0.06557020088959489,0.058900704829229544,0.08146792891977761,0.06868222939634629,0.07168477301032565,0.062338728586179504,0.07057951003177126,0.061519577418586165,0.0516089431691819,0.07352525073073869,0.07952198537728357,0.07679290505957109,0.060896125186656075
Autos,0.0648925261096108,0.06126974794598888,0.05773499814773629,0.041670470725973005,0.04780792209372518,0.07235382325019857,0.09414165997776011,0.11154236205877681,0.08586411755361398,0.0937145320381255,0.06573223294042892,0.06325455991421762,0.07016492956314534,0.1057399291183479,0.0916113806576648,0.08233975055123113,0.0959309251088165,0.1297825669610802,0.1348109799841144,0.11831930122954727,0.11018261012867356,0.09077565269261322,0.14237917732168384,0.08953870300238284,0.11596793918665611,0.07252663573947578,0.09063456344082606,0.10830536176965845,0.15651045765210483,0.12039543467513904,0.06048679785226368,0.09529626991898331,0.08530572045115169,0.07790193324543286,0.08440675121207307,0.0778484067799841,0.08516468336775218,0.07748890968069898,0.11555988710722795,0.09284303414455916,0.09746583281334394,0.08304631153931692,0.0981720603494837,0.0870485306211279,0.07056319012867354,0.09917370697696584,0.10653698289118346,0.10220184377760125,0.08147452873391582
Aero ,0.051218046767275614,0.04600358859412232,0.04633288806989673,0.03309962916600477,0.03860885410643368,0.052260568546465436,0.06571025953931693,0.07732639869737885,0.061511900111199364,0.06838328791104051,0.04832241696584591,0.04712383561556792,0.05279995161239077,0.07723448123907863,0.06714172781572675,0.05817338706910245,0.07067537016679903,0.09197727345512313,0.10087979904686259,0.08957137617156471,0.08199383720413023,0.06819790293884034,0.08953870300238284,0.08432103548848294,0.08387055796664021,0.057019441779189835,0.06653840949960287,0.08148726509928515,0.11677620521048453,0.09064790249404286,0.04831480136616362,0.0697352455599682,0.06215527173947577,0.05775808832406671,0.0633996244638602,0.05812961960285941,0.06359486919777602,0.05731733934868944,0.08100455421763303,0.06848998544876889,0.07186600873709294,0.0618347203494837,0.07141014713264497,0.062366046290706904,0.05003457229547262,0.07345149826846706,0.07699360101667992,0.07608525280381256,0.05939366287529784
Ships,0.06509604895472595,0.057487442563939624,0.055992197288324067,0.037193560617950754,0.04532408135186655,0.06621117285464655,0.08504631401429708,0.10263418564257347,0.07915660984908657,0.08740179866719616,0.06176351690548054,0.05953568218745033,0.06578457186656077,0.09733823059571091,0.08548218033042095,0.07790463358856235,0.09008355989197775,0.1201303464638602,0.12752419239078636,0.11193122868625893,0.10392043566640191,0.08544873457505953,0.11596793918665611,0.08387055796664021,0.13467137177283556,0.06843005051787134,0.08723618420492453,0.10497024848768863,0.1485950530643368,0.11535457316282764,0.05732114545830024,0.08727893422239874,0.07968714552501985,0.07275563583955519,0.07916808231294675,0.07260165254328832,0.07939145617156473,0.07197497299126289,0.10382526599364578,0.08532925905162828,0.09221561461795076,0.07826852815409055,0.09179023130262112,0.08050277041620334,0.06504280949483718,0.09208440959332805,0.099833660548054,0.09441662120889595,0.07566552575218427
Guns ,0.04351278104368547,0.03786116281810962,0.037008911744241466,0.02552385928355838,0.033179797142176344,0.043169040781572666,0.05491944758061954,0.0644898881683876,0.0484115510087371,0.053790914584590954,0.040352100606830824,0.039978315690230325,0.04568897520254169,0.06222350799046861,0.05282480288800635,0.04952112499444002,0.056649905467831614,0.07425976957744242,0.08100804281175536,0.0698263765814138,0.0660170347132645,0.05658979498808579,0.07252663573947578,0.057019441779189835,0.06843005051787134,0.09066298848451151,0.05645214409372517,0.06841928345194598,0.0938506388943606,0.073693158548054,0.038224733575853855,0.058312036509928514,0.05165478072756156,0.04767993148689436,0.05135951913582208,0.047659562122319296,0.05188848597299443,0.04721037232406671,0.06689751948054012,0.05581103911517077,0.05856098414932487,0.0501806233884035,0.05661828895154883,0.04989472731850676,0.041068855769658456,0.058846723477362986,0.06362937888006352,0.061787585926926125,0.0479408563796664
Gold ,0.055833164764098484,0.043269784270055595,0.04580425380619539,0.03400861820969022,0.03686330067831612,0.051984584692613175,0.06466970701191423,0.06749827891024622,0.058871027609213665,0.06086911067037335,0.048267189903097696,0.04711495221445591,0.05334552738681493,0.08811546414614777,0.05981712858776807,0.05936724531850676,0.07095705945035741,0.1062980237537728,0.127080779618745,0.10100738012073074,0.0911447924130262,0.06977365455917395,0.09063456344082606,0.06653840949960287,0.08723618420492453,0.05645214409372517,0.29098896721048456,0.15063554471961876,0.1886855916886418,0.13294058265607628,0.05062428854964256,0.06746683175694995,0.05398173203494838,0.056254535642573475,0.06161527617474185,0.05710868313264494,0.06492300228752977,0.05745078053375695,0.07887768270214456,0.06984012274980142,0.062378495208895955,0.062426436300238274,0.06115551671961876,0.05547840349324861,0.03910193296108022,0.06673277133121522,0.0730873697299444,0.07246754144082604,0.05965245697696585
Mines,0.06816183539475773,0.05487014513423351,0.05586339899761714,0.037998645555202534,0.04262886586656076,0.061804106077839545,0.0827863840127085,0.08759865627640985,0.07352550557585386,0.07835759833677522,0.0575323784845115,0.05895348784908656,0.06595955251787135,0.10318189505957111,0.07717309562192216,0.07263529946306592,0.08755057444956316,0.12215171470532167,0.14485318184273233,0.11607321072915008,0.10702977680063544,0.08696111325655283,0.10830536176965845,0.08148726509928515,0.10497024848768863,0.06841928345194598,0.15063554471961876,0.1662362027942811,0.1970524325528197,0.14275671157744238,0.05789931443685466,0.08369721332644955,0.06978939254011118,0.07026837164892771,0.07692384960762509,0.07031783206989672,0.07942100521048451,0.07108702540746625,0.095523418203336,0.08461577033995232,0.08294474202700552,0.07678867235742652,0.08143630015091342,0.07361085401270852,0.05597025620492454,0.08327371915329623,0.09059557841938044,0.09143313341223192,0.07372274321366164
Coal ,0.09717612627164413,0.07839062188403496,0.07572157352184272,0.05269938391739477,0.06407787066560758,0.08528139620015888,0.1145661957553614,0.130724711974583,0.10122945140587769,0.11256194107069105,0.08104333329308974,0.08219700786020652,0.08935771593328036,0.14808164279586977,0.11026529523749005,0.09878071945353453,0.12494615118030182,0.1755417218363781,0.21165603783955514,0.173550010725973,0.15609938670055595,0.12514120222398728,0.15651045765210483,0.11677620521048453,0.1485950530643368,0.0938506388943606,0.1886855916886418,0.1970524325528197,0.36108652698332017,0.2217589808482923,0.08829321592374903,0.11941393809690229,0.10079113177442413,0.09819968534392375,0.1092113554630659,0.09815109665448764,0.11058574166799044,0.09862399744559171,0.13739239909769657,0.12153306403812549,0.11668085523113583,0.10843008627799842,0.11460620317712474,0.1018476327688642,0.07869946031453535,0.12085318614138203,0.1316874440031771,0.12735543171405878,0.1050778914757744
Oil  ,0.07495839847815725,0.060872868314535325,0.06070174115647338,0.04195370582049245,0.05200068115329628,0.07095042511834788,0.08879079642891183,0.10227217993963464,0.07985659996822872,0.08558871260683085,0.06606285866878475,0.06487603059888801,0.07203614954725973,0.11285887224781573,0.08871891886894359,0.08019730202382844,0.09674580335504371,0.13189643493884032,0.15502397747418592,0.12959370975059567,0.11964335487212069,0.09604123763304206,0.12039543467513904,0.09064790249404286,0.11535457316282764,0.073693158548054,0.13294058265607628,0.14275671157744238,0.2217589808482923,0.17789890337728353,0.07142969486258934,0.09448275376965842,0.07932479836060365,0.07682717300397142,0.08517712637966637,0.07708999487847497,0.0867363806830818,0.07749259108498809,0.10785423920254171,0.09353976965528196,0.08981203579348687,0.08427668028276408,0.0872565745353455,0.07749475831930104,0.0639534712660842,0.09623705155520255,0.10609283280381257,0.09899227035107225,0.08219476471167592
Util ,0.03660872165528196,0.0334750726036537,0.03488366547736299,0.025380103310563937,0.03063652433042097,0.036334402370135035,0.04412526330738682,0.052838754776807,0.04122618948371724,0.04513324738046068,0.03495057152025417,0.033848915332803806,0.03763058354249404,0.0554344678951549,0.04698778406354248,0.03939737999046863,0.048246674840349474,0.0631230700460683,0.0707440635107228,0.061126648813343926,0.05719598661159648,0.04684992004765686,0.06048679785226368,0.04831480136616362,0.05732114545830024,0.038224733575853855,0.05062428854964256,0.05789931443685466,0.08829321592374903,0.07142969486258934,0.045662694004765685,0.04950371240349483,0.04320174012390785,0.039863094719618755,0.043131900581413814,0.040651134862589366,0.043077504209690226,0.038944842776806994,0.056246198440031765,0.050125263412231925,0.04763577657188244,0.04271909921842731,0.047759715250198564,0.04053791720730737,0.03478358627799842,0.054015592174741854,0.05363766943606036,0.052496355116759326,0.042031614052422554
Telcm,0.053346696443208906,0.048638966992851446,0.04974090595552024,0.033126722425734695,0.03957532672438443,0.0568481584050834,0.07269407506910247,0.08652015114535347,0.06492861922160444,0.07074595152184272,0.051660571018268465,0.05072525081969817,0.05716214533756949,0.0815278227482129,0.0699561134455917,0.062379404721207315,0.0735613976743447,0.09818560746147738,0.10325857310563939,0.08892182378713265,0.08459608987450355,0.07119266809372517,0.09529626991898331,0.0697352455599682,0.08727893422239874,0.058312036509928514,0.06746683175694995,0.08369721332644955,0.11941393809690229,0.09448275376965842,0.04950371240349483,0.08327534935504367,0.06681030148371725,0.06118285620810168,0.0672704900841938,0.06214143813820492,0.06722421486894362,0.059785786424146135,0.08704271737728356,0.07007560212708498,0.07490944502938839,0.06425548041143764,0.0760848629626688,0.0667651876584591,0.05484116170135028,0.0788005577394758,0.08467552823669576,0.08095243579507544,0.06251492931374103
PerSv,0.04735933159015091,0.04406184516600477,0.043504295701350275,0.029602020162033345,0.035108968654487684,0.04916252460047657,0.06574156174106432,0.07771049089118347,0.05819196381254964,0.06420576986179509,0.04805274350436854,0.046121474274821286,0.05034936225575852,0.07040929855440826,0.06301739825893567,0.0565687568101668,0.06636773101826848,0.08787014870849881,0.090707160381255,0.07985580731374108,0.07443929966004764,0.06232239431294678,0.08530572045115169,0.06215527173947577,0.07968714552501985,0.05165478072756156,0.05398173203494838,0.06978939254011118,0.10079113177442413,0.07932479836060365,0.04320174012390785,0.06681030148371725,0.07411516115011914,0.055138575231135814,0.05927163108498809,0.05531303575536139,0.05898413420174744,0.05364618011755363,0.07822185808419378,0.06336281433518666,0.06703617162192216,0.05803172559809373,0.06952834128673552,0.060341138135027804,0.04967146858776806,0.0703129354598888,0.07692472829229545,0.07222174886100077,0.05526137106910245
BusSv,0.044067674673550425,0.04030398966481334,0.03967531730420969,0.026266494867355033,0.030939490708498815,0.045374121893566315,0.05903855811278792,0.06965825544400317,0.053748143828435256,0.05859462165369342,0.04323916033677522,0.04262771184590946,0.047663385083399526,0.0661616458141382,0.057798265382049234,0.050777201023034145,0.06099230584908657,0.08200706441461479,0.08541322413026209,0.07501065486576648,0.07008468430818109,0.05886333157267674,0.07790193324543286,0.05775808832406671,0.07275563583955519,0.04767993148689436,0.056254535642573475,0.07026837164892771,0.09819968534392375,0.07682717300397142,0.039863094719618755,0.06118285620810168,0.055138575231135814,0.05391414699126291,0.05519675958061952,0.051486721391580614,0.05580755113582208,0.050452903729944404,0.07023630219698175,0.05869949071167592,0.06142244136934074,0.05357085379348688,0.062147123042096915,0.05431643089277205,0.0442669010754567,0.06358839899761713,0.06778012896743445,0.06610890036695789,0.05177005990627483
Hardw,0.04926237399841143,0.04286606968069897,0.04416308506433676,0.028886064629070677,0.03521609498967433,0.05042969406195391,0.064444837223193,0.07382319036060364,0.05794958659253377,0.06368480857188244,0.04641805561874502,0.04598531627005561,0.05171919542494044,0.07233447361397935,0.06301214117235901,0.05443632651945988,0.06590047509451942,0.08796001071326451,0.09505550716441619,0.08375181418268467,0.0773442546656076,0.06457270856235107,0.08440675121207307,0.0633996244638602,0.07916808231294675,0.05135951913582208,0.06161527617474185,0.07692384960762509,0.1092113554630659,0.08517712637966637,0.043131900581413814,0.0672704900841938,0.05927163108498809,0.05519675958061952,0.06885799977124704,0.0571725345766481,0.06334611494837171,0.05597340020333599,0.07632380249086576,0.06422192239555202,0.06672370082922954,0.05813776684352661,0.06777334528991262,0.05949246121048449,0.04764294327561557,0.06828003587609215,0.07289110843526607,0.07252015986656074,0.056676623599682265
Softw,0.045222142227164405,0.04007117141223194,0.040594027113582204,0.027941390697378873,0.032065971304209684,0.045506745912629064,0.058727496254169974,0.0689256520285941,0.053259216648133434,0.058860653274026994,0.04295500275139,0.042735553633042093,0.047642280889594914,0.06819009810961078,0.0580179722446386,0.0509790655186656,0.060247044212867355,0.08211750761556792,0.0862533701985703,0.07604236779666403,0.07082556580142971,0.059610422049245416,0.0778484067799841,0.05812961960285941,0.07260165254328832,0.047659562122319296,0.05710868313264494,0.07031783206989672,0.09815109665448764,0.07708999487847497,0.040651134862589366,0.06214143813820492,0.05531303575536139,0.051486721391580614,0.0571725345766481,0.055838415911040516,0.05752176165210484,0.05092957319777602,0.07110926908339953,0.058701425874503554,0.0619902639110405,0.05388965758220809,0.06255376664019063,0.0546559424177919,0.04477857078951549,0.06404474224622715,0.06866098135027798,0.06755741835742653,0.051686592781572664
Chips,0.04935918776806989,0.042923119491660056,0.04419084193804606,0.028857343701350274,0.03442259691818904,0.051153602859412235,0.06482885582208102,0.07409715761715646,0.05816270373312153,0.06383087907863384,0.04655840571882444,0.0463759977124702,0.052181123812549614,0.07394330223987292,0.06294157845909452,0.055117612422557576,0.06621726989674345,0.08982633779189833,0.09601607952343127,0.08335619215250197,0.07798205334392376,0.06557020088959489,0.08516468336775218,0.06359486919777602,0.07939145617156473,0.05188848597299443,0.06492300228752977,0.07942100521048451,0.11058574166799044,0.0867363806830818,0.043077504209690226,0.06722421486894362,0.05898413420174744,0.05580755113582208,0.06334611494837171,0.05752176165210484,0.0671111795393169,0.056768651977760126,0.07654933566322478,0.06429168393963462,0.06723909191421763,0.05879043901509135,0.06732917988880062,0.05930783227958698,0.047555629356632254,0.06778387930103255,0.0733501338522637,0.07235310830818109,0.05665219367752183
LabEq,0.04435369459253374,0.03914007757267672,0.03909841349324862,0.026677195015091342,0.03106148155361398,0.04600223872279588,0.05760769333756949,0.0666653379444003,0.053061204352660825,0.05783996759015092,0.043165192305003944,0.04285287924702144,0.047621087625099284,0.0660857624146148,0.057379260022239885,0.05132945549166004,0.06010863700714852,0.08063545903415409,0.08597460724384429,0.07514227174583,0.07041203389356633,0.058900704829229544,0.07748890968069898,0.05731733934868944,0.07197497299126289,0.04721037232406671,0.05745078053375695,0.07108702540746625,0.09862399744559171,0.07749259108498809,0.038944842776806994,0.059785786424146135,0.05364618011755363,0.050452903729944404,0.05597340020333599,0.05092957319777602,0.056768651977760126,0.05573519454169976,0.06979855659094521,0.057673408314535345,0.060838613591739484,0.053368041070691014,0.060452911660047653,0.053718234576648136,0.04348632312311358,0.061871310471803026,0.06629777958697378,0.06521562306274822,0.05168102538204926
Paper,0.06285000632406672,0.05620638030500398,0.05187062968864177,0.03672460974900715,0.04541057067990468,0.06537044583955519,0.08452735351231133,0.10026609757903095,0.07635885226370134,0.08390324586656077,0.060015021725178724,0.057463005148530574,0.06437557761715645,0.09346995138999206,0.0824086899666402,0.07719216001906275,0.0864188324638602,0.11679462037648926,0.11894428322478155,0.10469964453375694,0.09868127411596506,0.08146792891977761,0.11555988710722795,0.08100455421763303,0.10382526599364578,0.06689751948054012,0.07887768270214456,0.095523418203336,0.13739239909769657,0.10785423920254171,0.056246198440031765,0.08704271737728356,0.07822185808419378,0.07023630219698175,0.07632380249086576,0.07110926908339953,0.07654933566322478,0.06979855659094521,0.1183422646211279,0.08566133037172358,0.08805994326608416,0.07497323375536138,0.08861704003971406,0.07757400937410645,0.06497110796028595,0.09299938593645753,0.09750725876886417,0.09389028731215247,0.07320717936934076
Boxes,0.051404434108022236,0.04770779082128672,0.04633651567752184,0.03036521246544877,0.04106284624781572,0.05346602359968228,0.06871989619698173,0.07899610892136617,0.06186947218427323,0.06868196219698174,0.049585126888006356,0.046707130311358216,0.05234554597299442,0.07966351532962666,0.06835734696425733,0.05978772611914219,0.07226940590309769,0.09607470785861792,0.10461136703733123,0.0911358796409849,0.08336059570452738,0.06868222939634629,0.09284303414455916,0.06848998544876889,0.08532925905162828,0.05581103911517077,0.06984012274980142,0.08461577033995232,0.12153306403812549,0.09353976965528196,0.050125263412231925,0.07007560212708498,0.06336281433518666,0.05869949071167592,0.06422192239555202,0.058701425874503554,0.06429168393963462,0.057673408314535345,0.08566133037172358,0.09127824352501984,0.07349800817474185,0.0624677005861795,0.07318136507545671,0.0636707163002383,0.05205943188403494,0.07640601387926925,0.0789938128435266,0.07873618295949167,0.060205540751389994
