,Agric,Food ,Soda ,Beer ,Smoke,Toys ,Fun  ,Books,Hshld,Clths,Hlth ,MedEq,Drugs,Chems,Rubbr,Txtls,BldMt,Cnstr,Steel,FabPr,Mach ,ElcEq,Autos,Aero ,Ships,Guns ,Gold ,Mines,Coal ,Oil  ,Util ,Telcm,PerSv,BusSv,Hardw,Softw,Chips,LabEq,Paper,Boxes,Trans,Whlsl,Rtail,Meals,Banks,Insur,RlEst,Fin  ,Other
Agric,0.09106861003971406,0.034853556012708495,0.03375284613185067,0.02194104277998411,0.03031575259729945,0.03662267728355837,0.04960461153296267,0.06026560238284353,0.04805175517077044,0.04904185563145353,0.03825986630659254,0.03796891405877679,0.041506758236695786,0.05928346792692613,0.050349507005559964,0.047457713566322474,0.054552449690230334,0.07333663606036535,0.07871354805401111,0.07161985383637806,0.06342711861795074,0.051338166465448774,0.06434405823669578,0.050825269849086585,0.0647581207307387,0.04332662117553613,0.0545982035901509,0.06765128141382051,0.09644157672756154,0.07441303628276408,0.03656138127084987,0.053102696362192205,0.04714622039714057,0.04370870241461477,0.04896518061953932,0.044972979507545655,0.04897348468625893,0.04392674552819698,0.06247538619539318,0.05128405308975378,0.05408476212867353,0.047617386274821275,0.0532395314853058,0.04668867164416203,0.03970727992057187,0.0548679385861795,0.05939630727561558,0.05832440991262906,0.04601285795075456
Food ,0.034853556012708495,0.038874712087370915,0.033274698725972995,0.022951881094519462,0.028221848597299447,0.0351966043796664,0.046160059942811756,0.053425445706115966,0.04170952202382844,0.045971095491660036,0.03476639711199365,0.033362117270849874,0.03734308312787926,0.051910166967434467,0.046238606223987296,0.04000609742811755,0.04757149573629864,0.06320001246386021,0.06760165003971405,0.05888514567275618,0.054929505885623515,0.04635894486894361,0.06102558449880857,0.04593901897220016,0.05727230960127085,0.03808558402700557,0.04280993006513107,0.05459248575218426,0.07820836460524225,0.06071362128355839,0.0335968124432089,0.04850363801111993,0.043969899193010316,0.04015359450516282,0.04270296410166799,0.03993774649086577,0.04282244032883241,0.0389308889579031,0.055877494540111206,0.04779092054328832,0.048670685785544086,0.04220768055281969,0.04880495074344717,0.042957143542494025,0.03552125820015885,0.05174730850516282,0.05287092214614774,0.05250809648610008,0.041161926233518664
Soda ,0.03375284613185067,0.033274698725972995,0.07425002124861,0.026054711879269256,0.028690783644162027,0.037191915526608416,0.04482143546942017,0.050733432794281184,0.04079061138681494,0.04398684461318506,0.03398594644003176,0.03401567136457506,0.03742669948848292,0.05203485301350278,0.04513805978713263,0.03813030912152502,0.04573123150436854,0.05963045406195395,0.06598532555996824,0.056989969613979334,0.05325233559968229,0.04562717181890389,0.05702387346147736,0.04567421324225574,0.05540420284034948,0.036630854614773625,0.04437170311675933,0.05535763630182685,0.07499043912311358,0.060137930637013504,0.034499138643367754,0.04926364348848292,0.04317494844162035,0.039160056317712466,0.04383793497061159,0.04011829765210483,0.04361990431135822,0.0388062096711676,0.05131761457664812,0.04594278196028593,0.04681912540746623,0.04219064266243049,0.04788835761080222,0.04199946061953931,0.03409118599523431,0.05009715559650516,0.05300559074185862,0.052163159358220794,0.0390853567720413
Beer ,0.02194104277998411,0.022951881094519462,0.026054711879269256,0.04738249515329626,0.020390469121525017,0.026942545205718826,0.030451829601270842,0.034630812155679126,0.027497618163621916,0.031467949153296274,0.02291501458617951,0.022880500527402696,0.024587513453534552,0.03630587216203336,0.030465393451945984,0.026187970517871324,0.03140265970770453,0.0408514710500397,0.04647810659253376,0.03963323677680698,0.03714176483717236,0.03026841649722001,0.041509087310563936,0.032930927423351866,0.037184012762509926,0.025500047045274025,0.03342566763463066,0.03765973440984909,0.052037453548848284,0.04173523167275615,0.025419909710881646,0.03313351429388403,0.029559187167593332,0.026156879540905474,0.028879784117553608,0.027867761804606823,0.028851932322478152,0.026505900316123918,0.03669092566004764,0.030225592981731532,0.03275370011437648,0.029054927987291503,0.03280672162509929,0.02958882033359809,0.022451461837966643,0.034644156320889595,0.03659513591898331,0.03454596895631454,0.027831421706115952
Smoke,0.03031575259729945,0.028221848597299447,0.028690783644162027,0.020390469121525017,0.07245372730103256,0.029352434783161237,0.036060659876092124,0.0415363726703733,0.032831712171564734,0.03751359475138999,0.028172332193804613,0.02713716062907068,0.030905026675139,0.0432897658903892,0.03691931203177124,0.03217415635901508,0.037693778725972994,0.04742566473073869,0.05370750976965844,0.046806444810166783,0.04511254112787926,0.03777973324861002,0.0481319219952343,0.03861807806830817,0.04552787258459095,0.0334755133915806,0.03679017739158061,0.0429451108308181,0.06454002054328832,0.05258068426370135,0.03113230250039714,0.03968748528038126,0.035297052162033354,0.03098989828117553,0.035401109795075464,0.03224418622398729,0.034667286538522635,0.03102225371247021,0.04545094831453534,0.041451971494837175,0.03908798512470214,0.03357603292136617,0.038703178942017476,0.032298488864177924,0.029120753003971395,0.04378074607148531,0.04211325405559968,0.04321054335822082,0.032113998843526614
Toys ,0.03662267728355837,0.0351966043796664,0.037191915526608416,0.026942545205718826,0.029352434783161237,0.07315871016838761,0.055721775698173145,0.060814423949166,0.04871820664336775,0.05386051363939635,0.038570755911040505,0.03679306904845115,0.042359626317712465,0.06021498293566322,0.052077201579030966,0.04837776615250199,0.05569508304686258,0.07335425226052422,0.0759238196664019,0.067897764548054,0.06271134774424143,0.05380977833995234,0.07214833678474981,0.05216974085623509,0.06578678246544876,0.042865594146147726,0.05116452970293886,0.061477693253375695,0.08477638341064338,0.07050897997458297,0.03625166779825258,0.05664040817156473,0.04897045163780777,0.045133881974583005,0.05027440318665607,0.04535955524702144,0.0509579241636219,0.04588125225893566,0.06503660031612393,0.05357600150277999,0.056114265331215246,0.04820301182525813,0.0566609449706116,0.049836716949960294,0.04126915633200953,0.05838628939158061,0.06493039249086577,0.05994228170611596,0.048032089105639386
Fun  ,0.04960461153296267,0.046160059942811756,0.04482143546942017,0.030451829601270842,0.036060659876092124,0.055721775698173145,0.08497419114217633,0.08147380297378871,0.06358786879110404,0.06982119213979349,0.04948391868467037,0.04840085777918983,0.05421973813185068,0.07670473352819698,0.06604054237966639,0.06286402714217633,0.07238542032724384,0.09684409911993651,0.09922547764892771,0.0860590164034948,0.08029731623510725,0.06757131191421763,0.09377285139316917,0.06556192320571881,0.08473186256393961,0.055091082621127864,0.063955306776807,0.0823710864273233,0.11379939528832406,0.0882772334996029,0.0442868187418586,0.07253948341223193,0.06567255652422557,0.05881896045432883,0.06429862584908659,0.058542099850675156,0.06472593789038919,0.05740445234948374,0.08415946738363779,0.06887129333121522,0.07295556249722002,0.061605813229547265,0.07500645041779189,0.06665352619539314,0.053277694776806994,0.07423804362827638,0.08113317567275613,0.07811896490548054,0.06126746701191421
Books,0.06026560238284353,0.053425445706115966,0.050733432794281184,0.034630812155679126,0.0415363726703733,0.060814423949166,0.08147380297378871,0.12850523332168384,0.07655674229070689,0.08140580288482925,0.057701160438443214,0.05480668456870532,0.06106561771564732,0.08919677647021441,0.0800516735567911,0.07643854825734708,0.08340219543764892,0.11099251337251785,0.1130223623510723,0.09871767022716442,0.0951048875297855,0.07757139304209687,0.11081090026370136,0.07677386510563938,0.10173116983637805,0.06417088139793485,0.06638391251469421,0.08700600230023826,0.1298148408768864,0.10146874027640988,0.052643285979348683,0.0860939738903892,0.07729124040667196,0.06907709481810961,0.07330746026370136,0.06843957805877682,0.07365580482287529,0.0661791253884035,0.09961881312787926,0.07883536310722795,0.08426307780142968,0.07163554761556791,0.0874366594185862,0.07654595218427322,0.06399752406036535,0.08853495582525814,0.0978669844130262,0.0896915157490071,0.06953172507069104
Hshld,0.04805175517077044,0.04170952202382844,0.04079061138681494,0.027497618163621916,0.032831712171564734,0.04871820664336775,0.06358786879110404,0.07655674229070689,0.07152095060206513,0.06492782756473389,0.044968569741064335,0.04358464738999206,0.04789362346942018,0.0707614110500397,0.06318087229229545,0.0586693474598888,0.06599696431453533,0.08866381959650513,0.09047483599682288,0.07809980960444794,0.07419305552025415,0.06199603620333597,0.08547226867672755,0.061249895628276416,0.07871019892613186,0.048389712676727564,0.058189374671961884,0.0732811927339158,0.10063319884670377,0.07949816995710882,0.04129255761397935,0.06472305396028594,0.057982186579825276,0.05349089643526608,0.057718901909451954,0.05302539084352662,0.057958710090548045,0.05270379506592533,0.07595847310246226,0.06186204068625893,0.0668900900587768,0.056489509401112005,0.06797892412708498,0.05971415304209692,0.04964374777124703,0.06729058831453533,0.07470214304368546,0.07037993755043682,0.05553045544718029
Clths,0.04904185563145353,0.045971095491660036,0.04398684461318506,0.031467949153296274,0.03751359475138999,0.05386051363939635,0.06982119213979349,0.08140580288482925,0.06492782756473389,0.08548323217791895,0.048710926665607626,0.04698796323431294,0.051799270455917396,0.07624886323749008,0.06756278586814932,0.06254702237966639,0.071256845223193,0.10097728458776806,0.09827680069896744,0.08707582215726767,0.08105882888006354,0.0674536533121525,0.09314156421922161,0.06787644699602857,0.08692043592057189,0.05364536015885624,0.05957342285623511,0.07765592747895152,0.11177291916123906,0.08509045614614776,0.04506217891024621,0.07044724483558379,0.06408877387768071,0.05823083302303414,0.0633452307164416,0.05861530168069895,0.06359131287688641,0.05756393758856234,0.0833413193709293,0.06852795856393962,0.0738944318602065,0.06201713227005561,0.0786866191644162,0.06762518563939635,0.052022835069102456,0.0744129012104845,0.08048451095790311,0.07727648286576647,0.06021467468149325
Hlth ,0.03825986630659254,0.03476639711199365,0.03398594644003176,0.02291501458617951,0.028172332193804613,0.038570755911040505,0.04948391868467037,0.057701160438443214,0.044968569741064335,0.048710926665607626,0.04565916663383638,0.03828529635583795,0.04196722605559968,0.05582236439714058,0.04881531844956315,0.044332889432883237,0.051108563952343124,0.06761548868625893,0.07124659024622713,0.06325651084670372,0.05864874228752978,0.04907239467831612,0.06562051897696586,0.048295871857029375,0.06138806575377282,0.04036807982525813,0.04742704477839554,0.057370569464654485,0.0808674972867355,0.0658051924765687,0.03500961787768069,0.05154277109451947,0.04799467020810166,0.043108156088959494,0.046330492765687056,0.042827873976171556,0.046522366046068304,0.04296805436378076,0.059784310999205705,0.04976058506115966,0.05170612580778395,0.04555833554249404,0.051607389378872104,0.04552708861000794,0.03719519085941223,0.054697592521048444,0.05766673651787133,0.054557767949165996,0.044171070805401114
MedEq,0.03796891405877679,0.033362117270849874,0.03401567136457506,0.022880500527402696,0.02713716062907068,0.03679306904845115,0.04840085777918983,0.05480668456870532,0.04358464738999206,0.04698796323431294,0.03828529635583795,0.0430203483335981,0.04252266955043684,0.054756623237490074,0.04736153131691819,0.042936799424940414,0.049841550386020644,0.06607049450039715,0.07034144254169976,0.060907413817315334,0.057175094058776806,0.04867545631453535,0.06305166620492453,0.04700508342176331,0.059227932695790304,0.03991985542494043,0.0466228278443209,0.05865884523907864,0.08171649776330421,0.0645265003081811,0.033878371396346314,0.05055316235742653,0.04603892603018269,0.04240895249880858,0.04575053715011914,0.0425496831898332,0.046245110668784756,0.04264181410961081,0.05721857937092931,0.04676941178077838,0.050418597960285944,0.04437063759173947,0.04996779477998411,0.043665965528196966,0.03643408213820492,0.052148392012708496,0.055834395612390765,0.053920556892772045,0.04348881132962668
Drugs,0.041506758236695786,0.03734308312787926,0.03742669948848292,0.024587513453534552,0.030905026675139,0.042359626317712465,0.05421973813185068,0.06106561771564732,0.04789362346942018,0.051799270455917396,0.04196722605559968,0.04252266955043684,0.05516224422398729,0.06173976556949959,0.05235008536616362,0.04645336616521051,0.055063179231135816,0.07424208487053217,0.0779786668149325,0.06771630648292296,0.06364500003971406,0.054192512319301014,0.06998862345035743,0.052675644500397134,0.06549959700397139,0.04582449711675934,0.05256880015250197,0.06568947912787926,0.08912349402541699,0.07189277667672757,0.03774374075138998,0.05703479867831613,0.05016601646068307,0.04749989399682286,0.05156730519777601,0.0475332646799047,0.05209852177442415,0.04746449656711675,0.0640955331262907,0.052415338335186655,0.05634403660365369,0.04924748760603653,0.055920380243050044,0.04906350843526607,0.04001788233042097,0.05738423844956311,0.06119799288482923,0.05979233753455122,0.04802709535186657
Chems,0.05928346792692613,0.051910166967434467,0.05203485301350278,0.03630587216203336,0.0432897658903892,0.06021498293566322,0.07670473352819698,0.08919677647021441,0.0707614110500397,0.07624886323749008,0.05582236439714058,0.054756623237490074,0.06173976556949959,0.1019930785766481,0.07696750127402699,0.06704589082446386,0.08024387107863386,0.10999700267513898,0.12014922942017477,0.10189128367593332,0.09572352849880858,0.07876533339158062,0.10537757926608422,0.0768452750468626,0.09694950102621129,0.06232437056393962,0.08677193319142175,0.1025577993232724,0.14742321830976968,0.11236638629388405,0.05553133099602859,0.08127962759650517,0.07030910581096105,0.06582915694042892,0.0721127094646545,0.06791572883876093,0.07378094579507548,0.06575711460841939,0.09305471323590149,0.07975312195075455,0.08130445494519457,0.0710756245146942,0.08057627104368546,0.07114032457505957,0.05807771246703733,0.08398748415567912,0.0903392200381255,0.08668929431612395,0.06799529038284355
Rubbr,0.050349507005559964,0.046238606223987296,0.04513805978713263,0.030465393451945984,0.03691931203177124,0.052077201579030966,0.06604054237966639,0.0800516735567911,0.06318087229229545,0.06756278586814932,0.04881531844956315,0.04736153131691819,0.05235008536616362,0.07696750127402699,0.08741722731691821,0.06107413322001587,0.07009441212390788,0.09114682810484509,0.09882261077045275,0.08514446691342335,0.08111529714058777,0.06750828789515488,0.09116655501826845,0.06701445160603654,0.0850875402192216,0.05274627737887212,0.05935268624622718,0.07703165426846702,0.10983231075139,0.08854717419539318,0.04702330186814931,0.06974574604606831,0.06288291177760126,0.05756129121842732,0.06269353865607623,0.05782069250516283,0.0628048401810961,0.05717496930579823,0.08194764356791104,0.06845301891024622,0.07134206577283558,0.06138285216203335,0.07080786580778395,0.06122072873709291,0.052339009045274026,0.07365441666084191,0.078651422370135,0.07499113238443211,0.05922527531056394
Txtls,0.047457713566322474,0.04000609742811755,0.03813030912152502,0.026187970517871324,0.03217415635901508,0.04837776615250199,0.06286402714217633,0.07643854825734708,0.0586693474598888,0.06254702237966639,0.044332889432883237,0.042936799424940414,0.04645336616521051,0.06704589082446386,0.06107413322001587,0.09644814401747419,0.0656853922065131,0.08710513142811756,0.08828173000794282,0.07525269752025414,0.07240975484511518,0.05847950680698967,0.08182806779666402,0.05793182253693406,0.07717592436219221,0.04923044957108818,0.05856754183320094,0.07193943480381254,0.09831533860365366,0.0799031037045274,0.03939806649245432,0.062053392838760914,0.056398800695790306,0.05043860522478156,0.054216635389992045,0.05070160216679904,0.05496368149801429,0.050959271280381246,0.07671174423669581,0.05973440971882447,0.06489072174424146,0.05506872945512312,0.06490817232247816,0.05805028336775218,0.046342227788721206,0.06617017378236695,0.07412226134868942,0.06602061843050042,0.05267497645115171
BldMt,0.054552449690230334,0.04757149573629864,0.04573123150436854,0.03140265970770453,0.037693778725972994,0.05569508304686258,0.07238542032724384,0.08340219543764892,0.06599696431453533,0.071256845223193,0.051108563952343124,0.049841550386020644,0.055063179231135816,0.08024387107863386,0.07009441212390788,0.0656853922065131,0.08236301255599683,0.10235637315965049,0.10664759590150913,0.09214222159491656,0.08605805895154883,0.07112638317712472,0.095497319694996,0.07044329677839556,0.08946112628435268,0.05669795928514694,0.06979575130103258,0.08686477085623508,0.1241912630754567,0.0963100899316918,0.048302508629070685,0.07329442667513898,0.06621094025099286,0.060699191666401905,0.06570532277680702,0.0600355080285941,0.065983395898332,0.05977622774583004,0.08597602300555997,0.07227091985385227,0.0754044175186656,0.06447723690548056,0.07581808515011916,0.06582939297855439,0.05468602782843525,0.07683172456870531,0.08434102817156473,0.08010221568228754,0.06236609352819698
Cnstr,0.07333663606036535,0.06320001246386021,0.05963045406195395,0.0408514710500397,0.04742566473073869,0.07335425226052422,0.09684409911993651,0.11099251337251785,0.08866381959650513,0.10097728458776806,0.06761548868625893,0.06607049450039715,0.07424208487053217,0.10999700267513898,0.09114682810484509,0.08710513142811756,0.10235637315965049,0.20220942304050832,0.14648268190627484,0.1229637382589357,0.11582425463065928,0.09668315232724384,0.1298591406957903,0.09197279368069897,0.11955709054169973,0.07457988700555994,0.1056584388943606,0.12217104599523432,0.1753972178649722,0.1318897025766481,0.06352322827958698,0.0981830578427323,0.08800226180778396,0.08201918200794282,0.08809185214932487,0.08213279555837967,0.08992624673232724,0.08053141840508338,0.11650300276727565,0.09661050412708501,0.10209910320571883,0.08597035322001587,0.10481177001111995,0.09078943281969819,0.07643056825734709,0.1120427772772041,0.11349861625734707,0.10903619144082605,0.08507510684034947
Steel,0.07871354805401111,0.06760165003971405,0.06598532555996824,0.04647810659253376,0.05370750976965844,0.0759238196664019,0.09922547764892771,0.1130223623510723,0.09047483599682288,0.09827680069896744,0.07124659024622713,0.07034144254169976,0.0779786668149325,0.12014922942017477,0.09882261077045275,0.08828173000794282,0.10664759590150913,0.14648268190627484,0.1741253619062748,0.138102338522637,0.12702879552025417,0.10321457054805401,0.1340760488006354,0.1004202459412232,0.12677761979348687,0.08098283444003178,0.12616386154090548,0.14433636254169976,0.2112399300079428,0.1548640805083399,0.07086514786338362,0.10281026042891182,0.09037190335186654,0.0849868502303415,0.09460748829229548,0.08586466922954725,0.09554713480540107,0.08541114827640985,0.11827954954725974,0.1045862689118348,0.10569948562351072,0.09318115161239077,0.10313208708498806,0.091294237172359,0.07228177521842731,0.1065860334551231,0.11593253210484511,0.11167378230341538,0.08926591405877679
FabPr,0.07161985383637806,0.05888514567275618,0.056989969613979334,0.03963323677680698,0.046806444810166783,0.067897764548054,0.0860590164034948,0.09871767022716442,0.07809980960444794,0.08707582215726767,0.06325651084670372,0.060907413817315334,0.06771630648292296,0.10189128367593332,0.08514446691342335,0.07525269752025414,0.09214222159491656,0.1229637382589357,0.138102338522637,0.15524793178554408,0.1089963648689436,0.09010879486100079,0.11729586932168388,0.08889109505480539,0.11080172277362989,0.06946594318506752,0.0987042833741064,0.11464001289753771,0.1719814192867355,0.12847040419698172,0.06084428966957901,0.08825944125814136,0.07922935742335187,0.0743032150897538,0.08307692635107228,0.07542183072915012,0.08264977307863385,0.07440530754725974,0.10381655677045273,0.09078598569976169,0.0908424746592534,0.08092632999523432,0.09073774342652896,0.0790683672438443,0.06446386850357426,0.09216076196346304,0.10018255143606035,0.09723861325178712,0.07774907672120729
Mach ,0.06342711861795074,0.054929505885623515,0.05325233559968229,0.03714176483717236,0.04511254112787926,0.06271134774424143,0.08029731623510725,0.0951048875297855,0.07419305552025415,0.08105882888006354,0.05864874228752978,0.057175094058776806,0.06364500003971406,0.09572352849880858,0.08111529714058777,0.07240975484511518,0.08605805895154883,0.11582425463065928,0.12702879552025417,0.1089963648689436,0.10517806652104845,0.08280808030976963,0.10953563051628273,0.08164264691818901,0.10309539534551229,0.06591960267672756,0.09025101010325655,0.10663299594122318,0.15566478118347893,0.11948355089753775,0.05725438618745034,0.08428007558379665,0.07416267150119141,0.06970217071485303,0.07697840760921368,0.07049028200158855,0.07765811208101668,0.07000203163621921,0.09809904232724385,0.08329926606830816,0.08532092430500397,0.07488451345512312,0.08483927536934074,0.07431423440826053,0.06071339752978554,0.08728144038125495,0.09508214216838756,0.09147527172359014,0.07231777925337567
ElcEq,0.051338166465448774,0.04635894486894361,0.04562717181890389,0.03026841649722001,0.03777973324861002,0.05380977833995234,0.06757131191421763,0.07757139304209687,0.06199603620333597,0.0674536533121525,0.04907239467831612,0.04867545631453535,0.054192512319301014,0.07876533339158062,0.06750828789515488,0.05847950680698967,0.07112638317712472,0.09668315232724384,0.10321457054805401,0.09010879486100079,0.08280808030976963,0.07821150868149326,0.09031783448768864,0.0679510412311358,0.08488841320095311,0.056574784567116745,0.06864848136616361,0.08621914850675137,0.12425979827640986,0.09564233717235902,0.04688270177124702,0.07088973458300239,0.062003623558379656,0.058503503296266884,0.06428138486100078,0.059345720444797447,0.06532121295472593,0.05851407779984114,0.08095380277204131,0.0686211177601271,0.0715093864813344,0.06197662201747418,0.07034905163621923,0.06132004069896743,0.051373505234312944,0.07319663612390785,0.07905801006354249,0.07642769212073072,0.060726422239872895
Autos,0.06434405823669578,0.06102558449880857,0.05702387346147736,0.041509087310563936,0.0481319219952343,0.07214833678474981,0.09377285139316917,0.11081090026370136,0.08547226867672755,0.09314156421922161,0.06562051897696586,0.06305166620492453,0.06998862345035743,0.10537757926608422,0.09116655501826845,0.08182806779666402,0.095497319694996,0.1298591406957903,0.1340760488006354,0.11729586932168388,0.10953563051628273,0.09031783448768864,0.14198968857188243,0.08901137374741859,0.11519428948689434,0.07247507537728354,0.08908599353137409,0.1074411815694996,0.1555247998760922,0.1196762431834789,0.060449822325655274,0.09492683308022237,0.08496053676886418,0.07746561372200157,0.08407609978713265,0.07749665488165207,0.08482848077204129,0.07707656279904689,0.11488648221445591,0.09280283233677523,0.09729047014455917,0.08257884108657665,0.0979212577505957,0.08681671701350276,0.0703825953073868,0.09880792233836377,0.10593769689912626,0.10176612108657664,0.08136360554725974
Aero ,0.050825269849086585,0.04593901897220016,0.04567421324225574,0.032930927423351866,0.03861807806830817,0.05216974085623509,0.06556192320571881,0.07677386510563938,0.061249895628276416,0.06787644699602857,0.048295871857029375,0.04700508342176331,0.052675644500397134,0.0768452750468626,0.06701445160603654,0.05793182253693406,0.07044329677839556,0.09197279368069897,0.1004202459412232,0.08889109505480539,0.08164264691818901,0.0679510412311358,0.08901137374741859,0.08382537177283557,0.083629355771247,0.056847184980142976,0.06577431890706911,0.08108691125814137,0.11631353176012707,0.090393422344718,0.048363376999205704,0.0693987669197776,0.06195854324702144,0.05747889073391581,0.06313005234948373,0.05787968065448769,0.0635134201096108,0.057045787868149296,0.08050265903256554,0.06835464885464654,0.07160789946624306,0.06153720158220811,0.07129758742017471,0.062209886926131844,0.049920154136616365,0.07312332531850677,0.07656058193328037,0.07583360093089754,0.05929222692295473
Ships,0.0647581207307387,0.05727230960127085,0.05540420284034948,0.037184012762509926,0.04552787258459095,0.06578678246544876,0.08473186256393961,0.10173116983637805,0.07871019892613186,0.08692043592057189,0.06138806575377282,0.059227932695790304,0.06549959700397139,0.09694950102621129,0.0850875402192216,0.07717592436219221,0.08946112628435268,0.11955709054169973,0.12677761979348687,0.11080172277362989,0.10309539534551229,0.08488841320095311,0.11519428948689434,0.083629355771247,0.13357500283399523,0.06836509227958695,0.08586059122478158,0.10414823270214454,0.14755816370770447,0.11463696061636222,0.057322264397140575,0.08686105834471802,0.07907424125814137,0.07228590323431293,0.07877496360921367,0.07219020234471803,0.07898038659571087,0.07154119725814138,0.1031968886703733,0.08510599242573472,0.09196926731056394,0.07777396303097699,0.09162509937728357,0.07998843917394759,0.06466151180619543,0.091637410776807,0.09922458790468625,0.0938510286068308,0.0752028312057188
Guns ,0.04332662117553613,0.03808558402700557,0.036630854614773625,0.025500047045274025,0.0334755133915806,0.042865594146147726,0.055091082621127864,0.06417088139793485,0.048389712676727564,0.05364536015885624,0.04036807982525813,0.03991985542494043,0.04582449711675934,0.06232437056393962,0.05274627737887212,0.04923044957108818,0.05669795928514694,0.07457988700555994,0.08098283444003178,0.06946594318506752,0.06591960267672756,0.056574784567116745,0.07247507537728354,0.056847184980142976,0.06836509227958695,0.09026258216838762,0.05602336597299444,0.06836468593328034,0.0945256824225576,0.07388704252581414,0.038476907092930904,0.05829100867355044,0.05160374759332806,0.0475822829150119,0.05134862184273231,0.047611806481334396,0.051883996767275606,0.0471557660127085,0.0667155010881652,0.056087887069102456,0.05864949250198568,0.05007594544876887,0.05662264755361398,0.05000085207307386,0.04102976726767275,0.058756320730738686,0.06344942250198568,0.061698788927720405,0.04793356470214455
Gold ,0.0545982035901509,0.04280993006513107,0.04437170311675933,0.03342566763463066,0.03679017739158061,0.05116452970293886,0.063955306776807,0.06638391251469421,0.058189374671961884,0.05957342285623511,0.04742704477839554,0.0466228278443209,0.05256880015250197,0.08677193319142175,0.05935268624622718,0.05856754183320094,0.06979575130103258,0.1056584388943606,0.12616386154090548,0.0987042833741064,0.09025101010325655,0.06864848136616361,0.08908599353137409,0.06577431890706911,0.08586059122478158,0.05602336597299444,0.2914888790214456,0.1491063045972994,0.18671848587132645,0.1324915966195393,0.05065347722319301,0.06669629765210483,0.05309314339634632,0.05554093589197773,0.06074591632724384,0.05648788979189834,0.06408292998888006,0.056724617753772834,0.07792350623034153,0.069398202268467,0.06189272166481333,0.06149991020174743,0.060343156238284325,0.054688319999999985,0.03865595152978555,0.06591230585544082,0.07224432874344719,0.07150894387926926,0.05923458267831611
Mines,0.06765128141382051,0.05459248575218426,0.05535763630182685,0.03765973440984909,0.0429451108308181,0.061477693253375695,0.0823710864273233,0.08700600230023826,0.0732811927339158,0.07765592747895152,0.057370569464654485,0.05865884523907864,0.06568947912787926,0.1025577993232724,0.07703165426846702,0.07193943480381254,0.08686477085623508,0.12217104599523432,0.14433636254169976,0.11464001289753771,0.10663299594122318,0.08621914850675137,0.1074411815694996,0.08108691125814137,0.10414823270214454,0.06836468593328034,0.1491063045972994,0.16397945508975376,0.1960985368085782,0.1427551937124702,0.05818249989992055,0.08327579722319302,0.06969782042573469,0.06989224708339951,0.07664014903574266,0.07011217671803018,0.07894006467513898,0.07073509792057187,0.09498768439555205,0.0849690720540111,0.0830324130548054,0.07630978731056391,0.08115358561874504,0.07338358208101668,0.05577033992533757,0.08303479265448765,0.09009494501826845,0.09098699688959493,0.07368199344876886
Coal ,0.09644157672756154,0.07820836460524225,0.07499043912311358,0.052037453548848284,0.06454002054328832,0.08477638341064338,0.11379939528832406,0.1298148408768864,0.10063319884670377,0.11177291916123906,0.0808674972867355,0.08171649776330421,0.08912349402541699,0.14742321830976968,0.10983231075139,0.09831533860365366,0.1241912630754567,0.1753972178649722,0.2112399300079428,0.1719814192867355,0.15566478118347893,0.12425979827640986,0.1555247998760922,0.11631353176012707,0.14755816370770447,0.0945256824225576,0.18671848587132645,0.1960985368085782,0.3610578436521048,0.22214472854328834,0.08855008281652106,0.11889030377760125,0.10035897042414613,0.09782730996187447,0.1087779639110405,0.09778137413185065,0.10986416938363779,0.09819735516918192,0.1367239917601271,0.12135984991580624,0.1164395025607625,0.10800821253057978,0.11401850286417792,0.1013198471485306,0.07833068059888801,0.12030578532803815,0.13121453428276408,0.1265826451437649,0.1047478552565528
Oil  ,0.07441303628276408,0.06071362128355839,0.060137930637013504,0.04173523167275615,0.05258068426370135,0.07050897997458297,0.0882772334996029,0.10146874027640988,0.07949816995710882,0.08509045614614776,0.0658051924765687,0.0645265003081811,0.07189277667672757,0.11236638629388405,0.08854717419539318,0.0799031037045274,0.0963100899316918,0.1318897025766481,0.1548640805083399,0.12847040419698172,0.11948355089753775,0.09564233717235902,0.1196762431834789,0.090393422344718,0.11463696061636222,0.07388704252581414,0.1324915966195393,0.1427551937124702,0.22214472854328834,0.1790850940683082,0.07179161402065132,0.09411440348848292,0.07899074949007147,0.07655994627799842,0.08489790040349482,0.07679346826370136,0.08635921794122317,0.07719133855123113,0.10739873351231134,0.09356877900555993,0.08982489954567116,0.0839765388975377,0.0870053175949166,0.07729055714058772,0.06362931665448768,0.09580761008419379,0.10570234297378873,0.09850304386973788,0.08212655550119143
Util ,0.03656138127084987,0.0335968124432089,0.034499138643367754,0.025419909710881646,0.03113230250039714,0.03625166779825258,0.0442868187418586,0.052643285979348683,0.04129255761397935,0.04506217891024621,0.03500961787768069,0.033878371396346314,0.03774374075138998,0.05553133099602859,0.04702330186814931,0.03939806649245432,0.048302508629070685,0.06352322827958698,0.07086514786338362,0.06084428966957901,0.05725438618745034,0.04688270177124702,0.060449822325655274,0.048363376999205704,0.057322264397140575,0.038476907092930904,0.05065347722319301,0.05818249989992055,0.08855008281652106,0.07179161402065132,0.04599880872279587,0.04955119284511517,0.04326386744082606,0.03991943635742654,0.04325232234154091,0.04068410270373312,0.04318135604289118,0.03886405222081017,0.05615673765051627,0.050362345121525015,0.04785970798093726,0.042707323869737884,0.047946131963463076,0.040730032279586964,0.03483110315965051,0.054037370465448764,0.05358813515011915,0.05250754882605242,0.04219451149801429
Telcm,0.053102696362192205,0.04850363801111993,0.04926364348848292,0.03313351429388403,0.03968748528038126,0.05664040817156473,0.07253948341223193,0.0860939738903892,0.06472305396028594,0.07044724483558379,0.05154277109451947,0.05055316235742653,0.05703479867831613,0.08127962759650517,0.06974574604606831,0.062053392838760914,0.07329442667513898,0.0981830578427323,0.10281026042891182,0.08825944125814136,0.08428007558379665,0.07088973458300239,0.09492683308022237,0.0693987669197776,0.08686105834471802,0.05829100867355044,0.06669629765210483,0.08327579722319302,0.11889030377760125,0.09411440348848292,0.04955119284511517,0.0831107955138999,0.06662843527243845,0.060933156015885635,0.06702876960127083,0.061912920305003956,0.06703999898967433,0.05948811442096901,0.08660621985067513,0.07007517748054011,0.07483666269102461,0.06395914512470216,0.07600553193963462,0.06660841496425733,0.05467217261953933,0.07858001929785545,0.08431082009849084,0.08064917317871326,0.06238292967116758
PerSv,0.04714622039714057,0.043969899193010316,0.04317494844162035,0.029559187167593332,0.035297052162033354,0.04897045163780777,0.06567255652422557,0.07729124040667196,0.057982186579825276,0.06408877387768071,0.04799467020810166,0.04603892603018269,0.05016601646068307,0.07030910581096105,0.06288291177760126,0.056398800695790306,0.06621094025099286,0.08800226180778396,0.09037190335186654,0.07922935742335187,0.07416267150119141,0.062003623558379656,0.08496053676886418,0.06195854324702144,0.07907424125814137,0.05160374759332806,0.05309314339634632,0.06969782042573469,0.10035897042414613,0.07899074949007147,0.04326386744082606,0.06662843527243845,0.073993272305004,0.05491059967911042,0.059067552972200156,0.05510782797140587,0.05881640607783955,0.053430255126290696,0.07790481234948372,0.06352909616521048,0.06702896993804607,0.057786543898331995,0.06952623868784748,0.06020473496425735,0.049552354417791905,0.07013865047180305,0.07667341089436062,0.07200707803653691,0.05519461307704526
BusSv,0.04370870241461477,0.04015359450516282,0.039160056317712466,0.026156879540905474,0.03098989828117553,0.045133881974583005,0.05881896045432883,0.06907709481810961,0.05349089643526608,0.05823083302303414,0.043108156088959494,0.04240895249880858,0.04749989399682286,0.06582915694042892,0.05756129121842732,0.05043860522478156,0.060699191666401905,0.08201918200794282,0.0849868502303415,0.0743032150897538,0.06970217071485303,0.058503503296266884,0.07746561372200157,0.05747889073391581,0.07228590323431293,0.0475822829150119,0.05554093589197773,0.06989224708339951,0.09782730996187447,0.07655994627799842,0.03991943635742654,0.060933156015885635,0.05491059967911042,0.0536498652565528,0.054965329845909454,0.0512371725559968,0.05557744967911041,0.05016696505321683,0.06988730279110404,0.058737041172359006,0.0613039768355838,0.053269862703733115,0.06202416287053217,0.054172206671961855,0.04411679088641778,0.06335158896902301,0.0674347562652899,0.0658326181445592,0.051702881423351874
Hardw,0.04896518061953932,0.04270296410166799,0.04383793497061159,0.028879784117553608,0.035401109795075464,0.05027440318665607,0.06429862584908659,0.07330746026370136,0.057718901909451954,0.0633452307164416,0.046330492765687056,0.04575053715011914,0.05156730519777601,0.0721127094646545,0.06269353865607623,0.054216635389992045,0.06570532277680702,0.08809185214932487,0.09460748829229548,0.08307692635107228,0.07697840760921368,0.06428138486100078,0.08407609978713265,0.06313005234948373,0.07877496360921367,0.05134862184273231,0.06074591632724384,0.07664014903574266,0.1087779639110405,0.08489790040349482,0.04325232234154091,0.06702876960127083,0.059067552972200156,0.054965329845909454,0.06848130280540111,0.05690749894837172,0.06306040197934869,0.05566391714376489,0.07589711716282763,0.06424575735663225,0.06657385330579822,0.0578808586878475,0.06766032135663223,0.05935171768069897,0.04749155711834789,0.06806703846227163,0.07252904368228752,0.0722604370516283,0.056660660988085795
Softw,0.044972979507545655,0.03993774649086577,0.04011829765210483,0.027867761804606823,0.03224418622398729,0.04535955524702144,0.058542099850675156,0.06843957805877682,0.05302539084352662,0.05861530168069895,0.042827873976171556,0.0425496831898332,0.0475332646799047,0.06791572883876093,0.05782069250516283,0.05070160216679904,0.0600355080285941,0.08213279555837967,0.08586466922954725,0.07542183072915012,0.07049028200158855,0.059345720444797447,0.07749665488165207,0.05787968065448769,0.07219020234471803,0.047611806481334396,0.05648788979189834,0.07011217671803018,0.09778137413185065,0.07679346826370136,0.04068410270373312,0.061912920305003956,0.05510782797140587,0.0512371725559968,0.05690749894837172,0.05557702154725973,0.05731515648610008,0.05065503427482128,0.07072057850992851,0.05870992544559174,0.061893217200953136,0.05363348732644957,0.06245747649245431,0.05448038840349483,0.044641828956314536,0.06382004869896742,0.06831259447815727,0.0673012687720413,0.05158795201906275
Chips,0.04897348468625893,0.04282244032883241,0.04361990431135822,0.028851932322478152,0.034667286538522635,0.0509579241636219,0.06472593789038919,0.07365580482287529,0.057958710090548045,0.06359131287688641,0.046522366046068304,0.046245110668784756,0.05209852177442415,0.07378094579507548,0.0628048401810961,0.05496368149801429,0.065983395898332,0.08992624673232724,0.09554713480540107,0.08264977307863385,0.07765811208101668,0.06532121295472593,0.08482848077204129,0.0635134201096108,0.07898038659571087,0.051883996767275606,0.06408292998888006,0.07894006467513898,0.10986416938363779,0.08635921794122317,0.04318135604289118,0.06703999898967433,0.05881640607783955,0.05557744967911041,0.06306040197934869,0.05731515648610008,0.06701435515647339,0.056580064220810154,0.0761246555822081,0.06435978075615567,0.06723655997776012,0.05854711593963463,0.0673175251294678,0.05922816676727561,0.0473939302319301,0.06759340961397933,0.0729410614185862,0.07208712698014297,0.05658445965369339
LabEq,0.04392674552819698,0.0389308889579031,0.0388062096711676,0.026505900316123918,0.03102225371247021,0.04588125225893566,0.05740445234948374,0.0661791253884035,0.05270379506592533,0.05756393758856234,0.04296805436378076,0.04264181410961081,0.04746449656711675,0.06575711460841939,0.05717496930579823,0.050959271280381246,0.05977622774583004,0.08053141840508338,0.08541114827640985,0.07440530754725974,0.07000203163621921,0.05851407779984114,0.07707656279904689,0.057045787868149296,0.07154119725814138,0.0471557660127085,0.056724617753772834,0.07073509792057187,0.09819735516918192,0.07719133855123113,0.03886405222081017,0.05948811442096901,0.053430255126290696,0.05016696505321683,0.05566391714376489,0.05065503427482128,0.056580064220810154,0.055596478187450366,0.0694169121096108,0.05754171955837966,0.060718428343129446,0.05308831054487687,0.060340800179507555,0.053500421795075456,0.04328919294201748,0.06156177462112788,0.065870207324861,0.06491246379348686,0.051510556003177124
Paper,0.06247538619539318,0.055877494540111206,0.05131761457664812,0.03669092566004764,0.04545094831453534,0.06503660031612393,0.08415946738363779,0.09961881312787926,0.07595847310246226,0.0833413193709293,0.059784310999205705,0.05721857937092931,0.0640955331262907,0.09305471323590149,0.08194764356791104,0.07671174423669581,0.08597602300555997,0.11650300276727565,0.11827954954725974,0.10381655677045273,0.09809904232724385,0.08095380277204131,0.11488648221445591,0.08050265903256554,0.1031968886703733,0.0667155010881652,0.07792350623034153,0.09498768439555205,0.1367239917601271,0.10739873351231134,0.05615673765051627,0.08660621985067513,0.07790481234948372,0.06988730279110404,0.07589711716282763,0.07072057850992851,0.0761246555822081,0.0694169121096108,0.11776185437807778,0.08549833584432087,0.08783215385861794,0.07454819532327243,0.08830191280540109,0.0772713764892772,0.06469121798093723,0.0926025579158062,0.09696513880381251,0.09341698755520256,0.07309729799523432
Boxes,0.05128405308975378,0.04779092054328832,0.04594278196028593,0.030225592981731532,0.041451971494837175,0.05357600150277999,0.06887129333121522,0.07883536310722795,0.06186204068625893,0.06852795856393962,0.04976058506115966,0.04676941178077838,0.052415338335186655,0.07975312195075455,0.06845301891024622,0.05973440971882447,0.07227091985385227,0.09661050412708501,0.1045862689118348,0.09078598569976169,0.08329926606830816,0.0686211177601271,0.09280283233677523,0.06835464885464654,0.08510599242573472,0.056087887069102456,0.069398202268467,0.0849690720540111,0.12135984991580624,0.09356877900555993,0.050362345121525015,0.07007517748054011,0.06352909616521048,0.058737041172359006,0.06424575735663225,0.05870992544559174,0.06435978075615567,0.05754171955837966,0.08549833584432087,0.09156330032724384,0.07363952212231926,0.06246724277045272,0.07337008758379665,0.06384775339158061,0.052109852050833995,0.07641157692136616,0.07900108126767273,0.07873803810007943,0.0603586193042097
