,Agric,Food ,Soda ,Beer ,Smoke,Toys ,Fun  ,Books,Hshld,Clths,Hlth ,MedEq,Drugs,Chems,Rubbr,Txtls,BldMt,Cnstr,Steel,FabPr,Mach ,ElcEq,Autos,Aero ,Ships,Guns ,Gold ,Mines,Coal ,Oil  ,Util ,Telcm,PerSv,BusSv,Hardw,Softw,Chips,LabEq,Paper,Boxes,Trans,Whlsl,Rtail,Meals,Banks,Insur,RlEst,Fin  ,Other
Agric,0.08696378624940429,0.03194028894996029,0.031025746465448773,0.020184540085782365,0.027421205604447982,0.03353910469896743,0.045297428130262114,0.05429183082128673,0.04318144371088165,0.04370566233836378,0.034552468384432086,0.034378098119142185,0.03698204297061159,0.0544874629324861,0.04546762844797457,0.04275580816203337,0.04946829774424146,0.06812971758538522,0.07323061439237491,0.06560487903097696,0.05802832940111199,0.04697023485941223,0.0585543792152502,0.04582707987926925,0.05858452631294677,0.0386692176457506,0.050999857486894354,0.06312818015885621,0.09017577138681493,0.0687469323240667,0.0336396271262907,0.048525421181890384,0.04274063133598093,0.03968241404606831,0.044314114360603646,0.04100729787450356,0.04437379209531374,0.039838034964257335,0.05744336614455916,0.04730012557267672,0.04929817256235106,0.04331832835901508,0.04869705781096107,0.042722122789515496,0.036555081807783954,0.05073276812073072,0.05511288328832408,0.05379964281493248,0.04214431456393963
Food ,0.03194028894996029,0.03658557861636219,0.03055702417791898,0.0214340500460683,0.025760998265289912,0.03237419202223988,0.042892422109610806,0.04896106055123112,0.038063829826846696,0.041822212179507545,0.03210865156155679,0.030597296411437654,0.03391569314535345,0.048146074513105624,0.042605521791898325,0.03640940226052422,0.04374738555202541,0.05907400794281175,0.06330423903097697,0.05433650037331217,0.05053536024305003,0.042911615590150914,0.05641240580778396,0.04176973519301032,0.052199768258935665,0.03480518766957903,0.04019702509610802,0.05118349260524224,0.07287820058459094,0.05614135639872914,0.031218961248610004,0.04483432252422557,0.04043031925496426,0.03700969333915806,0.03918181246227166,0.03691072162351072,0.039262165248610016,0.03577207779984114,0.051836887701350275,0.045147031482128674,0.045038103412231925,0.03876552352184273,0.04524910491183478,0.03981962950913421,0.0329684959539317,0.048426940670373314,0.049284081898332006,0.048967784578236695,0.03812719473073868
Soda ,0.031025746465448773,0.03055702417791898,0.07147961213661634,0.024988776743447176,0.02649618243050039,0.03446286595710882,0.04180994411437648,0.04675397699761716,0.03728714192216044,0.039843187768069895,0.03158689658459095,0.031339156918189025,0.033926457474185864,0.048477718951548836,0.04151288187450357,0.03409485264495632,0.04171668810166798,0.05660162716441619,0.061972056457505954,0.05240619288324066,0.048692853979348694,0.0419037627640985,0.05272039301032566,0.04171608123907864,0.050679512120730755,0.032759202986497205,0.04021531129467831,0.05264674227164417,0.07129535618745035,0.05645261833200954,0.03265043342335186,0.04538949111993647,0.04006867253375695,0.03619326347895155,0.03992987752184272,0.037012941350277995,0.039673582970611604,0.03514997985702939,0.04740885693407466,0.043495277680698975,0.043599884225575855,0.03888313696584591,0.04485936876886417,0.03881988514694201,0.03164684406671961,0.04695199224781573,0.04925319002382843,0.048645212740270054,0.03581812889594917
Beer ,0.020184540085782365,0.0214340500460683,0.024988776743447176,0.04985458577283559,0.018871716104845115,0.025366831974583004,0.028813666414614778,0.03261761294996028,0.025594452861000788,0.02973995779507545,0.021896746795869733,0.021083428841938038,0.022485590659253377,0.034360258675139005,0.02822131699444003,0.024170309369340746,0.02908115710881653,0.0387188635742653,0.04397346662430499,0.03692893623510723,0.03455131642255759,0.028365490173153297,0.03908867386179508,0.030149091634630663,0.03437609112629071,0.023483181871326447,0.031705948892772035,0.035882867990468616,0.04933942997299444,0.03935285624781573,0.024146054576648136,0.031126030951548853,0.027744942328832397,0.024538346833995237,0.026761908467037333,0.026182122528991266,0.026822881467831607,0.02464738414614773,0.03474018365051628,0.028146034548054005,0.031004598614773626,0.027219164022239877,0.031152502735504364,0.028000721613979335,0.021177897486894363,0.03293633136139793,0.03511725642573472,0.032552609709293086,0.026100993753772832
Smoke,0.027421205604447982,0.025760998265289912,0.02649618243050039,0.018871716104845115,0.07153814979507545,0.026747701725178718,0.03294646423510722,0.03720830386656076,0.029152025308975378,0.03315733261953932,0.02546205422716442,0.024396333998411436,0.02757666853057983,0.039672944292295474,0.03320126626846703,0.02855931541858618,0.033947043145353455,0.04321476352660843,0.049368122764098486,0.04229894725972994,0.040863709858617946,0.03454480363463067,0.04351692621445592,0.03414180436536934,0.04025045011596506,0.029565490922954723,0.03476347621286735,0.04041596301826846,0.059672085426528985,0.048235021629864976,0.02909491655599683,0.036063835977760125,0.03192710737410642,0.027938578942017483,0.03180317146942016,0.02917876855281969,0.031123937137410643,0.027789410706910243,0.04149159417950755,0.03918037778554408,0.03574694064495631,0.030274311364575052,0.03513502898173152,0.029114205197776,0.026621901502779984,0.040496080451151696,0.03867966262112787,0.0397601130166799,0.02896089556155679
Toys ,0.03353910469896743,0.03237419202223988,0.03446286595710882,0.025366831974583004,0.026747701725178718,0.0666691640285941,0.05142020224940427,0.05478395824305002,0.04386611369658458,0.047979984803812555,0.035272846888006346,0.03346044626211278,0.03813070565528197,0.05523597275933279,0.04713326445750596,0.04315672896902303,0.0506933271644162,0.06788946058776807,0.07067709274027004,0.061912204781572666,0.05710687254328833,0.04935611013185068,0.06583565129785542,0.04657311378554408,0.05893956317394758,0.03859406277362987,0.04808787014455917,0.057006203923749,0.07837337791262906,0.06511586390150913,0.0337139354598888,0.05197414210961081,0.0438971410675139,0.041052458227164405,0.0461161777124702,0.041551013127879254,0.04628522323749007,0.04170398915011913,0.05993958439396346,0.05058779961239078,0.05134573101826845,0.04399469644797457,0.05174093786179507,0.04567848068625893,0.03797847305162827,0.05422998507386815,0.060285420889594904,0.05534158907704527,0.044046702916600476
Fun  ,0.045297428130262114,0.042892422109610806,0.04180994411437648,0.028813666414614778,0.03294646423510722,0.05142020224940427,0.08014031713423353,0.0748391410548054,0.058156984800635414,0.06381654693248609,0.04573299173312153,0.044453679335980927,0.04929560754567115,0.0712944078347895,0.06086524342494042,0.05732860677680698,0.0665293505798253,0.09058325382049247,0.09301261048451154,0.07898967633042099,0.07398313783320093,0.062418277502779985,0.08690098753296266,0.05943528814614773,0.07710958096584591,0.05010394674503575,0.05997765734074662,0.07745444125496424,0.1063557284130262,0.08175115451310563,0.04102963642891183,0.06730097111675934,0.06037534500714853,0.054283130760921366,0.05923753405877681,0.05406088960127085,0.05955442234789516,0.05284330673550437,0.07822012218586179,0.06514576669737887,0.06776457241620333,0.056707193731532955,0.06980810860047659,0.062126169264495636,0.04964800401270848,0.06949752388244637,0.07606862266878474,0.07294940324702144,0.05677504935027798
Books,0.05429183082128673,0.04896106055123112,0.04675397699761716,0.03261761294996028,0.03720830386656076,0.05478395824305002,0.0748391410548054,0.11810977317077043,0.06904461380142972,0.07293090548212866,0.052226540546465444,0.04904421641461477,0.05425849646544877,0.08162625734392374,0.07250429455758538,0.069031648878475,0.07537868196187451,0.10204673436060364,0.10439261961874503,0.08907280876092136,0.08651513810802221,0.07054886278316122,0.10130695327720413,0.06840359852581414,0.0909347563415409,0.057319268393963445,0.06089487462112786,0.07995040887212074,0.11974209487529784,0.09277486236536937,0.0480595906878475,0.07871246377601271,0.0698930951437649,0.06260265390150914,0.06641384990468625,0.06236319746783162,0.06637995757267676,0.059809127505957106,0.09131112928355839,0.07339253095154884,0.07688957260365369,0.06466374724543289,0.07996030231294678,0.07014567410325655,0.058875818028594123,0.0817832690007943,0.09077802399523432,0.08235707328991267,0.06338002012549643
Hshld,0.04318144371088165,0.038063829826846696,0.03728714192216044,0.025594452861000788,0.029152025308975378,0.04386611369658458,0.058156984800635414,0.06904461380142972,0.06585924254805403,0.057922632578236675,0.04051331188562351,0.03905917004606829,0.04236960104845115,0.06453844235742653,0.05707820036854646,0.05261174521366164,0.059409234249404294,0.08137983996822877,0.08336506837172361,0.07025581747418584,0.06711603595234314,0.056284438087370915,0.07775682933121526,0.05453900958856236,0.07023008164575058,0.04314421390309771,0.0540733583669579,0.0674741026846704,0.09241614578554411,0.07247163512629069,0.037555085026211285,0.05881374915965052,0.05204477350913424,0.04826842075933281,0.051978660047656874,0.04806154835266084,0.05198717352819697,0.04742784597299445,0.06921133822398728,0.057413592806989676,0.060891901782366954,0.05087700995710881,0.06187454870214457,0.054377056241461476,0.0454928389070691,0.061833568400317715,0.06882057146942018,0.06451196233200952,0.05035476319618743
Clths,0.04370566233836378,0.041822212179507545,0.039843187768069895,0.02973995779507545,0.03315733261953932,0.047979984803812555,0.06381654693248609,0.07293090548212866,0.057922632578236675,0.07723879112152503,0.043894281610802215,0.042015327979348684,0.04556173908657664,0.06917078176012709,0.0607718672025417,0.055799227226370124,0.06393721039714059,0.09302675625099287,0.09023468335186656,0.07807643203335977,0.0730812838903892,0.06099644314853057,0.08410132163304208,0.06003104090865765,0.07710300261636217,0.04766753225416998,0.05444483223828434,0.0712288460921366,0.10207850453375693,0.0770223996330421,0.04097861156155679,0.06379140047180303,0.05747591857505957,0.052464382209690234,0.05692324610802222,0.05307258863542495,0.056937266039714045,0.05166603131850676,0.0755164517299444,0.06338485231771249,0.0670952220714853,0.05580275081969816,0.07174215181254964,0.06159969605718826,0.04745153960127084,0.06845240367911042,0.07386857781572674,0.07073343579984111,0.054323358949960286
Hlth ,0.034552468384432086,0.03210865156155679,0.03158689658459095,0.021896746795869733,0.02546205422716442,0.035272846888006346,0.04573299173312153,0.052226540546465444,0.04051331188562351,0.043894281610802215,0.042161455180301816,0.03493933827164416,0.03794778733915805,0.051642817334392375,0.044510369366163614,0.040115935926926125,0.04648645151707705,0.06281024775218427,0.06652395774424147,0.05757907378872118,0.05367229811914219,0.04495255381731531,0.06023625104368547,0.04364562066401905,0.05524501213343924,0.03652941130420969,0.043996555926926126,0.053544194868943594,0.07562658020015886,0.06085033456076252,0.03247149825575854,0.047395909448768855,0.043696637938046075,0.03946665765528198,0.04231003353455124,0.03937909738522636,0.04245541570770452,0.039123173741064325,0.05512063325814138,0.04717323878633836,0.04766725816679904,0.041628920848292304,0.04748328448610007,0.04186910022557585,0.03424743533915805,0.050883963215250204,0.053686196838760906,0.050448395304209685,0.04069593414773629
MedEq,0.034378098119142185,0.030597296411437654,0.031339156918189025,0.021083428841938038,0.024396333998411436,0.03346044626211278,0.044453679335980927,0.04904421641461477,0.03905917004606829,0.042015327979348684,0.03493933827164416,0.039449819823669574,0.038289718594122314,0.050213340800635414,0.042775849772835585,0.038282188065131055,0.0450227350675139,0.06111567097696586,0.06512201170770453,0.05507925052422557,0.05200750741382049,0.044384689763304216,0.05727612089594916,0.04205692819062747,0.05303183502938841,0.035820001210484516,0.042765014649722,0.05444965279586974,0.07629956074980143,0.05933298290230339,0.03120722820333597,0.04612931269420175,0.04157879834630659,0.03856850836060366,0.041366021961874486,0.038808579059571094,0.04184755754725972,0.0386772408181096,0.05223401167911039,0.04357659323590151,0.04598888480063543,0.040207492474980136,0.045573103920571886,0.03984054971247022,0.03327156795393169,0.04806895108498809,0.05167654401111993,0.04953216169658459,0.03978486580937252
Drugs,0.03698204297061159,0.03391569314535345,0.033926457474185864,0.022485590659253377,0.02757666853057983,0.03813070565528197,0.04929560754567115,0.05425849646544877,0.04236960104845115,0.04556173908657664,0.03794778733915805,0.038289718594122314,0.05006890000794281,0.056069129737887205,0.0470529985067514,0.040923769777601274,0.049248270476568726,0.0679885772835584,0.07170678686258937,0.06069295718030183,0.0573553887926926,0.049013321985702935,0.06286380047656868,0.046638474757744235,0.05773503767275613,0.040535024702144554,0.04841581520254169,0.06078605225575854,0.08172326716441625,0.06525873081016681,0.034464360619539315,0.05167019787926926,0.044775918943606045,0.04284908137410644,0.04640040607625101,0.04292026470214455,0.04678469070691025,0.0427882430420969,0.0580227129150119,0.04852554638602065,0.05101034225575854,0.04419590294678317,0.05039916357426529,0.04429760511517077,0.036191843995234306,0.05251998843526609,0.05597266572676728,0.05448669798252581,0.04344845692613185
Chems,0.0544874629324861,0.048146074513105624,0.048477718951548836,0.034360258675139005,0.039672944292295474,0.05523597275933279,0.0712944078347895,0.08162625734392374,0.06453844235742653,0.06917078176012709,0.051642817334392375,0.050213340800635414,0.056069129737887205,0.09548954129308976,0.070726306675139,0.06075755882764096,0.07364837466243049,0.10303808339952342,0.11301362792692614,0.0937942388721207,0.08830670780301828,0.07271912307545671,0.0973779417378872,0.0696330967053217,0.08802837255917394,0.056819657938046074,0.08269099360127084,0.09685538463860206,0.1384799182398729,0.1048157004638602,0.051765860244638605,0.07528415095472597,0.06417163967275617,0.06063393477045272,0.06634916535345513,0.06281688827323273,0.06777109378236697,0.0604170764892772,0.08617919630182683,0.07559927239396345,0.07537156939158061,0.06553026274503575,0.07448088026687846,0.06589331851310562,0.053818714379666406,0.07847382927402703,0.08430547782366961,0.08072437542176333,0.06276660845432883
Rubbr,0.04546762844797457,0.042605521791898325,0.04151288187450357,0.02822131699444003,0.03320126626846703,0.04713326445750596,0.06086524342494042,0.07250429455758538,0.05707820036854646,0.0607718672025417,0.044510369366163614,0.042775849772835585,0.0470529985067514,0.070726306675139,0.0817239760698967,0.05509711402065132,0.06373044419380461,0.08407041350277998,0.09201957254964256,0.07729765801429705,0.07400994668149326,0.0617056836028594,0.08328656256076251,0.06002008954408261,0.07663397735980937,0.047554525362986495,0.05486027662589355,0.07155261436060366,0.10203861451310565,0.08158452148689435,0.043270235380460695,0.0639249445401112,0.056958701718824466,0.05243714224622717,0.05701677397934869,0.05295995651151706,0.05679067156155678,0.0519197023034154,0.0753098383415409,0.0644885210420969,0.06553268784114377,0.055786505137410645,0.06484296985544082,0.055937816349483714,0.048198892384432084,0.06817747095154884,0.07299235119936456,0.06903020238919777,0.05435224313899921
Txtls,0.04275580816203337,0.03640940226052422,0.03409485264495632,0.024170309369340746,0.02855931541858618,0.04315672896902303,0.05732860677680698,0.069031648878475,0.05261174521366164,0.055799227226370124,0.040115935926926125,0.038282188065131055,0.040923769777601274,0.06075755882764096,0.05509711402065132,0.08978207601429707,0.05876330472597299,0.07983832978554409,0.08117250152501987,0.06767530161239081,0.06515701232883239,0.052616694389197784,0.07393396233836377,0.0510526022366958,0.06899437010802223,0.04378626688800634,0.05371619108181096,0.06626192227958695,0.09007441063701349,0.07280026691183475,0.03568967952660842,0.05616041695472597,0.050498168144559166,0.045231007480540104,0.04854672293089752,0.04567960412073073,0.049050723412231934,0.045517957736298645,0.07000574836536934,0.055090132209690224,0.05890016398093724,0.04945690492295472,0.05899946918824463,0.053011611869737886,0.04213804719777601,0.06073495444638601,0.0683547504606831,0.05996887533598091,0.04759984386179507
BldMt,0.04946829774424146,0.04374738555202541,0.04171668810166798,0.02908115710881653,0.033947043145353455,0.0506933271644162,0.0665293505798253,0.07537868196187451,0.059409234249404294,0.06393721039714059,0.04648645151707705,0.0450227350675139,0.049248270476568726,0.07364837466243049,0.06373044419380461,0.05876330472597299,0.07548187525814137,0.09508377766481335,0.09918975998411438,0.08354429060365369,0.07854171805401111,0.06516212455917395,0.0871615379189833,0.06289848511517077,0.08024010640984908,0.05063162133439238,0.06533110991262907,0.08125374507545671,0.11572637223193008,0.08908305177918983,0.04447054590945196,0.06691807513105638,0.05989363079428117,0.05529823710087369,0.059563248061953955,0.05476239054805401,0.05968593912629071,0.054205380246227154,0.07882538335186653,0.06756946206513105,0.06900849145353458,0.05863979023828435,0.06948948792692612,0.06015184193804607,0.050275663455123125,0.07098731545671165,0.0784073312867355,0.0737807842732327,0.05702457468625892
Cnstr,0.06812971758538522,0.05907400794281175,0.05660162716441619,0.0387188635742653,0.04321476352660843,0.06788946058776807,0.09058325382049247,0.10204673436060364,0.08137983996822877,0.09302675625099287,0.06281024775218427,0.06111567097696586,0.0679885772835584,0.10303808339952342,0.08407041350277998,0.07983832978554409,0.09508377766481335,0.1949858460365369,0.13879268282764096,0.11417854678316122,0.10787945232724383,0.09029148975377287,0.12098594478157262,0.083966552152502,0.10940811040508341,0.06797097556791103,0.1006364965528197,0.11635232406671961,0.16643777127879267,0.12454605362986496,0.0594826787926926,0.09138258595710881,0.081303375822081,0.0762892178872121,0.08157634141382047,0.07652594554408262,0.08320140552819698,0.07441358494042892,0.10885222169976172,0.09194192413026209,0.0953712390786338,0.07973855034154093,0.09792419736298649,0.08455723367752184,0.07167947841143764,0.10571537305798255,0.10707764108022239,0.10225491888800636,0.07961004241461474
Steel,0.07323061439237491,0.06330423903097697,0.061972056457505954,0.04397346662430499,0.049368122764098486,0.07067709274027004,0.09301261048451154,0.10439261961874503,0.08336506837172361,0.09023468335186656,0.06652395774424147,0.06512201170770453,0.07170678686258937,0.11301362792692614,0.09201957254964256,0.08117250152501987,0.09918975998411438,0.13879268282764096,0.16636837868149323,0.1288247802223987,0.11875266200158857,0.09650578036536935,0.12488315104050837,0.092357831771247,0.11693782108022241,0.07449863084988084,0.1219786635107228,0.13895728770452737,0.20208303593328036,0.1474110232088959,0.06688611726767274,0.09597588204924544,0.08344371817315333,0.0792445508339952,0.0880084681334392,0.0801411781096108,0.08867784524225573,0.07932233561556792,0.11059061518665607,0.09988530700555998,0.09898563316918188,0.087036019872915,0.09614213804606832,0.08512094401906273,0.06749184014297058,0.10031112009531373,0.10917556179507547,0.10489124044479743,0.08360962031771246
FabPr,0.06560487903097696,0.05433650037331217,0.05240619288324066,0.03692893623510723,0.04229894725972994,0.061912204781572666,0.07898967633042099,0.08907280876092136,0.07025581747418584,0.07807643203335977,0.05757907378872118,0.05507925052422557,0.06069295718030183,0.0937942388721207,0.07729765801429705,0.06767530161239081,0.08354429060365369,0.11417854678316122,0.1288247802223987,0.14531378445591744,0.09987725015885623,0.08276744567116762,0.10712691669579028,0.08012756886417789,0.09942699781572675,0.06244783788721206,0.09226417208895948,0.10722502739475775,0.16155383599682285,0.11928654057982527,0.05590603642573471,0.08073074518665607,0.07181554729944399,0.06759971262112786,0.07555905800635426,0.06896857262907069,0.07485346617950754,0.06747255559173947,0.09514698881652109,0.08475326060365368,0.08296670092136615,0.07386438413820491,0.08310133599682286,0.07234112892772042,0.05913603975377283,0.08503884759332807,0.09295587845115172,0.08974686100079429,0.07139039276409849
Mach ,0.05802832940111199,0.05053536024305003,0.048692853979348694,0.03455131642255759,0.040863709858617946,0.05710687254328833,0.07398313783320093,0.08651513810802221,0.06711603595234314,0.0730812838903892,0.05367229811914219,0.05200750741382049,0.0573553887926926,0.08830670780301828,0.07400994668149326,0.06515701232883239,0.07854171805401111,0.10787945232724383,0.11875266200158857,0.09987725015885623,0.09688889622081015,0.07618888139475775,0.10041557558697378,0.07356289656552818,0.09331276370611595,0.059612968937251785,0.08503389055758538,0.10017809535345513,0.14612617206671963,0.11151403490230341,0.05294526859729945,0.07736729986179508,0.06735547062271642,0.06382307253216837,0.07029401883240664,0.06466718296108023,0.07069357160921365,0.06383827794281177,0.09016208898490863,0.07787985646703732,0.07834216194757744,0.0684123588228753,0.07783880291342336,0.06824819477680702,0.05589373137569499,0.0808694451850675,0.08851523025416996,0.08464881068149323,0.06644946579984114
ElcEq,0.04697023485941223,0.042911615590150914,0.0419037627640985,0.028365490173153297,0.03454480363463067,0.04935611013185068,0.062418277502779985,0.07054886278316122,0.056284438087370915,0.06099644314853057,0.04495255381731531,0.044384689763304216,0.049013321985702935,0.07271912307545671,0.0617056836028594,0.052616694389197784,0.06516212455917395,0.09029148975377287,0.09650578036536935,0.08276744567116762,0.07618888139475775,0.07257163279428117,0.08300157851628273,0.06158047069737887,0.07680474108657662,0.051419682459094514,0.06383136249086578,0.08067199763304207,0.11602872684352664,0.08895823926608416,0.043374110176330416,0.06526900812390786,0.056702441471008745,0.0537308051183479,0.05894010142970612,0.05465183954249403,0.05972547063383638,0.05348129110405083,0.07450253335663223,0.06420930695472599,0.0657898656838761,0.05680662046386019,0.06476247912946782,0.056502422583002386,0.047466571466243036,0.06802910724702142,0.07350837818903891,0.07092733298173154,0.055931902459094504
Autos,0.0585543792152502,0.05641240580778396,0.05272039301032566,0.03908867386179508,0.04351692621445592,0.06583565129785542,0.08690098753296266,0.10130695327720413,0.07775682933121526,0.08410132163304208,0.06023625104368547,0.05727612089594916,0.06286380047656868,0.0973779417378872,0.08328656256076251,0.07393396233836377,0.0871615379189833,0.12098594478157262,0.12488315104050837,0.10712691669579028,0.10041557558697378,0.08300157851628273,0.1326570172899126,0.08003041359173946,0.10398509047815727,0.0654731172867355,0.0831165938554408,0.09978368911834788,0.14438366346624307,0.11050449771564733,0.05560259775059571,0.08737441654646545,0.07735764175377281,0.07085849983796663,0.07679733397934871,0.07115975159332803,0.07723522900079427,0.07036506052422557,0.10619092119459889,0.0871477573820492,0.08968846943923746,0.07555994247498016,0.09013403702621127,0.08003908445432883,0.0650435478824464,0.09176819531056395,0.09845397903097695,0.09424430781254964,0.07490392300555995
Aero ,0.04582707987926925,0.04176973519301032,0.04171608123907864,0.030149091634630663,0.03414180436536934,0.04657311378554408,0.05943528814614773,0.06840359852581414,0.05453900958856236,0.06003104090865765,0.04364562066401905,0.04205692819062747,0.046638474757744235,0.0696330967053217,0.06002008954408261,0.0510526022366958,0.06289848511517077,0.083966552152502,0.092357831771247,0.08012756886417789,0.07356289656552818,0.06158047069737887,0.08003041359173946,0.07640165373153295,0.07437253118983318,0.05056216998888005,0.06040218882922954,0.07450416724384433,0.10718154813026212,0.08235630196664018,0.04417705533915806,0.06272640175377285,0.055214223345512306,0.05168160109928514,0.05660915818903892,0.05214387309293089,0.056751670474980136,0.051160433391580634,0.07289534409531376,0.06323931121207307,0.06475315861477364,0.05541077031294677,0.06464678378395551,0.05648503335345512,0.04525931429388402,0.06697583712787927,0.0699422819062748,0.06923976678633836,0.05331834625575853
Ships,0.05858452631294677,0.052199768258935665,0.050679512120730755,0.03437609112629071,0.04025045011596506,0.05893956317394758,0.07710958096584591,0.0909347563415409,0.07023008164575058,0.07710300261636217,0.05524501213343924,0.05303183502938841,0.05773503767275613,0.08802837255917394,0.07663397735980937,0.06899437010802223,0.08024010640984908,0.10940811040508341,0.11693782108022241,0.09942699781572675,0.09331276370611595,0.07680474108657662,0.10398509047815727,0.07437253118983318,0.12131815583637803,0.06074590792374901,0.07890544568387611,0.09609761158856236,0.13636541268943606,0.10458085577918981,0.052071686649722,0.07851101234154091,0.07084437139158062,0.06504178636536932,0.07077830389992054,0.06526347380778393,0.07060923987926929,0.063946399324861,0.09380815337251786,0.07889668330103254,0.0835545228562351,0.0699809823621922,0.0830169793200953,0.07241763722954725,0.05893339549324862,0.08401699998729148,0.0909331385146942,0.08589687194916598,0.06831717922637014
Guns ,0.0386692176457506,0.03480518766957903,0.032759202986497205,0.023483181871326447,0.029565490922954723,0.03859406277362987,0.05010394674503575,0.057319268393963445,0.04314421390309771,0.04766753225416998,0.03652941130420969,0.035820001210484516,0.040535024702144554,0.056819657938046074,0.047554525362986495,0.04378626688800634,0.05063162133439238,0.06797097556791103,0.07449863084988084,0.06244783788721206,0.059612968937251785,0.051419682459094514,0.0654731172867355,0.05056216998888005,0.06074590792374901,0.08408915513264495,0.051318687142176314,0.06325844058776806,0.08756748510881651,0.06728941494201747,0.03500247096425734,0.05287448952819697,0.046293643053216836,0.04291056291342334,0.04643283359809372,0.04332053150754567,0.04658800754249403,0.04252623658459095,0.060636849207307365,0.052394334513105635,0.05319643440190627,0.04504099884670374,0.051354214652899126,0.04569441619062748,0.03715010904845116,0.053907594922954716,0.0578895148054011,0.0562733162573471,0.04333864153455124
Gold ,0.050999857486894354,0.04019702509610802,0.04021531129467831,0.031705948892772035,0.03476347621286735,0.04808787014455917,0.05997765734074662,0.06089487462112786,0.0540733583669579,0.05444483223828434,0.043996555926926126,0.042765014649722,0.04841581520254169,0.08269099360127084,0.05486027662589355,0.05371619108181096,0.06533110991262907,0.1006364965528197,0.1219786635107228,0.09226417208895948,0.08503389055758538,0.06383136249086578,0.0831165938554408,0.06040218882922954,0.07890544568387611,0.051318687142176314,0.2917244343701351,0.14747470994440032,0.1826892307482128,0.12884883540270056,0.048608946770452736,0.06218405597776011,0.048422433235901514,0.051722961324861,0.056198543876092126,0.0528376020714853,0.0593677435234313,0.05227687931691819,0.073429709223193,0.06707326677680697,0.0575280665861795,0.05765802524861,0.05545692235742654,0.05036352907386816,0.035450171288324055,0.06177530183320093,0.06785023197776012,0.06743813103097697,0.0549821879364575
Mines,0.06312818015885621,0.05118349260524224,0.05264674227164417,0.035882867990468616,0.04041596301826846,0.057006203923749,0.07745444125496424,0.07995040887212074,0.0674741026846704,0.0712288460921366,0.053544194868943594,0.05444965279586974,0.06078605225575854,0.09685538463860206,0.07155261436060366,0.06626192227958695,0.08125374507545671,0.11635232406671961,0.13895728770452737,0.10722502739475775,0.10017809535345513,0.08067199763304207,0.09978368911834788,0.07450416724384433,0.09609761158856236,0.06325844058776806,0.14747470994440032,0.16062301565528198,0.1897953995552025,0.13790770672756156,0.05531461701350278,0.07779590313741064,0.06425026877680699,0.06538915231930102,0.07143183400317712,0.06565683960285941,0.07350930671961875,0.06577065762509927,0.08896023679110407,0.08167358177918985,0.07797265863383639,0.07161973589356632,0.07546121123113585,0.06816528629070692,0.051868189825258135,0.07800041814138205,0.08474221899126289,0.08570247955520255,0.06917116148530578
Coal ,0.09017577138681493,0.07287820058459094,0.07129535618745035,0.04933942997299444,0.059672085426528985,0.07837337791262906,0.1063557284130262,0.11974209487529784,0.09241614578554411,0.10207850453375693,0.07562658020015886,0.07629956074980143,0.08172326716441625,0.1384799182398729,0.10203861451310565,0.09007441063701349,0.11572637223193008,0.16643777127879267,0.20208303593328036,0.16155383599682285,0.14612617206671963,0.11602872684352664,0.14438366346624307,0.10718154813026212,0.13636541268943606,0.08756748510881651,0.1826892307482128,0.1897953995552025,0.35033239392533755,0.21515709346465442,0.08422264586497223,0.11121324550913424,0.09265939960603653,0.0911426929372518,0.10120601652104844,0.09129145433518665,0.10174643674027005,0.0909100916282764,0.12768473200317715,0.11521830420333594,0.10842211077998411,0.10109464597934868,0.10590867082446387,0.09403535506274821,0.07283307160603657,0.11305728499444002,0.12331610897537723,0.11896060683717233,0.09816659614932487
Oil  ,0.0687469323240667,0.05614135639872914,0.05645261833200954,0.03935285624781573,0.048235021629864976,0.06511586390150913,0.08175115451310563,0.09277486236536937,0.07247163512629069,0.0770223996330421,0.06085033456076252,0.05933298290230339,0.06525873081016681,0.1048157004638602,0.08158452148689435,0.07280026691183475,0.08908305177918983,0.12454605362986496,0.1474110232088959,0.11928654057982527,0.11151403490230341,0.08895823926608416,0.11050449771564733,0.08235630196664018,0.10458085577918981,0.06728941494201747,0.12884883540270056,0.13790770672756156,0.21515709346465442,0.1750132199698173,0.06806238538840349,0.08726892181572672,0.0723622075567911,0.07075515840984908,0.0779903175774424,0.07081622782208101,0.079211642649722,0.07088113414614775,0.09965993972359016,0.08839994132803812,0.08243631117712467,0.07783933499444003,0.07997973800476567,0.07091908271961873,0.05866853458459094,0.08950431574900715,0.09969894142176329,0.0918434477585385,0.07621800807148532
Util ,0.0336396271262907,0.031218961248610004,0.03265043342335186,0.024146054576648136,0.02909491655599683,0.0337139354598888,0.04102963642891183,0.0480595906878475,0.037555085026211285,0.04097861156155679,0.03247149825575854,0.03120722820333597,0.034464360619539315,0.051765860244638605,0.043270235380460695,0.03568967952660842,0.04447054590945196,0.0594826787926926,0.06688611726767274,0.05590603642573471,0.05294526859729945,0.043374110176330416,0.05560259775059571,0.04417705533915806,0.052071686649722,0.03500247096425734,0.048608946770452736,0.05531461701350278,0.08422264586497223,0.06806238538840349,0.04370721290548054,0.04591281989833201,0.03970106191262907,0.03685979396028594,0.03968544223987291,0.03759912083876093,0.03953272704686258,0.03564622438443208,0.05214528602382841,0.04787209895472599,0.0441540254678316,0.03939843631135822,0.044417515723590144,0.03754949960921366,0.032267352441620344,0.050654136311358226,0.05033547137410645,0.048968439345512316,0.039174079018268464
Telcm,0.048525421181890384,0.04483432252422557,0.04538949111993647,0.031126030951548853,0.036063835977760125,0.05197414210961081,0.06730097111675934,0.07871246377601271,0.05881374915965052,0.06379140047180303,0.047395909448768855,0.04612931269420175,0.05167019787926926,0.07528415095472597,0.0639249445401112,0.05616041695472597,0.06691807513105638,0.09138258595710881,0.09597588204924544,0.08073074518665607,0.07736729986179508,0.06526900812390786,0.08737441654646545,0.06272640175377285,0.07851101234154091,0.05287448952819697,0.06218405597776011,0.07779590313741064,0.11121324550913424,0.08726892181572672,0.04591281989833201,0.07733913585226368,0.06082524670532169,0.0558821424733916,0.06139262566322478,0.05699761560285942,0.06125622485146943,0.05434910332803813,0.08008885332486101,0.06586866436536933,0.0690590402192216,0.05850368172676727,0.07011314399046863,0.061462551288324056,0.05067293752660841,0.07330752087688643,0.07872112505957106,0.07495033536457506,0.05764679204606831
PerSv,0.04274063133598093,0.04043031925496426,0.04006867253375695,0.027744942328832397,0.03192710737410642,0.0438971410675139,0.06037534500714853,0.0698930951437649,0.05204477350913424,0.05747591857505957,0.043696637938046075,0.04157879834630659,0.044775918943606045,0.06417163967275617,0.056958701718824466,0.050498168144559166,0.05989363079428117,0.081303375822081,0.08344371817315333,0.07181554729944399,0.06735547062271642,0.056702441471008745,0.07735764175377281,0.055214223345512306,0.07084437139158062,0.046293643053216836,0.048422433235901514,0.06425026877680699,0.09265939960603653,0.0723622075567911,0.03970106191262907,0.06082524670532169,0.06702154900555997,0.04990927096584593,0.05356040175536139,0.05019720365051628,0.053042270239872916,0.04831950397934868,0.07147170797776013,0.059284339129467824,0.061170137127879255,0.05226039026687849,0.06356326296743446,0.055252984374900706,0.04539586069420177,0.06489715794757744,0.0709409735266084,0.0662421687498014,0.050339412147736295
BusSv,0.03968241404606831,0.03700969333915806,0.03619326347895155,0.024538346833995237,0.027938578942017483,0.041052458227164405,0.054283130760921366,0.06260265390150914,0.04826842075933281,0.052464382209690234,0.03946665765528198,0.03856850836060366,0.04284908137410644,0.06063393477045272,0.05243714224622717,0.045231007480540104,0.05529823710087369,0.0762892178872121,0.0792445508339952,0.06759971262112786,0.06382307253216837,0.0537308051183479,0.07085849983796663,0.05168160109928514,0.06504178636536932,0.04291056291342334,0.051722961324861,0.06538915231930102,0.0911426929372518,0.07075515840984908,0.03685979396028594,0.0558821424733916,0.04990927096584593,0.049282228135027806,0.05011778852263703,0.047043026602065136,0.05063720132168387,0.04572740953931692,0.06422710202382842,0.05504241736934075,0.05627843455758537,0.04859430371882447,0.056958735100873716,0.049758814055599676,0.04061975508975376,0.058779409969817314,0.0625587977839555,0.06085431961239079,0.04752549917235902
Hardw,0.044314114360603646,0.03918181246227166,0.03992987752184272,0.026761908467037333,0.03180317146942016,0.0461161777124702,0.05923753405877681,0.06641384990468625,0.051978660047656874,0.05692324610802222,0.04231003353455124,0.041366021961874486,0.04640040607625101,0.06634916535345513,0.05701677397934869,0.04854672293089752,0.059563248061953955,0.08157634141382047,0.0880084681334392,0.07555905800635426,0.07029401883240664,0.05894010142970612,0.07679733397934871,0.05660915818903892,0.07077830389992054,0.04643283359809372,0.056198543876092126,0.07143183400317712,0.10120601652104844,0.0779903175774424,0.03968544223987291,0.06139262566322478,0.05356040175536139,0.05011778852263703,0.06252213381254965,0.0520407912152502,0.05741485934868944,0.05058977497220015,0.06951303250198569,0.06012149961874504,0.06103003410643367,0.052625805011914197,0.061997829340746616,0.054461930611596494,0.04366822625099285,0.0629315053534551,0.0672909484432089,0.06682904463860206,0.051977726235107234
Softw,0.04100729787450356,0.03691072162351072,0.037012941350277995,0.026182122528991266,0.02917876855281969,0.041551013127879254,0.05406088960127085,0.06236319746783162,0.04806154835266084,0.05307258863542495,0.03937909738522636,0.038808579059571094,0.04292026470214455,0.06281688827323273,0.05295995651151706,0.04567960412073073,0.05476239054805401,0.07652594554408262,0.0801411781096108,0.06896857262907069,0.06466718296108023,0.05465183954249403,0.07115975159332803,0.05214387309293089,0.06526347380778393,0.04332053150754567,0.0528376020714853,0.06565683960285941,0.09129145433518665,0.07081622782208101,0.03759912083876093,0.05699761560285942,0.05019720365051628,0.047043026602065136,0.0520407912152502,0.05135107602223988,0.0524300155234313,0.04631523845909452,0.06516325366799047,0.0551412069960286,0.057032330554408255,0.049071681312152504,0.05757998626846703,0.0502218982494043,0.04126430391421765,0.05939515954884829,0.06366134921366165,0.06254589079586972,0.0475542099030977
Chips,0.04437379209531374,0.039262165248610016,0.039673582970611604,0.026822881467831607,0.031123937137410643,0.04628522323749007,0.05955442234789516,0.06637995757267676,0.05198717352819697,0.056937266039714045,0.04245541570770452,0.04184755754725972,0.04678469070691025,0.06777109378236697,0.05679067156155678,0.049050723412231934,0.05968593912629071,0.08320140552819698,0.08867784524225573,0.07485346617950754,0.07069357160921365,0.05972547063383638,0.07723522900079427,0.056751670474980136,0.07060923987926929,0.04658800754249403,0.0593677435234313,0.07350930671961875,0.10174643674027005,0.079211642649722,0.03953272704686258,0.06125622485146943,0.053042270239872916,0.05063720132168387,0.05741485934868944,0.0524300155234313,0.06117098920413024,0.05140818948371724,0.06942724258617951,0.06003195734392374,0.06143740544559174,0.05314307877998411,0.061376910900714864,0.05418271935822081,0.04336135003653694,0.062272134061953935,0.06724128943606036,0.06644584920095314,0.05178713917077044
LabEq,0.039838034964257335,0.03577207779984114,0.03514997985702939,0.02464738414614773,0.027789410706910243,0.04170398915011913,0.05284330673550437,0.059809127505957106,0.04742784597299445,0.05166603131850676,0.039123173741064325,0.0386772408181096,0.0427882430420969,0.0604170764892772,0.0519197023034154,0.045517957736298645,0.054205380246227154,0.07441358494042892,0.07932233561556792,0.06747255559173947,0.06383827794281177,0.05348129110405083,0.07036506052422557,0.051160433391580634,0.063946399324861,0.04252623658459095,0.05227687931691819,0.06577065762509927,0.0909100916282764,0.07088113414614775,0.03564622438443208,0.05434910332803813,0.04831950397934868,0.04572740953931692,0.05058977497220015,0.04631523845909452,0.05140818948371724,0.050948465631453534,0.06361135701350276,0.05379810250992851,0.05564507328038125,0.04820338504368546,0.055129489579030966,0.04912454268467036,0.03966687239872914,0.05678297798252581,0.06102471551231135,0.05986051758538522,0.04714035011119937
Paper,0.05744336614455916,0.051836887701350275,0.04740885693407466,0.03474018365051628,0.04149159417950755,0.05993958439396346,0.07822012218586179,0.09131112928355839,0.06921133822398728,0.0755164517299444,0.05512063325814138,0.05223401167911039,0.0580227129150119,0.08617919630182683,0.0753098383415409,0.07000574836536934,0.07882538335186653,0.10885222169976172,0.11059061518665607,0.09514698881652109,0.09016208898490863,0.07450253335663223,0.10619092119459889,0.07289534409531376,0.09380815337251786,0.060636849207307365,0.073429709223193,0.08896023679110407,0.12768473200317715,0.09965993972359016,0.05214528602382841,0.08008885332486101,0.07147170797776013,0.06422710202382842,0.06951303250198569,0.06516325366799047,0.06942724258617951,0.06361135701350276,0.11022401915170767,0.08063541908816518,0.08125946827005556,0.06849959222239874,0.08168460346942019,0.07141859096425736,0.060099631224781576,0.08660578450198571,0.09069472718030182,0.08687078815567911,0.06756550137569502
Boxes,0.04730012557267672,0.045147031482128674,0.043495277680698975,0.028146034548054005,0.03918037778554408,0.05058779961239078,0.06514576669737887,0.07339253095154884,0.057413592806989676,0.06338485231771249,0.04717323878633836,0.04357659323590151,0.04852554638602065,0.07559927239396345,0.0644885210420969,0.055090132209690224,0.06756946206513105,0.09194192413026209,0.09988530700555998,0.08475326060365368,0.07787985646703732,0.06420930695472599,0.0871477573820492,0.06323931121207307,0.07889668330103254,0.052394334513105635,0.06707326677680697,0.08167358177918985,0.11521830420333594,0.08839994132803812,0.04787209895472599,0.06586866436536933,0.059284339129467824,0.05504241736934075,0.06012149961874504,0.0551412069960286,0.06003195734392374,0.05379810250992851,0.08063541908816518,0.09014398455281968,0.06955293575218428,0.0585449302525814,0.06912338116600476,0.05991683182208102,0.04917660188403494,0.07241948089594917,0.07497103957108815,0.07451806021286736,0.05675900661795076
