,Agric,Food ,Soda ,Beer ,Smoke,Toys ,Fun  ,Books,Hshld,Clths,Hlth ,MedEq,Drugs,Chems,Rubbr,Txtls,BldMt,Cnstr,Steel,FabPr,Mach ,ElcEq,Autos,Aero ,Ships,Guns ,Gold ,Mines,Coal ,Oil  ,Util ,Telcm,PerSv,BusSv,Hardw,Softw,Chips,LabEq,Paper,Boxes,Trans,Whlsl,Rtail,Meals,Banks,Insur,RlEst,Fin  ,Other
Agric,0.1059068202065131,0.043574846195393174,0.042397166481334396,0.029832087625099292,0.038828631739475775,0.0464251238443209,0.06166915056393962,0.07499206160444796,0.05924402144559172,0.062170592438443195,0.04892014341540904,0.04888927428117554,0.05313947634630658,0.07388952956314537,0.06234607745830024,0.059646272565528215,0.06852060962668784,0.08792591529785544,0.096230055440826,0.08757914440031771,0.078827970420969,0.06461918262112788,0.08044868346306591,0.06249185849086577,0.08542614274821288,0.053994224209690224,0.06493877782366958,0.08417723634630658,0.11494343895154888,0.09097727234312944,0.04458372692613184,0.06711325814138204,0.05992396219221604,0.05581390023828436,0.06190821232724384,0.056922398284352645,0.06159338408260525,0.05619072851469419,0.0764900664336775,0.06238309826846702,0.06631077220015885,0.06038876003177124,0.06538357585385228,0.057067497505957104,0.048678664177918975,0.06711842252581414,0.0698100041938046,0.07228158217633043,0.05813176349483717
Food ,0.043574846195393174,0.044822777798252576,0.039109251749007146,0.027871873938046066,0.03386019937728356,0.041816992806989674,0.054021258961080225,0.06303181465925337,0.04862066266560762,0.054457779996822886,0.04168421610166798,0.040427460880063534,0.044916256972200155,0.060864171672756144,0.05358643109134233,0.04801537599999999,0.05637501209213661,0.07240237081493249,0.07839046669420173,0.06918930305957106,0.06464372573153297,0.05446054567752185,0.07134357394757743,0.05343941574583002,0.07010554260841939,0.04509255137092931,0.048850223663224786,0.06460934669420172,0.08943035046862592,0.07107512958220809,0.038758837216838746,0.05786756306910246,0.052112843882446386,0.0479755375059571,0.05142947606036537,0.047667242656076254,0.050857798710087374,0.04687182779984115,0.06502991271167592,0.05500673065607625,0.056598550811755355,0.050381717667990454,0.05657073568864178,0.049835305080222395,0.04135899970135028,0.059787119555202536,0.05986124606830817,0.06145230291977759,0.048821463377283554
Soda ,0.042397166481334396,0.039109251749007146,0.07525179829070693,0.029983562090548047,0.03424003744559174,0.043438191625099286,0.05205869821127879,0.0610108569531374,0.047902453172359014,0.0521862458014297,0.040313872698967426,0.04081948679269261,0.04476114531532963,0.060462216984908654,0.05196894590627482,0.045742467780778395,0.05366768347577442,0.06780176138522635,0.07592374108975378,0.06634855924384434,0.06299350759650514,0.053626570859412234,0.067025853375695,0.053395525445591716,0.06788541446862588,0.04411139557108816,0.049948652365369335,0.06524280774583004,0.08585223069102466,0.07008030028276409,0.03985528611914217,0.0585059450166799,0.05095904561715649,0.04682211914217632,0.052119917077045275,0.047653558328832404,0.0510961420047657,0.04599013785544082,0.06071437469102463,0.052910168279586986,0.0547324057251787,0.05019824859094518,0.05537962720254171,0.04915326953455123,0.039932622951548834,0.05811565737887213,0.058745191739475774,0.06023405580937252,0.04686189271485305
Beer ,0.029832087625099292,0.027871873938046066,0.029983562090548047,0.05302852906115964,0.026197325254964255,0.03247757995552025,0.03740646871485306,0.042417683809372525,0.03374544822557586,0.038943691752184276,0.029493977737887218,0.029194141499602862,0.031135134192216044,0.04436686538204924,0.037183316079428125,0.0329629528228753,0.03925716264019061,0.04914659546942018,0.05644898710722793,0.04856573500555996,0.04578472917871326,0.03775040833042096,0.05038226146147736,0.03937857167911041,0.04911963779507544,0.03171547187926925,0.040524256085782355,0.04786298469261316,0.06410141714058777,0.05179471528514694,0.03025345967911041,0.04121782222716441,0.036560151094519454,0.03314691337569499,0.03614403537728356,0.03446828862907068,0.03576950921048452,0.03334592347895156,0.04453993434789517,0.036822461601270846,0.03973614690389198,0.03647511401429706,0.03932963737251787,0.035425181855440815,0.02760643720730739,0.04175023852263701,0.042482020603653685,0.04236396882922955,0.03472089282922955
Smoke,0.038828631739475775,0.03386019937728356,0.03424003744559174,0.026197325254964255,0.07881006099444006,0.03603353454169976,0.04384331452263702,0.05166902574424147,0.04009077980301826,0.04626826850833996,0.03477659148848291,0.03445796793963463,0.03844891758220808,0.05262487295631454,0.04486944658300238,0.03983420459729945,0.046079669728355824,0.05592072536298649,0.06425199677204131,0.05676282583320094,0.054457830192216033,0.04580938514376489,0.05795734142970612,0.04650015012549643,0.058821600165210486,0.04040435742017472,0.04274229163145354,0.05249421907545672,0.07628353949166004,0.06360644207148532,0.03656494239237489,0.04937513668625893,0.043303609845909447,0.03887770962668784,0.04371119505957109,0.03956739393804607,0.042258318659253384,0.0387220322319301,0.05464271282605241,0.048483073655281955,0.04689008183002384,0.04201457881493248,0.04651593798570293,0.038917887444003166,0.03463653104686259,0.051972083097696575,0.04930508973788722,0.05172945135186655,0.03955929403018268
Toys ,0.0464251238443209,0.041816992806989674,0.043438191625099286,0.03247757995552025,0.03603353454169976,0.08210846699126288,0.06487586050516282,0.07312997005401112,0.057286847432883245,0.06402311032406671,0.04693100883717235,0.044673585729944384,0.050959441726767266,0.07077620330262112,0.0612812662366958,0.05779140981890389,0.06542349229706117,0.08345083311199365,0.08828549163145354,0.07954578381731534,0.0739733024765687,0.06362970105162828,0.0839212836616362,0.06088738996981731,0.08103375025575851,0.05134924615409054,0.05794000200635425,0.07295559134551233,0.09862451692613182,0.08364055842096901,0.04255667562192216,0.06778267796028595,0.058622755054805395,0.05424021544876885,0.0603033227720413,0.0541452050293884,0.05980685767116759,0.05463773781572678,0.07573041807148528,0.061208417949166,0.06468707948848292,0.057828856228752966,0.06544443358697379,0.05802402128514696,0.04815769374265289,0.06782506418586179,0.07282611042891181,0.06977341820333596,0.05684573777283559
Fun  ,0.06166915056393962,0.054021258961080225,0.05205869821127879,0.03740646871485306,0.04384331452263702,0.06487586050516282,0.09579331593963461,0.09524639229864972,0.07358277752501985,0.08173653383955519,0.059448158354249395,0.05835042738046066,0.06479125136775218,0.08949188697696583,0.07669135486576646,0.0739223301795075,0.08452243194281174,0.10957733374424147,0.11449026858776806,0.10012834602700556,0.09423209441143764,0.0793572500333598,0.10836658605242254,0.075804946700556,0.10366474676409848,0.0649317359364575,0.07237720880698968,0.09664074245591737,0.13095007062748212,0.10395603092613186,0.051668093077045264,0.08565296855917395,0.07716120812708498,0.06992787818903891,0.0764229823669579,0.06952463632724383,0.07584651315647338,0.06841752679904686,0.09714623829706115,0.07844951188562348,0.08393692705957109,0.07310854336457503,0.08580723581254963,0.07626149885941223,0.06154291226052423,0.08565106201747419,0.09037029731532963,0.09062899163145353,0.0718907097124702
Books,0.07499206160444796,0.06303181465925337,0.0610108569531374,0.042417683809372525,0.05166902574424147,0.07312997005401112,0.09524639229864972,0.15010216554567116,0.08923048711834788,0.09616821005718826,0.06991295923272436,0.06734204140270056,0.0742007084559174,0.10474065515647339,0.09366907466878471,0.09006343926767275,0.09914180555837965,0.1285754471104051,0.13250862674821287,0.11653423210007942,0.11275529850833993,0.09260624928991265,0.128827962533757,0.09022468802859414,0.1258874471389992,0.07760945481493248,0.07776978728673548,0.10486458565210484,0.1503572996902304,0.12011829768705322,0.06195116298014296,0.10255137458935662,0.09161688882128671,0.08319737806989673,0.08867787567116758,0.08205506019698174,0.08776463500555992,0.08001034615567912,0.11587650466084191,0.09133601407625094,0.09866282046386018,0.08604793014138203,0.1011007761350278,0.08856879549007146,0.07480420252422555,0.10317321524225576,0.10901934593328036,0.10590785664972197,0.083101287898332
Hshld,0.05924402144559172,0.04862066266560762,0.047902453172359014,0.03374544822557586,0.04009077980301826,0.057286847432883245,0.07358277752501985,0.08923048711834788,0.08010735925496425,0.07598239771405876,0.05432059791421763,0.05271464907545669,0.057483127248609996,0.0823372645448769,0.07272555682922956,0.06906759003812551,0.07737413949007148,0.10043652034312946,0.10435112924225576,0.09100649613502779,0.08697475418745036,0.07284885882128674,0.09894532401111993,0.07082871840190626,0.09619077234948371,0.05774436830182684,0.06509510501509133,0.08626487654964257,0.11602666815726763,0.09365090953772834,0.047897912177918986,0.076886789299444,0.0685792977331215,0.06361627622716441,0.06905202831612392,0.06315975392216044,0.06811018423510726,0.06291750655281969,0.08772027959332805,0.07084121879428117,0.07708491885941224,0.06726917436695788,0.07792266838284351,0.06853991483876092,0.057131839267672756,0.07765730323272436,0.0829994796743447,0.08168609431453536,0.06525902966163621
Clths,0.062170592438443195,0.054457779996822886,0.0521862458014297,0.038943691752184276,0.04626826850833996,0.06402311032406671,0.08173653383955519,0.09616821005718826,0.07598239771405876,0.10027801622081015,0.0592421170722796,0.05797204073550437,0.06316527890865765,0.0901761093582208,0.07896052966481334,0.07482218500238283,0.08412159723431294,0.11421268148689435,0.11486329947259727,0.10207007146465448,0.09595340535504367,0.08025506832088959,0.10910419233518662,0.07916391541540907,0.1070087422621128,0.0641272934805401,0.06935871894678317,0.09312667172041302,0.13012739621127878,0.10158896659888803,0.053185926316123906,0.08456116944241458,0.07623279728832408,0.070038364471803,0.07704841133439234,0.07051882223034152,0.07574902525178712,0.06934599279586973,0.09720881477998412,0.07938610904050834,0.08583842554725975,0.07453794367593328,0.09106977400635424,0.0782395689610802,0.060609564398729145,0.0863792932406672,0.09106552544082605,0.09033702011278792,0.07161280665925336
Hlth ,0.04892014341540904,0.04168421610166798,0.040313872698967426,0.029493977737887218,0.03477659148848291,0.04693100883717235,0.059448158354249395,0.06991295923272436,0.05432059791421763,0.0592421170722796,0.05538925016521049,0.04719375081969816,0.05145354193963463,0.06729394183796662,0.05832476976648133,0.05438427817791897,0.06219357279269261,0.07927603598411438,0.08526434174106434,0.0760927456536934,0.07090230109134232,0.05992203370293884,0.0784799615647339,0.05770462658935663,0.07865069912311357,0.049440878382843535,0.05565522678157268,0.07067958191580617,0.09667395085782368,0.07961537149801429,0.041450391345512316,0.06336148868625895,0.058306552837172364,0.05293243746624305,0.05719417980142971,0.05255753159332803,0.05642885387132644,0.052867368347895155,0.07123055140270056,0.05851028515806195,0.061531585153296264,0.055877987876092126,0.06111648492295472,0.05410119626211277,0.044542069138999205,0.0649852278395552,0.06631911957903096,0.06552907800953138,0.05376264547100875
MedEq,0.04888927428117554,0.040427460880063534,0.04081948679269261,0.029194141499602862,0.03445796793963463,0.044673585729944384,0.05835042738046066,0.06734204140270056,0.05271464907545669,0.05797204073550437,0.04719375081969816,0.052154302111199355,0.05173008999046863,0.06615804351548848,0.056862535173947584,0.05283128779507546,0.060825631687053204,0.0775463430468626,0.08404164647180297,0.073664692598888,0.06957323997299444,0.05914962516918188,0.07616481768864176,0.05645211978077838,0.07585521484034946,0.049130540552819714,0.0537034849579031,0.07137304728196982,0.0970727043288324,0.07780531371247021,0.04061837561239078,0.062484989121524996,0.056393630546465436,0.05230641692613185,0.05672943258935663,0.05227608346624306,0.056075541776012705,0.05253741293884034,0.06883427919301033,0.055780345564733914,0.0603136760381255,0.054689752743447166,0.059814400096902295,0.05224017749483719,0.04390262938363781,0.06250867973788722,0.06441547146147739,0.06499267252263702,0.05313462680857822
Drugs,0.05313947634630658,0.044916256972200155,0.04476114531532963,0.031135134192216044,0.03844891758220808,0.050959441726767266,0.06479125136775218,0.0742007084559174,0.057483127248609996,0.06316527890865765,0.05145354193963463,0.05173008999046863,0.06487539421604448,0.07369003250675141,0.06231475877998412,0.05684440892295474,0.06654715691342336,0.08600578600158855,0.09214724014932485,0.08092488365528196,0.0764022679475774,0.06526749217474187,0.08369679289118347,0.06241717973312151,0.08289285248927722,0.055240141664813336,0.059656743877680704,0.07905622148371722,0.10484699339952344,0.08606174087688641,0.04469563597776013,0.06970951309293089,0.06124227945830023,0.05776242787132645,0.06306487883240666,0.05769650116282764,0.06232004817791897,0.057743215083399524,0.07620881488800635,0.061868490870532165,0.06650237859571088,0.06005864821604446,0.06612724484670372,0.058134095763304194,0.04785303451469421,0.0681786249166005,0.0702127074424146,0.07128794732803813,0.05820936526767275
Chems,0.07388952956314537,0.060864171672756144,0.060462216984908654,0.04436686538204924,0.05262487295631454,0.07077620330262112,0.08949188697696583,0.10474065515647339,0.0823372645448769,0.0901761093582208,0.06729394183796662,0.06615804351548848,0.07369003250675141,0.1172709159825258,0.08899298926767275,0.07976402028435266,0.09452150327084988,0.12473680358379667,0.13744769788403494,0.11877930061477364,0.11147356985067512,0.09250313167275613,0.1224562606910246,0.08898814976012709,0.11862023640031771,0.07352877020810167,0.09740791454646544,0.11962531715329626,0.16728044976171563,0.130117644025417,0.06401133667355044,0.0965458082986497,0.08351973919459892,0.07862752788721207,0.08638713964257347,0.08061818092772041,0.0864965803907863,0.07856631103256556,0.10819116845750597,0.09133879620492455,0.09397699968546468,0.08429114764733914,0.09295625230659252,0.08228995293248609,0.06747103624940429,0.09722368185067513,0.1014462937172359,0.10100564265448768,0.08031827814455918
Rubbr,0.06234607745830024,0.05358643109134233,0.05196894590627482,0.037183316079428125,0.04486944658300238,0.0612812662366958,0.07669135486576646,0.09366907466878471,0.07272555682922956,0.07896052966481334,0.05832476976648133,0.056862535173947584,0.06231475877998412,0.08899298926767275,0.09740733683240665,0.071204762471803,0.08215316078792691,0.10337044439078635,0.1131487603367752,0.09950561631135824,0.09439004308816519,0.07879383096425735,0.1051648603971406,0.07681878337728355,0.10313207316282764,0.06256235857664816,0.06796263975853852,0.09045871325178712,0.12619506881652104,0.10287586893725177,0.05413084400953136,0.08236777956473389,0.07399384055917393,0.06834640406671964,0.07465435104050835,0.06838042426687847,0.0736158222779984,0.06788760282764097,0.09457876215409053,0.07784686024463859,0.08198012963939634,0.07237519004924543,0.08096266345988878,0.07027671574900717,0.06029778703097695,0.08478708444797456,0.08781335513899922,0.08679780772676728,0.06957880531850676
Txtls,0.059646272565528215,0.04801537599999999,0.045742467780778395,0.0329629528228753,0.03983420459729945,0.05779140981890389,0.0739223301795075,0.09006343926767275,0.06906759003812551,0.07482218500238283,0.05438427817791897,0.05283128779507546,0.05684440892295474,0.07976402028435266,0.071204762471803,0.10767545386973787,0.07799963426687848,0.10037698682128675,0.1030763462144559,0.08982159965528196,0.08600460352501983,0.07029911779507544,0.09672039770452742,0.06814941726131848,0.09591435848451152,0.05964916790150912,0.0661991169706116,0.08572616287847497,0.11492148803018265,0.09406338409213662,0.04630362955361398,0.07536924755520252,0.06751939179825257,0.06152211265289912,0.06649543640190628,0.0617509991517077,0.06613654968069894,0.06225388235901508,0.08965064618903891,0.06969218482764099,0.07612408450833995,0.06641914236060367,0.07586640526290706,0.06772311839396346,0.05434419984273232,0.07735976177124702,0.08337556229547258,0.07798889783796664,0.06336773971088167
BldMt,0.06852060962668784,0.05637501209213661,0.05366768347577442,0.03925716264019061,0.046079669728355824,0.06542349229706117,0.08452243194281174,0.09914180555837965,0.07737413949007148,0.08412159723431294,0.06219357279269261,0.060825631687053204,0.06654715691342336,0.09452150327084988,0.08215316078792691,0.07799963426687848,0.09684944891342336,0.1165390759396346,0.12342480874027004,0.1081775427212073,0.10150658303256553,0.0844240749674345,0.11173226413820497,0.08186615800794281,0.11077310069261319,0.06769932103891976,0.0786685851517077,0.10274924780301824,0.14268941006354247,0.11272273249563144,0.05644544715488484,0.08805708139158061,0.07932558252104845,0.07312254007148529,0.07937435382843527,0.07221614726926132,0.07831142338999209,0.07228719104845116,0.10060489911993646,0.08324563521683875,0.08726158029864971,0.07725909060524225,0.08775512707386815,0.0763441370754567,0.06413993102621128,0.08978768304209692,0.0947422180222399,0.0942032549785544,0.07444023133915807
Cnstr,0.08792591529785544,0.07240237081493249,0.06780176138522635,0.04914659546942018,0.05592072536298649,0.08345083311199365,0.10957733374424147,0.1285754471104051,0.10043652034312946,0.11421268148689435,0.07927603598411438,0.0775463430468626,0.08600578600158855,0.12473680358379667,0.10337044439078635,0.10037698682128675,0.1165390759396346,0.2157953084924543,0.16343472531850675,0.13993390591262905,0.13163767100238283,0.110330039567911,0.14627538627482128,0.10371244448610006,0.14222792588403493,0.0856123838856235,0.11273920484829225,0.13733306307863383,0.19350488130262108,0.14859115212708496,0.07163681279745829,0.11410938014932487,0.10175652525496426,0.09470649839555202,0.10225748791104049,0.09470939520889596,0.102268482217633,0.0932103797934869,0.1318010467736299,0.1072805966576648,0.11438971128196977,0.0992153166703733,0.11666984138522635,0.1019181747990469,0.08640154713899921,0.1257466509928515,0.12404644012708498,0.12340666715806195,0.09763858016203336
Steel,0.096230055440826,0.07839046669420173,0.07592374108975378,0.05644898710722793,0.06425199677204131,0.08828549163145354,0.11449026858776806,0.13250862674821287,0.10435112924225576,0.11486329947259727,0.08526434174106434,0.08404164647180297,0.09214724014932485,0.13744769788403494,0.1131487603367752,0.1030763462144559,0.12342480874027004,0.16343472531850675,0.19289143752819704,0.1581116324797458,0.14531692940111202,0.11921643368387608,0.15457315458300236,0.11439988729467833,0.152153832076251,0.0939892915138999,0.13391997122478153,0.16176167784590945,0.23191397370929312,0.17292156335504366,0.08077108239555202,0.12137764510246225,0.10704491169817316,0.10025845482128673,0.11201815591739474,0.10101149558697378,0.11088896404765687,0.10092627674344717,0.13639236383161238,0.11811555500873709,0.12046621425893568,0.10852979248927717,0.1181451783097696,0.10451071199046862,0.08374828553137409,0.12274322320889595,0.12938077072279588,0.1286861888768864,0.10383617324225576
FabPr,0.08757914440031771,0.06918930305957106,0.06634855924384434,0.04856573500555996,0.05676282583320094,0.07954578381731534,0.10012834602700556,0.11653423210007942,0.09100649613502779,0.10207007146465448,0.0760927456536934,0.073664692598888,0.08092488365528196,0.11877930061477364,0.09950561631135824,0.08982159965528196,0.1081775427212073,0.13993390591262905,0.1581116324797458,0.17552524362033362,0.12720617589674346,0.1056005071262907,0.13632968409054805,0.10259091996505161,0.13532951297537724,0.08276506367275616,0.11127470355679109,0.1339365963717236,0.19446590051628268,0.14891513006830814,0.07032535245750596,0.10545921710563941,0.09463698627640983,0.0887202962907069,0.09892513536934076,0.08947344927402702,0.09684134260841935,0.08880925760921365,0.12094075089436057,0.10319586509451946,0.10490553902144556,0.09593218825734712,0.1043097160746624,0.09128026369658458,0.07498619366640191,0.1068826268387609,0.11234738780778392,0.11337676059888796,0.0913316493788721
Mach ,0.078827970420969,0.06464372573153297,0.06299350759650514,0.04578472917871326,0.054457830192216033,0.0739733024765687,0.09423209441143764,0.11275529850833993,0.08697475418745036,0.09595340535504367,0.07090230109134232,0.06957323997299444,0.0764022679475774,0.11147356985067512,0.09439004308816519,0.08600460352501983,0.10150658303256553,0.13163767100238283,0.14531692940111202,0.12720617589674346,0.1223972103749007,0.09740204925814139,0.1280293609451946,0.0946188323335981,0.12700869613026208,0.07807566793645748,0.09921923621445591,0.12349377094201747,0.17538388606036537,0.13704536809213658,0.06620686274185861,0.1009036780047657,0.08890360030659253,0.08355562328038126,0.0926172056791104,0.08423959284193805,0.09149420520413026,0.08396869948371723,0.11449763876727562,0.09563984403653693,0.09890496508657667,0.08915121528832405,0.09840175183002381,0.0863919736314535,0.07115383785385225,0.1017840858697379,0.10693975146147736,0.10712385150277999,0.08570801317235902
ElcEq,0.06461918262112788,0.05446054567752185,0.053626570859412234,0.03775040833042096,0.04580938514376489,0.06362970105162828,0.0793572500333598,0.09260624928991265,0.07284885882128674,0.08025506832088959,0.05992203370293884,0.05914962516918188,0.06526749217474187,0.09250313167275613,0.07879383096425735,0.07029911779507544,0.0844240749674345,0.110330039567911,0.11921643368387608,0.1056005071262907,0.09740204925814139,0.09179233408101667,0.10599912606830815,0.07909969304527402,0.1052742682954726,0.06692358044162033,0.07672181397299443,0.1016511380841938,0.142970979030977,0.11133118826370135,0.054622932911834794,0.08503371636536933,0.07462605894201747,0.07025986490865767,0.077596821223193,0.0711724215599682,0.07721316566799048,0.07045972463860208,0.09494119210802222,0.0794464541191422,0.08298685333756951,0.07417779144082604,0.08174591513264497,0.07142314085464653,0.060270625785544076,0.08548785038919776,0.0893679769658459,0.08965877758220808,0.0722119978649722
Autos,0.08044868346306591,0.07134357394757743,0.067025853375695,0.05038226146147736,0.05795734142970612,0.0839212836616362,0.10836658605242254,0.128827962533757,0.09894532401111993,0.10910419233518662,0.0784799615647339,0.07616481768864176,0.08369679289118347,0.1224562606910246,0.1051648603971406,0.09672039770452742,0.11173226413820497,0.14627538627482128,0.15457315458300236,0.13632968409054805,0.1280293609451946,0.10599912606830815,0.1613528691262907,0.10286588948371725,0.14059826403494835,0.08543399715647337,0.10171157052422558,0.12664766395552024,0.1793750596584591,0.14044328128673547,0.07004874617950753,0.11233636524225578,0.10020907854646542,0.09200282864972201,0.1003655403891978,0.09200843045274025,0.09962744362192218,0.09172880334392378,0.13189738633836381,0.10536129808578236,0.11176749294678315,0.0978008399364575,0.11203815816521044,0.09939387416203334,0.08107682091342334,0.11381337282764098,0.11852298364575059,0.11798764312152503,0.0952816116282764
Aero ,0.06249185849086577,0.05343941574583002,0.053395525445591716,0.03937857167911041,0.04650015012549643,0.06088738996981731,0.075804946700556,0.09022468802859414,0.07082871840190626,0.07916391541540907,0.05770462658935663,0.05645211978077838,0.06241717973312151,0.08898814976012709,0.07681878337728355,0.06814941726131848,0.08186615800794281,0.10371244448610006,0.11439988729467833,0.10259091996505161,0.0946188323335981,0.07909969304527402,0.10286588948371725,0.09346927071644162,0.10135084482287529,0.06610964521683876,0.07217965025893565,0.09356210092454328,0.1314206491024623,0.10406553978713266,0.05560590135663223,0.08211816679269258,0.07282750656393965,0.06798477872915012,0.07471330349483717,0.06827135437013503,0.07364473789356635,0.0674663888641779,0.09290504914376488,0.07834157654328831,0.08178998006036536,0.07227045359173948,0.08133365623193009,0.07126478426370135,0.05782470660206514,0.08420663210484514,0.08573779086576647,0.08738956771088166,0.0696470287974583
Ships,0.08542614274821288,0.07010554260841939,0.06788541446862588,0.04911963779507544,0.058821600165210486,0.08103375025575851,0.10366474676409848,0.1258874471389992,0.09619077234948371,0.1070087422621128,0.07865069912311357,0.07585521484034946,0.08289285248927722,0.11862023640031771,0.10313207316282764,0.09591435848451152,0.11077310069261319,0.14222792588403493,0.152153832076251,0.13532951297537724,0.12700869613026208,0.1052742682954726,0.14059826403494835,0.10135084482287529,0.16824860339316913,0.08579117859253375,0.09826640759015091,0.12709628557903097,0.17624992189038918,0.13963674512470214,0.0698646760667196,0.10916890674503574,0.09905879193328039,0.09132730943606039,0.09981672239872913,0.09090812494996027,0.0980013007212073,0.09048743931691819,0.1254164863161239,0.1031614310627482,0.11081674762192215,0.09732089511675934,0.11026528361874506,0.09623121066560765,0.07887132070849878,0.11145580754567115,0.11512462174741857,0.11525247090389197,0.09372862161715646
Guns ,0.053994224209690224,0.04509255137092931,0.04411139557108816,0.03171547187926925,0.04040435742017472,0.05134924615409054,0.0649317359364575,0.07760945481493248,0.05774436830182684,0.0641272934805401,0.049440878382843535,0.049130540552819714,0.055240141664813336,0.07352877020810167,0.06256235857664816,0.05964916790150912,0.06769932103891976,0.0856123838856235,0.0939892915138999,0.08276506367275616,0.07807566793645748,0.06692358044162033,0.08543399715647337,0.06610964521683876,0.08579117859253375,0.09658163799205717,0.06078688874027004,0.07976675451628276,0.10691891928514696,0.08628193620969023,0.045373399803018265,0.07070508264336774,0.062215302840349485,0.05768846651310564,0.06228588859412232,0.05747028858459094,0.061709734290706926,0.057226629563145344,0.07882886933121522,0.06527310050198569,0.06854224980460683,0.0602618707926926,0.0666272659285147,0.05869750784114377,0.048695784613185064,0.0696475089277204,0.07173394184273231,0.07291119054169977,0.05776300970929308
Gold ,0.06493877782366958,0.048850223663224786,0.049948652365369335,0.040524256085782355,0.04274229163145354,0.05794000200635425,0.07237720880698968,0.07776978728673548,0.06509510501509133,0.06935871894678317,0.05565522678157268,0.0537034849579031,0.059656743877680704,0.09740791454646544,0.06796263975853852,0.0661991169706116,0.0786685851517077,0.11273920484829225,0.13391997122478153,0.11127470355679109,0.09921923621445591,0.07672181397299443,0.10171157052422558,0.07217965025893565,0.09826640759015091,0.06078688874027004,0.29111531809213664,0.15905259897696586,0.19586303235107227,0.140586350624305,0.055902715189833196,0.07709530212549642,0.06343495912787926,0.06358377103256552,0.07081713846703733,0.06448315392851468,0.07191978314853058,0.06467220809372516,0.08883543902779983,0.07693507003494836,0.06979077241302621,0.06916653723272438,0.06905168667037331,0.0621367782478157,0.04495218154567116,0.07495628639396344,0.07922438899920568,0.08037116798570293,0.06672617319142174
Mines,0.08417723634630658,0.06460934669420172,0.06524280774583004,0.04786298469261316,0.05249421907545672,0.07295559134551233,0.09664074245591737,0.10486458565210484,0.08626487654964257,0.09312667172041302,0.07067958191580617,0.07137304728196982,0.07905622148371722,0.11962531715329626,0.09045871325178712,0.08572616287847497,0.10274924780301824,0.13733306307863383,0.16176167784590945,0.1339365963717236,0.12349377094201747,0.1016511380841938,0.12664766395552024,0.09356210092454328,0.12709628557903097,0.07976675451628276,0.15905259897696586,0.18548786475615564,0.21619568787926927,0.1602579649118348,0.06690650136298651,0.1009922689626688,0.08532988324702144,0.0840689857347101,0.09319172667196186,0.0844288322986497,0.0938157147386815,0.08547908660841938,0.11207309002700556,0.09704961418268467,0.09644080539475774,0.09044981819221606,0.0950538596918189,0.0856097161683876,0.0664000361429706,0.09811991749007148,0.10264361804606831,0.10707941561239079,0.08697558445750594
Coal ,0.11494343895154888,0.08943035046862592,0.08585223069102466,0.06410141714058777,0.07628353949166004,0.09862451692613182,0.13095007062748212,0.1503572996902304,0.11602666815726763,0.13012739621127878,0.09667395085782368,0.0970727043288324,0.10484699339952344,0.16728044976171563,0.12619506881652104,0.11492148803018265,0.14268941006354247,0.19350488130262108,0.23191397370929312,0.19446590051628268,0.17538388606036537,0.142970979030977,0.1793750596584591,0.1314206491024623,0.17624992189038918,0.10691891928514696,0.19586303235107227,0.21619568787926927,0.3849989952581414,0.24006345154884826,0.09863139288324067,0.13923958961080224,0.11824405999205717,0.11465533679904685,0.12863288008737092,0.11497842171564736,0.1281668237013503,0.11566445068308182,0.1570376770770453,0.13731876264495635,0.1334386647021446,0.12461222058776804,0.13110241903891975,0.11636964235901509,0.09138211899126293,0.13815993924543282,0.14580987962668784,0.1463744256791104,0.12047090382843523
Oil  ,0.09097727234312944,0.07107512958220809,0.07008030028276409,0.05179471528514694,0.06360644207148532,0.08364055842096901,0.10395603092613186,0.12011829768705322,0.09365090953772834,0.10158896659888803,0.07961537149801429,0.07780531371247021,0.08606174087688641,0.130117644025417,0.10287586893725177,0.09406338409213662,0.11272273249563144,0.14859115212708496,0.17292156335504366,0.14891513006830814,0.13704536809213658,0.11133118826370135,0.14044328128673547,0.10406553978713266,0.13963674512470214,0.08628193620969023,0.140586350624305,0.1602579649118348,0.24006345154884826,0.19560003983478952,0.08095023466878476,0.11240667853216839,0.09532625233042093,0.09148379436060365,0.10238500277998412,0.09218417613343925,0.10222173938681493,0.09270941253375695,0.12506581508498807,0.10769210852104848,0.10466880280857825,0.09912224987450359,0.10213821788403493,0.09077421031612393,0.07500041335345511,0.11179342133439236,0.1192895778395552,0.11582942340587765,0.09630167766163622
Util ,0.04458372692613184,0.038758837216838746,0.03985528611914217,0.03025345967911041,0.03656494239237489,0.04255667562192216,0.051668093077045264,0.06195116298014296,0.047897912177918986,0.053185926316123906,0.041450391345512316,0.04061837561239078,0.04469563597776013,0.06401133667355044,0.05413084400953136,0.04630362955361398,0.05644544715488484,0.07163681279745829,0.08077108239555202,0.07032535245750596,0.06620686274185861,0.054622932911834794,0.07004874617950753,0.05560590135663223,0.0698646760667196,0.045373399803018265,0.055902715189833196,0.06690650136298651,0.09863139288324067,0.08095023466878476,0.0509394026624305,0.05853282138840351,0.05076107648610007,0.04727835882446385,0.051121879904686265,0.047835358258935645,0.05053080523590151,0.04636349248610007,0.06480304651945988,0.056940699310563926,0.05512008437172358,0.05048983031612392,0.05500547445909452,0.047281144266878475,0.04035705551072278,0.06201368975377281,0.059823986211278796,0.06101193972359016,0.049363562846703735
Telcm,0.06711325814138204,0.05786756306910246,0.0585059450166799,0.04121782222716441,0.04937513668625893,0.06778267796028595,0.08565296855917395,0.10255137458935662,0.076886789299444,0.08456116944241458,0.06336148868625895,0.062484989121524996,0.06970951309293089,0.0965458082986497,0.08236777956473389,0.07536924755520252,0.08805708139158061,0.11410938014932487,0.12137764510246225,0.10545921710563941,0.1009036780047657,0.08503371636536933,0.11233636524225578,0.08211816679269258,0.10916890674503574,0.07070508264336774,0.07709530212549642,0.1009922689626688,0.13923958961080224,0.11240667853216839,0.05853282138840351,0.09909347751548847,0.08041907407783956,0.07420055634630658,0.08169289998411436,0.07507262509293088,0.08059419755996823,0.07291165899920572,0.10214795093884033,0.08229161986338364,0.0884532954217633,0.07783493606989672,0.0890293135313741,0.07834345446227163,0.0646397799777601,0.09231881302621125,0.09571331208895947,0.09587716010166802,0.07536050117235901
PerSv,0.05992396219221604,0.052112843882446386,0.05095904561715649,0.036560151094519454,0.043303609845909447,0.058622755054805395,0.07716120812708498,0.09161688882128671,0.0685792977331215,0.07623279728832408,0.058306552837172364,0.056393630546465436,0.06124227945830023,0.08351973919459892,0.07399384055917393,0.06751939179825257,0.07932558252104845,0.10175652525496426,0.10704491169817316,0.09463698627640983,0.08890360030659253,0.07462605894201747,0.10020907854646542,0.07282750656393965,0.09905879193328039,0.062215302840349485,0.06343495912787926,0.08532988324702144,0.11824405999205717,0.09532625233042093,0.05076107648610007,0.08041907407783956,0.08760019910881651,0.06672804410643367,0.07187541198570291,0.06663845661953931,0.0707695487974583,0.0652301984670373,0.09129877437966637,0.07348371797140585,0.0788759282065131,0.06991309787450356,0.08084965062907071,0.07009593261795075,0.058133424888006345,0.0819986225019857,0.08651313829229547,0.08507684423034151,0.06648670992216045
BusSv,0.05581390023828436,0.0479755375059571,0.04682211914217632,0.03314691337569499,0.03887770962668784,0.05424021544876885,0.06992787818903891,0.08319737806989673,0.06361627622716441,0.070038364471803,0.05293243746624305,0.05230641692613185,0.05776242787132645,0.07862752788721207,0.06834640406671964,0.06152211265289912,0.07312254007148529,0.09470649839555202,0.10025845482128673,0.0887202962907069,0.08355562328038126,0.07025986490865767,0.09200282864972201,0.06798477872915012,0.09132730943606039,0.05768846651310564,0.06358377103256552,0.0840689857347101,0.11465533679904685,0.09148379436060365,0.04727835882446385,0.07420055634630658,0.06672804410643367,0.06494732783955522,0.06721379929308975,0.062150250150913425,0.0666489288641779,0.061282466346306595,0.08288699196187449,0.06859735730738681,0.07239955302621127,0.06479384257347098,0.072726925822081,0.0636602603415409,0.05254194380460683,0.07490001168387608,0.07674438030976966,0.07835628985702936,0.06240749525019856
Hardw,0.06190821232724384,0.05142947606036537,0.052119917077045275,0.03614403537728356,0.04371119505957109,0.0603033227720413,0.0764229823669579,0.08867787567116758,0.06905202831612392,0.07704841133439234,0.05719417980142971,0.05672943258935663,0.06306487883240666,0.08638713964257347,0.07465435104050835,0.06649543640190628,0.07937435382843527,0.10225748791104049,0.11201815591739474,0.09892513536934076,0.0926172056791104,0.077596821223193,0.1003655403891978,0.07471330349483717,0.09981672239872913,0.06228588859412232,0.07081713846703733,0.09319172667196186,0.12863288008737092,0.10238500277998412,0.051121879904686265,0.08169289998411436,0.07187541198570291,0.06721379929308975,0.083063543121525,0.06943378540111202,0.07584495996822875,0.06811738822081018,0.0904607081810961,0.07514198612390786,0.07887015776012708,0.07069067926926134,0.07971248725178715,0.07019134907863385,0.056613230317712454,0.0804491250754567,0.08320366072279585,0.08605616019857029,0.06853816619539316
Softw,0.056922398284352645,0.047667242656076254,0.047653558328832404,0.03446828862907068,0.03956739393804607,0.0541452050293884,0.06952463632724383,0.08205506019698174,0.06315975392216044,0.07051882223034152,0.05255753159332803,0.05227608346624306,0.05769650116282764,0.08061818092772041,0.06838042426687847,0.0617509991517077,0.07221614726926132,0.09470939520889596,0.10101149558697378,0.08947344927402702,0.08423959284193805,0.0711724215599682,0.09200843045274025,0.06827135437013503,0.09090812494996027,0.05747028858459094,0.06448315392851468,0.0844288322986497,0.11497842171564736,0.09218417613343925,0.047835358258935645,0.07507262509293088,0.06663845661953931,0.062150250150913425,0.06943378540111202,0.06667657867513899,0.06833137093566322,0.06167629555202539,0.0835899482065131,0.06858802162668784,0.07281682250675137,0.06507192847656867,0.07311667882128674,0.06406214988721207,0.05277815340111199,0.0749602577124702,0.07781870187450358,0.0794530268689436,0.06229670320571882
Chips,0.06159338408260525,0.050857798710087374,0.0510961420047657,0.03576950921048452,0.042258318659253384,0.05980685767116759,0.07584651315647338,0.08776463500555992,0.06811018423510726,0.07574902525178712,0.05642885387132644,0.056075541776012705,0.06232004817791897,0.0864965803907863,0.0736158222779984,0.06613654968069894,0.07831142338999209,0.102268482217633,0.11088896404765687,0.09684134260841935,0.09149420520413026,0.07721316566799048,0.09962744362192218,0.07364473789356635,0.0980013007212073,0.061709734290706926,0.07191978314853058,0.0938157147386815,0.1281668237013503,0.10222173938681493,0.05053080523590151,0.08059419755996823,0.0707695487974583,0.0666489288641779,0.07584495996822875,0.06833137093566322,0.07811826404447975,0.06765469798252581,0.0893057208006354,0.07397085244797456,0.07797053422081014,0.07011785611437647,0.07809543668308183,0.06892434283717234,0.055822006424146135,0.07897568422557585,0.08264952486100079,0.0845241035996823,0.06749582495949165
LabEq,0.05619072851469419,0.04687182779984115,0.04599013785544082,0.03334592347895156,0.0387220322319301,0.05463773781572678,0.06841752679904686,0.08001034615567912,0.06291750655281969,0.06934599279586973,0.052867368347895155,0.05253741293884034,0.057743215083399524,0.07856631103256556,0.06788760282764097,0.06225388235901508,0.07228719104845116,0.0932103797934869,0.10092627674344717,0.08880925760921365,0.08396869948371723,0.07045972463860208,0.09172880334392378,0.0674663888641779,0.09048743931691819,0.057226629563145344,0.06467220809372516,0.08547908660841938,0.11566445068308182,0.09270941253375695,0.04636349248610007,0.07291165899920572,0.0652301984670373,0.061282466346306595,0.06811738822081018,0.06167629555202539,0.06765469798252581,0.06653058534551232,0.08245712428911835,0.06749781368546463,0.07161963839555202,0.06451404740270056,0.07102909530579825,0.06305368447180304,0.05160106699761717,0.07302541392374899,0.0754857935742653,0.07735781695790309,0.0623804810166799
Paper,0.0764900664336775,0.06502991271167592,0.06071437469102463,0.04453993434789517,0.05464271282605241,0.07573041807148528,0.09714623829706115,0.11587650466084191,0.08772027959332805,0.09720881477998412,0.07123055140270056,0.06883427919301033,0.07620881488800635,0.10819116845750597,0.09457876215409053,0.08965064618903891,0.10060489911993646,0.1318010467736299,0.13639236383161238,0.12094075089436057,0.11449763876727562,0.09494119210802222,0.13189738633836381,0.09290504914376488,0.1254164863161239,0.07882886933121522,0.08883543902779983,0.11207309002700556,0.1570376770770453,0.12506581508498807,0.06480304651945988,0.10214795093884033,0.09129877437966637,0.08288699196187449,0.0904607081810961,0.0835899482065131,0.0893057208006354,0.08245712428911835,0.1333970193105639,0.09753173709928512,0.10084215280063538,0.08803161600635422,0.10101280233200954,0.08848774987132646,0.07430417537092933,0.10609079612390784,0.10818409810961076,0.108247488203336,0.08547924029864973
Boxes,0.06238309826846702,0.05500673065607625,0.052910168279586986,0.036822461601270846,0.048483073655281955,0.061208417949166,0.07844951188562348,0.09133601407625094,0.07084121879428117,0.07938610904050834,0.05851028515806195,0.055780345564733914,0.061868490870532165,0.09133879620492455,0.07784686024463859,0.06969218482764099,0.08324563521683875,0.1072805966576648,0.11811555500873709,0.10319586509451946,0.09563984403653693,0.0794464541191422,0.10536129808578236,0.07834157654328831,0.1031614310627482,0.06527310050198569,0.07693507003494836,0.09704961418268467,0.13731876264495635,0.10769210852104848,0.056940699310563926,0.08229161986338364,0.07348371797140585,0.06859735730738681,0.07514198612390786,0.06858802162668784,0.07397085244797456,0.06749781368546463,0.09753173709928512,0.10014332989833202,0.08305270926449564,0.07282320721842732,0.08270068700079428,0.0721725887386815,0.05938798420810167,0.08674750440826053,0.08709326928514693,0.0896747753629865,0.06998387903415405
