,Agric,Food ,Soda ,Beer ,Smoke,Toys ,Fun  ,Books,Hshld,Clths,Hlth ,MedEq,Drugs,Chems,Rubbr,Txtls,BldMt,Cnstr,Steel,FabPr,Mach ,ElcEq,Autos,Aero ,Ships,Guns ,Gold ,Mines,Coal ,Oil  ,Util ,Telcm,PerSv,BusSv,Hardw,Softw,Chips,LabEq,Paper,Boxes,Trans,Whlsl,Rtail,Meals,Banks,Insur,RlEst,Fin  ,Other
Agric,0.09341656177124699,0.03610375274821287,0.035503326862589356,0.023041022978554405,0.031486384527402704,0.03779080629864972,0.05133295779984115,0.06280140579030977,0.04979342768864177,0.051204295281969826,0.03973725514694201,0.03971153916600476,0.043223420039714064,0.06140293065131055,0.052943917172359,0.04963707469420175,0.0566865219698173,0.07514816699761716,0.08121930264495632,0.07485750333598094,0.06577795498808578,0.05367859620333599,0.06684093436060365,0.05280804498014296,0.06787932302621127,0.044501245115170764,0.05586796544082604,0.07023618195393168,0.0982071372915012,0.07628623651310565,0.037484913764892776,0.05508510054805401,0.04942439735504369,0.04556106104845115,0.050903791262907054,0.046763797577442416,0.05083096279586973,0.04579079096902303,0.06466033868149326,0.05241647613979349,0.055557875552025404,0.04959944349483717,0.05492663854646545,0.04800112146147736,0.04109046671961874,0.05653234591739474,0.061316405480540105,0.06019601206513106,0.047495502271644154
Food ,0.03610375274821287,0.03946337253534551,0.03400091069102463,0.023180005593328036,0.028455298325655284,0.03568517427323272,0.04688259856870532,0.05458326154249403,0.04235653597140589,0.04686930699285145,0.03530008945353455,0.03399587932803814,0.037870199362986495,0.052530959448768864,0.04721524229388403,0.041133242910246226,0.04839867235583795,0.06356523824146147,0.06817697963939635,0.06065253070373312,0.055768381104050815,0.046871928619539316,0.06213210225893565,0.04644231890548054,0.058403778441620334,0.03824917199682288,0.042499125116759344,0.055283607675933266,0.07820420617156475,0.06086158343606037,0.033662519540905475,0.04935291172517871,0.04503663233518663,0.040835268241461456,0.04361610578554408,0.040628113231135826,0.04336943090071486,0.03966135447021445,0.056958478271644165,0.048225270274821284,0.049288604606830815,0.042954008273232716,0.049510496910246234,0.04348455030341541,0.03599284783478952,0.05239378943764893,0.05376946108657661,0.0531190078395552,0.04163599106592533
Soda ,0.035503326862589356,0.03400091069102463,0.06882174856235107,0.025984456934074657,0.029009180714853065,0.03684280895949167,0.045379176934074644,0.05222283806195393,0.0418071215567911,0.044974807307386795,0.03476703183478952,0.034676229960285944,0.038178547355043675,0.052711085305798246,0.04593675768069897,0.03939034411437649,0.046443953391580625,0.05945190802223989,0.06640313944400318,0.05893664257347102,0.05460075434471803,0.0464998762827641,0.05834245420174742,0.04673355234312947,0.05687362745035742,0.037351647275615574,0.04421008060365369,0.05624751056393963,0.0750133345194599,0.0606550061000794,0.03502852797458301,0.05029466115965052,0.044406897188244636,0.04003084835583796,0.04476906586179508,0.04088331675933281,0.04429232438443209,0.03937592721207307,0.0529348127720413,0.04652409296266878,0.047427161270849894,0.0432000227799841,0.04862032006354249,0.04290158042891183,0.034743102144559175,0.05103940196981731,0.053657298268467025,0.052547594122319304,0.039973033486894356
Beer ,0.023041022978554405,0.023180005593328036,0.025984456934074657,0.04795407995393168,0.02085045896108022,0.02700934623510723,0.030905762397140595,0.035177146324066724,0.028086519768069893,0.032306411202541706,0.02360114738840349,0.0234291145782367,0.02495615680540111,0.03683329643050041,0.031218496209690243,0.026759951281969823,0.03198515219698174,0.0411353336028594,0.04707254724861,0.040753946017474174,0.03781958467831612,0.030908159437648932,0.04210885345830023,0.03323846754725973,0.03818150662271644,0.025688409582208107,0.0342169679285147,0.03852141708022241,0.05303442166004766,0.042500673110405084,0.025659659286735508,0.033633980430500386,0.030083996640190624,0.026609741505957105,0.02926867636536934,0.028279124176330418,0.029073834173153297,0.026974196201747416,0.03725865955837966,0.030622167876092142,0.032892806735504376,0.029618340600476564,0.03304496205718825,0.02987014544241462,0.022715677413820492,0.0348579271183479,0.03717038966481334,0.034798153208895954,0.028453694354249395
Smoke,0.031486384527402704,0.028455298325655284,0.029009180714853065,0.02085045896108022,0.07210493689594916,0.02920634541699762,0.03664499212708498,0.043279930573471015,0.03348088137251788,0.03844647191739477,0.02842668472756156,0.027648775872915005,0.03112582561397934,0.043999290783161234,0.0383900973534551,0.03289854657982526,0.03816555083081809,0.04681320805083399,0.05412657030659254,0.047639303459888815,0.045616753328038134,0.03811940202700556,0.04861737828752979,0.03909916050198571,0.04703638148371724,0.03328849094837172,0.036835988778395556,0.0431241630373312,0.06412727421763305,0.05278060074344719,0.03085415818268468,0.04053691268625894,0.03615700336775218,0.031599504127084996,0.03581447058300238,0.03261166418427323,0.034364766913423356,0.031398301420174725,0.04630278108339953,0.04111938425416997,0.03927502131850675,0.03425022565210484,0.03897887984114375,0.03250106525178712,0.029292839796664007,0.04415946061318506,0.042868618624305,0.043556767974583,0.032543931717235894
Toys ,0.03779080629864972,0.03568517427323272,0.03684280895949167,0.02700934623510723,0.02920634541699762,0.07466947316123906,0.05655281725972994,0.06268596809372518,0.049724427339158064,0.05509701486894359,0.039482213351866566,0.037115757164416195,0.042519323598093725,0.06079418941223191,0.05371252867355045,0.049092141699761706,0.05643595999999999,0.07359174849086579,0.07652617525814139,0.06913139048451152,0.06348209317712471,0.054525233089753745,0.07321403771247023,0.05248707301826846,0.06689162534551231,0.04336967593328037,0.050856418927720415,0.062146797267672756,0.08533658658459095,0.07109705876886416,0.036505337768069884,0.05759028388403494,0.05015070974583002,0.045730043891977754,0.05099454614773631,0.0458974124305004,0.05111544854646545,0.04627254011914217,0.06630478792692614,0.053682523574265284,0.056531807847498027,0.04890753874503575,0.05719752389992058,0.050591607847498,0.041780602478157264,0.059059536687847504,0.06603050772041301,0.060261018117553626,0.04836286150913423
Fun  ,0.05133295779984115,0.04688259856870532,0.045379176934074644,0.030905762397140595,0.03664499212708498,0.05655281725972994,0.085702999096108,0.08331928214297059,0.06472561030341539,0.07122542943288322,0.050475367972994435,0.04943608751866561,0.05510017542652898,0.07789863221127878,0.06757385238443209,0.06459660789197777,0.07349059226687846,0.0972776789785544,0.10019989090865769,0.08831338109928513,0.08179797109610801,0.06871038270691023,0.0956238075107228,0.06638478163463066,0.08702102729308976,0.05557134584273231,0.06384358152343128,0.0835391182017474,0.11482842888800639,0.08941829108339955,0.0446570093709293,0.07384271091183478,0.0672221562748213,0.05991789614297061,0.06555738784432087,0.05974509215409055,0.06545454822557584,0.058458042400317725,0.08583106921048451,0.06921844324384432,0.0738333478951549,0.06280762686576645,0.07593074685464654,0.06748167168228753,0.05404802228435267,0.0752107912613185,0.08216893564098494,0.07899834131056391,0.0620656858522637
Books,0.06280140579030977,0.05458326154249403,0.05222283806195393,0.035177146324066724,0.043279930573471015,0.06268596809372518,0.08331928214297059,0.13325775099443998,0.07854447017315329,0.08397708780301824,0.059320439652104845,0.0564666880174742,0.06272770759173947,0.09123137439714056,0.08299478999841144,0.07835735509451945,0.08571175724861,0.11345770005242253,0.11583319350754565,0.1025645177092931,0.09786322166004767,0.07990957240031772,0.11355311058300235,0.0788428853073868,0.1053348181080222,0.06596276624622717,0.06851681993804609,0.08987391849404289,0.13189457009531372,0.10397685338046067,0.053637264179507524,0.08815785744400316,0.0796706200555997,0.07107690563621924,0.07562467369658461,0.0703585399984114,0.07538875401429705,0.06798920560603654,0.10222838295790312,0.08015925165687053,0.08620130039714058,0.07370971813820494,0.089149367426529,0.07804464561715646,0.0654648793836378,0.09042039437807785,0.09988055652740269,0.09171135187450358,0.07117926639555203
Hshld,0.04979342768864177,0.04235653597140589,0.0418071215567911,0.028086519768069893,0.03348088137251788,0.049724427339158064,0.06472561030341539,0.07854447017315329,0.0723866447593328,0.06663440245909454,0.04615170089594916,0.044666650036536915,0.04881845694360605,0.07192024584908657,0.0648548356409849,0.06019706539793487,0.06730705959015092,0.08942638389515488,0.09160926519777603,0.08024683233042096,0.07573811934868947,0.06323690091183477,0.08734043874185861,0.06219514480381255,0.08116751978713264,0.049238486652899115,0.057609437766481336,0.07435342199841144,0.10142332500397142,0.08057995310881652,0.04174719093566321,0.06619993724225576,0.05964905961874503,0.05462922480063543,0.059141905906274814,0.0542049717648928,0.05887594994122319,0.05394032836536932,0.07763792141064334,0.0625388784940429,0.06785947405877679,0.05782731233042096,0.06917539531374105,0.06061687987926925,0.05048063019539315,0.06847370521683876,0.07599590429864972,0.07144627213661635,0.0564289399586974
Clths,0.051204295281969826,0.04686930699285145,0.044974807307386795,0.032306411202541706,0.03844647191739477,0.05509701486894359,0.07122542943288322,0.08397708780301824,0.06663440245909454,0.08818353586020654,0.05002624939158061,0.04846530847339158,0.05293327550119143,0.07792589803971403,0.06967393986973787,0.06449121979984113,0.07298651789674343,0.10194288199523431,0.09992768720571882,0.08974216282128673,0.08297908171564733,0.06910124961397933,0.09543144337410642,0.06917512507069101,0.08951914374583002,0.05444089074503575,0.0602748735059571,0.07956081776648133,0.11342924622716441,0.0865008042827641,0.045841220765687064,0.07224632484829228,0.0658150311040508,0.059628358023828425,0.06531848572517872,0.06005579438919779,0.0648634757172359,0.05880622101350277,0.08547251425575852,0.06952810887370928,0.07515016031771246,0.0635334329404289,0.08049918830818109,0.06877970791421766,0.05308864867990467,0.07596561663542493,0.08214525113264494,0.07852763698173153,0.06133041418903892
Hlth ,0.03973725514694201,0.03530008945353455,0.03476703183478952,0.02360114738840349,0.02842668472756156,0.039482213351866566,0.050475367972994435,0.059320439652104845,0.04615170089594916,0.05002624939158061,0.046564188548054004,0.03919109851787134,0.04270389918824463,0.05689129225258142,0.050392378274821285,0.04559162375218428,0.052318003158061954,0.06820945835266083,0.07236147288800633,0.06531041521525022,0.059849066854646533,0.050172018405083396,0.06700143013820492,0.04901784141540906,0.06370915149960286,0.040880460543288324,0.047925050740270043,0.05842693260047657,0.08179807956314536,0.06657462915488484,0.03528300475138999,0.052783407007148536,0.049392926378077844,0.044040633293089756,0.047591709026211265,0.043779004160444786,0.04721826130579826,0.04388731107069103,0.06115725752501986,0.050143463094519454,0.05255566884829228,0.046607836803812544,0.052471799594916595,0.046253647110405076,0.038011678303415404,0.05567992392533758,0.058798518624305005,0.055362194368546454,0.04491339017633041
MedEq,0.03971153916600476,0.03399587932803814,0.034676229960285944,0.0234291145782367,0.027648775872915005,0.037115757164416195,0.04943608751866561,0.0564666880174742,0.044666650036536915,0.04846530847339158,0.03919109851787134,0.043866246066719614,0.04299502241938046,0.05578887658617951,0.04884920423828435,0.044186118576648135,0.05088622509293088,0.06651125412390786,0.07121880041461479,0.06303566965210483,0.058390724058776794,0.04958456880381255,0.06449586399364576,0.04777168393486895,0.06085748454805401,0.04054948092772041,0.04580411051151708,0.05938335358856235,0.08226469908657665,0.06507575398093723,0.034251757834789516,0.05184014773153296,0.04734719320889593,0.04327186752343129,0.04700059857664813,0.043498552903891985,0.04677629255599683,0.04343093838443208,0.05858859282605241,0.04727297414773629,0.05115656644956313,0.045365751193010326,0.050803317164416203,0.04430554352978554,0.03724182208737094,0.05315721273550436,0.05714188129944399,0.05462669916600479,0.0442481797172359
Drugs,0.043223420039714064,0.037870199362986495,0.038178547355043675,0.02495615680540111,0.03112582561397934,0.042519323598093725,0.05510017542652898,0.06272770759173947,0.04881845694360605,0.05293327550119143,0.04270389918824463,0.04299502241938046,0.05529655302779983,0.0625565755313741,0.053721559898332,0.04751129351548849,0.05593535109134232,0.07434951872438442,0.07856618943129466,0.06939506443526607,0.06456622803018268,0.05488598734551232,0.0712335835234313,0.053236399521842746,0.066888176522637,0.04610629745512312,0.05136328528832406,0.06649492805083398,0.08952778621922163,0.0723619537680699,0.03779003316759332,0.05811449143606037,0.05157130534551232,0.0481604343161239,0.05259043975853851,0.04823516627640984,0.052354595024622724,0.04809536958061954,0.06533502616044479,0.0526780562065131,0.05681885766481334,0.050036544038125484,0.056517548379666396,0.04948594313582207,0.040721063745830025,0.058190479903097676,0.06224919788085785,0.060227781024622735,0.04862011590786337
Chems,0.06140293065131055,0.052530959448768864,0.052711085305798246,0.03683329643050041,0.043999290783161234,0.06079418941223191,0.07789863221127878,0.09123137439714056,0.07192024584908657,0.07792589803971403,0.05689129225258142,0.05578887658617951,0.0625565755313741,0.10363059402541701,0.07845685418903893,0.06856794264654487,0.08152440893407466,0.11037744066560766,0.1208539383463066,0.10484417724225577,0.09706191287529783,0.0799943628562351,0.10733221883399525,0.07774265406354249,0.09906390949483714,0.06255674763463065,0.08640190037013502,0.10403623386179506,0.14828093088959482,0.11336160238125494,0.05577911935345512,0.0829172611167593,0.07199749103256553,0.06702869628911834,0.07363775986656075,0.06917974668308184,0.07442209213026212,0.06689492377601271,0.09488298204289115,0.08021881396981731,0.08207610910246224,0.07212990742494042,0.08154265133439237,0.07194347070373311,0.05885781397299446,0.08513307547736298,0.0917369447212073,0.08750364305798256,0.06877242889277205
Rubbr,0.052943917172359,0.04721524229388403,0.04593675768069897,0.031218496209690243,0.0383900973534551,0.05371252867355045,0.06757385238443209,0.08299478999841144,0.0648548356409849,0.06967393986973787,0.050392378274821285,0.04884920423828435,0.053721559898332,0.07845685418903893,0.08932099891342339,0.06257661160921367,0.07205797371247025,0.09248755423669576,0.10031641933598091,0.08857079995552024,0.08321674182684673,0.06909054275456711,0.09370923467513902,0.06850280499444002,0.08790190579189834,0.054149313690230336,0.05897486262748212,0.07837762622398729,0.11110576311358218,0.08990428040031773,0.04786823568546466,0.07176884582049244,0.06502317788721206,0.05927970086100079,0.06477734876568704,0.059522403361397934,0.06416939181572676,0.058796023472597304,0.08436995737569497,0.06947188227482129,0.07275534100079428,0.06301602359332803,0.07230959231135821,0.06242994860047658,0.05358020144241459,0.07543380864813341,0.08076818738046067,0.0763743387132645,0.06065504229388404
Txtls,0.04963707469420175,0.041133242910246226,0.03939034411437649,0.026759951281969823,0.03289854657982526,0.049092141699761706,0.06459660789197777,0.07835735509451945,0.06019706539793487,0.06449121979984113,0.04559162375218428,0.044186118576648135,0.04751129351548849,0.06856794264654487,0.06257661160921367,0.09754636458141382,0.06738715751548847,0.08804207487847496,0.0895423192629071,0.0780065784527403,0.07407902567116759,0.05990679766799046,0.08408185109451946,0.05901106546783162,0.07968759089436062,0.05015390793328039,0.05854212878792692,0.07328662694837171,0.099320711898332,0.08061953235266082,0.03988989126608419,0.0639879280889595,0.05776051186656078,0.05181992720571882,0.05589086920413028,0.05213159604130263,0.05612066513741062,0.05259994034630659,0.07856594021286734,0.0605621418522637,0.06584369356632248,0.056482827316918185,0.06606952587768071,0.059049060956314535,0.04723291111040507,0.0674928919332804,0.07563490774900715,0.06718715930103257,0.05377062406989674
BldMt,0.0566865219698173,0.04839867235583795,0.046443953391580625,0.03198515219698174,0.03816555083081809,0.05643595999999999,0.07349059226687846,0.08571175724861,0.06730705959015092,0.07298651789674343,0.052318003158061954,0.05088622509293088,0.05593535109134232,0.08152440893407466,0.07205797371247025,0.06738715751548847,0.08395601878316124,0.10293062999841142,0.10740499908498805,0.09497297595552025,0.08751083815726766,0.07242759248292296,0.09754060971564732,0.07127344827323272,0.09176682365687053,0.05727527398888006,0.06861886835266083,0.08790948885782365,0.12477651409054803,0.09670081103097697,0.04861739994916601,0.07489628776489275,0.06814404724384432,0.061891746344718036,0.06715329946942016,0.06118487604765688,0.06668245756314534,0.06095181152025419,0.08784304879428119,0.07273792175377282,0.07609169957108819,0.06569304480381254,0.07688744022239871,0.06655127318189039,0.05563986004130263,0.07811879708975376,0.08590418254487689,0.08103606455917393,0.06326740182366959
Cnstr,0.07514816699761716,0.06356523824146147,0.05945190802223989,0.0411353336028594,0.04681320805083399,0.07359174849086579,0.0972776789785544,0.11345770005242253,0.08942638389515488,0.10194288199523431,0.06820945835266083,0.06651125412390786,0.07434951872438442,0.11037744066560766,0.09248755423669576,0.08804207487847496,0.10293062999841142,0.20078691250039715,0.14604871134074662,0.12545954149960287,0.11642543903891978,0.09734373162509927,0.130789239517077,0.09225102864654489,0.12154307524543288,0.07463481940587767,0.101794311426529,0.12114860996981737,0.17412203856235103,0.1309558031755361,0.06308279992533757,0.09933077685941223,0.08941863276409849,0.08245664211914219,0.08877504987450356,0.08260568104368547,0.08977487116123908,0.08097993406989672,0.11787527074821284,0.09620022591580618,0.10212801731532961,0.08658938977601273,0.10487208818903891,0.09114692554090545,0.07705029216203334,0.11280118772517872,0.11442395828752977,0.10918232121525019,0.08530535855123114
Steel,0.08121930264495632,0.06817697963939635,0.06640313944400318,0.04707254724861,0.05412657030659254,0.07652617525814139,0.10019989090865769,0.11583319350754565,0.09160926519777603,0.09992768720571882,0.07236147288800633,0.07121880041461479,0.07856618943129466,0.1208539383463066,0.10031641933598091,0.0895423192629071,0.10740499908498805,0.14604871134074662,0.17273919469261315,0.14125489206354244,0.12764720505957106,0.10380286420651308,0.1362563124638602,0.101111761974583,0.12835411726290702,0.08085321063701348,0.12159623080698963,0.14287595846862589,0.2095628497617156,0.15309750438284353,0.07071107311040507,0.10452996762986497,0.09261928224781574,0.08595752088006355,0.09613439548212865,0.08677923295790307,0.09591303958061953,0.08652393020969024,0.11995450550595708,0.10456407674980141,0.10589242494042897,0.09384636699602862,0.10395765373312152,0.09174131928196981,0.07309138531532963,0.1077292997029388,0.11740788848610005,0.1119910239158062,0.08964605640667196
FabPr,0.07485750333598094,0.06065253070373312,0.05893664257347102,0.040753946017474174,0.047639303459888815,0.06913139048451152,0.08831338109928513,0.1025645177092931,0.08024683233042096,0.08974216282128673,0.06531041521525022,0.06303566965210483,0.06939506443526607,0.10484417724225577,0.08857079995552024,0.0780065784527403,0.09497297595552025,0.12545954149960287,0.14125489206354244,0.15949391606671962,0.11242458861000793,0.09266219064019061,0.12087864730103255,0.09128456422239872,0.11534450364098488,0.07148533336934076,0.10058608206195392,0.11836861089118347,0.17537648214455914,0.13157772644003174,0.061952039774424136,0.0911907729912629,0.08248427833200954,0.07673364769499602,0.08593895958061955,0.07779253785861796,0.08471363932644954,0.07667127809690229,0.10725287421127878,0.09202805735345515,0.09281570792692612,0.08354811187291498,0.09279094644956315,0.08073845662907068,0.06615140323431291,0.09453502423828436,0.10261223045591737,0.09967903969817316,0.0795639424432089
Mach ,0.06577795498808578,0.055768381104050815,0.05460075434471803,0.03781958467831612,0.045616753328038134,0.06348209317712471,0.08179797109610801,0.09786322166004767,0.07573811934868947,0.08297908171564733,0.059849066854646533,0.058390724058776794,0.06456622803018268,0.09706191287529783,0.08321674182684673,0.07407902567116759,0.08751083815726766,0.11642543903891978,0.12764720505957106,0.11242458861000793,0.10679794261318505,0.08405002613185068,0.11200056800635425,0.08276072683876091,0.10589353835583798,0.06640370246227165,0.08831934474185858,0.1072897525655282,0.15583106836378074,0.11968366245432882,0.05753957938840352,0.08614281528991262,0.07638594402700555,0.07104810737092931,0.07871271869737886,0.07186469694201744,0.0784732175059571,0.07135795784749799,0.10022908019062746,0.08391328535345513,0.08620447691818903,0.07617258433677525,0.0860059108101668,0.07519919145353454,0.06177816711675934,0.0887452739078634,0.09676021793486893,0.09249115915011914,0.0732436361556791
ElcEq,0.05367859620333599,0.046871928619539316,0.0464998762827641,0.030908159437648932,0.03811940202700556,0.054525233089753745,0.06871038270691023,0.07990957240031772,0.06323690091183477,0.06910124961397933,0.050172018405083396,0.04958456880381255,0.05488598734551232,0.0799943628562351,0.06909054275456711,0.05990679766799046,0.07242759248292296,0.09734373162509927,0.10380286420651308,0.09266219064019061,0.08405002613185068,0.07971665753137411,0.09210230546783164,0.0689153242351072,0.0870859586878475,0.05693622854964256,0.0671865111135822,0.08722888062271643,0.12523745942811754,0.09596273388085784,0.04715007823034155,0.07239943378236698,0.06383764293884034,0.05960385672438444,0.06571977437966639,0.060485381023034156,0.06603790219539317,0.05960722169023036,0.08269350912152502,0.0692116982811755,0.07210630122319299,0.06302990619221606,0.0712423350119142,0.062039015847498005,0.05232818394281175,0.0744024982779984,0.08051304070532168,0.07726400459094519,0.061485760851469375
Autos,0.06684093436060365,0.06213210225893565,0.05834245420174742,0.04210885345830023,0.04861737828752979,0.07321403771247023,0.0956238075107228,0.11355311058300235,0.08734043874185861,0.09543144337410642,0.06700143013820492,0.06449586399364576,0.0712335835234313,0.10733221883399525,0.09370923467513902,0.08408185109451946,0.09754060971564732,0.130789239517077,0.1362563124638602,0.12087864730103255,0.11200056800635425,0.09210230546783164,0.14441769401747417,0.09063203525337568,0.11887532776489279,0.07330429414455918,0.08995733711199363,0.10987052296108021,0.15825488778395547,0.12194973803971404,0.06107871823987289,0.09712060624622716,0.08720187783955517,0.07917998312311357,0.08623955889436057,0.07929342822557582,0.08633460499444001,0.07870251391262907,0.11737510297696585,0.0935492613121525,0.09857351694996029,0.08439386645909452,0.09942944892772043,0.08806623690548054,0.07150997408101668,0.10039789593645751,0.1077759453979349,0.10321796635424942,0.08258005012231928
Aero ,0.05280804498014296,0.04644231890548054,0.04673355234312947,0.03323846754725973,0.03909916050198571,0.05248707301826846,0.06638478163463066,0.0788428853073868,0.06219514480381255,0.06917512507069101,0.04901784141540906,0.04777168393486895,0.053236399521842746,0.07774265406354249,0.06850280499444002,0.05901106546783162,0.07127344827323272,0.09225102864654489,0.101111761974583,0.09128456422239872,0.08276072683876091,0.0689153242351072,0.09063203525337568,0.08422771197934868,0.08512850349324862,0.05691103833518665,0.06385449553772833,0.08135584897855443,0.11633568763304208,0.09053744532644957,0.04863985298014298,0.0707453681509134,0.06339673870532168,0.05840467573947578,0.06428516837490071,0.058805660903891964,0.06394718168705321,0.05784155663065924,0.08204832589674346,0.06911486855917395,0.07234437083399524,0.06237276512787928,0.071940213796664,0.06277856968387609,0.050656188168387614,0.07420169081969816,0.0779343909356632,0.07643411494042893,0.05991813127243846
Ships,0.06787932302621127,0.058403778441620334,0.05687362745035742,0.03818150662271644,0.04703638148371724,0.06689162534551231,0.08702102729308976,0.1053348181080222,0.08116751978713264,0.08951914374583002,0.06370915149960286,0.06085748454805401,0.066888176522637,0.09906390949483714,0.08790190579189834,0.07968759089436062,0.09176682365687053,0.12154307524543288,0.12835411726290702,0.11534450364098488,0.10589353835583798,0.0870859586878475,0.11887532776489279,0.08512850349324862,0.13835585539475778,0.06955984827323274,0.08398563666243047,0.10494313567593327,0.14878695303415404,0.11579303982049245,0.0580297058443209,0.08968181424781571,0.08234240566322479,0.07442713649245432,0.08134908350754569,0.07437111927084988,0.08053494692295472,0.07358674907227959,0.10617284296743446,0.0869097153963463,0.09389229235901508,0.07980490524543285,0.093526548522637,0.0815115407212073,0.06621388360285943,0.09373701936298649,0.10157751371882444,0.09564932753772837,0.07711213204765685
Guns ,0.044501245115170764,0.03824917199682288,0.037351647275615574,0.025688409582208107,0.03328849094837172,0.04336967593328037,0.05557134584273231,0.06596276624622717,0.049238486652899115,0.05444089074503575,0.040880460543288324,0.04054948092772041,0.04610629745512312,0.06255674763463065,0.054149313690230336,0.05015390793328039,0.05727527398888006,0.07463481940587767,0.08085321063701348,0.07148533336934076,0.06640370246227165,0.05693622854964256,0.07330429414455918,0.05691103833518665,0.06955984827323274,0.0881323573375695,0.052853054602065117,0.06794031991104048,0.09330614360603655,0.07342773873868147,0.03870356062271643,0.05934575487212074,0.05283397639396348,0.04813763077998411,0.05199350548689436,0.04815213780460682,0.051966369728355846,0.047587564174741845,0.06784900410484512,0.056050832432088964,0.05894999704527402,0.0504601536076251,0.05719758335186655,0.05033283020174742,0.04157139018903891,0.05964639125019857,0.06424029818586179,0.06181240568705322,0.048262487961874496
Gold ,0.05586796544082604,0.042499125116759344,0.04421008060365369,0.0342169679285147,0.036835988778395556,0.050856418927720415,0.06384358152343128,0.06851681993804609,0.057609437766481336,0.0602748735059571,0.047925050740270043,0.04580411051151708,0.05136328528832406,0.08640190037013502,0.05897486262748212,0.05854212878792692,0.06861886835266083,0.101794311426529,0.12159623080698963,0.10058608206195392,0.08831934474185858,0.0671865111135822,0.08995733711199363,0.06385449553772833,0.08398563666243047,0.052853054602065117,0.279038699556791,0.1462108066274821,0.1832872578157268,0.12910466087847497,0.04943970122478158,0.0670375845607625,0.05439049884829229,0.05466174789197776,0.06037559239396346,0.05554858438284353,0.06209452329150117,0.055452309212073066,0.07774135979666402,0.0678090948657665,0.060283754249404284,0.06026177612073073,0.05992048739475773,0.05348240021604448,0.03840811951072278,0.06558691475933282,0.07202479166640191,0.06964642834789514,0.05813088768228753
Mines,0.07023618195393168,0.055283607675933266,0.05624751056393963,0.03852141708022241,0.0431241630373312,0.062146797267672756,0.0835391182017474,0.08987391849404289,0.07435342199841144,0.07956081776648133,0.05842693260047657,0.05938335358856235,0.06649492805083398,0.10403623386179506,0.07837762622398729,0.07328662694837171,0.08790948885782365,0.12114860996981737,0.14287595846862589,0.11836861089118347,0.1072897525655282,0.08722888062271643,0.10987052296108021,0.08135584897855443,0.10494313567593327,0.06794031991104048,0.1462108066274821,0.166891381070691,0.19573927030976965,0.14210719767434468,0.05774314940746624,0.08529170832724385,0.07197027021445591,0.07092746223351866,0.07839984575694993,0.07108709672438446,0.07972840995075454,0.07196863537410642,0.09659242491501191,0.08451534417156475,0.0827408086417792,0.07688746537887209,0.08188841553613982,0.07357253641302623,0.05657283123749007,0.08398558435583797,0.09184806911517077,0.09147501401111992,0.07397712125814135
Coal ,0.0982071372915012,0.07820420617156475,0.0750133345194599,0.05303442166004766,0.06412727421763305,0.08533658658459095,0.11482842888800639,0.13189457009531372,0.10142332500397142,0.11342924622716441,0.08179807956314536,0.08226469908657665,0.08952778621922163,0.14828093088959482,0.11110576311358218,0.099320711898332,0.12477651409054803,0.17412203856235103,0.2095628497617156,0.17537648214455914,0.15583106836378074,0.12523745942811754,0.15825488778395547,0.11633568763304208,0.14878695303415404,0.09330614360603655,0.1832872578157268,0.19573927030976965,0.3608916145432884,0.21954785003177124,0.08767480423351864,0.12059189611596506,0.10195534606036533,0.09848301196187446,0.11027876168387611,0.09882813821286736,0.11070571342335188,0.09893563832406674,0.1384833044003177,0.12188650540111197,0.11658466417791893,0.10827695513899918,0.11461573187450354,0.10185052130262116,0.0792520006671962,0.1211863596584591,0.1327559419698173,0.12714732175536145,0.10496039876092138
Oil  ,0.07628623651310565,0.06086158343606037,0.0606550061000794,0.042500673110405084,0.05278060074344719,0.07109705876886416,0.08941829108339955,0.10397685338046067,0.08057995310881652,0.0865008042827641,0.06657462915488484,0.06507575398093723,0.0723619537680699,0.11336160238125494,0.08990428040031773,0.08061953235266082,0.09670081103097697,0.1309558031755361,0.15309750438284353,0.13157772644003174,0.11968366245432882,0.09596273388085784,0.12194973803971404,0.09053744532644957,0.11579303982049245,0.07342773873868147,0.12910466087847497,0.14210719767434468,0.21954785003177124,0.17623170118983314,0.07101127102938842,0.09560480716918186,0.08105525344718029,0.07719578779030975,0.08634851491024623,0.07781308329944397,0.08699239837331216,0.07832230198093727,0.10874519456076248,0.09383952987132645,0.08982107990468624,0.08437276426370133,0.08755730124702145,0.0775292585353455,0.06445877136775217,0.09684732888482922,0.10711557131374111,0.09907054189833202,0.08238500366640189
Util ,0.037484913764892776,0.033662519540905475,0.03502852797458301,0.025659659286735508,0.03085415818268468,0.036505337768069884,0.0446570093709293,0.053637264179507524,0.04174719093566321,0.045841220765687064,0.03528300475138999,0.034251757834789516,0.03779003316759332,0.05577911935345512,0.04786823568546466,0.03988989126608419,0.04861739994916601,0.06308279992533757,0.07071107311040507,0.061952039774424136,0.05753957938840352,0.04715007823034155,0.06107871823987289,0.04863985298014298,0.0580297058443209,0.03870356062271643,0.04943970122478158,0.05774314940746624,0.08767480423351864,0.07101127102938842,0.045657119064336775,0.050117312678316116,0.044041365297855455,0.04021852962351072,0.043586046500397144,0.04100977184908657,0.04321246689753772,0.039362272532168396,0.05676274264019061,0.05013559497696583,0.047861429928514686,0.04311806562033359,0.04810374329626688,0.040831766919777586,0.03504218276727561,0.0544416295647339,0.05397396338999204,0.052650131429706114,0.04240864885782367
Telcm,0.05508510054805401,0.04935291172517871,0.05029466115965052,0.033633980430500386,0.04053691268625894,0.05759028388403494,0.07384271091183478,0.08815785744400316,0.06619993724225576,0.07224632484829228,0.052783407007148536,0.05184014773153296,0.05811449143606037,0.0829172611167593,0.07176884582049244,0.0639879280889595,0.07489628776489275,0.09933077685941223,0.10452996762986497,0.0911907729912629,0.08614281528991262,0.07239943378236698,0.09712060624622716,0.0707453681509134,0.08968181424781571,0.05934575487212074,0.0670375845607625,0.08529170832724385,0.12059189611596506,0.09560480716918186,0.050117312678316116,0.08483462934233518,0.06863396961874504,0.062340163968228744,0.0687541823542494,0.06339529311993645,0.0681568255949166,0.060939648957903096,0.08877831947895157,0.07100704987768071,0.07617588905480539,0.06549290037807785,0.07731338237490074,0.06775552876250993,0.05573789034471803,0.07995521326608418,0.08595630976012708,0.08198257012708497,0.06353785721366163
PerSv,0.04942439735504369,0.04503663233518663,0.044406897188244636,0.030083996640190624,0.03615700336775218,0.05015070974583002,0.0672221562748213,0.0796706200555997,0.05964905961874503,0.0658150311040508,0.049392926378077844,0.04734719320889593,0.05157130534551232,0.07199749103256553,0.06502317788721206,0.05776051186656078,0.06814404724384432,0.08941863276409849,0.09261928224781574,0.08248427833200954,0.07638594402700555,0.06383764293884034,0.08720187783955517,0.06339673870532168,0.08234240566322479,0.05283397639396348,0.05439049884829229,0.07197027021445591,0.10195534606036533,0.08105525344718029,0.044041365297855455,0.06863396961874504,0.07723697282764098,0.05669290784749802,0.060913615567911056,0.05675173451151706,0.060289805814138196,0.05510710687053216,0.07996064378077837,0.06414239442414614,0.06849498910246225,0.05959879148530579,0.070946344598888,0.0613323718189039,0.05066908880063541,0.07168927122319299,0.07838635706115964,0.07347401816521046,0.05659510217633043
BusSv,0.04556106104845115,0.040835268241461456,0.04003084835583796,0.026609741505957105,0.031599504127084996,0.045730043891977754,0.05991789614297061,0.07107690563621924,0.05462922480063543,0.059628358023828425,0.044040633293089756,0.04327186752343129,0.0481604343161239,0.06702869628911834,0.05927970086100079,0.05181992720571882,0.061891746344718036,0.08245664211914219,0.08595752088006355,0.07673364769499602,0.07104810737092931,0.05960385672438444,0.07917998312311357,0.05840467573947578,0.07442713649245432,0.04813763077998411,0.05466174789197776,0.07092746223351866,0.09848301196187446,0.07719578779030975,0.04021852962351072,0.062340163968228744,0.05669290784749802,0.05477026396187451,0.05623992749166004,0.052322768803812536,0.05625105721366164,0.05119048867672756,0.07144832294837171,0.059226641722001594,0.0621571237172359,0.05436012995075456,0.06282729329626686,0.054877144444797465,0.04495200507704527,0.06444031307069102,0.0687355935694996,0.06665706082605241,0.05245180144241461
Hardw,0.050903791262907054,0.04361610578554408,0.04476906586179508,0.02926867636536934,0.03581447058300238,0.05099454614773631,0.06555738784432087,0.07562467369658461,0.059141905906274814,0.06531848572517872,0.047591709026211265,0.04700059857664813,0.05259043975853851,0.07363775986656075,0.06477734876568704,0.05589086920413028,0.06715329946942016,0.08877504987450356,0.09613439548212865,0.08593895958061955,0.07871271869737886,0.06571977437966639,0.08623955889436057,0.06428516837490071,0.08134908350754569,0.05199350548689436,0.06037559239396346,0.07839984575694993,0.11027876168387611,0.08634851491024623,0.043586046500397144,0.0687541823542494,0.060913615567911056,0.05623992749166004,0.07046138081652104,0.05837905504050833,0.06418942907704528,0.056993948606830824,0.07804419549483718,0.06482252393328039,0.06762486252581416,0.059219397293089754,0.0687916840031771,0.060373808120730725,0.04853777255599681,0.06928361682605239,0.07425279038602067,0.07340534106433678,0.05755232713582208
Softw,0.046763797577442416,0.040628113231135826,0.04088331675933281,0.028279124176330418,0.03261166418427323,0.0458974124305004,0.05974509215409055,0.0703585399984114,0.0542049717648928,0.06005579438919779,0.043779004160444786,0.043498552903891985,0.04823516627640984,0.06917974668308184,0.059522403361397934,0.05213159604130263,0.06118487604765688,0.08260568104368547,0.08677923295790307,0.07779253785861796,0.07186469694201744,0.060485381023034156,0.07929342822557582,0.058805660903891964,0.07437111927084988,0.04815213780460682,0.05554858438284353,0.07108709672438446,0.09882813821286736,0.07781308329944397,0.04100977184908657,0.06339529311993645,0.05675173451151706,0.052322768803812536,0.05837905504050833,0.056821979302621124,0.058033362459094504,0.0517145107720413,0.07245993694678318,0.05926534268784752,0.06275753089753772,0.05475094391104051,0.06337909109610801,0.055306918290706907,0.04548367712152502,0.06486227402541703,0.0697028481429706,0.06812049117553612,0.05243127978395553
Chips,0.05083096279586973,0.04336943090071486,0.04429232438443209,0.029073834173153297,0.034364766913423356,0.05111544854646545,0.06545454822557584,0.07538875401429705,0.05887594994122319,0.0648634757172359,0.04721826130579826,0.04677629255599683,0.052354595024622724,0.07442209213026212,0.06416939181572676,0.05612066513741062,0.06668245756314534,0.08977487116123908,0.09591303958061953,0.08471363932644954,0.0784732175059571,0.06603790219539317,0.08633460499444001,0.06394718168705321,0.08053494692295472,0.051966369728355846,0.06209452329150117,0.07972840995075454,0.11070571342335188,0.08699239837331216,0.04321246689753772,0.0681568255949166,0.060289805814138196,0.05625105721366164,0.06418942907704528,0.058033362459094504,0.06721143171405874,0.05721545173629865,0.07761994790150913,0.06432558709451947,0.06745453000794281,0.05921881616521049,0.06787121702938838,0.05965929393486893,0.04811287311199363,0.06831483150436855,0.07410903006830818,0.07244288498808579,0.05701172408578237
LabEq,0.04579079096902303,0.03966135447021445,0.03937592721207307,0.026974196201747416,0.031398301420174725,0.04627254011914217,0.058458042400317725,0.06798920560603654,0.05394032836536932,0.05880622101350277,0.04388731107069103,0.04343093838443208,0.04809536958061954,0.06689492377601271,0.058796023472597304,0.05259994034630659,0.06095181152025419,0.08097993406989672,0.08652393020969024,0.07667127809690229,0.07135795784749799,0.05960722169023036,0.07870251391262907,0.05784155663065924,0.07358674907227959,0.047587564174741845,0.055452309212073066,0.07196863537410642,0.09893563832406674,0.07832230198093727,0.039362272532168396,0.060939648957903096,0.05510710687053216,0.05119048867672756,0.056993948606830824,0.0517145107720413,0.05721545173629865,0.056398198460683065,0.0710253747545671,0.05808588235424941,0.061315184845115174,0.054044202052422545,0.06110623041302621,0.054135368711675944,0.04412672376171563,0.06263502354090549,0.06723883101826847,0.06566306985702937,0.052334732015885614
Paper,0.06466033868149326,0.056958478271644165,0.0529348127720413,0.03725865955837966,0.04630278108339953,0.06630478792692614,0.08583106921048451,0.10222838295790312,0.07763792141064334,0.08547251425575852,0.06115725752501986,0.05858859282605241,0.06533502616044479,0.09488298204289115,0.08436995737569497,0.07856594021286734,0.08784304879428119,0.11787527074821284,0.11995450550595708,0.10725287421127878,0.10022908019062746,0.08269350912152502,0.11737510297696585,0.08204832589674346,0.10617284296743446,0.06784900410484512,0.07774135979666402,0.09659242491501191,0.1384833044003177,0.10874519456076248,0.05676274264019061,0.08877831947895157,0.07996064378077837,0.07144832294837171,0.07804419549483718,0.07245993694678318,0.07761994790150913,0.0710253747545671,0.12013227600317711,0.08661132298014297,0.08910280784749802,0.07621350248768864,0.08982419110405086,0.07847694813661636,0.06577605805242255,0.0940798570166799,0.09890883756632249,0.09488460470214455,0.07418575083717233
Boxes,0.05241647613979349,0.048225270274821284,0.04652409296266878,0.030622167876092142,0.04111938425416997,0.053682523574265284,0.06921844324384432,0.08015925165687053,0.0625388784940429,0.06952810887370928,0.050143463094519454,0.04727297414773629,0.0526780562065131,0.08021881396981731,0.06947188227482129,0.0605621418522637,0.07273792175377282,0.09620022591580618,0.10456407674980141,0.09202805735345515,0.08391328535345513,0.0692116982811755,0.0935492613121525,0.06911486855917395,0.0869097153963463,0.056050832432088964,0.0678090948657665,0.08451534417156475,0.12188650540111197,0.09383952987132645,0.05013559497696583,0.07100704987768071,0.06414239442414614,0.059226641722001594,0.06482252393328039,0.05926534268784752,0.06432558709451947,0.05808588235424941,0.08661132298014297,0.0908313263288324,0.07366730077839558,0.06307003829070691,0.07358062864177921,0.06396676309451944,0.05239085940587768,0.07692106338046067,0.07945206603971405,0.07891345002382845,0.06063126193486894
