,Agric,Food ,Soda ,Beer ,Smoke,Toys ,Fun  ,Books,Hshld,Clths,Hlth ,MedEq,Drugs,Chems,Rubbr,Txtls,BldMt,Cnstr,Steel,FabPr,Mach ,ElcEq,Autos,Aero ,Ships,Guns ,Gold ,Mines,Coal ,Oil  ,Util ,Telcm,PerSv,BusSv,Hardw,Softw,Chips,LabEq,Paper,Boxes,Trans,Whlsl,Rtail,Meals,Banks,Insur,RlEst,Fin  ,Other
Agric,0.09300338136775217,0.035981123137410635,0.035657450700555995,0.023013606937251782,0.03126912499920572,0.03787263317235901,0.051241838918189044,0.06242908195552021,0.04958608702938841,0.05107111436060365,0.03969300242891184,0.03963012050516283,0.043236619231135816,0.06130137696108022,0.05262537434630659,0.049613054698967436,0.056593986792692605,0.0752699062494043,0.08136441120254169,0.07433052882922955,0.06567452150754566,0.05354786610007942,0.06674378770929307,0.05285141617156474,0.06745945008419382,0.04476180271644161,0.05663479467513899,0.07045085334868945,0.09866736849086576,0.076446751898332,0.037409380109610806,0.05490643633518665,0.04920354585861795,0.045587055378872116,0.05087603193169182,0.04670062800794281,0.05090226065448768,0.04585005170135028,0.06443892651151706,0.052358007297855426,0.05554638655758538,0.04947187970611596,0.05480601335345512,0.0480089614900715,0.04096804921683875,0.05643378693089752,0.061217545993645754,0.0601864113121525,0.047538098090548056
Food ,0.035981123137410635,0.03942955608419381,0.034198679714058766,0.023289674273232724,0.028416353161239083,0.03576764020651311,0.04693481359015092,0.054391153129467816,0.04231303451151708,0.04685482946783161,0.03534444226370135,0.034030782700556005,0.03799175957108816,0.05257788073868148,0.047161628077839565,0.04096640976171566,0.04849803960285942,0.06382400511517078,0.06848906020651307,0.06047420201747418,0.055863012081016676,0.047063026799046864,0.06216862019857029,0.046620558347895164,0.05831303904686257,0.0384451867672756,0.04326346131850675,0.05566066944400318,0.07856683346306594,0.06108944949960287,0.03375586610802225,0.049322355274027,0.04495411210484511,0.040953714162033354,0.043685897990468625,0.040695046632247815,0.04357383035742653,0.03980936258935664,0.05686582791898333,0.048305460953137425,0.049414825401111986,0.043047036528991264,0.049544500508339945,0.043542094027005554,0.035982233566322464,0.05236297808578237,0.0537520066322478,0.05323245490865768,0.04178005553613979
Soda ,0.035657450700555995,0.034198679714058766,0.06915519697537728,0.02635757914535345,0.02917991239396346,0.03717328160762511,0.04568020451787133,0.05204994966799046,0.04195266535345512,0.04512620241461477,0.03508958847339158,0.03501330622398729,0.0385422975313741,0.05312416751707704,0.046108988397140595,0.03959656369817315,0.0468259766417792,0.06010872242096901,0.06722460866084193,0.05921304687529785,0.05501947676568705,0.04703995456711676,0.05864434088641777,0.0471471337251787,0.05708757357903099,0.03788240015885624,0.045800836390786345,0.05705718447656871,0.07595501664813345,0.06142254344718029,0.035344122611596494,0.05047183092613184,0.0444367798061954,0.040413097849086574,0.045076298325655274,0.04121666935027798,0.0448225568737093,0.03983037632406671,0.05311677169817315,0.047040619863383634,0.04790684214138204,0.043609084479745826,0.048860009493248605,0.04316463931374106,0.03493985002700556,0.051243162554408264,0.05391947689912628,0.05305850131215251,0.040376646303415406
Beer ,0.023013606937251782,0.023289674273232724,0.02635757914535345,0.04807849420015885,0.020941372770452736,0.027229858735504365,0.031046064087370935,0.03528906441143765,0.02825450596505163,0.03246406676727561,0.02373899369817315,0.023600729223193007,0.025201720638602064,0.037103073596505165,0.03131593357744242,0.02672027819062748,0.0322313724892772,0.04142724264972199,0.047526824565528196,0.040794705077045273,0.038081420163621926,0.031106074964257338,0.04238670076409849,0.033461941795075466,0.038262006252581415,0.02595779518665608,0.035018028873709285,0.03910113841302621,0.053265700087370915,0.04276465826846704,0.0256967219110405,0.03373407942970612,0.030264545267672752,0.02685300457029389,0.029450217374106434,0.0285123876203336,0.029372811237490075,0.027193971631453536,0.03738321471485306,0.030927977852263693,0.0331530253629865,0.029781424646544874,0.033245320416203324,0.03001407562509928,0.022779242818109613,0.03500900406830818,0.03732994737251787,0.0350850853963463,0.028619137880857813
Smoke,0.03126912499920572,0.028416353161239083,0.02917991239396346,0.020941372770452736,0.07178092228594121,0.02931427443050039,0.036444076637013496,0.04291686523749007,0.03325149023828435,0.038229074201747405,0.028410814698967425,0.027535337642573474,0.031182041718824452,0.04400241818745034,0.03823303858141382,0.03265369499761715,0.03821460711993647,0.04704276512787927,0.05444630081652104,0.04722883073232724,0.045616884976965845,0.03818140903891977,0.04863133266243049,0.039343936679904684,0.04642750842891182,0.03363002349483716,0.03779206556949959,0.04346113933439238,0.06464084509134231,0.05297874528991263,0.03092179187132645,0.040337976300238276,0.035814066729150114,0.031640005015091344,0.035733613911040504,0.03261438066243049,0.03451474512152502,0.03149550983637807,0.046118861037331225,0.04118041146624306,0.039294075974582995,0.03415514375694996,0.03887121690548053,0.03258423136775218,0.029261385788721218,0.044107701478951544,0.042744012185861796,0.043587783378872126,0.0326494688101668
Toys ,0.03787263317235901,0.03576764020651311,0.03717328160762511,0.027229858735504365,0.02931427443050039,0.07479965840190628,0.05663830045750595,0.06259762408578234,0.049742335869737885,0.055051503733121517,0.03953519214932487,0.037214307793486896,0.04277871534868943,0.06100948186497221,0.053830664625893546,0.049060172336775225,0.0566912495186656,0.07403662025099285,0.07708804099126289,0.06927931719777602,0.0637477566290707,0.054855261382049256,0.07339254793645751,0.05279853086576648,0.06694411068467036,0.04370213070691024,0.0518157930039714,0.06265837427482128,0.08598351610802221,0.07152801547259732,0.036714875548848294,0.057687279119936444,0.05016500285305799,0.04599647101191421,0.051147540114376465,0.046085884482922945,0.05149780203971405,0.04650291804924544,0.0664643986624305,0.054100159758538525,0.05678460787291502,0.049145287005559965,0.057350825912629064,0.050748693814138206,0.0418504782907069,0.05919200042255757,0.06606987047815725,0.06054178605559967,0.04864899602223987
Fun  ,0.051241838918189044,0.04693481359015092,0.04568020451787133,0.031046064087370935,0.036444076637013496,0.05663830045750595,0.08572585679269261,0.08309103043526607,0.06465867861000793,0.07120576125496424,0.05045225652263702,0.04946382869261317,0.05526035487529786,0.07805999010802221,0.06747034728991262,0.06435597410166799,0.07366970756791101,0.09765528968387609,0.10062145507227957,0.08807013267990467,0.08194996807148533,0.06890502768864176,0.09568038098014295,0.0666161188562351,0.08679899153613979,0.055879527926926124,0.06511610921683876,0.08418557602382847,0.11534417961080223,0.08973156870532167,0.044743842050833996,0.07382822226687845,0.0669760743796664,0.06005143026052424,0.06564511388244638,0.059844290832406666,0.06577135021127879,0.058621660641779184,0.08579471858776806,0.0695144723208896,0.07394155908181096,0.06290288218427323,0.0759413447720413,0.06751360413343924,0.0540274342144559,0.07521367151231134,0.08220379851787131,0.07919662428752977,0.062194837350278
Books,0.06242908195552021,0.054391153129467816,0.05204994966799046,0.03528906441143765,0.04291686523749007,0.06259762408578234,0.08309103043526607,0.1325130146004766,0.07829913954725974,0.0834439,0.05909827763145355,0.056280206287529805,0.06253641033518664,0.09102517689753771,0.08266331512470214,0.07813237145830022,0.08545454494996028,0.11338997169817314,0.1157380799872915,0.10176695796346304,0.0975403604273233,0.0797222012867355,0.11319301741540905,0.07877966719618747,0.10475843302303416,0.06585488440031771,0.06869826323749005,0.08983181115647339,0.13202384922160446,0.1038070385067514,0.05349941435901508,0.08784824310246227,0.07928822296743446,0.07094629490230342,0.07540874977124702,0.07018356602223987,0.07533854405401114,0.06791887120889595,0.10186876282605245,0.08001777034789513,0.08600267907545668,0.07340378442414613,0.08885381818268467,0.07786474064813342,0.06533619339475774,0.09018225009213661,0.09974270160921368,0.09148712743606033,0.07107134889277203
Hshld,0.04958608702938841,0.04231303451151708,0.04195266535345512,0.02825450596505163,0.03325149023828435,0.049742335869737885,0.06465867861000793,0.07829913954725974,0.07226338108816524,0.06637563782366959,0.04604771665607626,0.04463802629070691,0.04889628522637013,0.07192976625099284,0.0647546481731533,0.0599773656155679,0.06734242111199365,0.08969777699761715,0.0918231186656076,0.07993243378872121,0.07573272755361396,0.06327943293089752,0.08728673595710883,0.06237342964257345,0.08077366713264496,0.049394467053216824,0.05854188117553613,0.07464919606830818,0.10173976745830023,0.08069068339952343,0.041799447029388405,0.0660887244082605,0.059484884590945225,0.054702545313741066,0.05914145644956314,0.054220839976171574,0.059011141366163616,0.054033856727561565,0.07746527571882446,0.06262859613979349,0.06787705358220812,0.05774638672756157,0.06906112347895156,0.060603685671167584,0.050429417045274025,0.06840016857029388,0.07588823476568705,0.07148362505957111,0.056488600190627486
Clths,0.05107111436060365,0.04685482946783161,0.04512620241461477,0.03246406676727561,0.038229074201747405,0.055051503733121517,0.07120576125496424,0.0834439,0.06637563782366959,0.08770877950754567,0.04994942727561557,0.04840796873709294,0.05303689089753772,0.07791401510722797,0.06948916236695789,0.06421271655281968,0.07296714179507544,0.10219462856235112,0.10017605274027007,0.08956745715647338,0.08298439992057188,0.06917221598093726,0.09532210263701349,0.06942887558379666,0.08914550201747419,0.05474364857823668,0.06117537629864971,0.07992582413026211,0.11381043652104846,0.0868157072915012,0.04587528436854645,0.07207538003177126,0.06562618268467037,0.05977127976171563,0.065277147974583,0.06007810419380461,0.06505405852263701,0.05896551231135821,0.08531347671167594,0.06966936190627482,0.07519473312152501,0.06355759544082605,0.08028465613979349,0.06870199866560758,0.05301622811755361,0.0758343245274027,0.08214801110405084,0.07860616865766482,0.061452270563939614
Hlth ,0.03969300242891184,0.03534444226370135,0.03508958847339158,0.02373899369817315,0.028410814698967425,0.03953519214932487,0.05045225652263702,0.05909827763145355,0.04604771665607626,0.04994942727561557,0.046560691804606834,0.039198614554408255,0.04281516691660048,0.05694210256235106,0.05034286800476567,0.04543229929626686,0.05243003080857823,0.06855460075615569,0.07273014952819697,0.06520261267990468,0.05995589860365369,0.05029655998411437,0.06710129753296269,0.04931180181096108,0.06337644068625894,0.04126652125496426,0.04901797924066718,0.05883904314058776,0.08226996367752182,0.06686558951548849,0.03540054205083398,0.052713346158856235,0.049247922735504365,0.04419026798888006,0.04762692358856235,0.043849597599682266,0.04742810401588562,0.044022599227958696,0.06112228336934076,0.050323198198570285,0.05269558224305005,0.04667236343923748,0.05245353962509928,0.04632038786656076,0.038008808670373304,0.05568620341064338,0.058803413529785534,0.05555783157903097,0.0450379978268467
MedEq,0.03963012050516283,0.034030782700556005,0.03501330622398729,0.023600729223193007,0.027535337642573474,0.037214307793486896,0.04946382869261317,0.056280206287529805,0.04463802629070691,0.04840796873709294,0.039198614554408255,0.04396518037172358,0.043175458694201745,0.055949792511517084,0.04886407046544877,0.04409238203971406,0.05102036967116759,0.06689726203653693,0.07174546061318507,0.06298823460524225,0.05858909811278793,0.04981367208895948,0.06456212300873711,0.048097727084988086,0.06067219476409849,0.04088648644956314,0.04710435149166004,0.05996769978395551,0.08290103947577442,0.0655473242573471,0.03437352025734709,0.05181281794122319,0.04728744880698968,0.043470477836378085,0.04712742589038919,0.04363091888482922,0.047102973655282,0.04364845465925337,0.058562011758538514,0.04748368300555996,0.05137691927561556,0.045485709626687826,0.05082310196664019,0.044401538687847485,0.037231470271644154,0.05318304256393964,0.0571529298395552,0.054888894929308964,0.044378059196187446
Drugs,0.043236619231135816,0.03799175957108816,0.0385422975313741,0.025201720638602064,0.031182041718824452,0.04277871534868943,0.05526035487529786,0.06253641033518664,0.04889628522637013,0.05303689089753772,0.04281516691660048,0.043175458694201745,0.05564430251945988,0.06285454764416201,0.05381207715011914,0.04752425124384433,0.05627575062112788,0.0749077302366958,0.07927791379189834,0.06946674476250993,0.06490066340587765,0.055301519015091345,0.07143551882128675,0.053743442065131056,0.06693172649404289,0.046633427609213664,0.053168445096108026,0.06721480009213662,0.09043304169976168,0.07303913197776014,0.03802904990309771,0.058193238440031776,0.05143715905957108,0.04848641443367752,0.05277502599841143,0.04846517259094519,0.0528508814805401,0.04842294325019857,0.06540591033200953,0.05304544140428912,0.05709334082287529,0.05031760522637013,0.056686058103256554,0.04972482749483718,0.04078701469737887,0.05832123818586179,0.06235420180778395,0.060629794322478156,0.04893379896425734
Chems,0.06130137696108022,0.05257788073868148,0.05312416751707704,0.037103073596505165,0.04400241818745034,0.06100948186497221,0.07805999010802221,0.09102517689753771,0.07192976625099284,0.07791401510722797,0.05694210256235106,0.055949792511517084,0.06285454764416201,0.1035911625401112,0.07849812190150914,0.06864733701509133,0.08175626691342334,0.11105770234789515,0.12149146075297858,0.10472912286894359,0.0973558529356632,0.08033514756155678,0.10740662211437646,0.0781728897220016,0.09889334693566322,0.06304656986497223,0.0879638437426529,0.10463805693566319,0.14909427484511512,0.11398364336775221,0.05604779944876886,0.08292916662589357,0.07186947543447181,0.0673168508768864,0.07378535842255757,0.06930850125019856,0.07487492354884831,0.06717048359332803,0.0948534691231136,0.08043263011596506,0.08238458488641778,0.07236707892772039,0.0816374316155679,0.07211510723749007,0.05890237234948372,0.08516100090706909,0.09178163008895951,0.08783142885941222,0.06906657263860207
Rubbr,0.05262537434630659,0.047161628077839565,0.046108988397140595,0.03131593357744242,0.03823303858141382,0.053830664625893546,0.06747034728991262,0.08266331512470214,0.0647546481731533,0.06948916236695789,0.05034286800476567,0.04886407046544877,0.05381207715011914,0.07849812190150914,0.08924227318665608,0.06250146152978556,0.07205073656235106,0.09270741897378872,0.10062202867672757,0.08823879043367752,0.08324222670214454,0.06917602508339953,0.09361970726449564,0.06864214665607626,0.08758992255440827,0.05429625154884829,0.05994137821763302,0.0787654618951549,0.11160456988880062,0.0901940320889595,0.047886790784749805,0.07164447941699763,0.06484121197458301,0.05935194970770453,0.06478029448927719,0.0595352761096108,0.0643521128864178,0.058886084330420974,0.08420143736139794,0.06959182111834789,0.07286507974265288,0.0630028330341541,0.07224348849245432,0.062438866779984115,0.05352315418903892,0.07539553149007144,0.08069400048133438,0.07646087650675137,0.06074459750277996
Txtls,0.049613054698967436,0.04096640976171566,0.03959656369817315,0.02672027819062748,0.03265369499761715,0.049060172336775225,0.06435597410166799,0.07813237145830022,0.0599773656155679,0.06421271655281968,0.04543229929626686,0.04409238203971406,0.04752425124384433,0.06864733701509133,0.06250146152978556,0.09748799208737094,0.06742317413502778,0.08829064062271642,0.08989766906433676,0.07780689832247815,0.07417235956632248,0.05993766540111199,0.08396151502621127,0.05910380737092931,0.07929583505003969,0.05031586832406671,0.05955053783002383,0.0737559312613185,0.0997943541461477,0.08089850567116762,0.03988294773153296,0.06377339631294678,0.057550063151707714,0.051844564675138996,0.05585152299126289,0.05205287363463066,0.05625177993010326,0.05262194376171565,0.07839649451469423,0.06060765061477363,0.06583930311993645,0.0564388810246227,0.06591761890071485,0.058956648632247796,0.04708657653057982,0.06742419612231929,0.07560218787768071,0.06720770507227958,0.053746015002382845
BldMt,0.056593986792692605,0.04849803960285942,0.0468259766417792,0.0322313724892772,0.03821460711993647,0.0566912495186656,0.07366970756791101,0.08545454494996028,0.06734242111199365,0.07296714179507544,0.05243003080857823,0.05102036967116759,0.05627575062112788,0.08175626691342334,0.07205073656235106,0.06742317413502778,0.08423859659412232,0.1035580234217633,0.10813948332327246,0.09485742714535345,0.08782699204765687,0.07279162252581411,0.09771349616838759,0.07173563634630659,0.09179223219698174,0.057741709992057196,0.0702563670341541,0.08871171666084193,0.1256494465607625,0.0973616831135822,0.048840964883240655,0.07496990287212071,0.06803950361874503,0.062220522805401086,0.06733046078792693,0.06140194606195395,0.06716023649245433,0.06126728031135823,0.08789237825893566,0.07310169477998413,0.07645585361080222,0.06593239420174742,0.07699142766640191,0.06676032725655283,0.0557385530929309,0.07823454106115964,0.08606399662907067,0.08142661230500398,0.06356176436536932
Cnstr,0.0752699062494043,0.06382400511517078,0.06010872242096901,0.04142724264972199,0.04704276512787927,0.07403662025099285,0.09765528968387609,0.11338997169817314,0.08969777699761715,0.10219462856235112,0.06855460075615569,0.06689726203653693,0.0749077302366958,0.11105770234789515,0.09270741897378872,0.08829064062271642,0.1035580234217633,0.20199675465607628,0.14735290492136613,0.12571238327561554,0.11717649384590942,0.09804970465448766,0.13127327696902308,0.09311343984114377,0.12187282429229547,0.07549860838760923,0.10442909491977759,0.1225830330929309,0.17566437817315328,0.13215755552025413,0.06347332313899919,0.0996186837045274,0.08954874311675934,0.08311836461318506,0.08928039482764098,0.08314849023669581,0.09068536125178711,0.0816231184813344,0.1182818782779984,0.09698130363145356,0.1027793444511517,0.08716041779189833,0.10527800734551229,0.09159935487212074,0.07726279156155678,0.11312305660365368,0.11481421936775216,0.10994045284193806,0.08585601180619538
Steel,0.08136441120254169,0.06848906020651307,0.06722460866084193,0.047526824565528196,0.05444630081652104,0.07708804099126289,0.10062145507227957,0.1157380799872915,0.0918231186656076,0.10017605274027007,0.07273014952819697,0.07174546061318507,0.07927791379189834,0.12149146075297858,0.10062202867672757,0.08989766906433676,0.10813948332327246,0.14735290492136613,0.1743461575599682,0.14146898776171563,0.1284771250007943,0.10465495803018267,0.13675642035901503,0.10191522583002383,0.12877154760285942,0.08179284848292295,0.12444017908816518,0.14447865559332804,0.21136027402700552,0.15456972918189038,0.07131820719301032,0.10485520825416995,0.09260945260683077,0.0866020757299444,0.09660683906592535,0.08730660437172358,0.09683972575694996,0.08715895159968229,0.12031601195869734,0.10543395581890387,0.1067883583415409,0.09449722398729149,0.10443125536457508,0.09221440736457504,0.07337369306433679,0.10811058881016677,0.11786878197934869,0.11283894750119139,0.09033149435424939
FabPr,0.07433052882922955,0.06047420201747418,0.05921304687529785,0.040794705077045273,0.04722883073232724,0.06927931719777602,0.08807013267990467,0.10176695796346304,0.07993243378872121,0.08956745715647338,0.06520261267990468,0.06298823460524225,0.06946674476250993,0.10472912286894359,0.08823879043367752,0.07780689832247815,0.09485742714535345,0.12571238327561554,0.14146898776171563,0.15868353728991258,0.11227612028911833,0.09270392962668782,0.1205546247084988,0.09149913181890389,0.11460744861636224,0.07166996597299444,0.10181963771882444,0.11851622588403495,0.17592825815726762,0.13183493448768868,0.06200978719936457,0.09079799697220015,0.081936341324861,0.07674855920254173,0.08574479917077045,0.07760844863860206,0.0848463816616362,0.07669010962351072,0.10674617350595712,0.0920083458490866,0.09284232613820491,0.08343547401111993,0.09253807855123113,0.08068407203177123,0.06598943611755362,0.09435051427164416,0.10231943995869737,0.09956919253057986,0.07968811632088961
Mach ,0.06567452150754566,0.055863012081016676,0.05501947676568705,0.038081420163621926,0.045616884976965845,0.0637477566290707,0.08194996807148533,0.0975403604273233,0.07573272755361396,0.08298439992057188,0.05995589860365369,0.05858909811278793,0.06490066340587765,0.0973558529356632,0.08324222670214454,0.07417235956632248,0.08782699204765687,0.11717649384590942,0.1284771250007943,0.11227612028911833,0.10715182540270053,0.08447923057982525,0.11215315291024623,0.08326213077045275,0.10581615004289122,0.06697398209690231,0.09027067150436854,0.10817098331532962,0.1568231533200953,0.12040160826052422,0.057800391741064334,0.08618531508657666,0.07620293763621923,0.07136586802065131,0.07892279786973788,0.07208499203971407,0.07900432530262112,0.07168601803653692,0.10025620454487688,0.08434800391739478,0.08659199206036534,0.07644225710087371,0.0861571339062748,0.07540959171088166,0.06184325626370134,0.08884218857347098,0.0969269034424146,0.0928680243669579,0.07358460716759331
ElcEq,0.05354786610007942,0.047063026799046864,0.04703995456711676,0.031106074964257338,0.03818140903891977,0.054855261382049256,0.06890502768864176,0.0797222012867355,0.06327943293089752,0.06917221598093726,0.05029655998411437,0.04981367208895948,0.055301519015091345,0.08033514756155678,0.06917602508339953,0.05993766540111199,0.07279162252581411,0.09804970465448766,0.10465495803018267,0.09270392962668782,0.08447923057982525,0.07999603504368548,0.09229735788721208,0.06938221318506753,0.0871059989833201,0.057475547990468626,0.06903233305798252,0.08815800420969021,0.12618651391580618,0.09679530220810167,0.047379995663224775,0.07251376563939635,0.06374187428117553,0.0599913276409849,0.06596545396346305,0.06075221669579033,0.06653056333598094,0.05999134474980143,0.0827750053216839,0.06957278802223985,0.0725010360285941,0.06335129961874503,0.0713987273073868,0.06228742366957903,0.05244433064336774,0.0745749972835584,0.08068877091342334,0.07766664281175534,0.06187133941223193
Autos,0.06674378770929307,0.06216862019857029,0.05864434088641777,0.04238670076409849,0.04863133266243049,0.07339254793645751,0.09568038098014295,0.11319301741540905,0.08728673595710883,0.09532210263701349,0.06710129753296269,0.06456212300873711,0.07143551882128675,0.10740662211437646,0.09361970726449564,0.08396151502621127,0.09771349616838759,0.13127327696902308,0.13675642035901503,0.1205546247084988,0.11215315291024623,0.09229735788721208,0.14434025318347893,0.09093274033359809,0.11850805071326452,0.07371444833995235,0.09131200858459092,0.11042578713105641,0.15882790450357426,0.12231701931691821,0.061250200106433665,0.09708140728991264,0.08700062184908655,0.07939119579507546,0.0862917100127085,0.07938887234789516,0.08663631759491659,0.07891231999682287,0.11731430847815724,0.0938195615599682,0.09874773520889595,0.08452855112787924,0.09945357321366166,0.0881455602446386,0.07155493510087373,0.10041736484352659,0.10783428972041303,0.10342426280063541,0.08284662148371724
Aero ,0.05285141617156474,0.046620558347895164,0.0471471337251787,0.033461941795075466,0.039343936679904684,0.05279853086576648,0.0666161188562351,0.07877966719618747,0.06237342964257345,0.06942887558379666,0.04931180181096108,0.048097727084988086,0.053743442065131056,0.0781728897220016,0.06864214665607626,0.05910380737092931,0.07173563634630659,0.09311343984114377,0.10191522583002383,0.09149913181890389,0.08326213077045275,0.06938221318506753,0.09093274033359809,0.08484521550436853,0.08533100540111196,0.05765438220810166,0.0658680364733916,0.08236307424940426,0.11741477988880063,0.09138634557585384,0.04889345258141383,0.07099576482922954,0.0634433321048451,0.05887303739475774,0.06470013359809372,0.05922042751389993,0.06459083491660046,0.05830820606830817,0.08225487771247025,0.06954668702144559,0.0727792665607625,0.06280519148530579,0.07224661375694996,0.0631013578395552,0.05077112146147736,0.0743745225099285,0.07820911011914215,0.07692379482128674,0.06035698478157267
Ships,0.06745945008419382,0.05831303904686257,0.05708757357903099,0.038262006252581415,0.04642750842891182,0.06694411068467036,0.08679899153613979,0.10475843302303416,0.08077366713264496,0.08914550201747419,0.06337644068625894,0.06067219476409849,0.06693172649404289,0.09889334693566322,0.08758992255440827,0.07929583505003969,0.09179223219698174,0.12187282429229547,0.12877154760285942,0.11460744861636224,0.10581615004289122,0.0871059989833201,0.11850805071326452,0.08533100540111196,0.1378051865671168,0.0696076633200953,0.08574264556632247,0.10566750666243051,0.14956608390786338,0.11626065712470217,0.058080515094519475,0.08932365640031771,0.08167028153137411,0.0744395337378872,0.0811635005051628,0.07420849132327242,0.08072637193963464,0.07354914851151706,0.10576498562668786,0.0868952097092931,0.09390537573312155,0.07970799345512312,0.09318617297537726,0.08139982259571088,0.06603050340905481,0.09358429938681495,0.10125176010166796,0.0956513476536934,0.07715478771088165
Guns ,0.04476180271644161,0.0384451867672756,0.03788240015885624,0.02595779518665608,0.03363002349483716,0.04370213070691024,0.055879527926926124,0.06585488440031771,0.049394467053216824,0.05474364857823668,0.04126652125496426,0.04088648644956314,0.046633427609213664,0.06304656986497223,0.05429625154884829,0.05031586832406671,0.057741709992057196,0.07549860838760923,0.08179284848292295,0.07166996597299444,0.06697398209690231,0.057475547990468626,0.07371444833995235,0.05765438220810166,0.0696076633200953,0.08939750268467035,0.05521832816521048,0.06898264665607624,0.09418096112787926,0.07428070246227167,0.038994427053216846,0.05956835909451946,0.05293737188244639,0.048659620031771246,0.052354254853057974,0.04856181030976965,0.052624551898332,0.048088608705321674,0.06801961634630659,0.05660731215250199,0.05950154716441619,0.050915206179507545,0.057530859602859405,0.050658286513105645,0.04171780346306592,0.05988740735504368,0.06461753428117552,0.062481049706115954,0.04868010490865765
Gold ,0.05663479467513899,0.04326346131850675,0.045800836390786345,0.035018028873709285,0.03779206556949959,0.0518157930039714,0.06511610921683876,0.06869826323749005,0.05854188117553613,0.06117537629864971,0.04901797924066718,0.04710435149166004,0.053168445096108026,0.0879638437426529,0.05994137821763302,0.05955053783002383,0.0702563670341541,0.10442909491977759,0.12444017908816518,0.10181963771882444,0.09027067150436854,0.06903233305798252,0.09131200858459092,0.0658680364733916,0.08574264556632247,0.05521832816521048,0.2839397238189038,0.14903469814773632,0.18645059710881653,0.13195294840349484,0.050683669566322476,0.06820496960127084,0.05517788880698967,0.05626701205401113,0.06170012023510725,0.056945315691818904,0.06426176139158063,0.05705754708181097,0.07887736198888007,0.06952433034471803,0.062140180308181074,0.06191407691818904,0.06118532477839555,0.05484094053057983,0.03910248628435266,0.0665254516664019,0.07317379041143764,0.07160674787609211,0.05957645099920571
Mines,0.07045085334868945,0.05566066944400318,0.05705718447656871,0.03910113841302621,0.04346113933439238,0.06265837427482128,0.08418557602382847,0.08983181115647339,0.07464919606830818,0.07992582413026211,0.05883904314058776,0.05996769978395551,0.06721480009213662,0.10463805693566319,0.0787654618951549,0.0737559312613185,0.08871171666084193,0.1225830330929309,0.14447865559332804,0.11851622588403495,0.10817098331532962,0.08815800420969021,0.11042578713105641,0.08236307424940426,0.10566750666243051,0.06898264665607624,0.14903469814773632,0.16846621143606033,0.19746667285941225,0.1435325094837172,0.05843395889912628,0.08569288115806194,0.0719903188149325,0.0716781040079428,0.0789278668355838,0.07169089465131057,0.0807739865702939,0.07272304873391582,0.09693554733439237,0.08522309925655282,0.08371984259571086,0.07765976942811754,0.08245276431771247,0.07415692262748214,0.05688085891342334,0.08437979794916602,0.09227050598729153,0.09244286283240669,0.07475237157108816
Coal ,0.09866736849086576,0.07856683346306594,0.07595501664813345,0.053265700087370915,0.06464084509134231,0.08598351610802221,0.11534417961080223,0.13202384922160446,0.10173976745830023,0.11381043652104846,0.08226996367752182,0.08290103947577442,0.09043304169976168,0.14909427484511512,0.11160456988880062,0.0997943541461477,0.1256494465607625,0.17566437817315328,0.21136027402700552,0.17592825815726762,0.1568231533200953,0.12618651391580618,0.15882790450357426,0.11741477988880063,0.14956608390786338,0.09418096112787926,0.18645059710881653,0.19746667285941225,0.3630711864575059,0.22152211698173158,0.08854861262112787,0.12101094915806196,0.10226850692613186,0.09929431484511515,0.11078024933280382,0.09939698555202543,0.11166688262112787,0.09960274279586974,0.13886363984908656,0.12284170308181094,0.11755157857029387,0.10903843861000795,0.11509029205718824,0.10232698934074659,0.07956724671961875,0.12171330680698965,0.1331060376568705,0.12815599494042887,0.1057327511040508
Oil  ,0.076446751898332,0.06108944949960287,0.06142254344718029,0.04276465826846704,0.05297874528991263,0.07152801547259732,0.08973156870532167,0.1038070385067514,0.08069068339952343,0.0868157072915012,0.06686558951548849,0.0655473242573471,0.07303913197776014,0.11398364336775221,0.0901940320889595,0.08089850567116762,0.0973616831135822,0.13215755552025413,0.15456972918189038,0.13183493448768868,0.12040160826052422,0.09679530220810167,0.12231701931691821,0.09138634557585384,0.11626065712470217,0.07428070246227167,0.13195294840349484,0.1435325094837172,0.22152211698173158,0.17789284359015087,0.07170942208101669,0.0958568254805401,0.08100808397140588,0.07773597674344718,0.08671656324066719,0.07821655364575059,0.08784714198570293,0.07879229699761715,0.1089955979030977,0.09447646379666404,0.09063845776012706,0.08498465232724385,0.08795276079428117,0.07792155062748211,0.06457420854646545,0.09709728889594915,0.10734941807783953,0.09978950039714059,0.08299756257347102
Util ,0.037409380109610806,0.03375586610802225,0.035344122611596494,0.0256967219110405,0.03092179187132645,0.036714875548848294,0.044743842050833996,0.05349941435901508,0.041799447029388405,0.04587528436854645,0.03540054205083398,0.03437352025734709,0.03802904990309771,0.05604779944876886,0.047886790784749805,0.03988294773153296,0.048840964883240655,0.06347332313899919,0.07131820719301032,0.06200978719936457,0.057800391741064334,0.047379995663224775,0.061250200106433665,0.04889345258141383,0.058080515094519475,0.038994427053216846,0.050683669566322476,0.05843395889912628,0.08854861262112787,0.07170942208101669,0.045836964274821285,0.05022403611914218,0.044052593807783945,0.040451981142176345,0.043772991054805394,0.04119993705957109,0.04354655615250198,0.03960245003018268,0.05688065958856234,0.05042269811914218,0.04812600254487689,0.043290308649722005,0.048232981340746627,0.04095235044003178,0.035085213372517875,0.05453283881969817,0.05411042085305798,0.0529040331517077,0.0426201091850675
Telcm,0.05490643633518665,0.049322355274027,0.05047183092613184,0.03373407942970612,0.040337976300238276,0.057687279119936444,0.07382822226687845,0.08784824310246227,0.0660887244082605,0.07207538003177126,0.052713346158856235,0.05181281794122319,0.058193238440031776,0.08292916662589357,0.07164447941699763,0.06377339631294678,0.07496990287212071,0.0996186837045274,0.10485520825416995,0.09079799697220015,0.08618531508657666,0.07251376563939635,0.09708140728991264,0.07099576482922954,0.08932365640031771,0.05956835909451946,0.06820496960127084,0.08569288115806194,0.12101094915806196,0.0958568254805401,0.05022403611914218,0.08469072867196185,0.06837971128514692,0.06245269134710088,0.06872349541382052,0.06340003500079429,0.06834886615726765,0.06102969600953137,0.08856877854964257,0.07112552661159652,0.0762529624050834,0.06549469637013502,0.07723411593010326,0.06775980272279587,0.05570482691977761,0.0799095320079428,0.08591426152343128,0.08208926221286733,0.06365783168228754
PerSv,0.04920354585861795,0.04495411210484511,0.0444367798061954,0.030264545267672752,0.035814066729150114,0.05016500285305799,0.0669760743796664,0.07928822296743446,0.059484884590945225,0.06562618268467037,0.049247922735504365,0.04728744880698968,0.05143715905957108,0.07186947543447181,0.06484121197458301,0.057550063151707714,0.06803950361874503,0.08954874311675934,0.09260945260683077,0.081936341324861,0.07620293763621923,0.06374187428117553,0.08700062184908655,0.0634433321048451,0.08167028153137411,0.05293737188244639,0.05517788880698967,0.0719903188149325,0.10226850692613186,0.08100808397140588,0.044052593807783945,0.06837971128514692,0.0766703943510723,0.05661790153772834,0.06070893858300239,0.0566122503542494,0.06028003929467831,0.0550177642065131,0.07971098059094521,0.06420469040826053,0.06834230462907068,0.05943365132644956,0.07077165898014297,0.06125223485941223,0.05059255338522636,0.07154982626528993,0.078176892127085,0.07343963554884829,0.05655125805242256
BusSv,0.045587055378872116,0.040953714162033354,0.040413097849086574,0.02685300457029389,0.031640005015091344,0.04599647101191421,0.06005143026052424,0.07094629490230342,0.054702545313741066,0.05977127976171563,0.04419026798888006,0.043470477836378085,0.04848641443367752,0.0673168508768864,0.05935194970770453,0.051844564675138996,0.062220522805401086,0.08311836461318506,0.0866020757299444,0.07674855920254173,0.07136586802065131,0.0599913276409849,0.07939119579507546,0.05887303739475774,0.0744395337378872,0.048659620031771246,0.05626701205401113,0.0716781040079428,0.09929431484511515,0.07773597674344718,0.040451981142176345,0.06245269134710088,0.05661790153772834,0.05505240637172359,0.056474915918983334,0.052567669262907075,0.0567425475488483,0.051489367920571884,0.07155020169817317,0.05966646985544083,0.06245426318983319,0.05462481081016679,0.06302750221763304,0.055114411720413044,0.04504104235424941,0.06456100365845906,0.06887213304686257,0.06701464449722,0.05277436792374901
Hardw,0.05087603193169182,0.043685897990468625,0.045076298325655274,0.029450217374106434,0.035733613911040504,0.051147540114376465,0.06564511388244638,0.07540874977124702,0.05914145644956314,0.065277147974583,0.04762692358856235,0.04712742589038919,0.05277502599841143,0.07378535842255757,0.06478029448927719,0.05585152299126289,0.06733046078792693,0.08928039482764098,0.09660683906592535,0.08574479917077045,0.07892279786973788,0.06596545396346305,0.0862917100127085,0.06470013359809372,0.0811635005051628,0.052354254853057974,0.06170012023510725,0.0789278668355838,0.11078024933280382,0.08671656324066719,0.043772991054805394,0.06872349541382052,0.06070893858300239,0.056474915918983334,0.07055501231294677,0.05850086653057982,0.06454616966163622,0.057185490938840323,0.07796111076886418,0.0651037565909452,0.06785780714535346,0.05936962110405081,0.06887303390945196,0.060495691625099296,0.04857627228276411,0.06934123682764097,0.07426092291183478,0.07367692316282763,0.057762752768864174
Softw,0.04670062800794281,0.040695046632247815,0.04121666935027798,0.0285123876203336,0.03261438066243049,0.046085884482922945,0.059844290832406666,0.07018356602223987,0.054220839976171574,0.06007810419380461,0.043849597599682266,0.04363091888482922,0.04846517259094519,0.06930850125019856,0.0595352761096108,0.05205287363463066,0.06140194606195395,0.08314849023669581,0.08730660437172358,0.07760844863860206,0.07208499203971407,0.06075221669579033,0.07938887234789516,0.05922042751389993,0.07420849132327242,0.04856181030976965,0.056945315691818904,0.07169089465131057,0.09939698555202543,0.07821655364575059,0.04119993705957109,0.06340003500079429,0.0566122503542494,0.052567669262907075,0.05850086653057982,0.0569775454344718,0.05840668283081811,0.05193429732486101,0.07240529216679903,0.05952570823510722,0.06298058700238283,0.05490513552819697,0.06348049900873709,0.05547699564416201,0.04552527263224782,0.0649335087418586,0.06973500302303416,0.06841020155837965,0.05266813697855441
Chips,0.05090226065448768,0.04357383035742653,0.0448225568737093,0.029372811237490075,0.03451474512152502,0.05149780203971405,0.06577135021127879,0.07533854405401114,0.059011141366163616,0.06505405852263701,0.04742810401588562,0.047102973655282,0.0528508814805401,0.07487492354884831,0.0643521128864178,0.05625177993010326,0.06716023649245433,0.09068536125178711,0.09683972575694996,0.0848463816616362,0.07900432530262112,0.06653056333598094,0.08663631759491659,0.06459083491660046,0.08072637193963464,0.052624551898332,0.06426176139158063,0.0807739865702939,0.11166688262112787,0.08784714198570293,0.04354655615250198,0.06834886615726765,0.06028003929467831,0.0567425475488483,0.06454616966163622,0.05840668283081811,0.06787726348530579,0.057674304514694186,0.07777362439714057,0.06484903871008738,0.06793707513264496,0.059641962938840345,0.0681715837521843,0.06001010763463067,0.048273707393169184,0.06855412445750596,0.0743140990087371,0.07299776823193012,0.05746329552978553
LabEq,0.04585005170135028,0.03980936258935664,0.03983037632406671,0.027193971631453536,0.03149550983637807,0.04650291804924544,0.058621660641779184,0.06791887120889595,0.054033856727561565,0.05896551231135821,0.044022599227958696,0.04364845465925337,0.04842294325019857,0.06717048359332803,0.058886084330420974,0.05262194376171565,0.06126728031135823,0.0816231184813344,0.08715895159968229,0.07669010962351072,0.07168601803653692,0.05999134474980143,0.07891231999682287,0.05830820606830817,0.07354914851151706,0.048088608705321674,0.05705754708181097,0.07272304873391582,0.09960274279586974,0.07879229699761715,0.03960245003018268,0.06102969600953137,0.0550177642065131,0.051489367920571884,0.057185490938840323,0.05193429732486101,0.057674304514694186,0.05668536615726767,0.07107679338204925,0.058468241023034134,0.061651698376489275,0.05432953882446384,0.0612961083335981,0.054369207193010326,0.04422630635742653,0.06277803043367754,0.06736231418268468,0.06606154228117554,0.05264164496902302
Paper,0.06443892651151706,0.05686582791898333,0.05311677169817315,0.03738321471485306,0.046118861037331225,0.0664643986624305,0.08579471858776806,0.10186876282605245,0.07746527571882446,0.08531347671167594,0.06112228336934076,0.058562011758538514,0.06540591033200953,0.0948534691231136,0.08420143736139794,0.07839649451469423,0.08789237825893566,0.1182818782779984,0.12031601195869734,0.10674617350595712,0.10025620454487688,0.0827750053216839,0.11731430847815724,0.08225487771247025,0.10576498562668786,0.06801961634630659,0.07887736198888007,0.09693554733439237,0.13886363984908656,0.1089955979030977,0.05688065958856234,0.08856877854964257,0.07971098059094521,0.07155020169817317,0.07796111076886418,0.07240529216679903,0.07777362439714057,0.07107679338204925,0.1197976092946783,0.08662334736457505,0.0891706102017474,0.07615005324066718,0.08971321911675935,0.07850311625416997,0.0657695024590945,0.0940593063653693,0.0987721743081811,0.09496324233359808,0.07429515963780779
Boxes,0.052358007297855426,0.048305460953137425,0.047040619863383634,0.030927977852263693,0.04118041146624306,0.054100159758538525,0.0695144723208896,0.08001777034789513,0.06262859613979349,0.06966936190627482,0.050323198198570285,0.04748368300555996,0.05304544140428912,0.08043263011596506,0.06959182111834789,0.06060765061477363,0.07310169477998413,0.09698130363145356,0.10543395581890387,0.0920083458490866,0.08434800391739478,0.06957278802223985,0.0938195615599682,0.06954668702144559,0.0868952097092931,0.05660731215250199,0.06952433034471803,0.08522309925655282,0.12284170308181094,0.09447646379666404,0.05042269811914218,0.07112552661159652,0.06420469040826053,0.05966646985544083,0.0651037565909452,0.05952570823510722,0.06484903871008738,0.058468241023034134,0.08662334736457505,0.09112725470373312,0.07410748214773631,0.06333347537728357,0.07382482974424147,0.0642985414646545,0.05254239581890388,0.07708593204447976,0.07957577125019859,0.07932323017315328,0.061035014983320084
