,Agric,Food ,Soda ,Beer ,Smoke,Toys ,Fun  ,Books,Hshld,Clths,Hlth ,MedEq,Drugs,Chems,Rubbr,Txtls,BldMt,Cnstr,Steel,FabPr,Mach ,ElcEq,Autos,Aero ,Ships,Guns ,Gold ,Mines,Coal ,Oil  ,Util ,Telcm,PerSv,BusSv,Hardw,Softw,Chips,LabEq,Paper,Boxes,Trans,Whlsl,Rtail,Meals,Banks,Insur,RlEst,Fin  ,Other
Agric,0.09244988794916599,0.03569269682605243,0.03528190911517077,0.022848082198570298,0.031092876930897535,0.03780473082128673,0.05086721155837965,0.06215592227482128,0.04924308643685464,0.05059180200158854,0.03937506049245433,0.0393474069451946,0.042964328673550434,0.0607310899444003,0.05213273981254966,0.049174815586973786,0.05609238412073072,0.0749608227164416,0.0808020233455123,0.07387990835901509,0.065126954725973,0.05297703152978555,0.06629741188244638,0.052320313702938825,0.06657044057188244,0.0444071108943606,0.05613711975853852,0.06962857802065131,0.09783969415091343,0.0755363924511517,0.037173631949166,0.054503107857029415,0.04867101258776806,0.0451776189864972,0.05046142955361397,0.04627606316759333,0.05045321845909451,0.04544200646227163,0.06407027796028594,0.05226503898967435,0.0552877989833201,0.04905243828435265,0.05455773120889597,0.04782432594757744,0.0407271939698173,0.056086740397140594,0.060980900962668796,0.05984613261953932,0.047185592082605234
Food ,0.03569269682605243,0.03933076271803018,0.034078654922954726,0.02329371633359809,0.028298024327243845,0.035822113687053216,0.04680285308657665,0.054417382567116764,0.042260903274027,0.04675953220810166,0.03526129285941223,0.033929389278792695,0.03789875123113581,0.052527344106433685,0.04702152940587768,0.040714988405083405,0.04838528135345513,0.06381071406671963,0.06844223262589359,0.06022576551389991,0.05575694542494041,0.04695426547100875,0.06208269003177124,0.04653835122001588,0.0582054587926926,0.03848560629706116,0.04351350223828436,0.055691877795075465,0.07865694215885623,0.061077924319301036,0.033715921105639396,0.049263608662430486,0.04481560677045274,0.040878572845115146,0.04353454934392374,0.040560952894360604,0.043419666870532156,0.03960280213502779,0.05679223506433678,0.048232876675139015,0.049339006266878475,0.04290254346306591,0.04942488830500397,0.04346984789833202,0.03593423077362987,0.052309419499602855,0.053617708297061153,0.05314754311675933,0.04167369238760919
Soda ,0.03528190911517077,0.034078654922954726,0.06925534232883242,0.026228770942017473,0.02912834693566323,0.03715220524861,0.045583004530579826,0.05198362049880857,0.041862730474980146,0.045001665464654485,0.03487299140587768,0.034858633096108024,0.03847448816521048,0.05298623213661637,0.04615555833836379,0.03926466823510722,0.04666536331691818,0.06019627096108022,0.06722988402223988,0.059061715320095305,0.05482887769658457,0.04680932917553613,0.05861031111993646,0.04708043997140588,0.05695248381254962,0.037753083107227955,0.045971294211278796,0.056958138185861776,0.076026902725973,0.06115212477521843,0.03526076610643368,0.05040998589674345,0.044177746732327244,0.04024905049086577,0.04493526822557584,0.04103906671644163,0.04464213069102462,0.039593327904686254,0.052969339987291496,0.04692833302303415,0.04795120922954726,0.04340719987291501,0.04873369164733917,0.04316568836854646,0.034794257232724383,0.051063094408260526,0.053853891154884814,0.05304418673232724,0.04012416640508339
Beer ,0.022848082198570298,0.02329371633359809,0.026228770942017473,0.0480050143034154,0.020708234706910248,0.02723074295790309,0.030995016133439232,0.03528741256870532,0.028016124848292304,0.032274176711675935,0.02353237362986497,0.02350597050357426,0.025101053756949952,0.037004301350278004,0.0312108005909452,0.026624591027799845,0.032181850522637015,0.04141572934074661,0.04745717448133439,0.040659945912629065,0.037989412899126294,0.031016526462271633,0.0424050768228753,0.03342576930262113,0.037985606449563156,0.02588993688324067,0.034751576501985716,0.03908111412867356,0.053301158678316134,0.04247916693884034,0.02558766492772041,0.033777491590150914,0.030118893826846706,0.02680711989197776,0.029392472730738677,0.028444454907069094,0.029308788085782366,0.027097672832406678,0.03729888863542495,0.030735832889594916,0.03312575685464655,0.029667211977760132,0.033194080279586965,0.030043075939634643,0.02270234424781572,0.03492362687847498,0.03722094048610007,0.03501224715488482,0.02848386458459094
Smoke,0.031092876930897535,0.028298024327243845,0.02912834693566323,0.020708234706910248,0.07136357985067514,0.02920178815567911,0.03633380586497219,0.042883350760921354,0.033082686344718025,0.03810901780778394,0.028318150611596503,0.027397018354249403,0.031157800413026213,0.043656376250992855,0.03795505330262112,0.03254525647974583,0.03804390628752978,0.04701124150913424,0.054168352266878474,0.047221577464654496,0.04537829885623511,0.037875720629070686,0.04835613666401904,0.03907069077362987,0.04608033146942018,0.03337471217791897,0.037274346792692606,0.04315814698649721,0.06404292992216043,0.052444647602859405,0.030739410490865766,0.04008736921683876,0.03560976932168387,0.031450692333598096,0.03570186441302622,0.03241233734392375,0.034380833820492444,0.031246117261318512,0.04591198615091341,0.04120145016362193,0.03919669104050833,0.03395379301032565,0.03886358295790309,0.032471969671167576,0.029131589909451944,0.04397121901509133,0.04252561032883241,0.04348678069579032,0.03239586740587768
Toys ,0.03780473082128673,0.035822113687053216,0.03715220524861,0.02723074295790309,0.02920178815567911,0.07458013235266082,0.05654927578713264,0.06229407112946782,0.04967160105798252,0.05498056856235108,0.03945970498808578,0.037313653258141385,0.042998834916600476,0.061108330246227145,0.05374786304368546,0.049164264123907855,0.05676532262430501,0.0741705076250993,0.0771726149451946,0.06920911454487688,0.06387044154090549,0.054877560133439224,0.07336459353455123,0.05279515999682288,0.06695337969817314,0.04362820817156474,0.051989512841938056,0.06289294648451148,0.08595557022081014,0.07166196351707703,0.03670035703891979,0.05775197273709293,0.050083276460683085,0.04611801880222398,0.051251968279586974,0.046149003021445596,0.05161219715647338,0.046572870157267666,0.06642816679586974,0.05412252950277997,0.05689925418586181,0.04917958046068308,0.057401664857823664,0.05079161549166005,0.04182960163939634,0.059191458824463854,0.0660249325782367,0.06062359159968227,0.04867496595393168
Fun  ,0.05086721155837965,0.04680285308657665,0.045583004530579826,0.030995016133439232,0.03633380586497219,0.05654927578713264,0.08545162472438445,0.08299106168069897,0.06440199342017475,0.07089888811755363,0.050236729388403484,0.04922321918665608,0.05509431736298649,0.07772896446386021,0.06724408075933277,0.06402764708181095,0.07335013791262905,0.09741566330420971,0.10032096464495631,0.08770197740746626,0.08164024894360603,0.06848064821604447,0.09526164570293888,0.06636099265131054,0.0860881309928515,0.05562981822398727,0.06488876035266082,0.08384630042255758,0.1149557815758538,0.08933825439555203,0.04454596134710088,0.07360407643208895,0.06662971077998411,0.059793902411437644,0.06530120498173153,0.05950788286894359,0.06548643277204132,0.05829897072597298,0.08542090235742654,0.06929155692772042,0.07370089564733914,0.06258659177124701,0.07571295943447177,0.06735200707863383,0.05385444110563939,0.07501897393169181,0.08207078003812547,0.07903275497378871,0.06195434176965845
Books,0.06215592227482128,0.054417382567116764,0.05198362049880857,0.03528741256870532,0.042883350760921354,0.06229407112946782,0.08299106168069897,0.13171842013661633,0.07816698269420176,0.08333558085782367,0.05896840802223986,0.05631354161397935,0.06263339332803813,0.09084114333598092,0.08265649408419383,0.07822988385385223,0.08534337425258141,0.1131965312311358,0.11560071149801429,0.10145118761874504,0.0973642321048451,0.07951080051469421,0.11304414969023036,0.07857826957585387,0.10416912015885621,0.06568170129308977,0.06823236586814932,0.08955548630976966,0.1318230658522637,0.10328682184908654,0.05345500799999999,0.08789557762986497,0.07908276564257347,0.07094955103415408,0.0752185702494043,0.07016879072597298,0.07529434733915807,0.06781975536775217,0.10172959218109609,0.0800790007339158,0.08593914746624304,0.07326875259729945,0.08894284150595712,0.07789708958220809,0.0652721454042891,0.09013360621127879,0.09960819135504367,0.09145766381572673,0.07092564693884035
Hshld,0.04924308643685464,0.042260903274027,0.041862730474980146,0.028016124848292304,0.033082686344718025,0.04967160105798252,0.06440199342017475,0.07816698269420176,0.07236664891342336,0.06619011654487689,0.04583857247815727,0.04448507861953932,0.048783572549642565,0.07175046226370134,0.06451300028752978,0.0597156176028594,0.06710490667513899,0.08955826005559968,0.09156578569976172,0.07968350826211279,0.07547718355043685,0.06301523341382047,0.08698781934074662,0.062190475636219225,0.08027257399523431,0.049164084041302625,0.05829876247656869,0.07428193561874503,0.1015864673375695,0.08021449750436853,0.041593646983320104,0.06590879817791898,0.05916212318030184,0.05452990723749008,0.05890047566640191,0.05400998901826846,0.0588449908101668,0.05379374373947576,0.07721901107704525,0.062449454816521026,0.06776313640190629,0.05751080112787927,0.06886079010007942,0.0605476805909452,0.050265374125496434,0.0681801974503574,0.07571298127561558,0.07135219229864972,0.056290659440826035
Clths,0.05059180200158854,0.04675953220810166,0.045001665464654485,0.032274176711675935,0.03810901780778394,0.05498056856235108,0.07089888811755363,0.08333558085782367,0.06619011654487689,0.08740047446386019,0.04969624366163622,0.04823448696584591,0.0529147441143765,0.07766509865766479,0.06918061123907862,0.06390448679110405,0.0726968769499603,0.1020876841858618,0.09992267200953138,0.08911629532168389,0.08272518131056393,0.06884708144559175,0.09499110837966637,0.06923801457505957,0.0885716241938046,0.0546298491818904,0.06097569630659253,0.07963181998411438,0.11365122645750592,0.08644496299444004,0.04567264832406672,0.07190675398729152,0.06529092233518666,0.05960267137410641,0.06501008787926926,0.05984620229547257,0.06487092127879268,0.058720498935663244,0.08501694607625099,0.06941982717235902,0.07503920822081016,0.06329898108022239,0.08004896527402701,0.06863514042891186,0.052845238379666405,0.07567046602859412,0.08195984262907068,0.07845380889594918,0.06122271760127085
Hlth ,0.03937506049245433,0.03526129285941223,0.03487299140587768,0.02353237362986497,0.028318150611596503,0.03945970498808578,0.050236729388403484,0.05896840802223986,0.04583857247815727,0.04969624366163622,0.04639821794281175,0.0390808302065131,0.042712952311358215,0.05668238328038126,0.05008225462271644,0.04524309182684671,0.052175286354249395,0.0683968295552025,0.07245423890389197,0.06486799411437646,0.05974551819698171,0.05000479096108021,0.06679739208101668,0.049024539610802206,0.06291522206513105,0.04117679396346305,0.048695064297061164,0.05859496311358223,0.08195106030976965,0.06649259592533756,0.03524723075456711,0.05254066030976966,0.048951850246227176,0.04401477002382844,0.04741279548848293,0.04367976021445592,0.047267827664813335,0.043813414678316134,0.0609185808181096,0.05025912498014296,0.05256672296266877,0.04643168738681493,0.05230191418586178,0.04623558729150119,0.037888260905480545,0.055530621501191424,0.05857252550436853,0.05542270948371724,0.044811814503574264
MedEq,0.0393474069451946,0.033929389278792695,0.034858633096108024,0.02350597050357426,0.027397018354249403,0.037313653258141385,0.04922321918665608,0.05631354161397935,0.04448507861953932,0.04823448696584591,0.0390808302065131,0.043975254727561544,0.043229455663224794,0.055765916211278785,0.048697611471008734,0.04395888181254964,0.05088743350595712,0.06695386091342331,0.07171718782843524,0.06269717701509131,0.058517900754567115,0.049654236400317714,0.06435815017474186,0.04785166292772041,0.060391885131056415,0.04072123177760127,0.04732967488324067,0.06004834184590944,0.08277068246068307,0.06526605585226368,0.03429327112946784,0.05168414241938045,0.04709424006671961,0.04337766758697379,0.046980617747418595,0.043511398708498815,0.04706511449563146,0.043506497607625115,0.0584059259618745,0.047474139931691806,0.05134870113582209,0.04533037818903892,0.05077619375377285,0.044386345181890385,0.03714673736616362,0.05308979090548053,0.05699982721683877,0.05484060418109611,0.04421836882922954
Drugs,0.042964328673550434,0.03789875123113581,0.03847448816521048,0.025101053756949952,0.031157800413026213,0.042998834916600476,0.05509431736298649,0.06263339332803813,0.048783572549642565,0.0529147441143765,0.042712952311358215,0.043229455663224794,0.055833462557585374,0.06270656397140587,0.0536499370293884,0.047356970897537716,0.05614311660047657,0.07502025559968224,0.07925854446386023,0.06940875002382846,0.06485830341540906,0.05523372285941223,0.07126755555202541,0.05347947574265292,0.06670943113582206,0.04638988308181096,0.053276705385226365,0.06717136918189039,0.09021340050833994,0.07264655170770454,0.03799210332009531,0.058102155679110395,0.05124408505162828,0.048427454487688634,0.05270420930897536,0.04841056822875296,0.05289311980937252,0.048302378363780776,0.06528741054805401,0.05316221480540112,0.05716277385226369,0.05019093464654489,0.05664380597299442,0.049800853915806194,0.040711384336775215,0.05824594665607625,0.06227504549642573,0.06067046401906275,0.04875643472597298
Chems,0.0607310899444003,0.052527344106433685,0.05298623213661637,0.037004301350278004,0.043656376250992855,0.061108330246227145,0.07772896446386021,0.09084114333598092,0.07175046226370134,0.07766509865766479,0.05668238328038126,0.055765916211278785,0.06270656397140587,0.1032377598014297,0.0782032273629865,0.06840305830818111,0.08146220692613186,0.11094917754567116,0.12143813771247021,0.10416394677521844,0.09707932629864972,0.07997724071485308,0.10689629749801431,0.07789612629864971,0.09827220090548051,0.06289472225575854,0.0879473254884829,0.10441684155679107,0.1489500595472597,0.11337286410643369,0.055806381350277996,0.08261393535345513,0.0714039622398729,0.06707018330420969,0.07344490732327245,0.06902646083399525,0.07464034096108024,0.06688411739475773,0.09449455060365367,0.08027970626687844,0.08220835927720416,0.07209447588562348,0.08147475888800634,0.07202613988880065,0.05872874926131849,0.0849563966878475,0.09146916731532963,0.08766346741858616,0.06879685510722797
Rubbr,0.05213273981254966,0.04702152940587768,0.04615555833836379,0.0312108005909452,0.03795505330262112,0.05374786304368546,0.06724408075933277,0.08265649408419383,0.06451300028752978,0.06918061123907862,0.05008225462271644,0.048697611471008734,0.0536499370293884,0.0782032273629865,0.08933964869102462,0.06226232980301827,0.0717791909960286,0.09271791042891184,0.10050245315011916,0.08752961604606833,0.08300072618745034,0.06878190070532167,0.09329795238284351,0.06832445658935664,0.08719255518665607,0.05414546323113582,0.06028543648768863,0.07887958311675933,0.11124354925972993,0.08964827134074661,0.04763390369499602,0.07140935355520252,0.06451995657188245,0.05913861093884033,0.0645082388435266,0.05925625686576648,0.06412103829229547,0.05850254802859411,0.08394340403971402,0.06932852196505164,0.07277459532168386,0.06277315617156472,0.07212299372200157,0.062374810122319296,0.05338381078951549,0.07514984563145351,0.08033134450039715,0.0763897852454329,0.06045155688324067
Txtls,0.049174815586973786,0.040714988405083405,0.03926466823510722,0.026624591027799845,0.03254525647974583,0.049164264123907855,0.06402764708181095,0.07822988385385223,0.0597156176028594,0.06390448679110405,0.04524309182684671,0.04395888181254964,0.047356970897537716,0.06840305830818111,0.06226232980301827,0.0974354503113582,0.06720141574583001,0.08831554220015883,0.08973187326131851,0.07717369944559173,0.07393910099285148,0.05964797012549642,0.08351719120730737,0.058764167439237486,0.07886556694201749,0.05032828877521842,0.05991352694042891,0.0740268810039714,0.09956627815567912,0.080799157949166,0.039800535593328044,0.0634787596235107,0.057332265197776004,0.05161064436219221,0.0556022311548848,0.05180205797776012,0.05602183082605241,0.05226893652740269,0.07815510929785542,0.06057960895472597,0.06576284367752185,0.05617545313741064,0.06576328824146148,0.05880166171882446,0.04700795430023829,0.06725058075456711,0.07544966634312947,0.06702289339475774,0.05350520504845114
BldMt,0.05609238412073072,0.04838528135345513,0.04666536331691818,0.032181850522637015,0.03804390628752978,0.05676532262430501,0.07335013791262905,0.08534337425258141,0.06710490667513899,0.0726968769499603,0.052175286354249395,0.05088743350595712,0.05614311660047657,0.08146220692613186,0.0717791909960286,0.06720141574583001,0.08401888048292297,0.10350353509134233,0.10805175716600475,0.09429556735822082,0.08758610258935662,0.07242299397617152,0.09731282262112788,0.07148163519618747,0.09122743523431295,0.057559986446386,0.07038803591421763,0.08867530227799839,0.12542966409531375,0.09702586501667991,0.048672934093725174,0.07473456561715648,0.06762702332644954,0.06198781841461477,0.06702328702779983,0.06114948175377282,0.06694163812549643,0.06098370209372516,0.08756548123272437,0.07297566513741063,0.07637360756155678,0.06565803714058777,0.07684794833359809,0.06668381865607624,0.05557888645591739,0.07802180527402701,0.08580627468784752,0.081254016050834,0.06331691300397141
Cnstr,0.0749608227164416,0.06381071406671963,0.06019627096108022,0.04141572934074661,0.04701124150913424,0.0741705076250993,0.09741566330420971,0.1131965312311358,0.08955826005559968,0.1020876841858618,0.0683968295552025,0.06695386091342331,0.07502025559968224,0.11094917754567116,0.09271791042891184,0.08831554220015883,0.10350353509134233,0.202124999451946,0.14755031356632253,0.12521886183478953,0.11712742420174743,0.0979866616203336,0.13108110011914217,0.09300030455123118,0.12159694536934074,0.07548750500397139,0.10486664270849883,0.12279221556791105,0.17590212879269262,0.13194776223193014,0.06344526652899127,0.09947991195393167,0.08932627772835586,0.08305712335186657,0.08916619224781573,0.08308116979348693,0.09064345961080224,0.08150467911040508,0.11815580580619539,0.09695448092930897,0.10284937841938044,0.08705102254169976,0.10532632575059571,0.09159989690230345,0.07721279027799842,0.11305789627482128,0.11462339258935664,0.1099774268149325,0.08573513361397936
Steel,0.0808020233455123,0.06844223262589359,0.06722988402223988,0.04745717448133439,0.054168352266878474,0.0771726149451946,0.10032096464495631,0.11560071149801429,0.09156578569976172,0.09992267200953138,0.07245423890389197,0.07171718782843524,0.07925854446386023,0.12143813771247021,0.10050245315011916,0.08973187326131851,0.10805175716600475,0.14755031356632253,0.17496312388244634,0.14078031593010323,0.12851156468625893,0.10451928259253375,0.13634855836378076,0.1017853580841938,0.12849593455123112,0.08180429647656871,0.12584632251310565,0.14547955999364579,0.21210742634154092,0.15472391263224783,0.07108375651787134,0.10463697514535342,0.09208461365528196,0.0865042410929309,0.09642588739634626,0.08720407054169976,0.09673727559968229,0.08693602111517076,0.12010154925178715,0.10526116852422555,0.10681300938840349,0.09439414614773627,0.10436186494678318,0.09228819541858617,0.07320288987450359,0.10793526082605241,0.11739614146783162,0.11283792390150912,0.0901336348594122
FabPr,0.07387990835901509,0.06022576551389991,0.059061715320095305,0.040659945912629065,0.047221577464654496,0.06920911454487688,0.08770197740746626,0.10145118761874504,0.07968350826211279,0.08911629532168389,0.06486799411437646,0.06269717701509131,0.06940875002382846,0.10416394677521844,0.08752961604606833,0.07717369944559173,0.09429556735822082,0.12521886183478953,0.14078031593010323,0.1588177393661636,0.11174360966640191,0.09223804936298649,0.11994685085782367,0.09078795153772837,0.11361294530579828,0.0713018696489277,0.10151898808419382,0.11780227992374899,0.17501113945830027,0.1304777440174742,0.06180322185226368,0.09049505082287526,0.08135198532486104,0.07637459562509925,0.08542185294996027,0.0773301055234313,0.0846020449483717,0.07641495533598097,0.10622614909134231,0.09217156836695789,0.0926722852501986,0.08299957999999999,0.0924195309737887,0.08073025927243845,0.06578629603177125,0.09394869679904685,0.10224128322954726,0.09930447906592531,0.0793735763590151
Mach ,0.065126954725973,0.05575694542494041,0.05482887769658457,0.037989412899126294,0.04537829885623511,0.06387044154090549,0.08164024894360603,0.0973642321048451,0.07547718355043685,0.08272518131056393,0.05974551819698171,0.058517900754567115,0.06485830341540906,0.09707932629864972,0.08300072618745034,0.07393910099285148,0.08758610258935662,0.11712742420174743,0.12851156468625893,0.11174360966640191,0.10696336520254168,0.08418570619539317,0.11169397617950752,0.08295266871326451,0.10526755563145353,0.0669532916282764,0.0905673956235107,0.10825871409054803,0.1567318840270056,0.11999383413026209,0.05761550430500395,0.08594086191421764,0.07576143941223192,0.07117644023828434,0.07869220127084987,0.07188005745035744,0.07881998399523432,0.07139669966640189,0.09999147109610804,0.08424960540905481,0.08653895468625894,0.07620398482922956,0.08608449483717234,0.07537342103256552,0.061706881143764894,0.08866547568705323,0.09662325600476569,0.09280033744241462,0.07337453704527404
ElcEq,0.05297703152978555,0.04695426547100875,0.04680932917553613,0.031016526462271633,0.037875720629070686,0.054877560133439224,0.06848064821604447,0.07951080051469421,0.06301523341382047,0.06884708144559175,0.05000479096108021,0.049654236400317714,0.05523372285941223,0.07997724071485308,0.06878190070532167,0.05964797012549642,0.07242299397617152,0.0979866616203336,0.10451928259253375,0.09223804936298649,0.08418570619539317,0.07953821991421763,0.09189976198570293,0.06901369093248609,0.08646345073868149,0.05741706439396345,0.06906582958856236,0.08790308242732328,0.1257846124003177,0.09616896220174743,0.047137347107227945,0.07221565379189833,0.06327854695472597,0.05972030186497219,0.06572365037013501,0.06047533118030182,0.06630331362986497,0.05968267602223985,0.08245418551548846,0.06943597165687053,0.07241096449563146,0.063028002700556,0.07126900691342333,0.06220528172835583,0.05222902063224781,0.07431033021445589,0.08035202522954725,0.07748950158538523,0.061580964467037334
Autos,0.06629741188244638,0.06208269003177124,0.05861031111993646,0.0424050768228753,0.04835613666401904,0.07336459353455123,0.09526164570293888,0.11304414969023036,0.08698781934074662,0.09499110837966637,0.06679739208101668,0.06435815017474186,0.07126755555202541,0.10689629749801431,0.09329795238284351,0.08351719120730737,0.09731282262112788,0.13108110011914217,0.13634855836378076,0.11994685085782367,0.11169397617950752,0.09189976198570293,0.14385406995234315,0.09054011851469419,0.11778208440031773,0.07359336365369343,0.09089416428117557,0.10992054830818113,0.15813619441620336,0.12149615935663222,0.061046786497220014,0.09676621497220013,0.08659753520254172,0.07911332068308183,0.0859349183161239,0.0791009263463066,0.08627865250992853,0.07850328730738682,0.11695825684670372,0.09370439506751391,0.09860735841938048,0.08412471776012707,0.09927409585385225,0.08801500250992852,0.07141532683081811,0.10018309133439238,0.10757194494837169,0.1032511749324861,0.08252578965845908
Aero ,0.052320313702938825,0.04653835122001588,0.04708043997140588,0.03342576930262113,0.03907069077362987,0.05279515999682288,0.06636099265131054,0.07857826957585387,0.062190475636219225,0.06923801457505957,0.049024539610802206,0.04785166292772041,0.05347947574265292,0.07789612629864971,0.06832445658935664,0.058764167439237486,0.07148163519618747,0.09300030455123118,0.1017853580841938,0.09078795153772837,0.08295266871326451,0.06901369093248609,0.09054011851469419,0.08469316126926135,0.08486298721207307,0.057655402052422554,0.06590040129785545,0.08225900043844322,0.11741225665925335,0.09112479611914218,0.04865051159332803,0.07076738948212866,0.06305938018427325,0.0586267624432089,0.06435346480698967,0.05892631714217633,0.06425434030976968,0.05794382997934868,0.08188307338999204,0.06918327949324861,0.07263412161239076,0.06253493688641779,0.07202985922795868,0.06296663996187452,0.05058095309928513,0.07411278167593324,0.07788739628117551,0.07671220682446386,0.06009159039555202
Ships,0.06657044057188244,0.0582054587926926,0.05695248381254962,0.037985606449563156,0.04608033146942018,0.06695337969817314,0.0860881309928515,0.10416912015885621,0.08027257399523431,0.0885716241938046,0.06291522206513105,0.060391885131056415,0.06670943113582206,0.09827220090548051,0.08719255518665607,0.07886556694201749,0.09122743523431295,0.12159694536934074,0.12849593455123112,0.11361294530579828,0.10526755563145353,0.08646345073868149,0.11778208440031773,0.08486298721207307,0.13654790147736298,0.0696068726290707,0.0860345250675139,0.10551032241461479,0.14935013714058776,0.1154571758697379,0.057748492231930106,0.08884596198570292,0.08090962255758538,0.0740079818268467,0.08053220073073866,0.07375245259729944,0.08023080169976173,0.07299580886417792,0.10518419842732327,0.0864790554567117,0.09359136525814138,0.0791702489277204,0.09290985315329628,0.0812920765687053,0.06572021976171565,0.0932070241302621,0.10062899159650515,0.09531411510722795,0.07671236940428912
Guns ,0.0444071108943606,0.03848560629706116,0.037753083107227955,0.02588993688324067,0.03337471217791897,0.04362820817156474,0.05562981822398727,0.06568170129308977,0.049164084041302625,0.0546298491818904,0.04117679396346305,0.04072123177760127,0.04638988308181096,0.06289472225575854,0.05414546323113582,0.05032828877521842,0.057559986446386,0.07548750500397139,0.08180429647656871,0.0713018696489277,0.0669532916282764,0.05741706439396345,0.07359336365369343,0.057655402052422554,0.0696068726290707,0.09047815843685465,0.05624032031135821,0.06916522317394756,0.09443064558538523,0.07428936062907068,0.03873490459729945,0.05933049479269261,0.052686837407466235,0.04854404515329626,0.05218377872597299,0.04841237631135822,0.05244129849086577,0.04797687338522637,0.06785215951072279,0.056487086049245426,0.059304861223193006,0.05084689455123111,0.05743142788244638,0.05049379194281177,0.04161826025099285,0.05972616177918983,0.0643629087720413,0.06243744649404288,0.0485437440381255
Gold ,0.05613711975853852,0.04351350223828436,0.045971294211278796,0.034751576501985716,0.037274346792692606,0.051989512841938056,0.06488876035266082,0.06823236586814932,0.05829876247656869,0.06097569630659253,0.048695064297061164,0.04732967488324067,0.053276705385226365,0.0879473254884829,0.06028543648768863,0.05991352694042891,0.07038803591421763,0.10486664270849883,0.12584632251310565,0.10151898808419382,0.0905673956235107,0.06906582958856236,0.09089416428117557,0.06590040129785545,0.0860345250675139,0.05624032031135821,0.2890003589054805,0.15091629678792692,0.18799033995393163,0.131887799604448,0.05037742440667196,0.0678167985019857,0.05456031558061955,0.056246148934074675,0.06141080090230341,0.05689351015567911,0.06398727808578236,0.05706064167752184,0.07882436339475776,0.06973144708975378,0.0622527921604448,0.0621345137887212,0.061351487517077044,0.05509476836854645,0.039031870989674325,0.06647723436854648,0.07291266484034949,0.07186413704209693,0.05940661264813344
Mines,0.06962857802065131,0.055691877795075465,0.056958138185861776,0.03908111412867356,0.04315814698649721,0.06289294648451148,0.08384630042255758,0.08955548630976966,0.07428193561874503,0.07963181998411438,0.05859496311358223,0.06004834184590944,0.06717136918189039,0.10441684155679107,0.07887958311675933,0.0740268810039714,0.08867530227799839,0.12279221556791105,0.14547955999364579,0.11780227992374899,0.10825871409054803,0.08790308242732328,0.10992054830818113,0.08225900043844322,0.10551032241461479,0.06916522317394756,0.15091629678792692,0.1695647740492454,0.1982120258745036,0.14335097430976965,0.058219635507545685,0.08534567001747417,0.07124409001429703,0.07152519309293089,0.07855130024463858,0.07149591654328832,0.08053642452740267,0.07248063375377284,0.09673953355996824,0.08534398526449562,0.08389564054011119,0.07764744165210485,0.08245157254328832,0.07431519864019061,0.05672341481175536,0.08420141416997617,0.09182321292454329,0.09238829033200952,0.07450537073232723
Coal ,0.09783969415091343,0.07865694215885623,0.076026902725973,0.053301158678316134,0.06404292992216043,0.08595557022081014,0.1149557815758538,0.1318230658522637,0.1015864673375695,0.11365122645750592,0.08195106030976965,0.08277068246068307,0.09021340050833994,0.1489500595472597,0.11124354925972993,0.09956627815567912,0.12542966409531375,0.17590212879269262,0.21210742634154092,0.17501113945830027,0.1567318840270056,0.1257846124003177,0.15813619441620336,0.11741225665925335,0.14935013714058776,0.09443064558538523,0.18799033995393163,0.1982120258745036,0.3644067565544082,0.2216705791596505,0.08822997630500393,0.1205418607577442,0.10166941289594915,0.09896422683717235,0.11029186797140586,0.0990152268991263,0.11120856254964256,0.0993352830119142,0.13841494031294677,0.12223962181572677,0.1175708758617951,0.10893279274027004,0.1149900334741859,0.10227678650992852,0.0792549197585385,0.12144066240667199,0.13272715962986498,0.12786146066401907,0.10556023364892769
Oil  ,0.0755363924511517,0.061077924319301036,0.06115212477521843,0.04247916693884034,0.052444647602859405,0.07166196351707703,0.08933825439555203,0.10328682184908654,0.08021449750436853,0.08644496299444004,0.06649259592533756,0.06526605585226368,0.07264655170770454,0.11337286410643369,0.08964827134074661,0.080799157949166,0.09702586501667991,0.13194776223193014,0.15472391263224783,0.1304777440174742,0.11999383413026209,0.09616896220174743,0.12149615935663222,0.09112479611914218,0.1154571758697379,0.07428936062907068,0.131887799604448,0.14335097430976965,0.2216705791596505,0.1772734231787132,0.07138286100714852,0.09528302982843528,0.08025878890865767,0.07732870378713268,0.08597636423828436,0.07765126894837174,0.08722911214455918,0.0782399939571088,0.10848002401429706,0.09415171511199363,0.09032827470214454,0.08458877704527404,0.08775671935186655,0.07785945338840353,0.06434090409531375,0.09681647192216046,0.10671978061477365,0.0994278750881652,0.08260666510246228
Util ,0.037173631949166,0.033715921105639396,0.03526076610643368,0.02558766492772041,0.030739410490865766,0.03670035703891979,0.04454596134710088,0.05345500799999999,0.041593646983320104,0.04567264832406672,0.03524723075456711,0.03429327112946784,0.03799210332009531,0.055806381350277996,0.04763390369499602,0.039800535593328044,0.048672934093725174,0.06344526652899127,0.07108375651787134,0.06180322185226368,0.05761550430500395,0.047137347107227945,0.061046786497220014,0.04865051159332803,0.057748492231930106,0.03873490459729945,0.05037742440667196,0.058219635507545685,0.08822997630500393,0.07138286100714852,0.045799020200158844,0.050024026446386025,0.04384647261636219,0.04029643449722,0.04358646054328833,0.04101648459412231,0.04333900613185068,0.039345191904686265,0.05671943645432883,0.05047640275138999,0.04808384883240667,0.04305045807783955,0.048159063459888796,0.04089529727084988,0.03502246515011915,0.05443436835583796,0.05399131308657664,0.05283442972517871,0.04239308033042098
Telcm,0.054503107857029415,0.049263608662430486,0.05040998589674345,0.033777491590150914,0.04008736921683876,0.05775197273709293,0.07360407643208895,0.08789557762986497,0.06590879817791898,0.07190675398729152,0.05254066030976966,0.05168414241938045,0.058102155679110395,0.08261393535345513,0.07140935355520252,0.0634787596235107,0.07473456561715648,0.09947991195393167,0.10463697514535342,0.09049505082287526,0.08594086191421764,0.07221565379189833,0.09676621497220013,0.07076738948212866,0.08884596198570292,0.05933049479269261,0.0678167985019857,0.08534567001747417,0.1205418607577442,0.09528302982843528,0.050024026446386025,0.08452343018109611,0.06808694088324067,0.062289347923748996,0.0685064030754567,0.06320271634789518,0.0682040153216839,0.0607771754598888,0.08829852825893565,0.07101117849245432,0.07611059722795868,0.0652640033200953,0.07711316966481334,0.06767937460841936,0.055576462646544866,0.0797730617077045,0.08574179713899921,0.08196452186814931,0.06343473225416997
PerSv,0.04867101258776806,0.04481560677045274,0.044177746732327244,0.030118893826846706,0.03560976932168387,0.050083276460683085,0.06662971077998411,0.07908276564257347,0.05916212318030184,0.06529092233518666,0.048951850246227176,0.04709424006671961,0.05124408505162828,0.0714039622398729,0.06451995657188245,0.057332265197776004,0.06762702332644954,0.08932627772835586,0.09208461365528196,0.08135198532486104,0.07576143941223192,0.06327854695472597,0.08659753520254172,0.06305938018427325,0.08090962255758538,0.052686837407466235,0.05456031558061955,0.07124409001429703,0.10166941289594915,0.08025878890865767,0.04384647261636219,0.06808694088324067,0.07615168521683878,0.0562993103923749,0.06038636277045274,0.0562970505702939,0.05994081164416202,0.05464832986179507,0.07936113379825258,0.06410331373153295,0.06809561542494041,0.05902597029388403,0.07050899900873711,0.061133411094519446,0.05041724534392374,0.0713191463542494,0.07792889996187448,0.07315868267513898,0.05622717651469419
BusSv,0.0451776189864972,0.040878572845115146,0.04024905049086577,0.02680711989197776,0.031450692333598096,0.04611801880222398,0.059793902411437644,0.07094955103415408,0.05452990723749008,0.05960267137410641,0.04401477002382844,0.04337766758697379,0.048427454487688634,0.06707018330420969,0.05913861093884033,0.05161064436219221,0.06198781841461477,0.08305712335186657,0.0865042410929309,0.07637459562509925,0.07117644023828434,0.05972030186497219,0.07911332068308183,0.0586267624432089,0.0740079818268467,0.04854404515329626,0.056246148934074675,0.07152519309293089,0.09896422683717235,0.07732870378713268,0.04029643449722,0.062289347923748996,0.0562993103923749,0.05487977657823669,0.05630891001111993,0.05239018291024622,0.05662452643367752,0.05127111282605243,0.07131614871803019,0.05954707098014297,0.062366306735504376,0.05439689080222398,0.06293148455599684,0.055051043704527396,0.04491372821604447,0.0644140058935663,0.06867318846386021,0.06692916211596503,0.05256463956791106
Hardw,0.05046142955361397,0.04353454934392374,0.04493526822557584,0.029392472730738677,0.03570186441302622,0.051251968279586974,0.06530120498173153,0.0752185702494043,0.05890047566640191,0.06501008787926926,0.04741279548848293,0.046980617747418595,0.05270420930897536,0.07344490732327245,0.0645082388435266,0.0556022311548848,0.06702328702779983,0.08916619224781573,0.09642588739634626,0.08542185294996027,0.07869220127084987,0.06572365037013501,0.0859349183161239,0.06435346480698967,0.08053220073073866,0.05218377872597299,0.06141080090230341,0.07855130024463858,0.11029186797140586,0.08597636423828436,0.04358646054328833,0.0685064030754567,0.06038636277045274,0.05630891001111993,0.07039821754408257,0.058276119974582985,0.06448072146147737,0.056969844047656856,0.07769627919936456,0.06510786685305797,0.06784833502779984,0.059109083113582234,0.06879675494201744,0.06044329652740269,0.0484452868689436,0.0691769157426529,0.07409061098649723,0.07353401684511517,0.05757987379825258
Softw,0.04627606316759333,0.040560952894360604,0.04103906671644163,0.028444454907069094,0.03241233734392375,0.046149003021445596,0.05950788286894359,0.07016879072597298,0.05400998901826846,0.05984620229547257,0.04367976021445592,0.043511398708498815,0.04841056822875296,0.06902646083399525,0.05925625686576648,0.05180205797776012,0.06114948175377282,0.08308116979348693,0.08720407054169976,0.0773301055234313,0.07188005745035744,0.06047533118030182,0.0791009263463066,0.05892631714217633,0.07375245259729944,0.04841237631135822,0.05689351015567911,0.07149591654328832,0.0990152268991263,0.07765126894837174,0.04101648459412231,0.06320271634789518,0.0562970505702939,0.05239018291024622,0.058276119974582985,0.05674788387450358,0.058283969523431296,0.051717834738681495,0.07214962487847501,0.059442882476568704,0.06290022126290708,0.054674244209690234,0.06335298296425737,0.05538895200000001,0.045391730840349497,0.06477713444797456,0.06950719189992056,0.06830916918824465,0.05243208753931691
Chips,0.05045321845909451,0.043419666870532156,0.04464213069102462,0.029308788085782366,0.034380833820492444,0.05161219715647338,0.06548643277204132,0.07529434733915807,0.0588449908101668,0.06487092127879268,0.047267827664813335,0.04706511449563146,0.05289311980937252,0.07464034096108024,0.06412103829229547,0.05602183082605241,0.06694163812549643,0.09064345961080224,0.09673727559968229,0.0846020449483717,0.07881998399523432,0.06630331362986497,0.08627865250992853,0.06425434030976968,0.08023080169976173,0.05244129849086577,0.06398727808578236,0.08053642452740267,0.11120856254964256,0.08722911214455918,0.04333900613185068,0.0682040153216839,0.05994081164416202,0.05662452643367752,0.06448072146147737,0.058283969523431296,0.0678333552899126,0.057485167498014286,0.07757059136616361,0.0648396087926926,0.0679224662827641,0.059438320333598096,0.06809927355043685,0.05999824270055599,0.0481353695313741,0.06842230988880064,0.07410266078633837,0.07298373591739475,0.057257279857029386
LabEq,0.04544200646227163,0.03960280213502779,0.039593327904686254,0.027097672832406678,0.031246117261318512,0.046572870157267666,0.05829897072597298,0.06781975536775217,0.05379374373947576,0.058720498935663244,0.043813414678316134,0.043506497607625115,0.048302378363780776,0.06688411739475773,0.05850254802859411,0.05226893652740269,0.06098370209372516,0.08150467911040508,0.08693602111517076,0.07641495533598097,0.07139669966640189,0.05968267602223985,0.07850328730738682,0.05794382997934868,0.07299580886417792,0.04797687338522637,0.05706064167752184,0.07248063375377284,0.0993352830119142,0.0782399939571088,0.039345191904686265,0.0607771754598888,0.05464832986179507,0.05127111282605243,0.056969844047656856,0.051717834738681495,0.057485167498014286,0.0564229981509134,0.07076640745353455,0.05834117640667195,0.06153452543288323,0.05405076193804606,0.06114475604765689,0.05428119829706116,0.04405646190309769,0.06255880359015092,0.06707932716759331,0.06589440528673551,0.05238698794598888
Paper,0.06407027796028594,0.05679223506433678,0.052969339987291496,0.03729888863542495,0.04591198615091341,0.06642816679586974,0.08542090235742654,0.10172959218109609,0.07721901107704525,0.08501694607625099,0.0609185808181096,0.0584059259618745,0.06528741054805401,0.09449455060365367,0.08394340403971402,0.07815510929785542,0.08756548123272437,0.11815580580619539,0.12010154925178715,0.10622614909134231,0.09999147109610804,0.08245418551548846,0.11695825684670372,0.08188307338999204,0.10518419842732327,0.06785215951072279,0.07882436339475776,0.09673953355996824,0.13841494031294677,0.10848002401429706,0.05671943645432883,0.08829852825893565,0.07936113379825258,0.07131614871803019,0.07769627919936456,0.07214962487847501,0.07757059136616361,0.07076640745353455,0.11950591583637804,0.0864850459110405,0.08905174544082606,0.07584983623510724,0.08955559028435266,0.07836040571247023,0.06565927659412231,0.09390532906274822,0.09846437839396348,0.09485437321048448,0.07406630515329628
Boxes,0.05226503898967435,0.048232876675139015,0.04692833302303415,0.030735832889594916,0.04120145016362193,0.05412252950277997,0.06929155692772042,0.0800790007339158,0.062449454816521026,0.06941982717235902,0.05025912498014296,0.047474139931691806,0.05316221480540112,0.08027970626687844,0.06932852196505164,0.06057960895472597,0.07297566513741063,0.09695448092930897,0.10526116852422555,0.09217156836695789,0.08424960540905481,0.06943597165687053,0.09370439506751391,0.06918327949324861,0.0864790554567117,0.056487086049245426,0.06973144708975378,0.08534398526449562,0.12223962181572677,0.09415171511199363,0.05047640275138999,0.07101117849245432,0.06410331373153295,0.05954707098014297,0.06510786685305797,0.059442882476568704,0.0648396087926926,0.05834117640667195,0.0864850459110405,0.0911191232073074,0.07414267603653692,0.06315341590150914,0.0738697471262907,0.06431123632088961,0.05255921188880064,0.07699186057982525,0.07964231660206511,0.07936324521683874,0.06088574450516281
