,Agric,Food ,Soda ,Beer ,Smoke,Toys ,Fun  ,Books,Hshld,Clths,Hlth ,MedEq,Drugs,Chems,Rubbr,Txtls,BldMt,Cnstr,Steel,FabPr,Mach ,ElcEq,Autos,Aero ,Ships,Guns ,Gold ,Mines,Coal ,Oil  ,Util ,Telcm,PerSv,BusSv,Hardw,Softw,Chips,LabEq,Paper,Boxes,Trans,Whlsl,Rtail,Meals,Banks,Insur,RlEst,Fin  ,Other
Agric,0.09202460112946784,0.035479803262907075,0.03503176903097697,0.02253385570611596,0.03061534787926926,0.03734880521525019,0.05046625476886417,0.06151738564257347,0.04896254822557585,0.050250304122319296,0.0390272857887212,0.03892990007783955,0.04252705025893567,0.06039497250357425,0.05159856066878475,0.04874311632247815,0.05571277115329627,0.07452718344400315,0.08029462794440032,0.07338220299761715,0.06474878154567117,0.05256745958379666,0.06589688789356632,0.0518264783749007,0.06615959528673548,0.04405435043050039,0.05563719519301033,0.06897914999205719,0.09764851324066719,0.07530476094360603,0.03683972090389198,0.05412518419698172,0.04820527644003179,0.04477673717077046,0.05008684428594123,0.045897850379666406,0.050114096665607615,0.045076214540111195,0.06363479558379667,0.05194926266084193,0.054970130332009516,0.04868194762351072,0.05423548734392377,0.0475324515361398,0.04047736503256552,0.05573103941223192,0.06059055648451149,0.05948886587609213,0.046796490544876876
Food ,0.035479803262907075,0.03919117419539316,0.033928151215250196,0.023125514405083394,0.02816430617950755,0.035649406357426534,0.04659773292772041,0.054136817105639404,0.042168051996822886,0.04669344128673551,0.03510468072438444,0.033754054020651306,0.03772467550754567,0.05241582766322479,0.04680692259571089,0.04058430943606036,0.048208387536139784,0.06364385539634627,0.06828528825099286,0.06002663389674346,0.05559718481652105,0.04682319744559174,0.06184185837331217,0.046352734262112796,0.05810397966957902,0.03823768906115965,0.04342636345671168,0.055399885941223165,0.07872640405083399,0.06110765622875302,0.03361082790468625,0.04908027464336774,0.04455469662589358,0.04070116048610007,0.04333533774741858,0.04038399999364576,0.04325604243685465,0.03947087615885623,0.05661839301032564,0.0480716395393169,0.049162061153296265,0.042725307173947555,0.04926968810484511,0.04330995369023036,0.03581810457823669,0.052176171660047656,0.05345125378554408,0.05303300321842733,0.04150627233042097
Soda ,0.03503176903097697,0.033928151215250196,0.0695002345909452,0.026041524868943608,0.028972341652104855,0.036989708919777584,0.04550943795869737,0.051639017998411425,0.04175230957903097,0.0448588750675139,0.03469336861000793,0.034696583010325646,0.03827726832406672,0.052857322613185063,0.0460294942573471,0.03918032675933279,0.0465388095234313,0.060321379968228755,0.06718748283558383,0.05880280471008738,0.05470648925337568,0.04665265814138205,0.058411586997617164,0.04694704599682287,0.05678066423351866,0.03748976660841938,0.045927118204924545,0.05681315059571086,0.07606711687847499,0.0611281842573471,0.03517673895949166,0.05029282506751388,0.04400612572676728,0.040102103788721206,0.04481681567911039,0.040931029086576635,0.04455103530579824,0.03946893238284352,0.052795781636219216,0.046775917227958694,0.04782508797458301,0.04330821066719619,0.0487103830420969,0.043086257903097704,0.03474026081016679,0.050934865782366945,0.053698632764098496,0.052948946711675916,0.04002733857029387
Beer ,0.02253385570611596,0.023125514405083394,0.026041524868943608,0.04785744524066718,0.020468912772041298,0.027007242177918982,0.030671533930103263,0.035004660292295466,0.027753027920571875,0.0320006625655282,0.02327684909928515,0.02323984121207307,0.024856924711675922,0.036703515817315326,0.03086700377601271,0.026457915083399522,0.03187925210007943,0.04109782266243049,0.047096093482128676,0.04024624911675933,0.03767015674503573,0.03074396561715647,0.042053714969023034,0.03316542279428117,0.03760773439396346,0.025608577175536138,0.03441781855123113,0.03867271850675139,0.05310670269261316,0.04226858160127083,0.02543492580301827,0.03346118983955519,0.029820075429706112,0.026518219750595717,0.02906509529150119,0.028173225159650508,0.028970528208101653,0.02683011510881651,0.037013366131850675,0.030512843725178707,0.03289329450039714,0.029377491998411442,0.032947874965845926,0.02978940939475775,0.022530013655281986,0.03471980211278792,0.03694624975218428,0.03479332961556791,0.028181773512311364
Smoke,0.03061534787926926,0.02816430617950755,0.028972341652104855,0.020468912772041298,0.07045317772835583,0.028944676362192206,0.035961400651310545,0.04200898700555996,0.033026042414614765,0.03809733926926133,0.02822220810166798,0.027116098697378868,0.03090852756155679,0.04351708922954725,0.03750029977760127,0.03230333266084194,0.0376694083717236,0.0467509688006354,0.05382647525019857,0.04726073739475776,0.045167113153296266,0.03785139189833201,0.04804481456711675,0.03862812907069102,0.04566936023828436,0.03300712540111201,0.03693055552025417,0.04309373305798253,0.06370837173947579,0.05231006719618742,0.030548842748212873,0.039811770992851464,0.035330303431294674,0.031136861906274824,0.035488388276409835,0.032140161207307394,0.03440867553613979,0.03111580474980143,0.04573905795075456,0.04095883722001588,0.03882405451945988,0.033744907243844324,0.03870494260524226,0.032305840571882447,0.029047716473391584,0.0438159328355838,0.04235359003971406,0.04329524020651312,0.03218397890389198
Toys ,0.03734880521525019,0.035649406357426534,0.036989708919777584,0.027007242177918982,0.028944676362192206,0.07423325041938045,0.0563780500413026,0.06181945424305004,0.04955691717871326,0.054727101993645756,0.03924720516600478,0.03707569926449562,0.042753788584590946,0.060897788535345505,0.05335412739158062,0.04892545398729151,0.05653814944082604,0.07385208542335184,0.07687194685146942,0.06886436160603654,0.06362671459729946,0.05467005528832405,0.07304300463383637,0.05257678958061954,0.06679873088006355,0.04333372493725178,0.05179281058300237,0.06250280352660842,0.08593116582208099,0.07155287088482921,0.036473861154884823,0.057533151891977746,0.04978896534868942,0.04587493213185069,0.051074805804606827,0.04595771291818904,0.051497500306592545,0.04640950257188246,0.06612464543288323,0.05383112693407466,0.05665563207625099,0.048923280471803034,0.05723067631294678,0.05061813611755362,0.0416770463288324,0.05897250085782368,0.06567325730103256,0.06048668444320887,0.04846106013343924
Fun  ,0.05046625476886417,0.04659773292772041,0.04550943795869737,0.030671533930103263,0.035961400651310545,0.0563780500413026,0.08519235885464654,0.08251570674185861,0.06418703243208897,0.0706152972438443,0.049979182189038907,0.048942732824463854,0.05481032274185861,0.0774740478109611,0.0668812698443209,0.06360344571088164,0.07308427200476571,0.09715817843685462,0.10003642903415408,0.08731071880698968,0.0812893677855441,0.0683302815822081,0.09486100489753775,0.06607112984749801,0.08584228163780776,0.05522792522954726,0.06463411351548848,0.0834484946783161,0.11497065333598094,0.08914913302303415,0.044285780115965054,0.07332435444638605,0.06626656046544876,0.059521899702938835,0.06501572598252581,0.05921740997299444,0.06526441391104049,0.05801191290071485,0.08508440530579826,0.06898237069896743,0.07336606863860204,0.06233235593804606,0.07538101776171562,0.0670997853121525,0.05367181073232724,0.07473427277204131,0.08184076385861797,0.07875919711358222,0.06172766526767277
Books,0.06151738564257347,0.054136817105639404,0.051639017998411425,0.035004660292295466,0.04200898700555996,0.06181945424305004,0.08251570674185861,0.1305000269483717,0.07775507993010328,0.08286894743447182,0.05858398444479746,0.05575789982208103,0.06213187713423351,0.09044674481652103,0.08180562367275612,0.07767492023828433,0.08480177147259728,0.11254347370293885,0.11480318316441622,0.10090968221445591,0.0967354285401112,0.07898225708657663,0.11245811288006356,0.07790922264336775,0.10358742701509134,0.06504212948689435,0.06707921284829228,0.08838704285941223,0.13141052176330417,0.10287110768546465,0.053046267987291514,0.0873656703796664,0.0784840060333598,0.0704009379158062,0.07468279770611598,0.06966072760603653,0.07482258271961874,0.06737739165369343,0.10111599234312948,0.07954149720413024,0.08537559489753771,0.07278896247498015,0.08850173465607625,0.07751365265131054,0.06491818321842731,0.08966024435266082,0.09911002594757744,0.09095327926608418,0.07047502807942813
Hshld,0.04896254822557585,0.042168051996822886,0.04175230957903097,0.027753027920571875,0.033026042414614765,0.04955691717871326,0.06418703243208897,0.07775507993010328,0.07231815933915806,0.06605865521842733,0.045649361861795065,0.044276237731532955,0.04859797207942811,0.07162724376171564,0.0643575125782367,0.05952527752184274,0.06698445640667194,0.08940877728991262,0.09149441227640982,0.0794869297474186,0.07531100553455124,0.06289925462112787,0.08676482928038123,0.06198645486258936,0.08010931991104052,0.04880034720889595,0.05832660824781573,0.07408265296266876,0.10161963285146942,0.08016898575377283,0.041457448724384414,0.06565828682446385,0.058865049963463055,0.05433160650039713,0.05867879549483717,0.053811256603653684,0.0586837941985703,0.05361026129308975,0.07705755056393962,0.06231661064336775,0.06751922152819696,0.05732268802541697,0.06871582265925338,0.06040725400476569,0.050147889537728335,0.06801217963463066,0.07565726334551229,0.071206738446386,0.05610757277839554
Clths,0.050250304122319296,0.04669344128673551,0.0448588750675139,0.0320006625655282,0.03809733926926133,0.054727101993645756,0.0706152972438443,0.08286894743447182,0.06605865521842733,0.0869565759412232,0.04944033722001586,0.04793994050039715,0.052603507243844314,0.07737065964257347,0.06880831112787926,0.06341932672756152,0.07241177273232724,0.10184537952343127,0.09970692969817312,0.0888161299205719,0.08245164788721207,0.0686093398570294,0.0946904550833995,0.06893725031771247,0.08837829772041304,0.054386601683876074,0.06080950050833994,0.07920121467831615,0.1134406642017474,0.08623230505162827,0.045432803137410646,0.07162068638602066,0.06500805147736301,0.05933801816521049,0.06458478276409847,0.059573452660841936,0.06457436328038127,0.058462413240667206,0.08468308880063541,0.06910151239872916,0.0747798350754567,0.06309821501985703,0.07970497770452739,0.06838072598888005,0.05267481369340748,0.07538167801429704,0.08178521125496423,0.07818843938840346,0.060955912994440045
Hlth ,0.0390272857887212,0.03510468072438444,0.03469336861000793,0.02327684909928515,0.02822220810166798,0.03924720516600478,0.049979182189038907,0.05858398444479746,0.045649361861795065,0.04944033722001586,0.04620402963621922,0.038872615434471805,0.04252457301350277,0.056431190030182696,0.049793993747418594,0.04496011691818903,0.051914193588562335,0.06814104316441619,0.07223228448610011,0.0645840544050834,0.05954443159968227,0.049827781591739465,0.0665561238061954,0.048759127796664005,0.06258200379984113,0.04076885684511517,0.048615175339158045,0.0583312356791104,0.08192313598093724,0.06652874960444798,0.0350849342907069,0.05229967432565526,0.04866769187609213,0.04378208622081017,0.04715867058300239,0.0434754969912629,0.04707834675774424,0.04363642848610007,0.060690586465448775,0.04998487015091342,0.05232675370293885,0.04621973124066721,0.052103556619539325,0.04603901554884828,0.03773137612708498,0.05531974942017473,0.05841766606513105,0.05522744822239872,0.04458442505480539
MedEq,0.03892990007783955,0.033754054020651306,0.034696583010325646,0.02323984121207307,0.027116098697378868,0.03707569926449562,0.048942732824463854,0.05575789982208103,0.044276237731532955,0.04793994050039715,0.038872615434471805,0.043716761574265274,0.04299761852581413,0.055487040919777596,0.04831783451787132,0.04365637922954725,0.05058153634471802,0.06667003841461477,0.0713525146290707,0.0623737693455123,0.05818017716759334,0.049417234204924554,0.06400333547418587,0.047542823849086584,0.06016873343447181,0.04030782459729944,0.046941123949166,0.05954148378077839,0.08263476756949956,0.06500887200317715,0.034026734775218406,0.05141463816997617,0.04671715779348688,0.04309520301985704,0.04666273153613978,0.04324260944559174,0.04680049242096902,0.043252291782366954,0.05810943837966639,0.04714270593328037,0.051027485648927715,0.045041939127879266,0.05054620213979348,0.0441805144686259,0.03695955592057188,0.052825049070691014,0.05677379851151708,0.05457379342494041,0.043965276349483724
Drugs,0.04252705025893567,0.03772467550754567,0.03827726832406672,0.024856924711675922,0.03090852756155679,0.042753788584590946,0.05481032274185861,0.06213187713423351,0.04859797207942811,0.052603507243844314,0.04252457301350277,0.04299761852581413,0.05566835406513104,0.062416868082605215,0.05327819160921367,0.04707732176330421,0.055838520854646544,0.07476854119777603,0.07887444771723591,0.0690953059984114,0.06452589234948371,0.054967639688641774,0.07096613820810165,0.05318546923907864,0.0664574343669579,0.04598199470691025,0.05291694486417791,0.06665711510722797,0.08999858536934074,0.07242625901826846,0.037765989137410645,0.05784022544241461,0.050888724260524223,0.04818108813661635,0.05242917547895154,0.04818184767593329,0.052643825286735516,0.04807736910881651,0.06500807749007147,0.05277448509928516,0.05688647884352661,0.0499286701858618,0.05643664999841142,0.04961943166957904,0.04055159114217631,0.0580179934551231,0.06203775635583794,0.06042807638125495,0.04850699428752977
Chems,0.06039497250357425,0.05241582766322479,0.052857322613185063,0.036703515817315326,0.04351708922954725,0.060897788535345505,0.0774740478109611,0.09044674481652103,0.07162724376171564,0.07737065964257347,0.056431190030182696,0.055487040919777596,0.062416868082605215,0.10300844100238285,0.0779408530913423,0.0680771192454329,0.0812368300889595,0.11076704152184273,0.12124584370293884,0.10375751842255757,0.09684158221286734,0.07975427264177921,0.10660476954567116,0.07767006395075451,0.09813720491342338,0.06254036555361396,0.0877552628339952,0.10405407431294676,0.1487532279030977,0.1131582250579825,0.05564636865607622,0.08232709307704525,0.07109171615409056,0.06678795861636218,0.07310389956791105,0.06876847938681492,0.07439843293248612,0.06662939957585386,0.09418862287529783,0.08006333011119937,0.0820122538903892,0.07188950117394759,0.08126593973471011,0.07182324368864178,0.05857731238760922,0.08473051629864971,0.09129178326767275,0.08745294711517078,0.06856287443685463
Rubbr,0.05159856066878475,0.04680692259571089,0.0460294942573471,0.03086700377601271,0.03750029977760127,0.05335412739158062,0.0668812698443209,0.08180562367275612,0.0643575125782367,0.06880831112787926,0.049793993747418594,0.04831783451787132,0.05327819160921367,0.0779408530913423,0.08886800465607626,0.061832191286735505,0.07145314581572677,0.09247566855917395,0.10012807745988879,0.08705430445909448,0.08262194111675933,0.06848887073550435,0.09285354754408262,0.06786968376012707,0.08691916070373314,0.05359934394916598,0.05972810350119144,0.07824565232724384,0.11108352520254168,0.08938325647974582,0.047359304843526635,0.07105094597617155,0.06406229602700558,0.058769022270055586,0.06409781699444002,0.058907495208895926,0.06382813703097696,0.05824274183161238,0.08352550897537728,0.06902582741064335,0.07241562574106437,0.06243675999841143,0.07183796510405084,0.06209717414138205,0.0531569340555997,0.07482996671961875,0.08002705178236694,0.07609546490706909,0.060122415882446364
Txtls,0.04874311632247815,0.04058430943606036,0.03918032675933279,0.026457915083399522,0.03230333266084194,0.04892545398729151,0.06360344571088164,0.07767492023828433,0.05952527752184274,0.06341932672756152,0.04496011691818903,0.04365637922954725,0.04707732176330421,0.0680771192454329,0.061832191286735505,0.09723118525019857,0.06677934016679905,0.08806174956314534,0.08931288664813344,0.07681866517077043,0.07352603435266086,0.059267452994440015,0.08306080691818901,0.05851766299444002,0.07850821718030183,0.04974177884034947,0.059375491072279574,0.0734631022398729,0.09929568707704525,0.08053746085782368,0.03958367773629865,0.06312036571882447,0.05702898869737886,0.05128393737092932,0.055199977172359006,0.05144554651310565,0.05561762923749008,0.05195367557585383,0.07779676880063542,0.06022916189833202,0.06535127542494043,0.05587255465448769,0.0654862554805401,0.05856948490865766,0.04684941683876091,0.06698755515488482,0.07511511962668788,0.06671381482922951,0.05310342733915807
BldMt,0.05571277115329627,0.048208387536139784,0.0465388095234313,0.03187925210007943,0.0376694083717236,0.05653814944082604,0.07308427200476571,0.08480177147259728,0.06698445640667194,0.07241177273232724,0.051914193588562335,0.05058153634471802,0.055838520854646544,0.0812368300889595,0.07145314581572677,0.06677934016679905,0.08375737984273232,0.10335224390468623,0.10786377452104842,0.09392576990786337,0.08733149828911833,0.07221288963939636,0.09698962871961872,0.07112952055123112,0.09101648283240665,0.05709006931850674,0.07022507309610802,0.08834685191421762,0.1253912544479746,0.09694534709134231,0.04846624184114377,0.07443775468149323,0.06726373923590152,0.061716993262907055,0.06672724851151708,0.06087312609054805,0.0667526251008737,0.060766478797458286,0.08724453791898333,0.07273531335186657,0.07612000505798253,0.06542895418427322,0.07663594206989675,0.06645774167116758,0.05540539559650517,0.07776395299444001,0.0855640960714853,0.08102229651945989,0.0630747120222399
Cnstr,0.07452718344400315,0.06364385539634627,0.060321379968228755,0.04109782266243049,0.0467509688006354,0.07385208542335184,0.09715817843685462,0.11254347370293885,0.08940877728991262,0.10184537952343127,0.06814104316441619,0.06667003841461477,0.07476854119777603,0.11076704152184273,0.09247566855917395,0.08806174956314534,0.10335224390468623,0.20235541891024625,0.147467801680699,0.12487412693566324,0.11693633412867359,0.09783767975218426,0.1307677596219221,0.09270024296425738,0.12145450340587764,0.07487994126767274,0.10517817714376487,0.12272730433677521,0.17604700312946775,0.13215053491977768,0.06335557217156476,0.09923201247974581,0.0889559261985703,0.08283098827958699,0.08891336296108023,0.08286228955043685,0.09053784288800634,0.08136026343764893,0.11785266786338355,0.09664856449563144,0.10252604827958695,0.08685974341858617,0.10523855532009528,0.09144149352819697,0.07705738631294676,0.1128199985385226,0.11440552680857821,0.10978934551548844,0.08549517296902305
Steel,0.08029462794440032,0.06828528825099286,0.06718748283558383,0.047096093482128676,0.05382647525019857,0.07687194685146942,0.10003642903415408,0.11480318316441622,0.09149441227640982,0.09970692969817312,0.07223228448610011,0.0713525146290707,0.07887444771723591,0.12124584370293884,0.10012807745988879,0.08931288664813344,0.10786377452104842,0.147467801680699,0.17477980767434467,0.1404144837601271,0.12829313681175536,0.10434370161715646,0.13600117898173153,0.10139324657188245,0.12833716828117553,0.08134185429070692,0.125810393096108,0.14502819272438447,0.21198329233518665,0.15465600872756152,0.07092376703574264,0.10432418769181893,0.09164478408101669,0.08618486254011119,0.09605184066401903,0.08692920809213661,0.0965255278649722,0.0866834087895155,0.11972695294678318,0.10501128525019857,0.10653872223034155,0.09414692150754564,0.10415150729626688,0.09203586338681492,0.07300890711358218,0.1076557117553614,0.1172136438554408,0.11261787366004765,0.0899211692104845
FabPr,0.07338220299761715,0.06002663389674346,0.05880280471008738,0.04024624911675933,0.04726073739475776,0.06886436160603654,0.08731071880698968,0.10090968221445591,0.0794869297474186,0.0888161299205719,0.0645840544050834,0.0623737693455123,0.0690953059984114,0.10375751842255757,0.08705430445909448,0.07681866517077043,0.09392576990786337,0.12487412693566324,0.1404144837601271,0.15822475053057983,0.11133416033518662,0.09198026963621919,0.11952532227640983,0.09035971315170767,0.1131684995409055,0.07075074947100873,0.10119508326926129,0.1171155339158062,0.17483920413820495,0.13025488717712472,0.06158636500873708,0.09012339972041301,0.08090264642255757,0.07603389368228752,0.08506906510881654,0.07702429871008734,0.08432713217950753,0.07608184845274026,0.10584565671167591,0.09183201274821286,0.09242559280063539,0.0826862919984114,0.09216856100238281,0.08046342941064336,0.0655889662525814,0.09363729774424144,0.10199781067355043,0.09897018639078634,0.07904580194757745
Mach ,0.06474878154567117,0.05559718481652105,0.05470648925337568,0.03767015674503573,0.045167113153296266,0.06362671459729946,0.0812893677855441,0.0967354285401112,0.07531100553455124,0.08245164788721207,0.05954443159968227,0.05818017716759334,0.06452589234948371,0.09684158221286734,0.08262194111675933,0.07352603435266086,0.08733149828911833,0.11693633412867359,0.12829313681175536,0.11133416033518662,0.1066891924050834,0.08397676435901508,0.11135096453852267,0.08258191066084196,0.10498426857664812,0.06651229923431294,0.09050483730262111,0.10783191335980939,0.15661833195393177,0.11982484457823663,0.05743822884352659,0.08560681959650512,0.07537264970135031,0.07086267345035745,0.07832347395393166,0.07159955272756155,0.07861105973471007,0.07113306111040507,0.09961187037331215,0.08393239470214456,0.0863087287243844,0.07595683824781571,0.08584143332644954,0.07511491368705321,0.06151817265131055,0.0883640958061954,0.09636961189992058,0.09255196298173153,0.07313023757585385
ElcEq,0.05256745958379666,0.04682319744559174,0.04665265814138205,0.03074396561715647,0.03785139189833201,0.05467005528832405,0.0683302815822081,0.07898225708657663,0.06289925462112787,0.0686093398570294,0.049827781591739465,0.049417234204924554,0.054967639688641774,0.07975427264177921,0.06848887073550435,0.059267452994440015,0.07221288963939636,0.09783767975218426,0.10434370161715646,0.09198026963621919,0.08397676435901508,0.0792250493788721,0.09165369209213661,0.06873832097855441,0.0862935537474186,0.05701759543764893,0.06905902893089752,0.08751192546465449,0.1257120950595711,0.0961189770802224,0.04699355576171564,0.07198367398888007,0.06297222546783164,0.059460600908657686,0.06541669325496424,0.060253470614773624,0.06610687226052424,0.0594904387672756,0.08216821242255759,0.06916142490865766,0.0722218141890389,0.0628486202573471,0.07111255489118348,0.06205227525972993,0.05209210396187451,0.0740662167116759,0.08022864183637808,0.07728177981254962,0.06137867892613185
Autos,0.06589688789356632,0.06184185837331217,0.058411586997617164,0.042053714969023034,0.04804481456711675,0.07304300463383637,0.09486100489753775,0.11245811288006356,0.08676482928038123,0.0946904550833995,0.0665561238061954,0.06400333547418587,0.07096613820810165,0.10660476954567116,0.09285354754408262,0.08306080691818901,0.09698962871961872,0.1307677596219221,0.13600117898173153,0.11952532227640983,0.11135096453852267,0.09165369209213661,0.143425506610008,0.09013008315011914,0.11742360480857823,0.07318336273868149,0.09073677884988085,0.10945345134233517,0.15798073784749805,0.12130216566481336,0.0608054689610802,0.096404842903892,0.08615856127243846,0.07876139541064339,0.08551967148848291,0.07875358676092133,0.08599072700397142,0.07818726628594122,0.1165668040031771,0.09330431935663228,0.09828271201906273,0.08382529456870531,0.09896680307704527,0.08772409442096897,0.0711914716632248,0.09988261234312946,0.10739296923431295,0.10297360163780778,0.08220774373629867
Aero ,0.0518264783749007,0.046352734262112796,0.04694704599682287,0.03316542279428117,0.03862812907069102,0.05257678958061954,0.06607112984749801,0.07790922264336775,0.06198645486258936,0.06893725031771247,0.048759127796664005,0.047542823849086584,0.05318546923907864,0.07767006395075451,0.06786968376012707,0.05851766299444002,0.07112952055123112,0.09270024296425738,0.10139324657188245,0.09035971315170767,0.08258191066084196,0.06873832097855441,0.09013008315011914,0.08446267701191423,0.08453732309928515,0.05722600392692614,0.0655649520540111,0.08175857274027006,0.11722495230341537,0.09098586366640189,0.04845823705003974,0.07038972197617155,0.06270096259412229,0.05827662094201746,0.06400042663383639,0.058625951990468626,0.06393167192533757,0.05766199652263702,0.08153710354249408,0.06884031112787924,0.07227650679586976,0.06221829512787929,0.07177338297220014,0.06272863408101668,0.05040068968387609,0.07382434346306593,0.07756144925972994,0.07646161201429708,0.05986338942970611
Ships,0.06615959528673548,0.05810397966957902,0.05678066423351866,0.03760773439396346,0.04566936023828436,0.06679873088006355,0.08584228163780776,0.10358742701509134,0.08010931991104052,0.08837829772041304,0.06258200379984113,0.06016873343447181,0.0664574343669579,0.09813720491342338,0.08691916070373314,0.07850821718030183,0.09101648283240665,0.12145450340587764,0.12833716828117553,0.1131684995409055,0.10498426857664812,0.0862935537474186,0.11742360480857823,0.08453732309928515,0.13541783806036536,0.06909061770929308,0.08670978669102465,0.10574765413820492,0.1495471733042097,0.1155821895822081,0.05762641929626687,0.08848195640349484,0.08068958096425734,0.0736830334980143,0.08028368100714853,0.07348309617474186,0.0800656229594917,0.07279341184908657,0.10488458973788725,0.08634225667196185,0.09329332672279589,0.07894225691342335,0.09272865018109609,0.08118462787291499,0.06551885560603653,0.09286282536934075,0.10062740886576647,0.09508570517394756,0.07642383535186656
Guns ,0.04405435043050039,0.03823768906115965,0.03748976660841938,0.025608577175536138,0.03300712540111201,0.04333372493725178,0.05522792522954726,0.06504212948689435,0.04880034720889595,0.054386601683876074,0.04076885684511517,0.04030782459729944,0.04598199470691025,0.06254036555361396,0.05359934394916598,0.04974177884034947,0.05709006931850674,0.07487994126767274,0.08134185429070692,0.07075074947100873,0.06651229923431294,0.05701759543764893,0.07318336273868149,0.05722600392692614,0.06909061770929308,0.09044337883399522,0.05601487794122317,0.06863350424146146,0.0941024628435266,0.07408045598729146,0.038378829776012695,0.05887662375218426,0.052184444295472594,0.04809720696425736,0.05182117373788722,0.048033417416997605,0.05214507233677521,0.04763226965528196,0.06743070020651312,0.056084788752978565,0.05896746081652105,0.05049058812390785,0.05707644185544083,0.05014040491183478,0.04130675156155678,0.059317605178713276,0.06409414947100872,0.062059078799046825,0.04820258377760126
Gold ,0.05563719519301033,0.04342636345671168,0.045927118204924545,0.03441781855123113,0.03693055552025417,0.05179281058300237,0.06463411351548848,0.06707921284829228,0.05832660824781573,0.06080950050833994,0.048615175339158045,0.046941123949166,0.05291694486417791,0.0877552628339952,0.05972810350119144,0.059375491072279574,0.07022507309610802,0.10517817714376487,0.125810393096108,0.10119508326926129,0.09050483730262111,0.06905902893089752,0.09073677884988085,0.0655649520540111,0.08670978669102465,0.05601487794122317,0.28879284676092126,0.15003279942811756,0.1880993419698174,0.1319100145766481,0.050331097960285925,0.06755347991739477,0.053839271335980925,0.055988309143764896,0.060977887771247,0.05671984494996028,0.06377797768705325,0.056958793458300246,0.07844345448768865,0.0691590115488483,0.06217150610961081,0.06203989421127881,0.06117359364892769,0.054750545525019824,0.03891864132168387,0.0663319944400318,0.07263035529467832,0.07176401309928514,0.059422987945988874
Mines,0.06897914999205719,0.055399885941223165,0.05681315059571086,0.03867271850675139,0.04309373305798253,0.06250280352660842,0.0834484946783161,0.08838704285941223,0.07408265296266876,0.07920121467831615,0.0583312356791104,0.05954148378077839,0.06665711510722797,0.10405407431294676,0.07824565232724384,0.0734631022398729,0.08834685191421762,0.12272730433677521,0.14502819272438447,0.1171155339158062,0.10783191335980939,0.08751192546465449,0.10945345134233517,0.08175857274027006,0.10574765413820492,0.06863350424146146,0.15003279942811756,0.16797129925337564,0.1979954296425734,0.14299319787132647,0.05800548470214455,0.08481657277204128,0.07053748581413816,0.07106202999205717,0.07792445324861004,0.07107228085782365,0.08003936476568706,0.07202373903097695,0.09618434033359807,0.08477794583002383,0.08354664775218427,0.07727089525019858,0.08216194001588563,0.07392414932486101,0.056464706052422556,0.08385125918983322,0.0914429586020651,0.09200157493248612,0.07427103272438444
Coal ,0.09764851324066719,0.07872640405083399,0.07606711687847499,0.05310670269261316,0.06370837173947579,0.08593116582208099,0.11497065333598094,0.13141052176330417,0.10161963285146942,0.1134406642017474,0.08192313598093724,0.08263476756949956,0.08999858536934074,0.1487532279030977,0.11108352520254168,0.09929568707704525,0.1253912544479746,0.17604700312946775,0.21198329233518665,0.17483920413820495,0.15661833195393177,0.1257120950595711,0.15798073784749805,0.11722495230341537,0.1495471733042097,0.0941024628435266,0.1880993419698174,0.1979954296425734,0.3639533050277998,0.22138439725178713,0.08822784177124707,0.120399530929309,0.10138871727561563,0.09885077104845115,0.11003814330420966,0.09889001084988083,0.11107069516282764,0.09914944787132644,0.13816321890389202,0.12207096825258143,0.11748100978554409,0.108855228395552,0.1150656244082605,0.10229951416997618,0.07917391809372519,0.12124298501985709,0.1325284502065131,0.1277205335266084,0.10558316548054011
Oil  ,0.07530476094360603,0.06110765622875302,0.0611281842573471,0.04226858160127083,0.05231006719618742,0.07155287088482921,0.08914913302303415,0.10287110768546465,0.08016898575377283,0.08623230505162827,0.06652874960444798,0.06500887200317715,0.07242625901826846,0.1131582250579825,0.08938325647974582,0.08053746085782368,0.09694534709134231,0.13215053491977768,0.15465600872756152,0.13025488717712472,0.11982484457823663,0.0961189770802224,0.12130216566481336,0.09098586366640189,0.1155821895822081,0.07408045598729146,0.1319100145766481,0.14299319787132647,0.22138439725178713,0.17696759884988092,0.0713424287625099,0.09507900299920577,0.07991958771405873,0.07720320035901507,0.08567833129785543,0.07750000599841145,0.08708764513741063,0.07802382974106434,0.10819169620333599,0.09385800649722002,0.09030121727720412,0.08449667648292296,0.08771777016997617,0.0778019577251787,0.06429434648451153,0.09658631952343132,0.106538891974583,0.09925764887370929,0.08256708799364577
Util ,0.03683972090389198,0.03361082790468625,0.03517673895949166,0.02543492580301827,0.030548842748212873,0.036473861154884823,0.044285780115965054,0.053046267987291514,0.041457448724384414,0.045432803137410646,0.0350849342907069,0.034026734775218406,0.037765989137410645,0.05564636865607622,0.047359304843526635,0.03958367773629865,0.04846624184114377,0.06335557217156476,0.07092376703574264,0.06158636500873708,0.05743822884352659,0.04699355576171564,0.0608054689610802,0.04845823705003974,0.05762641929626687,0.038378829776012695,0.050331097960285925,0.05800548470214455,0.08822784177124707,0.0713424287625099,0.04566667788880063,0.0497700896076251,0.043561686101667996,0.040076325196187444,0.04335841395075457,0.040796601884034944,0.04320804547895155,0.03916726536457506,0.0564852224305004,0.05025706356632249,0.04789873629229548,0.04286176869102462,0.047991782362192204,0.04072740720889596,0.034897769455123115,0.05422313208895949,0.05380480367434471,0.05265309425099286,0.042184746436854645
Telcm,0.05412518419698172,0.04908027464336774,0.05029282506751388,0.03346118983955519,0.039811770992851464,0.057533151891977746,0.07332435444638605,0.0873656703796664,0.06565828682446385,0.07162068638602066,0.05229967432565526,0.05141463816997617,0.05784022544241461,0.08232709307704525,0.07105094597617155,0.06312036571882447,0.07443775468149323,0.09923201247974581,0.10432418769181893,0.09012339972041301,0.08560681959650512,0.07198367398888007,0.096404842903892,0.07038972197617155,0.08848195640349484,0.05887662375218426,0.06755347991739477,0.08481657277204128,0.120399530929309,0.09507900299920577,0.0497700896076251,0.08421988134074664,0.0677154083367752,0.06200815531056393,0.06821148040667192,0.06292427778872121,0.06795800611914218,0.06052197584749801,0.08798683771247025,0.07065045486894357,0.07573363788403496,0.0649907507037331,0.0768571944336775,0.06744861614614771,0.0553870873328038,0.07948138103256555,0.08551192089594917,0.08167723060841935,0.06318462452104844
PerSv,0.04820527644003179,0.04455469662589358,0.04400612572676728,0.029820075429706112,0.035330303431294674,0.04978896534868942,0.06626656046544876,0.0784840060333598,0.058865049963463055,0.06500805147736301,0.04866769187609213,0.04671715779348688,0.050888724260524223,0.07109171615409056,0.06406229602700558,0.05702898869737886,0.06726373923590152,0.0889559261985703,0.09164478408101669,0.08090264642255757,0.07537264970135031,0.06297222546783164,0.08615856127243846,0.06270096259412229,0.08068958096425734,0.052184444295472594,0.053839271335980925,0.07053748581413816,0.10138871727561563,0.07991958771405873,0.043561686101667996,0.0677154083367752,0.07556744236854646,0.05591748676886415,0.0599780859444003,0.05593089093884033,0.05952963310405083,0.05430166712787927,0.07896225356632251,0.06378137084193805,0.06771096383796665,0.0586426530595711,0.07024198390309772,0.06086736504845115,0.050160765261318505,0.07100936792692614,0.0776687950802224,0.07282894135186654,0.05590619345830023
BusSv,0.04477673717077046,0.04070116048610007,0.040102103788721206,0.026518219750595717,0.031136861906274824,0.04587493213185069,0.059521899702938835,0.0704009379158062,0.05433160650039713,0.05933801816521049,0.04378208622081017,0.04309520301985704,0.04818108813661635,0.06678795861636218,0.058769022270055586,0.05128393737092932,0.061716993262907055,0.08283098827958699,0.08618486254011119,0.07603389368228752,0.07086267345035745,0.059460600908657686,0.07876139541064339,0.05827662094201746,0.0736830334980143,0.04809720696425736,0.055988309143764896,0.07106202999205717,0.09885077104845115,0.07720320035901507,0.040076325196187444,0.06200815531056393,0.05591748676886415,0.05459234651469422,0.05598551479269262,0.05212650043844321,0.05634586813185066,0.05101338905003972,0.0709822987132645,0.059202271318506736,0.06205914337728357,0.05412652525972994,0.06273314166322476,0.0548381891945989,0.04472101148848293,0.06414469749007148,0.06845397276092136,0.066668529898332,0.05230927358538522
Hardw,0.05008684428594123,0.04333533774741858,0.04481681567911039,0.02906509529150119,0.035488388276409835,0.051074805804606827,0.06501572598252581,0.07468279770611598,0.05867879549483717,0.06458478276409847,0.04715867058300239,0.04666273153613978,0.05242917547895154,0.07310389956791105,0.06409781699444002,0.055199977172359006,0.06672724851151708,0.08891336296108023,0.09605184066401903,0.08506906510881654,0.07832347395393166,0.06541669325496424,0.08551967148848291,0.06400042663383639,0.08028368100714853,0.05182117373788722,0.060977887771247,0.07792445324861004,0.11003814330420966,0.08567833129785543,0.04335841395075457,0.06821148040667192,0.0599780859444003,0.05598551479269262,0.06996411743288328,0.05798281850992852,0.06408226865448768,0.05662546931532963,0.07729262980142969,0.0647679912787927,0.06753636980460681,0.058828038319301036,0.06847218925178711,0.06016838366322478,0.048249085502779974,0.06892434786338364,0.07388228182049245,0.07325456127402702,0.05734520998252581
Softw,0.045897850379666406,0.04038399999364576,0.040931029086576635,0.028173225159650508,0.032140161207307394,0.04595771291818904,0.05921740997299444,0.06966072760603653,0.053811256603653684,0.059573452660841936,0.0434754969912629,0.04324260944559174,0.04818184767593329,0.06876847938681492,0.058907495208895926,0.05144554651310565,0.06087312609054805,0.08286228955043685,0.08692920809213661,0.07702429871008734,0.07159955272756155,0.060253470614773624,0.07875358676092133,0.058625951990468626,0.07348309617474186,0.048033417416997605,0.05671984494996028,0.07107228085782365,0.09889001084988083,0.07750000599841145,0.040796601884034944,0.06292427778872121,0.05593089093884033,0.05212650043844321,0.05798281850992852,0.05648379017633042,0.05805044672597299,0.05147724835901509,0.07184703745830023,0.0590969970929309,0.06261206731691821,0.05443720461636218,0.06311053827164412,0.05516486552501986,0.045228583243844316,0.06453280965845908,0.06934254579507544,0.06807902345671166,0.052196543370929306
Chips,0.050114096665607615,0.04325604243685465,0.04455103530579824,0.028970528208101653,0.03440867553613979,0.051497500306592545,0.06526441391104049,0.07482258271961874,0.0586837941985703,0.06457436328038127,0.04707834675774424,0.04680049242096902,0.052643825286735516,0.07439843293248612,0.06382813703097696,0.05561762923749008,0.0667526251008737,0.09053784288800634,0.0965255278649722,0.08432713217950753,0.07861105973471007,0.06610687226052424,0.08599072700397142,0.06393167192533757,0.0800656229594917,0.05214507233677521,0.06377797768705325,0.08003936476568706,0.11107069516282764,0.08708764513741063,0.04320804547895155,0.06795800611914218,0.05952963310405083,0.05634586813185066,0.06408226865448768,0.05805044672597299,0.06747803820651309,0.05721187268149325,0.07724443599682286,0.06460099177918983,0.06771885014138203,0.059226189783955524,0.06784245048927723,0.0597768414646545,0.04797896798729151,0.06822137123113585,0.0740538384225576,0.07275984744876887,0.05710116149007151
LabEq,0.045076214540111195,0.03947087615885623,0.03946893238284352,0.02683011510881651,0.03111580474980143,0.04640950257188246,0.05801191290071485,0.06737739165369343,0.05361026129308975,0.058462413240667206,0.04363642848610007,0.043252291782366954,0.04807736910881651,0.06662939957585386,0.05824274183161238,0.05195367557585383,0.060766478797458286,0.08136026343764893,0.0866834087895155,0.07608184845274026,0.07113306111040507,0.0594904387672756,0.07818726628594122,0.05766199652263702,0.07279341184908657,0.04763226965528196,0.056958793458300246,0.07202373903097695,0.09914944787132644,0.07802382974106434,0.03916726536457506,0.06052197584749801,0.05430166712787927,0.05101338905003972,0.05662546931532963,0.05147724835901509,0.05721187268149325,0.05616526090389198,0.07047763396346306,0.058036148268467036,0.06130179795393167,0.053824971131056394,0.060920871531374106,0.054093368778395545,0.04390196296108022,0.062316368435266084,0.06693446595869737,0.06567126495154883,0.05217476567752184
Paper,0.06363479558379667,0.05661839301032564,0.052795781636219216,0.037013366131850675,0.04573905795075456,0.06612464543288323,0.08508440530579826,0.10111599234312948,0.07705755056393962,0.08468308880063541,0.060690586465448775,0.05810943837966639,0.06500807749007147,0.09418862287529783,0.08352550897537728,0.07779676880063542,0.08724453791898333,0.11785266786338355,0.11972695294678318,0.10584565671167591,0.09961187037331215,0.08216821242255759,0.1165668040031771,0.08153710354249408,0.10488458973788725,0.06743070020651312,0.07844345448768865,0.09618434033359807,0.13816321890389202,0.10819169620333599,0.0564852224305004,0.08798683771247025,0.07896225356632251,0.0709822987132645,0.07729262980142969,0.07184703745830023,0.07724443599682286,0.07047763396346306,0.11913730497220017,0.08612672543288323,0.08874698500397142,0.07557235606036537,0.08929290093725178,0.07813894926131851,0.06546538687847497,0.09362838023828438,0.098271218141382,0.09457134328832406,0.07377571304209689
Boxes,0.05194926266084193,0.0480716395393169,0.046775917227958694,0.030512843725178707,0.04095883722001588,0.05383112693407466,0.06898237069896743,0.07954149720413024,0.06231661064336775,0.06910151239872916,0.04998487015091342,0.04714270593328037,0.05277448509928516,0.08006333011119937,0.06902582741064335,0.06022916189833202,0.07273531335186657,0.09664856449563144,0.10501128525019857,0.09183201274821286,0.08393239470214456,0.06916142490865766,0.09330431935663228,0.06884031112787924,0.08634225667196185,0.056084788752978565,0.0691590115488483,0.08477794583002383,0.12207096825258143,0.09385800649722002,0.05025706356632249,0.07065045486894357,0.06378137084193805,0.059202271318506736,0.0647679912787927,0.0590969970929309,0.06460099177918983,0.058036148268467036,0.08612672543288323,0.09106263980142974,0.07385339803018272,0.06287406140587769,0.07360132156473392,0.06405565723590152,0.052357726735504366,0.07672091003971407,0.0793995891104051,0.07908686137410643,0.06061076843526609
