,Agric,Food ,Soda ,Beer ,Smoke,Toys ,Fun  ,Books,Hshld,Clths,Hlth ,MedEq,Drugs,Chems,Rubbr,Txtls,BldMt,Cnstr,Steel,FabPr,Mach ,ElcEq,Autos,Aero ,Ships,Guns ,Gold ,Mines,Coal ,Oil  ,Util ,Telcm,PerSv,BusSv,Hardw,Softw,Chips,LabEq,Paper,Boxes,Trans,Whlsl,Rtail,Meals,Banks,Insur,RlEst,Fin  ,Other
Agric,0.09278563827005558,0.03588819535663225,0.03551457359968228,0.022960738336775217,0.031231716803812547,0.0378445685655282,0.05109567482922955,0.062213228027005574,0.04941311553137411,0.05088558444797457,0.03953992231453533,0.03952449246703733,0.0431560970039714,0.06113133510405081,0.05242912941858619,0.04953537947418587,0.05643561641143764,0.07519762528196983,0.08126268517394755,0.07405903639078634,0.0655070191644162,0.05337050580778396,0.06660211671961873,0.052706207453534534,0.06714937495472595,0.044683179507545655,0.05671202574106433,0.07023609773788722,0.09861521723431296,0.0761966899110405,0.0373271562700556,0.054740670503574264,0.049038812201747425,0.045464196778395534,0.05070482807466243,0.04656558648610008,0.050716714092136614,0.045748875672756165,0.06429626604924543,0.0521406027339158,0.05546061929626686,0.04936357946306592,0.05470139339158062,0.04793918240826052,0.04088280424622716,0.05630712527720412,0.061070476376489276,0.060035346549642564,0.04743096312470214
Food ,0.03588819535663225,0.03946996381096107,0.03421384283876092,0.023298528738681486,0.028437316689436058,0.03574949360444798,0.04695919951548848,0.05435308959650518,0.04233306377918982,0.04687141463065926,0.035341684541699746,0.03403431189197775,0.038027135866560764,0.0525786811691819,0.04720366437331215,0.04096393473073869,0.048489933783955524,0.06381473030182686,0.06849957766322479,0.06039524660206512,0.05587788512787926,0.04702720267196188,0.06218203041302622,0.046627400768864166,0.0582785774392375,0.0384307125655282,0.04324818965528197,0.05566665318824465,0.07854708238760921,0.06111515776489277,0.03377327069737888,0.04935813511358218,0.04495132026528991,0.04097015632088958,0.043659536697378876,0.0406911311056394,0.04358578584114377,0.03977997056711676,0.056863543996822884,0.048281663585385236,0.04938771794916601,0.043046710284352654,0.04954447939634631,0.04354455542811755,0.03597863188403495,0.052375248981731536,0.05375414178395551,0.05326914832565529,0.041771624287529785
Soda ,0.03551457359968228,0.03421384283876092,0.06911566591104051,0.026339897208895954,0.02919465230818109,0.037184227374106434,0.04573700803018268,0.05200248037013502,0.04195745912152503,0.04511212544876885,0.03506838113899921,0.03501144757426528,0.038628086678316124,0.05315939216521048,0.046152064843526595,0.039607782095313744,0.046847536268467035,0.06016642498014297,0.06732570997140588,0.05910447680381255,0.05507498844162034,0.047000957722001586,0.05871773271644161,0.04719356611914217,0.05706448107069102,0.037891804193804605,0.045962290649722,0.057201372273232735,0.07604429035583797,0.061513723096107996,0.03533243916123908,0.05051058751707704,0.044415686721207305,0.040434039034154094,0.04507032858300237,0.041209562673550436,0.04486565895313741,0.03984394143923749,0.05310275297537728,0.04697153885782366,0.047885105539316915,0.04363436980460683,0.04886798748212868,0.0431729063161239,0.03490508836060366,0.051234966198570285,0.053935942826052415,0.05311391145830022,0.04035287815250198
Beer ,0.022960738336775217,0.023298528738681486,0.026339897208895954,0.04810320358856235,0.020901215923749,0.027214687015091343,0.03106523359015092,0.03529490398570293,0.028239587213661644,0.03244628745035742,0.02370011660206513,0.02359828559809373,0.02527458159173948,0.0371585605782367,0.03132239265607626,0.026692596071485303,0.03225420381731532,0.04150342057982526,0.047610366991262906,0.04077210761556791,0.03812484821604447,0.031117512467037325,0.04244718416997618,0.03350468564892773,0.03825001055123114,0.02598209471008736,0.03512461850992851,0.039197728479745834,0.053314583061159646,0.0428299054598888,0.025690818452740263,0.03377500261477363,0.030241369901509132,0.026895715863383646,0.02947437523272438,0.028548744891183482,0.029422375906274816,0.027247177772835578,0.03738041879904685,0.030852309631453537,0.0331607694853058,0.029800850096902295,0.03322954837172359,0.030032748972200155,0.02275406079269261,0.035019356196981724,0.03733254590468627,0.03512343289753772,0.02859819325019857
Smoke,0.031231716803812547,0.028437316689436058,0.02919465230818109,0.020901215923749,0.0717846441048451,0.029288956435266078,0.036455410833995235,0.04288699435107227,0.03325205835742652,0.03820970084193805,0.02842952869896743,0.027508299672756153,0.031195155793486896,0.04394502894996028,0.038243180638602055,0.032688271567911036,0.03818303289594917,0.04699799936457504,0.05441047872279585,0.04717579701985702,0.04561318600794282,0.03814694663701351,0.048613891469420176,0.039331154751389985,0.04638683134551231,0.03361372422557585,0.037672466198570294,0.04340798736775217,0.06454266429229545,0.052924700892772035,0.030918846252581407,0.040311313671167595,0.03581260925814138,0.0316180224559174,0.035718275399523436,0.032593285629864965,0.0345224181858618,0.03146311712152502,0.04611622364416202,0.041180569575853844,0.0392596334805401,0.0341435231389992,0.0388780016203336,0.03254767689912628,0.029262989013502775,0.044108569588562345,0.0427392522192216,0.04359468000635425,0.03263153622875298
Toys ,0.0378445685655282,0.03574949360444798,0.037184227374106434,0.027214687015091343,0.029288956435266078,0.07477404998252582,0.05659293633042097,0.062492944362192215,0.049700451571088156,0.05498571847498013,0.0394409194980143,0.03721344523590151,0.042799985175536126,0.060981914687847506,0.05379046562033358,0.04907527232406672,0.05664925676250991,0.0740186009531374,0.07705638593169184,0.06909825152660842,0.06371040608101668,0.05481995331532963,0.07330743485305798,0.052754491126290715,0.0668604954853058,0.043593122382843526,0.05179688458776806,0.06270512202065132,0.08599261793169181,0.07153026241143763,0.03671704559809373,0.057674316098490844,0.050110225372517865,0.04597947536775218,0.05111422280540111,0.046063961042096896,0.051485440368546444,0.046476431917394756,0.06638508844479746,0.054070174888006355,0.056795439053216844,0.049088035463065914,0.05733438087370928,0.05077416516600476,0.04181071392533756,0.05914513830659255,0.06601399877362987,0.06051309505321682,0.04859990580460683
Fun  ,0.05109567482922955,0.04695919951548848,0.04573700803018268,0.03106523359015092,0.036455410833995235,0.05659293633042097,0.0857124469499603,0.08293975311358218,0.06463069173153295,0.07118624700555996,0.050407632176330416,0.04942532289118348,0.05526279402700556,0.07798130478157267,0.06744333778395552,0.06432751098490866,0.0736090307307387,0.09755628709293089,0.10060090521842731,0.08785138287529787,0.08188311993645751,0.06880470889594915,0.09556862126290705,0.06657865451945988,0.08662198460683083,0.055811780397140576,0.06498859790309769,0.0841269067355044,0.11529778045274025,0.08967047378077841,0.04472694729150121,0.07383363308975376,0.0669267079825258,0.060024423510722784,0.06555225133439238,0.05978979157267671,0.06575562499602859,0.058543869928514694,0.08569733609213659,0.06945039220810167,0.07387012207307388,0.06284434856235108,0.07593294684670372,0.06748223652104846,0.0539900120969023,0.075168851898332,0.08216924807783955,0.0791966854249404,0.06214802768069895
Books,0.062213228027005574,0.05435308959650518,0.05200248037013502,0.03529490398570293,0.04288699435107227,0.062492944362192215,0.08293975311358218,0.1321308757728356,0.07817567763463064,0.0833535947736299,0.058921190597299444,0.05616636372359016,0.06241460847021447,0.09083631225416998,0.0825185041731533,0.07810025399046865,0.08526238974265289,0.11319854687053216,0.11552985321842733,0.10135008893407464,0.09731380090865765,0.07952492174424147,0.11298046032565522,0.0786114547037331,0.10434864578554412,0.06572950360603652,0.06847658569023035,0.08951235735980935,0.13183784088482925,0.10348191349801429,0.053411103250198586,0.08772367641938046,0.0791364914583002,0.0708305913200953,0.07517943661477364,0.07002045523272439,0.07515823455599682,0.06773796957585383,0.10165362861636221,0.07983357228435266,0.08585987251945987,0.07323229130420968,0.08878675885623508,0.07780536336457508,0.0652440822700556,0.0900766990087371,0.09951836461795076,0.09135746292136616,0.07094704008101668
Hshld,0.04941311553137411,0.04233306377918982,0.04195745912152503,0.028239587213661644,0.03325205835742652,0.049700451571088156,0.06463069173153295,0.07817567763463064,0.07223724381096108,0.06633247413820492,0.04598897510563938,0.04461002108975376,0.04890438927402699,0.07185151907227959,0.06471394686735504,0.05993364438919778,0.06727904966957904,0.08961918747418583,0.09179399807625098,0.07971944348848292,0.07568299079904686,0.0631579570802224,0.08718888901509134,0.06233400588403496,0.08063249064019064,0.04930377931691819,0.05851517319777601,0.07462264874027005,0.10172812415091341,0.08067777531850674,0.04178906443844321,0.06609292713899918,0.059423480440031776,0.0546659268689436,0.05904289738046067,0.05415798008101666,0.05896924504686259,0.05395215877998411,0.07736999228911834,0.06253939735822081,0.0678175449070691,0.05769793290548053,0.06903146281175536,0.06058310542017475,0.05038854999364575,0.06835343296902302,0.07586761671644163,0.07146503873073867,0.05644705956949961
Clths,0.05088558444797457,0.04687141463065926,0.04511212544876885,0.03244628745035742,0.03820970084193805,0.05498571847498013,0.07118624700555996,0.0833535947736299,0.06633247413820492,0.08763404667196185,0.049877732692613176,0.04837649849086576,0.053076470849880854,0.07786157146942015,0.06942499045274025,0.06412926629070691,0.07291309218427322,0.10215302851469421,0.10016294670373312,0.08935206989674342,0.08294949026211278,0.0690521071008737,0.09524053923749004,0.06940084320889593,0.08899725874503575,0.054659970262112785,0.06116534243050039,0.07993640508339953,0.11381650133439238,0.08684397316918188,0.045862007561556783,0.07209893706115966,0.06553891248610008,0.05975065995234313,0.0652053016203336,0.06004186984908656,0.06504019312152502,0.058925952025417005,0.08521404352660841,0.069542969324861,0.07513884192216044,0.06351446525814135,0.08023132768864179,0.06869521191421765,0.05296385561556791,0.07578465334392373,0.08212665577442414,0.07858782441620334,0.06140329726767277
Hlth ,0.03953992231453533,0.035341684541699746,0.03506838113899921,0.02370011660206513,0.02842952869896743,0.0394409194980143,0.050407632176330416,0.058921190597299444,0.04598897510563938,0.049877732692613176,0.04650091135663224,0.03912514156632248,0.04276357094201747,0.056819401677521815,0.05026186256235107,0.04537726394440031,0.05231544571405878,0.06841956312152503,0.0725871613963463,0.06494397937410644,0.05984054409531374,0.050138752250992846,0.06696342126290705,0.049218513302621135,0.06314431713741064,0.04117943208895949,0.048829367256552826,0.0586770583034154,0.08213198888482921,0.06674405571564734,0.035352249569499596,0.052666082659253384,0.04916290450675136,0.04410960547100873,0.0475056477378872,0.043759569231135824,0.047354415864972195,0.04392238896266879,0.060998137420174715,0.050231164713264484,0.05259021265925338,0.04657554437490072,0.05240635110405083,0.046274999304209696,0.037955136252581415,0.05561587643208894,0.058703824770452745,0.05549198200317714,0.04497197615409055
MedEq,0.03952449246703733,0.03403431189197775,0.03501144757426528,0.02359828559809373,0.027508299672756153,0.03721344523590151,0.04942532289118348,0.05616636372359016,0.04461002108975376,0.04837649849086576,0.03912514156632248,0.0439693246449563,0.04322383636536933,0.055903636765687055,0.04884076980460684,0.04409694664336776,0.05097448531850675,0.06686423574265289,0.07175339589515488,0.06281538272279587,0.05856624621445592,0.04974276442891186,0.06450546659253377,0.04806422452104845,0.060585037763304206,0.04077147297855439,0.04695934549960285,0.05997144020333598,0.08292653933598093,0.06553060214773629,0.034379806760921366,0.05181608796822875,0.04726183566004765,0.04344911440190626,0.0470539845655282,0.04360031422398729,0.04708837955202541,0.043600205826846684,0.058499847917394744,0.04742821526290707,0.05136942280540112,0.04544378903256553,0.050822810675139,0.044386785874503565,0.03719352280222398,0.05315332415567911,0.05713262886735505,0.05487970856870532,0.04433912120095314
Drugs,0.0431560970039714,0.038027135866560764,0.038628086678316124,0.02527458159173948,0.031195155793486896,0.042799985175536126,0.05526279402700556,0.06241460847021447,0.04890438927402699,0.053076470849880854,0.04276357094201747,0.04322383636536933,0.055742987666401914,0.06288429056711675,0.05388178985861796,0.047555391574265284,0.056278210713264505,0.07493551396346304,0.07939481669261318,0.06933194241779188,0.06493346169340744,0.05530959597140588,0.07143456076250991,0.053765587367752186,0.06688415586338364,0.04658134332009531,0.053063339628276404,0.06725637620969024,0.09052959141540903,0.07306272148689437,0.03806477974265289,0.05824691464336775,0.05144925153931692,0.04853081078316123,0.052724543275615564,0.048496942036536934,0.05288837103097696,0.04840982663065925,0.06541294743764892,0.053020615987291485,0.057122840521048476,0.0503217775186656,0.05671411787132645,0.04974354180142971,0.04076794591262907,0.05833689739158062,0.062353845045274026,0.060699727453534545,0.04892904350754567
Chems,0.06113133510405081,0.0525786811691819,0.05315939216521048,0.0371585605782367,0.04394502894996028,0.060981914687847506,0.07798130478157267,0.09083631225416998,0.07185151907227959,0.07786157146942015,0.056819401677521815,0.055903636765687055,0.06288429056711675,0.10351343145988878,0.07842755677839558,0.06858966206830817,0.08168152906751391,0.11100574694201747,0.12155746709451945,0.10450475308022239,0.09729090340270054,0.08024063721683876,0.10729305178713265,0.0781422394217633,0.09868889692136615,0.06297724393963462,0.08799668360921367,0.10460637996505161,0.14913502352978555,0.11390441215567905,0.056012780073073865,0.0829135967847498,0.07179691356314535,0.0672921968482923,0.0736547083463066,0.06925390335822082,0.07482821335663226,0.06710296449245431,0.09473903250833993,0.08026765351548848,0.08234245464019062,0.07231452425099286,0.08160420152501985,0.07207217688324065,0.05883746548689435,0.08510928939793484,0.0917433325687053,0.08782148753613979,0.06900095929467831
Rubbr,0.05242912941858619,0.04720366437331215,0.046152064843526595,0.03132239265607626,0.038243180638602055,0.05379046562033358,0.06744333778395552,0.0825185041731533,0.06471394686735504,0.06942499045274025,0.05026186256235107,0.04884076980460684,0.05388178985861796,0.07842755677839558,0.08922999595075456,0.062472427515488475,0.07197954308022239,0.0926447956235107,0.10064286971088164,0.08794905835107232,0.083206122471803,0.069063902675139,0.09352188480540112,0.06859023521525016,0.08741573576806988,0.05418890773629865,0.05994587888165211,0.07878823856076252,0.11160424805559968,0.0901883689610802,0.047911693324861,0.07166253013185067,0.06477993118189038,0.05934343029070692,0.06468034870055601,0.05948306796981732,0.06433980076092136,0.05878888400953137,0.08411723577760127,0.06949113340587769,0.07280675836854646,0.06294867734392375,0.0722186287212073,0.062418593318506736,0.053491794610007935,0.07535651809054805,0.08067121925496423,0.07648056715965051,0.06068359509610802
Txtls,0.04953537947418587,0.04096393473073869,0.039607782095313744,0.026692596071485303,0.032688271567911036,0.04907527232406672,0.06432751098490866,0.07810025399046865,0.05993364438919778,0.06412926629070691,0.04537726394440031,0.04409694664336776,0.047555391574265284,0.06858966206830817,0.062472427515488475,0.09745737310722795,0.06736590620969023,0.08824153956314536,0.08988002426211278,0.07762671623828435,0.07413350131215249,0.05984436637648928,0.08385447071485307,0.05902644303097697,0.07923080579189831,0.050165397807783944,0.059591124791104046,0.07384067846544876,0.09980545204289115,0.08095914927879269,0.039929150258935654,0.06377636085464654,0.057533686813343914,0.05180928884511517,0.05579630696902303,0.05200904634948371,0.05622607969658459,0.052547147266084206,0.07833875501509134,0.06061458206354248,0.06583979743129467,0.05637591010007941,0.06590099456711677,0.058948195510722785,0.04706995386338363,0.06735969143447183,0.07560813549007146,0.06719143920095312,0.05369859298332011
BldMt,0.05643561641143764,0.048489933783955524,0.046847536268467035,0.03225420381731532,0.03818303289594917,0.05664925676250991,0.0736090307307387,0.08526238974265289,0.06727904966957904,0.07291309218427322,0.05231544571405878,0.05097448531850675,0.056278210713264505,0.08168152906751391,0.07197954308022239,0.06736590620969023,0.08416694889753772,0.10348960841143764,0.1081623050627482,0.09461392423828435,0.08775660623351864,0.07267798679269259,0.09758383430500397,0.0717048660079428,0.09160293454169975,0.05765806370135028,0.07032383168228752,0.08871432807942813,0.1256893408562351,0.0973300265909452,0.0487915055313741,0.07495932623034153,0.06796137734868943,0.06217716710405083,0.06720603245909451,0.06133301495313743,0.06710899663383636,0.06119854134392375,0.0877541781064337,0.07296415844479744,0.07640841332327243,0.06587109314058776,0.07695830128673549,0.06673536496584591,0.055662768281175515,0.07816381792216043,0.08601901991898334,0.08140242127561556,0.0634991927672756
Cnstr,0.07519762528196983,0.06381473030182686,0.06016642498014297,0.04150342057982526,0.04699799936457504,0.0740186009531374,0.09755628709293089,0.11319854687053216,0.08961918747418583,0.10215302851469421,0.06841956312152503,0.06686423574265289,0.07493551396346304,0.11100574694201747,0.0926447956235107,0.08824153956314536,0.10348960841143764,0.20194044606036532,0.14743480785544077,0.12549175974583002,0.11710776533756949,0.09798984440031772,0.13113997285941226,0.09306643860206512,0.12169965002382845,0.07541902103256552,0.10451292978554409,0.12261501749007148,0.17576309357426528,0.1321067038522637,0.06344746541699761,0.09961057037331215,0.0895078144003177,0.08309702360603653,0.08915544455123112,0.08309347784749803,0.09064494977760125,0.08154776924543287,0.11816492735504364,0.09685305198570293,0.10275909918189036,0.08709864381254964,0.10526507977760124,0.09156395661636219,0.07721080753772835,0.11307359353455122,0.11477238146942019,0.10993331241461472,0.08579903395552024
Steel,0.08126268517394755,0.06849957766322479,0.06732570997140588,0.047610366991262906,0.05441047872279585,0.07705638593169184,0.10060090521842731,0.11552985321842733,0.09179399807625098,0.10016294670373312,0.0725871613963463,0.07175339589515488,0.07939481669261318,0.12155746709451945,0.10064286971088164,0.08988002426211278,0.1081623050627482,0.14743480785544077,0.17459507294519458,0.14125049721366156,0.12853196576330417,0.10467340483240667,0.13671732194598885,0.10200734097537727,0.1286784763749007,0.08180858011119935,0.12487904458776806,0.14472229572994438,0.21164750653375697,0.1547010862160445,0.07127112061000795,0.10491371125337569,0.09253681691342333,0.08665416744082605,0.0965438322652899,0.08732132605401113,0.09688146460206513,0.08718598136934075,0.12022991743606036,0.10525827457823668,0.10681818428752979,0.0945295384336775,0.10442016768864176,0.09226634704050837,0.07329190263860205,0.10808912431135821,0.117864771680699,0.11291750492613188,0.09031033453375693
FabPr,0.07405903639078634,0.06039524660206512,0.05910447680381255,0.04077210761556791,0.04717579701985702,0.06909825152660842,0.08785138287529787,0.10135008893407464,0.07971944348848292,0.08935206989674342,0.06494397937410644,0.06281538272279587,0.06933194241779188,0.10450475308022239,0.08794905835107232,0.07762671623828435,0.09461392423828435,0.12549175974583002,0.14125049721366156,0.158128202929309,0.111987402624305,0.0924167617918983,0.12023137795075459,0.09127814105798251,0.11407308259253378,0.0715172270373312,0.10183016221127879,0.11825467029070691,0.17584469746147732,0.13155154105162828,0.061869029604447984,0.09065782496584592,0.0816837993455123,0.07658569572041303,0.08546406008578238,0.07739443695631454,0.08462040042573472,0.07649645017950756,0.10641498647180302,0.09167315785226371,0.09265121969181889,0.08322251548212867,0.09238993423351864,0.08061238301509133,0.06585150856870532,0.09417118245591741,0.1020637342525814,0.09936485134868943,0.0795299199618745
Mach ,0.0655070191644162,0.05587788512787926,0.05507498844162034,0.03812484821604447,0.04561318600794282,0.06371040608101668,0.08188311993645751,0.09731380090865765,0.07568299079904686,0.08294949026211278,0.05984054409531374,0.05856624621445592,0.06493346169340744,0.09729090340270054,0.083206122471803,0.07413350131215249,0.08775660623351864,0.11710776533756949,0.12853196576330417,0.111987402624305,0.1070943507164416,0.08438169973629865,0.112023620969023,0.0832244180587768,0.10562172996981731,0.06688884238284352,0.09032803945353454,0.10817147784590946,0.1569158582621128,0.12036632603018269,0.057780250942017455,0.08618893218109612,0.07613304985544084,0.07134283823351864,0.07878015633359807,0.07202011922478158,0.07895619711517077,0.07159101573312154,0.10014020675456713,0.08421091952978554,0.08654554320571882,0.07639137967911042,0.08613522462271644,0.07539238202382842,0.06178773428435268,0.08879284544559173,0.09688347417950752,0.0928675661509134,0.07353922873391577
ElcEq,0.05337050580778396,0.04702720267196188,0.047000957722001586,0.031117512467037325,0.03814694663701351,0.05481995331532963,0.06880470889594915,0.07952492174424147,0.0631579570802224,0.0690521071008737,0.050138752250992846,0.04974276442891186,0.05530959597140588,0.08024063721683876,0.069063902675139,0.05984436637648928,0.07267798679269259,0.09798984440031772,0.10467340483240667,0.0924167617918983,0.08438169973629865,0.07984331074821287,0.09216004440031772,0.06929941110722795,0.0868694908403495,0.05736595787132646,0.06918992794916601,0.08816730274185863,0.12622073676568704,0.09674145911675931,0.04732799944718029,0.0724683606544877,0.06365232439396346,0.059921918271644156,0.06581195068784752,0.06065826264972198,0.06644322383796662,0.05990211395710881,0.08262489024305003,0.06938950472756157,0.07244669970135026,0.06326021387132644,0.07133908235107225,0.06223577257505955,0.05235659926608419,0.07447715204447974,0.08061551125337567,0.07761582859094518,0.06177308114694199
Autos,0.06660211671961873,0.06218203041302622,0.05871773271644161,0.04244718416997618,0.048613891469420176,0.07330743485305798,0.09556862126290705,0.11298046032565522,0.08718888901509134,0.09524053923749004,0.06696342126290705,0.06450546659253377,0.07143456076250991,0.10729305178713265,0.09352188480540112,0.08385447071485307,0.09758383430500397,0.13113997285941226,0.13671732194598885,0.12023137795075459,0.112023620969023,0.09216004440031772,0.1441236194996029,0.09082101200953137,0.11822960201747415,0.07357708584590944,0.09122393712470216,0.11033097809372519,0.1587870981175536,0.12221984475774425,0.06124222408260523,0.0970704720730739,0.08691827273232723,0.07934601448768865,0.08612817157267674,0.07931590119936457,0.08656607498808577,0.07878587920571883,0.11716365736298649,0.09368017166799042,0.09867753826052424,0.0844128032406672,0.09939668695790309,0.08810175693407464,0.07150225513105639,0.10034546772041304,0.10775184739475775,0.10338481373312149,0.08276609270055602
Aero ,0.052706207453534534,0.046627400768864166,0.04719356611914217,0.03350468564892773,0.039331154751389985,0.052754491126290715,0.06657865451945988,0.0786114547037331,0.06233400588403496,0.06940084320889593,0.049218513302621135,0.04806422452104845,0.053765587367752186,0.0781422394217633,0.06859023521525016,0.05902644303097697,0.0717048660079428,0.09306643860206512,0.10200734097537727,0.09127814105798251,0.0832244180587768,0.06929941110722795,0.09082101200953137,0.084851856050834,0.08517777300714853,0.057623178014297054,0.06607956554090548,0.08244795944718031,0.11756516973471007,0.09142609437331217,0.048844755621922156,0.07102509827482129,0.06336894168705322,0.05885908248451152,0.0645958040921366,0.059164565776012715,0.06456916935980937,0.05825764669102461,0.08212531535504368,0.06939838864495632,0.07272994856870531,0.06278108601111995,0.07222100962668783,0.06309410499126289,0.05070938655440826,0.07432031730579823,0.078200831974583,0.07692908749166007,0.060326274954725985
Ships,0.06714937495472595,0.0582785774392375,0.05706448107069102,0.03825001055123114,0.04638683134551231,0.0668604954853058,0.08662198460683083,0.10434864578554412,0.08063249064019064,0.08899725874503575,0.06314431713741064,0.060585037763304206,0.06688415586338364,0.09868889692136615,0.08741573576806988,0.07923080579189831,0.09160293454169975,0.12169965002382845,0.1286784763749007,0.11407308259253378,0.10562172996981731,0.0868694908403495,0.11822960201747415,0.08517777300714853,0.1373940681111994,0.06940719707704525,0.08575158201111995,0.10551118583637807,0.14958173786497217,0.11605900452104846,0.058011772689436046,0.08922507915488483,0.08147656373947577,0.07432229554884828,0.08089484165528196,0.07402970113105638,0.08054321498649722,0.0733499030087371,0.10550564904209686,0.08663977752819697,0.09379069165687051,0.07955514460365369,0.09310020705321682,0.08135528648768864,0.06591554932803813,0.09344340903574265,0.10109318088324067,0.09552837156791105,0.0770329758824464
Guns ,0.044683179507545655,0.0384307125655282,0.037891804193804605,0.02598209471008736,0.03361372422557585,0.043593122382843526,0.055811780397140576,0.06572950360603652,0.04930377931691819,0.054659970262112785,0.04117943208895949,0.04077147297855439,0.04658134332009531,0.06297724393963462,0.05418890773629865,0.050165397807783944,0.05765806370135028,0.07541902103256552,0.08180858011119935,0.0715172270373312,0.06688884238284352,0.05736595787132646,0.07357708584590944,0.057623178014297054,0.06940719707704525,0.08943429559968227,0.0555891897378872,0.06898876565528196,0.0941848245274027,0.07425975431294679,0.03889537734710087,0.059536055504368524,0.05285705204130261,0.048600537188244634,0.05224298268467036,0.04848053861795075,0.052557551008737095,0.048029961683876084,0.06788277722001587,0.05641983030976965,0.059410101540905466,0.05086496702144559,0.05745616546465449,0.05060032098490865,0.041654234916600474,0.05981917486894359,0.06456841810961081,0.06244781709293089,0.04862312644956315
Gold ,0.05671202574106433,0.04324818965528197,0.045962290649722,0.03512461850992851,0.037672466198570294,0.05179688458776806,0.06498859790309769,0.06847658569023035,0.05851517319777601,0.06116534243050039,0.048829367256552826,0.04695934549960285,0.053063339628276404,0.08799668360921367,0.05994587888165211,0.059591124791104046,0.07032383168228752,0.10451292978554409,0.12487904458776806,0.10183016221127879,0.09032803945353454,0.06918992794916601,0.09122393712470216,0.06607956554090548,0.08575158201111995,0.0555891897378872,0.2862394205178712,0.14956293036378077,0.1869061685401112,0.1320866202319301,0.05048947975853851,0.06810683966322477,0.055062721849086574,0.05630274377760128,0.06162308198888005,0.05678835509451944,0.06413257392216044,0.05698518186497218,0.07871586264019062,0.06919971003018269,0.062136674675138996,0.06205768468308181,0.06114749245432884,0.05487268645591739,0.039054916174741855,0.06651099956791105,0.07324109661000792,0.0716958446576648,0.05957215591421764
Mines,0.07023609773788722,0.05566665318824465,0.057201372273232735,0.039197728479745834,0.04340798736775217,0.06270512202065132,0.0841269067355044,0.08951235735980935,0.07462264874027005,0.07993640508339953,0.0586770583034154,0.05997144020333598,0.06725637620969024,0.10460637996505161,0.07878823856076252,0.07384067846544876,0.08871432807942813,0.12261501749007148,0.14472229572994438,0.11825467029070691,0.10817147784590946,0.08816730274185863,0.11033097809372519,0.08244795944718031,0.10551118583637807,0.06898876565528196,0.14956293036378077,0.1685834607720413,0.19771712704368544,0.14349527455758534,0.058389554173153294,0.08567110232247815,0.07187628239237488,0.07171110651628274,0.07879849070373311,0.07163764730420967,0.08072064795234316,0.07266508317077046,0.09682444506433678,0.08504918672915011,0.08374090618268466,0.07768657946306588,0.0824562527720413,0.0742001563081811,0.056801111037331195,0.08433623245750596,0.09226141759173946,0.09249986039396345,0.07471719593645751
Coal ,0.09861521723431296,0.07854708238760921,0.07604429035583797,0.053314583061159646,0.06454266429229545,0.08599261793169181,0.11529778045274025,0.13183784088482925,0.10172812415091341,0.11381650133439238,0.08213198888482921,0.08292653933598093,0.09052959141540903,0.14913502352978555,0.11160424805559968,0.09980545204289115,0.1256893408562351,0.17576309357426528,0.21164750653375697,0.17584469746147732,0.1569158582621128,0.12622073676568704,0.1587870981175536,0.11756516973471007,0.14958173786497217,0.0941848245274027,0.1869061685401112,0.19771712704368544,0.3634170708355837,0.22167415790468623,0.08846118689118347,0.1210348075266084,0.102223457694996,0.09930712188721208,0.11070912461795078,0.09941579632565524,0.11168094586020652,0.09966457122160444,0.13878839558697376,0.12267127634471807,0.11764594178395553,0.1091121778999206,0.11509113461477363,0.10236228237331214,0.07946158298173153,0.12169107593010323,0.13316156892930894,0.1282086836012708,0.10574383766957901
Oil  ,0.0761966899110405,0.06111515776489277,0.061513723096107996,0.0428299054598888,0.052924700892772035,0.07153026241143763,0.08967047378077841,0.10348191349801429,0.08067777531850674,0.08684397316918188,0.06674405571564734,0.06553060214773629,0.07306272148689437,0.11390441215567905,0.0901883689610802,0.08095914927879269,0.0973300265909452,0.1321067038522637,0.1547010862160445,0.13155154105162828,0.12036632603018269,0.09674145911675931,0.12221984475774425,0.09142609437331217,0.11605900452104846,0.07425975431294679,0.1320866202319301,0.14349527455758534,0.22167415790468623,0.17777171464813346,0.07165817202223985,0.09583695443685462,0.08090305993486895,0.07773728795552026,0.08655822719142174,0.0781364543876092,0.08778662441461475,0.07869719994281177,0.10887109703256548,0.09429567775853852,0.09059034138681492,0.08498387483399523,0.0879604393963463,0.07791743846544877,0.0645079515440826,0.09706966811437648,0.10731931442573474,0.0998120639189833,0.08296778516759333
Util ,0.0373271562700556,0.03377327069737888,0.03533243916123908,0.025690818452740263,0.030918846252581407,0.03671704559809373,0.04472694729150121,0.053411103250198586,0.04178906443844321,0.045862007561556783,0.035352249569499596,0.034379806760921366,0.03806477974265289,0.056012780073073865,0.047911693324861,0.039929150258935654,0.0487915055313741,0.06344746541699761,0.07127112061000795,0.061869029604447984,0.057780250942017455,0.04732799944718029,0.06124222408260523,0.048844755621922156,0.058011772689436046,0.03889537734710087,0.05048947975853851,0.058389554173153294,0.08846118689118347,0.07165817202223985,0.04586802056235106,0.05021873122160445,0.04405248125814138,0.040443589172359,0.043724241836378075,0.041179031256552805,0.04353359344241462,0.03954533472915012,0.05686356101032565,0.05042059560285942,0.04811488178554408,0.04324168874344718,0.04824182173153298,0.040943605610802236,0.03507085578395552,0.05452778110246228,0.05406402755837967,0.052909623250198566,0.04257442088006355
Telcm,0.054740670503574264,0.04935813511358218,0.05051058751707704,0.03377500261477363,0.040311313671167595,0.057674316098490844,0.07383363308975376,0.08772367641938046,0.06609292713899918,0.07209893706115966,0.052666082659253384,0.05181608796822875,0.05824691464336775,0.0829135967847498,0.07166253013185067,0.06377636085464654,0.07495932623034153,0.09961057037331215,0.10491371125337569,0.09065782496584592,0.08618893218109612,0.0724683606544877,0.0970704720730739,0.07102509827482129,0.08922507915488483,0.059536055504368524,0.06810683966322477,0.08567110232247815,0.1210348075266084,0.09583695443685462,0.05021873122160445,0.08472704985544081,0.06834118338681493,0.062473922865766474,0.06866194056552818,0.06339574142335185,0.06836052762827642,0.06100810032088959,0.08852507186020649,0.07104106017791897,0.07622740958538522,0.06549158615409056,0.07723501569499602,0.06776122095631451,0.05566681783320094,0.0799090842954726,0.08590726674821286,0.08212551343288324,0.06363558321525019
PerSv,0.049038812201747425,0.04495132026528991,0.044415686721207305,0.030241369901509132,0.03581260925814138,0.050110225372517865,0.0669267079825258,0.0791364914583002,0.059423480440031776,0.06553891248610008,0.04916290450675136,0.04726183566004765,0.05144925153931692,0.07179691356314535,0.06477993118189038,0.057533686813343914,0.06796137734868943,0.0895078144003177,0.09253681691342333,0.0816837993455123,0.07613304985544084,0.06365232439396346,0.08691827273232723,0.06336894168705322,0.08147656373947577,0.05285705204130261,0.055062721849086574,0.07187628239237488,0.102223457694996,0.08090305993486895,0.04405248125814138,0.06834118338681493,0.07655877320254169,0.056593749693407455,0.06062997198252583,0.05656976902779984,0.06022770070055598,0.054958312718030186,0.07963649216521049,0.06410044659412231,0.0682894871437649,0.05937178200476569,0.07071800130262113,0.061257925887212086,0.05055586637490072,0.07150329566640193,0.07808398905321684,0.07339232159332804,0.0564965159285147
BusSv,0.045464196778395534,0.04097015632088958,0.040434039034154094,0.026895715863383646,0.0316180224559174,0.04597947536775218,0.060024423510722784,0.0708305913200953,0.0546659268689436,0.05975065995234313,0.04410960547100873,0.04344911440190626,0.04853081078316123,0.0672921968482923,0.05934343029070692,0.05180928884511517,0.06217716710405083,0.08309702360603653,0.08665416744082605,0.07658569572041303,0.07134283823351864,0.059921918271644156,0.07934601448768865,0.05885908248451152,0.07432229554884828,0.048600537188244634,0.05630274377760128,0.07171110651628274,0.09930712188721208,0.07773728795552026,0.040443589172359,0.062473922865766474,0.056593749693407455,0.05504972508975377,0.05639564774583001,0.05254027097061159,0.05673388468943605,0.05144369574583004,0.07148352148689435,0.05957478651628277,0.062428560673550425,0.05458755549483716,0.06301569629864971,0.05509402629388403,0.044996631764892756,0.06453514520095313,0.06885123499285148,0.06703728075615567,0.05272293293725179
Hardw,0.05070482807466243,0.043659536697378876,0.04507032858300237,0.02947437523272438,0.035718275399523436,0.05111422280540111,0.06555225133439238,0.07517943661477364,0.05904289738046067,0.0652053016203336,0.0475056477378872,0.0470539845655282,0.052724543275615564,0.0736547083463066,0.06468034870055601,0.05579630696902303,0.06720603245909451,0.08915544455123112,0.0965438322652899,0.08546406008578238,0.07878015633359807,0.06581195068784752,0.08612817157267674,0.0645958040921366,0.08089484165528196,0.05224298268467036,0.06162308198888005,0.07879849070373311,0.11070912461795078,0.08655822719142174,0.043724241836378075,0.06866194056552818,0.06062997198252583,0.05639564774583001,0.07039045702779982,0.058392367877680686,0.06444240105321683,0.05706396951231134,0.07780956742494043,0.06498105598570293,0.06777688807148531,0.0592557172613185,0.06883593722001588,0.06043463802700557,0.048505370482922965,0.0692487976584591,0.07416216542811754,0.07361304844956315,0.0576699681350278
Softw,0.04656558648610008,0.0406911311056394,0.041209562673550436,0.028548744891183482,0.032593285629864965,0.046063961042096896,0.05978979157267671,0.07002045523272439,0.05415798008101666,0.06004186984908656,0.043759569231135824,0.04360031422398729,0.048496942036536934,0.06925390335822082,0.05948306796981732,0.05200904634948371,0.06133301495313743,0.08309347784749803,0.08732132605401113,0.07739443695631454,0.07202011922478158,0.06065826264972198,0.07931590119936457,0.059164565776012715,0.07402970113105638,0.04848053861795075,0.05678835509451944,0.07163764730420967,0.09941579632565524,0.0781364543876092,0.041179031256552805,0.06339574142335185,0.05656976902779984,0.05254027097061159,0.058392367877680686,0.056929976964257334,0.05837800213343923,0.05187311731215249,0.07231607951389993,0.05941537258617951,0.06293085811119936,0.054842227348689446,0.06346782157267673,0.055435688320889576,0.045476297885623504,0.0648919869197776,0.06967852231453533,0.06839437369181892,0.052611959652104835
Chips,0.050716714092136614,0.04358578584114377,0.04486565895313741,0.029422375906274816,0.0345224181858618,0.051485440368546444,0.06575562499602859,0.07515823455599682,0.05896924504686259,0.06504019312152502,0.047354415864972195,0.04708837955202541,0.05288837103097696,0.07482821335663226,0.06433980076092136,0.05622607969658459,0.06710899663383636,0.09064494977760125,0.09688146460206513,0.08462040042573472,0.07895619711517077,0.06644322383796662,0.08656607498808577,0.06456916935980937,0.08054321498649722,0.052557551008737095,0.06413257392216044,0.08072064795234316,0.11168094586020652,0.08778662441461475,0.04353359344241462,0.06836052762827642,0.06022770070055598,0.05673388468943605,0.06444240105321683,0.05837800213343923,0.06786205993804606,0.057624337499602836,0.0776989511008737,0.06475776649880857,0.06789646744559175,0.059596097366163586,0.06816202986497219,0.05999281649880856,0.04821832451628276,0.06851117874821286,0.07427016331850674,0.07301239050516281,0.05741411440349483
LabEq,0.045748875672756165,0.03977997056711676,0.03984394143923749,0.027247177772835578,0.03146311712152502,0.046476431917394756,0.058543869928514694,0.06773796957585383,0.05395215877998411,0.058925952025417005,0.04392238896266879,0.043600205826846684,0.04840982663065925,0.06710296449245431,0.05878888400953137,0.052547147266084206,0.06119854134392375,0.08154776924543287,0.08718598136934075,0.07649645017950756,0.07159101573312154,0.05990211395710881,0.07878587920571883,0.05825764669102461,0.0733499030087371,0.048029961683876084,0.05698518186497218,0.07266508317077046,0.09966457122160444,0.07869719994281177,0.03954533472915012,0.06100810032088959,0.054958312718030186,0.05144369574583004,0.05706396951231134,0.05187311731215249,0.057624337499602836,0.05663113305162825,0.07095093853534551,0.05834059052581412,0.06160197555520253,0.05426301190150914,0.061275039904686246,0.05432251554567116,0.044163584540111205,0.06271180669102462,0.0673056857887212,0.06602022828911833,0.05259099055123113
Paper,0.06429626604924543,0.056863543996822884,0.05310275297537728,0.03738041879904685,0.04611622364416202,0.06638508844479746,0.08569733609213659,0.10165362861636221,0.07736999228911834,0.08521404352660841,0.060998137420174715,0.058499847917394744,0.06541294743764892,0.09473903250833993,0.08411723577760127,0.07833875501509134,0.0877541781064337,0.11816492735504364,0.12022991743606036,0.10641498647180302,0.10014020675456713,0.08262489024305003,0.11716365736298649,0.08212531535504368,0.10550564904209686,0.06788277722001587,0.07871586264019062,0.09682444506433678,0.13878839558697376,0.10887109703256548,0.05686356101032565,0.08852507186020649,0.07963649216521049,0.07148352148689435,0.07780956742494043,0.07231607951389993,0.0776989511008737,0.07095093853534551,0.11967077960921368,0.08649497006830816,0.08908699883399522,0.07603392958856234,0.08966734389197775,0.07844881256235106,0.06571798493089752,0.09399332240826053,0.09865952794598888,0.09490914184908657,0.07420740363145353
Boxes,0.0521406027339158,0.048281663585385236,0.04697153885782366,0.030852309631453537,0.041180569575853844,0.054070174888006355,0.06945039220810167,0.07983357228435266,0.06253939735822081,0.069542969324861,0.050231164713264484,0.04742821526290707,0.053020615987291485,0.08026765351548848,0.06949113340587769,0.06061458206354248,0.07296415844479744,0.09685305198570293,0.10525827457823668,0.09167315785226371,0.08421091952978554,0.06938950472756157,0.09368017166799042,0.06939838864495632,0.08663977752819697,0.05641983030976965,0.06919971003018269,0.08504918672915011,0.12267127634471807,0.09429567775853852,0.05042059560285942,0.07104106017791897,0.06410044659412231,0.05957478651628277,0.06498105598570293,0.05941537258617951,0.06475776649880857,0.05834059052581412,0.08649497006830816,0.09106122568864176,0.07401885076568704,0.06320178159173946,0.07378530706910247,0.06425187784908658,0.052489768837172365,0.07698788943923747,0.07946163353296265,0.07922937576330422,0.060928701186656074
