,Agric,Food ,Soda ,Beer ,Smoke,Toys ,Fun  ,Books,Hshld,Clths,Hlth ,MedEq,Drugs,Chems,Rubbr,Txtls,BldMt,Cnstr,Steel,FabPr,Mach ,ElcEq,Autos,Aero ,Ships,Guns ,Gold ,Mines,Coal ,Oil  ,Util ,Telcm,PerSv,BusSv,Hardw,Softw,Chips,LabEq,Paper,Boxes,Trans,Whlsl,Rtail,Meals,Banks,Insur,RlEst,Fin  ,Other
Agric,0.10944595717871325,0.044810351421763296,0.04312661016362192,0.030839279768069893,0.039676588311358216,0.04815999957108816,0.06401668480063541,0.07722867147895153,0.061050842052422546,0.0638205788562351,0.051006847291501185,0.05075806166799046,0.055331338983320086,0.07666341758538522,0.06477920460365369,0.062000570856235115,0.07173502448610007,0.09165822365369339,0.0993570267545671,0.08975745886258935,0.08186796519142178,0.06723538443526607,0.08391244097855438,0.06448630946783163,0.08931055709610798,0.05714271650833994,0.06774672344718027,0.0870305639364575,0.1191803325941223,0.09508323726131851,0.04526792949642573,0.0695883016584591,0.06269084459412232,0.05803627627958697,0.06484300466401906,0.058996759056393976,0.06436212201111993,0.05873060484193806,0.07890938751072284,0.06395929146306592,0.06907392241143763,0.06274264402541699,0.0673366071421763,0.05861138708181094,0.05046402030500397,0.0693073537918983,0.07217668256393964,0.07488095579666404,0.060157079348689434
Food ,0.044810351421763296,0.045817918792692605,0.03935889502779984,0.028333241334392377,0.03412513299444001,0.04251142386020651,0.05515066001588563,0.06443050528991262,0.049466986973788714,0.05528782268467036,0.04250519494837172,0.041246003272438436,0.04572028416203335,0.06209755523431296,0.05478677035742654,0.04954021045274027,0.05820094163621923,0.0745179578395552,0.07948276241461476,0.0696671460841938,0.06607296816521047,0.055417412835583796,0.07298392120730737,0.0540484678951549,0.07196978760921366,0.046411843971405874,0.050127244447974575,0.06555580416203335,0.0913178676409849,0.07311470386020649,0.038952668212867345,0.058927507768069876,0.053420678919777614,0.04890082389197776,0.05273702325655282,0.048573146719618744,0.05196305299444007,0.04804503034154091,0.06602965833200954,0.05535040238284352,0.057905994662430495,0.05149342084193804,0.0575232489912629,0.05053981461477362,0.04221422516282765,0.060835727879269254,0.061255661572676715,0.06254467129467832,0.04959022738681491
Soda ,0.04312661016362192,0.03935889502779984,0.0756772861810961,0.030231033173947576,0.03416538435107228,0.04362613360603654,0.05259535874344719,0.061722302544876886,0.04819985889436062,0.05299372324861001,0.04066122631453535,0.04113422611596506,0.04500884947577442,0.061166885885623475,0.052472949135822095,0.04679291438125495,0.054915939702938836,0.06909153443208894,0.0763971318014297,0.06596276030659254,0.06385432742811753,0.05423078803653694,0.06791204108339954,0.053589072795869726,0.0693179136362192,0.04499238349324861,0.05007725683081811,0.06554905228117554,0.08598324901667989,0.07151651263224783,0.039822391391580614,0.058904107963463063,0.051745160054011106,0.04732799931850676,0.05282230100397141,0.04803949486417792,0.051798079629864976,0.046669715466243065,0.061280488961080216,0.05310490219539316,0.05538943242414614,0.05082283739952341,0.05576819215567911,0.04956046499761717,0.04033499033995233,0.05869125082446385,0.05960901303097694,0.060591536621127894,0.047298173351866576
Beer ,0.030839279768069893,0.028333241334392377,0.030231033173947576,0.05413444050675139,0.0265292913375695,0.03310423406671961,0.038156238978554406,0.04326090328196981,0.03435272000317712,0.03980827390786338,0.030251912287529784,0.02980358128673551,0.031574852684670376,0.04535221986497221,0.03819199341223194,0.03434438992692613,0.04052614449404288,0.05079547076250992,0.05722322229864973,0.04937219188085782,0.04666717774106434,0.038601997644162035,0.05151991155837966,0.04000962888800636,0.05076697191739476,0.03289325648451151,0.04080917781572676,0.04845614361080222,0.06518801898014298,0.05308254688800635,0.03041005867037332,0.041774599839555206,0.03733850958220811,0.033765200163621924,0.03711878307545672,0.03509691679269261,0.03646475350436854,0.034273932768864174,0.045265620354249414,0.03705016460047656,0.040773492490865766,0.037204231420174746,0.04002583111358222,0.03601953888482922,0.028188244713264494,0.04252027009054806,0.04365978195234313,0.04302650064972199,0.03543154571088165
Smoke,0.039676588311358216,0.03412513299444001,0.03416538435107228,0.0265292913375695,0.07275123966799048,0.03624543916600475,0.04384321545830024,0.05236256496902303,0.03993768699920571,0.04627401813343924,0.03497520126290707,0.03472944349483717,0.038726853653693404,0.05288027719618745,0.04516715380301827,0.04084371932803812,0.0469275788991263,0.056725522978554405,0.06360958149483717,0.05626627155996821,0.054556420657664806,0.04625874632406672,0.05865106328514694,0.04625310131056395,0.05990110787291502,0.04122480201906274,0.043010185011914226,0.052322166050834,0.07612568000635425,0.06448124841620335,0.03647049791739475,0.0496771455393169,0.043691651002382835,0.039130358139793486,0.04413000574741859,0.039651996160444784,0.042184762403494835,0.03873066597934868,0.05479116724225576,0.04775550323749007,0.04740320655917395,0.042343893498014304,0.04660289635901509,0.03919850427958697,0.034831455378872125,0.052256774719618745,0.05016290951072279,0.05185586001111995,0.039810050222398724
Toys ,0.04815999957108816,0.04251142386020651,0.04362613360603654,0.03310423406671961,0.03624543916600475,0.08470934950754569,0.06586488456711674,0.07414383434471801,0.05812682794281175,0.06493975252581413,0.04787559433677521,0.04555594316123908,0.05211490331215251,0.07222826105639396,0.06270064812549643,0.059279473876092136,0.06739651838760918,0.08523684218427321,0.08951691081016681,0.08006573603653692,0.07538213378872122,0.0649483160206513,0.08577641005559969,0.061682872875297834,0.08320407725178712,0.052789019372517856,0.05970621046068308,0.07381954069102464,0.10062523415409054,0.08584549402700557,0.04274400491660047,0.06892034828435267,0.05951439509134231,0.05517659673550437,0.06201334146147737,0.05510375503574267,0.061014715401111995,0.055986253169181883,0.07700641886417789,0.06192791564733914,0.0659781655996823,0.05895574472597301,0.06639619077045272,0.058919013471008724,0.049003020976965836,0.06863263979348688,0.07430318231135823,0.07071121284352659,0.057522603296266885
Fun  ,0.06401668480063541,0.05515066001588563,0.05259535874344719,0.038156238978554406,0.04384321545830024,0.06586488456711674,0.09725446629229548,0.09699904264972199,0.07489621824622718,0.0832089939872915,0.060923347029388404,0.05970258449563146,0.0662220859332804,0.0914597281890389,0.07866437528038124,0.07588758839872917,0.0872368356108022,0.11243189219221603,0.11661915915965052,0.10151084604765687,0.09635354488324067,0.08114283639555202,0.11103929963145354,0.07701929177918981,0.10650952086735506,0.06723066111358221,0.0739370849324861,0.09796506981572674,0.1333072176076251,0.10674538433359813,0.05193604435107228,0.08725949451469416,0.07892099946942016,0.0713605367895155,0.07866020209372519,0.07096990145035742,0.0777879163034154,0.070328033350278,0.09873569337410647,0.07932858371405875,0.08582190616203333,0.07477847437172358,0.0872326050166799,0.07741615069737887,0.06283095263065924,0.08722079661000791,0.09203526544400319,0.0922401970722796,0.07326413727561555
Books,0.07722867147895153,0.06443050528991262,0.061722302544876886,0.04326090328196981,0.05236256496902303,0.07414383434471801,0.09699904264972199,0.1575691283621922,0.0909277143256553,0.0975732569658459,0.07192234455917397,0.06895679393169184,0.0762144047339158,0.10710542017474185,0.09558261015409056,0.09225371227323273,0.102052978548054,0.13219014354249403,0.13502896658935665,0.11785751554567116,0.11504591204447977,0.09476873812231931,0.13172833497061157,0.09158915752184273,0.12911828436536932,0.08007815585067514,0.0793888727879269,0.10668593736616362,0.15201270225893562,0.12283335460524222,0.06239671887529783,0.1043707332104845,0.09336753259412231,0.08503422816838759,0.09083168095949162,0.08381468311993644,0.08978640937887213,0.08224912945512312,0.11760212491183479,0.09215165420810166,0.10107393828752977,0.08797417092295473,0.10273687238125498,0.08991729301350279,0.07627701910722795,0.10508086488959488,0.11121280803177125,0.1079919984686259,0.08463246122319301
Hshld,0.061050842052422546,0.049466986973788714,0.04819985889436062,0.03435272000317712,0.03993768699920571,0.05812682794281175,0.07489621824622718,0.0909277143256553,0.08153901654646545,0.07746527521842732,0.05574539604447976,0.05394066144559173,0.05861293008737092,0.08423212373312154,0.07443614127720415,0.07078902646862589,0.07983395733439237,0.10300773958697378,0.10615330828594123,0.09225256851787132,0.08890269970452741,0.0744171484765687,0.10130743616838758,0.07185060643367751,0.09868378258300235,0.05988595143129467,0.06675136795869735,0.08771055633677521,0.11835181138046072,0.09646163372200156,0.04808883312787928,0.07838823390309771,0.07028384625258143,0.06491162181731533,0.07093480496902305,0.06454931262589357,0.06970821848768861,0.06469930891818905,0.08919914613820491,0.07166807699444001,0.07879601241302618,0.06884911574583,0.07923999496108022,0.0696952070595711,0.058262959882446376,0.07903390674503573,0.08488178176648134,0.08295329001111995,0.06657576115965053
Clths,0.0638205788562351,0.05528782268467036,0.05299372324861001,0.03980827390786338,0.04627401813343924,0.06493975252581413,0.0832089939872915,0.0975732569658459,0.07746527521842732,0.10246087649722001,0.06058913177918983,0.05901215043685465,0.06439699211278793,0.0921877892533757,0.0808284572438443,0.0767857458697379,0.08674557484511518,0.11708219328832403,0.11667850391580617,0.10364983106433678,0.09789874262112787,0.0819562742096902,0.11170906282764097,0.08045933425734707,0.11000766559173948,0.06629352911040506,0.07023571381254967,0.09451885344718028,0.13186916063542498,0.10446680843526608,0.05342734474185862,0.08597925862589355,0.07794715003971404,0.07126881891183477,0.07907370181096104,0.07199655103256553,0.07750927470214457,0.07115868360603653,0.09863806003971402,0.08008602030182685,0.08756392677521839,0.0761011254090548,0.09268770714853058,0.07951272393963463,0.061630802073073865,0.08769984827640986,0.09272358952343131,0.09157092950754564,0.0728088675694996
Hlth ,0.051006847291501185,0.04250519494837172,0.04066122631453535,0.030251912287529784,0.03497520126290707,0.04787559433677521,0.060923347029388404,0.07192234455917397,0.05574539604447976,0.06058913177918983,0.057610375019857024,0.04872936142970611,0.05314588844320891,0.06923588227958699,0.06028307087370931,0.05617504820492454,0.06474003915011915,0.08238918741064337,0.0876807503971406,0.07745415271644163,0.07288269274027005,0.0617441017553614,0.08113606336775218,0.05891761651310564,0.08146912637013501,0.05142726645750597,0.057116093065925334,0.07249435336775217,0.09960911084988085,0.08253690314535345,0.04201790137410643,0.06505014259729944,0.06032049307386815,0.05456547743447179,0.05931411769658459,0.05409687519459888,0.058462604392374905,0.05478738571882448,0.07289141549642572,0.05952137652104846,0.06347995641779187,0.057640640039714065,0.06264025548848291,0.05529214732327242,0.045982821803018256,0.06671349088165211,0.06794786971405879,0.06740165087370932,0.055246838530579816
MedEq,0.05075806166799046,0.041246003272438436,0.04113422611596506,0.02980358128673551,0.03472944349483717,0.04555594316123908,0.05970258449563146,0.06895679393169184,0.05394066144559173,0.05901215043685465,0.04872936142970611,0.0535551806195393,0.0531284552184273,0.06801385464654489,0.05851770468625894,0.054576940778395554,0.06326453382049245,0.08026181181890389,0.08585590903891976,0.07466955256552818,0.07140375863383637,0.06063796174741857,0.07850603377283559,0.05760589410643366,0.07833803374106434,0.05123810341540906,0.05538727694996029,0.07287054430500398,0.09952778487688643,0.08047098068308181,0.04098369077045274,0.06400152781572677,0.05796072301826846,0.05369746589356632,0.05861253912629068,0.05351342894360604,0.057673796092136596,0.054237526004765675,0.07031760721207306,0.05658039215250198,0.06207128368546467,0.05614208673550437,0.061072051691818924,0.05323681092930898,0.045111983065925336,0.06405493569499603,0.06586292648133436,0.06655836743447179,0.05440906316123908
Drugs,0.055331338983320086,0.04572028416203335,0.04500884947577442,0.031574852684670376,0.038726853653693404,0.05211490331215251,0.0662220859332804,0.0762144047339158,0.05861293008737092,0.06439699211278793,0.05314588844320891,0.0531284552184273,0.06671614804606829,0.07559939691024624,0.064172719451946,0.0587328960206513,0.06916524610802226,0.08886010728355836,0.09406701686258936,0.08160813241461476,0.07842289083399524,0.0669022648689436,0.08617209644162033,0.06339173139793487,0.08544329758538524,0.05732981123907864,0.06124851721207307,0.08045854437648928,0.10705303272438448,0.08869024497220014,0.044733666521048446,0.07130029436854646,0.0629812456711676,0.0591728180540111,0.06496807830023828,0.05892151449563145,0.06408678135822081,0.05963436808578237,0.07780882308975377,0.06279426449563147,0.0682714438522637,0.06160032598093726,0.06741849307386813,0.05922264832406672,0.04917556839555204,0.06971319648927721,0.07201734923749009,0.07277032639396347,0.05958579258935662
Chems,0.07666341758538522,0.06209755523431296,0.061166885885623475,0.04535221986497221,0.05288027719618745,0.07222826105639396,0.0914597281890389,0.10710542017474185,0.08423212373312154,0.0921877892533757,0.06923588227958699,0.06801385464654489,0.07559939691024624,0.12050344799841146,0.09147404812549642,0.08266414526608416,0.0981968471564734,0.1288317223113582,0.1406259998649722,0.12058007776806984,0.11444906779984111,0.09498011859412232,0.1260826584432089,0.09069300822081015,0.12259650873709291,0.07664051900714854,0.10017878815726766,0.12229475781572674,0.17112961372517868,0.13440340363780778,0.06422210801429705,0.098759749872915,0.08611647763304209,0.08064669967434472,0.08944541733121525,0.08274628656870534,0.08916481112787927,0.08138246772041302,0.11060759967434469,0.09259346684670376,0.0965406091262907,0.0866682460127085,0.09497013259729944,0.0839070414932486,0.06915592839555201,0.09933550892772042,0.10391237951548851,0.10334383908657666,0.08226124945988877
Rubbr,0.06477920460365369,0.05478677035742654,0.052472949135822095,0.03819199341223194,0.04516715380301827,0.06270064812549643,0.07866437528038124,0.09558261015409056,0.07443614127720415,0.0808284572438443,0.06028307087370931,0.05851770468625894,0.064172719451946,0.09147404812549642,0.09932625857188243,0.07352884129150117,0.08527267881334391,0.1066787098888006,0.11585671049880854,0.10107300089436062,0.09688971967593328,0.08110050382684669,0.10826458484829231,0.0782325089356632,0.10663351716282764,0.06537685372359014,0.07064574990468625,0.09269504451310563,0.12936115935822076,0.10642025051945987,0.054797694187450355,0.08455606470691024,0.07614808434312946,0.07024043793645751,0.07746378850198571,0.07027628347418588,0.07597764352184272,0.0701356321938046,0.09672265641143762,0.07899469723907865,0.08440773506115962,0.07451875115647341,0.08283617487212074,0.0717496292867355,0.061894852436854664,0.0866963559872915,0.09000938966322475,0.08905519649404288,0.07125761708498808
Txtls,0.062000570856235115,0.04954021045274027,0.04679291438125495,0.03434438992692613,0.04084371932803812,0.059279473876092136,0.07588758839872917,0.09225371227323273,0.07078902646862589,0.0767857458697379,0.05617504820492454,0.054576940778395554,0.0587328960206513,0.08266414526608416,0.07352884129150117,0.10886186773471007,0.08141915373947578,0.10422261687847498,0.10634307745353457,0.09204240331850676,0.08881637129150119,0.07286543942335186,0.100033633274027,0.06954107225575853,0.09962466024146144,0.06188575945512309,0.06865424259729945,0.08837441525496426,0.11761701615250202,0.09795488976330419,0.04704612227640985,0.07768524578077837,0.0700208692962669,0.06351100423034153,0.06938101487847498,0.06382377150277999,0.06868366892930898,0.06463677645432885,0.09196751639872913,0.07140868421922161,0.07851877820969022,0.06849508972041302,0.07794787568864175,0.06938421669261319,0.056014593974583,0.07935810379984114,0.08557849458141385,0.08031392384273232,0.06515784639396345
BldMt,0.07173502448610007,0.05820094163621923,0.054915939702938836,0.04052614449404288,0.0469275788991263,0.06739651838760918,0.0872368356108022,0.102052978548054,0.07983395733439237,0.08674557484511518,0.06474003915011915,0.06326453382049245,0.06916524610802226,0.0981968471564734,0.08527267881334391,0.08141915373947578,0.10186616149166006,0.12153761843526609,0.1272669465559968,0.11074205856870536,0.10520028214138204,0.08752106096425732,0.1163007920667196,0.08395654739475775,0.11567562627799839,0.07105688819221603,0.08140340367752184,0.10567197611278793,0.1474467016489277,0.11753219851628276,0.05713756386497221,0.09092239469261318,0.08229689128196979,0.07572345236378075,0.08294753776965845,0.0748183988895949,0.08152871922319302,0.07555513540587767,0.10356681959173947,0.08497190595075456,0.09058501077521842,0.08019840844956315,0.09039781754725974,0.07848076404765689,0.06634185068625892,0.09236607069420175,0.09782184460524226,0.09724411583637807,0.07693535146147734
Cnstr,0.09165822365369339,0.0745179578395552,0.06909153443208894,0.05079547076250992,0.056725522978554405,0.08523684218427321,0.11243189219221603,0.13219014354249403,0.10300773958697378,0.11708219328832403,0.08238918741064337,0.08026181181890389,0.08886010728355836,0.1288317223113582,0.1066787098888006,0.10422261687847498,0.12153761843526609,0.22172334353455125,0.1678014505401112,0.14305888323272437,0.1356476088959492,0.1137775846465449,0.15119750543288327,0.1061856282366958,0.1476129053057982,0.08997282048451154,0.11576376833200953,0.14058699632247815,0.19805601302621123,0.15362320687847497,0.07244774658459092,0.11722665471803018,0.10529014282764096,0.09771227549642572,0.10626269752184271,0.09762999675138999,0.10600097630659253,0.09687661380460685,0.13494367230341542,0.10924304050833994,0.11808611959491659,0.10240980502779984,0.11946452687847499,0.10426808648133436,0.0886966680619539,0.12860814918189037,0.12750479050833993,0.12652282710881654,0.1000901716838761
Steel,0.0993570267545671,0.07948276241461476,0.0763971318014297,0.05722322229864973,0.06360958149483717,0.08951691081016681,0.11661915915965052,0.13502896658935665,0.10615330828594123,0.11667850391580617,0.0876807503971406,0.08585590903891976,0.09406701686258936,0.1406259998649722,0.11585671049880854,0.10634307745353457,0.1272669465559968,0.1678014505401112,0.1957689930595711,0.15934391918506752,0.14847951482764105,0.1217731656409849,0.15866065518347897,0.11567110467831612,0.1565748997077045,0.09708735487053217,0.1372472167196187,0.16404848465289912,0.23704706424781571,0.17752353086258935,0.0806005436997617,0.12362610328355834,0.10983523502144557,0.10229019728196985,0.11534632616044477,0.10315600222875299,0.11385454070373312,0.10386148040349481,0.13910889289753772,0.11929867737569502,0.12316525564575057,0.11095918302938837,0.12003522236378077,0.10595678405718821,0.0855793276584591,0.12502025462430497,0.13206682798570293,0.13114895637331217,0.10571085772041298
FabPr,0.08975745886258935,0.0696671460841938,0.06596276030659254,0.04937219188085782,0.05626627155996821,0.08006573603653692,0.10151084604765687,0.11785751554567116,0.09225256851787132,0.10364983106433678,0.07745415271644163,0.07466955256552818,0.08160813241461476,0.12058007776806984,0.10107300089436062,0.09204240331850676,0.11074205856870536,0.14305888323272437,0.15934391918506752,0.18126333512152495,0.12882637472279584,0.10684794962192216,0.13861807934233517,0.10301640383637807,0.13859253086894358,0.08455353538840348,0.1119879504130262,0.13447421174424146,0.19663235616838762,0.15087395708657667,0.0696803820540111,0.10661072589197775,0.09605440194122322,0.08953351716123908,0.10091043031930101,0.09060497034312945,0.09846409928673551,0.09051668193486895,0.12271181960762509,0.1039094511771247,0.10641971071167589,0.09725332252422556,0.10569882777760127,0.0921635062239873,0.07602883205242254,0.10831857541223189,0.11422555613820494,0.11474182590786337,0.09271159586179505
Mach ,0.08186796519142178,0.06607296816521047,0.06385432742811753,0.04666717774106434,0.054556420657664806,0.07538213378872122,0.09635354488324067,0.11504591204447977,0.08890269970452741,0.09789874262112787,0.07288269274027005,0.07140375863383637,0.07842289083399524,0.11444906779984111,0.09688971967593328,0.08881637129150119,0.10520028214138204,0.1356476088959492,0.14847951482764105,0.12882637472279584,0.12546130969976169,0.09993370650357428,0.13182100144876885,0.09616599393169183,0.13100785389038921,0.08087534307227959,0.10205778665607623,0.12588604568069894,0.17930907484670375,0.14115482238602067,0.06657550884193805,0.10314695435742652,0.09160361519301033,0.08562567437013502,0.09564278889912628,0.08632612325972994,0.094234485197776,0.08667254823828437,0.11695190299602856,0.09696876157585387,0.10156795516441618,0.09153022158538522,0.1003808501223193,0.08794235773788722,0.0728566877585385,0.10399233150754565,0.10950021389674344,0.10948304223669576,0.08757575984114373
ElcEq,0.06723538443526607,0.055417412835583796,0.05423078803653694,0.038601997644162035,0.04625874632406672,0.0649483160206513,0.08114283639555202,0.09476873812231931,0.0744171484765687,0.0819562742096902,0.0617441017553614,0.06063796174741857,0.0669022648689436,0.09498011859412232,0.08110050382684669,0.07286543942335186,0.08752106096425732,0.1137775846465449,0.1217731656409849,0.10684794962192216,0.09993370650357428,0.09455800001747416,0.10918860326926133,0.08047333308181095,0.1090697590246227,0.06922363928673549,0.07870294625099288,0.10349903829864975,0.14621139701985703,0.11481202687529789,0.054830497091342315,0.08694374258459095,0.07673399953296266,0.07200602708339952,0.08032315256235109,0.07289002580301827,0.07966034902779982,0.07288396497855439,0.09685964822716442,0.0806002798856235,0.08533788935504369,0.07623274922478158,0.08336261025893565,0.07275259657505957,0.061772471899920564,0.08729391641938045,0.09153453159173949,0.09164889912152502,0.0737915607545671
Autos,0.08391244097855438,0.07298392120730737,0.06791204108339954,0.05151991155837966,0.05865106328514694,0.08577641005559969,0.11103929963145354,0.13172833497061157,0.10130743616838758,0.11170906282764097,0.08113606336775218,0.07850603377283559,0.08617209644162033,0.1260826584432089,0.10826458484829231,0.100033633274027,0.1163007920667196,0.15119750543288327,0.15866065518347897,0.13861807934233517,0.13182100144876885,0.10918860326926133,0.16616814812390787,0.1050566364257347,0.14553719623193012,0.08866821089436062,0.10457323131056392,0.12970720461000795,0.18446207344241455,0.14576794691660047,0.07063362141699761,0.11497682526767276,0.10343414040984905,0.09456261595234311,0.10413310202382843,0.09461954108657665,0.10302256564575057,0.09504839709610802,0.13492814859729943,0.1072501319205719,0.11504353188562351,0.1007245124797458,0.11466813773471007,0.10137844008260526,0.08315251789992058,0.11655311229229547,0.12139572588721206,0.12100252661795079,0.09781302463860204
Aero ,0.06448630946783163,0.0540484678951549,0.053589072795869726,0.04000962888800636,0.04625310131056395,0.061682872875297834,0.07701929177918981,0.09158915752184273,0.07185060643367751,0.08045933425734707,0.05891761651310564,0.05760589410643366,0.06339173139793487,0.09069300822081015,0.0782325089356632,0.06954107225575853,0.08395654739475775,0.1061856282366958,0.11567110467831612,0.10301640383637807,0.09616599393169183,0.08047333308181095,0.1050566364257347,0.09358216062748215,0.10422096061953928,0.06804051347895153,0.07359343927720412,0.09445767562351072,0.1331071869102462,0.10667536284352662,0.05549567725972995,0.0833700573550437,0.07442417180301827,0.06913505802223986,0.0766399106115965,0.0694565201509134,0.07512597157267673,0.06913435782366957,0.09432737606830818,0.07875951698173154,0.08344904861795074,0.07361417287529784,0.08258427464654484,0.0719912747895155,0.058787382438443184,0.08552661926926133,0.08720300194598885,0.0885935158141382,0.07053648440826053
Ships,0.08931055709610798,0.07196978760921366,0.0693179136362192,0.05076697191739476,0.05990110787291502,0.08320407725178712,0.10650952086735506,0.12911828436536932,0.09868378258300235,0.11000766559173948,0.08146912637013501,0.07833803374106434,0.08544329758538524,0.12259650873709291,0.10663351716282764,0.09962466024146144,0.11567562627799839,0.1476129053057982,0.1565748997077045,0.13859253086894358,0.13100785389038921,0.1090697590246227,0.14553719623193012,0.10422096061953928,0.1751906708752978,0.08971257500555996,0.10202641018268464,0.13086336310405086,0.1813595232152502,0.144949029146942,0.0707990823415409,0.1121483838633836,0.10232430207466242,0.09400364929944399,0.10352766536616365,0.09372864361874501,0.10150360596981732,0.09396746088006355,0.12889129816362194,0.10548474663701354,0.1144812830087371,0.10042977166322478,0.11317448385702938,0.09853237239714058,0.08113032096266878,0.11453119008101667,0.11786720073391581,0.11861165696902305,0.096341518649722
Guns ,0.05714271650833994,0.046411843971405874,0.04499238349324861,0.03289325648451151,0.04122480201906274,0.052789019372517856,0.06723066111358221,0.08007815585067514,0.05988595143129467,0.06629352911040506,0.05142726645750597,0.05123810341540906,0.05732981123907864,0.07664051900714854,0.06537685372359014,0.06188575945512309,0.07105688819221603,0.08997282048451154,0.09708735487053217,0.08455353538840348,0.08087534307227959,0.06922363928673549,0.08866821089436062,0.06804051347895153,0.08971257500555996,0.09885070877045275,0.06379347864177917,0.08188667699602858,0.11012438338999204,0.08964440736775213,0.0461985918649722,0.07309451789833203,0.06464658723749007,0.059784635852263686,0.06472864015567911,0.05957623581096108,0.06396655983002382,0.059789190713264495,0.0811299589499603,0.06670147782049245,0.07121735439078633,0.06256487732644955,0.06908035618427324,0.06055630710722795,0.05058713216997617,0.07205951651469422,0.074464160598888,0.07526750668308181,0.06002684853852263
Gold ,0.06774672344718027,0.050127244447974575,0.05007725683081811,0.04080917781572676,0.043010185011914226,0.05970621046068308,0.0739370849324861,0.0793888727879269,0.06675136795869735,0.07023571381254967,0.057116093065925334,0.05538727694996029,0.06124851721207307,0.10017878815726766,0.07064574990468625,0.06865424259729945,0.08140340367752184,0.11576376833200953,0.1372472167196187,0.1119879504130262,0.10205778665607623,0.07870294625099288,0.10457323131056392,0.07359343927720412,0.10202641018268464,0.06379347864177917,0.2989041573868149,0.16305335789515482,0.20144922147736297,0.14502046114376485,0.05587133900714854,0.07900639722795867,0.0657471216997617,0.06494785813343924,0.07421771776012707,0.06645938186656074,0.07442074439237491,0.06712002978554407,0.09094189233518664,0.07756321404289118,0.07136618451945989,0.07089160405877677,0.07060476548054012,0.06292011980937254,0.04618774992057187,0.07663720862589353,0.08098694760127084,0.08264188062748214,0.0683000343844321
Mines,0.0870305639364575,0.06555580416203335,0.06554905228117554,0.04845614361080222,0.052322166050834,0.07381954069102464,0.09796506981572674,0.10668593736616362,0.08771055633677521,0.09451885344718028,0.07249435336775217,0.07287054430500398,0.08045854437648928,0.12229475781572674,0.09269504451310563,0.08837441525496426,0.10567197611278793,0.14058699632247815,0.16404848465289912,0.13447421174424146,0.12588604568069894,0.10349903829864975,0.12970720461000795,0.09445767562351072,0.13086336310405086,0.08188667699602858,0.16305335789515482,0.18801308513264492,0.22081866296425737,0.16408491164733915,0.06662827244003179,0.1028465631183479,0.08788320059412233,0.08565311464813342,0.09612702087688639,0.08617933804130264,0.09626980569817314,0.08783589297220017,0.11415706548212867,0.09779187239396346,0.09852375096266879,0.09224955765369337,0.09639589112311356,0.08647839830976965,0.0678005888149325,0.09992155684511517,0.10465768334074663,0.10892614408737092,0.08864897265289913
Coal ,0.1191803325941223,0.0913178676409849,0.08598324901667989,0.06518801898014298,0.07612568000635425,0.10062523415409054,0.1333072176076251,0.15201270225893562,0.11835181138046072,0.13186916063542498,0.09960911084988085,0.09952778487688643,0.10705303272438448,0.17112961372517868,0.12936115935822076,0.11761701615250202,0.1474467016489277,0.19805601302621123,0.23704706424781571,0.19663235616838762,0.17930907484670375,0.14621139701985703,0.18446207344241455,0.1331071869102462,0.1813595232152502,0.11012438338999204,0.20144922147736297,0.22081866296425737,0.39592499853216834,0.24633842451469418,0.09847404549007145,0.14225342171247018,0.12199453185702941,0.11709974722160445,0.1336344486290707,0.11785746778713264,0.13253411735027798,0.11945735176489279,0.1607437498903892,0.13956326861318505,0.13692919602223988,0.12783137878951548,0.13308087442732328,0.11808575948530578,0.09372519701985702,0.14088414961715648,0.14908550628752976,0.14982144150595708,0.12305496895949163
Oil  ,0.09508323726131851,0.07311470386020649,0.07151651263224783,0.05308254688800635,0.06448124841620335,0.08584549402700557,0.10674538433359813,0.12283335460524222,0.09646163372200156,0.10446680843526608,0.08253690314535345,0.08047098068308181,0.08869024497220014,0.13440340363780778,0.10642025051945987,0.09795488976330419,0.11753219851628276,0.15362320687847497,0.17752353086258935,0.15087395708657667,0.14115482238602067,0.11481202687529789,0.14576794691660047,0.10667536284352662,0.144949029146942,0.08964440736775213,0.14502046114376485,0.16408491164733915,0.24633842451469418,0.2020629160349483,0.08175631866878473,0.11549267810325657,0.09901943667672758,0.09442327164733916,0.10690635187291503,0.09523813431930102,0.10615281282605245,0.09658098429229546,0.12879501074185862,0.11002740238919774,0.10813940956632248,0.10252875070055596,0.10501718196028596,0.0930612817347101,0.07743714874980141,0.1149741611564734,0.12258607975536137,0.11955387689594915,0.0990534147895155
Util ,0.04526792949642573,0.038952668212867345,0.039822391391580614,0.03041005867037332,0.03647049791739475,0.04274400491660047,0.05193604435107228,0.06239671887529783,0.04808883312787928,0.05342734474185862,0.04201790137410643,0.04098369077045274,0.044733666521048446,0.06422210801429705,0.054797694187450355,0.04704612227640985,0.05713756386497221,0.07244774658459092,0.0806005436997617,0.0696803820540111,0.06657550884193805,0.054830497091342315,0.07063362141699761,0.05549567725972995,0.0707990823415409,0.0461985918649722,0.05587133900714854,0.06662827244003179,0.09847404549007145,0.08175631866878473,0.0506151465782367,0.05875399106115964,0.05121955201588562,0.04758529223351865,0.05153460082922953,0.04796128528514693,0.050734057977760115,0.04679251050992852,0.06507405612549644,0.056526454983320075,0.05554606192374901,0.050808589472597296,0.055148499288324056,0.04745608873073868,0.04069891064177918,0.062454784867355034,0.06041025101350278,0.061308812220810166,0.04956503729150119
Telcm,0.0695883016584591,0.058927507768069876,0.058904107963463063,0.041774599839555206,0.0496771455393169,0.06892034828435267,0.08725949451469416,0.1043707332104845,0.07838823390309771,0.08597925862589355,0.06505014259729944,0.06400152781572677,0.07130029436854646,0.098759749872915,0.08455606470691024,0.07768524578077837,0.09092239469261318,0.11722665471803018,0.12362610328355834,0.10661072589197775,0.10314695435742652,0.08694374258459095,0.11497682526767276,0.0833700573550437,0.1121483838633836,0.07309451789833203,0.07900639722795867,0.1028465631183479,0.14225342171247018,0.11549267810325657,0.05875399106115964,0.10106692743288327,0.0824557898363781,0.07582305198252581,0.08404743508498806,0.07666392127243843,0.08270695471167593,0.07505002201429704,0.10386116307069101,0.08323143942176331,0.09045553963939637,0.07969408743288323,0.09058892931850672,0.07950913913899921,0.06614537379984115,0.09407141258459095,0.09787376298490864,0.09781534852899122,0.07685340007148532
PerSv,0.06269084459412232,0.053420678919777614,0.051745160054011106,0.03733850958220811,0.043691651002382835,0.05951439509134231,0.07892099946942016,0.09336753259412231,0.07028384625258143,0.07794715003971404,0.06032049307386815,0.05796072301826846,0.0629812456711676,0.08611647763304209,0.07614808434312946,0.0700208692962669,0.08229689128196979,0.10529014282764096,0.10983523502144557,0.09605440194122322,0.09160361519301033,0.07673399953296266,0.10343414040984905,0.07442417180301827,0.10232430207466242,0.06464658723749007,0.0657471216997617,0.08788320059412233,0.12199453185702941,0.09901943667672758,0.05121955201588562,0.0824557898363781,0.09087241905639395,0.06858910960127083,0.07443122333280382,0.06854582226846702,0.07313738347577442,0.06748769601906275,0.0934360923177125,0.07456042098173153,0.08122037107863385,0.0720235242605242,0.08274075019539318,0.07149441995869737,0.05956923203494838,0.08383808024781572,0.08853776724702145,0.08718882554725972,0.06821365326449562
BusSv,0.05803627627958697,0.04890082389197776,0.04732799931850676,0.033765200163621924,0.039130358139793486,0.05517659673550437,0.0713605367895155,0.08503422816838759,0.06491162181731533,0.07126881891183477,0.05456547743447179,0.05369746589356632,0.0591728180540111,0.08064669967434472,0.07024043793645751,0.06351100423034153,0.07572345236378075,0.09771227549642572,0.10229019728196985,0.08953351716123908,0.08562567437013502,0.07200602708339952,0.09456261595234311,0.06913505802223986,0.09400364929944399,0.059784635852263686,0.06494785813343924,0.08565311464813342,0.11709974722160445,0.09442327164733916,0.04758529223351865,0.07582305198252581,0.06858910960127083,0.06646809672915012,0.06924217522160443,0.06350979907386815,0.06846448150436854,0.06321550094678316,0.08451830214614774,0.06960209072597301,0.07424056506910245,0.06648625353931692,0.07406570913741063,0.06476589985067516,0.05380396057029386,0.07647165158697376,0.07867959450833995,0.0800456263749007,0.06372579295472594
Hardw,0.06484300466401906,0.05273702325655282,0.05282230100397141,0.03711878307545672,0.04413000574741859,0.06201334146147737,0.07866020209372519,0.09083168095949162,0.07093480496902305,0.07907370181096104,0.05931411769658459,0.05861253912629068,0.06496807830023828,0.08944541733121525,0.07746378850198571,0.06938101487847498,0.08294753776965845,0.10626269752184271,0.11534632616044477,0.10091043031930101,0.09564278889912628,0.08032315256235109,0.10413310202382843,0.0766399106115965,0.10352766536616365,0.06472864015567911,0.07421771776012707,0.09612702087688639,0.1336344486290707,0.10690635187291503,0.05153460082922953,0.08404743508498806,0.07443122333280382,0.06924217522160443,0.08658607505003972,0.07168965339793486,0.07881308501032566,0.07095795871644163,0.09290225496743447,0.07672742796505165,0.08142039561874505,0.07308845262271642,0.08180935714694201,0.07168989790627482,0.058301304619539314,0.08266547845591739,0.08577428054964255,0.08861888664972199,0.07047193205718823
Softw,0.058996759056393976,0.048573146719618744,0.04803949486417792,0.03509691679269261,0.039651996160444784,0.05510375503574267,0.07096990145035742,0.08381468311993644,0.06454931262589357,0.07199655103256553,0.05409687519459888,0.05351342894360604,0.05892151449563145,0.08274628656870534,0.07027628347418588,0.06382377150277999,0.0748183988895949,0.09762999675138999,0.10315600222875299,0.09060497034312945,0.08632612325972994,0.07289002580301827,0.09461954108657665,0.0694565201509134,0.09372864361874501,0.05957623581096108,0.06645938186656074,0.08617933804130264,0.11785746778713264,0.09523813431930102,0.04796128528514693,0.07666392127243843,0.06854582226846702,0.06350979907386815,0.07168965339793486,0.06834555593169181,0.0702873909912629,0.06361853490389198,0.08528685252899128,0.06945405474821287,0.07467874569817315,0.06669101398093724,0.07458446257982525,0.06511070359332803,0.05391689867037332,0.07645511748689438,0.07971694084352662,0.08107461229706117,0.06361726293089752
Chips,0.06436212201111993,0.05196305299444007,0.051798079629864976,0.03646475350436854,0.042184762403494835,0.061014715401111995,0.0777879163034154,0.08978640937887213,0.06970821848768861,0.07750927470214457,0.058462604392374905,0.057673796092136596,0.06408678135822081,0.08916481112787927,0.07597764352184272,0.06868366892930898,0.08152871922319302,0.10600097630659253,0.11385454070373312,0.09846409928673551,0.094234485197776,0.07966034902779982,0.10302256564575057,0.07512597157267673,0.10150360596981732,0.06396655983002382,0.07442074439237491,0.09626980569817314,0.13253411735027798,0.10615281282605245,0.050734057977760115,0.08270695471167593,0.07313738347577442,0.06846448150436854,0.07881308501032566,0.0702873909912629,0.08083066576489277,0.0701759570802224,0.091386046127085,0.07521742354884828,0.08041478901826843,0.07219404227323276,0.0799097665353455,0.070331960177919,0.05738439040984908,0.08096951545353454,0.08499833221763305,0.0867379793661636,0.06924505884829231
LabEq,0.05873060484193806,0.04804503034154091,0.046669715466243065,0.034273932768864174,0.03873066597934868,0.055986253169181883,0.070328033350278,0.08224912945512312,0.06469930891818905,0.07115868360603653,0.05478738571882448,0.054237526004765675,0.05963436808578237,0.08138246772041302,0.0701356321938046,0.06463677645432885,0.07555513540587767,0.09687661380460685,0.10386148040349481,0.09051668193486895,0.08667254823828437,0.07288396497855439,0.09504839709610802,0.06913435782366957,0.09396746088006355,0.059789190713264495,0.06712002978554407,0.08783589297220017,0.11945735176489279,0.09658098429229546,0.04679251050992852,0.07505002201429704,0.06748769601906275,0.06321550094678316,0.07095795871644163,0.06361853490389198,0.0701759570802224,0.0691187086830818,0.08462084544241462,0.06883670820015884,0.07399395108181095,0.0666414656997617,0.07283551198093723,0.06448573000158855,0.053190035923749004,0.07502624099126291,0.07790118090230341,0.07954208790786338,0.06419192503574266
Paper,0.07890938751072284,0.06602965833200954,0.061280488961080216,0.045265620354249414,0.05479116724225576,0.07700641886417789,0.09873569337410647,0.11760212491183479,0.08919914613820491,0.09863806003971402,0.07289141549642572,0.07031760721207306,0.07780882308975377,0.11060759967434469,0.09672265641143762,0.09196751639872913,0.10356681959173947,0.13494367230341542,0.13910889289753772,0.12271181960762509,0.11695190299602856,0.09685964822716442,0.13492814859729943,0.09432737606830818,0.12889129816362194,0.0811299589499603,0.09094189233518664,0.11415706548212867,0.1607437498903892,0.12879501074185862,0.06507405612549644,0.10386116307069101,0.0934360923177125,0.08451830214614774,0.09290225496743447,0.08528685252899128,0.091386046127085,0.08462084544241462,0.13576045555361396,0.09856672183002387,0.1028315594297061,0.08989159840031773,0.10252989823987294,0.08954524726926132,0.07565184039555202,0.10785011201588561,0.11008024586656077,0.11008676421445587,0.08689582445591737
Boxes,0.06395929146306592,0.05535040238284352,0.05310490219539316,0.03705016460047656,0.04775550323749007,0.06192791564733914,0.07932858371405875,0.09215165420810166,0.07166807699444001,0.08008602030182685,0.05952137652104846,0.05658039215250198,0.06279426449563147,0.09259346684670376,0.07899469723907865,0.07140868421922161,0.08497190595075456,0.10924304050833994,0.11929867737569502,0.1039094511771247,0.09696876157585387,0.0806002798856235,0.1072501319205719,0.07875951698173154,0.10548474663701354,0.06670147782049245,0.07756321404289118,0.09779187239396346,0.13956326861318505,0.11002740238919774,0.056526454983320075,0.08323143942176331,0.07456042098173153,0.06960209072597301,0.07672742796505165,0.06945405474821287,0.07521742354884828,0.06883670820015884,0.09856672183002387,0.10027394609054807,0.08440275833518665,0.07392757511675932,0.08331539022081016,0.0727516026878475,0.060256897582208105,0.08780955616838762,0.08861422112152502,0.09078561260683085,0.070490698649722
