,Agric,Food ,Soda ,Beer ,Smoke,Toys ,Fun  ,Books,Hshld,Clths,Hlth ,MedEq,Drugs,Chems,Rubbr,Txtls,BldMt,Cnstr,Steel,FabPr,Mach ,ElcEq,Autos,Aero ,Ships,Guns ,Gold ,Mines,Coal ,Oil  ,Util ,Telcm,PerSv,BusSv,Hardw,Softw,Chips,LabEq,Paper,Boxes,Trans,Whlsl,Rtail,Meals,Banks,Insur,RlEst,Fin  ,Other
Agric,0.10763940819539315,0.04395022094837171,0.04257502752660842,0.030093245596505166,0.03894308565528198,0.04745154714853058,0.06254866116918188,0.07571754486417794,0.05994228234471802,0.06268021629706118,0.0495728841350278,0.049528499466243055,0.053958572065131064,0.0747920079030977,0.0631405671548848,0.06051271658141383,0.06946166398093727,0.08932695535663224,0.09738466292136616,0.08876368276568704,0.07984077954567115,0.06552725633200952,0.0814957971040508,0.06314580956632247,0.08672127361397934,0.055311001478951544,0.06640318149642574,0.0853292503717236,0.11687714980142969,0.09232917390786338,0.04499901153296267,0.06805948754249401,0.0606348612104845,0.05652978557108817,0.06291963427164417,0.057608517305798246,0.06251303035107227,0.05691773805559967,0.07721755977124702,0.06319509792692615,0.06724882114058776,0.06119544758697377,0.06607744153296265,0.05759504631294679,0.049184855224781575,0.06784907908975375,0.07084454611437649,0.07322685749960284,0.058796477903097694
Food ,0.04395022094837171,0.04501840910405083,0.03923053192057188,0.027937516535345507,0.03400291599682287,0.04211533024622716,0.054313005842732326,0.0633468441556791,0.04882173281652103,0.054681457803018266,0.04186547682128674,0.0406262871517077,0.04517867386020651,0.0611393171008737,0.05377747185385227,0.04834781277839556,0.056695442935663205,0.07289323857188243,0.07876891599205717,0.06949608545353456,0.06496893714376488,0.05474738982208102,0.07166565420333598,0.05366181249563146,0.07054446274821286,0.04548474809054805,0.0493360938141382,0.06486923697696584,0.08986660368546463,0.07152511103256552,0.038894826306592516,0.05812525891024623,0.05236129359173949,0.04817457601429707,0.051680757048451154,0.047843451647339164,0.05111313451628276,0.04710433308657663,0.06524137538999206,0.05526541878474979,0.056845170268467034,0.05064930660524226,0.05680054053216839,0.0500149387799841,0.04151112205242255,0.06001561657029386,0.060220440201747424,0.0617600543415409,0.04899248231930102
Soda ,0.04257502752660842,0.03923053192057188,0.0754643497633042,0.030094717007148532,0.03439890316123908,0.043680224177919,0.05222271989197775,0.061243883945988856,0.04809929177442415,0.052474023872915,0.040448488508339965,0.04095706454011121,0.044909671040508345,0.06071493512311357,0.052130717407466234,0.04600653877045275,0.053987516969023035,0.06823578752025417,0.07627425249880858,0.0665496511389992,0.0632675973121525,0.05384751096425734,0.06724932528038124,0.05361595559015091,0.06835338449563146,0.04445966629388403,0.05022340508975376,0.06548906349166005,0.08601845305798253,0.0704412577601271,0.03999424635424939,0.05866029632406672,0.05122410618586179,0.047021724962668786,0.05231065110087371,0.04783739267355042,0.05128541488800635,0.04622802063860205,0.06095415093248609,0.0532156831135822,0.054989990938840355,0.050425042274821294,0.05557294684670374,0.04931858978236695,0.04000385780460683,0.058251285979348685,0.05899898174424146,0.060457821687053215,0.04690771523431294
Beer ,0.030093245596505166,0.027937516535345507,0.030094717007148532,0.053094075696584586,0.02626748743447181,0.03267153974583001,0.037602428470214444,0.04255758853693408,0.033874754649722,0.03907422535822081,0.0296704840841938,0.029360459218427323,0.031252306425734705,0.04452004119936457,0.03732381564416203,0.033112982424146134,0.039441013172359,0.04944274781413819,0.05682759239555202,0.04885765731056394,0.04594747909134233,0.037831704427323275,0.050517871849086585,0.039527543088165217,0.049477047529785545,0.031896370273232715,0.040761656114376495,0.04812139090230341,0.06462043084988087,0.05218383967434472,0.030367415281969807,0.04136011306751389,0.03668141255599682,0.03325782921207308,0.036290792085782377,0.03457941288006354,0.035902792854646544,0.03350159920889594,0.04460275538046067,0.03699632159650516,0.03989244717394758,0.036624093998411426,0.039433940373312146,0.03551710957585384,0.02768192550913423,0.041894503477362996,0.04252159431771245,0.04256979468149323,0.03484208460683082
Smoke,0.03894308565528198,0.03400291599682287,0.03439890316123908,0.02626748743447181,0.0785039335980937,0.03632136714853057,0.04396282490865766,0.05200700517871326,0.040150578204924535,0.04628873953931692,0.034893249722001585,0.03464843142176331,0.038549765941223196,0.05271790494042892,0.04498611370929308,0.04007293680698968,0.04629557518665608,0.056288550119142175,0.06448073674344716,0.05692630271644161,0.05462787212073073,0.04597325159650516,0.058176922160444774,0.04665225048451152,0.05901870579825257,0.04065791107227957,0.04302566023828436,0.05249536787926926,0.07617516536934073,0.06368727945988881,0.03666108988085782,0.04950386144559174,0.043491938077839555,0.0389772970293884,0.04392582999205717,0.039676298903891974,0.04235717636219222,0.03886984575059572,0.05470081979348687,0.04859620130262113,0.04693012590945194,0.04217767634630659,0.046622354535345516,0.039008343891977756,0.03474261772835583,0.0521257856711676,0.04957166970611595,0.051972347672756165,0.03956753258141382
Toys ,0.04745154714853058,0.04211533024622716,0.043680224177919,0.03267153974583001,0.03632136714853057,0.08272701664813342,0.06542643050039715,0.07379058271644162,0.057656634090548047,0.06441631725178715,0.047333480969023047,0.0450898375853852,0.05143482324066717,0.0713917971564734,0.06181463942811755,0.058439283907863376,0.06608798649722,0.08441526381254967,0.08910116802223986,0.08038825024622717,0.07463087342335184,0.0642799806671962,0.0847147449245433,0.06136673842732328,0.08177409588562351,0.05203505389992058,0.059227981572676724,0.07365516814932484,0.09967840908657663,0.08453660497220016,0.04278091615567911,0.0684184760921366,0.059064777664813335,0.05467906022239874,0.060936858967434476,0.05461329407466243,0.06039808794281174,0.05512929197776012,0.07628100266878474,0.06179971477362987,0.06520629922160444,0.05834050684670372,0.06588072271644163,0.058374992597299426,0.04854177045274027,0.06828290835583797,0.0733663287212073,0.07038590945194599,0.05721759183478951
Fun  ,0.06254866116918188,0.054313005842732326,0.05222271989197775,0.037602428470214444,0.04396282490865766,0.06542643050039715,0.09633116880698966,0.09574279464336777,0.07398739857664814,0.08209736801588563,0.05986701280698968,0.05879039357585384,0.06528095849086576,0.09008845444003179,0.07715503853216836,0.07443512195710882,0.08516971171405877,0.11050546554090547,0.1152926851564734,0.10089517212708497,0.09486656031135818,0.07996343033200955,0.10903433178395551,0.07627542142652899,0.10435589096108017,0.0656069494424146,0.07331472652581413,0.09717331365528196,0.1320425663224781,0.10486531658459093,0.0518994741858618,0.08619795738204925,0.07753563543764891,0.07035214067990467,0.07705518712629074,0.06995411818268465,0.07645323450992851,0.0689234481397935,0.09761683965687055,0.07898117482128675,0.08443380719936457,0.07362685910087371,0.08622210371723589,0.0765887025194599,0.06190419281334391,0.08610784501667985,0.09098562695154887,0.09126826291342333,0.07231176041302621
Books,0.07571754486417794,0.0633468441556791,0.061243883945988856,0.04255758853693408,0.05200700517871326,0.07379058271644162,0.09574279464336777,0.1509463465861795,0.08966415925019856,0.0965805928387609,0.07029766250039715,0.06778636443526607,0.07471492476568706,0.10535856657664815,0.09416617863701349,0.09060705122160444,0.09977251804289117,0.12948279151072278,0.13335437202859413,0.11713752067990464,0.11340875754090549,0.09317938498490864,0.12949257108181098,0.09069417648292295,0.1267337771882446,0.07847533024305003,0.07890062738046069,0.10554913933598092,0.1512956245274027,0.12097024927720412,0.062217587164416194,0.10311719975218428,0.09205374334551229,0.08364737905639398,0.08916662257664813,0.0823899470881652,0.08826017389674344,0.08043893221286734,0.11636957958379662,0.0919117281652105,0.09919823139634627,0.0865834949451946,0.10154428117553614,0.0889864091691819,0.07516042483240669,0.10366657511675934,0.10968569247339156,0.1065235931183479,0.08341715221604447
Hshld,0.05994228234471802,0.04882173281652103,0.04809929177442415,0.033874754649722,0.040150578204924535,0.057656634090548047,0.07398739857664814,0.08966415925019856,0.08047610329467832,0.07635517845274027,0.0546210435774424,0.053011910144559186,0.05784666157267673,0.08277106532168388,0.07309985486258937,0.06947910178236695,0.07782219158697379,0.101088368177919,0.10495861778554405,0.0916115248355838,0.08748420282128673,0.07329077817950755,0.0994113615059571,0.07116732827323273,0.09679115247021447,0.05830139412867355,0.06584434739952341,0.08669102226528991,0.11676623599682286,0.09441238875297857,0.04811612187450358,0.0773383611945989,0.06891586330103255,0.0639190884638602,0.06952128263065926,0.06348956965210484,0.0685328154471803,0.0632916980206513,0.08809703298490863,0.0711965770293884,0.07747478823193012,0.0676625257887212,0.07826220714853056,0.06881518480698968,0.057347163202541705,0.0780203662398729,0.0835268871421763,0.08214613833836377,0.06556042255758537
Clths,0.06268021629706118,0.054681457803018266,0.052474023872915,0.03907422535822081,0.04628873953931692,0.06441631725178715,0.08209736801588563,0.0965805928387609,0.07635517845274027,0.10064359596346305,0.05947351577918985,0.05820172698014298,0.06346349765687054,0.09062635484511518,0.07933397906910243,0.07525529704209691,0.08461113336934073,0.11493400240984909,0.11544469027640983,0.10260666926290705,0.09647789960921364,0.08062671603018266,0.10955945184590946,0.07952235682605245,0.10766054408260525,0.06459573031135821,0.07015313565051629,0.0936101465115171,0.13080990154090547,0.10236427827640987,0.053384502684670376,0.08486963693089754,0.07657945965369341,0.07027374947895156,0.07740578121366165,0.07078002088006355,0.07608427518030182,0.06969693827799839,0.09754515678474979,0.07973377786338365,0.08616003003653692,0.07489546661795075,0.09138266904686258,0.07853552974424145,0.060798790633836364,0.086667948700556,0.09142655304050831,0.09072678633200955,0.0718627839872915
Hlth ,0.0495728841350278,0.04186547682128674,0.040448488508339965,0.0296704840841938,0.034893249722001585,0.047333480969023047,0.05986701280698968,0.07029766250039715,0.0546210435774424,0.05947351577918985,0.0558128458951549,0.04752206052104846,0.05178059258935662,0.06769860355043684,0.05864233361080222,0.054705484060365364,0.06268814718347895,0.0800101078141382,0.08586016160921364,0.07665775100397137,0.07132509824940432,0.0603069040460683,0.07896390406513104,0.058059605518665604,0.07919144187450357,0.04989804862112788,0.05624948534392375,0.07106254261000795,0.09744831602859415,0.08019079455917397,0.04165902633836377,0.06376553505321683,0.058609193175536145,0.05327225472438444,0.057633360314535344,0.052874986351072274,0.05688884565845907,0.05324341150436856,0.07158764246544877,0.05890168382049245,0.06189373568864178,0.05623268265607624,0.061413208713264486,0.05436907675615567,0.04482302352343131,0.06534714354090547,0.06666163635107226,0.06596917993963461,0.05405929582208101
MedEq,0.049528499466243055,0.0406262871517077,0.04095706454011121,0.029360459218427323,0.03464843142176331,0.0450898375853852,0.05879039357585384,0.06778636443526607,0.053011910144559186,0.05820172698014298,0.04752206052104846,0.05246308416838761,0.05205406441620333,0.06661879105639396,0.05724649586020652,0.05323862914694202,0.06132966553772834,0.07824292095631454,0.08463261520889594,0.07426026024781572,0.07003503616203337,0.05959351330579826,0.07664925213979348,0.05679620942335187,0.0763962506115965,0.04967238539475775,0.054479184514694204,0.07179066918824464,0.09792511901509138,0.07846954441620331,0.04081957782366957,0.06292767419857029,0.056683249105639405,0.0526511860555997,0.05716801090389197,0.05258471203177124,0.05649738906433677,0.0528969929404289,0.06918897241620332,0.05618398212867355,0.060677847955520246,0.05505300005718823,0.060127106926131844,0.05250310860047657,0.04418201455758538,0.06287246217950752,0.0648644668689436,0.06548164609372517,0.053461481080222396
Drugs,0.053958572065131064,0.04517867386020651,0.044909671040508345,0.031252306425734705,0.038549765941223196,0.05143482324066717,0.06528095849086576,0.07471492476568706,0.05784666157267673,0.06346349765687054,0.05178059258935662,0.05205406441620333,0.06531287128673549,0.07419738064336776,0.06274227275615568,0.057338516505162834,0.06710742624305005,0.08683050183478949,0.09285698421763303,0.08159938774424147,0.07695944216044481,0.0658307681731533,0.08428901954725972,0.06281267121525021,0.08351762052422557,0.05583309994440031,0.060653575218427326,0.07962304728355839,0.10579135685464655,0.08679372984114375,0.04487221636219221,0.07024059488482921,0.0616210331056394,0.05812954787132645,0.06362824154090549,0.058079529499602864,0.0628573676409849,0.05816829355043685,0.07664408994440029,0.0623480026449563,0.06694912686258936,0.06049709442414613,0.06650933277998411,0.05843591016679904,0.04818941436060366,0.06857438718824461,0.07084911621127879,0.07184148111199365,0.058548846830818124
Chems,0.0747920079030977,0.0611393171008737,0.06071493512311357,0.04452004119936457,0.05271790494042892,0.0713917971564734,0.09008845444003179,0.10535856657664815,0.08277106532168388,0.09062635484511518,0.06769860355043684,0.06661879105639396,0.07419738064336776,0.11798190893566325,0.08957467768069897,0.08044846532168387,0.09527376009531371,0.12578706250198568,0.13837760232724386,0.11971719581413823,0.11221410681493248,0.0932004314297061,0.12321424057982527,0.08949722187450358,0.11946788511517074,0.07429526633042097,0.09859155259729943,0.12027683063542496,0.1684411107545671,0.1311675297140588,0.06424702637013502,0.09718383803018268,0.0839589821127879,0.07912309160444796,0.08710556173153297,0.08112139872915008,0.0871401471803018,0.07915928382843526,0.10876387119936458,0.09189251139793485,0.09454110929308975,0.08487167447180302,0.0934150264098491,0.08267614031771248,0.06784966827640988,0.09769952580619538,0.10217234633042092,0.1017084796822875,0.08074439151707705
Rubbr,0.0631405671548848,0.05377747185385227,0.052130717407466234,0.03732381564416203,0.04498611370929308,0.06181463942811755,0.07715503853216836,0.09416617863701349,0.07309985486258937,0.07933397906910243,0.05864233361080222,0.05724649586020652,0.06274227275615568,0.08957467768069897,0.09785765239714056,0.071716786700556,0.08270439808737093,0.10410745240984906,0.11394899371564732,0.10025447494201749,0.09491826780619539,0.07937749708657664,0.1057203234185862,0.07719132379984112,0.10375278268467036,0.06317717397299444,0.06891034330738681,0.09097411091977761,0.12713930236695786,0.1036122422239873,0.05431188470214457,0.0829376596155679,0.0743139856584591,0.06877280675456712,0.07525832588403493,0.0688048172581414,0.07415682645909452,0.06834852110563938,0.09507795468784751,0.07840913305798253,0.08248664064813345,0.07284367621286736,0.08133286551231136,0.07055885404924543,0.06062319126926133,0.08518292360921365,0.08845457983161237,0.08737761425893563,0.06990845693407463
Txtls,0.06051271658141383,0.04834781277839556,0.04600653877045275,0.033112982424146134,0.04007293680698968,0.058439283907863376,0.07443512195710882,0.09060705122160444,0.06947910178236695,0.07525529704209691,0.054705484060365364,0.05323862914694202,0.057338516505162834,0.08044846532168387,0.071716786700556,0.1078994111135822,0.07863620789833199,0.10119458434312946,0.10396055696266876,0.09078494619857029,0.08667658492136614,0.07101183531691818,0.09735681411278792,0.06862110088006355,0.09672236876886417,0.060296851647339146,0.06733407114217635,0.08636561262589357,0.11614154042891184,0.094904687466243,0.046510095694996034,0.07588644234471802,0.06788966272279585,0.061933930808578244,0.06712951435742652,0.06225920001270852,0.06677121984432088,0.06271440011437648,0.0902556468816521,0.07036896041302619,0.07665138798411436,0.066976410853058,0.07634122522637012,0.06803630326926133,0.05474858679586973,0.07782909563780778,0.08415265796346305,0.07873769927243843,0.06385447707704528
BldMt,0.06946166398093727,0.056695442935663205,0.053987516969023035,0.039441013172359,0.04629557518665608,0.06608798649722,0.08516971171405877,0.09977251804289117,0.07782219158697379,0.08461113336934073,0.06268814718347895,0.06132966553772834,0.06710742624305005,0.09527376009531371,0.08270439808737093,0.07863620789833199,0.09769106367593328,0.11770860855917395,0.12440767497378868,0.10916770145194596,0.10227783751548848,0.08516473338204927,0.11259376573153297,0.08242630596981733,0.1115980233836378,0.06848055053852264,0.07986644776489277,0.1033235226624305,0.1438509735345512,0.11383754983320094,0.056712485528196986,0.08869334422875298,0.07979040245909451,0.073680162776807,0.08014396447339156,0.07277075824622718,0.07904344407307386,0.07294419244479747,0.10120585138046069,0.08386116943606038,0.08784646629388403,0.07787174891818904,0.0882482748848292,0.07672067872279587,0.06455234731691818,0.09028424118824463,0.09548577375059572,0.09493825366799044,0.07488224196981728
Cnstr,0.08932695535663224,0.07289323857188243,0.06823578752025417,0.04944274781413819,0.056288550119142175,0.08441526381254967,0.11050546554090547,0.12948279151072278,0.101088368177919,0.11493400240984909,0.0800101078141382,0.07824292095631454,0.08683050183478949,0.12578706250198568,0.10410745240984906,0.10119458434312946,0.11770860855917395,0.21750252989833202,0.1647610706068308,0.14133178694678314,0.13272681828752977,0.11138512194281175,0.14745417682446382,0.10454029935822082,0.14352881671167594,0.08677835662112789,0.11446223605401117,0.13823543422875298,0.1951070006354249,0.14999769614773628,0.07205417261318506,0.11502481576489278,0.10253393505321683,0.09549441120095316,0.10328197932009531,0.09547320583320094,0.10331347065607625,0.09410308473073868,0.13270903928196978,0.10826210089753774,0.115298442548054,0.10011047006830816,0.11743744968228752,0.10252083294996031,0.0870194072311358,0.12649113563304212,0.12512049349801427,0.12444197898014299,0.09829419202541698
Steel,0.09738466292136616,0.07876891599205717,0.07627425249880858,0.05682759239555202,0.06448073674344716,0.08910116802223986,0.1152926851564734,0.13335437202859413,0.10495861778554405,0.11544469027640983,0.08586016160921364,0.08463261520889594,0.09285698421763303,0.13837760232724386,0.11394899371564732,0.10396055696266876,0.12440767497378868,0.1647610706068308,0.19408386690865764,0.15930933898490868,0.14627416035583798,0.12017808325814136,0.15561468061477365,0.11503839326767276,0.15318776438443202,0.09501729309134233,0.13553237161556791,0.16261642951389993,0.23357809528196974,0.17421785335186657,0.08099982554408261,0.1222993881302621,0.10757260557903098,0.10088915089277203,0.11292797892613185,0.10164833061795076,0.11177809233677523,0.10165195530738677,0.13723080374265287,0.1189680219777601,0.12119048506433676,0.10931672393328039,0.11875411017474184,0.1050007015313741,0.08428287314376487,0.12339937019380459,0.13035558813185066,0.12967383919936457,0.10444216657664815
FabPr,0.08876368276568704,0.06949608545353456,0.0665496511389992,0.04885765731056394,0.05692630271644161,0.08038825024622717,0.10089517212708497,0.11713752067990464,0.0916115248355838,0.10260666926290705,0.07665775100397137,0.07426026024781572,0.08159938774424147,0.11971719581413823,0.10025447494201749,0.09078494619857029,0.10916770145194596,0.14133178694678314,0.15930933898490868,0.17699299910881652,0.1281322342112788,0.10653639796505159,0.13735258408737092,0.10326105492930894,0.1364730592533757,0.08371753132486098,0.11282733564416206,0.13480716662589354,0.19614652638602062,0.1501058416918189,0.0705649644479746,0.10629038546783162,0.09516546822557587,0.08930668661318507,0.0999774474440032,0.09026595020810166,0.09782515497061156,0.08957800221445593,0.12178481211119939,0.1039363450595711,0.10565882197299444,0.09666317875139,0.10496199957903098,0.09174595098649722,0.07549155834154091,0.1074843515694996,0.11313420349642571,0.11434156200794282,0.09198214821286736
Mach ,0.07984077954567115,0.06496893714376488,0.0632675973121525,0.04594747909134233,0.05462787212073073,0.07463087342335184,0.09486656031135818,0.11340875754090549,0.08748420282128673,0.09647789960921364,0.07132509824940432,0.07003503616203337,0.07695944216044481,0.11221410681493248,0.09491826780619539,0.08667658492136614,0.10227783751548848,0.13272681828752977,0.14627416035583798,0.1281322342112788,0.12315277023669578,0.09812883417950753,0.12884284262430504,0.09515593364892772,0.12789714462271645,0.07886860714217632,0.10039811325178713,0.12412397856076252,0.17647907456711678,0.138051389451946,0.06648698420969022,0.10154867121207307,0.08940134155996823,0.08406778314853058,0.09335482602700558,0.08477671695631452,0.0922035438538523,0.08457187688006353,0.11512475109769658,0.09626260098490863,0.09953852547736296,0.08976203462430499,0.09892253280381255,0.08681467514535346,0.07154437586020651,0.10230000602382844,0.10771333118983319,0.10782917981890389,0.08616032997617155
ElcEq,0.06552725633200952,0.05474738982208102,0.05384751096425734,0.037831704427323275,0.04597325159650516,0.0642799806671962,0.07996343033200955,0.09317938498490864,0.07329077817950755,0.08062671603018266,0.0603069040460683,0.05959351330579826,0.0658307681731533,0.0932004314297061,0.07937749708657664,0.07101183531691818,0.08516473338204927,0.11138512194281175,0.12017808325814136,0.10653639796505159,0.09812883417950753,0.09246568022081016,0.1067218299650516,0.07958722795552024,0.10618654916600476,0.06765793224622717,0.07796379280063541,0.1024222160619539,0.14433487666401906,0.11238931708498807,0.054826363621922135,0.08566626101985705,0.0750483658903892,0.07073275444479743,0.07832838866719617,0.07167486522001588,0.07787670941064338,0.07104660094360604,0.09545115555837964,0.08005140110405085,0.08355301352184273,0.07472628880698969,0.08218985492454327,0.07178545195552025,0.06066929794440032,0.08595953123590148,0.09012433563304206,0.09037128095949166,0.07261687507545668
Autos,0.0814957971040508,0.07166565420333598,0.06724932528038124,0.050517871849086585,0.058176922160444774,0.0847147449245433,0.10903433178395551,0.12949257108181098,0.0994113615059571,0.10955945184590946,0.07896390406513104,0.07664925213979348,0.08428901954725972,0.12321424057982527,0.1057203234185862,0.09735681411278792,0.11259376573153297,0.14745417682446382,0.15561468061477365,0.13735258408737092,0.12884284262430504,0.1067218299650516,0.162186375045274,0.10340790596664018,0.14151883053216838,0.08631096786814933,0.1029707640285941,0.12738571867672757,0.1807928884193804,0.14167669332009533,0.0702856842891183,0.11296234545512311,0.10066378709451942,0.09248670784908657,0.10112738122637016,0.09253727267990466,0.10035793575536135,0.09233276657347102,0.13246800093407465,0.10601829200158855,0.11231560016521046,0.09838985478633834,0.11253278223193013,0.09977767603177123,0.0814670708054011,0.11432305128038125,0.11920919837490068,0.11875962527084986,0.09578016800635428
Aero ,0.06314580956632247,0.05366181249563146,0.05361595559015091,0.039527543088165217,0.04665225048451152,0.06136673842732328,0.07627542142652899,0.09069417648292295,0.07116732827323273,0.07952235682605245,0.058059605518665604,0.05679620942335187,0.06281267121525021,0.08949722187450358,0.07719132379984112,0.06862110088006355,0.08242630596981733,0.10454029935822082,0.11503839326767276,0.10326105492930894,0.09515593364892772,0.07958722795552024,0.10340790596664018,0.09386336081969819,0.1020915485941223,0.06676350639872915,0.07291379217791899,0.09398040791421765,0.13221161674344717,0.10476361672756156,0.05582955494837173,0.08255275752819699,0.07320276730103255,0.06836150202700554,0.07521023728673548,0.06861724030500396,0.07413295283240667,0.06789961084670375,0.09330853243526606,0.07876098260524227,0.08225283060206509,0.07269825863065926,0.08170827350277998,0.07158542711993646,0.058092673918983324,0.08459853189197776,0.0862479092327244,0.08790948080698964,0.06996746150913423
Ships,0.08672127361397934,0.07054446274821286,0.06835338449563146,0.049477047529785545,0.05901870579825257,0.08177409588562351,0.10435589096108017,0.1267337771882446,0.09679115247021447,0.10766054408260525,0.07919144187450357,0.0763962506115965,0.08351762052422557,0.11946788511517074,0.10375278268467036,0.09672236876886417,0.1115980233836378,0.14352881671167594,0.15318776438443202,0.1364730592533757,0.12789714462271645,0.10618654916600476,0.14151883053216838,0.1020915485941223,0.1693396753613979,0.08675276924543288,0.09964167453534548,0.1276713019857029,0.1774730174424146,0.1407233829388404,0.07023102687847496,0.10990847247021444,0.09969403634630657,0.09190615062748213,0.10059206471803019,0.09158047345512309,0.09883360873709293,0.09116090687847499,0.12623408098490863,0.10401253804606828,0.11159765010325656,0.09804406217633042,0.11090300864177917,0.09677744733915808,0.07936812575059568,0.11213256038125492,0.11604845696584594,0.11609110204924539,0.09431236104845113
Guns ,0.055311001478951544,0.04548474809054805,0.04445966629388403,0.031896370273232715,0.04065791107227957,0.05203505389992058,0.0656069494424146,0.07847533024305003,0.05830139412867355,0.06459573031135821,0.04989804862112788,0.04967238539475775,0.05583309994440031,0.07429526633042097,0.06317717397299444,0.060296851647339146,0.06848055053852264,0.08677835662112789,0.09501729309134233,0.08371753132486098,0.07886860714217632,0.06765793224622717,0.08631096786814933,0.06676350639872915,0.08675276924543288,0.09740193445432882,0.06217333554884828,0.08047459431453534,0.10804734389197777,0.08735110963463065,0.0457331513582208,0.07144162019380461,0.06276522365051627,0.058208681418586185,0.06302799206671963,0.058039233575853846,0.06243471528832409,0.05782365740111199,0.0794200107132645,0.06599044918983321,0.06924870518189039,0.060910822436854646,0.06720195390786338,0.059161253607625086,0.0491536634090548,0.07025385827323273,0.07262860684829232,0.07370790949007149,0.058253928482922955
Gold ,0.06640318149642574,0.0493360938141382,0.05022340508975376,0.040761656114376495,0.04302566023828436,0.059227981572676724,0.07331472652581413,0.07890062738046069,0.06584434739952341,0.07015313565051629,0.05624948534392375,0.054479184514694204,0.060653575218427326,0.09859155259729943,0.06891034330738681,0.06733407114217635,0.07986644776489277,0.11446223605401117,0.13553237161556791,0.11282733564416206,0.10039811325178713,0.07796379280063541,0.1029707640285941,0.07291379217791899,0.09964167453534548,0.06217333554884828,0.2931722496203336,0.16026707538046064,0.1975186488641779,0.14195582420969025,0.0560511802700556,0.07817520671008737,0.06418666337728356,0.06436032777760127,0.0721099021318507,0.06532992904209689,0.07302027432565528,0.06559232881334393,0.08988626406354251,0.07796882233518666,0.07071544566163622,0.07014112087053218,0.06989380679904686,0.0627353463891978,0.04559988014614773,0.07565828660206514,0.08052138966163622,0.08159472166481334,0.06731202745035744
Mines,0.0853292503717236,0.06486923697696584,0.06548906349166005,0.04812139090230341,0.05249536787926926,0.07365516814932484,0.09717331365528196,0.10554913933598092,0.08669102226528991,0.0936101465115171,0.07106254261000795,0.07179066918824464,0.07962304728355839,0.12027683063542496,0.09097411091977761,0.08636561262589357,0.1033235226624305,0.13823543422875298,0.16261642951389993,0.13480716662589354,0.12412397856076252,0.1024222160619539,0.12738571867672757,0.09398040791421765,0.1276713019857029,0.08047459431453534,0.16026707538046064,0.1860554132152501,0.217143635107228,0.16091857265289916,0.06696895774424144,0.10174031254646543,0.08574976843844322,0.08452500690548055,0.09391062026052423,0.08490911276250993,0.09447979371882446,0.08598261303574264,0.11275027999364574,0.09777090734710088,0.09698603041779189,0.09099858429864977,0.09550382385226368,0.08596533514535347,0.06678832362827641,0.09857240396664019,0.1034612555186656,0.10773606379030978,0.08731799377283557
Coal ,0.11687714980142969,0.08986660368546463,0.08601845305798253,0.06462043084988087,0.07617516536934073,0.09967840908657663,0.1320425663224781,0.1512956245274027,0.11676623599682286,0.13080990154090547,0.09744831602859415,0.09792511901509138,0.10579135685464655,0.1684411107545671,0.12713930236695786,0.11614154042891184,0.1438509735345512,0.1951070006354249,0.23357809528196974,0.19614652638602062,0.17647907456711678,0.14433487666401906,0.1807928884193804,0.13221161674344717,0.1774730174424146,0.10804734389197777,0.1975186488641779,0.217143635107228,0.38707877941223184,0.24128604972200154,0.09874626725972993,0.1405762365369341,0.11884250783161239,0.11547009588562349,0.13012038779984111,0.11598259717235901,0.12956969321683875,0.11667774119142175,0.15822879656870534,0.1385342201111994,0.1345128337092931,0.12564700555996822,0.1318662712946783,0.1169570130579825,0.09219160530579826,0.13905003631453539,0.1470916227799841,0.1477461872279587,0.12132188841938042
Oil  ,0.09232917390786338,0.07152511103256552,0.0704412577601271,0.05218383967434472,0.06368727945988881,0.08453660497220016,0.10486531658459093,0.12097024927720412,0.09441238875297857,0.10236427827640987,0.08019079455917397,0.07846954441620331,0.08679372984114375,0.1311675297140588,0.1036122422239873,0.094904687466243,0.11383754983320094,0.14999769614773628,0.17421785335186657,0.1501058416918189,0.138051389451946,0.11238931708498807,0.14167669332009533,0.10476361672756156,0.1407233829388404,0.08735110963463065,0.14195582420969025,0.16091857265289916,0.24128604972200154,0.1967471101429706,0.08130343710881649,0.11330702878474978,0.09599474859412233,0.09220525198570294,0.10347377761715648,0.09293915752184272,0.10326039712470214,0.09355759791898333,0.12603081874503572,0.10858724042096901,0.10556233591739474,0.10003255320095314,0.10284646081810961,0.09132095480540116,0.07556633013502778,0.11251212669579028,0.12034719386020651,0.11686663872915008,0.09697829747418585
Util ,0.04499901153296267,0.038894826306592516,0.03999424635424939,0.030367415281969807,0.03666108988085782,0.04278091615567911,0.0518994741858618,0.062217587164416194,0.04811612187450358,0.053384502684670376,0.04165902633836377,0.04081957782366957,0.04487221636219221,0.06424702637013502,0.05431188470214457,0.046510095694996034,0.056712485528196986,0.07205417261318506,0.08099982554408261,0.0705649644479746,0.06648698420969022,0.054826363621922135,0.0702856842891183,0.05582955494837173,0.07023102687847496,0.0457331513582208,0.0560511802700556,0.06696895774424144,0.09874626725972993,0.08130343710881649,0.051114112597299456,0.058716153741064356,0.050985439110405054,0.04746923818903892,0.05134831736298648,0.04799942548054011,0.05072865966640191,0.04658273318506751,0.06496244953137409,0.057094527180301835,0.055340123431294665,0.05070556565528197,0.055200738014297056,0.04746010595710882,0.04045067558379666,0.062225550786338346,0.060106852930897535,0.06126334697378871,0.04952180886417792
Telcm,0.06805948754249401,0.05812525891024623,0.05866029632406672,0.04136011306751389,0.04950386144559174,0.0684184760921366,0.08619795738204925,0.10311719975218428,0.0773383611945989,0.08486963693089754,0.06376553505321683,0.06292767419857029,0.07024059488482921,0.09718383803018268,0.0829376596155679,0.07588644234471802,0.08869334422875298,0.11502481576489278,0.1222993881302621,0.10629038546783162,0.10154867121207307,0.08566626101985705,0.11296234545512311,0.08255275752819699,0.10990847247021444,0.07144162019380461,0.07817520671008737,0.10174031254646543,0.1405762365369341,0.11330702878474978,0.058716153741064356,0.09969620545830024,0.08078799940270054,0.07466628861636221,0.08238701307069106,0.07552802695472596,0.08120475299761717,0.07341493965369343,0.1026399031167593,0.0828530553455123,0.08898933213026212,0.07834985396664018,0.08945149982525813,0.07868335880540112,0.06502690434948373,0.09278218688482923,0.09644357030659255,0.09656280259253373,0.07576498856235105
PerSv,0.0606348612104845,0.05236129359173949,0.05122410618586179,0.03668141255599682,0.043491938077839555,0.059064777664813335,0.07753563543764891,0.09205374334551229,0.06891586330103255,0.07657945965369341,0.058609193175536145,0.056683249105639405,0.0616210331056394,0.0839589821127879,0.0743139856584591,0.06788966272279585,0.07979040245909451,0.10253393505321683,0.10757260557903098,0.09516546822557587,0.08940134155996823,0.0750483658903892,0.10066378709451942,0.07320276730103255,0.09969403634630657,0.06276522365051627,0.06418666337728356,0.08574976843844322,0.11884250783161239,0.09599474859412233,0.050985439110405054,0.08078799940270054,0.08799622204289118,0.06703677842096903,0.07224471528514692,0.06694943677839554,0.0711537183288324,0.06558828550913423,0.09164500363463064,0.07391147971405879,0.07928688080063544,0.07030063832883242,0.08122534084193804,0.07039291217156472,0.05835280252899128,0.08232024444162034,0.08707700589674343,0.0855020085274027,0.06673732861000792
BusSv,0.05652978557108817,0.04817457601429707,0.047021724962668786,0.03325782921207308,0.0389772970293884,0.05467906022239874,0.07035214067990467,0.08364737905639398,0.0639190884638602,0.07027374947895156,0.05327225472438444,0.0526511860555997,0.05812954787132645,0.07912309160444796,0.06877280675456712,0.061933930808578244,0.073680162776807,0.09549441120095316,0.10088915089277203,0.08930668661318507,0.08406778314853058,0.07073275444479743,0.09248670784908657,0.06836150202700554,0.09190615062748213,0.058208681418586185,0.06436032777760127,0.08452500690548055,0.11547009588562349,0.09220525198570294,0.04746923818903892,0.07466628861636221,0.06703677842096903,0.06532655474344716,0.06771005105957109,0.06248873939952344,0.0670966697347101,0.061714358535345494,0.08325674714535343,0.06902499576648133,0.07279301779825259,0.06519349589833201,0.07304006051628276,0.06393893754090549,0.05282435544400317,0.0752552413677522,0.07735198226687849,0.07887411658141379,0.06267540257347098
Hardw,0.06291963427164417,0.051680757048451154,0.05231065110087371,0.036290792085782377,0.04392582999205717,0.060936858967434476,0.07705518712629074,0.08916662257664813,0.06952128263065926,0.07740578121366165,0.057633360314535344,0.05716801090389197,0.06362824154090549,0.08710556173153297,0.07525832588403493,0.06712951435742652,0.08014396447339156,0.10328197932009531,0.11292797892613185,0.0999774474440032,0.09335482602700558,0.07832838866719617,0.10112738122637016,0.07521023728673548,0.10059206471803019,0.06302799206671963,0.0721099021318507,0.09391062026052423,0.13012038779984111,0.10347377761715648,0.05134831736298648,0.08238701307069106,0.07224471528514692,0.06771005105957109,0.08386912343764893,0.06999220976012707,0.07658068812708496,0.0687104253788721,0.09102854032724383,0.0756980553296267,0.07941531921842732,0.07124482385385225,0.08017300360603655,0.0705230511262907,0.05699728372359014,0.08093970268784749,0.08399079979984114,0.08680722998570295,0.06903304886417791
Softw,0.057608517305798246,0.047843451647339164,0.04783739267355042,0.03457941288006354,0.039676298903891974,0.05461329407466243,0.06995411818268465,0.0823899470881652,0.06348956965210484,0.07078002088006355,0.052874986351072274,0.05258471203177124,0.058079529499602864,0.08112139872915008,0.0688048172581414,0.06225920001270852,0.07277075824622718,0.09547320583320094,0.10164833061795076,0.09026595020810166,0.08477671695631452,0.07167486522001588,0.09253727267990466,0.06861724030500396,0.09158047345512309,0.058039233575853846,0.06532992904209689,0.08490911276250993,0.11598259717235901,0.09293915752184272,0.04799942548054011,0.07552802695472596,0.06694943677839554,0.06248873939952344,0.06999220976012707,0.06712711641620334,0.06884795640349484,0.06209795633995235,0.08402743910405082,0.06899795920571881,0.07323120372994438,0.06546893524384431,0.07346801556791102,0.06429521223828434,0.053029786090548064,0.07529738594440029,0.07839208238919776,0.07999295608578236,0.06265087361397936
Chips,0.06251303035107227,0.05111313451628276,0.05128541488800635,0.035902792854646544,0.04235717636219222,0.06039808794281174,0.07645323450992851,0.08826017389674344,0.0685328154471803,0.07608427518030182,0.05688884565845907,0.05649738906433677,0.0628573676409849,0.0871401471803018,0.07415682645909452,0.06677121984432088,0.07904344407307386,0.10331347065607625,0.11177809233677523,0.09782515497061156,0.0922035438538523,0.07787670941064338,0.10035793575536135,0.07413295283240667,0.09883360873709293,0.06243471528832409,0.07302027432565528,0.09447979371882446,0.12956969321683875,0.10326039712470214,0.05072865966640191,0.08120475299761717,0.0711537183288324,0.0670966697347101,0.07658068812708496,0.06884795640349484,0.07881645204765686,0.06822625786179508,0.08982867403335978,0.07448659861795075,0.07849240592851471,0.0706395247720413,0.07852521869737887,0.0692736103828435,0.05620317035107226,0.07945591742335185,0.0833311556250993,0.08521832378713266,0.0679640565528197
LabEq,0.05691773805559967,0.04710433308657663,0.04622802063860205,0.03350159920889594,0.03886984575059572,0.05512929197776012,0.0689234481397935,0.08043893221286734,0.0632916980206513,0.06969693827799839,0.05324341150436856,0.0528969929404289,0.05816829355043685,0.07915928382843526,0.06834852110563938,0.06271440011437648,0.07294419244479747,0.09410308473073868,0.10165195530738677,0.08957800221445593,0.08457187688006353,0.07104660094360604,0.09233276657347102,0.06789961084670375,0.09116090687847499,0.05782365740111199,0.06559232881334393,0.08598261303574264,0.11667774119142175,0.09355759791898333,0.04658273318506751,0.07341493965369343,0.06558828550913423,0.061714358535345494,0.0687104253788721,0.06209795633995235,0.06822625786179508,0.06703545068149325,0.0829239004670373,0.0680045729785544,0.07208078642096902,0.06498598469261319,0.07140743642573473,0.06337033492613185,0.05192809578395553,0.073431198471803,0.07612091924702144,0.0779519973693407,0.06275713401111994
Paper,0.07721755977124702,0.06524137538999206,0.06095415093248609,0.04460275538046067,0.05470081979348687,0.07628100266878474,0.09761683965687055,0.11636957958379662,0.08809703298490863,0.09754515678474979,0.07158764246544877,0.06918897241620332,0.07664408994440029,0.10876387119936458,0.09507795468784751,0.0902556468816521,0.10120585138046069,0.13270903928196978,0.13723080374265287,0.12178481211119939,0.11512475109769658,0.09545115555837964,0.13246800093407465,0.09330853243526606,0.12623408098490863,0.0794200107132645,0.08988626406354251,0.11275027999364574,0.15822879656870534,0.12603081874503572,0.06496244953137409,0.1026399031167593,0.09164500363463064,0.08325674714535343,0.09102854032724383,0.08402743910405082,0.08982867403335978,0.0829239004670373,0.13385977751231137,0.09794946725972994,0.10128334947100877,0.08847923698808577,0.10139899901509132,0.08878880666560764,0.07458630150277998,0.10644440500079429,0.10875418502938838,0.10881080432724378,0.08580336994440033
Boxes,0.06319509792692615,0.05526541878474979,0.0532156831135822,0.03699632159650516,0.04859620130262113,0.06179971477362987,0.07898117482128675,0.0919117281652105,0.0711965770293884,0.07973377786338365,0.05890168382049245,0.05618398212867355,0.0623480026449563,0.09189251139793485,0.07840913305798253,0.07036896041302619,0.08386116943606038,0.10826210089753774,0.1189680219777601,0.1039363450595711,0.09626260098490863,0.08005140110405085,0.10601829200158855,0.07876098260524227,0.10401253804606828,0.06599044918983321,0.07796882233518666,0.09777090734710088,0.1385342201111994,0.10858724042096901,0.057094527180301835,0.0828530553455123,0.07391147971405879,0.06902499576648133,0.0756980553296267,0.06899795920571881,0.07448659861795075,0.0680045729785544,0.09794946725972994,0.10071354706115968,0.08356968006354247,0.07332374859412231,0.08306722010325654,0.07252588354249405,0.0597500122954726,0.08717487934074661,0.0877629025655282,0.09030870306592534,0.0702997054805401
