,Agric,Food ,Soda ,Beer ,Smoke,Toys ,Fun  ,Books,Hshld,Clths,Hlth ,MedEq,Drugs,Chems,Rubbr,Txtls,BldMt,Cnstr,Steel,FabPr,Mach ,ElcEq,Autos,Aero ,Ships,Guns ,Gold ,Mines,Coal ,Oil  ,Util ,Telcm,PerSv,BusSv,Hardw,Softw,Chips,LabEq,Paper,Boxes,Trans,Whlsl,Rtail,Meals,Banks,Insur,RlEst,Fin  ,Other
Agric,0.10767193134074661,0.044045025760127074,0.04267418281969819,0.03014144146942017,0.03899799515488482,0.04753859725019858,0.06272381098014299,0.07592055217950754,0.060037368503574266,0.06277883733121525,0.049623889667990466,0.04956766622239872,0.05407424892295475,0.07490382755679109,0.0632173233836378,0.06049505928038126,0.06960073139475774,0.08954196385544087,0.09757763851945989,0.08887051954725972,0.07997035818109609,0.06566958876568704,0.08164593135980934,0.06325094813185071,0.08682996808419378,0.055358708508339946,0.06653379843685465,0.08542136269896743,0.11699342145035745,0.09240216274503574,0.04501002553296267,0.06812210033359808,0.06070532650039715,0.0566417841604448,0.06304802771405878,0.0576848664257347,0.062691328228753,0.05705820388721206,0.07728978933756951,0.06327102854487689,0.06732644212073073,0.06129218464177919,0.06615129531532962,0.05765265240667195,0.049280240209690226,0.06794624265607625,0.07087697698014295,0.07336599073868151,0.058889572306592544
Food ,0.044045025760127074,0.045075625391580616,0.03923466300238285,0.027898099634630653,0.03390784603653694,0.04213757657823669,0.054376250020651315,0.06341972252263703,0.04887500313264496,0.054722088514694185,0.04187304251628276,0.04066922762192216,0.04521560042573471,0.06119967152978552,0.053822365019857016,0.0484740442065131,0.05678197688959491,0.07299661828117553,0.0788538943796664,0.06956511173947579,0.06505592339952343,0.05481669638125495,0.07170814497855442,0.05369126731691817,0.0705190873963463,0.04548089999046863,0.049431887409054805,0.06491711071644163,0.08996695588880065,0.07157846184590945,0.03888907302938841,0.05818303377283558,0.05237660223669578,0.04823375605401112,0.05174645751231136,0.047903848355837976,0.051197478729150106,0.04715981907545671,0.06526681441143764,0.05531712139158062,0.05691780076250993,0.05070418949642573,0.05684470802859411,0.05004673963463065,0.04155279477045274,0.06006742816203336,0.06027961683240664,0.06184909172359015,0.04903150396822875
Soda ,0.04267418281969819,0.03923466300238285,0.07580067494042891,0.03011837835583796,0.03416409876092136,0.043682703121525016,0.052334756409849074,0.061354451588562356,0.04813173235107229,0.0526369190468626,0.040485869499602846,0.04095758733121526,0.0450036595949166,0.06080449805401111,0.05210666530579825,0.04602826372517869,0.05414803637013502,0.06837666250198571,0.07640384400317712,0.06661354383637809,0.06338817586179508,0.05398200308181096,0.06728948378872118,0.05359704316918189,0.068475793923749,0.04449894460683081,0.050193152438443224,0.06549172639396347,0.08609974949166004,0.07025794246227166,0.03992210909451945,0.05873299450357425,0.05128936505162828,0.047061694511517066,0.05244874111199366,0.04789851276409849,0.05148899402700558,0.04631936496425732,0.06094415297855441,0.05315887236695792,0.05509237414614774,0.05045843634630659,0.05553424180301826,0.049397129737887215,0.040073235837966646,0.05829522538522637,0.05915215621127879,0.06048176592533757,0.046933688427323275
Beer ,0.03014144146942017,0.027898099634630653,0.03011837835583796,0.05305995386020651,0.026265413613979348,0.032669983915806194,0.03755011634630659,0.04265498146942018,0.033845060706910256,0.039061173216838774,0.02965419521842732,0.029316149142176336,0.031266258419380466,0.044491440929308984,0.03731549933280381,0.0331230057426529,0.03945374242255759,0.04945347114376488,0.056805369150119134,0.04899998971405878,0.045930814241461476,0.03787180165210484,0.05050879880063542,0.039487447744241455,0.04952378575853852,0.03185821853852262,0.04076202976965844,0.04803256858617949,0.06459121951548849,0.05218967752184273,0.030370690508339956,0.04128055110405083,0.03666007119936458,0.03324092428117554,0.03627102762509929,0.03455616845909452,0.03589717963463065,0.03346523025416997,0.04455701566322479,0.03695790188244639,0.039861417450357435,0.03663203151707704,0.03943442204130261,0.03550425898332008,0.027689680698967427,0.04188042643367752,0.0424713906195393,0.04252877914217632,0.03483583946783161
Smoke,0.03899799515488482,0.03390784603653694,0.03416409876092136,0.026265413613979348,0.07814552943606036,0.03628665841143765,0.043843077204130255,0.05197948719618746,0.04013050311358221,0.04621450989674345,0.03482042411437648,0.03452039661636219,0.03849226965845909,0.05264642400317711,0.044885213661636204,0.040195737235901516,0.046156206814932495,0.05611206285941222,0.06433643291501191,0.057010338856235104,0.054555741493248606,0.045898987545671156,0.058112043161239066,0.04655139922160445,0.059052408435266095,0.040468733915806195,0.04286657191421763,0.052429412311358205,0.07628797586973787,0.0637333455440826,0.036717158649722,0.04947449159650517,0.04342338665607625,0.0389086905957109,0.04386843923749007,0.039613036489277186,0.042247019348689414,0.03876998133439236,0.05465321639396345,0.048525507593328035,0.046916526656076256,0.04212055876092136,0.04658196888006354,0.0390256400635425,0.03476367768069897,0.05210063037331216,0.04942317818903893,0.05188210646544878,0.039586924940428904
Toys ,0.04753859725019858,0.04213757657823669,0.043682703121525016,0.032669983915806194,0.03628665841143765,0.08277476813185067,0.06547005142494043,0.07391679311675933,0.057760542276409844,0.06445497760127086,0.0473297629324861,0.0451074960714853,0.05150970990786337,0.07140744009054804,0.06181989297855441,0.05846408439555203,0.06615914764575061,0.0845138729737887,0.08921727820174742,0.0805155440587768,0.07468892957108815,0.06431212963939636,0.08477749595075457,0.061426322349483704,0.08185517038760921,0.05200591311517078,0.05926955405242255,0.07367510260365369,0.09984459827323271,0.08459479775694996,0.04278618424622716,0.06841987110405084,0.05907327900238283,0.05473337944241461,0.06100286012073075,0.05464462253375696,0.06047736800635423,0.055174431607625085,0.07628285707386814,0.061857615788721204,0.06526584283558379,0.0584045499793487,0.06589145431453534,0.05838511639396346,0.04858637263224781,0.06831741256870531,0.07337182957744243,0.07043815372517871,0.05725812962192217
Fun  ,0.06272381098014299,0.054376250020651315,0.052334756409849074,0.03755011634630659,0.043843077204130255,0.06547005142494043,0.09641990782525812,0.09590754251945988,0.07405474218268467,0.0821753605401112,0.059870900187450345,0.058828056800635437,0.06537965314694202,0.09018352186814932,0.07719957416997618,0.07460535780142971,0.08534225141223192,0.11070937645115175,0.11544772286576649,0.10114355110405084,0.09500917410643368,0.08010342116600476,0.10912095775694992,0.07632908637331216,0.10438378422875295,0.06563832706592533,0.07349056233200953,0.09722675382366958,0.1321115532390786,0.10491518215091344,0.05187808655123114,0.08625650999205717,0.07757563894519458,0.07043405933598093,0.0771391987418586,0.07001721121525019,0.07659618551231134,0.06901980059729944,0.09764233760762508,0.0790577386370135,0.0845422921683876,0.07371770842891182,0.08625760223669578,0.07662383723590152,0.061977656927720406,0.08617532765051628,0.09106045816044481,0.0913549646068308,0.07236920418745035
Books,0.07592055217950754,0.06341972252263703,0.061354451588562356,0.04265498146942018,0.05197948719618746,0.07391679311675933,0.09590754251945988,0.15149711563304208,0.08980844914853059,0.09675415815726766,0.07036948196664018,0.06784782227323273,0.07493584964416201,0.10542519831771245,0.0942499806671962,0.09073522035107227,0.09999312530420969,0.12972801153455124,0.1335323024686259,0.11725714183478948,0.11355940887212071,0.09340515342970612,0.12959860783637805,0.09074850085305795,0.12679386584114372,0.07854239901191422,0.07902691073550436,0.10567288260047655,0.15152804522478155,0.12118502529626685,0.06223583663065924,0.10314681337569502,0.09205884450516283,0.08378637395869737,0.08932827265766483,0.08245505173153293,0.08850314938840348,0.08053162999364577,0.11638695076092137,0.0919776699078634,0.09933681030182683,0.08676172406036536,0.1016945764940429,0.0890568697220016,0.07526258490230343,0.10373023811914214,0.10964004970135026,0.10664153837966643,0.08349570948530581
Hshld,0.060037368503574266,0.04887500313264496,0.04813173235107229,0.033845060706910256,0.04013050311358221,0.057760542276409844,0.07405474218268467,0.08980844914853059,0.08033346626052423,0.07638837741064336,0.05460046395869738,0.05303394320730739,0.05788860587609213,0.08290352420810168,0.07314235496425735,0.06961919148371723,0.07794047712629071,0.10123538832247815,0.10504440069261319,0.09185989106433678,0.08759038996822875,0.07344832196346307,0.09951645737410646,0.07125447593804607,0.09686165954408263,0.05834094627799841,0.0662158841810961,0.08678511884511517,0.1167669377299444,0.09453047090706909,0.04810698889753774,0.07738893925337569,0.06899358659888802,0.06397937573153295,0.06954170491183477,0.06352457840349483,0.0686023769658459,0.06339867655123115,0.08813557556155678,0.07123580473868146,0.07752537922954726,0.06770738189674344,0.07825947432406673,0.06877317421763306,0.05741522523272438,0.0781075075520254,0.0835564198300238,0.08215599436060363,0.06559312141223195
Clths,0.06277883733121525,0.054722088514694185,0.0526369190468626,0.039061173216838774,0.04621450989674345,0.06445497760127086,0.0821753605401112,0.09675415815726766,0.07638837741064336,0.10073700428911833,0.05949357226370135,0.058236844575059565,0.06354733782366959,0.09070281779189833,0.07935863189833199,0.07530482888006354,0.08475435078633835,0.11510366096902301,0.11558907421763308,0.10273519186656076,0.09658235837966637,0.080777621223193,0.10963189772835581,0.07956471660047656,0.10775670519459889,0.06461234020651312,0.07026141531374105,0.09363484737092931,0.130968594471803,0.10239649019857029,0.05336545982525814,0.08490429779189834,0.07662522424146148,0.07033786913423354,0.07748217321683876,0.07083244765687051,0.07622921652104847,0.0697656092454329,0.09753911828435265,0.0797672870849881,0.08624252902303414,0.07496079183478951,0.09141818182684669,0.07856042954725974,0.0608615742652899,0.08672251739475775,0.09148880416203337,0.09078134983320094,0.07189215440826052
Hlth ,0.049623889667990466,0.04187304251628276,0.040485869499602846,0.02965419521842732,0.03482042411437648,0.0473297629324861,0.059870900187450345,0.07036948196664018,0.05460046395869738,0.05949357226370135,0.05585516086417792,0.04751529658141382,0.051830535660047646,0.06771166973471007,0.058668173471008715,0.05472179917077047,0.06276914989992055,0.0801218067640985,0.08593361511040508,0.07677693707704525,0.07136235064336775,0.06039184243367751,0.07899152062589355,0.0580513927339158,0.07925767911993645,0.04990107111040507,0.0562118565274027,0.07101041967593329,0.09748332969340742,0.08021693320413027,0.041634667930103265,0.06375079958697379,0.05860882082287529,0.05329645668943606,0.05767313084034948,0.052880101048451145,0.056961133820492456,0.053246526605242255,0.07158849981254965,0.05893613176489276,0.06193225386814931,0.0562686138014297,0.06144090127720413,0.05438803710881652,0.04485140166481334,0.06536573516759331,0.06667614177283557,0.06599563205718822,0.05407128288800635
MedEq,0.04956766622239872,0.04066922762192216,0.04095758733121526,0.029316149142176336,0.03452039661636219,0.0451074960714853,0.058828056800635437,0.06784782227323273,0.05303394320730739,0.058236844575059565,0.04751529658141382,0.0524809278014297,0.052072838635424945,0.06664553660206511,0.05725633310563938,0.05327300228911835,0.06140355556632245,0.0783242343621922,0.08471810462907071,0.07436500968228756,0.07008260075456713,0.05965557315965051,0.07668460041779192,0.056836858517871326,0.07642475913741065,0.0496471975186656,0.05444546380937252,0.07175537561080222,0.09800101531215243,0.07845968381890386,0.04079887321525019,0.06297790408260524,0.05670180367911039,0.05268342309293089,0.05722234010802225,0.05261028698173153,0.05656402017474186,0.052929027340746615,0.06919156226211279,0.05623735586497221,0.06074138099285146,0.05507025851628277,0.0601532675980937,0.05251617450357425,0.04422060653852263,0.06291183122478157,0.06490863735822082,0.0655387793328038,0.05348231074027004
Drugs,0.05407424892295475,0.04521560042573471,0.0450036595949166,0.031266258419380466,0.03849226965845909,0.05150970990786337,0.06537965314694202,0.07493584964416201,0.05788860587609213,0.06354733782366959,0.051830535660047646,0.052072838635424945,0.06547328376648132,0.07428315939793488,0.06278879766481335,0.05745266676886418,0.06727238522478157,0.08704722608578237,0.09301416718665606,0.08186306685464652,0.07706436826846705,0.06598770332644957,0.08440322654964257,0.0628729040301827,0.08363836188562351,0.055877840282764074,0.06070113786814932,0.07968721972517873,0.10573011480381254,0.08682214097537727,0.04484219377124703,0.07027782586179504,0.06167170652263701,0.05820781605559966,0.06372917778872118,0.05811960531374105,0.0630158996664019,0.058269763782366944,0.07670003660683082,0.062430795722001595,0.06704719308181094,0.06059671421127878,0.0665603556838761,0.058473290373312135,0.0482653568482923,0.06863682887370928,0.07087129929626687,0.07190508223987292,0.058608177507545677
Chems,0.07490382755679109,0.06119967152978552,0.06080449805401111,0.044491440929308984,0.05264642400317711,0.07140744009054804,0.09018352186814932,0.10542519831771245,0.08290352420810168,0.09070281779189833,0.06771166973471007,0.06664553660206511,0.07428315939793488,0.11805907674503575,0.08960326432088961,0.08053860394122318,0.09540753504209688,0.1259688305814138,0.13853558240508335,0.11982925530579822,0.11232488380460683,0.09329556200794281,0.12329593855917394,0.08953958973312154,0.11950109181413818,0.07431867430976966,0.09862618422239873,0.12030656897061161,0.16843702118983317,0.13111805512946784,0.06423074384273232,0.09725188139793485,0.08400213130420967,0.07919170804924544,0.08717351685146942,0.08116735217633039,0.08726218386020651,0.07925098676886419,0.10880113878316125,0.0919303991056394,0.09463009216044478,0.08493473098649723,0.09342714130738682,0.0827449389197776,0.0679108053629865,0.09776551554567112,0.10224548288641781,0.10179762381254964,0.08080450152660838
Rubbr,0.0632173233836378,0.053822365019857016,0.05210666530579825,0.03731549933280381,0.044885213661636204,0.06181989297855441,0.07719957416997618,0.0942499806671962,0.07314235496425735,0.07935863189833199,0.058668173471008715,0.05725633310563938,0.06278879766481335,0.08960326432088961,0.09789408428911833,0.07180653974583001,0.08279030988085781,0.10422227166004765,0.11403745115170769,0.10032608420969022,0.09499471477362986,0.07942433585385227,0.10575731690230339,0.07720628583002385,0.10376413015091339,0.06317754929308973,0.06891391510722793,0.09098939280381259,0.12724422190627482,0.1036800391739476,0.054315463367752205,0.08296314338363778,0.07430765537728357,0.06882583162827641,0.07532362360603653,0.06884212989674343,0.07425124765687052,0.06838779350277999,0.09510573626687847,0.07843780637013502,0.0825410828435266,0.07290004994440033,0.08135945780778395,0.07059132085782364,0.06066690395552026,0.08522721864972202,0.08847954752978555,0.08743630732327243,0.06995553202541699
Txtls,0.06049505928038126,0.0484740442065131,0.04602826372517869,0.0331230057426529,0.040195737235901516,0.05846408439555203,0.07460535780142971,0.09073522035107227,0.06961919148371723,0.07530482888006354,0.05472179917077047,0.05327300228911835,0.05745266676886418,0.08053860394122318,0.07180653974583001,0.10805218797617157,0.07880035898173153,0.10142161947736303,0.10411484906115964,0.09075237719618744,0.08677413071485306,0.07108426488324068,0.09742911693884036,0.06867677027323271,0.09666970889118351,0.06040200498490866,0.06726759172041304,0.08645497495949168,0.115834635121525,0.09484029945035741,0.04650083786973789,0.07599018738681491,0.0679247480158856,0.06201156814455917,0.06717802820969021,0.06230390275615565,0.0669252318347895,0.06284358541858616,0.09037425354090549,0.07040743467355043,0.07667509503574266,0.06705063456076253,0.07639856874185863,0.06806185034154093,0.054800963742652906,0.07790569711834788,0.0841864995822081,0.07879557374106433,0.06392112632406671
BldMt,0.06960073139475774,0.05678197688959491,0.05414803637013502,0.03945374242255759,0.046156206814932495,0.06615914764575061,0.08534225141223192,0.09999312530420969,0.07794047712629071,0.08475435078633835,0.06276914989992055,0.06140355556632245,0.06727238522478157,0.09540753504209688,0.08279030988085781,0.07880035898173153,0.09788822190786338,0.11796620655917392,0.1246145646004766,0.1093541918745036,0.10244454526608415,0.08535275014455916,0.11272789057505958,0.08249729814614773,0.11166724556473392,0.06853393693725178,0.07991674248133437,0.10345530248292296,0.143968312980143,0.11387423729308974,0.05668502524384432,0.0888006651945989,0.07985774615409055,0.07380477112470213,0.08032327183796663,0.0728869894598888,0.07927842976965846,0.07309434358856233,0.10128508828594122,0.08396589226846703,0.08800355578236695,0.07799673601906278,0.0883509359285147,0.07682264735504371,0.06464781506592535,0.0903788500460683,0.09558906510405082,0.09510257694996029,0.0749714024606831
Cnstr,0.08954196385544087,0.07299661828117553,0.06837666250198571,0.04945347114376488,0.05611206285941222,0.0845138729737887,0.11070937645115175,0.12972801153455124,0.10123538832247815,0.11510366096902301,0.0801218067640985,0.0783242343621922,0.08704722608578237,0.1259688305814138,0.10422227166004765,0.10142161947736303,0.11796620655917392,0.21787220271803018,0.16505666338999206,0.14157205861000793,0.13294074617156468,0.11163096747259728,0.14765079279269264,0.10462441715170769,0.14366666172676726,0.08681158906751389,0.11454245383320098,0.13839424159968228,0.19526473273868145,0.1500413346528991,0.07202482571723594,0.11514534081016678,0.10262524485464657,0.09566224326767275,0.10349537874185862,0.09561402693407467,0.10360832092136615,0.0943003677378872,0.13282143416044478,0.10836026725496427,0.11549812872915012,0.10027818782525813,0.11753031293566323,0.10266463486894359,0.08715041581572676,0.12664053155837962,0.12525162461795075,0.12464051347100871,0.09841886867513899
Steel,0.09757763851945989,0.0788538943796664,0.07640384400317712,0.056805369150119134,0.06433643291501191,0.08921727820174742,0.11544772286576649,0.1335323024686259,0.10504440069261319,0.11558907421763308,0.08593361511040508,0.08471810462907071,0.09301416718665606,0.13853558240508335,0.11403745115170769,0.10411484906115964,0.1246145646004766,0.16505666338999206,0.1943348106370135,0.15961259510722792,0.14644247132644964,0.12038818760285944,0.1558025522986497,0.11515265192692613,0.15331225955202543,0.09504098902621128,0.13567005279110408,0.16273801809054803,0.23373903379825256,0.1742416389769658,0.08096268482287527,0.1224054038760921,0.10767467438284349,0.1010262663510723,0.11309984402223987,0.1017630045750596,0.11198793763304211,0.10182767133280383,0.13731290944559174,0.11908297904368549,0.1213726323113582,0.10943946205559968,0.11881448297378869,0.10510537162827639,0.08438539273073867,0.12352649503415407,0.13048959632724383,0.12984734954725977,0.1045330460746624
FabPr,0.08887051954725972,0.06956511173947579,0.06661354383637809,0.04899998971405878,0.057010338856235104,0.0805155440587768,0.10114355110405084,0.11725714183478948,0.09185989106433678,0.10273519186656076,0.07677693707704525,0.07436500968228756,0.08186306685464652,0.11982925530579822,0.10032608420969022,0.09075237719618744,0.1093541918745036,0.14157205861000793,0.15961259510722792,0.17691877044479745,0.12828361289118348,0.10655000060365369,0.137498559451946,0.10339170707704526,0.13663381281175532,0.08379394190627482,0.11297480498808576,0.1350356283002383,0.1962350005639396,0.1501257520889595,0.0704722972279587,0.10639080336775218,0.09522433776012704,0.08945684544082604,0.10022297281969818,0.0903665319698173,0.09807011186656074,0.08974382064336778,0.1219234771088165,0.10416145131850676,0.10583274429706117,0.09685311310563935,0.10497313061953932,0.09178344633836374,0.07556412108022238,0.10755695733121523,0.11327847683081813,0.11452744713264498,0.09205615449563145
Mach ,0.07997035818109609,0.06505592339952343,0.06338817586179508,0.045930814241461476,0.054555741493248606,0.07468892957108815,0.09500917410643368,0.11355940887212071,0.08759038996822875,0.09658235837966637,0.07136235064336775,0.07008260075456713,0.07706436826846705,0.11232488380460683,0.09499471477362986,0.08677413071485306,0.10244454526608415,0.13294074617156468,0.14644247132644964,0.12828361289118348,0.12327148529785542,0.09828612886417792,0.12895756949166007,0.09521029122319301,0.12791406459888796,0.07890734730738684,0.10049657890389202,0.12419135706910245,0.17646595570293877,0.1380344960444797,0.06646212893566321,0.1016487381731533,0.08946375040508336,0.08415405700555996,0.09344329291501192,0.08483307090548055,0.09234552495631454,0.08468044548848291,0.11518919370929308,0.09634912534551232,0.09965435668784749,0.08985085505957105,0.09899245922954723,0.0868958619698173,0.07161934532168387,0.10237991990468624,0.10779566561556791,0.1079552846544877,0.08622563440031768
ElcEq,0.06566958876568704,0.05481669638125495,0.05398200308181096,0.03787180165210484,0.045898987545671156,0.06431212963939636,0.08010342116600476,0.09340515342970612,0.07344832196346307,0.080777621223193,0.06039184243367751,0.05965557315965051,0.06598770332644957,0.09329556200794281,0.07942433585385227,0.07108426488324068,0.08535275014455916,0.11163096747259728,0.12038818760285944,0.10655000060365369,0.09828612886417792,0.09265268863542493,0.1068291830214456,0.07962905259412234,0.10628360655758534,0.06770094820015886,0.07798440700873707,0.10249942968705321,0.1444654403113582,0.11241518893725179,0.054822952146147734,0.08573778096902303,0.07509680588403495,0.07084787429388402,0.07846389422081015,0.07175120540111198,0.07809880339952341,0.07115213319142177,0.0954829795647339,0.08006059175218429,0.08369095517077045,0.07484376038760919,0.0822608043081811,0.07190220991262905,0.060757418751389985,0.08604853462112787,0.09019038015567911,0.0905102321842732,0.07269546539158062
Autos,0.08164593135980934,0.07170814497855442,0.06728948378872118,0.05050879880063542,0.058112043161239066,0.08477749595075457,0.10912095775694992,0.12959860783637805,0.09951645737410646,0.10963189772835581,0.07899152062589355,0.07668460041779192,0.08440322654964257,0.12329593855917394,0.10575731690230339,0.09742911693884036,0.11272789057505958,0.14765079279269264,0.1558025522986497,0.137498559451946,0.12895756949166007,0.1068291830214456,0.1622880872104845,0.10346862599046863,0.14161874742017475,0.08630741921207308,0.10311698018109614,0.1274317793661636,0.18095356198093726,0.1417310058014297,0.07025929820015885,0.11299751310563938,0.10070157249880858,0.09257687806354249,0.10122446699602858,0.0925897718745036,0.10048567990468626,0.09242021763780782,0.13249736554725972,0.10610795107386813,0.11242571560762507,0.09848110012390786,0.11254246698808579,0.09982242381254962,0.08153683658141384,0.11439471038602067,0.11926782659412233,0.11886264023828434,0.0958351366528991
Aero ,0.06325094813185071,0.05369126731691817,0.05359704316918189,0.039487447744241455,0.04655139922160445,0.061426322349483704,0.07632908637331216,0.09074850085305795,0.07125447593804607,0.07956471660047656,0.0580513927339158,0.056836858517871326,0.0628729040301827,0.08953958973312154,0.07720628583002385,0.06867677027323271,0.08249729814614773,0.10462441715170769,0.11515265192692613,0.10339170707704526,0.09521029122319301,0.07962905259412234,0.10346862599046863,0.09392437645591736,0.10213813864813341,0.06671565646703734,0.0729875451564734,0.09400083413661638,0.13232633600158858,0.10476931585067513,0.05579480769340746,0.08260183167593324,0.07322867105957105,0.06841299466084193,0.07528749351231134,0.06865828420174744,0.07419136937251787,0.06794832981254963,0.09332284668467038,0.0788701626671962,0.08234796569499603,0.07275050155996822,0.08172389526767274,0.0715995800635425,0.05813215569817315,0.0846402291850675,0.08630856749642571,0.08799908354249401,0.06999246213979347
Ships,0.08682996808419378,0.0705190873963463,0.068475793923749,0.04952378575853852,0.059052408435266095,0.08185517038760921,0.10438378422875295,0.12679386584114372,0.09686165954408263,0.10775670519459889,0.07925767911993645,0.07642475913741065,0.08363836188562351,0.11950109181413818,0.10376413015091339,0.09666970889118351,0.11166724556473392,0.14366666172676726,0.15331225955202543,0.13663381281175532,0.12791406459888796,0.10628360655758534,0.14161874742017475,0.10213813864813341,0.1694633662573471,0.0868011982621128,0.09962869514853054,0.12769705850516286,0.17751421139475776,0.14066980363463066,0.07019142624781573,0.10989941753772833,0.09974675760444801,0.091951380141382,0.10064141456076252,0.09157261017474182,0.09887888085782372,0.09121934531691818,0.12624800798729152,0.1040671042398729,0.11168722259729945,0.09808684955043685,0.11088657780937251,0.09685461440826051,0.07938316935980935,0.11214965739793485,0.11607114147577444,0.1161306108181096,0.09432108434789514
Guns ,0.055358708508339946,0.04548089999046863,0.04449894460683081,0.03185821853852262,0.040468733915806195,0.05200591311517078,0.06563832706592533,0.07854239901191422,0.05834094627799841,0.06461234020651312,0.04990107111040507,0.0496471975186656,0.055877840282764074,0.07431867430976966,0.06317754929308973,0.06040200498490866,0.06853393693725178,0.08681158906751389,0.09504098902621128,0.08379394190627482,0.07890734730738684,0.06770094820015886,0.08630741921207308,0.06671565646703734,0.0868011982621128,0.09732672159491658,0.06208733258776804,0.08045061722954726,0.1080072717426529,0.0872940830373312,0.0457119539666402,0.07146524508339949,0.06276075397617155,0.05821284728514694,0.06309045366799046,0.05807725291501191,0.06252174027005558,0.057825252196981744,0.07942606108339952,0.06599445017633042,0.06928086740270055,0.0609466927212073,0.067239630903892,0.05918381795075455,0.04919707019539317,0.07027203238760922,0.07266368801588559,0.07373532104845115,0.058282034913423354
Gold ,0.06653379843685465,0.049431887409054805,0.050193152438443224,0.04076202976965844,0.04286657191421763,0.05926955405242255,0.07349056233200953,0.07902691073550436,0.0662158841810961,0.07026141531374105,0.0562118565274027,0.05444546380937252,0.06070113786814932,0.09862618422239873,0.06891391510722793,0.06726759172041304,0.07991674248133437,0.11454245383320098,0.13567005279110408,0.11297480498808576,0.10049657890389202,0.07798440700873707,0.10311698018109614,0.0729875451564734,0.09962869514853054,0.06208733258776804,0.29308989900555993,0.1602427032819698,0.19753113428435262,0.14182077104368543,0.05611784532486098,0.07829292911834788,0.06422792849563144,0.06444066890548052,0.07221999123749011,0.06535580111199363,0.07309296231930104,0.06570215566004763,0.08993747852581413,0.07798337247974585,0.0708248618903892,0.07019959782049244,0.06993649389038918,0.06293439259729945,0.045719595532962655,0.07575294631930102,0.08051430299602859,0.08181948991262906,0.06748166473073866
Mines,0.08542136269896743,0.06491711071644163,0.06549172639396347,0.04803256858617949,0.052429412311358205,0.07367510260365369,0.09722675382366958,0.10567288260047655,0.08678511884511517,0.09363484737092931,0.07101041967593329,0.07175537561080222,0.07968721972517873,0.12030656897061161,0.09098939280381259,0.08645497495949168,0.10345530248292296,0.13839424159968228,0.16273801809054803,0.1350356283002383,0.12419135706910245,0.10249942968705321,0.1274317793661636,0.09400083413661638,0.12769705850516286,0.08045061722954726,0.1602427032819698,0.18594154995869736,0.21698406967911038,0.16082452411119935,0.06693529234789515,0.10175491653693407,0.08575801898649718,0.08456146590786338,0.09394925643526608,0.08491020355043688,0.09456320949960284,0.0860352334980143,0.11275589173629867,0.0978036962811755,0.09701819773629866,0.09103552748530579,0.09549981954090547,0.08597518927720413,0.06685228843844322,0.09862335090071482,0.10347424605083401,0.10777531496425734,0.0873633095266084
Coal ,0.11699342145035745,0.08996695588880065,0.08609974949166004,0.06459121951548849,0.07628797586973787,0.09984459827323271,0.1321115532390786,0.15152804522478155,0.1167669377299444,0.130968594471803,0.09748332969340742,0.09800101531215243,0.10573011480381254,0.16843702118983317,0.12724422190627482,0.115834635121525,0.143968312980143,0.19526473273868145,0.23373903379825256,0.1962350005639396,0.17646595570293877,0.1444654403113582,0.18095356198093726,0.13232633600158858,0.17751421139475776,0.1080072717426529,0.19753113428435262,0.21698406967911038,0.38744070089118343,0.24117118347259725,0.09875881585544084,0.14057224498808574,0.11891833471644163,0.1155494046910246,0.1301858952533757,0.11599388084988083,0.1296098815567911,0.11674614783002382,0.15819435341699764,0.13841521129944404,0.1345668558776807,0.12566557595552025,0.13185354642891184,0.11706988360603655,0.09221989490706908,0.13916041557426528,0.14720582111675937,0.14785264293884037,0.12133890859253375
Oil  ,0.09240216274503574,0.07157846184590945,0.07025794246227166,0.05218967752184273,0.0637333455440826,0.08459479775694996,0.10491518215091344,0.12118502529626685,0.09453047090706909,0.10239649019857029,0.08021693320413027,0.07845968381890386,0.08682214097537727,0.13111805512946784,0.1036800391739476,0.09484029945035741,0.11387423729308974,0.1500413346528991,0.1742416389769658,0.1501257520889595,0.1380344960444797,0.11241518893725179,0.1417310058014297,0.10476931585067513,0.14066980363463066,0.0872940830373312,0.14182077104368543,0.16082452411119935,0.24117118347259725,0.1967233494138205,0.08133865082764097,0.11329700263701352,0.09596581709928513,0.09224754098173153,0.10352086486417789,0.09291678319301032,0.1032718196664019,0.09355423171405876,0.12605515745194598,0.108548922395552,0.1055785694678316,0.10008965026846701,0.1029183958570294,0.0914113847180302,0.07559991911675931,0.1125563812613185,0.12028173662907071,0.11697478370135028,0.09704038021286736
Util ,0.04501002553296267,0.03888907302938841,0.03992210909451945,0.030370690508339956,0.036717158649722,0.04278618424622716,0.05187808655123114,0.06223583663065924,0.04810698889753774,0.05336545982525814,0.041634667930103265,0.04079887321525019,0.04484219377124703,0.06423074384273232,0.054315463367752205,0.04650083786973789,0.05668502524384432,0.07202482571723594,0.08096268482287527,0.0704722972279587,0.06646212893566321,0.054822952146147734,0.07025929820015885,0.05579480769340746,0.07019142624781573,0.0457119539666402,0.05611784532486098,0.06693529234789515,0.09875881585544084,0.08133865082764097,0.05113188284511516,0.05868623313741062,0.0509603334138205,0.047459868757744224,0.051300476158856224,0.04796940188244638,0.05068064854646548,0.046548752802223994,0.06493886093089753,0.05704868654964259,0.05530422564733913,0.05069309389038921,0.05518962657188245,0.047451192676727566,0.04044401398570293,0.06222255578077839,0.06005540979030976,0.061238664257347086,0.049509612119142184
Telcm,0.06812210033359808,0.05818303377283558,0.05873299450357425,0.04128055110405083,0.04947449159650517,0.06841987110405084,0.08625650999205717,0.10314681337569502,0.07738893925337569,0.08490429779189834,0.06375079958697379,0.06297790408260524,0.07027782586179504,0.09725188139793485,0.08296314338363778,0.07599018738681491,0.0888006651945989,0.11514534081016678,0.1224054038760921,0.10639080336775218,0.1016487381731533,0.08573778096902303,0.11299751310563938,0.08260183167593324,0.10989941753772833,0.07146524508339949,0.07829292911834788,0.10175491653693407,0.14057224498808574,0.11329700263701352,0.05868623313741062,0.09974623904686261,0.08082029483717235,0.07471721696584589,0.0824440206830818,0.07559215291501192,0.08129800838760923,0.0734827851310564,0.10264922951548847,0.08291180559173947,0.08904587374106437,0.07839093429706116,0.08947342833995234,0.07868089648927719,0.0650613186656076,0.09282733515488484,0.0965355412867355,0.09664188095313742,0.07578833274027007
PerSv,0.06070532650039715,0.05237660223669578,0.05128936505162828,0.03666007119936458,0.04342338665607625,0.05907327900238283,0.07757563894519458,0.09205884450516283,0.06899358659888802,0.07662522424146148,0.05860882082287529,0.05670180367911039,0.06167170652263701,0.08400213130420967,0.07430765537728357,0.0679247480158856,0.07985774615409055,0.10262524485464657,0.10767467438284349,0.09522433776012704,0.08946375040508336,0.07509680588403495,0.10070157249880858,0.07322867105957105,0.09974675760444801,0.06276075397617155,0.06422792849563144,0.08575801898649718,0.11891833471644163,0.09596581709928513,0.0509603334138205,0.08082029483717235,0.08802217877045271,0.06707244313264496,0.07229043893248607,0.06697806405083398,0.07122044822875297,0.06563216920730738,0.09164535155520252,0.07395225009054807,0.0793502777760127,0.07032946274185861,0.08121320639872913,0.07041931367752181,0.05838505762668785,0.08235008908022241,0.08713233415726769,0.08554965817315328,0.06675716558538522
BusSv,0.0566417841604448,0.04823375605401112,0.047061694511517066,0.03324092428117554,0.0389086905957109,0.05473337944241461,0.07043405933598093,0.08378637395869737,0.06397937573153295,0.07033786913423354,0.05329645668943606,0.05268342309293089,0.05820781605559966,0.07919170804924544,0.06882583162827641,0.06201156814455917,0.07380477112470213,0.09566224326767275,0.1010262663510723,0.08945684544082604,0.08415405700555996,0.07084787429388402,0.09257687806354249,0.06841299466084193,0.091951380141382,0.05821284728514694,0.06444066890548052,0.08456146590786338,0.1155494046910246,0.09224754098173153,0.047459868757744224,0.07471721696584589,0.06707244313264496,0.06539634519301031,0.0677765217887212,0.0625283703335981,0.0672021536457506,0.061785564411437656,0.08329290539793482,0.06909188870373313,0.0728800587847498,0.06526654206830816,0.0730854388101668,0.06398247140587766,0.0528840761429706,0.0753199354598888,0.07739439097537729,0.07895701167593326,0.06272425588085781
Hardw,0.06304802771405878,0.05174645751231136,0.05244874111199366,0.03627102762509929,0.04386843923749007,0.06100286012073075,0.0771391987418586,0.08932827265766483,0.06954170491183477,0.07748217321683876,0.05767313084034948,0.05722234010802225,0.06372917778872118,0.08717351685146942,0.07532362360603653,0.06717802820969021,0.08032327183796663,0.10349537874185862,0.11309984402223987,0.10022297281969818,0.09344329291501192,0.07846389422081015,0.10122446699602858,0.07528749351231134,0.10064141456076252,0.06309045366799046,0.07221999123749011,0.09394925643526608,0.1301858952533757,0.10352086486417789,0.051300476158856224,0.0824440206830818,0.07229043893248607,0.0677765217887212,0.08393450084829228,0.0700178018268467,0.07669969604447972,0.06877989550119143,0.09106702880381257,0.07584325783320094,0.07952763747418587,0.0713318663510723,0.08022377492295472,0.07053382589356631,0.05704347178395551,0.08098179219698173,0.08407186212231928,0.08687235469420176,0.06905321289594918
Softw,0.0576848664257347,0.047903848355837976,0.04789851276409849,0.03455616845909452,0.039613036489277186,0.05464462253375696,0.07001721121525019,0.08245505173153293,0.06352457840349483,0.07083244765687051,0.052880101048451145,0.05261028698173153,0.05811960531374105,0.08116735217633039,0.06884212989674343,0.06230390275615565,0.0728869894598888,0.09561402693407467,0.1017630045750596,0.0903665319698173,0.08483307090548055,0.07175120540111198,0.0925897718745036,0.06865828420174744,0.09157261017474182,0.05807725291501191,0.06535580111199363,0.08491020355043688,0.11599388084988083,0.09291678319301032,0.04796940188244638,0.07559215291501192,0.06697806405083398,0.0625283703335981,0.0700178018268467,0.06713363030182685,0.06891477598093726,0.062148629380460674,0.08405598252581417,0.06906140270849881,0.073300420293884,0.06550205947577441,0.07347867247815726,0.06431748262112788,0.05306142138204923,0.07533655291501191,0.07845185287529785,0.08002968633836377,0.06266714003971405
Chips,0.062691328228753,0.051197478729150106,0.05148899402700558,0.03589717963463065,0.042247019348689414,0.06047736800635423,0.07659618551231134,0.08850314938840348,0.0686023769658459,0.07622921652104847,0.056961133820492456,0.05656402017474186,0.0630158996664019,0.08726218386020651,0.07425124765687052,0.0669252318347895,0.07927842976965846,0.10360832092136615,0.11198793763304211,0.09807011186656074,0.09234552495631454,0.07809880339952341,0.10048567990468626,0.07419136937251787,0.09887888085782372,0.06252174027005558,0.07309296231930104,0.09456320949960284,0.1296098815567911,0.1032718196664019,0.05068064854646548,0.08129800838760923,0.07122044822875297,0.0672021536457506,0.07669969604447972,0.06891477598093726,0.07901776597299442,0.06835182011119936,0.08989208695790309,0.07459168460683083,0.07864406932486098,0.07075450805401111,0.07860889709293088,0.06935835097696585,0.05628141861795076,0.07953526455917397,0.0834318793328038,0.08532746144559175,0.0680189529785544
LabEq,0.05705820388721206,0.04715981907545671,0.04631936496425732,0.03346523025416997,0.03876998133439236,0.055174431607625085,0.06901980059729944,0.08053162999364577,0.06339867655123115,0.0697656092454329,0.053246526605242255,0.052929027340746615,0.058269763782366944,0.07925098676886419,0.06838779350277999,0.06284358541858616,0.07309434358856233,0.0943003677378872,0.10182767133280383,0.08974382064336778,0.08468044548848291,0.07115213319142177,0.09242021763780782,0.06794832981254963,0.09121934531691818,0.057825252196981744,0.06570215566004763,0.0860352334980143,0.11674614783002382,0.09355423171405876,0.046548752802223994,0.0734827851310564,0.06563216920730738,0.061785564411437656,0.06877989550119143,0.062148629380460674,0.06835182011119936,0.06712430279745829,0.08296367247656869,0.06809781807307387,0.07218287814932486,0.06506545953296265,0.07142255039396346,0.06340328239872915,0.051993244473391584,0.07349637432247814,0.07620200279110406,0.0780241791421763,0.06280304446544875
Paper,0.07728978933756951,0.06526681441143764,0.06094415297855441,0.04455701566322479,0.05465321639396345,0.07628285707386814,0.09764233760762508,0.11638695076092137,0.08813557556155678,0.09753911828435265,0.07158849981254965,0.06919156226211279,0.07670003660683082,0.10880113878316125,0.09510573626687847,0.09037425354090549,0.10128508828594122,0.13282143416044478,0.13731290944559174,0.1219234771088165,0.11518919370929308,0.0954829795647339,0.13249736554725972,0.09332284668467038,0.12624800798729152,0.07942606108339952,0.08993747852581413,0.11275589173629867,0.15819435341699764,0.12605515745194598,0.06493886093089753,0.10264922951548847,0.09164535155520252,0.08329290539793482,0.09106702880381257,0.08405598252581417,0.08989208695790309,0.08296367247656869,0.1338892877140588,0.09801517113264496,0.10131921375694992,0.08852659025258144,0.10140328713582208,0.0887863139952343,0.07461649477998411,0.10647303454169975,0.10878585513582203,0.10884816524225575,0.08583261217474186
Boxes,0.06327102854487689,0.05531712139158062,0.05315887236695792,0.03695790188244639,0.048525507593328035,0.061857615788721204,0.0790577386370135,0.0919776699078634,0.07123580473868146,0.0797672870849881,0.05893613176489276,0.05623735586497221,0.062430795722001595,0.0919303991056394,0.07843780637013502,0.07040743467355043,0.08396589226846703,0.10836026725496427,0.11908297904368549,0.10416145131850676,0.09634912534551232,0.08006059175218429,0.10610795107386813,0.0788701626671962,0.1040671042398729,0.06599445017633042,0.07798337247974585,0.0978036962811755,0.13841521129944404,0.108548922395552,0.05704868654964259,0.08291180559173947,0.07395225009054807,0.06909188870373313,0.07584325783320094,0.06906140270849881,0.07459168460683083,0.06809781807307387,0.09801517113264496,0.10081331815567914,0.08366825030182687,0.07340243515806195,0.08308050289277202,0.07253904767275617,0.059794196683081814,0.08723403776330421,0.08786507348530577,0.09043761974583,0.07035890315647339
