,Agric,Food ,Soda ,Beer ,Smoke,Toys ,Fun  ,Books,Hshld,Clths,Hlth ,MedEq,Drugs,Chems,Rubbr,Txtls,BldMt,Cnstr,Steel,FabPr,Mach ,ElcEq,Autos,Aero ,Ships,Guns ,Gold ,Mines,Coal ,Oil  ,Util ,Telcm,PerSv,BusSv,Hardw,Softw,Chips,LabEq,Paper,Boxes,Trans,Whlsl,Rtail,Meals,Banks,Insur,RlEst,Fin  ,Other
Agric,0.10788720630818106,0.04493448234312947,0.04280976150754566,0.030732165955520252,0.039631846271644164,0.048032561081810934,0.06395065220174741,0.07730997168546466,0.06091808708181098,0.06402199928514694,0.051142501723590146,0.05069277867355045,0.0552623026370135,0.07676653592216046,0.06508202271485304,0.061819142662430514,0.07169621479586975,0.09140689918824463,0.0990904478189039,0.08938857054169977,0.08181559016521045,0.06722123500238285,0.08405321377601269,0.06455927718506749,0.08943222221763301,0.057260418054011115,0.06807701623828435,0.0868550214392375,0.1194518591421763,0.09518377790945191,0.04516292767434471,0.06945354542335183,0.062653433847498,0.05803059386338362,0.06473614347577442,0.058943843620333586,0.06426018928355838,0.0586337191850675,0.07868582381890389,0.06401442217156474,0.06903511247339157,0.06279327216203336,0.06716106493566322,0.058620267248610004,0.05034882154249405,0.06911585305957108,0.07178715882287533,0.07468439669737886,0.060142335134233504
Food ,0.04493448234312947,0.045645390555996826,0.03896680531374107,0.028133641119936464,0.033848352883240666,0.04238449843526607,0.05496043934074662,0.06442494913423354,0.04932367099285147,0.05519055391580618,0.0423998814217633,0.04115670722001589,0.04560557857029388,0.061783925361397915,0.05458075500397141,0.04973341018268465,0.05810342949960284,0.07431153034948372,0.07927883448768862,0.06953859224781572,0.06589469087370929,0.0553005948054011,0.07290821499602859,0.0540047046544877,0.07189167766481333,0.0464383330976966,0.04997326120730738,0.06528175202541701,0.0909882220969023,0.07297181714058774,0.03855331103256553,0.058801162922954724,0.053332878181096104,0.04877582869737887,0.05256177625099284,0.048506747696584585,0.05188326552819699,0.04796734626687848,0.06570273669579031,0.05500958679110405,0.05784107706115965,0.05136993167593329,0.05734273249404288,0.05040166037331213,0.04209596988880063,0.06059420235901511,0.061094230428911836,0.06234583498808578,0.04941559344718031
Soda ,0.04280976150754566,0.03896680531374107,0.0750260862446386,0.029996389596505156,0.0339620085019857,0.04344498395393168,0.05214429674185863,0.0612580251056394,0.04759774535663225,0.05262791906274822,0.040253128109610806,0.04089450250198569,0.04469019274027005,0.060280507572676736,0.05163034824622716,0.046492478846703746,0.05451874123272439,0.06813841445750596,0.07574495967911041,0.06550214879110405,0.06325758241620333,0.053891994703733126,0.06742069246703734,0.053109671250198554,0.06855241879904685,0.044642205710881656,0.049779501442414616,0.06484703311199365,0.0859058736616362,0.07097578533121528,0.03921559569340746,0.058308417531374106,0.05131574788403497,0.046856121180301843,0.05240174901032566,0.047599659667990464,0.051240427872914995,0.04633081552501986,0.060539904505162834,0.052114670822875304,0.05484444844797457,0.05028184018109611,0.05517851759015091,0.04915966514217633,0.039820652293884026,0.05791574071326449,0.058853657888800634,0.05989364927561558,0.04685521889277203
Beer ,0.030732165955520252,0.028133641119936464,0.029996389596505156,0.053932141272438436,0.026350168184273222,0.03305823580460684,0.03807127669420176,0.04331280423193009,0.034231157747418584,0.03976189911040507,0.030207301167593317,0.029758826473391578,0.03156527280381255,0.04511435894678315,0.0380961238141382,0.03456093501826846,0.040511607698173156,0.050912531852263694,0.057112531243844314,0.049407651412231926,0.04657836379825258,0.038671309810961084,0.05153253129150118,0.039942443132644945,0.05085360618586179,0.03306918254964257,0.04073643186338361,0.04830632124543289,0.06526856592533758,0.05310622256711676,0.030069199029388424,0.04172321543447181,0.03720920421445593,0.033725812236695796,0.037067119653693394,0.03505137020015884,0.03646803108181097,0.03423020745512311,0.04505297824622716,0.03684497118824464,0.04077790182366957,0.037184051142176315,0.03989908766163622,0.035981278231930106,0.02812547987132645,0.04233556199999999,0.04368036918347895,0.04290666821127878,0.03532352297537728
Smoke,0.039631846271644164,0.033848352883240666,0.0339620085019857,0.026350168184273222,0.07229938176965844,0.03604329742335187,0.04365288706592533,0.05226020125178712,0.03964887203177124,0.045875940969023046,0.03477531218427321,0.034649563844320885,0.03865191745830024,0.05241850478792692,0.0450428089785544,0.041025156263701346,0.046791148994440035,0.056541743402700545,0.06333049362351072,0.05584910892454327,0.05424306159173948,0.046147377620333586,0.058384487618745026,0.045983234700556,0.0595127071771247,0.04102893820492454,0.042800172797458284,0.05209215222875297,0.07589531396346305,0.06429765285464652,0.036121014691024626,0.0495247610039714,0.04342362639555203,0.03896831116123907,0.04387529414455918,0.039432796111199375,0.04203109507863382,0.03855768428276409,0.05433092522954727,0.047020164282764086,0.047275695625099284,0.042142983046862585,0.04632584180460683,0.03896182342176329,0.034648821871326445,0.051888062760921345,0.049939538700556,0.051530368050834,0.039657253655281964
Toys ,0.048032561081810934,0.04238449843526607,0.04344498395393168,0.03305823580460684,0.03604329742335187,0.08457214457664812,0.06562327693566321,0.07405124323431292,0.05788690808260522,0.06473316649722002,0.047659047061159636,0.04553451876886417,0.051996559444003165,0.07180239312629072,0.06233228763939634,0.05920991425893566,0.06728399084034949,0.08484505806036535,0.08914524810484507,0.07958923579984115,0.07516403786973788,0.06474073860841938,0.08565001870055601,0.0616967823796664,0.08288928242414612,0.052749803645750576,0.05938535345830023,0.07339836847656868,0.10067605297855439,0.08568744399364575,0.042527439111993644,0.06864172931532962,0.059507406000000006,0.054992040297061145,0.06183306719301033,0.054952807003971406,0.06081334302462271,0.055910123998411436,0.07651169755996823,0.061453301329626675,0.06575405528514695,0.05871529217791898,0.06612898447498014,0.058695612077839555,0.04884528662589355,0.0683936069753773,0.07408874987926925,0.07052962892930896,0.05732882874821288
Fun  ,0.06395065220174741,0.05496043934074662,0.05214429674185863,0.03807127669420176,0.04365288706592533,0.06562327693566321,0.09704446381413824,0.09692930128038123,0.07460873680381255,0.08311295934868942,0.060764996894360594,0.05961341135027798,0.0660418044638602,0.09092206947259733,0.07830720757585387,0.0758665623923749,0.08714810343764895,0.1119305962335187,0.11625349916123906,0.10112763062112788,0.09600400266719618,0.08088557539952342,0.1109885535059571,0.07696882476250992,0.10624909166957902,0.06709817123907864,0.07357448009849087,0.09749654143923749,0.13303636090548052,0.10653337095154884,0.05152191987450358,0.08691480632883239,0.07898692193328036,0.07114325901032564,0.07829647195869736,0.07076945418427326,0.07750249638443207,0.07019012418903892,0.09829354845750597,0.07880225205242257,0.0856272508054011,0.0745562071898332,0.08694132649245433,0.07723935276092136,0.06260903166163621,0.08695802235266081,0.09162867731374104,0.0919570548228753,0.07299202185385224
Books,0.07730997168546466,0.06442494913423354,0.0612580251056394,0.04331280423193009,0.05226020125178712,0.07405124323431292,0.09692930128038123,0.15784961413185067,0.09081462587450359,0.09786366427323273,0.07190811367752183,0.06901830366957903,0.07621583142176327,0.10681314793963465,0.09550933192057189,0.09253832892136615,0.10225003857664813,0.13208491501826844,0.13501125101191425,0.11779406067672757,0.1150389069483717,0.09477412041938045,0.13205365879586975,0.09184032900397143,0.12942569225734704,0.080276698776807,0.07936829895472598,0.1064722296997617,0.1520352311993646,0.12288804671008735,0.06214681359173948,0.10437017131691817,0.09359279239396345,0.08501972211596505,0.0907177717680699,0.083837008076251,0.08980572251628274,0.08234147312470214,0.11735959914853059,0.0919084963494837,0.10121878197299441,0.08801465622875296,0.10267795925655282,0.08999729853534552,0.07624096374265289,0.10504790458459093,0.11102902142017476,0.10804150709451946,0.08455810089277203
Hshld,0.06091808708181098,0.04932367099285147,0.04759774535663225,0.034231157747418584,0.03964887203177124,0.05788690808260522,0.07460873680381255,0.09081462587450359,0.08139380709134234,0.07751679138999208,0.055505639412231945,0.05387343064336775,0.058484945289912625,0.0838224535567911,0.07393981271167592,0.07080073440508339,0.07967210804130262,0.10234765804924542,0.10583175062112783,0.09187603092613184,0.08863596511834787,0.07408438845432884,0.10124914928673553,0.07198411673391579,0.09839514867037331,0.059916833153296274,0.06646611478316124,0.08738673774106431,0.11792405912629068,0.09625359700079428,0.04761838706592534,0.07800784758061954,0.07036319000158858,0.06468642695154883,0.07074377573312153,0.06446241058300238,0.06951035468149322,0.06466338240826053,0.08863549727084988,0.07118970409213662,0.07855338464813347,0.06859791222875296,0.07897720150277995,0.06951948936298649,0.05799492701826846,0.07864855755043686,0.08448987291818903,0.08269099303891977,0.0662999020587768
Clths,0.06402199928514694,0.05519055391580618,0.05262791906274822,0.03976189911040507,0.045875940969023046,0.06473316649722002,0.08311295934868942,0.09786366427323273,0.07751679138999208,0.10276173944400314,0.060579201000794274,0.05906351661636218,0.06455202042891184,0.0919945005083399,0.08083735331215249,0.07724843526608419,0.086906786878475,0.11702182686258938,0.11661453509134234,0.10373090948371723,0.09796634092136616,0.08190516378077843,0.11202963688641779,0.08075789029388403,0.1102555231135822,0.06641305822081017,0.07034000619539316,0.0944503989833201,0.13171240206513107,0.10470373963463066,0.05310999817315328,0.0858941166957903,0.07811638212867354,0.0712187831135822,0.07915920508339952,0.07214812957903095,0.07764826093725176,0.07128308513105641,0.09832650786338365,0.0795169862271644,0.08769830579825258,0.07613926535345512,0.09266572916600478,0.07948604262112786,0.061642650532168365,0.08756836954725973,0.09261526142970615,0.09156553272438443,0.07278961809372518
Hlth ,0.051142501723590146,0.0423998814217633,0.040253128109610806,0.030207301167593317,0.03477531218427321,0.047659047061159636,0.060764996894360594,0.07190811367752183,0.055505639412231945,0.060579201000794274,0.05753212809372517,0.04870442432883241,0.0530362499285147,0.06888285343129466,0.06001551306592532,0.05629045742652897,0.06470653148530581,0.082039108395552,0.08743687302621125,0.07727975755361396,0.0726861540667196,0.06160981088165213,0.08114995691818903,0.05895222230341542,0.08135261539316917,0.051377396322478154,0.05700062857823668,0.07207082293884035,0.09928584732327242,0.0824213353296267,0.04176633133439237,0.06485450373312152,0.06030002966640188,0.05443743899126291,0.05910292087370928,0.05398178258141381,0.05829236611596506,0.054727938006354254,0.07246738517871328,0.05909309204924544,0.06335168303415407,0.057498084813343925,0.062486179547259726,0.055210703169181884,0.04584952099285148,0.06652685319301031,0.067647905949166,0.06727645017474186,0.05509947312946782
MedEq,0.05069277867355045,0.04115670722001589,0.04089450250198569,0.029758826473391578,0.034649563844320885,0.04553451876886417,0.05961341135027798,0.06901830366957903,0.05387343064336775,0.05906351661636218,0.04870442432883241,0.053549112366957884,0.05313211934868944,0.06782563637013501,0.05845261708498809,0.054692069785544084,0.06321572649722002,0.0798566832962669,0.08571144100079427,0.0747735273073868,0.07128311282764098,0.06056878308181096,0.07856989162827642,0.05768783647339159,0.07849796144559174,0.051415889094519454,0.05552594616362192,0.07261439409054807,0.09929764474980139,0.08040815471008739,0.040708179436060365,0.06385750827640985,0.058093220230341545,0.053659135639396345,0.05855275382049246,0.053542957100873714,0.057633862160444804,0.05428662502779984,0.07023241815726765,0.05652699200158856,0.06204164115965053,0.05612229574265289,0.060948360738681484,0.0532177527640985,0.045053645313741064,0.06402201643367753,0.0656585903971406,0.06649718504368544,0.054340038181096124
Drugs,0.0552623026370135,0.04560557857029388,0.04469019274027005,0.03156527280381255,0.03865191745830024,0.051996559444003165,0.0660418044638602,0.07621583142176327,0.058484945289912625,0.06455202042891184,0.0530362499285147,0.05313211934868944,0.06675147936457505,0.0753358833836378,0.06408723722001589,0.058798125845909446,0.06910896238284352,0.08838987302621132,0.09391017922160445,0.08175560606830817,0.07827800840349484,0.06680721693407464,0.08623609134233517,0.06343566509928515,0.08564841626687845,0.0574876434471803,0.06138975269261316,0.080178509070691,0.10684218605242256,0.08859727329626688,0.04449187401111994,0.07111436597299442,0.06312212392374898,0.059087456473391586,0.06486784108022242,0.05890961199364575,0.06401673693407467,0.05962533602859413,0.07767425623510721,0.06264330057188244,0.06826108880063543,0.06155633490071485,0.06726543693407466,0.059159609737887205,0.04905233409054804,0.06963391467831613,0.07162801396346305,0.07263945536139796,0.05950891496425733
Chems,0.07676653592216046,0.061783925361397915,0.060280507572676736,0.04511435894678315,0.05241850478792692,0.07180239312629072,0.09092206947259733,0.10681314793963465,0.0838224535567911,0.0919945005083399,0.06888285343129466,0.06782563637013501,0.0753358833836378,0.11973265121366163,0.09080783461000792,0.08262609086258937,0.09787763806513103,0.12774881084511513,0.13996218329785545,0.12016435213343922,0.11388736469737888,0.09456710265607622,0.12575158204289122,0.09067652029229546,0.12226527253057984,0.07659754119936457,0.09975545319459891,0.12155265996505164,0.17054762225575845,0.13385945706433675,0.06346956276886419,0.09815684665925337,0.08608179258300235,0.08030948038284351,0.08908513228594123,0.08251840569817315,0.08879926901032566,0.08122773815885621,0.10976881350595712,0.09184013369499601,0.0961561846322478,0.08623013521525016,0.0944813619078634,0.08358097240508339,0.06879156958379665,0.09877875293566325,0.10325581996346309,0.1029014309023034,0.08185088471961875
Rubbr,0.06508202271485304,0.05458075500397141,0.05163034824622716,0.0380961238141382,0.0450428089785544,0.06233228763939634,0.07830720757585387,0.09550933192057189,0.07393981271167592,0.08083735331215249,0.06001551306592532,0.05845261708498809,0.06408723722001589,0.09080783461000792,0.0987058463717236,0.07350218550277998,0.08517346666560766,0.105981370025417,0.11539552743129464,0.10077994628117552,0.09650850046227161,0.08081962745988881,0.10810808461953927,0.07829195366481333,0.10641603376330419,0.06523043390786337,0.07026441025893564,0.09227227679745828,0.12895038206513101,0.10600242996981729,0.05428518554249404,0.08409210649086579,0.07619920365845907,0.06999902308657666,0.07720440403812548,0.0701087752359015,0.07567101122478155,0.07005745509610802,0.0959169947037331,0.07831520770929307,0.08420402045750595,0.07420964774265287,0.08251074836060364,0.07161978258459097,0.06164223496266877,0.08625038533598094,0.08960315715806194,0.08883289993486894,0.07098683863860206
Txtls,0.061819142662430514,0.04973341018268465,0.046492478846703746,0.03456093501826846,0.041025156263701346,0.05920991425893566,0.0758665623923749,0.09253832892136615,0.07080073440508339,0.07724843526608419,0.05629045742652897,0.054692069785544084,0.058798125845909446,0.08262609086258937,0.07350218550277998,0.10812349953296271,0.08171359638443208,0.10403112739316919,0.10625943553931692,0.0920467034090548,0.08890627261953929,0.07287793706751387,0.10037159344241461,0.06997034215726769,0.09996911430659253,0.06208739982525814,0.06869931007466243,0.08811558350436852,0.11834363669579033,0.09824930758379663,0.04723115047815727,0.07756251082446386,0.0703186498522637,0.06358405239396346,0.06940745624781573,0.06389456945830024,0.06865213795710882,0.06480617436378079,0.091763002675139,0.07136159657188246,0.07868099569817315,0.06854410255123111,0.07800894738999205,0.06943649801111994,0.05610014653852264,0.0794785687466243,0.08531647878316118,0.08045097884988084,0.06521875320413026
BldMt,0.07169621479586975,0.05810342949960284,0.05451874123272439,0.040511607698173156,0.046791148994440035,0.06728399084034949,0.08714810343764895,0.10225003857664813,0.07967210804130262,0.086906786878475,0.06470653148530581,0.06321572649722002,0.06910896238284352,0.09787763806513103,0.08517346666560766,0.08171359638443208,0.10196026718983321,0.12122574501350278,0.1270842743256553,0.11076287879904687,0.10507415410007945,0.0874240138141382,0.11639098568387606,0.08411047665131054,0.1158166867100874,0.07113583534551232,0.0812950552946783,0.10534870936298647,0.14718818440031767,0.11747333686417791,0.05676039115806196,0.09075635691183483,0.0824246790119142,0.07564002045750594,0.08278707194916599,0.07483029808737092,0.08144656933439236,0.07557200800317714,0.10336940097855439,0.08473127488165212,0.09058035181572675,0.08018170202382839,0.09023487967911041,0.07845737296584589,0.06627395198411436,0.09226442076886418,0.09764825643526608,0.09714773117394757,0.07680957925019857
Cnstr,0.09140689918824463,0.07431153034948372,0.06813841445750596,0.050912531852263694,0.056541743402700545,0.08484505806036535,0.1119305962335187,0.13208491501826844,0.10234765804924542,0.11702182686258938,0.082039108395552,0.0798566832962669,0.08838987302621132,0.12774881084511513,0.105981370025417,0.10403112739316919,0.12122574501350278,0.2205720547275615,0.16705042995710884,0.14269021925972997,0.13500038471961875,0.1132642085559968,0.1508816447466243,0.10608893447498016,0.14742168364416205,0.08988941252581413,0.11512250334868944,0.13940407241302624,0.19742946368546466,0.15301658336139792,0.07188771408895948,0.1166251469356632,0.10522722977442414,0.09724648233995233,0.10550513350595707,0.09714379388562354,0.10535947950119143,0.09652927333280382,0.13435999473550433,0.10853069997299439,0.11761780247498016,0.10198873149166002,0.11886223903574263,0.10390969692930897,0.08824049011755364,0.12828107273868145,0.1266714893264496,0.12589687178554407,0.09956441525496426
Steel,0.0990904478189039,0.07927883448768862,0.07574495967911041,0.057112531243844314,0.06333049362351072,0.08914524810484507,0.11625349916123906,0.13501125101191425,0.10583175062112783,0.11661453509134234,0.08743687302621125,0.08571144100079427,0.09391017922160445,0.13996218329785545,0.11539552743129464,0.10625943553931692,0.1270842743256553,0.16705042995710884,0.19514087854487688,0.1588360769372518,0.14806356965528192,0.12137734990945195,0.15862774621763304,0.11559622054964257,0.15643877847815724,0.09700673936457506,0.13676944728196977,0.1633344173026211,0.23678269617156478,0.17721907280063537,0.08008287514217634,0.12316167677204129,0.10992694740905479,0.10199791620969019,0.115010320152502,0.10292731240349486,0.11354544169658459,0.10369706699602861,0.13840649078316125,0.1186117619920572,0.12293796311993647,0.11064656929626687,0.11965775528832405,0.10571429506910243,0.08532388406989673,0.12468491622239869,0.13151242147418585,0.1307503028149325,0.10544696097537727
FabPr,0.08938857054169977,0.06953859224781572,0.06550214879110405,0.049407651412231926,0.05584910892454327,0.07958923579984115,0.10112763062112788,0.11779406067672757,0.09187603092613184,0.10373090948371723,0.07727975755361396,0.0747735273073868,0.08175560606830817,0.12016435213343922,0.10077994628117552,0.0920467034090548,0.11076287879904687,0.14269021925972997,0.1588360769372518,0.18086001368705318,0.12856552235742652,0.10664163841779187,0.1386280926004766,0.10316499416679906,0.13854069772200156,0.08445238814932485,0.11177744516600475,0.13411920307545672,0.19686677645750592,0.15072577014138203,0.06929220053375697,0.1060849142239873,0.0962123834344718,0.08930968151231136,0.10097661637490069,0.09056739698808577,0.098308274573471,0.09051141654011119,0.12186214860047656,0.10293159750913426,0.10625988217950753,0.09700524828594125,0.10544685746147733,0.0920470900206513,0.07588043027164415,0.1079916915901509,0.1140895757648928,0.11464171935822079,0.09261688341858618
Mach ,0.08181559016521045,0.06589469087370929,0.06325758241620333,0.04657836379825258,0.05424306159173948,0.07516403786973788,0.09600400266719618,0.1150389069483717,0.08863596511834787,0.09796634092136616,0.0726861540667196,0.07128311282764098,0.07827800840349484,0.11388736469737888,0.09650850046227161,0.08890627261953929,0.10507415410007945,0.13500038471961875,0.14806356965528192,0.12856552235742652,0.12516109847656873,0.09967989494201744,0.1318275560730739,0.09619311900238281,0.13110359913264494,0.08101641924543289,0.10170645172041301,0.12529199660683077,0.1791028026528992,0.1409472373725178,0.06607121891818904,0.10284057498967435,0.09165605399999999,0.08539107393645753,0.09541293023351864,0.0861997863717236,0.09405485290865766,0.08660619560444799,0.11647402676092136,0.09643298106910246,0.10139576800317711,0.09131097825893568,0.10008446335663221,0.08775125446703734,0.07263232972041304,0.10371246964098492,0.10902501992216045,0.10916871513741065,0.08732417800317713
ElcEq,0.06722123500238285,0.0553005948054011,0.053891994703733126,0.038671309810961084,0.046147377620333586,0.06474073860841938,0.08088557539952342,0.09477412041938045,0.07408438845432884,0.08190516378077843,0.06160981088165213,0.06056878308181096,0.06680721693407464,0.09456710265607622,0.08081962745988881,0.07287793706751387,0.0874240138141382,0.1132642085559968,0.12137734990945195,0.10664163841779187,0.09967989494201744,0.09429909044638604,0.10913460531850674,0.08050412935980938,0.10898704124543286,0.06905904198570294,0.07853305167275614,0.10312701767116761,0.14594962853057988,0.11461004641143765,0.054547818481334394,0.08660113378236696,0.07683243071961875,0.07178736590627484,0.08015601959015092,0.07276532010484513,0.07944014560127084,0.07277720612867353,0.09647954617315328,0.07999939786814934,0.08517434555679108,0.07604286367593326,0.08308813010007941,0.07260203765210485,0.06160726470849879,0.08710368205559968,0.09121864379030976,0.09139587554249402,0.07359648028276408
Autos,0.08405321377601269,0.07290821499602859,0.06742069246703734,0.05153253129150118,0.058384487618745026,0.08565001870055601,0.1109885535059571,0.13205365879586975,0.10124914928673553,0.11202963688641779,0.08114995691818903,0.07856989162827642,0.08623609134233517,0.12575158204289122,0.10810808461953927,0.10037159344241461,0.11639098568387606,0.1508816447466243,0.15862774621763304,0.1386280926004766,0.1318275560730739,0.10913460531850674,0.16655692941064335,0.10542675303574264,0.14590063836695788,0.08883884568705323,0.10453703031612387,0.12967068259253373,0.1845950067355043,0.14594094145830025,0.07022451499920573,0.11492313815409053,0.10371265242891181,0.09452489875138997,0.10414207068467037,0.09475034180778394,0.10313821132327244,0.0952453035488483,0.13462411527879273,0.10683257103097694,0.11516364461318505,0.10075291293407466,0.11460175476409849,0.10140889606989675,0.08309487233042097,0.1164665606544877,0.12121611010007939,0.12101240999523431,0.09769319441461476
Aero ,0.06455927718506749,0.0540047046544877,0.053109671250198554,0.039942443132644945,0.045983234700556,0.0616967823796664,0.07696882476250992,0.09184032900397143,0.07198411673391579,0.08075789029388403,0.05895222230341542,0.05768783647339159,0.06343566509928515,0.09067652029229546,0.07829195366481333,0.06997034215726769,0.08411047665131054,0.10608893447498016,0.11559622054964257,0.10316499416679906,0.09619311900238281,0.08050412935980938,0.10542675303574264,0.09391289802065134,0.10446579413502782,0.06832233896743448,0.07372698169340743,0.09439237831294679,0.1331029212073074,0.10684245342652898,0.05511273491342334,0.08329924300555995,0.0746934096838761,0.06918104761874504,0.0766940863288324,0.06963059738204923,0.07523022759650516,0.06931202811119935,0.09413084303733121,0.07860333352819698,0.08356185120889596,0.07370947076727563,0.08256615205083398,0.07207578215091341,0.05879004738363781,0.08541498666878475,0.0872045557299444,0.08866408125178712,0.07053913775377282
Ships,0.08943222221763301,0.07189167766481333,0.06855241879904685,0.05085360618586179,0.0595127071771247,0.08288928242414612,0.10624909166957902,0.12942569225734704,0.09839514867037331,0.1102555231135822,0.08135261539316917,0.07849796144559174,0.08564841626687845,0.12226527253057984,0.10641603376330419,0.09996911430659253,0.1158166867100874,0.14742168364416205,0.15643877847815724,0.13854069772200156,0.13110359913264494,0.10898704124543286,0.14590063836695788,0.10446579413502782,0.17569912012073075,0.08976811242255757,0.10192831690548054,0.13092599484670375,0.18172701375694988,0.14500125859253374,0.07042285640349483,0.11207977509769661,0.10244948651628275,0.0938855865957109,0.10376198959173948,0.09377596777442414,0.10167848867990467,0.09416688238602064,0.1281347026274821,0.10451778475297852,0.11464993349007147,0.10033451335345514,0.11307617655599679,0.09859703656552816,0.08106742844479745,0.11418809506910246,0.11759958416838762,0.11859878555361397,0.09637813909769657
Guns ,0.057260418054011115,0.0464383330976966,0.044642205710881656,0.03306918254964257,0.04102893820492454,0.052749803645750576,0.06709817123907864,0.080276698776807,0.059916833153296274,0.06641305822081017,0.051377396322478154,0.051415889094519454,0.0574876434471803,0.07659754119936457,0.06523043390786337,0.06208739982525814,0.07113583534551232,0.08988941252581413,0.09700673936457506,0.08445238814932485,0.08101641924543289,0.06905904198570294,0.08883884568705323,0.06832233896743448,0.08976811242255757,0.09864137219221603,0.06378099928514691,0.08224349416997617,0.11034988538522635,0.08967060614773631,0.04613398911040508,0.07299577382049245,0.06472681799046862,0.059684468236695785,0.06501005005559968,0.05966760563145353,0.06408758883240666,0.05998890196187452,0.08055656411437646,0.06601416313741063,0.07130096328832405,0.062485194868943605,0.06910712987291501,0.06058068818903892,0.05061641270055599,0.07186541765687052,0.07467500760127081,0.07543662617156473,0.06016325322478158
Gold ,0.06807701623828435,0.04997326120730738,0.049779501442414616,0.04073643186338361,0.042800172797458284,0.05938535345830023,0.07357448009849087,0.07936829895472598,0.06646611478316124,0.07034000619539316,0.05700062857823668,0.05552594616362192,0.06138975269261316,0.09975545319459891,0.07026441025893564,0.06869931007466243,0.0812950552946783,0.11512250334868944,0.13676944728196977,0.11177744516600475,0.10170645172041301,0.07853305167275614,0.10453703031612387,0.07372698169340743,0.10192831690548054,0.06378099928514691,0.29926936953772826,0.16259145615885617,0.20073977455123113,0.14481811546942022,0.055529320384432077,0.07861769678792693,0.06579314658300238,0.06481785752819698,0.07431373009690229,0.0665243195520254,0.07431271728038126,0.06712709466878473,0.09023931534233516,0.07687078515329629,0.071297981324861,0.0706890813534551,0.07042074693248611,0.06281920674503574,0.04608308664336776,0.07647345674662427,0.0808482833010326,0.08258321029706119,0.0681616979412232
Mines,0.0868550214392375,0.06528175202541701,0.06484703311199365,0.04830632124543289,0.05209215222875297,0.07339836847656868,0.09749654143923749,0.1064722296997617,0.08738673774106431,0.0944503989833201,0.07207082293884035,0.07261439409054807,0.080178509070691,0.12155265996505164,0.09227227679745828,0.08811558350436852,0.10534870936298647,0.13940407241302624,0.1633344173026211,0.13411920307545672,0.12529199660683077,0.10312701767116761,0.12967068259253373,0.09439237831294679,0.13092599484670375,0.08224349416997617,0.16259145615885617,0.18725461333756951,0.2207572523272439,0.16365415790945187,0.06608241632406672,0.10225487898967432,0.08805417866878473,0.08543926921683878,0.09563999632724385,0.08589358129308972,0.09591621344559174,0.08767311741382049,0.11354480162668784,0.09763485072597299,0.09825289549166005,0.0919771530039714,0.09591574121048453,0.0862301024432089,0.06749462928673551,0.0996130301763304,0.10392436162668785,0.10849936113741063,0.08832187557108817
Coal ,0.1194518591421763,0.0909882220969023,0.0859058736616362,0.06526856592533758,0.07589531396346305,0.10067605297855439,0.13303636090548052,0.1520352311993646,0.11792405912629068,0.13171240206513107,0.09928584732327242,0.09929764474980139,0.10684218605242256,0.17054762225575845,0.12895038206513101,0.11834363669579033,0.14718818440031767,0.19742946368546466,0.23678269617156478,0.19686677645750592,0.1791028026528992,0.14594962853057988,0.1845950067355043,0.1331029212073074,0.18172701375694988,0.11034988538522635,0.20073977455123113,0.2207572523272439,0.39664046948371734,0.24620361598093723,0.09773801065925336,0.142085543923749,0.12242769183478953,0.11685194066719619,0.13351355164416204,0.11788810123907856,0.1325621373788721,0.1193750102779984,0.16092239170770456,0.13896862997617154,0.1367808005401112,0.12776382284352658,0.1326619089277204,0.11789189193010323,0.09338652455917394,0.14072500725972997,0.14875891683876094,0.14922410349483722,0.1226756214932486
Oil  ,0.09518377790945191,0.07297181714058774,0.07097578533121528,0.05310622256711676,0.06429765285464652,0.08568744399364575,0.10653337095154884,0.12288804671008735,0.09625359700079428,0.10470373963463066,0.0824213353296267,0.08040815471008739,0.08859727329626688,0.13385945706433675,0.10600242996981729,0.09824930758379663,0.11747333686417791,0.15301658336139792,0.17721907280063537,0.15072577014138203,0.1409472373725178,0.11461004641143765,0.14594094145830025,0.10684245342652898,0.14500125859253374,0.08967060614773631,0.14481811546942022,0.16365415790945187,0.24620361598093723,0.20198275411596497,0.08134506594757746,0.11519014108975381,0.09918018102938839,0.09420378007625098,0.10675065828752979,0.09516546691977762,0.1059872040285941,0.09657091189515488,0.12837089028752977,0.10946735288006355,0.10795908569976173,0.1023804808641779,0.10481493162509926,0.09297286624622719,0.07721459007783957,0.11474555913264498,0.1222021217251787,0.11937092262748211,0.09883560955996823
Util ,0.04516292767434471,0.03855331103256553,0.03921559569340746,0.030069199029388424,0.036121014691024626,0.042527439111993644,0.05152191987450358,0.06214681359173948,0.04761838706592534,0.05310999817315328,0.04176633133439237,0.040708179436060365,0.04449187401111994,0.06346956276886419,0.05428518554249404,0.04723115047815727,0.05676039115806196,0.07188771408895948,0.08008287514217634,0.06929220053375697,0.06607121891818904,0.054547818481334394,0.07022451499920573,0.05511273491342334,0.07042285640349483,0.04613398911040508,0.055529320384432077,0.06608241632406672,0.09773801065925336,0.08134506594757746,0.049830594076251,0.05836966250039714,0.05082689170293885,0.04721632812867356,0.051145825763304203,0.04765393550277998,0.05038836056235106,0.04650075845432882,0.0645863465194599,0.055798867096108005,0.05518942700873709,0.050449188762509936,0.054656296865766466,0.047134157256552824,0.04032558722954725,0.06188027040667199,0.05996540908498808,0.060729778937251795,0.04914147073391581
Telcm,0.06945354542335183,0.058801162922954724,0.058308417531374106,0.04172321543447181,0.0495247610039714,0.06864172931532962,0.08691480632883239,0.10437017131691817,0.07800784758061954,0.0858941166957903,0.06485450373312152,0.06385750827640985,0.07111436597299442,0.09815684665925337,0.08409210649086579,0.07756251082446386,0.09075635691183483,0.1166251469356632,0.12316167677204129,0.1060849142239873,0.10284057498967435,0.08660113378236696,0.11492313815409053,0.08329924300555995,0.11207977509769661,0.07299577382049245,0.07861769678792693,0.10225487898967432,0.142085543923749,0.11519014108975381,0.05836966250039714,0.10071552129626686,0.08243321678792691,0.07552694552501985,0.08372058578554407,0.07642481705480539,0.08241929533915807,0.07489872141064334,0.10321708294837172,0.08262407702621125,0.09028551172041303,0.07940241964098492,0.09025593319777601,0.07930770921683876,0.06593231222239873,0.09376692575694996,0.09739807363939636,0.09751293401747414,0.07659600341223194
PerSv,0.062653433847498,0.053332878181096104,0.05131574788403497,0.03720920421445593,0.04342362639555203,0.059507406000000006,0.07898692193328036,0.09359279239396345,0.07036319000158858,0.07811638212867354,0.06030002966640188,0.058093220230341545,0.06312212392374898,0.08608179258300235,0.07619920365845907,0.0703186498522637,0.0824246790119142,0.10522722977442414,0.10992694740905479,0.0962123834344718,0.09165605399999999,0.07683243071961875,0.10371265242891181,0.0746934096838761,0.10244948651628275,0.06472681799046862,0.06579314658300238,0.08805417866878473,0.12242769183478953,0.09918018102938839,0.05082689170293885,0.08243321678792691,0.0913102577585385,0.06867623925178715,0.0744456880794281,0.06874282589833201,0.073278035771247,0.06767645877521841,0.0932825944050834,0.07437894320730738,0.08134411462112785,0.07211284982049246,0.08271153237331216,0.07156499431453535,0.05952612085305798,0.0836947122748213,0.08844387565210485,0.08720331087688642,0.0682071599666402
BusSv,0.05803059386338362,0.04877582869737887,0.046856121180301843,0.033725812236695796,0.03896831116123907,0.054992040297061145,0.07114325901032564,0.08501972211596505,0.06468642695154883,0.0712187831135822,0.05443743899126291,0.053659135639396345,0.059087456473391586,0.08030948038284351,0.06999902308657666,0.06358405239396346,0.07564002045750594,0.09724648233995233,0.10199791620969019,0.08930968151231136,0.08539107393645753,0.07178736590627484,0.09452489875138997,0.06918104761874504,0.0938855865957109,0.059684468236695785,0.06481785752819698,0.08543926921683878,0.11685194066719619,0.09420378007625098,0.04721632812867356,0.07552694552501985,0.06867623925178715,0.06630802989515489,0.06906988836536936,0.06342380685146942,0.06829762239555202,0.06316355874344719,0.08408039545353453,0.06915092025258143,0.0741435828339952,0.06632944422875296,0.07383705597934867,0.06467251674503571,0.05364687076568705,0.07621280785861798,0.07842399900397143,0.07987848919301034,0.06357330619380461
Hardw,0.06473614347577442,0.05256177625099284,0.05240174901032566,0.037067119653693394,0.04387529414455918,0.06183306719301033,0.07829647195869736,0.0907177717680699,0.07074377573312153,0.07915920508339952,0.05910292087370928,0.05855275382049246,0.06486784108022242,0.08908513228594123,0.07720440403812548,0.06940745624781573,0.08278707194916599,0.10550513350595707,0.115010320152502,0.10097661637490069,0.09541293023351864,0.08015601959015092,0.10414207068467037,0.0766940863288324,0.10376198959173948,0.06501005005559968,0.07431373009690229,0.09563999632724385,0.13351355164416204,0.10675065828752979,0.051145825763304203,0.08372058578554407,0.0744456880794281,0.06906988836536936,0.08649338904527402,0.071631444101668,0.07870781225099285,0.07095689735663224,0.09257603553931687,0.07641896248768865,0.0812625340047657,0.07292024341223194,0.08151866101032564,0.07154622092772041,0.05812569384908658,0.08244173219698174,0.08525315479269259,0.08838217384908659,0.07027087695949165
Softw,0.058943843620333586,0.048506747696584585,0.047599659667990464,0.03505137020015884,0.039432796111199375,0.054952807003971406,0.07076945418427326,0.083837008076251,0.06446241058300238,0.07214812957903095,0.05398178258141381,0.053542957100873714,0.05890961199364575,0.08251840569817315,0.0701087752359015,0.06389456945830024,0.07483029808737092,0.09714379388562354,0.10292731240349486,0.09056739698808577,0.0861997863717236,0.07276532010484513,0.09475034180778394,0.06963059738204923,0.09377596777442414,0.05966760563145353,0.0665243195520254,0.08589358129308972,0.11788810123907856,0.09516546691977762,0.04765393550277998,0.07642481705480539,0.06874282589833201,0.06342380685146942,0.071631444101668,0.0683872744892772,0.07022573157426529,0.06366666427799839,0.08492513614932481,0.06911295881334392,0.07464489594598889,0.06660062474027005,0.07443094801111994,0.06504388123431293,0.05380590927561554,0.07626405415250197,0.0793870023367752,0.08097712719459887,0.06353095060047656
Chips,0.06426018928355838,0.05188326552819699,0.051240427872914995,0.03646803108181097,0.04203109507863382,0.06081334302462271,0.07750249638443207,0.08980572251628274,0.06951035468149322,0.07764826093725176,0.05829236611596506,0.057633862160444804,0.06401673693407467,0.08879926901032566,0.07567101122478155,0.06865213795710882,0.08144656933439236,0.10535947950119143,0.11354544169658459,0.098308274573471,0.09405485290865766,0.07944014560127084,0.10313821132327244,0.07523022759650516,0.10167848867990467,0.06408758883240666,0.07431271728038126,0.09591621344559174,0.1325621373788721,0.1059872040285941,0.05038836056235106,0.08241929533915807,0.073278035771247,0.06829762239555202,0.07870781225099285,0.07022573157426529,0.08071644987450356,0.07019026382525813,0.09093282610961077,0.07483717451628277,0.08033640732009532,0.0720335536203336,0.07968541632724384,0.07025608953455122,0.05722321838602065,0.0807410513328038,0.08455529023987292,0.08656306264336773,0.06909965693089754
LabEq,0.0586337191850675,0.04796734626687848,0.04633081552501986,0.03423020745512311,0.03855768428276409,0.055910123998411436,0.07019012418903892,0.08234147312470214,0.06466338240826053,0.07128308513105641,0.054727938006354254,0.05428662502779984,0.05962533602859413,0.08122773815885621,0.07005745509610802,0.06480617436378079,0.07557200800317714,0.09652927333280382,0.10369706699602861,0.09051141654011119,0.08660619560444799,0.07277720612867353,0.0952453035488483,0.06931202811119935,0.09416688238602064,0.05998890196187452,0.06712709466878473,0.08767311741382049,0.1193750102779984,0.09657091189515488,0.04650075845432882,0.07489872141064334,0.06767645877521841,0.06316355874344719,0.07095689735663224,0.06366666427799839,0.07019026382525813,0.06920033833042097,0.08436215516759331,0.06867899569340746,0.07400544326290706,0.06662057455440826,0.07272616344559173,0.06446321070849881,0.053131687302621126,0.07491460885941226,0.07772484060841937,0.0795025625051628,0.06413767999841144
Paper,0.07868582381890389,0.06570273669579031,0.060539904505162834,0.04505297824622716,0.05433092522954727,0.07651169755996823,0.09829354845750597,0.11735959914853059,0.08863549727084988,0.09832650786338365,0.07246738517871328,0.07023241815726765,0.07767425623510721,0.10976881350595712,0.0959169947037331,0.091763002675139,0.10336940097855439,0.13435999473550433,0.13840649078316125,0.12186214860047656,0.11647402676092136,0.09647954617315328,0.13462411527879273,0.09413084303733121,0.1281347026274821,0.08055656411437646,0.09023931534233516,0.11354480162668784,0.16092239170770456,0.12837089028752977,0.0645863465194599,0.10321708294837172,0.0932825944050834,0.08408039545353453,0.09257603553931687,0.08492513614932481,0.09093282610961077,0.08436215516759331,0.134468232305004,0.09722787853534548,0.10241674091818899,0.08934795368387609,0.10206208863860204,0.08915075920889597,0.07528039738522635,0.10708995878316127,0.10961217846862588,0.10961822038760921,0.08656144882922955
Boxes,0.06401442217156474,0.05500958679110405,0.052114670822875304,0.03684497118824464,0.047020164282764086,0.061453301329626675,0.07880225205242257,0.0919084963494837,0.07118970409213662,0.0795169862271644,0.05909309204924544,0.05652699200158856,0.06264330057188244,0.09184013369499601,0.07831520770929307,0.07136159657188246,0.08473127488165212,0.10853069997299439,0.1186117619920572,0.10293159750913426,0.09643298106910246,0.07999939786814934,0.10683257103097694,0.07860333352819698,0.10451778475297852,0.06601416313741063,0.07687078515329629,0.09763485072597299,0.13896862997617154,0.10946735288006355,0.055798867096108005,0.08262407702621125,0.07437894320730738,0.06915092025258143,0.07641896248768865,0.06911295881334392,0.07483717451628277,0.06867899569340746,0.09722787853534548,0.09855168142811756,0.08404876113423351,0.07332619415726768,0.08281654064972198,0.07234016398888007,0.059884232862589336,0.08690297535663222,0.08820606416679905,0.09029660754090546,0.07018490616203336
