,Agric,Food ,Soda ,Beer ,Smoke,Toys ,Fun  ,Books,Hshld,Clths,Hlth ,MedEq,Drugs,Chems,Rubbr,Txtls,BldMt,Cnstr,Steel,FabPr,Mach ,ElcEq,Autos,Aero ,Ships,Guns ,Gold ,Mines,Coal ,Oil  ,Util ,Telcm,PerSv,BusSv,Hardw,Softw,Chips,LabEq,Paper,Boxes,Trans,Whlsl,Rtail,Meals,Banks,Insur,RlEst,Fin  ,Other
Agric,0.10776731828276409,0.04399892242891184,0.04241663105162827,0.030022014878474973,0.039092771382049245,0.047351527871326446,0.06268321846227164,0.07614294475774426,0.05999880105003972,0.06265765498014296,0.0498048534598888,0.049573323393169166,0.054091866355837966,0.07493878416679904,0.06325046343764891,0.060615622733915804,0.06965863325019855,0.08957435154408261,0.09745145871326448,0.08885637933915808,0.07994584004606829,0.0657345702811755,0.08176194487529787,0.06305575152978554,0.08678526570135028,0.0552484372406672,0.06659528386814932,0.08538759256076249,0.11706143821604452,0.09244138523272438,0.04497314575694996,0.06814152002382844,0.060901088775218416,0.05669044708975378,0.06306067919142175,0.05767011160921368,0.06277195679745828,0.05714753755679111,0.0773452638649722,0.06310967860047656,0.06736613662112788,0.061253767753772836,0.06607688841620334,0.05760395221445591,0.04941122119777601,0.0679681271612391,0.07092548093884034,0.07336843124225577,0.058955244546465446
Food ,0.04399892242891184,0.045061725081810965,0.03901859144876888,0.027803697801429703,0.03387018086576648,0.04198602780778397,0.054346086452740264,0.06352065422557586,0.04887023706274823,0.05456140487688642,0.041888938305003974,0.040666217118347885,0.0451716411771247,0.061182483213661626,0.05379880068943607,0.04838765363145352,0.05688568085941224,0.07312695727879269,0.07864730964257349,0.06952385342970611,0.06506850030023831,0.054730795666401905,0.0717260703240667,0.05345390250675138,0.07051903572517872,0.045300578193804605,0.049419939992057196,0.0647980366115965,0.0900985215361398,0.07170032127720412,0.0388304017378872,0.05816394984114374,0.0524068017220016,0.04821927064813343,0.051671990883240676,0.04783857292772041,0.05113168566163621,0.047177246976965834,0.06525145962351073,0.05508521818745035,0.056923765358220794,0.05066861736457505,0.056787992022239886,0.04995377923590152,0.04161130221445593,0.06004754835266086,0.06034924518030182,0.0617858299872915,0.049017173220015885
Soda ,0.04241663105162827,0.03901859144876888,0.07559716290865766,0.030061405938046064,0.03388308486894362,0.04354412262907069,0.05219661646703731,0.061325392859412256,0.047882563070691025,0.05246303140587768,0.040418819553613976,0.04079912128355837,0.044806329027799845,0.06066290400158858,0.05192401722319302,0.046056894841938034,0.05406642923431295,0.06819874646703732,0.07605412984908658,0.06634047692136616,0.06323135885146942,0.053851034719618725,0.0670976066830818,0.05332715301667991,0.06828121303733121,0.04422102055440826,0.04979292720413026,0.06518906437013504,0.08582055965210486,0.07028047649245434,0.03985080928038125,0.05854939903891977,0.0512456491056394,0.04695378506592533,0.052284506406671954,0.04765755999046863,0.05133861758856236,0.0462578122573471,0.06082392209531374,0.052982732624305,0.05495419640826052,0.05027474645432882,0.055368815844320886,0.04922464220333598,0.039994521798252594,0.058202271428117555,0.05907092098967433,0.06031584656235107,0.046831001343923755
Beer ,0.030022014878474973,0.027803697801429703,0.030061405938046064,0.05296232623351866,0.026282510071485302,0.03251863683876092,0.03746787124384431,0.04266471706115965,0.033748238243050024,0.03896589315329626,0.029606198732327244,0.02925334888641779,0.031125786106433677,0.044430850900714844,0.037273110462271636,0.03314127509769657,0.03938050562986498,0.0494233319110405,0.056556769467831614,0.04897016771405877,0.04587219603812549,0.03789770793963463,0.05051472182049246,0.039338709439237486,0.049398511971405865,0.03163562862907069,0.04041736125496424,0.047867686192216055,0.06461250557267673,0.052039536546465454,0.030309401772835583,0.041154814027005576,0.03668118413979348,0.033219484355837964,0.03621019871961873,0.034450890916600474,0.035796642725972994,0.03342570892454329,0.04458599943129468,0.03683060096266879,0.03992863746147737,0.036495180705321685,0.039307934093725176,0.035437719119936456,0.027704313321683875,0.04185185946306592,0.04244984373947577,0.04246830732009531,0.03482007721683876
Smoke,0.039092771382049245,0.03387018086576648,0.03388308486894362,0.026282510071485302,0.0742597119539317,0.03616593678316125,0.04369420503574264,0.05190066077045272,0.03981572593328037,0.04568951245432882,0.034707913002382844,0.03429673849086577,0.03829259536934076,0.05233619713264494,0.04456229647339158,0.04032628556791104,0.0460569456155679,0.055909873193010315,0.0636857050675139,0.05641861860206511,0.05420372666401905,0.04580763358220811,0.05777872305798251,0.045760980174741867,0.0586354714297061,0.04012662866560762,0.04288867492454329,0.05204594254964256,0.0755681048689436,0.06340609194598888,0.036639843637807784,0.0491910502065131,0.043303325274027,0.038730733891977766,0.04372948010325656,0.039422293550436846,0.04193344590945194,0.03840760101667989,0.0545044811517077,0.04820993300238284,0.0467445990548054,0.04186507894360603,0.04619202330420969,0.038849545170770446,0.03458245782366958,0.05180102684670373,0.04964926431294678,0.05155279670373313,0.039532133963463084
Toys ,0.047351527871326446,0.04198602780778397,0.04354412262907069,0.03251863683876092,0.03616593678316125,0.08389613324066718,0.06522351559968229,0.07365591063542493,0.057460492748212876,0.06421916999205719,0.04724823822875298,0.044968182176330404,0.05154136008737092,0.07112171400317711,0.061740618919777585,0.058368767172359004,0.06617322728355836,0.08409713414614771,0.08866511428117554,0.08026960478157268,0.07446748334392375,0.06411164327243846,0.08469019751389993,0.06100156733915804,0.0818115377839555,0.05144713359015091,0.059117259499602844,0.07326207158856235,0.09965944328038126,0.08470696543288324,0.04263891467831612,0.06822170652104843,0.05872271310563937,0.054538735496425725,0.060796320881652086,0.05440173863383638,0.06017311971405876,0.05507524505162828,0.07611830706115966,0.06166119563939634,0.06506039306592534,0.058201056624305,0.06567714641779189,0.05829766912629069,0.048501057474185864,0.06805356050833997,0.07333580555202543,0.07011361794281172,0.05708036729150118
Fun  ,0.06268321846227164,0.054346086452740264,0.05219661646703731,0.03746787124384431,0.04369420503574264,0.06522351559968229,0.09630886595075455,0.09607906146147736,0.07402604924225574,0.08208172146147735,0.059960131682287525,0.05884250828911835,0.06533790312629072,0.09009836405718825,0.0772423767307387,0.07452396755837964,0.08538816879745835,0.11071928197934867,0.11519994481334397,0.10123452030500399,0.09494718230659252,0.0800853688260524,0.10913473941540904,0.07604240115011911,0.10433148225893564,0.06549588628117553,0.07319949135822079,0.09693371467196187,0.13187560757108818,0.10483794292613186,0.05179615322001589,0.08620240989674344,0.07760955194916601,0.0704461800381255,0.07714318935345511,0.06991126211914217,0.0765391605274027,0.06904789864336774,0.09764774753613978,0.0788305091056394,0.08453585975218425,0.07367206677998413,0.0861634220873709,0.07653670719936456,0.06208029161556792,0.08617591543129467,0.09099162579507546,0.09130894704686257,0.07242553883399522
Books,0.07614294475774426,0.06352065422557586,0.061325392859412256,0.04266471706115965,0.05190066077045272,0.07365591063542493,0.09607906146147736,0.15240255942017478,0.08999098337569501,0.09682765351866558,0.07072219424146148,0.0681289237172359,0.07517546253375697,0.10580754032565529,0.09456793234312945,0.09137294974582998,0.10041175416203336,0.13031096501191422,0.13382868438443207,0.11795740395552025,0.11386675827640985,0.09380243650516282,0.13012115282764103,0.090788197299444,0.12704991470214452,0.078663779324861,0.0794251656632248,0.10576808011914217,0.15179179004765686,0.12148162544876884,0.06218947788721207,0.1033411587688642,0.09250578551231135,0.08407573255758538,0.08968485462271643,0.08269237707704524,0.08885966370135025,0.08094509845909453,0.1166740435980937,0.09202973243050042,0.09956667934074659,0.08697188027799842,0.10198408033359808,0.08918744426528988,0.07554415625099285,0.103981949324861,0.10992225764098491,0.10689441805401109,0.0838220777601271
Hshld,0.05999880105003972,0.04887023706274823,0.047882563070691025,0.033748238243050024,0.03981572593328037,0.057460492748212876,0.07402604924225574,0.08999098337569501,0.08034357474027007,0.07630178610007941,0.05470666981254964,0.05305389134868944,0.05786230492295472,0.0828581453963463,0.07320832089912627,0.06953683010166797,0.07803607572517869,0.10146337102938839,0.1048777385861795,0.09187598180460683,0.0876049307561557,0.07351612909928514,0.09955765785702939,0.07100539201270847,0.09688857271008736,0.05828831920095315,0.06604940607625098,0.0866199866290707,0.11668268203812548,0.09460732707863384,0.04800143178077839,0.07741004966640191,0.06907089025575855,0.0640211328943606,0.06954552783002384,0.06349836889912627,0.06855467688006354,0.06346116401588563,0.08815756396664019,0.07102297884193803,0.07752940183796664,0.06771059348530582,0.0781929153328038,0.0687281994932486,0.05752690461636219,0.07814001644479746,0.0836459967418586,0.08210463493725176,0.0656750611564734
Clths,0.06265765498014296,0.05456140487688642,0.05246303140587768,0.03896589315329626,0.04568951245432882,0.06421916999205719,0.08208172146147735,0.09682765351866558,0.07630178610007941,0.10069371548848291,0.05955156649722003,0.05811331682287531,0.06344355232724384,0.09049902654487688,0.07937961712470215,0.07515199413820492,0.08464812351072279,0.11511600535345508,0.1152586702779984,0.10258487787132645,0.09641349898332006,0.08074552054011121,0.10958314031771245,0.07928555888800634,0.10763999416997619,0.06434320862589356,0.06982816516282768,0.09324160964257344,0.13061348770452738,0.10234800670373315,0.05323676889594918,0.08482153015091341,0.07656473054805402,0.07027700068308182,0.07739608112787928,0.07071559002382842,0.07606676193804607,0.06970846316123906,0.09746017866560765,0.07948368341540905,0.08614113564733918,0.07483551474185861,0.09128000737092928,0.07842668814932487,0.06089605077045274,0.08663971297855443,0.0914896934551231,0.09058498956314537,0.07181466039714059
Hlth ,0.0498048534598888,0.041888938305003974,0.040418819553613976,0.029606198732327244,0.034707913002382844,0.04724823822875298,0.059960131682287525,0.07072219424146148,0.05470666981254964,0.05955156649722003,0.056202138603653695,0.04766274426052425,0.05201107246544876,0.06787385701509133,0.05888400679586975,0.05488741540428912,0.06292914725496426,0.0803406039062748,0.08600443577442413,0.07699627669261316,0.07144875813026211,0.06059842304050833,0.07923311566799048,0.05800956088324067,0.07938804936139793,0.04984939622081017,0.05632214825258141,0.07098874497061158,0.09754168908498809,0.08043771998093727,0.04165235634312946,0.06386950053216835,0.0588632529118348,0.05347569229706115,0.05784911923272437,0.05297682371088166,0.05706930101350278,0.05345346281810962,0.0717084094376489,0.05881889568387607,0.062042231899920565,0.05635916334710089,0.06151183829388403,0.054436354714853065,0.04503353164098491,0.0654670531151708,0.06679017248133437,0.06614633081652105,0.054268816892772034
MedEq,0.049573323393169166,0.040666217118347885,0.04079912128355837,0.02925334888641779,0.03429673849086577,0.044968182176330404,0.05884250828911835,0.0681289237172359,0.05305389134868944,0.05811331682287531,0.04766274426052425,0.052572129283558394,0.0521589001810961,0.06671506543606037,0.05732986680857824,0.05334171406513105,0.06156180766322475,0.07852593777283556,0.0846164725019857,0.07444268412390785,0.07012727376648134,0.05973034091818903,0.07682509578395554,0.056649489455123096,0.07646519471961874,0.049500188835583804,0.05461339367752184,0.07165818774900713,0.09802967064019065,0.07856695821445592,0.04075956091501191,0.06300358141382048,0.056824271828435254,0.052754390106433686,0.057309122230341535,0.052585902957903094,0.05657808529944401,0.05306823095790309,0.06924996640508341,0.05605320615726767,0.060813332949960296,0.055076526900714844,0.06014359998729149,0.052476228428911836,0.044329165362986485,0.06295997406195392,0.06495332763145353,0.06556051861477362,0.053581193785544066
Drugs,0.054091866355837966,0.0451716411771247,0.044806329027799845,0.031125786106433677,0.03829259536934076,0.05154136008737092,0.06533790312629072,0.07517546253375697,0.05786230492295472,0.06344355232724384,0.05201107246544876,0.0521589001810961,0.06564520479586974,0.07431632676250993,0.06289300757108818,0.057453709355043694,0.06744330455758539,0.08726223039396346,0.09290455520254168,0.08182479864336777,0.07709277811119936,0.06604153500873709,0.08455552497378872,0.06261730597617157,0.08357417866719617,0.055708527000794254,0.060606453590150926,0.07949253562033362,0.1059086661048451,0.08689567618109612,0.04473769166957904,0.07036419719618744,0.061799169270849864,0.05828158498332008,0.06377497969658459,0.058078989010325655,0.06303990423510722,0.05841541777283557,0.07673788938363779,0.062283879509134235,0.067085911019857,0.06057528001429706,0.06649866176648135,0.05844766241620335,0.04839722340905482,0.0686553809245433,0.07103868419221603,0.07191068121207306,0.05870179812231929
Chems,0.07493878416679904,0.061182483213661626,0.06066290400158858,0.044430850900714844,0.05233619713264494,0.07112171400317711,0.09009836405718825,0.10580754032565529,0.0828581453963463,0.09049902654487688,0.06787385701509133,0.06671506543606037,0.07431632676250993,0.11812238108181095,0.08965358995710881,0.08066017826370135,0.0955206947053217,0.12614401181731533,0.13840649099285143,0.12003740603335977,0.11237550767752189,0.09340385423987291,0.12342001978236695,0.08928091799205719,0.11950674102144558,0.07433770166957905,0.09859263911834787,0.12009107335822078,0.16840520082446384,0.13119902387291496,0.06412278744718028,0.09725647041302621,0.0842458278125496,0.07926487047021445,0.08724774547577441,0.08114759432247816,0.08729513720095314,0.07941911333439233,0.10884739768228752,0.09170014905957108,0.09460509344082607,0.08493452849404289,0.09336540318665607,0.08266482998093724,0.06804764195075456,0.09782870868308183,0.10224083221127882,0.10180956640031771,0.08093414556632246
Rubbr,0.06325046343764891,0.05379880068943607,0.05192401722319302,0.037273110462271636,0.04456229647339158,0.061740618919777585,0.0772423767307387,0.09456793234312945,0.07320832089912627,0.07937961712470215,0.05888400679586975,0.05732986680857824,0.06289300757108818,0.08965358995710881,0.09805290771088164,0.07190553579984114,0.08301720172517872,0.10444748823193012,0.11399987380460681,0.10050169633677518,0.09507470191262904,0.07963465936775217,0.10599245165051625,0.07704320042573473,0.10389274493089753,0.0631435682573471,0.0690583143288324,0.09094416702462273,0.12724114758061952,0.10379423603494838,0.05432305690865765,0.08306769545671167,0.0744862208482923,0.06895666153772835,0.07549853567275616,0.06887557189515489,0.07436249722637013,0.06857541847815725,0.09525367389674344,0.07823438143606035,0.082666430878475,0.07296647781731531,0.08139721427799841,0.07062897682922954,0.06086687870373312,0.08531792852740272,0.088560468,0.08755989595234313,0.07013442893089751
Txtls,0.060615622733915804,0.04838765363145352,0.046056894841938034,0.03314127509769657,0.04032628556791104,0.058368767172359004,0.07452396755837964,0.09137294974582998,0.06953683010166797,0.07515199413820492,0.05488741540428912,0.05334171406513105,0.057453709355043694,0.08066017826370135,0.07190553579984114,0.10851166979984116,0.07891110833836378,0.10170259789197773,0.10411060603653693,0.09096726431453532,0.08677704070055596,0.07133192674821286,0.09760759633200952,0.0683901930293884,0.09668036189197775,0.06005750260047656,0.06722708660047662,0.08632164513582205,0.11557179423828437,0.09499317845274026,0.04645530212231931,0.07603452526608419,0.06814311993010326,0.062085990638602075,0.06731508263542493,0.06231140572200156,0.06693369581572674,0.06297976681175538,0.09040380455440825,0.07033312548212865,0.0766721204559174,0.06703026082446385,0.07641169795393171,0.06801137930262113,0.054912666967434465,0.07796028951866558,0.08431246697220016,0.07877817331691818,0.06395607259412231
BldMt,0.06965863325019855,0.05688568085941224,0.05406642923431295,0.03938050562986498,0.0460569456155679,0.06617322728355836,0.08538816879745835,0.10041175416203336,0.07803607572517869,0.08464812351072279,0.06292914725496426,0.06156180766322475,0.06744330455758539,0.0955206947053217,0.08301720172517872,0.07891110833836378,0.0982312019364575,0.11827256732803813,0.1246524207783955,0.10970734034312948,0.10262395161397933,0.08553249723272435,0.11304457876250994,0.08223796208419382,0.1118422390325655,0.06848273367275615,0.07986640828435265,0.10337629161715643,0.14427797473073867,0.11411529492613183,0.05663291683240668,0.08898009724384433,0.08006534334551228,0.07395672128196981,0.08050637791739475,0.07291596584908658,0.07940352774583002,0.07334708932168389,0.10143532020174742,0.08385295569658462,0.08810383724702146,0.07809992398570295,0.08838788924860995,0.07686138273391581,0.06490713394122319,0.09049563115488483,0.09576093543923746,0.09521122999682285,0.07518218716123909
Cnstr,0.08957435154408261,0.07312695727879269,0.06819874646703732,0.0494233319110405,0.055909873193010315,0.08409713414614771,0.11071928197934867,0.13031096501191422,0.10146337102938839,0.11511600535345508,0.0803406039062748,0.07852593777283556,0.08726223039396346,0.12614401181731533,0.10444748823193012,0.10170259789197773,0.11827256732803813,0.2184493117251787,0.1651718767911041,0.1420449930770453,0.13316156334710086,0.1119680364988086,0.14795425190945194,0.104337426725973,0.14371461022557583,0.08690541440667193,0.1143033889197776,0.13820872894519465,0.19523265047021438,0.1501608160953137,0.07194954243367752,0.11536946323272437,0.10300255957426532,0.09593707083240671,0.10379760148212866,0.09575990061000793,0.10379143277521842,0.09467038887370925,0.13291071610643365,0.10832623154408261,0.11559093447021446,0.10041329185544083,0.11759670474027,0.10268702064654488,0.08740950101985703,0.12679797767116757,0.12551642686735506,0.12473923008895944,0.0986430865861795
Steel,0.09745145871326448,0.07864730964257349,0.07605412984908658,0.056556769467831614,0.0636857050675139,0.08866511428117554,0.11519994481334397,0.13382868438443207,0.1048777385861795,0.1152586702779984,0.08600443577442413,0.0846164725019857,0.09290455520254168,0.13840649099285143,0.11399987380460681,0.10411060603653693,0.1246524207783955,0.1651718767911041,0.19369087949166006,0.15965990163621918,0.14630893820492452,0.12041953934868939,0.1557793366799047,0.1145360147418586,0.15314983234312948,0.09478914405083398,0.13549245340746627,0.16209116435266083,0.23353227278792696,0.17417478424146143,0.08075961779189829,0.12223994239872915,0.1078360421604448,0.10098708362192214,0.11302102322478158,0.10155755294678312,0.11188668181096108,0.10190527291501193,0.1373109266401906,0.11852273995234312,0.12129393903097697,0.10929952822875298,0.11862597416997617,0.1048784883240667,0.08448825045274026,0.12348063193010325,0.13046404346306592,0.12972878621127878,0.10455154684670372
FabPr,0.08885637933915808,0.06952385342970611,0.06634047692136616,0.04897016771405877,0.05641861860206511,0.08026960478157268,0.10123452030500399,0.11795740395552025,0.09187598180460683,0.10258487787132645,0.07699627669261316,0.07444268412390785,0.08182479864336777,0.12003740603335977,0.10050169633677518,0.09096726431453532,0.10970734034312948,0.1420449930770453,0.15965990163621918,0.17752989967275612,0.1284831632311358,0.10691966076568704,0.13775825946624304,0.1031982222525814,0.13685565765528196,0.08351208701826847,0.11305341466243052,0.13483232038443213,0.19631778567434466,0.15025925633677523,0.07041222488324066,0.10654198622716442,0.09557169446227162,0.08962950398411433,0.10055278533121527,0.09035877608895951,0.09822898767911041,0.08997231372835585,0.12215355726449562,0.1040145131596505,0.10584610677998411,0.09692132798411437,0.1050291957553614,0.09181958016521047,0.07577984324702144,0.10770947343606038,0.11350258660206512,0.11460807132962667,0.09232300542017474
Mach ,0.07994584004606829,0.06506850030023831,0.06323135885146942,0.04587219603812549,0.05420372666401905,0.07446748334392375,0.09494718230659252,0.11386675827640985,0.0876049307561557,0.09641349898332006,0.07144875813026211,0.07012727376648134,0.07709277811119936,0.11237550767752189,0.09507470191262904,0.08677704070055596,0.10262395161397933,0.13316156334710086,0.14630893820492452,0.1284831632311358,0.12332319284988086,0.09839790130579824,0.12911160983161238,0.09484635181572676,0.12790155880698967,0.07883021943288322,0.10035518180301829,0.12393118831930103,0.1763591211231136,0.1380827356060365,0.06633178073709294,0.10167331260524226,0.08965590961715647,0.0842333409579031,0.09351542529150117,0.08479483475456714,0.09236349783002382,0.08481968894678316,0.11524267287212074,0.09616439458141379,0.0996485532533757,0.08986209282128672,0.09893065566004766,0.08683941580460683,0.0717526593550437,0.10242783419857027,0.10792098694360604,0.10791933416521049,0.08631231990786338
ElcEq,0.0657345702811755,0.054730795666401905,0.053851034719618725,0.03789770793963463,0.04580763358220811,0.06411164327243846,0.0800853688260524,0.09380243650516282,0.07351612909928514,0.08074552054011121,0.06059842304050833,0.05973034091818903,0.06604153500873709,0.09340385423987291,0.07963465936775217,0.07133192674821286,0.08553249723272435,0.1119680364988086,0.12041953934868939,0.10691966076568704,0.09839790130579824,0.0931153823288324,0.10707407496743443,0.07954883158697379,0.10658650384749806,0.06755625293725179,0.07792732416203335,0.10235135160603655,0.1443583632978554,0.11259713657188247,0.054795911758538526,0.08582217845909451,0.07535424491183479,0.07101355533598096,0.07857530962351074,0.07174923393804607,0.07822890537251785,0.07140036723749005,0.09562253010961076,0.079959077350278,0.08374726555043688,0.07490089237172357,0.08228109865607625,0.0719224749992057,0.0609502207339158,0.08617040750436852,0.09031962790786338,0.09051444348848292,0.07291374807942809
Autos,0.08176194487529787,0.0717260703240667,0.0670976066830818,0.05051472182049246,0.05777872305798251,0.08469019751389993,0.10913473941540904,0.13012115282764103,0.09955765785702939,0.10958314031771245,0.07923311566799048,0.07682509578395554,0.08455552497378872,0.12342001978236695,0.10599245165051625,0.09760759633200952,0.11304457876250994,0.14795425190945194,0.1557793366799047,0.13775825946624304,0.12911160983161238,0.10707407496743443,0.16251884165051633,0.10321040318983322,0.1417235417299444,0.0860912267561557,0.10306887004765689,0.12728013616679906,0.181060707731533,0.14193804318347894,0.07019234744082604,0.11311145578236695,0.10093983177760125,0.09273194945671165,0.10133527452104847,0.09259412685941222,0.10059503555837966,0.09265871792216045,0.13264188029070692,0.10593718557426529,0.11252404890071485,0.09854561178872125,0.11257798849563143,0.09983859799682288,0.08175691037966641,0.11450846705003974,0.1194922811294678,0.11892050368069895,0.09603596813661634
Aero ,0.06305575152978554,0.05345390250675138,0.05332715301667991,0.039338709439237486,0.045760980174741867,0.06100156733915804,0.07604240115011911,0.090788197299444,0.07100539201270847,0.07928555888800634,0.05800956088324067,0.056649489455123096,0.06261730597617157,0.08928091799205719,0.07704320042573473,0.0683901930293884,0.08223796208419382,0.104337426725973,0.1145360147418586,0.1031982222525814,0.09484635181572676,0.07954883158697379,0.10321040318983322,0.09318244736457508,0.10185189904368547,0.06633858445750597,0.07254247437648928,0.09336743130103255,0.13172701925972993,0.10463806781254963,0.05558506822557585,0.0823909020810167,0.07315214374583001,0.06822450391739474,0.07511212986814936,0.06835801213026212,0.07391343855123113,0.06780074189674344,0.09314584278951547,0.07841015000476569,0.08208870563304212,0.07252097320413024,0.08141466093089755,0.0712864839205719,0.058065245699761715,0.08445668761874506,0.08613649228276408,0.08765665528832405,0.0698892430881652
Ships,0.08678526570135028,0.07051903572517872,0.06828121303733121,0.049398511971405865,0.0586354714297061,0.0818115377839555,0.10433148225893564,0.12704991470214452,0.09688857271008736,0.10763999416997619,0.07938804936139793,0.07646519471961874,0.08357417866719617,0.11950674102144558,0.10389274493089753,0.09668036189197775,0.1118422390325655,0.14371461022557583,0.15314983234312948,0.13685565765528196,0.12790155880698967,0.10658650384749806,0.1417235417299444,0.10185189904368547,0.16997785686894354,0.08672833207783956,0.09971048526608418,0.12756960002700557,0.17712912558697375,0.1407386324447975,0.07012801768705319,0.10986116409054805,0.09966077687688642,0.09197327647815726,0.10062036179666402,0.09141863141858617,0.0988161130166799,0.09127907156791104,0.1262845727450357,0.10379470236536929,0.1116648156362192,0.098079733949166,0.11087869486576644,0.0968477479571088,0.0795293587672756,0.11214573240349482,0.11591182718189036,0.11611484382366959,0.09449769115488482
Guns ,0.0552484372406672,0.045300578193804605,0.04422102055440826,0.03163562862907069,0.04012662866560762,0.05144713359015091,0.06549588628117553,0.078663779324861,0.05828831920095315,0.06434320862589356,0.04984939622081017,0.049500188835583804,0.055708527000794254,0.07433770166957905,0.0631435682573471,0.06005750260047656,0.06848273367275615,0.08690541440667193,0.09478914405083398,0.08351208701826847,0.07883021943288322,0.06755625293725179,0.0860912267561557,0.06633858445750597,0.08672833207783956,0.09691914378236698,0.061730703280381244,0.08000379172200157,0.10771102517712469,0.08709764544559172,0.04549933025893567,0.07135813517871327,0.0628685263669579,0.05815139474344719,0.06294809704050833,0.05794735076409848,0.06237524284034948,0.05782243578077839,0.0792526034169976,0.06561413954408261,0.06910929968387607,0.060819896897537716,0.0670712961810961,0.059023118384432055,0.04921086612867354,0.07031704936616363,0.07269282774741857,0.0735641584098491,0.058177115764892776
Gold ,0.06659528386814932,0.049419939992057196,0.04979292720413026,0.04041736125496424,0.04288867492454329,0.059117259499602844,0.07319949135822079,0.0794251656632248,0.06604940607625098,0.06982816516282768,0.05632214825258141,0.05461339367752184,0.060606453590150926,0.09859263911834787,0.0690583143288324,0.06722708660047662,0.07986640828435265,0.1143033889197776,0.13549245340746627,0.11305341466243052,0.10035518180301829,0.07792732416203335,0.10306887004765689,0.07254247437648928,0.09971048526608418,0.061730703280381244,0.29392354985702923,0.16003140648927716,0.19758360880857825,0.14182592867355043,0.055966733391580585,0.07802742207307384,0.06415539787132644,0.06433266559968229,0.07206518575853854,0.06512805218427323,0.0728926716759333,0.0657271831294678,0.08994137657664812,0.07742094010325652,0.07068821692613186,0.07009295387609212,0.06975474139793485,0.06275198083399522,0.04578518430500397,0.07564545880857822,0.08009232199364574,0.08172483204924545,0.06759796424146147
Mines,0.08538759256076249,0.0647980366115965,0.06518906437013504,0.047867686192216055,0.05204594254964256,0.07326207158856235,0.09693371467196187,0.10576808011914217,0.0866199866290707,0.09324160964257344,0.07098874497061158,0.07165818774900713,0.07949253562033362,0.12009107335822078,0.09094416702462273,0.08632164513582205,0.10337629161715643,0.13820872894519465,0.16209116435266083,0.13483232038443213,0.12393118831930103,0.10235135160603655,0.12728013616679906,0.09336743130103255,0.12756960002700557,0.08000379172200157,0.16003140648927716,0.18518405663383639,0.21666965256711673,0.1604862049118348,0.06675363844638604,0.1014944565607625,0.08581297949483714,0.08443396252422555,0.09380984402382841,0.08466760046703733,0.09444686619857025,0.08600614598252584,0.11262097929944398,0.09730701419698172,0.09683076678157265,0.09084746116441622,0.095235353096108,0.08565826563463068,0.06686147935186654,0.09848303114217631,0.10327371871803016,0.10752780708657662,0.08735508617315327
Coal ,0.11706143821604452,0.0900985215361398,0.08582055965210486,0.06461250557267673,0.0755681048689436,0.09965944328038126,0.13187560757108818,0.15179179004765686,0.11668268203812548,0.13061348770452738,0.09754168908498809,0.09802967064019065,0.1059086661048451,0.16840520082446384,0.12724114758061952,0.11557179423828437,0.14427797473073867,0.19523265047021438,0.23353227278792696,0.19631778567434466,0.1763591211231136,0.1443583632978554,0.181060707731533,0.13172701925972993,0.17712912558697375,0.10771102517712469,0.19758360880857825,0.21666965256711673,0.38817767925496427,0.24122465717553615,0.09863575720730737,0.14056159270055604,0.1192314810039714,0.11553558663860204,0.1301375542065131,0.11586041320730739,0.129655621146942,0.11688387710246229,0.1582155778061954,0.1379758691930103,0.13436842123749013,0.12559921639872917,0.1317477040730739,0.11683659008260525,0.09235540920095313,0.13909925153931693,0.14729058832883246,0.14780668616521048,0.12142147762668781
Oil  ,0.09244138523272438,0.07170032127720412,0.07028047649245434,0.052039536546465454,0.06340609194598888,0.08470696543288324,0.10483794292613186,0.12148162544876884,0.09460732707863384,0.10234800670373315,0.08043771998093727,0.07856695821445592,0.08689567618109612,0.13119902387291496,0.10379423603494838,0.09499317845274026,0.11411529492613183,0.1501608160953137,0.17417478424146143,0.15025925633677523,0.1380827356060365,0.11259713657188247,0.14193804318347894,0.10463806781254963,0.1407386324447975,0.08709764544559172,0.14182592867355043,0.1604862049118348,0.24122465717553615,0.19697988674185857,0.08124041852899128,0.11335054036536935,0.09620855368387607,0.09230883114853057,0.10360783430659254,0.09292412887688639,0.10329402338999207,0.093765912203336,0.12610250670055606,0.10835355838602062,0.10555510616044479,0.10018387383002385,0.10299874069579032,0.09134626844162033,0.07576061341382052,0.1126174566926132,0.12042872628435262,0.11702202845432882,0.09710692488006355
Util ,0.04497314575694996,0.0388304017378872,0.03985080928038125,0.030309401772835583,0.036639843637807784,0.04263891467831612,0.05179615322001589,0.06218947788721207,0.04800143178077839,0.05323676889594918,0.04165235634312946,0.04075956091501191,0.04473769166957904,0.06412278744718028,0.05432305690865765,0.04645530212231931,0.05663291683240668,0.07194954243367752,0.08075961779189829,0.07041222488324066,0.06633178073709294,0.054795911758538526,0.07019234744082604,0.05558506822557585,0.07012801768705319,0.04549933025893567,0.055966733391580585,0.06675363844638604,0.09863575720730737,0.08124041852899128,0.05106073036378078,0.0586089415567911,0.05099704508975375,0.04741188079110406,0.05121846110563938,0.04784825253057984,0.05057951444638602,0.0465100735059571,0.06488003570770454,0.05687501190468626,0.055269032244638604,0.05062956992216043,0.05506461141858617,0.04732654813979349,0.040460355621922156,0.06216553869420175,0.060023234767275634,0.06116434681810962,0.04949338489594916
Telcm,0.06814152002382844,0.05816394984114374,0.05854939903891977,0.041154814027005576,0.0491910502065131,0.06822170652104843,0.08620240989674344,0.1033411587688642,0.07741004966640191,0.08482153015091341,0.06386950053216835,0.06300358141382048,0.07036419719618744,0.09725647041302621,0.08306769545671167,0.07603452526608419,0.08898009724384433,0.11536946323272437,0.12223994239872915,0.10654198622716442,0.10167331260524226,0.08582217845909451,0.11311145578236695,0.0823909020810167,0.10986116409054805,0.07135813517871327,0.07802742207307384,0.1014944565607625,0.14056159270055604,0.11335054036536935,0.0586089415567911,0.09979330210484513,0.08098940063542492,0.0747856813582208,0.08248367373312149,0.07555993958697378,0.08134895618745035,0.07362365251787131,0.10270205111199363,0.08277284485305796,0.0890820185146942,0.07840710793486892,0.08944793666401903,0.07863016615567912,0.0652135070373312,0.09287761849086575,0.09668601467037329,0.09662537816521045,0.07586416474980143
PerSv,0.060901088775218416,0.0524068017220016,0.0512456491056394,0.03668118413979348,0.043303325274027,0.05872271310563937,0.07760955194916601,0.09250578551231135,0.06907089025575855,0.07656473054805402,0.0588632529118348,0.056824271828435254,0.061799169270849864,0.0842458278125496,0.0744862208482923,0.06814311993010326,0.08006534334551228,0.10300255957426532,0.1078360421604448,0.09557169446227162,0.08965590961715647,0.07535424491183479,0.10093983177760125,0.07315214374583001,0.09966077687688642,0.0628685263669579,0.06415539787132644,0.08581297949483714,0.1192314810039714,0.09620855368387607,0.05099704508975375,0.08098940063542492,0.08856815120571881,0.06728926978236692,0.07244622487053215,0.06703399896425737,0.07139997188880064,0.06588814947100875,0.09177574771723587,0.0738944901096108,0.07945801818586178,0.07044832189992058,0.08126475788403494,0.07045083638443209,0.058584402357426554,0.08254092338046067,0.08737181702303418,0.08573450365687052,0.06697809406195392
BusSv,0.05669044708975378,0.04821927064813343,0.04695378506592533,0.033219484355837964,0.038730733891977766,0.054538735496425725,0.0704461800381255,0.08407573255758538,0.0640211328943606,0.07027700068308182,0.05347569229706115,0.052754390106433686,0.05828158498332008,0.07926487047021445,0.06895666153772835,0.062085990638602075,0.07395672128196981,0.09593707083240671,0.10098708362192214,0.08962950398411433,0.0842333409579031,0.07101355533598096,0.09273194945671165,0.06822450391739474,0.09197327647815726,0.05815139474344719,0.06433266559968229,0.08443396252422555,0.11553558663860204,0.09230883114853057,0.04741188079110406,0.0747856813582208,0.06728926978236692,0.06552879696743448,0.06786640512629072,0.0625174426465449,0.06726859508816521,0.06193850977601271,0.0833572656886418,0.06897986059253375,0.07294676796028593,0.06530485229070693,0.07306910669737889,0.06397865566799045,0.05301846631930103,0.07538851421127879,0.07750603076568707,0.07899720120571883,0.06285289390627483
Hardw,0.06306067919142175,0.051671990883240676,0.052284506406671954,0.03621019871961873,0.04372948010325656,0.060796320881652086,0.07714318935345511,0.08968485462271643,0.06954552783002384,0.07739608112787928,0.05784911923272437,0.057309122230341535,0.06377497969658459,0.08724774547577441,0.07549853567275616,0.06731508263542493,0.08050637791739475,0.10379760148212866,0.11302102322478158,0.10055278533121527,0.09351542529150117,0.07857530962351074,0.10133527452104847,0.07511212986814936,0.10062036179666402,0.06294809704050833,0.07206518575853854,0.09380984402382841,0.1301375542065131,0.10360783430659254,0.05121846110563938,0.08248367373312149,0.07244622487053215,0.06786640512629072,0.08406953515329624,0.06999197992374898,0.07674644040667193,0.06894244849563144,0.09117843540428912,0.07572151080381255,0.0795498056664019,0.0713331499110405,0.08022852216362192,0.07053218429070691,0.05719181753137411,0.08107012510246225,0.0841633849706116,0.08690305477839555,0.0691799066211279
Softw,0.05767011160921368,0.04783857292772041,0.04765755999046863,0.034450890916600474,0.039422293550436846,0.05440173863383638,0.06991126211914217,0.08269237707704524,0.06349836889912627,0.07071559002382842,0.05297682371088166,0.052585902957903094,0.058078989010325655,0.08114759432247816,0.06887557189515489,0.06231140572200156,0.07291596584908658,0.09575990061000793,0.10155755294678312,0.09035877608895951,0.08479483475456714,0.07174923393804607,0.09259412685941222,0.06835801213026212,0.09141863141858617,0.05794735076409848,0.06512805218427323,0.08466760046703733,0.11586041320730739,0.09292412887688639,0.04784825253057984,0.07555993958697378,0.06703399896425737,0.0625174426465449,0.06999197992374898,0.06708633168546468,0.06887367337251787,0.062171827774424135,0.08405415676886416,0.06885131046544876,0.07328021243208893,0.0654234891850675,0.07339657371882445,0.06422602569976171,0.05315584563621921,0.07534876097855442,0.0785302235774424,0.07994456844162033,0.06266520893407466
Chips,0.06277195679745828,0.05113168566163621,0.05133861758856236,0.035796642725972994,0.04193344590945194,0.06017311971405876,0.0765391605274027,0.08885966370135025,0.06855467688006354,0.07606676193804607,0.05706930101350278,0.05657808529944401,0.06303990423510722,0.08729513720095314,0.07436249722637013,0.06693369581572674,0.07940352774583002,0.10379143277521842,0.11188668181096108,0.09822898767911041,0.09236349783002382,0.07822890537251785,0.10059503555837966,0.07391343855123113,0.0988161130166799,0.06237524284034948,0.0728926716759333,0.09444686619857025,0.129655621146942,0.10329402338999207,0.05057951444638602,0.08134895618745035,0.07139997188880064,0.06726859508816521,0.07674644040667193,0.06887367337251787,0.07904832474027004,0.06843930165528198,0.08995541179984114,0.07443501141223194,0.07868482120413026,0.07071910299602854,0.07855741850357424,0.06933309865607624,0.05644271803653694,0.07962103626370133,0.08356917502144559,0.08533078753296267,0.06812177933598093
LabEq,0.05714753755679111,0.047177246976965834,0.0462578122573471,0.03342570892454329,0.03840760101667989,0.05507524505162828,0.06904789864336774,0.08094509845909453,0.06346116401588563,0.06970846316123906,0.05345346281810962,0.05306823095790309,0.05841541777283557,0.07941911333439233,0.06857541847815725,0.06297976681175538,0.07334708932168389,0.09467038887370925,0.10190527291501193,0.08997231372835585,0.08481968894678316,0.07140036723749005,0.09265871792216045,0.06780074189674344,0.09127907156791104,0.05782243578077839,0.0657271831294678,0.08600614598252584,0.11688387710246229,0.093765912203336,0.0465100735059571,0.07362365251787131,0.06588814947100875,0.06193850977601271,0.06894244849563144,0.062171827774424135,0.06843930165528198,0.06733786664972201,0.0830923111104051,0.06801041733439236,0.0722692159872915,0.06513857793169181,0.07144960833042097,0.06345814318030181,0.052182255745830006,0.0736211309992057,0.07638679219698172,0.07810849063701349,0.06299160660206511
Paper,0.0773452638649722,0.06525145962351073,0.06082392209531374,0.04458599943129468,0.0545044811517077,0.07611830706115966,0.09764774753613978,0.1166740435980937,0.08815756396664019,0.09746017866560765,0.0717084094376489,0.06924996640508341,0.07673788938363779,0.10884739768228752,0.09525367389674344,0.09040380455440825,0.10143532020174742,0.13291071610643365,0.1373109266401906,0.12215355726449562,0.11524267287212074,0.09562253010961076,0.13264188029070692,0.09314584278951547,0.1262845727450357,0.0792526034169976,0.08994137657664812,0.11262097929944398,0.1582155778061954,0.12610250670055606,0.06488003570770454,0.10270205111199363,0.09177574771723587,0.0833572656886418,0.09117843540428912,0.08405415676886416,0.08995541179984114,0.0830923111104051,0.13399913958856233,0.09784033490548051,0.10135633790468626,0.0885566179777601,0.1013556433455123,0.08874980095790307,0.07479132064813343,0.10657457759491656,0.10885671594440029,0.10892125531215252,0.08592139211119934
Boxes,0.06310967860047656,0.05508521818745035,0.052982732624305,0.03683060096266879,0.04820993300238284,0.06166119563939634,0.0788305091056394,0.09202973243050042,0.07102297884193803,0.07948368341540905,0.05881889568387607,0.05605320615726767,0.062283879509134235,0.09170014905957108,0.07823438143606035,0.07033312548212865,0.08385295569658462,0.10832623154408261,0.11852273995234312,0.1040145131596505,0.09616439458141379,0.079959077350278,0.10593718557426529,0.07841015000476569,0.10379470236536929,0.06561413954408261,0.07742094010325652,0.09730701419698172,0.1379758691930103,0.10835355838602062,0.05687501190468626,0.08277284485305796,0.0738944901096108,0.06897986059253375,0.07572151080381255,0.06885131046544876,0.07443501141223194,0.06801041733439236,0.09784033490548051,0.1005537545655282,0.08349582529467833,0.07321895460047656,0.08283989861477362,0.07232203834630659,0.05975174396187448,0.08713386361874505,0.08786173396505163,0.09023337011437647,0.07021664238602066
