,Agric,Food ,Soda ,Beer ,Smoke,Toys ,Fun  ,Books,Hshld,Clths,Hlth ,MedEq,Drugs,Chems,Rubbr,Txtls,BldMt,Cnstr,Steel,FabPr,Mach ,ElcEq,Autos,Aero ,Ships,Guns ,Gold ,Mines,Coal ,Oil  ,Util ,Telcm,PerSv,BusSv,Hardw,Softw,Chips,LabEq,Paper,Boxes,Trans,Whlsl,Rtail,Meals,Banks,Insur,RlEst,Fin  ,Other
Agric,0.10785439093089749,0.044133758252581395,0.04270170351389991,0.030216629949166,0.039150516136616374,0.04746970974106435,0.0628715814042891,0.07608050000476568,0.060168234355837964,0.06286651993328037,0.04984109741540906,0.049667022527402696,0.05424687783161239,0.07512104534710085,0.06337217618268466,0.060623719223193005,0.06979218429706116,0.08975370745035742,0.09777004391262904,0.08898860730420968,0.08011738037013504,0.06596694468943604,0.08186361936616361,0.0633197400969023,0.08692629874503574,0.055541213186656065,0.06665037716441623,0.08558204488165211,0.11717085857029386,0.09247181404447975,0.045044508149324855,0.06829115438602064,0.06093304894678316,0.056816358695790325,0.06319380413979346,0.05782364034630658,0.06289716638760921,0.05725793326926132,0.077447666827641,0.06339732620174741,0.06747098990150913,0.0614396321556791,0.06622738801588564,0.057750991833200954,0.049447308489277204,0.06810097439396345,0.07107465724225576,0.0735370339444003,0.05908127323749007
Food ,0.044133758252581395,0.04518793213661636,0.03924530169976172,0.02798424673550437,0.03396666617950755,0.04215118347895154,0.054496661699761716,0.06354262888006354,0.049040738776806994,0.05479213347100873,0.0419817023669579,0.0407743468149325,0.04532756498808578,0.061352606195393164,0.05392730992851469,0.04851067523431297,0.05697895151707705,0.07324255126290709,0.0789685947895155,0.0696566809531374,0.06521449229547259,0.05495814872120731,0.07187247494837172,0.053704737633042086,0.07064060787926925,0.04560323625099286,0.04960418169976171,0.06506905248610009,0.09025180629070688,0.07175323193010323,0.038919673931691816,0.05830931494837172,0.05245213375694995,0.048342980206513085,0.05181786665607625,0.04800581801429707,0.051286971437648925,0.04729348368546466,0.06534246497220017,0.05533768848292296,0.05701121200953137,0.05080252374900714,0.05692333426528992,0.05011327837966641,0.0416392650675139,0.06013343644162032,0.06044037963463064,0.06194452422557583,0.049135502239872904
Soda ,0.04270170351389991,0.03924530169976172,0.07595174399364575,0.030167916641779185,0.03407325429070692,0.04381554354884828,0.05244961789992056,0.06148975870691025,0.04816148297696584,0.05270336494996028,0.040599441756949954,0.0409983308689436,0.04506172220810166,0.06097340567434471,0.05219072653534551,0.04620946821604449,0.05429806991262907,0.06844681127879268,0.07658756734868943,0.06663342166163623,0.06351451978713263,0.05417090243685462,0.06739335955837965,0.05362149798570293,0.06858636772041304,0.04456211762033356,0.050323263463065926,0.06571167193963462,0.08622158462271647,0.07044143905003969,0.039993278061953935,0.05884284535663226,0.051404286106433675,0.04719102903574264,0.05253434028911835,0.0479228357045274,0.051566278192216035,0.04645848417156476,0.0609898726544877,0.0532798942144559,0.055160087698173155,0.05052246170611596,0.05559837774741859,0.04949565826528991,0.04010534053693407,0.05835856889912629,0.059243794738681466,0.060624325839555196,0.047019219231135834
Beer ,0.030216629949166,0.02798424673550437,0.030167916641779185,0.05317275974424146,0.026342558513105636,0.03269166437807783,0.03765907974900715,0.042728768799046885,0.03393410497378872,0.03914565327084989,0.029753644748212862,0.029416548344718033,0.03136563756155679,0.044633439456711665,0.037439181574265304,0.03320291763780778,0.03962149986497221,0.049609752279586965,0.056911669275615584,0.049183153318506756,0.04606644935504367,0.03803476909610801,0.05063539490548054,0.03952841460365369,0.04957140333598095,0.03188713328514693,0.040797024074662416,0.048084766003177126,0.06479886193804607,0.05217610850357426,0.030421599110405078,0.041361508050834,0.036776982487688646,0.033373130892772045,0.03640879481810961,0.03464900942652899,0.036016049345512315,0.03361307659888801,0.04472948366004764,0.03706811471326449,0.0399863473375695,0.036699085601270845,0.03949194625575853,0.03559690404606831,0.02778373166322478,0.04196413604924541,0.04260577271167592,0.04265871387450358,0.0349296421429706
Smoke,0.039150516136616374,0.03396666617950755,0.03407325429070692,0.026342558513105636,0.07452303152343129,0.03629103681652105,0.04381038664336774,0.051969419259729935,0.039955864425734705,0.045789635526608405,0.034707862945194595,0.0343162656203336,0.03833614786338365,0.052458927415409064,0.04466275545035742,0.040383820759332806,0.04606793121525019,0.05602537131056393,0.06394152553455122,0.05641396041938047,0.054312332015885624,0.04596223144718031,0.05791904859094518,0.04598669885305798,0.05879430061953931,0.040231655453534555,0.04305053658459094,0.05221532763145355,0.07570775415409053,0.0634526902748213,0.03675011625099285,0.049312694087370934,0.04338066089912628,0.03883938950277997,0.04380576925814138,0.03952665837013501,0.04200438295154886,0.03845978656711676,0.054538720133439245,0.0483639300587768,0.04683398955361397,0.04194545981890391,0.04626089351548849,0.038950079478951544,0.034604644244638605,0.05185817942494042,0.04966945320413028,0.051633396162033364,0.039601913842732324
Toys ,0.04746970974106435,0.04215118347895154,0.04381554354884828,0.03269166437807783,0.03629103681652105,0.08402712311993644,0.06537802482605243,0.07373227765845908,0.05765528040349485,0.06442584974741859,0.04735940747577442,0.045092284705321686,0.051711314710087365,0.07134329098014298,0.06188268542335185,0.058500348406671954,0.06625458130262113,0.08427003958697377,0.08907052093089755,0.08040673476727561,0.07466114288482922,0.06436581649563144,0.08488887736616363,0.06128629277521842,0.08193645445591739,0.05176927749324859,0.05926780277998413,0.07356004108975378,0.09992372524225575,0.08480469464972198,0.04276686379666403,0.06840953625416996,0.05887752105480539,0.05472075157744241,0.06095396405401113,0.05457063535504368,0.060341638382843524,0.05520344900079426,0.07619941362351072,0.06192922752660842,0.06522276471167592,0.058369767440826066,0.06581415226687848,0.05843535421445592,0.0485268538014297,0.06814573611119937,0.07345302971882448,0.07028446204289118,0.05722338263065926
Fun  ,0.0628715814042891,0.054496661699761716,0.05244961789992056,0.03765907974900715,0.04381038664336774,0.06537802482605243,0.09649961276568704,0.09603707796981731,0.07422424139475774,0.0822775238316124,0.06006552111517077,0.05894004427958699,0.06551232366957903,0.09031901436695788,0.07736586779666403,0.07461083512946781,0.08546878289118348,0.11086358201747414,0.1155534961429706,0.10130206333915802,0.09512119955837962,0.08032968903574264,0.10924634887053215,0.0763108718888006,0.10449774357426528,0.06576900189674345,0.07346547254964254,0.09721827933598094,0.13221186452740274,0.10493807903733122,0.051908568895949164,0.08637865586020652,0.0777610116409849,0.07060303950119141,0.07727413786179506,0.07009675264813345,0.07669537304845117,0.06918257630182682,0.09771097526926134,0.07909354804765685,0.0846228225607625,0.07382923766163621,0.08630004909293086,0.07669222828594123,0.06210169664177917,0.08626151722637014,0.09115894452104847,0.09145388170293883,0.0725173545702939
Books,0.07608050000476568,0.06354262888006354,0.06148975870691025,0.042728768799046885,0.051969419259729935,0.07373227765845908,0.09603707796981731,0.1522258763764893,0.09004585788880062,0.096956228076251,0.07065913720254172,0.06804983679586975,0.07513798259729945,0.10580560419062743,0.09448572270214457,0.09141678432565528,0.10033689617950756,0.13029672454328828,0.13388940350913422,0.11775485180937253,0.11382625993486889,0.09382525668943607,0.1300842503463066,0.09090959201429706,0.12695646042891184,0.07884779882922954,0.0792166306195393,0.10577400358856233,0.1516636227323272,0.12144742205401111,0.062269878316123906,0.10336235221286737,0.09253913985067512,0.08406934693725178,0.08966127122795868,0.08269230839396348,0.08879898259412233,0.08091000914853057,0.11661708582049245,0.09218424494360604,0.09950100312787925,0.0869791632819698,0.10194556255440829,0.08920524860524223,0.07549215536457504,0.10395733903574264,0.1099619756981731,0.10685167304845113,0.08378446457347101
Hshld,0.060168234355837964,0.049040738776806994,0.04816148297696584,0.03393410497378872,0.039955864425734705,0.05765528040349485,0.07422424139475774,0.09004585788880062,0.08055084609849085,0.0765253708435266,0.05483082778554409,0.05320578493566321,0.058069796084193805,0.0831241271517077,0.07334217270691022,0.06969676334710086,0.07819378661636218,0.10164412705321682,0.10524986778554413,0.0920412572613185,0.08781745542652898,0.07377787967275616,0.09974638914535346,0.07129038368069898,0.09708593966640189,0.058650701853852266,0.06632233271644161,0.08694778754725975,0.11698897383637807,0.09476135510246227,0.04813478665607624,0.07761161191739477,0.06922324610643367,0.06419680527879268,0.06973842958220809,0.06370025640349483,0.06875633820015886,0.06363281582366956,0.08827620212231929,0.07132057834471801,0.07765451271008735,0.06788545914853057,0.07837641034471803,0.06891701036219221,0.05758228371405879,0.07825668415726765,0.08379737267355043,0.08229949959650514,0.0658306769356632
Clths,0.06286651993328037,0.05479213347100873,0.05270336494996028,0.03914565327084989,0.045789635526608405,0.06442584974741859,0.0822775238316124,0.096956228076251,0.0765253708435266,0.1008906979571088,0.05967940462907069,0.05831386633518665,0.06367243731532962,0.09081284045750597,0.07954605675297856,0.07533001998093726,0.08488038432088958,0.11532666497220014,0.1157078657887212,0.10285928321525023,0.09668730937887213,0.08102673556155678,0.1098157282891184,0.07957830357108815,0.10788136517871327,0.06477977051310563,0.0701486228594122,0.09359971109451945,0.1309364358697379,0.10255583265766482,0.05337102030182685,0.08505146590627481,0.07676107815091342,0.07049151266401904,0.07764080960762508,0.07093295171405876,0.07631190385702938,0.06992484412073074,0.09762306148371724,0.07980456751707704,0.08627315204765687,0.07507144056552818,0.09149651737569497,0.07862863511040508,0.06098219995552026,0.08679739167275613,0.09164274820015886,0.09083224893407463,0.07199206845750593
Hlth ,0.04984109741540906,0.0419817023669579,0.040599441756949954,0.029753644748212862,0.034707862945194595,0.04735940747577442,0.06006552111517077,0.07065913720254172,0.05483082778554409,0.05967940462907069,0.05615748628911834,0.04770736831294679,0.0520716796743447,0.0679749171691819,0.05891701857188245,0.05492956454805402,0.06303638092930898,0.08045414961080224,0.08622310477998411,0.07705576161080221,0.07156806668625894,0.06075026069261316,0.07930131209372517,0.05817302427799843,0.07951022068308182,0.05015907766957903,0.056389333383637795,0.0711658197760127,0.09765047382049245,0.08044586079904685,0.041692213502779976,0.06397319697855439,0.05888173095472596,0.05355114314058777,0.0579362459698173,0.05306651652740271,0.05716651512787925,0.05353204493884035,0.07175687514535349,0.05903308716759332,0.062077965971405885,0.056483684521048454,0.06159397415091342,0.05456721443526607,0.045047388184273236,0.06554489063224782,0.06685221493566322,0.06622735152343129,0.05434241686894361
MedEq,0.049667022527402696,0.0407743468149325,0.0409983308689436,0.029416548344718033,0.0343162656203336,0.045092284705321686,0.05894004427958699,0.06804983679586975,0.05320578493566321,0.05831386633518665,0.04770736831294679,0.052609550200158846,0.05224839826052422,0.06685674599841145,0.05739776101191423,0.05343867857188245,0.061602854876886395,0.07858910474980142,0.08489478569181888,0.0745064765019857,0.07023898365845913,0.05992815142494042,0.07690012232088958,0.05686615501350278,0.07659180047656872,0.04982992236854646,0.05472127386020652,0.07188810681969816,0.09812084446386021,0.07859906902462273,0.04084026068308182,0.06310645869102464,0.05686942175059569,0.052847307941223186,0.057379420311358224,0.05269779602541701,0.056662633154884824,0.05313544664495632,0.06929005348371722,0.05627275215885621,0.06085041685941221,0.05519514306910246,0.060225184743447166,0.052599388735504383,0.044325526344718036,0.06300797714217633,0.06503355261953932,0.06565482593804607,0.05364101600158856
Drugs,0.05424687783161239,0.04532756498808578,0.04506172220810166,0.03136563756155679,0.03833614786338365,0.051711314710087365,0.06551232366957903,0.07513798259729945,0.058069796084193805,0.06367243731532962,0.0520716796743447,0.05224839826052422,0.06579015103256552,0.0745498321683876,0.06301694690230342,0.05759456920571883,0.06756448069102462,0.08736437998411435,0.09326562210484511,0.08202352945194598,0.07730189873709294,0.06635127702938838,0.08469859287529784,0.06289600227958696,0.0838685921842732,0.05616442151707703,0.06088173360603654,0.07985078590150915,0.1061017711675933,0.08703647257347095,0.04485371745830024,0.07050991868149323,0.061883509388403465,0.05842717079428117,0.06390513342335184,0.05825742203335981,0.06321045417791897,0.05855891851469418,0.0768574704050834,0.06254585359809371,0.06716586744241461,0.06076470552819699,0.06665721925337567,0.05863410471008738,0.04843359976171564,0.06877415781572677,0.07113144602065129,0.07207632724384433,0.0588381810881652
Chems,0.07512104534710085,0.061352606195393164,0.06097340567434471,0.044633439456711665,0.052458927415409064,0.07134329098014298,0.09031901436695788,0.10580560419062743,0.0831241271517077,0.09081284045750597,0.0679749171691819,0.06685674599841145,0.0745498321683876,0.11835866382208102,0.0898465369372518,0.08081061926290709,0.09568048382843528,0.12632649299444004,0.1388180079714059,0.1201479111485306,0.1125943828403495,0.09370291922478154,0.12361300410802226,0.08961436429864973,0.11967988508339954,0.0747046429960286,0.09883549822081016,0.12044019586656078,0.16870130999205715,0.1312955515583797,0.06428464590945195,0.09748193295631452,0.08437653936775218,0.07946594763145352,0.08745304869896743,0.08138505183161239,0.0875209575313741,0.07960246957585385,0.10897982158538523,0.09204010866401903,0.09477137947259731,0.08513132780301826,0.09354921810325653,0.08289635258776808,0.0681095449785544,0.0979542619316918,0.10247460931532965,0.102019842776807,0.081110075771247
Rubbr,0.06337217618268466,0.05392730992851469,0.05219072653534551,0.037439181574265304,0.04466275545035742,0.06188268542335185,0.07736586779666403,0.09448572270214457,0.07334217270691022,0.07954605675297856,0.05891701857188245,0.05739776101191423,0.06301694690230342,0.0898465369372518,0.09807743367593331,0.07195289284670373,0.08304900631453535,0.10454130910246227,0.11425499579189835,0.10056042015250193,0.09518275099444003,0.07983214979189833,0.10603285148054013,0.07727953624622713,0.10398191389992058,0.06344192272756155,0.06911106107227957,0.09112219962033359,0.12743243594916598,0.10384906360127086,0.05438419958697376,0.08317534529308976,0.07454840038760924,0.06905467482605243,0.07559554233836378,0.06900135556155682,0.07444806004289119,0.06865432387768071,0.09527146356791102,0.07850403362668784,0.08267355086735505,0.07308324265925335,0.08150715585702939,0.07075232378554408,0.060847556787926915,0.0853897439189833,0.08864596473073866,0.0876557077934869,0.07020676049404286
Txtls,0.060623719223193005,0.04851067523431297,0.04620946821604449,0.03320291763780778,0.040383820759332806,0.058500348406671954,0.07461083512946781,0.09141678432565528,0.06969676334710086,0.07533001998093726,0.05492956454805402,0.05343867857188245,0.05759456920571883,0.08081061926290709,0.07195289284670373,0.10865244449722,0.07899506312152502,0.10178287231135821,0.10429165055281972,0.09110550242732329,0.08693420025893564,0.07149698418109611,0.09777214594281174,0.06863438626052423,0.09682068171564734,0.060538978714853045,0.06736869201747417,0.08651529241143767,0.11570600103256551,0.09509872479904687,0.04652934535345511,0.07612894371088162,0.06818176999523431,0.062207997488482936,0.06744654657029386,0.06243148955996824,0.06706461407625099,0.06310582025893566,0.0904938680031771,0.0705624644384432,0.07675106065607623,0.06714406862907067,0.07652250836536932,0.0681462975996823,0.05494427239714059,0.07802115974741859,0.08436827382684668,0.07889909183161242,0.06409820950436852
BldMt,0.06979218429706116,0.05697895151707705,0.05429806991262907,0.03962149986497221,0.04606793121525019,0.06625458130262113,0.08546878289118348,0.10033689617950756,0.07819378661636218,0.08488038432088958,0.06303638092930898,0.061602854876886395,0.06756448069102462,0.09568048382843528,0.08304900631453535,0.07899506312152502,0.09822238461477362,0.11830330719618745,0.12490416666401907,0.10970684408260524,0.10272016148530586,0.08576667436060366,0.11309739621127876,0.08251174197776012,0.11187640441620335,0.06878968197776011,0.07998795387609219,0.10359463899126291,0.14437842521048447,0.11416162030976963,0.05674182907069101,0.08908103709293089,0.08017940009531374,0.07406697285941223,0.08058310463860205,0.07305574905480541,0.0794979837728356,0.07342542768069894,0.1014629963463066,0.0840981559650516,0.08811827036536932,0.07819839836378076,0.08847688848292296,0.07695376799841144,0.06484919607625098,0.09052040572676727,0.09589282606830815,0.09527137782366958,0.07522561060365372
Cnstr,0.08975370745035742,0.07324255126290709,0.06844681127879268,0.049609752279586965,0.05602537131056393,0.08427003958697377,0.11086358201747414,0.13029672454328828,0.10164412705321682,0.11532666497220014,0.08045414961080224,0.07858910474980142,0.08736437998411435,0.12632649299444004,0.10454130910246227,0.10178287231135821,0.11830330719618745,0.218428751517077,0.1654444088324067,0.1421176701191422,0.13329705941223188,0.11225522258935659,0.14808565804606827,0.10462928705321682,0.14398111196187446,0.08725603580619537,0.11466078436854647,0.13855017550436852,0.1953946994757744,0.15030873534551237,0.07204484219221603,0.11546871555202541,0.10306989880857824,0.09603568489277205,0.10388615691818903,0.09592493550436856,0.10390307002382841,0.09476686786338362,0.13300142900714848,0.10851572238284349,0.11560155672756156,0.10053041633042094,0.11772852079428119,0.10283920257347104,0.08742339256552822,0.12687007380460683,0.12558492787926925,0.12486295882446384,0.09874602033359806
Steel,0.09777004391262904,0.0789685947895155,0.07658756734868943,0.056911669275615584,0.06394152553455122,0.08907052093089755,0.1155534961429706,0.13388940350913422,0.10524986778554413,0.1157078657887212,0.08622310477998411,0.08489478569181888,0.09326562210484511,0.1388180079714059,0.11425499579189835,0.10429165055281972,0.12490416666401907,0.1654444088324067,0.19444052787768076,0.1598450130484511,0.14661561813979346,0.12083821240031772,0.15607900502462274,0.11503189242732328,0.15341968575059567,0.09534947608101667,0.13584118666401904,0.16264431070532162,0.2340703292295472,0.17435361606513103,0.08096637572676729,0.12261543472279587,0.10803145737251783,0.10127229697696583,0.11335760759015094,0.10190501663860206,0.11223230486576648,0.1021578768054011,0.13746464385067514,0.11906409202859408,0.12148488686100078,0.10961392108975378,0.1189335142621128,0.1052244164050834,0.08457509646068306,0.12366839913105644,0.1307463572708499,0.13006419244479747,0.10483329051469419
FabPr,0.08898860730420968,0.0696566809531374,0.06663342166163623,0.049183153318506756,0.05641396041938047,0.08040673476727561,0.10130206333915802,0.11775485180937253,0.0920412572613185,0.10285928321525023,0.07705576161080221,0.0745064765019857,0.08202352945194598,0.1201479111485306,0.10056042015250193,0.09110550242732329,0.10970684408260524,0.1421176701191422,0.1598450130484511,0.17761443247656866,0.12857073701985702,0.10713937187609213,0.137792427796664,0.10341074865448768,0.13682826824463865,0.08401814417474186,0.11298925513899918,0.13506651992692623,0.1964415278157267,0.1503334925464655,0.07051270058776808,0.10664912290389199,0.09565171160603655,0.089736097477363,0.10062417125972993,0.09051928820333596,0.09833188114058776,0.0900841291088165,0.12220634580460683,0.1042876389706116,0.10589126775853852,0.09704328854011118,0.10512021961556789,0.09194886761239078,0.07577828443526606,0.10777600847974585,0.11364950476886417,0.11472675816362192,0.09242330238919776
Mach ,0.08011738037013504,0.06521449229547259,0.06351451978713263,0.04606644935504367,0.054312332015885624,0.07466114288482922,0.09512119955837962,0.11382625993486889,0.08781745542652898,0.09668730937887213,0.07156806668625894,0.07023898365845913,0.07730189873709294,0.1125943828403495,0.09518275099444003,0.08693420025893564,0.10272016148530586,0.13329705941223188,0.14661561813979346,0.12857073701985702,0.12348041191262907,0.0986409661096108,0.1292468542065131,0.09513439739952344,0.1280650426370135,0.07921825968705319,0.10056111314535342,0.12422198431930102,0.1766307991262907,0.1381684907275616,0.06645600810166802,0.10184935456393965,0.08976575776965848,0.08438973916918187,0.0936642220460683,0.08499326858459096,0.09253333606513106,0.08496646419221604,0.11531781382684672,0.09645645952660842,0.09974888946624307,0.0899994591993646,0.09908766298332007,0.08702786911358222,0.07177994237013503,0.1025011250087371,0.10809679841461478,0.10806644753613975,0.08644059637648926
ElcEq,0.06596694468943604,0.05495814872120731,0.05417090243685462,0.03803476909610801,0.04596223144718031,0.06436581649563144,0.08032968903574264,0.09382525668943607,0.07377787967275616,0.08102673556155678,0.06075026069261316,0.05992815142494042,0.06635127702938838,0.09370291922478154,0.07983214979189833,0.07149698418109611,0.08576667436060366,0.11225522258935659,0.12083821240031772,0.10713937187609213,0.0986409661096108,0.09336859400158855,0.10726761928832407,0.07985888718347892,0.10675490668784748,0.06797433671485308,0.07820857415409056,0.10268857878633837,0.1447095863065925,0.11272823339475774,0.05493769820492454,0.08609151471326448,0.07549976810802222,0.07123093851945989,0.07880827579348687,0.07199990769817312,0.07845306745353454,0.07161077643526609,0.09576677600635425,0.08034101288006353,0.08391249599046861,0.07511604099126291,0.08250802953455122,0.07217332072756157,0.06104966685941221,0.08630868406989675,0.09056924881334392,0.0907802595965052,0.07308587600635426
Autos,0.08186361936616361,0.07187247494837172,0.06739335955837965,0.05063539490548054,0.05791904859094518,0.08488887736616363,0.10924634887053215,0.1300842503463066,0.09974638914535346,0.1098157282891184,0.07930131209372517,0.07690012232088958,0.08469859287529784,0.12361300410802226,0.10603285148054013,0.09777214594281174,0.11309739621127876,0.14808565804606827,0.15607900502462274,0.137792427796664,0.1292468542065131,0.10726761928832407,0.16266209329785547,0.10349927515647335,0.14182608848292294,0.08652773630023829,0.1032073547974583,0.12754369387291498,0.181265582700556,0.14198506433836375,0.07029609124702146,0.11327203892930897,0.10104666908975374,0.0928688319602859,0.10147739645115171,0.09275317006830819,0.10070211352025414,0.09277274708975376,0.13267206101350285,0.1062522062652899,0.11257757836854645,0.09867127364892773,0.11268844745988883,0.10000207008578237,0.08175712037172359,0.11456104467196186,0.11960083802065122,0.11904457151389991,0.09611732988562349
Aero ,0.0633197400969023,0.053704737633042086,0.05362149798570293,0.03952841460365369,0.04598669885305798,0.06128629277521842,0.0763108718888006,0.09090959201429706,0.07129038368069898,0.07957830357108815,0.05817302427799843,0.05686615501350278,0.06289600227958696,0.08961436429864973,0.07727953624622713,0.06863438626052423,0.08251174197776012,0.10462928705321682,0.11503189242732328,0.10341074865448768,0.09513439739952344,0.07985888718347892,0.10349927515647335,0.09357725415567911,0.10212774729150119,0.06677020962827639,0.07290803219221603,0.09374232167275615,0.13206897367752182,0.1048049825274027,0.055762124829229535,0.08268552620492453,0.07336384440349483,0.06847163968069896,0.07539926704686259,0.06864242217315329,0.07419649493407467,0.06805415554090549,0.09333902822557587,0.07880857436695789,0.08226880054487688,0.07275443444320889,0.08167439389356629,0.07155098881493248,0.058193764819698166,0.08462857436219223,0.08637716783796665,0.0879467161048451,0.07007813071167593
Ships,0.08692629874503574,0.07064060787926925,0.06858636772041304,0.04957140333598095,0.05879430061953931,0.08193645445591739,0.10449774357426528,0.12695646042891184,0.09708593966640189,0.10788136517871327,0.07951022068308182,0.07659180047656872,0.0838685921842732,0.11967988508339954,0.10398191389992058,0.09682068171564734,0.11187640441620335,0.14398111196187446,0.15341968575059567,0.13682826824463865,0.1280650426370135,0.10675490668784748,0.14182608848292294,0.10212774729150119,0.1697818377760127,0.08697122516282764,0.09984253620333595,0.1277555581572677,0.17756785525019858,0.14075616047656864,0.07026116292295471,0.11008036022239871,0.09990169982525818,0.09217742239872913,0.1008482922319301,0.09167119043685466,0.09900656015885624,0.0914900476250993,0.12632033261318504,0.10418135456711673,0.11179322573471008,0.09822845823669578,0.11098537858617949,0.09697411377283559,0.07950636019062747,0.11222768711675936,0.11619297741064334,0.11627460772041304,0.09456201779189831
Guns ,0.055541213186656065,0.04560323625099286,0.04456211762033356,0.03188713328514693,0.040231655453534555,0.05176927749324859,0.06576900189674345,0.07884779882922954,0.058650701853852266,0.06477977051310563,0.05015907766957903,0.04982992236854646,0.05616442151707703,0.0747046429960286,0.06344192272756155,0.060538978714853045,0.06878968197776011,0.08725603580619537,0.09534947608101667,0.08401814417474186,0.07921825968705319,0.06797433671485308,0.08652773630023829,0.06677020962827639,0.08697122516282764,0.09782239169340744,0.062304669444003195,0.08065997242732327,0.10818366756155678,0.08734177288482921,0.04568997267672758,0.07170521224146147,0.06308041190150915,0.0584713430802224,0.06331215848451151,0.05833000562033361,0.06278636818268465,0.058187489949165984,0.07952859604130261,0.06609718215091341,0.0693978086624305,0.061098727310563955,0.06738414861953931,0.05936952522478158,0.04935693784590944,0.07048611709451946,0.07290002864813344,0.07397599508816519,0.058470547057982526
Gold ,0.06665037716441623,0.04960418169976171,0.050323263463065926,0.040797024074662416,0.04305053658459094,0.05926780277998413,0.07346547254964254,0.0792166306195393,0.06632233271644161,0.0701486228594122,0.056389333383637795,0.05472127386020652,0.06088173360603654,0.09883549822081016,0.06911106107227957,0.06736869201747417,0.07998795387609219,0.11466078436854647,0.13584118666401904,0.11298925513899918,0.10056111314535342,0.07820857415409056,0.1032073547974583,0.07290803219221603,0.09984253620333595,0.062304669444003195,0.2938390948292295,0.16030966801429705,0.1980796772200159,0.14193984224781575,0.0561770176330421,0.07831651725178712,0.06443572038125493,0.0645535697299444,0.07219561374106434,0.06535117084988089,0.07310875983320096,0.06591494277204131,0.08998767291501189,0.07784781629864972,0.07093120509134232,0.07028520462271645,0.06993423634630659,0.06294388502779985,0.04581471785544081,0.07575277425734711,0.08041548373312152,0.08183981633042094,0.06780364210484514
Mines,0.08558204488165211,0.06506905248610009,0.06571167193963462,0.048084766003177126,0.05221532763145355,0.07356004108975378,0.09721827933598094,0.10577400358856233,0.08694778754725975,0.09359971109451945,0.0711658197760127,0.07188810681969816,0.07985078590150915,0.12044019586656078,0.09112219962033359,0.08651529241143767,0.10359463899126291,0.13855017550436852,0.16264431070532162,0.13506651992692623,0.12422198431930102,0.10268857878633837,0.12754369387291498,0.09374232167275615,0.1277555581572677,0.08065997242732327,0.16030966801429705,0.18570360568546465,0.21720600319301037,0.160653786152502,0.06692719043685465,0.10183388771723588,0.08599856298014297,0.08469739319618744,0.09405900098173152,0.08494760644003178,0.09470737658935661,0.08622755196028593,0.11274095422398728,0.09778207941540906,0.09707180560603654,0.09111110803177125,0.09548249354725971,0.08596203097220018,0.06693803320413026,0.09862098462748209,0.10352195463383637,0.10781944264336772,0.08760904099920572
Coal ,0.11717085857029386,0.09025180629070688,0.08622158462271647,0.06479886193804607,0.07570775415409053,0.09992372524225575,0.13221186452740274,0.1516636227323272,0.11698897383637807,0.1309364358697379,0.09765047382049245,0.09812084446386021,0.1061017711675933,0.16870130999205715,0.12743243594916598,0.11570600103256551,0.14437842521048447,0.1953946994757744,0.2340703292295472,0.1964415278157267,0.1766307991262907,0.1447095863065925,0.181265582700556,0.13206897367752182,0.17756785525019858,0.10818366756155678,0.1980796772200159,0.21720600319301037,0.38871509988880054,0.2413328146306592,0.09876586373312154,0.14078175869737894,0.11928222077839555,0.11571905247021444,0.13028014614773636,0.11608119262907064,0.12984484983320094,0.11702460163621924,0.15828931428117554,0.13830077312152503,0.13456040624305005,0.12582905918983311,0.13190768991262905,0.1171177284988086,0.09240290818109613,0.13919809704527403,0.14745049054805398,0.14802480638602059,0.1216049476250993
Oil  ,0.09247181404447975,0.07175323193010323,0.07044143905003969,0.05217610850357426,0.0634526902748213,0.08480469464972198,0.10493807903733122,0.12144742205401111,0.09476135510246227,0.10255583265766482,0.08044586079904685,0.07859906902462273,0.08703647257347095,0.1312955515583797,0.10384906360127086,0.09509872479904687,0.11416162030976963,0.15030873534551237,0.17435361606513103,0.1503334925464655,0.1381684907275616,0.11272823339475774,0.14198506433836375,0.1048049825274027,0.14075616047656864,0.08734177288482921,0.14193984224781575,0.160653786152502,0.2413328146306592,0.19692529965210478,0.08133204632247813,0.11346354034312946,0.09617251976489279,0.09240749167434473,0.10367255225734705,0.0930321295599682,0.10340310425893569,0.09382653433359812,0.12611592125178717,0.10857189709928511,0.10565018524702145,0.10023705690548051,0.1030679919872915,0.09149317675774421,0.07573003859253376,0.11261468503733123,0.12049203636854647,0.11706448716123909,0.09717763067990466
Util ,0.045044508149324855,0.038919673931691816,0.039993278061953935,0.030421599110405078,0.03675011625099285,0.04276686379666403,0.051908568895949164,0.062269878316123906,0.04813478665607624,0.05337102030182685,0.041692213502779976,0.04084026068308182,0.04485371745830024,0.06428464590945195,0.05438419958697376,0.04652934535345511,0.05674182907069101,0.07204484219221603,0.08096637572676729,0.07051270058776808,0.06645600810166802,0.05493769820492454,0.07029609124702146,0.055762124829229535,0.07026116292295471,0.04568997267672758,0.0561770176330421,0.06692719043685465,0.09876586373312154,0.08133204632247813,0.05115999987291501,0.05872358830818108,0.05104312533756949,0.0475153838602065,0.051339964638602055,0.047961158252581425,0.05070893969817314,0.0466050569658459,0.06495159701350278,0.05705471383637808,0.055325984495631475,0.05072211135822083,0.05517854948371724,0.0474544283081811,0.04047737687053217,0.06222306989674344,0.06008022563939635,0.061251170135027816,0.04959690881652103
Telcm,0.06829115438602064,0.05830931494837172,0.05884284535663226,0.041361508050834,0.049312694087370934,0.06840953625416996,0.08637865586020652,0.10336235221286737,0.07761161191739477,0.08505146590627481,0.06397319697855439,0.06310645869102464,0.07050991868149323,0.09748193295631452,0.08317534529308976,0.07612894371088162,0.08908103709293089,0.11546871555202541,0.12261543472279587,0.10664912290389199,0.10184935456393965,0.08609151471326448,0.11327203892930897,0.08268552620492453,0.11008036022239871,0.07170521224146147,0.07831651725178712,0.10183388771723588,0.14078175869737894,0.11346354034312946,0.05872358830818108,0.0999603713995234,0.08108167522160444,0.07492662451787133,0.082633402980143,0.07573826790786341,0.08150337198729148,0.07374522598570293,0.10279010218903893,0.08304215412867354,0.08915510747895157,0.07857105180619539,0.08960182861953932,0.07880623900555996,0.06523241427164414,0.0929705529245433,0.09679054297696583,0.09678079261000794,0.07599279205401112
PerSv,0.06093304894678316,0.05245213375694995,0.051404286106433675,0.036776982487688646,0.04338066089912628,0.05887752105480539,0.0777610116409849,0.09253913985067512,0.06922324610643367,0.07676107815091342,0.05888173095472596,0.05686942175059569,0.061883509388403465,0.08437653936775218,0.07454840038760924,0.06818176999523431,0.08017940009531374,0.10306989880857824,0.10803145737251783,0.09565171160603655,0.08976575776965848,0.07549976810802222,0.10104666908975374,0.07336384440349483,0.09990169982525818,0.06308041190150915,0.06443572038125493,0.08599856298014297,0.11928222077839555,0.09617251976489279,0.05104312533756949,0.08108167522160444,0.08846171854487687,0.06736254584273231,0.0725565226878475,0.06714634201111994,0.07150186130579825,0.06595419907227958,0.09183457012867355,0.07408077974265288,0.07950762769817313,0.07053115161874504,0.08138121587291498,0.07062757640667196,0.0585909147386815,0.08257963518983322,0.08741468436536932,0.08581041546624305,0.06707436634789515
BusSv,0.056816358695790325,0.048342980206513085,0.04719102903574264,0.033373130892772045,0.03883938950277997,0.05472075157744241,0.07060303950119141,0.08406934693725178,0.06419680527879268,0.07049151266401904,0.05355114314058777,0.052847307941223186,0.05842717079428117,0.07946594763145352,0.06905467482605243,0.062207997488482936,0.07406697285941223,0.09603568489277205,0.10127229697696583,0.089736097477363,0.08438973916918187,0.07123093851945989,0.0928688319602859,0.06847163968069896,0.09217742239872913,0.0584713430802224,0.0645535697299444,0.08469739319618744,0.11571905247021444,0.09240749167434473,0.0475153838602065,0.07492662451787133,0.06736254584273231,0.06565354797617155,0.0680134594980143,0.06268126024146146,0.06741180554249403,0.06206650121842732,0.08344827213979347,0.069222970446386,0.07301688719142177,0.06544631297537727,0.07321103117394755,0.06414513701509134,0.05305566663383639,0.07548111775853852,0.07762126428276409,0.07914348640508338,0.06297153173471008
Hardw,0.06319380413979346,0.05181786665607625,0.05253434028911835,0.03640879481810961,0.04380576925814138,0.06095396405401113,0.07727413786179506,0.08966127122795868,0.06973842958220809,0.07764080960762508,0.0579362459698173,0.057379420311358224,0.06390513342335184,0.08745304869896743,0.07559554233836378,0.06744654657029386,0.08058310463860205,0.10388615691818903,0.11335760759015094,0.10062417125972993,0.0936642220460683,0.07880827579348687,0.10147739645115171,0.07539926704686259,0.1008482922319301,0.06331215848451151,0.07219561374106434,0.09405900098173152,0.13028014614773636,0.10367255225734705,0.051339964638602055,0.082633402980143,0.0725565226878475,0.0680134594980143,0.08419564116918188,0.07015076830500397,0.07687708658617949,0.06905658925814138,0.09124192903574262,0.07596780972835585,0.07963387443685464,0.07148812729467831,0.08036133238443208,0.0706771113486894,0.057209966233518664,0.08114403305162828,0.08429931276250995,0.08702376998888003,0.06928504053693409
Softw,0.05782364034630658,0.04800581801429707,0.0479228357045274,0.03464900942652899,0.03952665837013501,0.05457063535504368,0.07009675264813345,0.08269230839396348,0.06370025640349483,0.07093295171405876,0.05306651652740271,0.05269779602541701,0.05825742203335981,0.08138505183161239,0.06900135556155682,0.06243148955996824,0.07305574905480541,0.09592493550436856,0.10190501663860206,0.09051928820333596,0.08499326858459096,0.07199990769817312,0.09275317006830819,0.06864242217315329,0.09167119043685466,0.05833000562033361,0.06535117084988089,0.08494760644003178,0.11608119262907064,0.0930321295599682,0.047961158252581425,0.07573826790786341,0.06714634201111994,0.06268126024146146,0.07015076830500397,0.0672738628816521,0.06904142817791896,0.06232602744082604,0.08416004718665605,0.069125085324861,0.07338760434312948,0.06560792641143764,0.07356795327720413,0.06439906011437647,0.053205057461477356,0.07546465397617154,0.07866958864495632,0.08011568420015883,0.06279899532009531
Chips,0.06289716638760921,0.051286971437648925,0.051566278192216035,0.036016049345512315,0.04200438295154886,0.060341638382843524,0.07669537304845117,0.08879898259412233,0.06875633820015886,0.07631190385702938,0.05716651512787925,0.056662633154884824,0.06321045417791897,0.0875209575313741,0.07444806004289119,0.06706461407625099,0.0794979837728356,0.10390307002382841,0.11223230486576648,0.09833188114058776,0.09253333606513106,0.07845306745353454,0.10070211352025414,0.07419649493407467,0.09900656015885624,0.06278636818268465,0.07310875983320096,0.09470737658935661,0.12984484983320094,0.10340310425893569,0.05070893969817314,0.08150337198729148,0.07150186130579825,0.06741180554249403,0.07687708658617949,0.06904142817791896,0.07919936980301825,0.06857091933756951,0.09002761345194599,0.07472345954567114,0.07873746423034153,0.07088395393486895,0.07869438814297061,0.06948830142811754,0.05645482937887212,0.07969245313899918,0.08370019992692615,0.0854616618395552,0.06822091372994439
LabEq,0.05725793326926132,0.04729348368546466,0.04645848417156476,0.03361307659888801,0.03845978656711676,0.05520344900079426,0.06918257630182682,0.08091000914853057,0.06363281582366956,0.06992484412073074,0.05353204493884035,0.05313544664495632,0.05855891851469418,0.07960246957585385,0.06865432387768071,0.06310582025893566,0.07342542768069894,0.09476686786338362,0.1021578768054011,0.0900841291088165,0.08496646419221604,0.07161077643526609,0.09277274708975376,0.06805415554090549,0.0914900476250993,0.058187489949165984,0.06591494277204131,0.08622755196028593,0.11702460163621924,0.09382653433359812,0.0466050569658459,0.07374522598570293,0.06595419907227958,0.06206650121842732,0.06905658925814138,0.06232602744082604,0.06857091933756951,0.06745921915647339,0.08316331940270053,0.06823724786656075,0.0723395749150119,0.06527023254328833,0.07157786368228752,0.06359746506274822,0.0521948023542494,0.0736870937934869,0.076494958954726,0.07821733052263702,0.06308705033995231
Paper,0.077447666827641,0.06534246497220017,0.0609898726544877,0.04472948366004764,0.054538720133439245,0.07619941362351072,0.09771097526926134,0.11661708582049245,0.08827620212231929,0.09762306148371724,0.07175687514535349,0.06929005348371722,0.0768574704050834,0.10897982158538523,0.09527146356791102,0.0904938680031771,0.1014629963463066,0.13300142900714848,0.13746464385067514,0.12220634580460683,0.11531781382684672,0.09576677600635425,0.13267206101350285,0.09333902822557587,0.12632033261318504,0.07952859604130261,0.08998767291501189,0.11274095422398728,0.15828931428117554,0.12611592125178717,0.06495159701350278,0.10279010218903893,0.09183457012867355,0.08344827213979347,0.09124192903574262,0.08416004718665605,0.09002761345194599,0.08316331940270053,0.1340176378459095,0.09804975026528989,0.10137610929944399,0.088624733146942,0.1014385576616362,0.08884264135345511,0.07476594699285145,0.10659757421445593,0.10894748500714853,0.108971594573471,0.08595736369181889
Boxes,0.06339732620174741,0.05533768848292296,0.0532798942144559,0.03706811471326449,0.0483639300587768,0.06192922752660842,0.07909354804765685,0.09218424494360604,0.07132057834471801,0.07980456751707704,0.05903308716759332,0.05627275215885621,0.06254585359809371,0.09204010866401903,0.07850403362668784,0.0705624644384432,0.0840981559650516,0.10851572238284349,0.11906409202859408,0.1042876389706116,0.09645645952660842,0.08034101288006353,0.1062522062652899,0.07880857436695789,0.10418135456711673,0.06609718215091341,0.07784781629864972,0.09778207941540906,0.13830077312152503,0.10857189709928511,0.05705471383637808,0.08304215412867354,0.07408077974265288,0.069222970446386,0.07596780972835585,0.069125085324861,0.07472345954567114,0.06823724786656075,0.09804975026528989,0.1008784459666402,0.08369468392692614,0.0734603125782367,0.08310778253216836,0.07258461734074659,0.059877959739475774,0.08729429840190628,0.0880662008832407,0.0905237716155679,0.0704502632120731
