,Agric,Food ,Soda ,Beer ,Smoke,Toys ,Fun  ,Books,Hshld,Clths,Hlth ,MedEq,Drugs,Chems,Rubbr,Txtls,BldMt,Cnstr,Steel,FabPr,Mach ,ElcEq,Autos,Aero ,Ships,Guns ,Gold ,Mines,Coal ,Oil  ,Util ,Telcm,PerSv,BusSv,Hardw,Softw,Chips,LabEq,Paper,Boxes,Trans,Whlsl,Rtail,Meals,Banks,Insur,RlEst,Fin  ,Other
Agric,0.10946307001747417,0.0448178619158062,0.04311972748530579,0.030846198214455917,0.03969342710722795,0.048151951847498015,0.06401896814614774,0.07721985405559968,0.061049449817315346,0.06381642754567114,0.05100743242573472,0.05075500088959492,0.05534035604130263,0.07668226757744238,0.06478079396346305,0.06201284635424941,0.07175335238125495,0.09166293422081016,0.09935860781572678,0.08986762582366957,0.08188709013502778,0.06725399450357425,0.0839162623415409,0.0645091360127085,0.08933400406671964,0.057175752718030166,0.06779793490071483,0.08704689014138203,0.11917504456235108,0.09509379181572675,0.045290217518665604,0.06959519885623512,0.06268915181572678,0.058051469496425756,0.06487221140587768,0.059010880139793484,0.06438179299126291,0.05873354136298648,0.0789200753677522,0.06398036608101669,0.06907259191104048,0.06274720508339951,0.06734554296425733,0.058625789305798266,0.05046650035901509,0.06930919724225575,0.07218928111199362,0.07488363242573472,0.06016491601588561
Food ,0.0448178619158062,0.04582101676092136,0.039354341131056396,0.028337429270849878,0.03413240805242256,0.04250882472279586,0.055153985350277976,0.0644262861445592,0.04946725412231929,0.055289087768069886,0.04250607157585385,0.041244865949166,0.045725190671961874,0.06210625069102461,0.054789180992851474,0.04954533428911834,0.058209201841143775,0.07451991112311357,0.07948454741858617,0.06971533861159648,0.06608324883240667,0.055427433534551235,0.07298817275456712,0.05406094286735506,0.07198245173153296,0.04642606498173152,0.05014795028594121,0.06556224223828436,0.0913157915202542,0.07312000087053215,0.03896283566799046,0.05893172692613185,0.05342097457188244,0.04890689978236697,0.052754141604447954,0.04858049996505163,0.05197472434948371,0.048048905397934875,0.0660347283542494,0.055359092848292296,0.05790582437331216,0.05149636327243843,0.05752796118506751,0.05054685033042096,0.04221506653057981,0.06083780620174742,0.06126139030182683,0.06254606985226369,0.049594103291501164
Soda ,0.04311972748530579,0.039354341131056396,0.07566819628911833,0.030237156905480532,0.03415772120413024,0.043636585108816524,0.052612408349483705,0.06172314696743446,0.04820721070691024,0.053019268085782376,0.04066578474027004,0.04113705030976966,0.04501256326608421,0.06116257264495631,0.05248555912629072,0.046785938220810154,0.05491024234789515,0.06908875746465448,0.07640493461477366,0.06591723277521842,0.06386123046862589,0.05423763520254169,0.0679304149610802,0.0535988935186656,0.06932684179507545,0.044976946897537735,0.05004297151707704,0.06553686191898334,0.08598726831453533,0.07151740942970612,0.039816410112787914,0.058910553836378055,0.0517538733375695,0.047317309207307395,0.052843811342335185,0.04804275430659252,0.05181366531532962,0.046688536864177906,0.061279124127084986,0.05309210448927721,0.05539316668149326,0.050828278189038914,0.05577071150436854,0.049560201280381244,0.04033208194122318,0.05870032601747419,0.05960548868943604,0.060592191269261304,0.0472983977505957
Beer ,0.030846198214455917,0.028337429270849878,0.030237156905480532,0.05413054823828435,0.02653676796505162,0.033095561680698965,0.03814366682764098,0.0432593678602065,0.03434705594916601,0.03978866354249403,0.030248548374900715,0.029801147275615572,0.03157298495313741,0.04535738602065132,0.03818268481334392,0.03435088417791898,0.04053229686100078,0.05079803792216045,0.05721752339952342,0.049417646220810164,0.046663947736298644,0.038598756981731534,0.051506501976171556,0.0400045858141382,0.050762662637013505,0.03290822703097696,0.040840162779984104,0.04846696812390786,0.06518445971723591,0.05308295206989674,0.030416829035742665,0.04177046344718031,0.037331792244638604,0.03377478207783956,0.03710561232724385,0.035095911974583,0.03645505799523432,0.0342600966290707,0.045267737814138204,0.037061930592533765,0.04077055179984113,0.037200611151707697,0.04002485219380461,0.036021208956314534,0.028190682614773633,0.04251364235742653,0.04366371664813344,0.04302628252899126,0.03543217812867355
Smoke,0.03969342710722795,0.03413240805242256,0.03415772120413024,0.02653676796505162,0.0727677419078634,0.03623806223510721,0.043846811853852266,0.05235368580142972,0.039936827212073076,0.046271726624305,0.03497613709769659,0.03472655139793486,0.03873627766799047,0.05289907080222401,0.04516971289118349,0.040855645091342326,0.046945739032565534,0.056730091831612386,0.06361177108816518,0.05637458275456712,0.05457633559968229,0.046278134884829215,0.05865631900079429,0.04627698955520255,0.05992555830818109,0.04125714772676727,0.04305954820492455,0.052337808373312165,0.07612061880540112,0.06449202016203336,0.036492653069102446,0.04968462481334393,0.043690588668784745,0.03914496407783955,0.044161242795869714,0.03966656252899125,0.042205883307386824,0.038735057906274815,0.054801904306592535,0.047775915761715644,0.04740213766004765,0.042348927974583,0.04661214826687846,0.03921309114694201,0.03483375218268468,0.05225932599841143,0.05017542218427323,0.05185862380937252,0.03981801499285146
Toys ,0.048151951847498015,0.04250882472279586,0.043636585108816524,0.033095561680698965,0.03623806223510721,0.0847087444940429,0.06585287859253375,0.07414962485146943,0.058123350325655285,0.06492717847498014,0.047872402511517066,0.04555641324066719,0.05210619673391579,0.07221740799046862,0.06269183951548846,0.059274941628276394,0.0673868807418586,0.08523516380619539,0.08951103294678317,0.0800146690833995,0.07536425985702937,0.06493084420969024,0.08576249870849881,0.06166057718030183,0.08318188102462269,0.05277479119618745,0.05969045541699761,0.07381528472915012,0.10062656954090546,0.08583740210325654,0.042731708608419385,0.06891149509134234,0.05951030400158857,0.055172238044479745,0.06197937178713265,0.05509167562192217,0.06099116831453535,0.055972702182684665,0.07699960766799044,0.06192063419221603,0.06597684485941221,0.058949173343923744,0.06638826900397138,0.05890887663065923,0.04900301733598093,0.06862580017791896,0.07429631891183477,0.07070890080381252,0.057516863710881654
Fun  ,0.06401896814614774,0.055153985350277976,0.052612408349483705,0.03814366682764098,0.043846811853852266,0.06585287859253375,0.0972275449785544,0.09700196019698172,0.07488574109610802,0.08317226312946782,0.06091616134392373,0.05969976204924544,0.06621216651945988,0.09145729131056392,0.0786445114376489,0.075892315949166,0.08723674453057984,0.1124338577855441,0.11660658335186654,0.10152739267355042,0.09633398163621923,0.08112360289118345,0.11100963962192216,0.0769935455599682,0.10648483178713262,0.06723832633518664,0.07396465936457504,0.09797577007466242,0.13330364444162032,0.10673900153137406,0.05193449848133437,0.08724644435266082,0.07890860240508339,0.07136950308816521,0.0786137062112788,0.07095824099126291,0.07775493674980143,0.07029811641620333,0.09873267406195392,0.07933794402541701,0.08581688113423351,0.07476805915806194,0.0872245341509134,0.0774096948911835,0.06283417909134234,0.08720616793010326,0.0920346088482923,0.0922379310500397,0.07326006703097696
Books,0.07721985405559968,0.0644262861445592,0.06172314696743446,0.0432593678602065,0.05235368580142972,0.07414962485146943,0.09700196019698172,0.15757305592374898,0.09092997922160444,0.09758083596505164,0.07192313533915806,0.06895873401111992,0.07621143120571884,0.10709645232724384,0.09558481010325655,0.092246922700556,0.10204391649245433,0.13218751535504367,0.13503007472597295,0.11780047403971407,0.11503938338363778,0.09476241483717235,0.13173090273550436,0.0915817256235107,0.12911038627482135,0.0800606440794281,0.07935936705321686,0.10667624379984117,0.15201585813502783,0.12282908791739476,0.062385914573471014,0.10436928019062745,0.09337023501826848,0.0850253563844321,0.09082420984908655,0.08380944394598887,0.08978162777442414,0.0822521740174742,0.11759728643685469,0.09213981077680698,0.10107535276250992,0.0879734785067514,0.10273366110881652,0.08991113198411439,0.07627530584273234,0.10508215179030976,0.1112066681175536,0.10799101378236696,0.0846291926544877
Hshld,0.061049449817315346,0.04946725412231929,0.04820721070691024,0.03434705594916601,0.039936827212073076,0.058123350325655285,0.07488574109610802,0.09092997922160444,0.08153523968228751,0.07745193810961078,0.055742602748212855,0.05393999795075456,0.05860799218427323,0.08422871831612391,0.07442842330420968,0.07078919566322477,0.07983150743447179,0.10300786176330418,0.10614834627482125,0.09224430398729148,0.08889278430500398,0.07440742557585385,0.10129572109610803,0.07183786603653693,0.09867136001588565,0.059884494964257344,0.06675504179507546,0.08771244935663224,0.11835115764892769,0.09645783002382843,0.048085311405877684,0.07838239196187449,0.07027938327243843,0.0649130087212073,0.07091338036536934,0.06454304393963464,0.06969315977760125,0.06468761334392373,0.08919659626687847,0.07166883771247022,0.07879428830818108,0.06884457769658459,0.07923576651310561,0.06969086867355043,0.05826385262907067,0.07902813416997616,0.08487987318506753,0.08295208069896744,0.06657318980142969
Clths,0.06381642754567114,0.055289087768069886,0.053019268085782376,0.03978866354249403,0.046271726624305,0.06492717847498014,0.08317226312946782,0.09758083596505164,0.07745193810961078,0.1024138128355838,0.06057933799841143,0.05900968522637013,0.06438002544876888,0.09217663647339155,0.08080139550436855,0.0767868734392375,0.08673775830023826,0.1170828272279587,0.11666112975377284,0.1036255607307387,0.09786471745830022,0.0819229033836378,0.11166804710087372,0.08041553914217633,0.1099650146624305,0.06628984314535344,0.07025085110405083,0.09452621653693408,0.13186663307386812,0.10445389553613978,0.053415932343129476,0.08595902201747418,0.07793138800635427,0.07127435369340746,0.07899965633042097,0.07197512784749803,0.07745719313741063,0.07111769801429703,0.09862956046068308,0.08008960915011912,0.08755780833995233,0.07608537092930898,0.09267323088165214,0.07949809847498014,0.061634047958697376,0.08767963615567911,0.09271742718030182,0.09156679463065923,0.07280016870532167
Hlth ,0.05100743242573472,0.04250607157585385,0.04066578474027004,0.030248548374900715,0.03497613709769659,0.047872402511517066,0.06091616134392373,0.07192313533915806,0.055742602748212855,0.06057933799841143,0.057608457091342345,0.04872861271644162,0.05314322931850673,0.06923520563939635,0.06027776906274821,0.056176292239872916,0.06473998909134232,0.08238970520095315,0.08767739301032565,0.07745841244162033,0.07287744648133439,0.06173894419380459,0.08112814484988085,0.05891071546465448,0.0814625064892772,0.051429265070691024,0.05712337781572676,0.07249718519936459,0.09960816497855442,0.08253518541064338,0.042017457618745035,0.06504665118347894,0.06031718797617157,0.054567848246227166,0.059301671771247025,0.054093744393963465,0.058453777960285926,0.054779399898332005,0.07289059493725178,0.059523844187450346,0.06347861763463067,0.05763785490071486,0.06263808966163623,0.05529040470373312,0.04598367912152502,0.0667095854297061,0.0679476768308181,0.06740104254805401,0.05524574159491662
MedEq,0.05075500088959492,0.041244865949166,0.04113705030976966,0.029801147275615572,0.03472655139793486,0.04555641324066719,0.05969976204924544,0.06895873401111992,0.05393999795075456,0.05900968522637013,0.04872861271644162,0.053555514019062736,0.05312585623510722,0.06801004408260525,0.0585156403415409,0.05457501915011915,0.0632610308101668,0.08026108784749801,0.08585449248610007,0.07465001204130262,0.07139837709293088,0.06063270762509927,0.07850267521048453,0.05759925848292294,0.07833137354249402,0.051232483415409064,0.05537995641779189,0.07286837983320094,0.09952847642573472,0.0804684020969023,0.04097930361397934,0.06399905547259727,0.057959946600476576,0.0536953637251787,0.05860284705321683,0.05350970230341542,0.05766712084193805,0.05423431339158062,0.07031530143764891,0.05657720339952343,0.062071091842732316,0.056140293502779985,0.06106963210484511,0.0532334921604448,0.04511179622716442,0.06405328708498806,0.06586046585385226,0.06655765610802224,0.05440720789515489
Drugs,0.05534035604130263,0.045725190671961874,0.04501256326608421,0.03157298495313741,0.03873627766799047,0.05210619673391579,0.06621216651945988,0.07621143120571884,0.05860799218427323,0.06438002544876888,0.05314322931850673,0.05312585623510722,0.0667163554312947,0.07560730627482126,0.06416535536139793,0.05874062640190627,0.0691738671517077,0.08886313559332801,0.09406262621127878,0.08166693596187449,0.07842393350277997,0.06690319901509133,0.08616178476886416,0.06339199682287527,0.08544428797458302,0.05734854927402699,0.06128397483717235,0.08047062835901507,0.10704907487847498,0.08869262348530578,0.044743564041302614,0.07129822131850677,0.06297538145194598,0.05918365843367752,0.06496288098490866,0.058923421801429704,0.0640826010548054,0.059623533445591737,0.07781263865289911,0.06280804426370133,0.06826876245274029,0.06159822576648133,0.06741941726449563,0.05922681468467037,0.04917805809054804,0.06970809113899921,0.07202303266084192,0.07277066512470215,0.05958783189197777
Chems,0.07668226757744238,0.06210625069102461,0.06116257264495631,0.04535738602065132,0.05289907080222401,0.07221740799046862,0.09145729131056392,0.10709645232724384,0.08422871831612391,0.09217663647339155,0.06923520563939635,0.06801004408260525,0.07560730627482126,0.12052331078633838,0.0914721473073868,0.08267822883240665,0.09821657418586179,0.12883715424940428,0.140625415694996,0.12070176393963464,0.11446611173947575,0.09499666786338364,0.12608138025416996,0.09071291509134234,0.12261727623510722,0.07667750122319301,0.10023897072279588,0.12231429132644955,0.17112326732327243,0.13441361251787137,0.06424583645750594,0.09876480619539313,0.08611239925337569,0.08066469729944399,0.08946842316123906,0.08275937753772837,0.08918000305003974,0.08138018961080222,0.11061856392374898,0.0926178718347895,0.09653826187450357,0.0866712650039714,0.09497829067513901,0.08392138196981733,0.06915918686258937,0.09933483402700556,0.10392583178713262,0.10334631030976967,0.08226895113582208
Rubbr,0.06478079396346305,0.054789180992851474,0.05248555912629072,0.03818268481334392,0.04516971289118349,0.06269183951548846,0.0786445114376489,0.09558481010325655,0.07442842330420968,0.08080139550436855,0.06027776906274821,0.0585156403415409,0.06416535536139793,0.0914721473073868,0.09931160259729944,0.07353225962668786,0.08527251061953929,0.10668013331215248,0.11584742862589359,0.10108459475774423,0.09687518868943605,0.08108621882446385,0.10824269306592535,0.07821339833995233,0.10661518266084193,0.06538232379666405,0.07066580045274029,0.09270284467831612,0.12935855372517865,0.10641548578236694,0.05479643142970611,0.08454640374900714,0.07613895231930104,0.07024696575853852,0.07742934233518667,0.0702676074344718,0.07595321660047656,0.07011355583796663,0.09672037111199365,0.07900148317712472,0.08440403703733124,0.0745110460365369,0.08283017431294677,0.07174478950754569,0.0618972178951549,0.08668555891977757,0.0900088360524225,0.08905351081810961,0.0712545725655282
Txtls,0.06201284635424941,0.04954533428911834,0.046785938220810154,0.03435088417791898,0.040855645091342326,0.059274941628276394,0.075892315949166,0.092246922700556,0.07078919566322477,0.0767868734392375,0.056176292239872916,0.05457501915011915,0.05874062640190627,0.08267822883240665,0.07353225962668786,0.10887032266084191,0.08143258868149325,0.10422584416203336,0.10634566265289912,0.09212121941223192,0.08883259977760127,0.07288125335980937,0.10003979816521051,0.06956071370135027,0.09964463616362192,0.06190908757744238,0.06868862418586177,0.08838515940428911,0.11761354832406669,0.09796334497220015,0.0470626229785544,0.07769177871326446,0.07002103622716442,0.06352111527402701,0.06940768432088958,0.06383543799841146,0.068701819872915,0.06464232238284354,0.091975687553614,0.07142305849086576,0.07851837390786337,0.06849961248610004,0.07795533679110403,0.06939549848292295,0.0560160443923749,0.07936111415409056,0.08558779713264496,0.08031614154090547,0.06516404840349485
BldMt,0.07175335238125495,0.058209201841143775,0.05491024234789515,0.04053229686100078,0.046945739032565534,0.0673868807418586,0.08723674453057984,0.10204391649245433,0.07983150743447179,0.08673775830023826,0.06473998909134232,0.0632610308101668,0.0691738671517077,0.09821657418586179,0.08527251061953929,0.08143258868149325,0.10188555439396345,0.12154278803494835,0.12726744857823669,0.11086021976806988,0.10521870462271644,0.08753896913423354,0.11630207393328039,0.08397831223987291,0.11569814637807785,0.07109257352501985,0.08146018367752185,0.10569025547418581,0.14744077098967434,0.11754277660365361,0.05716101330738682,0.09092848003177126,0.0822939443637808,0.07574037082922953,0.08297412333598095,0.07483226070214456,0.0815464697728356,0.07555545666719618,0.10357785215409053,0.08499508700873708,0.0905831341810961,0.08020226630659251,0.09040652481969817,0.07849540836695786,0.06634477659888799,0.09236665921525021,0.09783511989674343,0.09724673812231932,0.07694326792374902
Cnstr,0.09166293422081016,0.07451991112311357,0.06908875746465448,0.05079803792216045,0.056730091831612386,0.08523516380619539,0.1124338577855441,0.13218751535504367,0.10300786176330418,0.1170828272279587,0.08238970520095315,0.08026108784749801,0.08886313559332801,0.12883715424940428,0.10668013331215248,0.10422584416203336,0.12154278803494835,0.22172457452581412,0.16780251370929303,0.1430891176362192,0.1356539593963463,0.11378377385226368,0.15120003896425738,0.10619332555996822,0.14762072555996822,0.08998175423669577,0.11577684644956317,0.140591071847498,0.19805469824305003,0.15362649479904686,0.07245410366322477,0.11722923936457505,0.10529027459253372,0.09771611688006354,0.10627321191421762,0.09763454896902306,0.10600813956473394,0.09687891058935663,0.13494683261000795,0.10924852002541702,0.11808599141540907,0.10241160190627481,0.11946744151231133,0.10427246232883236,0.08869720853375694,0.1286093871135822,0.12750837324861,0.12652369271485303,0.10009258008578235
Steel,0.09935860781572678,0.07948454741858617,0.07640493461477366,0.05721752339952342,0.06361177108816518,0.08951103294678317,0.11660658335186654,0.13503007472597295,0.10614834627482125,0.11666112975377284,0.08767739301032565,0.08585449248610007,0.09406262621127878,0.140625415694996,0.11584742862589359,0.10634566265289912,0.12726744857823669,0.16780251370929303,0.19576313378872118,0.15935496508339952,0.14847089537728353,0.12176468575059572,0.15864683885623512,0.11565969140587767,0.15656400136616352,0.09709193687053214,0.13726168940428912,0.1640539953613979,0.23704522891183477,0.17752084689436057,0.08060048019062749,0.1236201792533757,0.10982936238284353,0.10229485995234311,0.11532535739475777,0.10315094560762508,0.1138396364733916,0.10384751710881653,0.1391077925655282,0.11930369992057185,0.12316285607625095,0.11095442706910247,0.12003169747418585,0.10595418017474187,0.08558091669579032,0.12501343901509132,0.13206689410643369,0.13114797169181888,0.1057091790627482
FabPr,0.08986762582366957,0.06971533861159648,0.06591723277521842,0.049417646220810164,0.05637458275456712,0.0800146690833995,0.10152739267355042,0.11780047403971407,0.09224430398729148,0.1036255607307387,0.07745841244162033,0.07465001204130262,0.08166693596187449,0.12070176393963464,0.10108459475774423,0.09212121941223192,0.11086021976806988,0.1430891176362192,0.15935496508339952,0.18197242931850677,0.12895099539316918,0.10696922865766482,0.13864472696425734,0.10316530722795869,0.13874536225575854,0.0847659909070691,0.11231622608419382,0.13457873643208895,0.19659850807307386,0.15094243251469416,0.06982417183161238,0.10665607567911041,0.09604433014773629,0.08963085542176327,0.1011018729150119,0.0906967962954726,0.09859315035424938,0.090537642649722,0.12278092620174744,0.10404467851945988,0.10641147426211282,0.09728343307386814,0.10575698220174744,0.0922567914980143,0.07604460139158059,0.10833145214297057,0.1143068201429706,0.11475923515806198,0.09276239290230341
Mach ,0.08188709013502778,0.06608324883240667,0.06386123046862589,0.046663947736298644,0.05457633559968229,0.07536425985702937,0.09633398163621923,0.11503938338363778,0.08889278430500398,0.09786471745830022,0.07287744648133439,0.07139837709293088,0.07842393350277997,0.11446611173947575,0.09687518868943605,0.08883259977760127,0.10521870462271644,0.1356539593963463,0.14847089537728353,0.12895099539316918,0.12546471974583,0.09993686478157267,0.13180076578236696,0.09616811733121523,0.13101146211278794,0.08091490942017476,0.10213186722795867,0.12591121362986493,0.1793008357744241,0.14116028940428912,0.06659674617950753,0.1031433146306593,0.09159183698173153,0.08564829045274026,0.0956344966799047,0.08633090268467036,0.09422754853057981,0.08665121089753773,0.1169602366322478,0.09699763320095312,0.10156253070691022,0.09152636454328832,0.10038331234312947,0.0879516485146942,0.07286181140587768,0.10398230935663227,0.10951239498014297,0.10948390284352663,0.08758036241461477
ElcEq,0.06725399450357425,0.055427433534551235,0.05423763520254169,0.038598756981731534,0.046278134884829215,0.06493084420969024,0.08112360289118345,0.09476241483717235,0.07440742557585385,0.0819229033836378,0.06173894419380459,0.06063270762509927,0.06690319901509133,0.09499666786338364,0.08108621882446385,0.07288125335980937,0.08753896913423354,0.11378377385226368,0.12176468575059572,0.10696922865766482,0.09993686478157267,0.09456091618745038,0.10916869415409053,0.08047519105639395,0.10907306889594914,0.06926216400317713,0.07877518247815728,0.10352359032565531,0.14620335901509132,0.11481729035742652,0.05485112999205719,0.0869400997934869,0.07672245037331214,0.07202808449563146,0.08031471907863383,0.07289457858617951,0.07965334157267671,0.07286298284352659,0.0968677253534551,0.08062842160444794,0.08533257586973786,0.0762289162827641,0.08336493918983322,0.07276157663224782,0.061777478554408266,0.0872840564892772,0.09154636783161237,0.09164971758538522,0.07379600241461477
Autos,0.0839162623415409,0.07298817275456712,0.0679304149610802,0.051506501976171556,0.05865631900079429,0.08576249870849881,0.11100963962192216,0.13173090273550436,0.10129572109610803,0.11166804710087372,0.08112814484988085,0.07850267521048453,0.08616178476886416,0.12608138025416996,0.10824269306592535,0.10003979816521051,0.11630207393328039,0.15120003896425738,0.15864683885623512,0.13864472696425734,0.13180076578236696,0.10916869415409053,0.1661355693264496,0.10502982850675135,0.14551160656870527,0.08867919744876887,0.10460765111199365,0.12972029364733914,0.18445771494519458,0.14576167026528988,0.0706335899714059,0.11496288438443208,0.10342027515011915,0.09457369805718824,0.10408378217633042,0.09460768519777603,0.10298750418109613,0.09501546683399523,0.13492560918347896,0.1072620943796664,0.11503786312470216,0.1007133152025417,0.11465986836219223,0.1013723728308181,0.08315628034789516,0.11653704091501195,0.12139594882446382,0.1210002175186656,0.09780910554090547
Aero ,0.0645091360127085,0.05406094286735506,0.0535988935186656,0.0400045858141382,0.04627698955520255,0.06166057718030183,0.0769935455599682,0.0915817256235107,0.07183786603653693,0.08041553914217633,0.05891071546465448,0.05759925848292294,0.06339199682287527,0.09071291509134234,0.07821339833995233,0.06956071370135027,0.08397831223987291,0.10619332555996822,0.11565969140587767,0.10316530722795869,0.09616811733121523,0.08047519105639395,0.10502982850675135,0.09358216062748213,0.1042228185941223,0.0680880245432883,0.07368368375694993,0.09448846491660046,0.13309710076250997,0.10668120219221604,0.05552062720413025,0.08336448343129468,0.07440904258141381,0.06916266221604449,0.07662557766481334,0.06946103237490073,0.07511455830023829,0.06910622277998411,0.09433693136616363,0.07879455307386815,0.0834421475694996,0.07360859895154884,0.08258639804606832,0.0720016263621922,0.05879375263701351,0.0855133480222399,0.08721733489277203,0.08859431208895947,0.07054152748212868
Ships,0.08933400406671964,0.07198245173153296,0.06932684179507545,0.050762662637013505,0.05992555830818109,0.08318188102462269,0.10648483178713262,0.12911038627482135,0.09867136001588565,0.1099650146624305,0.0814625064892772,0.07833137354249402,0.08544428797458302,0.12261727623510722,0.10661518266084193,0.09964463616362192,0.11569814637807785,0.14762072555996822,0.15656400136616352,0.13874536225575854,0.13101146211278794,0.10907306889594914,0.14551160656870527,0.1042228185941223,0.17519437444797462,0.08976116722795871,0.1021177690468626,0.13089443932486106,0.18134934797458302,0.14495552997617156,0.07082500208895949,0.11214355996822876,0.10230954706115966,0.09403155598888008,0.10351619475774425,0.09373415253375694,0.1014941800635425,0.09394051698173152,0.12890140003971406,0.10552031243844318,0.11447450720413027,0.10042475761715647,0.11317726273232724,0.0985435459332804,0.08113667745035745,0.1145185179984114,0.11788207409849089,0.11861264416203338,0.09634702892772042
Guns ,0.057175752718030166,0.04642606498173152,0.044976946897537735,0.03290822703097696,0.04125714772676727,0.05277479119618745,0.06723832633518664,0.0800606440794281,0.059884494964257344,0.06628984314535344,0.051429265070691024,0.051232483415409064,0.05734854927402699,0.07667750122319301,0.06538232379666405,0.06190908757744238,0.07109257352501985,0.08998175423669577,0.09709193687053214,0.0847659909070691,0.08091490942017476,0.06926216400317713,0.08867919744876887,0.0680880245432883,0.08976116722795871,0.09891409524384434,0.0638898605401112,0.08191717508181096,0.11011451795393172,0.08966571496108021,0.04624215945671167,0.07310950427323269,0.06464477546942017,0.05981313607307387,0.06479105242255759,0.05960511689912631,0.06400879410325656,0.059798485699761726,0.08115112361239078,0.0667413787895155,0.07121536581096106,0.06257500127084988,0.06909871494201747,0.06058511275297856,0.050591573480540115,0.07206485484352658,0.07448876166799044,0.07527298772359015,0.06004258921683875
Gold ,0.06779793490071483,0.05014795028594121,0.05004297151707704,0.040840162779984104,0.04305954820492455,0.05969045541699761,0.07396465936457504,0.07935936705321686,0.06675504179507546,0.07025085110405083,0.05712337781572676,0.05537995641779189,0.06128397483717235,0.10023897072279588,0.07066580045274029,0.06868862418586177,0.08146018367752185,0.11577684644956317,0.13726168940428912,0.11231622608419382,0.10213186722795867,0.07877518247815728,0.10460765111199365,0.07368368375694993,0.1021177690468626,0.0638898605401112,0.2990416102859412,0.16309572313741055,0.20143558123907856,0.1450579818586179,0.055941480818109596,0.0790376806036537,0.06575132822081016,0.06498803862589357,0.07434351154884829,0.0665119588562351,0.07450673536139794,0.0671519074185862,0.0909772631374106,0.07762129274027008,0.07136589583002381,0.07091365153296268,0.07063856347895155,0.06296960169181892,0.04619296577442415,0.07665405712470212,0.08102643054011122,0.08265188902303412,0.06832738359015088
Mines,0.08704689014138203,0.06556224223828436,0.06553686191898334,0.04846696812390786,0.052337808373312165,0.07381528472915012,0.09797577007466242,0.10667624379984117,0.08771244935663224,0.09452621653693408,0.07249718519936459,0.07286837983320094,0.08047062835901507,0.12231429132644955,0.09270284467831612,0.08838515940428911,0.10569025547418581,0.140591071847498,0.1640539953613979,0.13457873643208895,0.12591121362986493,0.10352359032565531,0.12972029364733914,0.09448846491660046,0.13089443932486106,0.08191717508181096,0.16309572313741055,0.18802599347259735,0.22081451558061946,0.16409741968546465,0.06665095063860209,0.1028575160921366,0.08788539527720414,0.08566543750119139,0.09617065830023827,0.08619704955043685,0.09629971676250992,0.08784818130579826,0.11416865347259732,0.09780992859729946,0.09852399891501191,0.09225735955520253,0.09640731560603655,0.08649476069420174,0.06780204854487691,0.0999279713995234,0.10467043444797455,0.10892951874185859,0.08865805038602066
Coal ,0.11917504456235108,0.0913157915202542,0.08598726831453533,0.06518445971723591,0.07612061880540112,0.10062656954090546,0.13330364444162032,0.15201585813502783,0.11835115764892769,0.13186663307386812,0.09960816497855442,0.09952847642573472,0.10704907487847498,0.17112326732327243,0.12935855372517865,0.11761354832406669,0.14744077098967434,0.19805469824305003,0.23704522891183477,0.19659850807307386,0.1793008357744241,0.14620335901509132,0.18445771494519458,0.13309710076250997,0.18134934797458302,0.11011451795393172,0.20143558123907856,0.22081451558061946,0.39592633055440835,0.2463343424559174,0.0984666822335187,0.14224981896743444,0.12199377300397142,0.11709578323431294,0.1336201158061954,0.11785167764257345,0.13252428879428116,0.11945325206671961,0.16073997902779982,0.1395574460619539,0.13692909659412228,0.12782880829229548,0.13307713752501985,0.1180804266973789,0.09372473563463066,0.14088201329308978,0.14908136700556,0.14982033811596507,0.12305200852104846
Oil  ,0.09509379181572675,0.07312000087053215,0.07151740942970612,0.05308295206989674,0.06449202016203336,0.08583740210325654,0.10673900153137406,0.12282908791739476,0.09645783002382843,0.10445389553613978,0.08253518541064338,0.0804684020969023,0.08869262348530578,0.13441361251787137,0.10641548578236694,0.09796334497220015,0.11754277660365361,0.15362649479904686,0.17752084689436057,0.15094243251469416,0.14116028940428912,0.11481729035742652,0.14576167026528988,0.10668120219221604,0.14495552997617156,0.08966571496108021,0.1450579818586179,0.16409741968546465,0.2463343424559174,0.2020671961620333,0.08176877169817315,0.11549293420174742,0.09901490968069893,0.09443462796505163,0.10690994487688645,0.09524296769499603,0.10615475651151708,0.096574122166799,0.12880033050357428,0.11004227431930103,0.10813720178554406,0.1025284091818904,0.10502004245909449,0.09306776715488484,0.07743950695472594,0.11497104154408257,0.12259318112787926,0.1195547770865766,0.09905678417156472
Util ,0.045290217518665604,0.03896283566799046,0.039816410112787914,0.030416829035742665,0.036492653069102446,0.042731708608419385,0.05193449848133437,0.062385914573471014,0.048085311405877684,0.053415932343129476,0.042017457618745035,0.04097930361397934,0.044743564041302614,0.06424583645750594,0.05479643142970611,0.0470626229785544,0.05716101330738682,0.07245410366322477,0.08060048019062749,0.06982417183161238,0.06659674617950753,0.05485112999205719,0.0706335899714059,0.05552062720413025,0.07082500208895949,0.04624215945671167,0.055941480818109596,0.06665095063860209,0.0984666822335187,0.08176877169817315,0.050643424525814135,0.058760654868943614,0.0512153267974583,0.04760623205559968,0.05156427450357426,0.04797742828276409,0.050753767170770445,0.04679130358061953,0.06508723818427321,0.056554989966640185,0.05554352433518665,0.05081269982525813,0.055158599679110396,0.047473455677521835,0.04070262138681492,0.062454716492454314,0.0604262714932486,0.06131186283717233,0.04957439460841937
Telcm,0.06959519885623512,0.05893172692613185,0.058910553836378055,0.04177046344718031,0.04968462481334393,0.06891149509134234,0.08724644435266082,0.10436928019062745,0.07838239196187449,0.08595902201747418,0.06504665118347894,0.06399905547259727,0.07129822131850677,0.09876480619539313,0.08454640374900714,0.07769177871326446,0.09092848003177126,0.11722923936457505,0.1236201792533757,0.10665607567911041,0.1031433146306593,0.0869400997934869,0.11496288438443208,0.08336448343129468,0.11214355996822876,0.07310950427323269,0.0790376806036537,0.1028575160921366,0.14224981896743444,0.11549293420174742,0.058760654868943614,0.10106253864972202,0.08244886217633042,0.07583273613979348,0.08403334856235105,0.07666266252581415,0.082696613375695,0.07503565324861,0.10386318967434476,0.08324329353455122,0.0904525159968229,0.07969026910246227,0.09058777763304209,0.07951064511517077,0.06614785915806194,0.09406452295472595,0.09787764123907863,0.09781508130262112,0.07685393347100873
PerSv,0.06268915181572678,0.05342097457188244,0.0517538733375695,0.037331792244638604,0.043690588668784745,0.05951030400158857,0.07890860240508339,0.09337023501826848,0.07027938327243843,0.07793138800635427,0.06031718797617157,0.057959946600476576,0.06297538145194598,0.08611239925337569,0.07613895231930104,0.07002103622716442,0.0822939443637808,0.10529027459253372,0.10982936238284353,0.09604433014773629,0.09159183698173153,0.07672245037331214,0.10342027515011915,0.07440904258141381,0.10230954706115966,0.06464477546942017,0.06575132822081016,0.08788539527720414,0.12199377300397142,0.09901490968069893,0.0512153267974583,0.08244886217633042,0.09086714544718026,0.06859070878316124,0.0744058064177919,0.06853837039555201,0.07311952100714854,0.06747385620969025,0.09343304781096105,0.07456126370770454,0.0812183356457506,0.07201814497220015,0.08273572523907863,0.07148925021286735,0.059570281148530586,0.08383124827958696,0.08853547600476572,0.08718738811119935,0.06821059105003971
BusSv,0.058051469496425756,0.04890689978236697,0.047317309207307395,0.03377478207783956,0.03914496407783955,0.055172238044479745,0.07136950308816521,0.0850253563844321,0.0649130087212073,0.07127435369340746,0.054567848246227166,0.0536953637251787,0.05918365843367752,0.08066469729944399,0.07024696575853852,0.06352111527402701,0.07574037082922953,0.09771611688006354,0.10229485995234311,0.08963085542176327,0.08564829045274026,0.07202808449563146,0.09457369805718824,0.06916266221604449,0.09403155598888008,0.05981313607307387,0.06498803862589357,0.08566543750119139,0.11709578323431294,0.09443462796505163,0.04760623205559968,0.07583273613979348,0.06859070878316124,0.06647981709134233,0.06928094935663223,0.06352578825099285,0.06849102035583797,0.06322583285782367,0.08452892409372516,0.06961913233359811,0.07424061929944399,0.06649311259729943,0.07407600349166003,0.0647808216822875,0.05380542443685465,0.07647707935186657,0.07869137560762511,0.08004867132009531,0.06373405443367751
Hardw,0.06487221140587768,0.052754141604447954,0.052843811342335185,0.03710561232724385,0.044161242795869714,0.06197937178713265,0.0786137062112788,0.09082420984908655,0.07091338036536934,0.07899965633042097,0.059301671771247025,0.05860284705321683,0.06496288098490866,0.08946842316123906,0.07742934233518667,0.06940768432088958,0.08297412333598095,0.10627321191421762,0.11532535739475777,0.1011018729150119,0.0956344966799047,0.08031471907863383,0.10408378217633042,0.07662557766481334,0.10351619475774425,0.06479105242255759,0.07434351154884829,0.09617065830023827,0.1336201158061954,0.10690994487688645,0.05156427450357426,0.08403334856235105,0.0744058064177919,0.06928094935663223,0.08654264978554409,0.07168868416203338,0.07878075745830022,0.07090687167593325,0.09291226808578236,0.07677551675933283,0.08140915253375697,0.07307583297855441,0.08180746274821288,0.07169897242255757,0.05831089677521841,0.08264109302621127,0.08579145598093725,0.08861859965051629,0.07047583796664017
Softw,0.059010880139793484,0.04858049996505163,0.04804275430659252,0.035095911974583,0.03966656252899125,0.05509167562192217,0.07095824099126291,0.08380944394598887,0.06454304393963464,0.07197512784749803,0.054093744393963465,0.05350970230341542,0.058923421801429704,0.08275937753772837,0.0702676074344718,0.06383543799841146,0.07483226070214456,0.09763454896902306,0.10315094560762508,0.0906967962954726,0.08633090268467036,0.07289457858617951,0.09460768519777603,0.06946103237490073,0.09373415253375694,0.05960511689912631,0.0665119588562351,0.08619704955043685,0.11785167764257345,0.09524296769499603,0.04797742828276409,0.07666266252581415,0.06853837039555201,0.06352578825099285,0.07168868416203338,0.06835046999841143,0.07028591028435265,0.06360587978395553,0.0852934603526608,0.06947470272279588,0.07467523622557586,0.06668929343923748,0.07458722787609211,0.0651184202446386,0.053920385652104844,0.07644923868467039,0.07972617391580619,0.08107551599046861,0.06362118445750596
Chips,0.06438179299126291,0.05197472434948371,0.05181366531532962,0.03645505799523432,0.042205883307386824,0.06099116831453535,0.07775493674980143,0.08978162777442414,0.06969315977760125,0.07745719313741063,0.058453777960285926,0.05766712084193805,0.0640826010548054,0.08918000305003974,0.07595321660047656,0.068701819872915,0.0815464697728356,0.10600813956473394,0.1138396364733916,0.09859315035424938,0.09422754853057981,0.07965334157267671,0.10298750418109613,0.07511455830023829,0.1014941800635425,0.06400879410325656,0.07450673536139794,0.09629971676250992,0.13252428879428116,0.10615475651151708,0.050753767170770445,0.082696613375695,0.07311952100714854,0.06849102035583797,0.07878075745830022,0.07028591028435265,0.08080671657505956,0.07013969690865765,0.09139251831930102,0.07525021201588564,0.08040692040349483,0.0721848690071485,0.07990792442891181,0.07033755986338364,0.05739102779666399,0.08095218244956316,0.08500975712470216,0.0867376257283558,0.0692473768006354
LabEq,0.05873354136298648,0.048048905397934875,0.046688536864177906,0.0342600966290707,0.038735057906274815,0.055972702182684665,0.07029811641620333,0.0822521740174742,0.06468761334392373,0.07111769801429703,0.054779399898332005,0.05423431339158062,0.059623533445591737,0.08138018961080222,0.07011355583796663,0.06464232238284354,0.07555545666719618,0.09687891058935663,0.10384751710881653,0.090537642649722,0.08665121089753773,0.07286298284352659,0.09501546683399523,0.06910622277998411,0.09394051698173152,0.059798485699761726,0.0671519074185862,0.08784818130579826,0.11945325206671961,0.096574122166799,0.04679130358061953,0.07503565324861,0.06747385620969025,0.06322583285782367,0.07090687167593325,0.06360587978395553,0.07013969690865765,0.069085472,0.084617730725973,0.06884761436695788,0.07398832639237489,0.06662997636219223,0.072826733324861,0.06447887533598093,0.053193684905480536,0.0750099984305004,0.07790074049245431,0.07953962703097694,0.06418757464019062
Paper,0.0789200753677522,0.0660347283542494,0.061279124127084986,0.045267737814138204,0.054801904306592535,0.07699960766799044,0.09873267406195392,0.11759728643685469,0.08919659626687847,0.09862956046068308,0.07289059493725178,0.07031530143764891,0.07781263865289911,0.11061856392374898,0.09672037111199365,0.091975687553614,0.10357785215409053,0.13494683261000795,0.1391077925655282,0.12278092620174744,0.1169602366322478,0.0968677253534551,0.13492560918347896,0.09433693136616363,0.12890140003971406,0.08115112361239078,0.0909772631374106,0.11416865347259732,0.16073997902779982,0.12880033050357428,0.06508723818427321,0.10386318967434476,0.09343304781096105,0.08452892409372516,0.09291226808578236,0.0852934603526608,0.09139251831930102,0.084617730725973,0.13576640484670371,0.09858095322001587,0.10282993697696581,0.0898926470849881,0.1025339666624305,0.08955287435583795,0.07565386209531376,0.10784883465607624,0.11008773263701346,0.11008800760603653,0.08689988355520249
Boxes,0.06398036608101669,0.055359092848292296,0.05309210448927721,0.037061930592533765,0.047775915761715644,0.06192063419221603,0.07933794402541701,0.09213981077680698,0.07166883771247022,0.08008960915011912,0.059523844187450346,0.05657720339952343,0.06280804426370133,0.0926178718347895,0.07900148317712472,0.07142305849086576,0.08499508700873708,0.10924852002541702,0.11930369992057185,0.10404467851945988,0.09699763320095312,0.08062842160444794,0.1072620943796664,0.07879455307386815,0.10552031243844318,0.0667413787895155,0.07762129274027008,0.09780992859729946,0.1395574460619539,0.11004227431930103,0.056554989966640185,0.08324329353455122,0.07456126370770454,0.06961913233359811,0.07677551675933283,0.06947470272279588,0.07525021201588564,0.06884761436695788,0.09858095322001587,0.10029832467672752,0.0844022857251787,0.07393584352660842,0.0833286227291501,0.07277135409690232,0.060259255358220805,0.08781540402223986,0.0886302985861795,0.09078953981890388,0.0705015800413026
