,Agric,Food ,Soda ,Beer ,Smoke,Toys ,Fun  ,Books,Hshld,Clths,Hlth ,MedEq,Drugs,Chems,Rubbr,Txtls,BldMt,Cnstr,Steel,FabPr,Mach ,ElcEq,Autos,Aero ,Ships,Guns ,Gold ,Mines,Coal ,Oil  ,Util ,Telcm,PerSv,BusSv,Hardw,Softw,Chips,LabEq,Paper,Boxes,Trans,Whlsl,Rtail,Meals,Banks,Insur,RlEst,Fin  ,Other
Agric,0.10768703789674348,0.044741500130262124,0.04279168194757744,0.030844620279586975,0.03958351268625893,0.04774667751866559,0.06382397371247021,0.07725644402223988,0.060889519555202526,0.06385201287688642,0.05105824594440033,0.050582889067513896,0.0551899517553614,0.0764101943923749,0.06508898087370929,0.061578433950754546,0.07155168333915807,0.09102190309769656,0.09862385664495629,0.08911028479428118,0.08152043038284351,0.06692995747418586,0.08394640394598886,0.06440850273232722,0.08915236649722003,0.05709281458935662,0.06754759496743447,0.086263745172359,0.11933972616362191,0.09504383538046066,0.04488120789515487,0.06922107639396345,0.06261104980142969,0.05785383622875297,0.06459668935345514,0.05885788960444796,0.06411386236378076,0.058502854290706896,0.07851106542652897,0.06377162901350278,0.06873101649245432,0.06262074976330421,0.06698738278633837,0.058625330398729136,0.05033921418268468,0.0688947803621922,0.07161925664495634,0.07443572709769658,0.060025774830818106
Food ,0.044741500130262124,0.04531767790945196,0.038656221893566316,0.027888996413026206,0.03363898600794282,0.04201846282128674,0.05465432956949961,0.0640812454392375,0.04893396721207306,0.05473994256076249,0.04214261825893566,0.04091095004924543,0.045342930849880864,0.061218601000794286,0.05439524435266083,0.049270593556791094,0.05767586785385227,0.07357399631453534,0.07853081567275616,0.068823115847498,0.06536856549960286,0.05488255185067514,0.07240728719301032,0.053521794678316116,0.07133201688641778,0.04577710161715648,0.04929759819539318,0.0645668851183479,0.09066073191421761,0.07257581697220014,0.03813135753772835,0.05831024395552025,0.05306585100873708,0.04838919638125496,0.052284229350277975,0.0481774680889595,0.05153797948530579,0.047658598557585405,0.06514106522954725,0.054302442872120736,0.057270531269261314,0.050910257588562345,0.0568324760413026,0.050072452362192224,0.04183859201906275,0.06012816928673551,0.06057897306751391,0.06177732005718825,0.04912917974900716
Soda ,0.04279168194757744,0.038656221893566316,0.07530998209849087,0.02958836419539317,0.03389930340905481,0.04314877520730738,0.051865003625099285,0.06101801563463067,0.047314601175536146,0.05225589148689435,0.04005189521366164,0.040661360759332806,0.04455211022239873,0.0597664034392375,0.05159789242255758,0.04605081199682287,0.054088880249404295,0.06748126517871327,0.07496131406354249,0.06464531471485305,0.06278280189197777,0.053521582041302626,0.06704141903733123,0.0525431753375695,0.06810332899920572,0.044044854557585375,0.04942965480857824,0.06399485502938841,0.08535186714853057,0.07055342670691024,0.038855008474980135,0.0578097697934869,0.051145165520254166,0.04651238700714853,0.052043415803018286,0.047341362305003964,0.05090228855123113,0.04598930183637808,0.0601014584130262,0.05143210879110405,0.05428927662748214,0.04973845483081812,0.05472806982366955,0.048850785783955526,0.03966501839237491,0.057499458114376484,0.058454622181096094,0.0593239482414615,0.04663056868308181
Beer ,0.030844620279586975,0.027888996413026206,0.02958836419539317,0.05393894661000795,0.026246379660047652,0.03271421620810166,0.03781340826370135,0.04294676368864179,0.03391375679110405,0.03952288340111199,0.030002099645750596,0.029683297661636226,0.03132056987291502,0.044686444598888,0.03806996492454329,0.034243977938046066,0.04018387575377284,0.05014595515488485,0.056539745914217635,0.048861459925337566,0.04612554027164415,0.038222787934868954,0.05122056448610009,0.03956643988085783,0.05051552440826052,0.03243151898967434,0.04060342456235106,0.047785201574265294,0.06486121682287531,0.05271248793010325,0.02988177408260525,0.041354974797458297,0.03711921297061158,0.03342377850833996,0.03678434863860206,0.03481247186814933,0.036170336605242256,0.034032297070691025,0.044517263861795074,0.036290467424940444,0.04032360442732327,0.03683314741223193,0.03944419983161238,0.03572475412390786,0.027875877423351875,0.04194745495313741,0.04313877444479744,0.042473778614773625,0.035144980597299445
Smoke,0.03958351268625893,0.03363898600794282,0.03389930340905481,0.026246379660047652,0.07207166293248608,0.036032236613185074,0.04339648205242253,0.05194289091660048,0.03955090360603653,0.045601024489277206,0.034708913156473384,0.034609381362986504,0.038619390309769665,0.05212301747418586,0.04480389664813343,0.040710906643367746,0.04656009485623509,0.0560165796028594,0.0629295336743447,0.055496408368546454,0.05392514093089754,0.04605435907863383,0.058161901038919765,0.04581450271644161,0.05896760168387608,0.04051445512946782,0.0428346901858618,0.051583778706910256,0.07533522586179506,0.0640073418776807,0.03599299186656077,0.04923777960285939,0.04317319043685465,0.03879432034312946,0.04366978415885622,0.03925881098649722,0.04183286428594121,0.038419258675138984,0.05393341950119142,0.04658721678157268,0.046931817874503554,0.041938313575853856,0.04605467813185068,0.03885320707863386,0.03447916801906276,0.05161547226052422,0.04963835712152503,0.05120428392057188,0.03947730639555204
Toys ,0.04774667751866559,0.04201846282128674,0.04314877520730738,0.03271421620810166,0.036032236613185074,0.08435542408101668,0.06533951197140588,0.0737335256965846,0.05752314722795869,0.06431849276092136,0.04742259007307387,0.045241533270849885,0.051691484757744266,0.07117044116759332,0.06227917239078633,0.05853353394122317,0.0669071684050834,0.08419531308975377,0.0884710139618745,0.07890235342176327,0.07467681012390787,0.06433780531374106,0.08524760440349484,0.06124190879269259,0.08235633282764096,0.05218895055123114,0.058756065013502806,0.0725365352867355,0.10045351505957109,0.08539112895313741,0.042117866155679105,0.06815367706910247,0.05930395454328833,0.05456924816997617,0.061579433302621125,0.05459424659729945,0.06053341790150913,0.05561865518347894,0.07620074731215248,0.06071918813661636,0.06512422892930897,0.05831847921842731,0.06567342453057981,0.05833332313423352,0.04866434337410641,0.06792719979189833,0.07344006508181096,0.06998532447021447,0.05704694735186656
Fun  ,0.06382397371247021,0.05465432956949961,0.051865003625099285,0.03781340826370135,0.04339648205242253,0.06533951197140588,0.0969235227386815,0.0965739852327244,0.07428355717235902,0.08264475409372517,0.06046945412867355,0.05936276224940429,0.06572861920571878,0.09037160859412233,0.07819950033359811,0.07536739396981733,0.08673105285782369,0.11116916870532167,0.11551994097855439,0.1005461573407466,0.0955796351104051,0.0804886328991263,0.11060107982208099,0.0766331602700556,0.10591890270055598,0.06644904411119935,0.07284279705162827,0.09671679301350279,0.13270125998411433,0.10616277547895153,0.05108630257347101,0.08646341193010325,0.07872617329626688,0.0707740918856235,0.0780215130039714,0.07049917248927721,0.07724787063701352,0.06989708767593326,0.09784116483240664,0.07798037173629865,0.0850950221985703,0.0741925569372518,0.08642415187926925,0.07688154237013502,0.062313985283558374,0.08649991343288324,0.09094637837331214,0.0913817727974583,0.0728109155393169
Books,0.07725644402223988,0.0640812454392375,0.06101801563463067,0.04294676368864179,0.05194289091660048,0.0737335256965846,0.0965739852327244,0.15770159225416996,0.09039213013502778,0.09741144225893564,0.07174897975218428,0.0687885821064337,0.07591818454328833,0.1062748190468626,0.09541035288324065,0.09215365706751391,0.10183573203177125,0.13115577461477362,0.13447611413185068,0.11687892861953932,0.11456258065448768,0.09442272532168389,0.13166809262589355,0.091403166878475,0.128923193121525,0.07967970854328833,0.07919385347736298,0.1059480043240667,0.15188494684670373,0.12261990259571089,0.06162071054805402,0.10380146819698172,0.09346521647339158,0.0846821271517077,0.0905100369118348,0.08359205528514693,0.08958806520413026,0.08205425746147736,0.11684092143288319,0.09095493558061953,0.10060834035583797,0.0875601354598888,0.10203230911517079,0.08952145356949961,0.07590803973947578,0.10449625815091342,0.11029576693566322,0.1074148288737093,0.08429682295790308
Hshld,0.060889519555202526,0.04893396721207306,0.047314601175536146,0.03391375679110405,0.03955090360603653,0.05752314722795869,0.07428355717235902,0.09039213013502778,0.08103078627482127,0.07702313899920571,0.05524043882446385,0.05363685594916601,0.058217303669579036,0.08320826392374898,0.07391293210484512,0.07023762303415408,0.07929014513105641,0.10164588851469421,0.10508906888006354,0.09117316924543288,0.08814121791898331,0.07368707367752184,0.10080343837966639,0.07146493899920571,0.0979413148848292,0.05935160575059572,0.06554755783955521,0.08656985722001588,0.11749276413026212,0.09594832343129467,0.04716208867355043,0.07752317763304212,0.07013841658459094,0.06431132044479745,0.07043424632247813,0.06418472679904687,0.0691728126449563,0.06436259984114376,0.08816182884829228,0.07040088991262905,0.07786573553613978,0.0681282458141382,0.07840572603653694,0.06915063796664019,0.05773915857029387,0.07814987768069896,0.08379479777601272,0.08206635850675138,0.06603579656870534
Clths,0.06385201287688642,0.05473994256076249,0.05225589148689435,0.03952288340111199,0.045601024489277206,0.06431849276092136,0.08264475409372517,0.09741144225893564,0.07702313899920571,0.10211779185226369,0.06023328256870533,0.05880255148212867,0.06416741554408259,0.09124399880063544,0.08064362344718026,0.0766230510119142,0.08628423278316122,0.11572740824463856,0.11572836829706117,0.10275795207783954,0.09726594975536136,0.08130711843526608,0.11141450481969818,0.08017375799046864,0.10958027816521046,0.06571284146783161,0.06910043063065927,0.09348229080381257,0.13136327642573473,0.10420999836695788,0.05248336729944401,0.08516079505162828,0.0778689653613979,0.07068031876250991,0.07886825097378873,0.07174796900873712,0.0772027411644162,0.07085311378236697,0.09763587820651314,0.07850315117394756,0.08689860704845115,0.07557027694360605,0.09185196542335186,0.07895859134392376,0.06121632908339953,0.08690323053693406,0.09163567844797459,0.09076107291183479,0.07250151155837968
Hlth ,0.05105824594440033,0.04214261825893566,0.04005189521366164,0.030002099645750596,0.034708913156473384,0.04742259007307387,0.06046945412867355,0.07174897975218428,0.05524043882446385,0.06023328256870533,0.0573873162494043,0.048553910700555994,0.052868091175536126,0.06844779452740271,0.05994083704527403,0.05589739625734708,0.06437137191262908,0.08151051604447977,0.08688538249563145,0.07668890298808577,0.07228747433995233,0.061301710444797444,0.08078354720889595,0.05856847895949165,0.08094167490865765,0.05082595302303414,0.0566286298554408,0.07138396719142176,0.09895461650516284,0.08212179752819694,0.04145749249404288,0.0645104746544877,0.06017930901509134,0.054168033688641766,0.05892172167752183,0.05377445416521048,0.058042281081810955,0.054480821067513896,0.07213713044797461,0.058546679027799836,0.06282394223828434,0.057111702036536934,0.06205945620015885,0.054937668049245436,0.04574380630023829,0.06623943437807783,0.06717468263860205,0.06686889027164418,0.05489297871644163
MedEq,0.050582889067513896,0.04091095004924543,0.040661360759332806,0.029683297661636226,0.034609381362986504,0.045241533270849885,0.05936276224940429,0.0687885821064337,0.05363685594916601,0.05880255148212867,0.048553910700555994,0.05340873481175535,0.05299835286735504,0.0674305482605242,0.05841738938840348,0.05428745559332804,0.0629234009626688,0.07945093969817317,0.08525383843367754,0.07432070118189038,0.07093764288800636,0.06031996096902301,0.07825564726290707,0.05734929466243049,0.07812115737887211,0.05101941441143764,0.05520906166163622,0.07186514029864972,0.09873469410643369,0.08007007662589354,0.040459501270849886,0.06360118254169973,0.057948513280381246,0.05343439456393963,0.05833128048292295,0.053328196883240676,0.05739294845750595,0.054089775294678316,0.06988084473073868,0.05601526047974582,0.061648328111199364,0.05582055184749799,0.06063466530897539,0.05306249175218427,0.0449443716664019,0.06374726861636221,0.06526454480381252,0.06611694637648928,0.05416711902779983
Drugs,0.0551899517553614,0.045342930849880864,0.04455211022239873,0.03132056987291502,0.038619390309769665,0.051691484757744266,0.06572861920571878,0.07591818454328833,0.058217303669579036,0.06416741554408259,0.052868091175536126,0.05299835286735504,0.06665359897537729,0.07487115967434473,0.06401363151707702,0.05829018027005559,0.06882370359809373,0.08782791820492451,0.0933158025178713,0.08120842788721208,0.07786286199364577,0.06654877853057982,0.08587408501985705,0.06300253964257349,0.08525362245432883,0.057092715647339164,0.06104925342335185,0.07956524783955518,0.10631666521048452,0.08822051691818902,0.04413663768864179,0.07076734502779981,0.06299231590945194,0.05882479055599681,0.0646127994598888,0.05869618698173155,0.06373971282764097,0.05941233939634632,0.07723104712470212,0.0620853983161239,0.06772762791898333,0.06119177934868946,0.06685807156473389,0.05887668086576648,0.04888547416997616,0.06928298262907068,0.07111617954725974,0.07219023931691819,0.059316027084988086
Chems,0.0764101943923749,0.061218601000794286,0.0597664034392375,0.044686444598888,0.05212301747418586,0.07117044116759332,0.09037160859412233,0.1062748190468626,0.08320826392374898,0.09124399880063544,0.06844779452740271,0.0674305482605242,0.07487115967434473,0.11893502251787126,0.09055846065131053,0.08190090405083397,0.09723588450357429,0.1265596156155679,0.13898577710087368,0.1190423577998411,0.11307031413026208,0.09397920254964258,0.1250481976489277,0.08998351861000795,0.12147303061953929,0.07576670440031771,0.09892380004765686,0.12050410772835585,0.1703541309769659,0.1334268043844321,0.06274894491660049,0.09736333308181094,0.08569397106433675,0.0796787664733916,0.08867179405877684,0.08200165656076248,0.08821102348689436,0.08070861221604447,0.10898077274821287,0.0907669687053217,0.09515468008737092,0.08554892063542494,0.09357124408260525,0.08299760709293091,0.06832210136616361,0.0980050073471009,0.10227469999205716,0.10201101069102457,0.08142091115170771
Rubbr,0.06508898087370929,0.05439524435266083,0.05159789242255758,0.03806996492454329,0.04480389664813343,0.06227917239078633,0.07819950033359811,0.09541035288324065,0.07391293210484512,0.08064362344718026,0.05994083704527403,0.05841738938840348,0.06401363151707702,0.09055846065131053,0.09858989108816518,0.07322810287529785,0.08510152355837966,0.10565673674344721,0.1152353151707705,0.10061887434471799,0.09637857264495629,0.08077112902303417,0.10810109413820491,0.07830042023828432,0.10622791024622716,0.06497407796664018,0.07009453181890389,0.09209823145353456,0.12899468444797454,0.10598645146942016,0.054123677966640193,0.08384513099285146,0.07629464949960284,0.06989586605242255,0.0771811499285147,0.07004315275615568,0.07567370459094519,0.07002656654487689,0.09577118430500398,0.07806048533756949,0.08395619590150917,0.07408795062748214,0.08227671345512311,0.0714910971564734,0.06165767885623508,0.08613336104845115,0.08936027208895951,0.08871297254964255,0.070920893375695
Txtls,0.061578433950754546,0.049270593556791094,0.04605081199682287,0.034243977938046066,0.040710906643367746,0.05853353394122317,0.07536739396981733,0.09215365706751391,0.07023762303415408,0.0766230510119142,0.05589739625734708,0.05428745559332804,0.05829018027005559,0.08190090405083397,0.07322810287529785,0.10711968664654488,0.08108102393010327,0.10283392444797461,0.1052985074440032,0.0907847496997617,0.08821537660365368,0.07234447135822078,0.09973207759809369,0.06925208752978551,0.09904315745830027,0.06114198009213662,0.06720106075297853,0.08689893469737885,0.11770002605242258,0.09759455057029393,0.04675349706115966,0.0767885083717236,0.07002755164416204,0.06304841682605242,0.06893413772200156,0.0633575399396346,0.06809261606989675,0.06434776494360601,0.09119100020969022,0.07037463381731532,0.07790292985544083,0.06786391509451943,0.07733680690706911,0.06898402117871326,0.055883367968228764,0.0790375852200159,0.08467412666560764,0.07978969969181886,0.06486260710405083
BldMt,0.07155168333915807,0.05767586785385227,0.054088880249404295,0.04018387575377284,0.04656009485623509,0.0669071684050834,0.08673105285782369,0.10183573203177125,0.07929014513105641,0.08628423278316122,0.06437137191262908,0.0629234009626688,0.06882370359809373,0.09723588450357429,0.08510152355837966,0.08108102393010327,0.10155246605083401,0.12031958584590945,0.12629858567275615,0.10998231480698968,0.10450714007466246,0.08697434431294677,0.11586497971088164,0.08358306104050835,0.11528056590150912,0.07042493796346308,0.080619872714853,0.10463841970929304,0.14695566514694203,0.11714570647180299,0.056227622152501974,0.09014714340746623,0.0821418785782367,0.07521707699285146,0.08243493419539315,0.07447993384749801,0.08106894668943608,0.07522850300555996,0.10283245495949168,0.08387429516759332,0.08986695294519459,0.07970035887529782,0.08954662779666402,0.07800473219539315,0.06593986787291502,0.09166909083558379,0.09684444826211279,0.09645947600635427,0.07649987781096104
Cnstr,0.09102190309769656,0.07357399631453534,0.06748126517871327,0.05014595515488485,0.0560165796028594,0.08419531308975377,0.11116916870532167,0.13115577461477362,0.10164588851469421,0.11572740824463856,0.08151051604447977,0.07945093969817317,0.08782791820492451,0.1265596156155679,0.10565673674344721,0.10283392444797461,0.12031958584590945,0.2184952062589357,0.1657182628594122,0.14110583544082603,0.1339716960285941,0.11254993717235903,0.15000794719618749,0.10531601097696584,0.14645035550436852,0.08871091803018268,0.11382170389197778,0.1382535226211279,0.19695913239078636,0.15233587269261323,0.07084948786338363,0.11550425358220806,0.10464480179507545,0.09644487941223193,0.1050348801906275,0.09656711706115965,0.10470393304209688,0.09586538395552029,0.13326695099285146,0.1067994462271644,0.11627290041302618,0.10107898185861795,0.11743844285941221,0.10294183156473392,0.08750402767275614,0.12716750880063543,0.12494347369340748,0.12457450856235107,0.09900704718030183
Steel,0.09862385664495629,0.07853081567275616,0.07496131406354249,0.056539745914217635,0.0629295336743447,0.0884710139618745,0.11551994097855439,0.13447611413185068,0.10508906888006354,0.11572836829706117,0.08688538249563145,0.08525383843367754,0.0933158025178713,0.13898577710087368,0.1152353151707705,0.1052985074440032,0.12629858567275615,0.1657182628594122,0.1938239601254964,0.15731801358061956,0.14712881585861792,0.12054920761715646,0.15781996948689436,0.11463907474980142,0.1557214388006354,0.0957265741572677,0.1351799301445592,0.1619224100921366,0.2368737148689436,0.17664678134392378,0.07928944262907067,0.12219602876092135,0.1095102988641779,0.10126691023510723,0.11449193427164417,0.10227687736775218,0.11281446630500395,0.10297901826528992,0.1375590216409849,0.11716414410166796,0.12171330255917395,0.10977305707386811,0.11857006319618746,0.10505072511993646,0.08489132729785544,0.1238645127545671,0.13028203602700553,0.12968165946624305,0.10502816743129467
FabPr,0.08911028479428118,0.068823115847498,0.06464531471485305,0.048861459925337566,0.055496408368546454,0.07890235342176327,0.1005461573407466,0.11687892861953932,0.09117316924543288,0.10275795207783954,0.07668890298808577,0.07432070118189038,0.08120842788721208,0.1190423577998411,0.10061887434471799,0.0907847496997617,0.10998231480698968,0.14110583544082603,0.15731801358061956,0.1795696987752184,0.12752719830500395,0.10577349713264492,0.13767703252104843,0.10214742580619537,0.13747196926926128,0.08332238654805398,0.1107720371183479,0.13278314084670373,0.19611737552025413,0.14990880304368545,0.06852055244638601,0.10504308129467832,0.09577349189038921,0.08851255558856236,0.10022945357267671,0.08985096713741061,0.09746444887847498,0.08987110303097699,0.12068757117235902,0.10153149933598093,0.10506313380619534,0.09603843480222399,0.10427329185385226,0.0912970294090548,0.07529080542335186,0.10693890104686261,0.11282845329467832,0.11348124323113581,0.09188768241143763
Mach ,0.08152043038284351,0.06536856549960286,0.06278280189197777,0.04612554027164415,0.05392514093089754,0.07467681012390787,0.0955796351104051,0.11456258065448768,0.08814121791898331,0.09726594975536136,0.07228747433995233,0.07093764288800636,0.07786286199364577,0.11307031413026208,0.09637857264495629,0.08821537660365368,0.10450714007466246,0.1339716960285941,0.14712881585861792,0.12752719830500395,0.12446310050992851,0.09908011093725179,0.1312666901413821,0.09560076269261314,0.1305348451548848,0.08016173608260524,0.10071887387132643,0.12426722290865767,0.17879654759332808,0.14050400237013502,0.06543023125496426,0.10215473154090551,0.09134623379666404,0.0848614187466243,0.09504068328514692,0.08576807903256553,0.09360289925814139,0.08616760804765689,0.11582826603812547,0.09538253207942815,0.10053701117871328,0.09070324790468624,0.0992940723335981,0.0872120619078634,0.07225661340428909,0.10302063536616361,0.10805318145035742,0.10835510185544082,0.08695329417950755
ElcEq,0.06692995747418586,0.05488255185067514,0.053521582041302626,0.038222787934868954,0.04605435907863383,0.06433780531374106,0.0804886328991263,0.09442272532168389,0.07368707367752184,0.08130711843526608,0.061301710444797444,0.06031996096902301,0.06654877853057982,0.09397920254964258,0.08077112902303417,0.07234447135822078,0.08697434431294677,0.11254993717235903,0.12054920761715646,0.10577349713264492,0.09908011093725179,0.09400054423351868,0.10858335161239079,0.07991640542494044,0.10853355956314538,0.06836350544876886,0.07787449018268465,0.10236161789515488,0.14576462130262113,0.11426392768864183,0.05406403802223988,0.0860834564019063,0.07643418337569498,0.07139396166004765,0.07970095660047656,0.07243157733915807,0.07902284745830021,0.07233317787132647,0.09593013438443207,0.07910911482128673,0.08444366294678315,0.07548313747418586,0.08244609513899917,0.07212827265289913,0.06134089440826052,0.08656936037331214,0.09042226423351866,0.09071055502779984,0.07328409377283557
Autos,0.08394640394598886,0.07240728719301032,0.06704141903733123,0.05122056448610009,0.058161901038919765,0.08524760440349484,0.11060107982208099,0.13166809262589355,0.10080343837966639,0.11141450481969818,0.08078354720889595,0.07825564726290707,0.08587408501985705,0.1250481976489277,0.10810109413820491,0.09973207759809369,0.11586497971088164,0.15000794719618749,0.15781996948689436,0.13767703252104843,0.1312666901413821,0.10858335161239079,0.16606264440984905,0.10482564127084988,0.14547609509134235,0.08801750528355837,0.1039565003463066,0.12882898882287527,0.1846691255599682,0.14564850323749004,0.06964024381254964,0.11426757146942018,0.10358190112787925,0.09403383511358221,0.10389078505480542,0.09438649573312151,0.10280877329944398,0.09487225160285939,0.13412108496266875,0.10586557797617152,0.11435273907545669,0.10014869700397142,0.1138327231389992,0.10089087552660841,0.08276083954249401,0.11581729247339155,0.12018929031294677,0.12024858397458298,0.0974173138109611
Aero ,0.06440850273232722,0.053521794678316116,0.0525431753375695,0.03956643988085783,0.04581450271644161,0.06124190879269259,0.0766331602700556,0.091403166878475,0.07146493899920571,0.08017375799046864,0.05856847895949165,0.05734929466243049,0.06300253964257349,0.08998351861000795,0.07830042023828432,0.06925208752978551,0.08358306104050835,0.10531601097696584,0.11463907474980142,0.10214742580619537,0.09560076269261314,0.07991640542494044,0.10482564127084988,0.09304282947577437,0.1039851664257347,0.06732378420969021,0.07285257780778397,0.09345973954725975,0.13282571213661631,0.10637117286735502,0.05456376285146941,0.08261266774424145,0.07445893073073871,0.06869365198570294,0.07623059126290707,0.06918713079428118,0.07476166007148531,0.06888475051628275,0.0935613306671962,0.07768630198570291,0.08280482294678314,0.07311975866560762,0.0819169363780778,0.07162808936457507,0.058492496123907854,0.08481109219221604,0.08650065311358221,0.08787633660047656,0.0702356481175536
Ships,0.08915236649722003,0.07133201688641778,0.06810332899920572,0.05051552440826052,0.05896760168387608,0.08235633282764096,0.10591890270055598,0.128923193121525,0.0979413148848292,0.10958027816521046,0.08094167490865765,0.07812115737887211,0.08525362245432883,0.12147303061953929,0.10622791024622716,0.09904315745830027,0.11528056590150912,0.14645035550436852,0.1557214388006354,0.13747196926926128,0.1305348451548848,0.10853355956314538,0.14547609509134235,0.1039851664257347,0.17529023853057982,0.08911172934074664,0.101299710675139,0.13001711322478154,0.18187513358220808,0.14470643545671172,0.06979608610802222,0.11136704278792692,0.10238264362986498,0.09337351818109609,0.10341415240667197,0.0933502686656076,0.1013339252819698,0.09377783382049246,0.12755921211278792,0.10352453185067517,0.1138922438363781,0.09973133540905477,0.1122724549483717,0.09813413046068306,0.08080292370135027,0.11356064607625099,0.11665168528196983,0.1178990394757744,0.09605062463860206
Guns ,0.05709281458935662,0.04577710161715648,0.044044854557585375,0.03243151898967434,0.04051445512946782,0.05218895055123114,0.06644904411119935,0.07967970854328833,0.05935160575059572,0.06571284146783161,0.05082595302303414,0.05101941441143764,0.057092715647339164,0.07576670440031771,0.06497407796664018,0.06114198009213662,0.07042493796346308,0.08871091803018268,0.0957265741572677,0.08332238654805398,0.08016173608260524,0.06836350544876886,0.08801750528355837,0.06732378420969021,0.08911172934074664,0.09707574128038124,0.0628898993931692,0.08094729827482128,0.10961403879269263,0.08898209148212868,0.045532428403494835,0.07222212498808578,0.0643347178395552,0.05912843470055599,0.06430071001111991,0.059054087154884825,0.06343648008260523,0.05944281636854647,0.07959934259571089,0.06474389419539316,0.07039158660524224,0.06175053338204924,0.06834720803177123,0.060037897131056395,0.05017317024940428,0.07109754419698175,0.07377039750913422,0.0744171259920572,0.05974442037172359
Gold ,0.06754759496743447,0.04929759819539318,0.04942965480857824,0.04060342456235106,0.0428346901858618,0.058756065013502806,0.07284279705162827,0.07919385347736298,0.06554755783955521,0.06910043063065927,0.0566286298554408,0.05520906166163622,0.06104925342335185,0.09892380004765686,0.07009453181890389,0.06720106075297853,0.080619872714853,0.11382170389197778,0.1351799301445592,0.1107720371183479,0.10071887387132643,0.07787449018268465,0.1039565003463066,0.07285257780778397,0.101299710675139,0.0628898993931692,0.2946473143828435,0.16079966043208893,0.20084159561556786,0.14423819006195396,0.05465055134233523,0.07790906276409847,0.0656994246068308,0.06413597954249406,0.07386361308339956,0.06597163320413026,0.07352320655440826,0.06641577472915013,0.08922030287847496,0.07537050841620331,0.06998018829864974,0.06990645526926133,0.06933403229229546,0.06213651796981735,0.04587543481493249,0.07603778815885623,0.0794253086671962,0.08166520323431294,0.06821950155996823
Mines,0.086263745172359,0.0645668851183479,0.06399485502938841,0.047785201574265294,0.051583778706910256,0.0725365352867355,0.09671679301350279,0.1059480043240667,0.08656985722001588,0.09348229080381257,0.07138396719142176,0.07186514029864972,0.07956524783955518,0.12050410772835585,0.09209823145353456,0.08689893469737885,0.10463841970929304,0.1382535226211279,0.1619224100921366,0.13278314084670373,0.12426722290865767,0.10236161789515488,0.12882898882287527,0.09345973954725975,0.13001711322478154,0.08094729827482128,0.16079966043208893,0.18545015849245433,0.2206313339952344,0.1630794447847498,0.06525079228752978,0.10125288151707704,0.08759377897537729,0.08466559089912627,0.09495201532644959,0.08515566424305004,0.09507036707386812,0.0869245186115965,0.11277926891342335,0.09645327949801427,0.09701321885146941,0.09108164599841144,0.09480197930738682,0.08559428260683077,0.0672191804257347,0.09887695112470214,0.10282088523113582,0.10751038849563144,0.08780790936616362
Coal ,0.11933972616362191,0.09066073191421761,0.08535186714853057,0.06486121682287531,0.07533522586179506,0.10045351505957109,0.13270125998411433,0.15188494684670373,0.11749276413026212,0.13136327642573473,0.09895461650516284,0.09873469410643369,0.10631666521048452,0.1703541309769659,0.12899468444797454,0.11770002605242258,0.14695566514694203,0.19695913239078636,0.2368737148689436,0.19611737552025413,0.17879654759332808,0.14576462130262113,0.1846691255599682,0.13282571213661631,0.18187513358220808,0.10961403879269263,0.20084159561556786,0.2206313339952344,0.3977195690230342,0.2462576761239078,0.09712920633836376,0.14156393084988086,0.12250002486100081,0.11647105005559964,0.13347561293089752,0.1175337838760921,0.13233110549642574,0.11906874919777595,0.16065406336775218,0.1381913305162827,0.1363018971088165,0.1274885520571883,0.1321019778872121,0.11760571248610002,0.09310013861795073,0.14040354390786336,0.1482463563621922,0.14880891545671168,0.12256114484511516
Oil  ,0.09504383538046066,0.07257581697220014,0.07055342670691024,0.05271248793010325,0.0640073418776807,0.08539112895313741,0.10616277547895153,0.12261990259571089,0.09594832343129467,0.10420999836695788,0.08212179752819694,0.08007007662589354,0.08822051691818902,0.1334268043844321,0.10598645146942016,0.09759455057029393,0.11714570647180299,0.15233587269261323,0.17664678134392378,0.14990880304368545,0.14050400237013502,0.11426392768864183,0.14564850323749004,0.10637117286735502,0.14470643545671172,0.08898209148212868,0.14423819006195396,0.1630794447847498,0.2462576761239078,0.201790096177919,0.08078806440031772,0.11462071399523428,0.09905666760921365,0.09384776532486103,0.1065260976902303,0.09484845631771245,0.1056650229324861,0.09623930419698175,0.12797730540428912,0.10856065179984113,0.10728877728991262,0.10195263074185862,0.10421917491342335,0.09260016847021446,0.07699239881810958,0.1143051821064336,0.12157684526767272,0.11879976711040509,0.09869476427640983
Util ,0.04488120789515487,0.03813135753772835,0.038855008474980135,0.02988177408260525,0.03599299186656077,0.042117866155679105,0.05108630257347101,0.06162071054805402,0.04716208867355043,0.05248336729944401,0.04145749249404288,0.040459501270849886,0.04413663768864179,0.06274894491660049,0.054123677966640193,0.04675349706115966,0.056227622152501974,0.07084948786338363,0.07928944262907067,0.06852055244638601,0.06543023125496426,0.05406403802223988,0.06964024381254964,0.05456376285146941,0.06979608610802222,0.045532428403494835,0.05465055134233523,0.06525079228752978,0.09712920633836376,0.08078806440031772,0.04929262118347894,0.057817674098490854,0.0504207400714853,0.04674483457505956,0.05073786659253378,0.04726121428911835,0.049911926695790323,0.046057661143764896,0.0639051668864178,0.05492658519459888,0.054552311652104835,0.04993602198570295,0.05396590953137411,0.04672066016679906,0.039869640015885624,0.061223811715647336,0.05917484154884827,0.059970877601270844,0.04871265205718824
Telcm,0.06922107639396345,0.05831024395552025,0.0578097697934869,0.041354974797458297,0.04923777960285939,0.06815367706910247,0.08646341193010325,0.10380146819698172,0.07752317763304212,0.08516079505162828,0.0645104746544877,0.06360118254169973,0.07076734502779981,0.09736333308181094,0.08384513099285146,0.0767885083717236,0.09014714340746623,0.11550425358220806,0.12219602876092135,0.10504308129467832,0.10215473154090551,0.0860834564019063,0.11426757146942018,0.08261266774424145,0.11136704278792692,0.07222212498808578,0.07790906276409847,0.10125288151707704,0.14156393084988086,0.11462071399523428,0.057817674098490854,0.10007153619539319,0.08208035918189037,0.07501665209690232,0.08325364762509929,0.07601875387609214,0.0819496481731533,0.07446817345512313,0.1024873703971406,0.08154777941223193,0.0894511061080222,0.07877642519459888,0.08943936363780777,0.07876620957108814,0.06553301320095316,0.09309487349483717,0.09647296451945989,0.09669528967434468,0.07618192621127878
PerSv,0.06261104980142969,0.05306585100873708,0.051145165520254166,0.03711921297061158,0.04317319043685465,0.05930395454328833,0.07872617329626688,0.09346521647339158,0.07013841658459094,0.0778689653613979,0.06017930901509134,0.057948513280381246,0.06299231590945194,0.08569397106433675,0.07629464949960284,0.07002755164416204,0.0821418785782367,0.10464480179507545,0.1095102988641779,0.09577349189038921,0.09134623379666404,0.07643418337569498,0.10358190112787925,0.07445893073073871,0.10238264362986498,0.0643347178395552,0.0656994246068308,0.08759377897537729,0.12250002486100081,0.09905666760921365,0.0504207400714853,0.08208035918189037,0.09139829419380459,0.06843862272438442,0.07441397388403495,0.06858216828435264,0.07317339230341542,0.0674898206671962,0.09290484507545671,0.07378272047656871,0.08088476909451947,0.07183111326449564,0.08230500417791899,0.07133834493248611,0.05932481421763305,0.08332738455123113,0.08781131922954727,0.08681608255758538,0.06814079515488483
BusSv,0.05785383622875297,0.04838919638125496,0.04651238700714853,0.03342377850833996,0.03879432034312946,0.05456924816997617,0.0707740918856235,0.0846821271517077,0.06431132044479745,0.07068031876250991,0.054168033688641766,0.05343439456393963,0.05882479055599681,0.0796787664733916,0.06989586605242255,0.06304841682605242,0.07521707699285146,0.09644487941223193,0.10126691023510723,0.08851255558856236,0.0848614187466243,0.07139396166004765,0.09403383511358221,0.06869365198570294,0.09337351818109609,0.05912843470055599,0.06413597954249406,0.08466559089912627,0.11647105005559964,0.09384776532486103,0.04674483457505956,0.07501665209690232,0.06843862272438442,0.06593092697537731,0.06877352747895152,0.06311404349642573,0.06795455671644161,0.06283449341699761,0.0835469292152502,0.06832441509769659,0.07348559880381254,0.06583527341699762,0.07323345473232724,0.06429349413979352,0.05337203021127879,0.07569142423034154,0.07772919751072278,0.07926754077521841,0.06326425621286734
Hardw,0.06459668935345514,0.052284229350277975,0.052043415803018286,0.03678434863860206,0.04366978415885622,0.061579433302621125,0.0780215130039714,0.0905100369118348,0.07043424632247813,0.07886825097378873,0.05892172167752183,0.05833128048292295,0.0646127994598888,0.08867179405877684,0.0771811499285147,0.06893413772200156,0.08243493419539315,0.1050348801906275,0.11449193427164417,0.10022945357267671,0.09504068328514692,0.07970095660047656,0.10389078505480542,0.07623059126290707,0.10341415240667197,0.06430071001111991,0.07386361308339956,0.09495201532644959,0.13347561293089752,0.1065260976902303,0.05073786659253378,0.08325364762509929,0.07441397388403495,0.06877352747895152,0.0865318930325655,0.0714345282096902,0.0784874480127085,0.07074428226846703,0.09220733716918188,0.07578120240190624,0.08068264037490072,0.07252978469896741,0.08108865974900716,0.07129584010802224,0.05797475234948371,0.08211385249245433,0.08484684153137413,0.08794223269896742,0.07015320395234309
Softw,0.05885788960444796,0.0481774680889595,0.047341362305003964,0.03481247186814933,0.03925881098649722,0.05459424659729945,0.07049917248927721,0.08359205528514693,0.06418472679904687,0.07174796900873712,0.05377445416521048,0.053328196883240676,0.05869618698173155,0.08200165656076248,0.07004315275615568,0.0633575399396346,0.07447993384749801,0.09656711706115965,0.10227687736775218,0.08985096713741061,0.08576807903256553,0.07243157733915807,0.09438649573312151,0.06918713079428118,0.0933502686656076,0.059054087154884825,0.06597163320413026,0.08515566424305004,0.1175337838760921,0.09484845631771245,0.04726121428911835,0.07601875387609214,0.06858216828435264,0.06311404349642573,0.0714345282096902,0.06816158699126289,0.06998183898808577,0.06339290027958697,0.08451394311517077,0.0683670781953932,0.07407325286258937,0.06619063700714851,0.07397566203971406,0.06473472062112787,0.05363002894042891,0.07587835638284351,0.07882490491342334,0.08048009321366163,0.06332585093884036
Chips,0.06411386236378076,0.05153797948530579,0.05090228855123113,0.036170336605242256,0.04183286428594121,0.06053341790150913,0.07724787063701352,0.08958806520413026,0.0691728126449563,0.0772027411644162,0.058042281081810955,0.05739294845750595,0.06373971282764097,0.08821102348689436,0.07567370459094519,0.06809261606989675,0.08106894668943608,0.10470393304209688,0.11281446630500395,0.09746444887847498,0.09360289925814139,0.07902284745830021,0.10280877329944398,0.07476166007148531,0.1013339252819698,0.06343648008260523,0.07352320655440826,0.09507036707386812,0.13233110549642574,0.1056650229324861,0.049911926695790323,0.0819496481731533,0.07317339230341542,0.06795455671644161,0.0784874480127085,0.06998183898808577,0.0805005044305004,0.06990667624781573,0.09051356454805401,0.07403608758061953,0.07972018335345511,0.07159219902779983,0.07915702831135821,0.06991228639078632,0.057039582325655286,0.0803198978538523,0.08391949467672755,0.08603842121366165,0.06892974182366958
LabEq,0.058502854290706896,0.047658598557585405,0.04598930183637808,0.034032297070691025,0.038419258675138984,0.05561865518347894,0.06989708767593326,0.08205425746147736,0.06436259984114376,0.07085311378236697,0.054480821067513896,0.054089775294678316,0.05941233939634632,0.08070861221604447,0.07002656654487689,0.06434776494360601,0.07522850300555996,0.09586538395552029,0.10297901826528992,0.08987110303097699,0.08616760804765689,0.07233317787132647,0.09487225160285939,0.06888475051628275,0.09377783382049246,0.05944281636854647,0.06641577472915013,0.0869245186115965,0.11906874919777595,0.09623930419698175,0.046057661143764896,0.07446817345512313,0.0674898206671962,0.06283449341699761,0.07074428226846703,0.06339290027958697,0.06990667624781573,0.06897061762668785,0.0839552730833995,0.06802645566957903,0.07339027098014296,0.06622713819857029,0.07220214621763303,0.06416235435424941,0.052932290338363774,0.07450533721683875,0.07716389118030183,0.07897060773312155,0.06397758998570292
Paper,0.07851106542652897,0.06514106522954725,0.0601014584130262,0.044517263861795074,0.05393341950119142,0.07620074731215248,0.09784116483240664,0.11684092143288319,0.08816182884829228,0.09763587820651314,0.07213713044797461,0.06988084473073868,0.07723104712470212,0.10898077274821287,0.09577118430500398,0.09119100020969022,0.10283245495949168,0.13326695099285146,0.1375590216409849,0.12068757117235902,0.11582826603812547,0.09593013438443207,0.13412108496266875,0.0935613306671962,0.12755921211278792,0.07959934259571089,0.08922030287847496,0.11277926891342335,0.16065406336775218,0.12797730540428912,0.0639051668864178,0.1024873703971406,0.09290484507545671,0.0835469292152502,0.09220733716918188,0.08451394311517077,0.09051356454805401,0.0839552730833995,0.133991020065131,0.09614421945035741,0.10149533175059572,0.08876091236854644,0.1012241018173153,0.08855503604606829,0.07484372495313742,0.10637601922637015,0.10861922354725971,0.10876216606513103,0.08619153703891974
Boxes,0.06377162901350278,0.054302442872120736,0.05143210879110405,0.036290467424940444,0.04658721678157268,0.06071918813661636,0.07798037173629865,0.09095493558061953,0.07040088991262905,0.07850315117394756,0.058546679027799836,0.05601526047974582,0.0620853983161239,0.0907669687053217,0.07806048533756949,0.07037463381731532,0.08387429516759332,0.1067994462271644,0.11716414410166796,0.10153149933598093,0.09538253207942815,0.07910911482128673,0.10586557797617152,0.07768630198570291,0.10352453185067517,0.06474389419539316,0.07537050841620331,0.09645327949801427,0.1381913305162827,0.10856065179984113,0.05492658519459888,0.08154777941223193,0.07378272047656871,0.06832441509769659,0.07578120240190624,0.0683670781953932,0.07403608758061953,0.06802645566957903,0.09614421945035741,0.09707496110563942,0.08295159419857027,0.07247156858459095,0.08165090941382046,0.07150424696425736,0.05913219747736297,0.08583754038443211,0.08676170785067513,0.0889454997807784,0.06959276696425734
