,Agric,Food ,Soda ,Beer ,Smoke,Toys ,Fun  ,Books,Hshld,Clths,Hlth ,MedEq,Drugs,Chems,Rubbr,Txtls,BldMt,Cnstr,Steel,FabPr,Mach ,ElcEq,Autos,Aero ,Ships,Guns ,Gold ,Mines,Coal ,Oil  ,Util ,Telcm,PerSv,BusSv,Hardw,Softw,Chips,LabEq,Paper,Boxes,Trans,Whlsl,Rtail,Meals,Banks,Insur,RlEst,Fin  ,Other
Agric,0.10795708328991262,0.04498148278633837,0.042849752506751396,0.030793346225575835,0.039657063709293075,0.04804779183002384,0.06399163785385227,0.07744461106910244,0.06096047704686259,0.0640478183669579,0.05118709098173153,0.050714922800635436,0.05528845358220811,0.07679418785067513,0.06512036127720412,0.06180006661953931,0.07173338938840351,0.09147880169340745,0.09906190554249403,0.0894705879523431,0.08186001625099286,0.06720261047656871,0.084072682878475,0.06461516343764892,0.08944650611278791,0.05720609326131851,0.06793483520571882,0.08683339373629866,0.11945708843526612,0.09521851279110399,0.04517178211437647,0.06946029292295472,0.06270450171247023,0.05807609982366956,0.0648260793550437,0.058958497893566324,0.06430036205083399,0.05866794664495633,0.07874735738681492,0.06407375507704527,0.06904543786020649,0.06279742235266084,0.06719839271644161,0.058675083040508315,0.050455993953931716,0.06920620823034153,0.07182820196346307,0.0747195972533757,0.06024088363304208
Food ,0.04498148278633837,0.04556424342494045,0.03883812464177919,0.02805479143129468,0.033794319920571886,0.04223550636695789,0.05486838494996026,0.0643691413375695,0.04920223455758539,0.05504546987768069,0.04235016038443207,0.04109311050357426,0.04551947428117554,0.06164424430182684,0.05457571322637015,0.049488869575853855,0.05797122182684669,0.07407500369181892,0.07901546158220811,0.0693073786878475,0.06575754916600475,0.055168010277998406,0.0727622443335981,0.05380612199523431,0.07173170343447177,0.04606652913741064,0.04949323915488482,0.06505781400794282,0.09079110554408261,0.07281708722478157,0.0384238011342335,0.05864189193010326,0.0532904149833201,0.04868690536298651,0.052500773051628286,0.04840090321842733,0.05178460199205718,0.04789449159968227,0.06554793380460681,0.05470093962509928,0.057674304911834784,0.0512187144305004,0.05718752957903097,0.050291198277998425,0.04204568221763305,0.0604910338268467,0.06092540013343926,0.06212876291342337,0.04939401788403495
Soda ,0.042849752506751396,0.03883812464177919,0.07508374357267673,0.02971505327561556,0.033957887537728354,0.043261809469420175,0.052037877135822086,0.061148298528991285,0.04741024561239079,0.052417922392374916,0.04012974063383637,0.04073978446227164,0.04459774003177125,0.06005814772994439,0.051560576158856244,0.046096961590150906,0.05437717515488482,0.06782010074344719,0.07531557650039714,0.06498733017950754,0.06306108014297061,0.053724885297855456,0.06721773127243844,0.05280265126608418,0.06824704078474982,0.04420871107863383,0.04915687826211278,0.0644397226703733,0.08552388776806992,0.07069121233677522,0.03904583052104845,0.058030129491660046,0.05121047736934075,0.04669847117871325,0.052211210868943606,0.04740635782684671,0.05105834526290707,0.04618325901350277,0.060470027251787135,0.051761423594916596,0.05458412970452743,0.050018953682287544,0.05496652205718824,0.04896973226687847,0.03977101769976172,0.05777423900397139,0.05874972369817313,0.05959456937728356,0.046793307912629076
Beer ,0.030793346225575835,0.02805479143129468,0.02971505327561556,0.053933746546465454,0.026323942899126294,0.032949120481334374,0.03798793180460682,0.043246342703733134,0.0341318244305004,0.039669737280381256,0.030155336659253365,0.029730319677521846,0.0314642071644162,0.04503536833677521,0.038134828555996814,0.034314997367752176,0.040413825512311354,0.05076941346147736,0.056934837459888796,0.04922804105480539,0.04646479544082604,0.038556933955520255,0.05140220805083399,0.03972067182843527,0.05074206421286735,0.03270810321207307,0.04067272701826846,0.0481967661683876,0.06509315957108815,0.05299073216521048,0.029992916249404283,0.04160658955520256,0.03722252932803813,0.033644874123907854,0.036987328079428124,0.034959950430500396,0.03636555547100874,0.03416658762033359,0.04484617532168386,0.03658425299285145,0.04067253573788721,0.03708226495472598,0.03976515495631453,0.035866138532168364,0.028052323091342334,0.04222923580460684,0.04350585735345513,0.04274099658300239,0.03525101828911835
Smoke,0.039657063709293075,0.033794319920571886,0.033957887537728354,0.026323942899126294,0.07227581076250993,0.03604943154090548,0.04356775468625893,0.05221477537728357,0.03956143830818109,0.04576746473391582,0.034746613113582216,0.03461222189833202,0.03861119823669578,0.052348559650516296,0.04503574214455917,0.040929471731532954,0.04674590465448769,0.0564107287212073,0.06327256899920573,0.05576622541699762,0.05419158835583796,0.046119566616362184,0.0583528004765687,0.045942688832406674,0.05946250724384431,0.040875823129467824,0.04264667086576648,0.052051264583002375,0.0757206225099285,0.0642268752819698,0.0360450357347101,0.0494557640428912,0.04339400133439236,0.03891098942811757,0.04385031397934868,0.03938123660047656,0.04199131076250993,0.03852056154884829,0.05425950876092138,0.046875611461477354,0.04723963633836377,0.042118548633836364,0.04625433169976172,0.0388982294678316,0.034556972025417,0.05181049425734708,0.0498027274344718,0.051410968999205726,0.039641129634630665
Toys ,0.04804779183002384,0.04223550636695789,0.043261809469420175,0.032949120481334374,0.03604943154090548,0.08446128435107228,0.06552516114853059,0.07392772580778394,0.057705363188244645,0.06452087160285941,0.04753538314694201,0.04543055097855441,0.05189153733121525,0.07162531867196188,0.062318116041302614,0.05881731885464654,0.0671719541223193,0.08461387174265289,0.08886725104527399,0.07922408103574265,0.07501362324066718,0.06461429039714058,0.08548496906115961,0.06144528998888007,0.08264063133598094,0.05236548510881653,0.05898847852899126,0.07307978179348687,0.10044386168387608,0.08549856723431293,0.04240419206830817,0.06842624699761718,0.059479338262112796,0.05486554232406672,0.06170550808260525,0.05479930034630659,0.060670410638602075,0.055775778571882435,0.0763719177521843,0.06113555375218426,0.06554031487053215,0.05853950611119937,0.06593547104845116,0.058536793515488475,0.04877204971882445,0.06826546107545672,0.07383753171088164,0.07029103329150119,0.05725993288165208
Fun  ,0.06399163785385227,0.05486838494996026,0.052037877135822086,0.03798793180460682,0.04356775468625893,0.06552516114853059,0.09689414966004764,0.09687166470532169,0.07447230824305001,0.08294342125178712,0.060706449796664015,0.05954425619857028,0.06593910219221605,0.09079447998093725,0.07829877047815725,0.07564966332486103,0.08701258910246228,0.11167635875139001,0.1160442425750596,0.10094020867990466,0.09588654549642572,0.08078643543288323,0.11088011918665609,0.0768225344177919,0.10616139558697377,0.06671332348212868,0.07314160641461477,0.09732418974265288,0.13275634829229546,0.10637488454011118,0.05138056835424941,0.08676438930103252,0.07893090743764895,0.07105139116918188,0.07824516639555201,0.07067568447339156,0.07741326412867354,0.07012391206830818,0.0981262875694996,0.07847070087212074,0.08550218260047655,0.07444971566163623,0.08680360861795075,0.07713831022398727,0.06249951613343923,0.08684411132486097,0.09143177268308181,0.09174360354090548,0.07298774585067512
Books,0.07744461106910244,0.0643691413375695,0.061148298528991285,0.043246342703733134,0.05221477537728357,0.07392772580778394,0.09687166470532169,0.157827567567911,0.09070098692295471,0.09772725400476572,0.07191982739316917,0.06897188820333598,0.07615841146942015,0.10669726531532964,0.09557421387132643,0.09235538236060363,0.1021628108975377,0.13191115801111988,0.13484832662748214,0.11752060099761716,0.11494340050833994,0.09467986760921367,0.131960467030977,0.09168226591262907,0.12928478555043688,0.0798819912057188,0.07904457400476567,0.1063720970548054,0.1518670251628277,0.12280682264654487,0.0619828149451946,0.10419986166799049,0.09362362577283562,0.08496889793804605,0.09075974737410647,0.08377465272756153,0.08977954746306589,0.08231530415250199,0.1172334139793487,0.0915586961842732,0.10107009379507548,0.08789182415885624,0.1025140725019857,0.08987950391104049,0.07615261955837964,0.1049052569150119,0.11082703216521049,0.10778281494519455,0.0845442109864972
Hshld,0.06096047704686259,0.04920223455758539,0.04741024561239079,0.0341318244305004,0.03956143830818109,0.057705363188244645,0.07447230824305001,0.09070098692295471,0.08123908633995235,0.07731001156791105,0.05541627854328834,0.05378497997299443,0.0583705222398729,0.08363372688165212,0.07393468728196978,0.07050010889118347,0.07951880756155677,0.10201866536298647,0.10552627381890392,0.09162598607783955,0.08845840090548053,0.07394126532962668,0.10105706982049247,0.07175615250833994,0.09819779980619539,0.059481509146942016,0.06586403441143764,0.0871318980889595,0.11765238235107227,0.09608046430818108,0.04744690870691025,0.0777926569737887,0.07030275442096902,0.0645730689579031,0.07063450407307387,0.06431784369181892,0.06937563021604447,0.06456401989356632,0.08840414834789515,0.07078700595869739,0.0783459661683876,0.06842698554567118,0.07877368404289119,0.06937869711517078,0.05788771528832407,0.07848326966004765,0.08423916647498017,0.0824112856250993,0.06624083958220807
Clths,0.0640478183669579,0.05504546987768069,0.052417922392374916,0.039669737280381256,0.04576746473391582,0.06452087160285941,0.08294342125178712,0.09772725400476572,0.07731001156791105,0.10250207301667992,0.060493426061953924,0.05896845932644956,0.06441556031771245,0.0917578821985703,0.08080854101350278,0.07691350130897537,0.08668298414614774,0.11659936684988088,0.11623704990945194,0.1034393154440032,0.09774006646544878,0.08171102158856233,0.11180276928355837,0.08048208703415409,0.11001826150278,0.06589885587926929,0.06950968048292291,0.0941246363367752,0.1314407142494043,0.10447138173788721,0.05290000432406671,0.0856683889912629,0.07801484237648927,0.07106790407942812,0.07905770209372515,0.07198402841620334,0.07749265982843526,0.07115966981096107,0.09804662476568704,0.07902746179825261,0.08744774996981734,0.07593173611119938,0.09241595315329625,0.07931396490548054,0.061517308575059576,0.087380094649722,0.09228311522160447,0.09121775272756155,0.0727435532867355
Hlth ,0.05118709098173153,0.04235016038443207,0.04012974063383637,0.030155336659253365,0.034746613113582216,0.04753538314694201,0.060706449796664015,0.07191982739316917,0.05541627854328834,0.060493426061953924,0.057496810196981725,0.04865605717077045,0.052961610595710876,0.06879012514058776,0.060001808946783135,0.056028394489277204,0.06459577064336774,0.08190302258617949,0.08723085333915805,0.07707104903574265,0.07259859166004765,0.0615018982446386,0.08105628574424145,0.05879404329150118,0.08121649711517076,0.05103660404130261,0.05666758005718827,0.07181547966799047,0.0991262183796664,0.0822849071104051,0.04169541318983321,0.0647431014217633,0.06030132378713266,0.05437821368864177,0.059087016714853065,0.053914056127084976,0.058229168122319305,0.054686581952343126,0.07238929605242259,0.05889013353931692,0.06322091412073076,0.05736476497696584,0.06238841281175537,0.0551504047053217,0.04588369016997617,0.06651890033836377,0.06755572156949957,0.06715737145830022,0.05511152263860204
MedEq,0.050714922800635436,0.04109311050357426,0.04073978446227164,0.029730319677521846,0.03461222189833202,0.04543055097855441,0.05954425619857028,0.06897188820333598,0.05378497997299443,0.05896845932644956,0.04865605717077045,0.05350727367593328,0.05305872967434472,0.06773145470373312,0.05844289126608421,0.05447766808737092,0.06312014239872914,0.07970188253852264,0.0855541013613979,0.07462164951231136,0.0711887776489277,0.0604837972279587,0.0784717273963463,0.057545367612390784,0.07837507757585387,0.05114767619380462,0.05527684919142176,0.07243563796822874,0.09915468252581414,0.08030172715806196,0.040638673062748217,0.0637572104130262,0.05808299365210484,0.05359441729467832,0.05850284308498809,0.05347071071008737,0.0575616095361398,0.05423820487529784,0.07010808745830023,0.05632825263383639,0.06193228395393169,0.056022476668784744,0.06084368094519461,0.05314650230659254,0.045028691599682286,0.0639660410373312,0.06552555410325654,0.06637281979825257,0.05430442263860206
Drugs,0.05528845358220811,0.04551947428117554,0.04459774003177125,0.0314642071644162,0.03861119823669578,0.05189153733121525,0.06593910219221605,0.07615841146942015,0.0583705222398729,0.06441556031771245,0.052961610595710876,0.05305872967434472,0.06666557232724385,0.0752172856870532,0.06406956543288324,0.05855300592533756,0.06900331996822874,0.08818916969023033,0.09368215934868944,0.08153427717235898,0.0781660331056394,0.06670696846703733,0.08611713636219222,0.06326632794281176,0.0855207075774424,0.05716345382049247,0.0610300528355838,0.07996537358220807,0.10660639625099286,0.08844239123113581,0.04438844535345511,0.07096378403494837,0.06307685814138204,0.0590006391898332,0.06478009849086576,0.058806062621127864,0.06391385485305799,0.059547762557585406,0.07755608401906273,0.062387600111199364,0.06812436338363781,0.061429975520254164,0.06714134806989673,0.0590622711040508,0.04899770335186657,0.06955019070691024,0.07149712861000791,0.07246734848292295,0.059486131930103256
Chems,0.07679418785067513,0.06164424430182684,0.06005814772994439,0.04503536833677521,0.052348559650516296,0.07162531867196188,0.09079447998093725,0.10669726531532964,0.08363372688165212,0.0917578821985703,0.06879012514058776,0.06773145470373312,0.0752172856870532,0.11952124076886418,0.09079090870214455,0.08225879107863383,0.09770630875297855,0.12741943156791105,0.13966323728038127,0.11985968230659252,0.11370739945988884,0.09441815532962666,0.1255666669483717,0.09044121272120732,0.12201558007307384,0.07613955742017475,0.09909421163463066,0.12121563790945196,0.17031959138999206,0.13367412794916603,0.06329841263224782,0.09793950036536934,0.08603932669737883,0.0801873705607625,0.08901007766163621,0.08237625789992056,0.08867553796981735,0.08111968974741861,0.10955624689436064,0.09142870095631454,0.09591848437807785,0.08604238772359012,0.0942603508816521,0.0834351388212867,0.06870768836854643,0.09863315166322477,0.10294261101191425,0.10261574260841942,0.08180144683717235
Rubbr,0.06512036127720412,0.05457571322637015,0.051560576158856244,0.038134828555996814,0.04503574214455917,0.062318116041302614,0.07829877047815725,0.09557421387132643,0.07393468728196978,0.08080854101350278,0.060001808946783135,0.05844289126608421,0.06406956543288324,0.09079090870214455,0.09872235878633835,0.07337062473073869,0.08517818500397138,0.10598373357267668,0.1153744550532168,0.10080053871961873,0.09652304543288323,0.08081366754567115,0.10810615940905481,0.07831749956473391,0.10637915252104847,0.06511006905798253,0.07012584773312153,0.09216496884511517,0.1288843453852264,0.1060099479078634,0.0542792074725973,0.08405611526608417,0.07625522877204129,0.0700169440127085,0.07724926499761717,0.07009970223351865,0.07568293979984113,0.07006995630182687,0.09591755488482921,0.07829920693248606,0.08417603471326447,0.07419483987926925,0.08250907898332008,0.0716524393582208,0.061706709922160444,0.08630694405718821,0.08955732257982525,0.0888464186878475,0.07102882676409848
Txtls,0.06180006661953931,0.049488869575853855,0.046096961590150906,0.034314997367752176,0.040929471731532954,0.05881731885464654,0.07564966332486103,0.09235538236060363,0.07050010889118347,0.07691350130897537,0.056028394489277204,0.05447766808737092,0.05855300592533756,0.08225879107863383,0.07337062473073869,0.10726395999841143,0.08139613429706116,0.10348702386338367,0.1056138751596505,0.09141525771564735,0.08857137021445594,0.07259489535345512,0.10000534230976964,0.06946792001270849,0.09944988000953134,0.061258300899126296,0.0676519136997617,0.08725407923590149,0.11780990826052423,0.09781611335027801,0.04703485834312948,0.07716700896743445,0.07023087294042892,0.06334524967911039,0.0691181517045274,0.06359882180778395,0.06834783869261318,0.06458944468784748,0.09146303368546464,0.07078128280698966,0.07823568570452742,0.06812765060683082,0.07767258164416203,0.069214321172359,0.05611910614455918,0.07936232982843523,0.08499360402223986,0.08009799516600474,0.06509005583637807
BldMt,0.07173338938840351,0.05797122182684669,0.05437717515488482,0.040413825512311354,0.04674590465448769,0.0671719541223193,0.08701258910246228,0.1021628108975377,0.07951880756155677,0.08668298414614774,0.06459577064336774,0.06312014239872914,0.06900331996822874,0.09770630875297855,0.08517818500397138,0.08139613429706116,0.10184875552025419,0.12094736772041303,0.12677201877680694,0.11053293928514694,0.1049275044003177,0.08729075866560762,0.11621511339158057,0.08391250627482127,0.11564622627482132,0.07072822551231132,0.08069737728355837,0.1050946575694996,0.14689763898332006,0.11730131285146943,0.056604774265289905,0.09053533159650513,0.08236471269261317,0.0755313270214456,0.08266988416203334,0.07467367669579031,0.08130481556791105,0.0754507936457506,0.10318862833995233,0.08438017915806195,0.09038764206513106,0.08003222135027797,0.09005650738681494,0.07832702916600477,0.06617855952343128,0.09212700187450355,0.09740354675138997,0.09689237185067513,0.07679165645750596
Cnstr,0.09147880169340745,0.07407500369181892,0.06782010074344719,0.05076941346147736,0.0564107287212073,0.08461387174265289,0.11167635875139001,0.13191115801111988,0.10201866536298647,0.11659936684988088,0.08190302258617949,0.07970188253852264,0.08818916969023033,0.12741943156791105,0.10598373357267668,0.10348702386338367,0.12094736772041303,0.220030077706116,0.16658947830659251,0.14219512177283558,0.13472902182684665,0.11303619912629072,0.1506140531088165,0.10573887501826847,0.14709803963145357,0.08909381497696585,0.11404576437172358,0.13894169569817316,0.19700034903891983,0.15271179395075452,0.0715686791517077,0.11626131547259727,0.10514777494519459,0.09704845762351072,0.10542381792533762,0.09692530437490074,0.10517687927879268,0.0963547812835584,0.1340095197934869,0.10779159270214457,0.11725687002065131,0.10171829815091338,0.1185034730579825,0.10366173058617947,0.0880280388943606,0.1280081560381255,0.1261162469515489,0.12538692906433677,0.09953065496743445
Steel,0.09906190554249403,0.07901546158220811,0.07531557650039714,0.056934837459888796,0.06327256899920573,0.08886725104527399,0.1160442425750596,0.13484832662748214,0.10552627381890392,0.11623704990945194,0.08723085333915805,0.0855541013613979,0.09368215934868944,0.13966323728038127,0.1153744550532168,0.1056138751596505,0.12677201877680694,0.16658947830659251,0.19445852570452737,0.15827146624940425,0.14776623728355837,0.12104615316123908,0.15826723057664815,0.11508409816679903,0.15611320387926925,0.09620594632565531,0.13559350112470223,0.16268662569181888,0.23650301891977762,0.17681673191104055,0.0798470643828435,0.12279997339952342,0.10979531185385227,0.10177926308339952,0.11481304480698964,0.10266154493407463,0.11326409359650513,0.10343251904209688,0.13808083595710882,0.11793928900555996,0.12250370646068304,0.11029091748848291,0.11932245794281172,0.10546504747577444,0.0852418793423352,0.1245055331993646,0.13107622968069899,0.13031510713105637,0.10546339946465451
FabPr,0.0894705879523431,0.0693073786878475,0.06498733017950754,0.04922804105480539,0.05576622541699762,0.07922408103574265,0.10094020867990466,0.11752060099761716,0.09162598607783955,0.1034393154440032,0.07707104903574265,0.07462164951231136,0.08153427717235898,0.11985968230659252,0.10080053871961873,0.09141525771564735,0.11053293928514694,0.14219512177283558,0.15827146624940425,0.18031293721366165,0.12822136114376487,0.10636714065131059,0.138223128025417,0.10260494767911042,0.13812002444479743,0.08368712995710881,0.11120285793804605,0.1336922008768864,0.1963994163304209,0.15041616287847492,0.0690564199459889,0.10568554735504372,0.09615612763780776,0.08908798373947578,0.10064197452581417,0.09026907257188242,0.09799599662589353,0.09030096020333596,0.12139831202541698,0.10226880701509139,0.10588376439714058,0.09666660244003178,0.1050658980460683,0.09173981303256555,0.075700317274027,0.10766452155043685,0.11371219843685462,0.11417711109769657,0.09237105968546466
Mach ,0.08186001625099286,0.06575754916600475,0.06306108014297061,0.04646479544082604,0.05419158835583796,0.07501362324066718,0.09588654549642572,0.11494340050833994,0.08845840090548053,0.09774006646544878,0.07259859166004765,0.0711887776489277,0.0781660331056394,0.11370739945988884,0.09652304543288323,0.08857137021445594,0.1049275044003177,0.13472902182684665,0.14776623728355837,0.12822136114376487,0.12500860235107225,0.09953944627482125,0.1316599566322478,0.09595430182684674,0.13090480425734707,0.08055410182684675,0.10112539227958696,0.12500210613185067,0.17888916708498803,0.14076973544082608,0.06589808433677523,0.10261198581413819,0.09162312778395551,0.0852842587291501,0.09535068200158851,0.08606905378872119,0.09394145221604451,0.08649502934074663,0.11629691531374103,0.09601292163621922,0.10116400916600474,0.09113083734710087,0.09987777132644957,0.08760229677521841,0.07253531685464654,0.10356181326449562,0.10874411806195393,0.10888151175536136,0.08730456875297854
ElcEq,0.06720261047656871,0.055168010277998406,0.053724885297855456,0.038556933955520255,0.046119566616362184,0.06461429039714058,0.08078643543288323,0.09467986760921367,0.07394126532962668,0.08171102158856233,0.0615018982446386,0.0604837972279587,0.06670696846703733,0.09441815532962666,0.08081366754567115,0.07259489535345512,0.08729075866560762,0.11303619912629072,0.12104615316123908,0.10636714065131059,0.09953944627482125,0.094151346076251,0.10895831914217634,0.08027054249404288,0.10883680341540908,0.06870812625893567,0.07793222082605245,0.10283553700555993,0.14581548557585383,0.11442731890389202,0.054422456211278794,0.08640983344718031,0.07675640320889598,0.07168582286735503,0.08004670327243844,0.07263145944400318,0.0793025667593328,0.0726418520492454,0.0963336454884829,0.07967001309769661,0.08495917370135027,0.0758751846147736,0.08292462054805401,0.07247837437648928,0.06154675048451151,0.08699498456711675,0.09101251272438445,0.09117355560762509,0.07360287462271645
Autos,0.084072682878475,0.0727622443335981,0.06721773127243844,0.05140220805083399,0.0583528004765687,0.08548496906115961,0.11088011918665609,0.131960467030977,0.10105706982049247,0.11180276928355837,0.08105628574424145,0.0784717273963463,0.08611713636219222,0.1255666669483717,0.10810615940905481,0.10000534230976964,0.11621511339158057,0.1506140531088165,0.15826723057664815,0.138223128025417,0.1316599566322478,0.10895831914217634,0.16637035193645755,0.1051360999968229,0.14568364269420178,0.08835553864336777,0.1038889340810167,0.12931108775853856,0.1844247343923749,0.14571877319142174,0.07006024160762513,0.11469585261318505,0.10365936440984905,0.09440213345194598,0.10406974177601269,0.09461079740746625,0.1030056488514694,0.0951101034725973,0.134463517680699,0.10640844630976963,0.11490236139158065,0.10053833444320888,0.11438863059571087,0.1012478759142176,0.08302882034630658,0.11633689247339159,0.12094892796187447,0.1207227672629071,0.09769370618586178
Aero ,0.06461516343764892,0.05380612199523431,0.05280265126608418,0.03972067182843527,0.045942688832406674,0.06144528998888007,0.0768225344177919,0.09168226591262907,0.07175615250833994,0.08048208703415409,0.05879404329150118,0.057545367612390784,0.06326632794281176,0.09044121272120732,0.07831749956473391,0.06946792001270849,0.08391250627482127,0.10573887501826847,0.11508409816679903,0.10260494767911042,0.09595430182684674,0.08027054249404288,0.1051360999968229,0.09347102884193802,0.10417729612708501,0.06766033908181096,0.07304689179984114,0.09397381265766482,0.1327873020810167,0.10655288280857825,0.054895817957108815,0.08295158354249403,0.07463008186179507,0.0690148820587768,0.07650280056552819,0.0694109705099285,0.07500863508181094,0.06912012602382842,0.09387160689436062,0.07802426338999206,0.08321560357744241,0.073412781197776,0.08227263355043685,0.07183504228117554,0.05866873282922955,0.0851909078697379,0.08690795346147737,0.08826788553455123,0.07047181380142972
Ships,0.08944650611278791,0.07173170343447177,0.06824704078474982,0.05074206421286735,0.05946250724384431,0.08264063133598094,0.10616139558697377,0.12928478555043688,0.09819779980619539,0.11001826150278,0.08121649711517076,0.07837507757585387,0.0855207075774424,0.12201558007307384,0.10637915252104847,0.09944988000953134,0.11564622627482132,0.14709803963145357,0.15611320387926925,0.13812002444479743,0.13090480425734707,0.10883680341540908,0.14568364269420178,0.10417729612708501,0.17532185335027806,0.08928239584432089,0.1012696915266084,0.130426489731533,0.18151567628276413,0.14480951338522635,0.07027173003653689,0.11181511293089753,0.10245284636060366,0.09376156000317712,0.1036535070881652,0.09361284808895948,0.10153908206195394,0.0940482663923749,0.12794222200158853,0.10411533315011912,0.11434005209531373,0.10008281140270053,0.11282810555996824,0.09844688484829228,0.08105416710405082,0.11406760755837964,0.11729020617633044,0.11833328590627484,0.09627440267831612
Guns ,0.05720609326131851,0.04606652913741064,0.04420871107863383,0.03270810321207307,0.040875823129467824,0.05236548510881653,0.06671332348212868,0.0798819912057188,0.059481509146942016,0.06589885587926929,0.05103660404130261,0.05114767619380462,0.05716345382049247,0.07613955742017475,0.06511006905798253,0.061258300899126296,0.07072822551231132,0.08909381497696585,0.09620594632565531,0.08368712995710881,0.08055410182684675,0.06870812625893567,0.08835553864336777,0.06766033908181096,0.08928239584432089,0.09767240658300237,0.06256553038284353,0.08149695932644957,0.1096304903256553,0.08910433492613185,0.04579391397617158,0.07248520594122322,0.06447979924384431,0.059322489741064334,0.06454938006671962,0.05926386521366164,0.06364734936934074,0.0596440053121525,0.08003695539316914,0.06511150940111199,0.07079700489912628,0.06204376268149326,0.06863046462271645,0.06018718000317712,0.0503274848482923,0.07147884083876092,0.07413827750278,0.07482258260206512,0.05995733238443209
Gold ,0.06793483520571882,0.04949323915488482,0.04915687826211278,0.04067272701826846,0.04264667086576648,0.05898847852899126,0.07314160641461477,0.07904457400476567,0.06586403441143764,0.06950968048292291,0.05666758005718827,0.05527684919142176,0.0610300528355838,0.09909421163463066,0.07012584773312153,0.0676519136997617,0.08069737728355837,0.11404576437172358,0.13559350112470223,0.11120285793804605,0.10112539227958696,0.07793222082605245,0.1038889340810167,0.07304689179984114,0.1012696915266084,0.06256553038284353,0.2963593821191422,0.16141614696425724,0.20029366077839558,0.14414286161080214,0.05506116314853057,0.07807149208895948,0.06543875144718031,0.06438913232406675,0.07403339369023036,0.06601931861477367,0.07382952562668782,0.06664949125655283,0.08957984214455916,0.07575961169499602,0.07056335527561555,0.07014933661953932,0.06979936900714852,0.062427892117553625,0.04591770479428118,0.07616230573788722,0.07978648850198569,0.08176457735027799,0.06824213721048453
Mines,0.08683339373629866,0.06505781400794282,0.0644397226703733,0.0481967661683876,0.052051264583002375,0.07307978179348687,0.09732418974265288,0.1063720970548054,0.0871318980889595,0.0941246363367752,0.07181547966799047,0.07243563796822874,0.07996537358220807,0.12121563790945196,0.09216496884511517,0.08725407923590149,0.1050946575694996,0.13894169569817316,0.16268662569181888,0.1336922008768864,0.12500210613185067,0.10283553700555993,0.12931108775853856,0.09397381265766482,0.130426489731533,0.08149695932644957,0.16141614696425724,0.1863942261143765,0.220308827720413,0.16328132815567914,0.06593717243367749,0.10190447962668785,0.08799280431453538,0.08523616017950753,0.09538738087053218,0.08559362060047654,0.09562364946306597,0.08745522282922955,0.11327995733915809,0.09719950002700556,0.0978409276743447,0.09160853108339953,0.09563076582208102,0.08607161740746622,0.06761008339634629,0.09959059928038125,0.10358912821604448,0.10822538306115964,0.08826953393010321
Coal ,0.11945708843526612,0.09079110554408261,0.08552388776806992,0.06509315957108815,0.0757206225099285,0.10044386168387608,0.13275634829229546,0.1518670251628277,0.11765238235107227,0.1314407142494043,0.0991262183796664,0.09915468252581414,0.10660639625099286,0.17031959138999206,0.1288843453852264,0.11780990826052423,0.14689763898332006,0.19700034903891983,0.23650301891977762,0.1963994163304209,0.17888916708498803,0.14581548557585383,0.1844247343923749,0.1327873020810167,0.18151567628276413,0.1096304903256553,0.20029366077839558,0.220308827720413,0.3961549369023035,0.24589477258141382,0.09754498187450357,0.14183119521842733,0.122381271771247,0.11667517701350272,0.13339308152501986,0.11774842891183483,0.13240239115170774,0.11926705850675139,0.16060925421763303,0.13837669710881656,0.1365375803812549,0.1275482097378872,0.13241567925337566,0.11771544895949171,0.09321364308181093,0.14055818022239872,0.14840500486100078,0.14892523362986498,0.12257585764892773
Oil  ,0.09521851279110399,0.07281708722478157,0.07069121233677522,0.05299073216521048,0.0642268752819698,0.08549856723431293,0.10637488454011118,0.12280682264654487,0.09608046430818108,0.10447138173788721,0.0822849071104051,0.08030172715806196,0.08844239123113581,0.13367412794916603,0.1060099479078634,0.09781611335027801,0.11730131285146943,0.15271179395075452,0.17681673191104055,0.15041616287847492,0.14076973544082608,0.11442731890389202,0.14571877319142174,0.10655288280857825,0.14480951338522635,0.08910433492613185,0.14414286161080214,0.16328132815567914,0.24589477258141382,0.20175547933915802,0.08118271669896746,0.11493371566322474,0.09913033692772044,0.09408190449245431,0.10661998091818906,0.09499349211755356,0.10581479682605241,0.09643320506115964,0.12813486876886415,0.10902479987609215,0.10770749290865764,0.10217222789833201,0.10460928996028594,0.09283144306274822,0.07714888859094518,0.11462336117871322,0.12194053174265292,0.11909990942335186,0.09882617555837966
Util ,0.04517178211437647,0.0384238011342335,0.03904583052104845,0.029992916249404283,0.0360450357347101,0.04240419206830817,0.05138056835424941,0.0619828149451946,0.04744690870691025,0.05290000432406671,0.04169541318983321,0.040638673062748217,0.04438844535345511,0.06329841263224782,0.0542792074725973,0.04703485834312948,0.056604774265289905,0.0715686791517077,0.0798470643828435,0.0690564199459889,0.06589808433677523,0.054422456211278794,0.07006024160762513,0.054895817957108815,0.07027173003653689,0.04579391397617158,0.05506116314853057,0.06593717243367749,0.09754498187450357,0.08118271669896746,0.049662438841938064,0.058201720833995246,0.05073868960762509,0.0470895104511517,0.05104339957744242,0.04753003425575854,0.05026450176489277,0.0463930413709293,0.06434574081810959,0.05540390581572676,0.05502079990945195,0.050321804354249405,0.05445359594122319,0.04696988434312948,0.040144651491660036,0.061670378984908646,0.059673771018268464,0.06043702373471007,0.049065358025416984
Telcm,0.06946029292295472,0.05864189193010326,0.058030129491660046,0.04160658955520256,0.0494557640428912,0.06842624699761718,0.08676438930103252,0.10419986166799049,0.0777926569737887,0.0856683889912629,0.0647431014217633,0.0637572104130262,0.07096378403494837,0.09793950036536934,0.08405611526608417,0.07716700896743445,0.09053533159650513,0.11626131547259727,0.12279997339952342,0.10568554735504372,0.10261198581413819,0.08640983344718031,0.11469585261318505,0.08295158354249403,0.11181511293089753,0.07248520594122322,0.07807149208895948,0.10190447962668785,0.14183119521842733,0.11493371566322474,0.058201720833995246,0.10049472672756156,0.08235472368546468,0.07535999049245432,0.08357153647339156,0.07625830325655282,0.08224163903891978,0.07475900664813347,0.10294999557585385,0.08216335174741858,0.09003287765687056,0.07917662537728358,0.09000582839555199,0.07910915518665607,0.0658149142017474,0.09358315330420969,0.0971019193328038,0.09719651945194596,0.07649528167593325
PerSv,0.06270450171247023,0.0532904149833201,0.05121047736934075,0.03722252932803813,0.04339400133439236,0.059479338262112796,0.07893090743764895,0.09362362577283562,0.07030275442096902,0.07801484237648927,0.06030132378713266,0.05808299365210484,0.06307685814138204,0.08603932669737883,0.07625522877204129,0.07023087294042892,0.08236471269261317,0.10514777494519459,0.10979531185385227,0.09615612763780776,0.09162312778395551,0.07675640320889598,0.10365936440984905,0.07463008186179507,0.10245284636060366,0.06447979924384431,0.06543875144718031,0.08799280431453538,0.122381271771247,0.09913033692772044,0.05073868960762509,0.08235472368546468,0.09130867536775215,0.06865917342652898,0.0745000791612391,0.06871102632565529,0.07326117707386814,0.06764310812390786,0.09319794764098491,0.07417464817791897,0.08126541636854648,0.07206840932168387,0.08264340584590943,0.07152834321207306,0.05948878600794282,0.08365289882128671,0.08829060325337565,0.08707459013185068,0.06829000310722798
BusSv,0.05807609982366956,0.04868690536298651,0.04669847117871325,0.033644874123907854,0.03891098942811757,0.05486554232406672,0.07105139116918188,0.08496889793804605,0.0645730689579031,0.07106790407942812,0.05437821368864177,0.05359441729467832,0.0590006391898332,0.0801873705607625,0.0700169440127085,0.06334524967911039,0.0755313270214456,0.09704845762351072,0.10177926308339952,0.08908798373947578,0.0852842587291501,0.07168582286735503,0.09440213345194598,0.0690148820587768,0.09376156000317712,0.059322489741064334,0.06438913232406675,0.08523616017950753,0.11667517701350272,0.09408190449245431,0.0470895104511517,0.07535999049245432,0.06865917342652898,0.06624135277362987,0.06903047772200158,0.06333438620492454,0.06821939548689436,0.06309656873232723,0.08393820593328037,0.06883744948212865,0.07398125070214458,0.06620061461318506,0.07369539281175537,0.06457840947736299,0.0535843620428912,0.07611183013343924,0.07823947266719618,0.07967921820333596,0.0635664817839555
Hardw,0.0648260793550437,0.052500773051628286,0.052211210868943606,0.036987328079428124,0.04385031397934868,0.06170550808260525,0.07824516639555201,0.09075974737410647,0.07063450407307387,0.07905770209372515,0.059087016714853065,0.05850284308498809,0.06478009849086576,0.08901007766163621,0.07724926499761717,0.0691181517045274,0.08266988416203334,0.10542381792533762,0.11481304480698964,0.10064197452581417,0.09535068200158851,0.08004670327243844,0.10406974177601269,0.07650280056552819,0.1036535070881652,0.06454938006671962,0.07403339369023036,0.09538738087053218,0.13339308152501986,0.10661998091818906,0.05104339957744242,0.08357153647339156,0.0745000791612391,0.06903047772200158,0.08655502423510722,0.07159117730897537,0.07868091182525813,0.07092221001111992,0.09251308694201746,0.07611239217474183,0.08109678907386814,0.07277013473232723,0.08140182905480543,0.07146948043844321,0.05814150467990468,0.08241808469261323,0.08511746062589358,0.08821988615409057,0.07032644180778394
Softw,0.058958497893566324,0.04840090321842733,0.04740635782684671,0.034959950430500396,0.03938123660047656,0.05479930034630659,0.07067568447339156,0.08377465272756153,0.06431784369181892,0.07198402841620334,0.053914056127084976,0.05347071071008737,0.058806062621127864,0.08237625789992056,0.07009970223351865,0.06359882180778395,0.07467367669579031,0.09692530437490074,0.10266154493407463,0.09026907257188242,0.08606905378872119,0.07263145944400318,0.09461079740746625,0.0694109705099285,0.09361284808895948,0.05926386521366164,0.06601931861477367,0.08559362060047654,0.11774842891183483,0.09499349211755356,0.04753003425575854,0.07625830325655282,0.06871102632565529,0.06333438620492454,0.07159117730897537,0.06829208663383637,0.07013271736934074,0.06357966877204131,0.0847838698014297,0.06877340067355045,0.0744444985416998,0.06643257163463066,0.07427049868149324,0.06493447478316122,0.05376783036695789,0.07617992308816521,0.0791833364638602,0.08076832836219221,0.06353069627958696
Chips,0.06430036205083399,0.05178460199205718,0.05105834526290707,0.03636555547100874,0.04199131076250993,0.060670410638602075,0.07741326412867354,0.08977954746306589,0.06937563021604447,0.07749265982843526,0.058229168122319305,0.0575616095361398,0.06391385485305799,0.08867553796981735,0.07568293979984113,0.06834783869261318,0.08130481556791105,0.10517687927879268,0.11326409359650513,0.09799599662589353,0.09394145221604451,0.0793025667593328,0.1030056488514694,0.07500863508181094,0.10153908206195394,0.06364734936934074,0.07382952562668782,0.09562364946306597,0.13240239115170774,0.10581479682605241,0.05026450176489277,0.08224163903891978,0.07326117707386814,0.06821939548689436,0.07868091182525813,0.07013271736934074,0.08062802403653695,0.07010578076727561,0.09081352123113583,0.07449678303574261,0.08013889399999996,0.07186422708657662,0.07953642556791103,0.07015202715488483,0.05719930922001589,0.08067211520413028,0.0843778756409849,0.08635830089118346,0.06912868468149323
LabEq,0.05866794664495633,0.04789449159968227,0.04618325901350277,0.03416658762033359,0.03852056154884829,0.055775778571882435,0.07012391206830818,0.08231530415250199,0.06456401989356632,0.07115966981096107,0.054686581952343126,0.05423820487529784,0.059547762557585406,0.08111968974741861,0.07006995630182687,0.06458944468784748,0.0754507936457506,0.0963547812835584,0.10343251904209688,0.09030096020333596,0.08649502934074663,0.0726418520492454,0.0951101034725973,0.06912012602382842,0.0940482663923749,0.0596440053121525,0.06664949125655283,0.08745522282922955,0.11926705850675139,0.09643320506115964,0.0463930413709293,0.07475900664813347,0.06764310812390786,0.06309656873232723,0.07092221001111992,0.06357966877204131,0.07010578076727561,0.06912721801270848,0.08423581881652108,0.06839963161715647,0.07384078049086575,0.06647778896425732,0.07259599244638601,0.0643741388435266,0.0531129233709293,0.07484489979825258,0.07757977497696585,0.07931882769340746,0.06415837630023828
Paper,0.07874735738681492,0.06554793380460681,0.060470027251787135,0.04484617532168386,0.05425950876092138,0.0763719177521843,0.0981262875694996,0.1172334139793487,0.08840414834789515,0.09804662476568704,0.07238929605242259,0.07010808745830023,0.07755608401906273,0.10955624689436064,0.09591755488482921,0.09146303368546464,0.10318862833995233,0.1340095197934869,0.13808083595710882,0.12139831202541698,0.11629691531374103,0.0963336454884829,0.134463517680699,0.09387160689436062,0.12794222200158853,0.08003695539316914,0.08957984214455916,0.11327995733915809,0.16060925421763303,0.12813486876886415,0.06434574081810959,0.10294999557585385,0.09319794764098491,0.08393820593328037,0.09251308694201746,0.0847838698014297,0.09081352123113583,0.08423581881652108,0.13429886207307382,0.0967009221683876,0.1021716493804607,0.08915008081810957,0.10181830893566321,0.08894947096108022,0.07509385043685465,0.106866648649722,0.10930657045274025,0.1092335866799047,0.08654719316123911
Boxes,0.06407375507704527,0.05470093962509928,0.051761423594916596,0.03658425299285145,0.046875611461477354,0.06113555375218426,0.07847070087212074,0.0915586961842732,0.07078700595869739,0.07902746179825261,0.05889013353931692,0.05632825263383639,0.062387600111199364,0.09142870095631454,0.07829920693248606,0.07078128280698966,0.08438017915806195,0.10779159270214457,0.11793928900555996,0.10226880701509139,0.09601292163621922,0.07967001309769661,0.10640844630976963,0.07802426338999206,0.10411533315011912,0.06511150940111199,0.07575961169499602,0.09719950002700556,0.13837669710881656,0.10902479987609215,0.05540390581572676,0.08216335174741858,0.07417464817791897,0.06883744948212865,0.07611239217474183,0.06877340067355045,0.07449678303574261,0.06839963161715647,0.0967009221683876,0.09762278324225576,0.08361725176012708,0.0729667353788721,0.08233468544082605,0.07193532161080222,0.05950988415250197,0.08643328735663224,0.08760766261477362,0.08960069607783952,0.07001090315647338
