,Agric,Food ,Soda ,Beer ,Smoke,Toys ,Fun  ,Books,Hshld,Clths,Hlth ,MedEq,Drugs,Chems,Rubbr,Txtls,BldMt,Cnstr,Steel,FabPr,Mach ,ElcEq,Autos,Aero ,Ships,Guns ,Gold ,Mines,Coal ,Oil  ,Util ,Telcm,PerSv,BusSv,Hardw,Softw,Chips,LabEq,Paper,Boxes,Trans,Whlsl,Rtail,Meals,Banks,Insur,RlEst,Fin  ,Other
Agric,0.10051541591104049,0.04253566632247816,0.04104872849880857,0.029339102173153282,0.03792212175059572,0.04560390929308976,0.06012950851787131,0.07384607854169975,0.05845599353137408,0.06066337830976966,0.05003201643526609,0.04906812913105639,0.053641030246227156,0.07222629585702936,0.06227901982208101,0.05999234302779985,0.06857093120254168,0.08478566306592532,0.09351422566799046,0.0834182607974583,0.07741404414614772,0.06361856054964256,0.08000808782525815,0.061311162567116766,0.08625527182208102,0.05348581331532961,0.06600351954567119,0.0813230804130262,0.11349023704527407,0.09240483211119935,0.04294166794598888,0.0656114366830818,0.0594547529118348,0.05480276474344716,0.06109126390150913,0.0555636662907069,0.061369243548848276,0.05582833165687054,0.07416129036695791,0.059080155355043684,0.06537982389197773,0.059579072606830825,0.06276837045274025,0.05529501518983321,0.04763475530420969,0.06593501011596503,0.06898451129785545,0.06913459987291502,0.05776738381572678
Food ,0.04253566632247816,0.04377657498808578,0.0367765974344718,0.02688470664813344,0.03353971034948371,0.040443068911834794,0.05201627918983321,0.061581690127084976,0.04726755903097697,0.05257814571088165,0.04113365346306591,0.03998559756949962,0.04426617955520254,0.058862556814932465,0.052008648903891966,0.04883262711675932,0.05616012077839554,0.0700624645274027,0.07577457853057981,0.06609334640190627,0.06331725687847499,0.05272609930897538,0.06987869316123908,0.05181002586179508,0.06943779586973788,0.044134801850675136,0.048683053288324056,0.0622330583002383,0.08777236441620334,0.07155506861795075,0.036963155679110404,0.05581097321683878,0.05096054849086576,0.04654116513899922,0.05023482993645752,0.046296053335980934,0.04991333136616361,0.04619851438443207,0.06236241103256551,0.05173398787926926,0.0548287125655282,0.04923125862589357,0.05402600054011119,0.04785975449563145,0.04009628683081811,0.058066389150119135,0.058568409793486875,0.05831548840349482,0.04770982092136616
Soda ,0.04104872849880857,0.0367765974344718,0.07242390429706114,0.02782751908657665,0.03359088923749007,0.04103545458300238,0.04830656011119936,0.05795624057982526,0.04523696325655281,0.04953702407466243,0.038718732112787924,0.039462705305798255,0.0431480988562351,0.05726962758538522,0.04872496974583001,0.045161375965051626,0.05259992738681493,0.06341132571882445,0.07200226267672755,0.0620454063542494,0.06037316679110404,0.05132544661636217,0.06383517095313741,0.05046217788721205,0.06507665096108023,0.04225149136616362,0.05084506995234312,0.06255000921366162,0.08349467180301824,0.07028468461477366,0.03751106818109612,0.05461491771247023,0.048013581072279585,0.044220976973788725,0.049549047617156484,0.0449077059332804,0.04903909497220015,0.0442784714138205,0.05673121905480541,0.04832974244638602,0.05151756724384432,0.04747181117553615,0.051337389197776015,0.04602933532168388,0.0377392554090548,0.05469362692613183,0.055594611779189826,0.055267368054011126,0.04481224862589355
Beer ,0.029339102173153282,0.02688470664813344,0.02782751908657665,0.050573042762509936,0.026730679175536138,0.03183891335980937,0.03606686298014298,0.041172320176330414,0.03315363115806194,0.03790514778872121,0.029682198130262107,0.029111068171564735,0.03105202212867355,0.04362049714217632,0.037052317218427326,0.034023642792692606,0.039795449096108014,0.04802124673550437,0.055655105780778376,0.04794797813502779,0.044897599054805386,0.03712471047339158,0.049409620894360594,0.03899785354725973,0.049743694735504364,0.030955204290706917,0.04319508082128674,0.04733339936457505,0.06405812387609212,0.05283051969340746,0.02914933133598094,0.039756705410643356,0.035200780204924544,0.03213550720095312,0.03563349889277204,0.0336760622319301,0.03572996579348688,0.033317789625099285,0.04291116446862589,0.03544415313423352,0.03883634163621922,0.03582249396822874,0.03732092339952342,0.03417574260683082,0.02665592170293885,0.04054418486735504,0.04154785747577443,0.0401967672279587,0.03421351295631453
Smoke,0.03792212175059572,0.03353971034948371,0.03359088923749007,0.026730679175536138,0.06613551926767275,0.03519927888800634,0.04230460860047656,0.050799353660047654,0.03932433437013503,0.04489134304527403,0.03462762563463066,0.03451697716600476,0.038081927418586174,0.05115928290548054,0.044393578826052424,0.04096879523749007,0.046428747694996025,0.05485975974583002,0.06172233358379665,0.05446540610643368,0.05281183767275616,0.044775842409849095,0.05738631511834787,0.04521625482446385,0.0580253540333598,0.03991650865607625,0.04291525827323272,0.051208997331215235,0.0731324088324067,0.06319030165687052,0.035969302563939626,0.0480113695694996,0.04218578459253375,0.038215465126290704,0.04230317094042893,0.03832362015091342,0.041216263531374094,0.03775161955679109,0.0524521891771247,0.04562246901032567,0.045810490389197774,0.04128636198093725,0.0450008560127085,0.03864972160285942,0.033773825747418586,0.05047423397299444,0.04863288053852263,0.04903705971405876,0.03910965047498014
Toys ,0.04560390929308976,0.040443068911834794,0.04103545458300238,0.03183891335980937,0.03519927888800634,0.08143406335186655,0.06157706154090547,0.07090298630659253,0.05522755224781572,0.06133336698967433,0.046335446354249396,0.043978450579825266,0.05012935920571882,0.0683184650039714,0.05978272756155678,0.05771989534551233,0.06436227278792692,0.07892036711675933,0.08524894417791898,0.07581207526608422,0.07225184235107228,0.06162648285941223,0.08191332600476567,0.058971272406671944,0.07927325451945988,0.05012032994440031,0.058333581826846705,0.0706887216838761,0.09745529375694996,0.08455170996028594,0.04110555069102462,0.06474439024622716,0.056481770135027795,0.052034761620333596,0.05855132902303416,0.05210690077839556,0.05807391974583001,0.05372254684670375,0.07242142799046863,0.057595971850675144,0.06181547532962669,0.05588981194598889,0.0618344778395552,0.055116567212073066,0.04606876994440033,0.06519835015091342,0.07096316683081809,0.06550417753772837,0.05506145108816521
Fun  ,0.06012950851787131,0.05201627918983321,0.04830656011119936,0.03606686298014298,0.04230460860047656,0.06157706154090547,0.09171626663065925,0.09181267157108818,0.07082328129626686,0.07820363206036537,0.058555222942017475,0.05737982703097695,0.06318500883240666,0.0861623966544877,0.07395161166957903,0.07368978978872122,0.08319727409690231,0.1039526115011914,0.11077770873073867,0.09582626910881654,0.09194305138999205,0.07640934545194598,0.1057593099316918,0.07351737638125497,0.10174602904527404,0.06345614124543288,0.07329865613661637,0.09337274649722,0.12842570687847496,0.10460069559650514,0.04924405881493249,0.0818665871389992,0.07463013246386022,0.06726475326767278,0.07399593862112787,0.06697618127084988,0.07378726992533759,0.06701110304368546,0.09252280419698171,0.07393116650039712,0.08055131218427322,0.07093158202065131,0.08065235494837172,0.07238413695631453,0.05885013662907069,0.08276719602223989,0.08693477079269261,0.0853443221604448,0.0701434153200953
Books,0.07384607854169975,0.061581690127084976,0.05795624057982526,0.041172320176330414,0.050799353660047654,0.07090298630659253,0.09181267157108818,0.15168539904527403,0.08728231511675932,0.09342621950277998,0.06999400738204922,0.06711999162192214,0.07370599448768866,0.10240578973629869,0.09136327431453532,0.09118224708816519,0.09891674645591736,0.12470978217633044,0.13013304908816523,0.112369180435266,0.11093726758538522,0.09145008941540904,0.1269656952772042,0.08878405225099285,0.12489961608260525,0.0764630427466243,0.07971914403971404,0.1031117995552025,0.14811749909451946,0.12116596851945992,0.059475463485305795,0.0997303021509134,0.08975098708657665,0.0814525814884829,0.08712976031294675,0.08021383544876888,0.08682390840826053,0.07937421026370134,0.11199938051945983,0.08661023174265291,0.09612838065131057,0.0843475314646545,0.09680039161239079,0.08545088228594125,0.07248090107704527,0.10046982844479747,0.10608692884670372,0.10166374301826846,0.08185349368387611
Hshld,0.05845599353137408,0.04726755903097697,0.04523696325655281,0.03315363115806194,0.03932433437013503,0.05522755224781572,0.07082328129626686,0.08728231511675932,0.0784062831517077,0.07376821308657666,0.054434202824463845,0.05275701906910245,0.05699429556791103,0.08018260919142178,0.07092648704368547,0.06949856595393171,0.07716099313105637,0.0962378420015886,0.10170485965687052,0.08815869279745826,0.08570156916600478,0.07093890169658458,0.09737774909928512,0.06958922266560762,0.09506505775377286,0.05758955495790309,0.06494085709610803,0.08409191942811757,0.11389520273232723,0.09503239850992849,0.04576104558538523,0.07470471618109611,0.06765412288165212,0.06193653105321682,0.06795544577918984,0.06191979893566321,0.06727230745353453,0.06275483798888006,0.0844205677172359,0.06703707953613981,0.07458175644162032,0.06589589330897537,0.07432994716441621,0.06588551305162828,0.05518149580937252,0.07526121049086576,0.08061993742017474,0.07756224657664815,0.06434374547418588
Clths,0.06066337830976966,0.05257814571088165,0.04953702407466243,0.03790514778872121,0.04489134304527403,0.06133336698967433,0.07820363206036537,0.09342621950277998,0.07376821308657666,0.09810755941382052,0.058759853123113576,0.057215075294678314,0.06212550095313742,0.08757956549166004,0.07672829566799048,0.07529491626052422,0.08311372543606034,0.1087928497220016,0.11164865357108818,0.09796583115488484,0.09407141711675933,0.07808697858776806,0.10720870711834787,0.07766494242414614,0.1056183640222399,0.06396773913741065,0.0688350496250993,0.09063246948371723,0.1275797011596505,0.10310208249245432,0.05093208621445591,0.08108578057505958,0.07497487830500398,0.06771672174900711,0.07578204875456712,0.06881484026211278,0.07460616287370929,0.06860682415091342,0.09282590572041302,0.07436564703097696,0.08272629293089752,0.07264089329785542,0.08658837922160444,0.07496119910563939,0.05784112759968229,0.08312815046544876,0.08809585853375693,0.08520460551231136,0.07034131078951548
Hlth ,0.05003201643526609,0.04113365346306591,0.038718732112787924,0.029682198130262107,0.03462762563463066,0.046335446354249396,0.058555222942017475,0.06999400738204922,0.054434202824463845,0.058759853123113576,0.05766831690389197,0.04772619704209691,0.051947258316123915,0.06695003584908657,0.05832450721683878,0.05531667130420968,0.06352033229864973,0.07920251679110403,0.08522489428594122,0.07508010394281177,0.0709794910325655,0.059982845958697385,0.07922693312311357,0.05739890919142175,0.0797434026878475,0.0494838170881652,0.05730238327084988,0.07018027688641781,0.09713420568705322,0.08176002211119934,0.040549399002382844,0.06264598673868149,0.058652950282764106,0.05281843979507545,0.05739616683240666,0.0524009896028594,0.05701491745671167,0.05331446782049247,0.07008604765845908,0.056801294052422555,0.06142456422557586,0.05593098919936459,0.06020642268467037,0.05349133132168388,0.04461299784590945,0.06486496330103259,0.06573119065448768,0.06429625745830024,0.05379775028117553
MedEq,0.04906812913105639,0.03998559756949962,0.039462705305798255,0.029111068171564735,0.03451697716600476,0.043978450579825266,0.05737982703097695,0.06711999162192214,0.05275701906910245,0.057215075294678314,0.04772619704209691,0.052465867837966654,0.05212948594122318,0.06576185414773629,0.05660734813979348,0.054180302919777594,0.06205479935822079,0.0772331859253376,0.08325986115011914,0.0723614901604448,0.0696135728514694,0.05878364415885623,0.07662035888482925,0.05597154895631454,0.07692799579984114,0.04928958933439238,0.05545154011437649,0.07053358376489278,0.09639233461477366,0.07939820832724383,0.03976497800794282,0.06174103551389992,0.05639027687688641,0.0519772889245433,0.056752271990468624,0.05193406543288324,0.05622162062271645,0.05295162264336776,0.06794665696266879,0.05427218946465448,0.060113562319301025,0.05451894547736299,0.058862078888006354,0.05153585675297858,0.044073738033359816,0.06255773093566322,0.06357204048610006,0.06364045588562352,0.053221629318506734
Drugs,0.053641030246227156,0.04426617955520254,0.0431480988562351,0.03105202212867355,0.038081927418586174,0.05012935920571882,0.06318500883240666,0.07370599448768866,0.05699429556791103,0.06212550095313742,0.051947258316123915,0.05212948594122318,0.06577716610007942,0.07284952408260524,0.06183110397140587,0.058176749356632244,0.0677280297378872,0.08478600581413819,0.09087166536934072,0.07870700454328831,0.07620880751389991,0.0646410741064337,0.08382710845115171,0.06152626503574264,0.08355619911040506,0.05490017790309773,0.060808851326449566,0.07807481880857826,0.10339213124702143,0.08757026721207306,0.04332073220015885,0.06862433442414612,0.06102397205718828,0.057015340603653694,0.06274765872915011,0.057005782351072294,0.06240210781572679,0.058060414027005555,0.07473161647339159,0.05989111396346307,0.06555887285146941,0.05956173888800635,0.06453942376489276,0.05702350308181096,0.04757808438443209,0.06764769664813343,0.06883645310563938,0.06902993232724382,0.05818812371723589
Chems,0.07222629585702936,0.058862556814932465,0.05726962758538522,0.04362049714217632,0.05115928290548054,0.0683184650039714,0.0861623966544877,0.10240578973629869,0.08018260919142178,0.08757956549166004,0.06695003584908657,0.06576185414773629,0.07284952408260524,0.11371163663065925,0.08671895927084987,0.08071780314853057,0.09443062874344718,0.1202084215091342,0.13358400975536142,0.11399188454964261,0.10903162253375696,0.09000749341858617,0.12078456066243051,0.08684593974900716,0.11787140353296269,0.07270835334233519,0.09643673218903892,0.11507556981731533,0.16291364254169977,0.13056860998093725,0.060606935542494036,0.09338449347736297,0.08223529580778395,0.07647051178236694,0.08541891468943605,0.07890210121525018,0.08544362049722003,0.07810520695949166,0.1042156627434472,0.08597809598411436,0.09123194830818111,0.08244396962192216,0.08929569159650516,0.0795853843034154,0.06556161662907069,0.0947285736076251,0.09915130981572676,0.09644980446386021,0.07887705663860206
Rubbr,0.06227901982208101,0.052008648903891966,0.04872496974583001,0.037052317218427326,0.044393578826052424,0.05978272756155678,0.07395161166957903,0.09136327431453532,0.07092648704368547,0.07672829566799048,0.05832450721683878,0.05660734813979348,0.06183110397140587,0.08671895927084987,0.09160630350913423,0.07196937540587764,0.0825817322732327,0.10028962452740267,0.1108266568689436,0.09546720428276409,0.0926082974980143,0.0773393863590151,0.10379868353137411,0.07500851534233516,0.10248580517235902,0.06122118085941222,0.06877327063860204,0.08810219431294679,0.12424357525019858,0.10382840091660049,0.05192670223351866,0.0797619675234313,0.07220796865607626,0.06655701895631455,0.07379159495313739,0.06681660029388402,0.07279208383955521,0.0675096860031771,0.09098654986973789,0.07395630871803016,0.07953458354249406,0.07102341868625894,0.07777302967434471,0.06749061893725178,0.05866141260047659,0.08267151296902303,0.08580613352025417,0.0835801175059571,0.06847503540270056
Txtls,0.05999234302779985,0.04883262711675932,0.045161375965051626,0.034023642792692606,0.04096879523749007,0.05771989534551233,0.07368978978872122,0.09118224708816519,0.06949856595393171,0.07529491626052422,0.05531667130420968,0.054180302919777594,0.058176749356632244,0.08071780314853057,0.07196937540587764,0.1075682866973789,0.08066332227482129,0.10037194077839554,0.10376573416679905,0.08871048313264494,0.08727187042096901,0.07122698180460685,0.09838726637966642,0.06900839678474979,0.09777058683399524,0.06095311206036537,0.06599112459729944,0.08554000743447181,0.11561839310563936,0.09783404691660046,0.046673484244638595,0.07551259004289118,0.0691581082096902,0.06215507460841939,0.06790107613343924,0.062345920047656864,0.06747689111040509,0.06372268066401907,0.08947169859571091,0.06877389425893565,0.07680504610007942,0.06719058231294679,0.07541688876886415,0.067721638573471,0.054856080419380455,0.07780544566799047,0.08391796038443207,0.07743278942017473,0.0646793897887212
BldMt,0.06857093120254168,0.05616012077839554,0.05259992738681493,0.039795449096108014,0.046428747694996025,0.06436227278792692,0.08319727409690231,0.09891674645591736,0.07716099313105637,0.08311372543606034,0.06352033229864973,0.06205479935822079,0.0677280297378872,0.09443062874344718,0.0825817322732327,0.08066332227482129,0.0996825293788721,0.11513752702144557,0.12286344210643367,0.10645797760762508,0.10209832754567119,0.08420990167116758,0.11262166986814934,0.08150392611914219,0.11294858545512312,0.06867464818745032,0.08112885013185067,0.10265358725972994,0.14397574036536942,0.11681825969499599,0.05494613643208896,0.08707911927561557,0.07961316814297063,0.07295797048768865,0.07996135955837963,0.0722915098490866,0.07924735821763303,0.07351814196346305,0.09893718942335186,0.08028002511834789,0.08668241442414613,0.07763533976489274,0.08549153280381257,0.07487958941064335,0.06340429666084192,0.08893035570452738,0.09427273314376489,0.09199479904686259,0.07496970872756155
Cnstr,0.08478566306592532,0.0700624645274027,0.06341132571882445,0.04802124673550437,0.05485975974583002,0.07892036711675933,0.1039526115011914,0.12470978217633044,0.0962378420015886,0.1087928497220016,0.07920251679110403,0.0772331859253376,0.08478600581413819,0.1202084215091342,0.10028962452740267,0.10037194077839554,0.11513752702144557,0.20581271860206507,0.1586666257029388,0.1333066538522637,0.128399573121525,0.10722697235901511,0.1425219537092931,0.10122663494837172,0.13990871072279587,0.08516353594916602,0.11266685169181889,0.13241829976171565,0.18889656838760915,0.15012804829229548,0.06843431167593328,0.10899972406671962,0.09908652498808575,0.09134520384432089,0.09954398135027796,0.09150335920571884,0.10011269741064335,0.09190815215250199,0.12540952181096104,0.09947943720413027,0.10919364934074664,0.09643925067513899,0.10877045585385225,0.09601246287529785,0.0818418188721207,0.12098293992057188,0.11889435202541701,0.11528483005559968,0.09523313772835584
Steel,0.09351422566799046,0.07577457853057981,0.07200226267672755,0.055655105780778376,0.06172233358379665,0.08524894417791898,0.11077770873073867,0.13013304908816523,0.10170485965687052,0.11164865357108818,0.08522489428594122,0.08325986115011914,0.09087166536934072,0.13358400975536142,0.1108266568689436,0.10376573416679905,0.12286344210643367,0.1586666257029388,0.18731963224622716,0.15051678086735504,0.1423918891739476,0.11612845844797456,0.15297971943288322,0.1106680710214456,0.15167476047021447,0.09155443576012709,0.13310886952660841,0.15610315644162032,0.22943856066719612,0.173451866969023,0.07694722290071487,0.1175185715266084,0.1058528431596505,0.09760026200635424,0.11013238218109608,0.09840468464654487,0.10934878731850672,0.09991319929944399,0.13190171733598094,0.11146063894837173,0.11722742849880859,0.10622490948848293,0.11373172899126291,0.10095202116123907,0.08189453491977758,0.12037571694042891,0.1266890302637013,0.1234812061477363,0.1022457366576648
FabPr,0.0834182607974583,0.06609334640190627,0.0620454063542494,0.04794797813502779,0.05446540610643368,0.07581207526608422,0.09582626910881654,0.112369180435266,0.08815869279745826,0.09796583115488484,0.07508010394281177,0.0723614901604448,0.07870700454328831,0.11399188454964261,0.09546720428276409,0.08871048313264494,0.10645797760762508,0.1333066538522637,0.15051678086735504,0.17319774345353453,0.12252417308975384,0.10117162680222395,0.13238726117871327,0.09778072198888008,0.13331895219062748,0.07998646237331214,0.10756138889277204,0.12630005874503572,0.18812636988085785,0.14588626787609207,0.06641324575694994,0.10064965331850674,0.09187168301191422,0.08472957225099284,0.09574026082922955,0.08593538509928514,0.09355865828117554,0.08673637651469418,0.11509167388721205,0.09599203252104846,0.10044560759332806,0.09232874264019061,0.09929276883240665,0.08724716216679904,0.07235000776489275,0.10340175494201746,0.1084978939539317,0.10721207069102459,0.08892650599523431
Mach ,0.07741404414614772,0.06331725687847499,0.06037316679110404,0.044897599054805386,0.05281183767275616,0.07225184235107228,0.09194305138999205,0.11093726758538522,0.08570156916600478,0.09407141711675933,0.0709794910325655,0.0696135728514694,0.07620880751389991,0.10903162253375696,0.0926082974980143,0.08727187042096901,0.10209832754567119,0.128399573121525,0.1423918891739476,0.12252417308975384,0.12068181851469417,0.09569982409054804,0.12750589384432087,0.09277336305003969,0.1275989872915012,0.07742412558379667,0.09847329813343922,0.12001229334392377,0.17302969505957105,0.13837841182684674,0.06359658840349482,0.0986457656870532,0.08855652801429705,0.08208943044479745,0.09212215608419379,0.08286965503574265,0.09119286234312945,0.08383955252581414,0.11153469587768067,0.09124097555202543,0.09726851609213659,0.08810323605242254,0.0955457463383638,0.08413500134233519,0.0698443562192216,0.10013369504368547,0.1052436749404289,0.10333602034948373,0.08481496795869739
ElcEq,0.06361856054964256,0.05272609930897538,0.05132544661636217,0.03712471047339158,0.044775842409849095,0.06162648285941223,0.07640934545194598,0.09145008941540904,0.07093890169658458,0.07808697858776806,0.059982845958697385,0.05878364415885623,0.0646410741064337,0.09000749341858617,0.0773393863590151,0.07122698180460685,0.08420990167116758,0.10722697235901511,0.11612845844797456,0.10117162680222395,0.09569982409054804,0.09088297583955518,0.10488660155837966,0.0770113504940429,0.10495673742970613,0.06507601845432884,0.0758902184098491,0.09822002833995234,0.14029380552819704,0.1119769994583002,0.05237889831930104,0.08244231398252581,0.07364596572359015,0.06843035032724383,0.07635289232883238,0.0693763848689436,0.0760663198395552,0.06994330925019857,0.09181411126449562,0.0751704419158062,0.0809716220492454,0.0726229327418586,0.07851359542494038,0.06894778962192216,0.059123902055599684,0.08384176253852264,0.0874539755313741,0.0858911856870532,0.07085478529308976
Autos,0.08000808782525815,0.06987869316123908,0.06383517095313741,0.049409620894360594,0.05738631511834787,0.08191332600476567,0.1057593099316918,0.1269656952772042,0.09737774909928512,0.10720870711834787,0.07922693312311357,0.07662035888482925,0.08382710845115171,0.12078456066243051,0.10379868353137411,0.09838726637966642,0.11262166986814934,0.1425219537092931,0.15297971943288322,0.13238726117871327,0.12750589384432087,0.10488660155837966,0.16085936815091348,0.10211759900873707,0.14131002759650513,0.08477842040826052,0.10361992266719618,0.12559686528991262,0.179461282446386,0.14435481589992052,0.06740454845432882,0.10988897396664021,0.09992598877362986,0.09076287863542494,0.1003328861175536,0.09109080474185863,0.10000850946624304,0.09222427501667993,0.12865610638760921,0.10097309119301029,0.10955098150913418,0.09698182292454328,0.10831891596505162,0.09638769111517076,0.07914233045909452,0.11187935402382843,0.116409980344718,0.11405425920571882,0.09482942208419379
Aero ,0.061311162567116766,0.05181002586179508,0.05046217788721205,0.03899785354725973,0.04521625482446385,0.058971272406671944,0.07351737638125497,0.08878405225099285,0.06958922266560762,0.07766494242414614,0.05739890919142175,0.05597154895631454,0.06152626503574264,0.08684593974900716,0.07500851534233516,0.06900839678474979,0.08150392611914219,0.10122663494837172,0.1106680710214456,0.09778072198888008,0.09277336305003969,0.0770113504940429,0.10211759900873707,0.0889471328610008,0.1014640995901509,0.0650101374297061,0.07143415968864178,0.09057325328038125,0.12908554579825257,0.10481324801270847,0.053021424355837975,0.07965031163145353,0.07253805125972995,0.06642588345671167,0.07347694661795076,0.0666731641938046,0.07257890288165213,0.06680804220492455,0.08994293937410644,0.07430818849245432,0.08018085502779983,0.0708676225194599,0.07877306249404287,0.06897681091660049,0.05676931991104051,0.08270736179189832,0.08426822880381254,0.08372868165210484,0.0684337906783161
Ships,0.08625527182208102,0.06943779586973788,0.06507665096108023,0.049743694735504364,0.0580253540333598,0.07927325451945988,0.10174602904527404,0.12489961608260525,0.09506505775377286,0.1056183640222399,0.0797434026878475,0.07692799579984114,0.08355619911040506,0.11787140353296269,0.10248580517235902,0.09777058683399524,0.11294858545512312,0.13990871072279587,0.15167476047021447,0.13331895219062748,0.1275989872915012,0.10495673742970613,0.14131002759650513,0.1014640995901509,0.1724598795615568,0.08650385404924543,0.10163973516759331,0.12712813166004766,0.17752143383637803,0.14426029427799836,0.06822032709134232,0.10758195543129467,0.09941229562509929,0.09056098607148531,0.10042039264813343,0.0904027835107228,0.0990162296870532,0.09163466919142176,0.12328415185385223,0.09882501577760126,0.10988468177918982,0.09691333177442416,0.10752555650516284,0.09428018307227956,0.07777313869420174,0.1102370926703733,0.11269064524860997,0.11249890745035741,0.09387461277839555
Guns ,0.05348581331532961,0.044134801850675136,0.04225149136616362,0.030955204290706917,0.03991650865607625,0.05012032994440031,0.06345614124543288,0.0764630427466243,0.05758955495790309,0.06396773913741065,0.0494838170881652,0.04928958933439238,0.05490017790309773,0.07270835334233519,0.06122118085941222,0.06095311206036537,0.06867464818745032,0.08516353594916602,0.09155443576012709,0.07998646237331214,0.07742412558379667,0.06507601845432884,0.08477842040826052,0.0650101374297061,0.08650385404924543,0.08833804336616362,0.06306264604130263,0.07806977534551231,0.10520095529785545,0.08710670845591739,0.043676648870532166,0.0685377295059571,0.06203566290865768,0.05635663970929309,0.061285840646544895,0.05646966351866559,0.061449440052422546,0.05733807795234313,0.076059263172359,0.061278991456711666,0.06773493559968226,0.059224567445591715,0.06600776120730738,0.05762904881493248,0.048097211037331215,0.06893062075615568,0.0711788258602065,0.07035804821286736,0.05760705489118347
Gold ,0.06600351954567119,0.048683053288324056,0.05084506995234312,0.04319508082128674,0.04291525827323272,0.058333581826846705,0.07329865613661637,0.07971914403971404,0.06494085709610803,0.0688350496250993,0.05730238327084988,0.05545154011437649,0.060808851326449566,0.09643673218903892,0.06877327063860204,0.06599112459729944,0.08112885013185067,0.11266685169181889,0.13310886952660841,0.10756138889277204,0.09847329813343922,0.0758902184098491,0.10361992266719618,0.07143415968864178,0.10163973516759331,0.06306264604130263,0.28862764348054004,0.15679149547259733,0.1974978216362192,0.14095160438602064,0.05420446079110406,0.07786128738363779,0.06609453143288323,0.06356790390627481,0.07361452285782366,0.0658125167672756,0.07367887955679109,0.06621232792216045,0.08780990748054013,0.07333819293725177,0.07013804511517074,0.0690491680047657,0.07015259132644955,0.06227735446068308,0.04623616990627482,0.07703613118665607,0.0799017521890389,0.08088631426528989,0.06815407491342333
Mines,0.0813230804130262,0.0622330583002383,0.06255000921366162,0.04733339936457505,0.051208997331215235,0.0706887216838761,0.09337274649722,0.1031117995552025,0.08409191942811757,0.09063246948371723,0.07018027688641781,0.07053358376489278,0.07807481880857826,0.11507556981731533,0.08810219431294679,0.08554000743447181,0.10265358725972994,0.13241829976171565,0.15610315644162032,0.12630005874503572,0.12001229334392377,0.09822002833995234,0.12559686528991262,0.09057325328038125,0.12712813166004766,0.07806977534551231,0.15679149547259733,0.17753939965051627,0.21073727818903898,0.15873098220810167,0.06336747529785544,0.09794937334392377,0.08456952311358219,0.08165364473391581,0.09168000886417788,0.0820792537251787,0.09267196362192216,0.08459416209690228,0.10851023945988877,0.09170254814932485,0.09437785362986498,0.08837675021445593,0.09180491351866563,0.08306839783955518,0.06528768486100078,0.09677403135822082,0.10026029080222396,0.1026271649245433,0.08549834919777599
Coal ,0.11349023704527407,0.08777236441620334,0.08349467180301824,0.06405812387609212,0.0731324088324067,0.09745529375694996,0.12842570687847496,0.14811749909451946,0.11389520273232723,0.1275797011596505,0.09713420568705322,0.09639233461477366,0.10339213124702143,0.16291364254169977,0.12424357525019858,0.11561839310563936,0.14397574036536942,0.18889656838760915,0.22943856066719612,0.18812636988085785,0.17302969505957105,0.14029380552819704,0.179461282446386,0.12908554579825257,0.17752143383637803,0.10520095529785545,0.1974978216362192,0.21073727818903898,0.3870743424305004,0.24026228521048446,0.09491676457505958,0.1378863765845909,0.11943548139793485,0.11264338255758537,0.12891000095313737,0.11373700899126289,0.12898816889594916,0.11557307313741065,0.15528544908657663,0.1324558098490866,0.13283594621127878,0.12374043393169185,0.12841019656870534,0.11424830373312152,0.09123960724384432,0.13810738389197777,0.14547625706115971,0.14321818274821288,0.11960094976965843
Oil  ,0.09240483211119935,0.07155506861795075,0.07028468461477366,0.05283051969340746,0.06319030165687052,0.08455170996028594,0.10460069559650514,0.12116596851945992,0.09503239850992849,0.10310208249245432,0.08176002211119934,0.07939820832724383,0.08757026721207306,0.13056860998093725,0.10382840091660049,0.09783404691660046,0.11681825969499599,0.15012804829229548,0.173451866969023,0.14588626787609207,0.13837841182684674,0.1119769994583002,0.14435481589992052,0.10481324801270847,0.14426029427799836,0.08710670845591739,0.14095160438602064,0.15873098220810167,0.24026228521048446,0.1989635135361397,0.07974191721683878,0.11305514800317709,0.09807086825575853,0.09255322814773631,0.10480378104686258,0.09354564602859411,0.10476246584749797,0.0952444597887212,0.12584802034789513,0.10596923198411438,0.106572607720413,0.10074352099920572,0.10347766370135028,0.09193900661318506,0.07665312730103258,0.11367100677045275,0.12052091919459888,0.11624092865766483,0.09786904168069896
Util ,0.04294166794598888,0.036963155679110404,0.03751106818109612,0.02914933133598094,0.035969302563939626,0.04110555069102462,0.04924405881493249,0.059475463485305795,0.04576104558538523,0.05093208621445591,0.040549399002382844,0.03976497800794282,0.04332073220015885,0.060606935542494036,0.05192670223351866,0.046673484244638595,0.05494613643208896,0.06843431167593328,0.07694722290071487,0.06641324575694994,0.06359658840349482,0.05237889831930104,0.06740454845432882,0.053021424355837975,0.06822032709134232,0.043676648870532166,0.05420446079110406,0.06336747529785544,0.09491676457505958,0.07974191721683878,0.04765333341382049,0.05593353195234312,0.048183724695790305,0.04519243595234312,0.04921436894678315,0.04578056038125497,0.04884674129944401,0.04478528780937253,0.06134755515806195,0.05253270651628276,0.05247948409849087,0.048482141655281974,0.05169267469420176,0.0450866712692613,0.03836287871008738,0.05921273314694204,0.05721278119777602,0.056952142049245424,0.047527610776806985
Telcm,0.0656114366830818,0.05581097321683878,0.05461491771247023,0.039756705410643356,0.0480113695694996,0.06474439024622716,0.0818665871389992,0.0997303021509134,0.07470471618109611,0.08108578057505958,0.06264598673868149,0.06174103551389992,0.06862433442414612,0.09338449347736297,0.0797619675234313,0.07551259004289118,0.08707911927561557,0.10899972406671962,0.1175185715266084,0.10064965331850674,0.0986457656870532,0.08244231398252581,0.10988897396664021,0.07965031163145353,0.10758195543129467,0.0685377295059571,0.07786128738363779,0.09794937334392377,0.1378863765845909,0.11305514800317709,0.05593353195234312,0.09553405417633042,0.07840840987450357,0.07166536697696585,0.07945402753296268,0.07251243653693407,0.0788110558347895,0.07172508221763303,0.09747623137728352,0.07742338206830816,0.08497931532962667,0.0757042222907069,0.08453615637807783,0.0748875403717236,0.06243000932168386,0.08942401006513105,0.09256711362033361,0.09090492708498811,0.07351383886258939
PerSv,0.0594547529118348,0.05096054849086576,0.048013581072279585,0.035200780204924544,0.04218578459253375,0.056481770135027795,0.07463013246386022,0.08975098708657665,0.06765412288165212,0.07497487830500398,0.058652950282764106,0.05639027687688641,0.06102397205718828,0.08223529580778395,0.07220796865607626,0.0691581082096902,0.07961316814297063,0.09908652498808575,0.1058528431596505,0.09187168301191422,0.08855652801429705,0.07364596572359015,0.09992598877362986,0.07253805125972995,0.09941229562509929,0.06203566290865768,0.06609453143288323,0.08456952311358219,0.11943548139793485,0.09807086825575853,0.048183724695790305,0.07840840987450357,0.08663940762351069,0.06574527911517077,0.07182222820174743,0.06589435738681493,0.0712011126084194,0.06540387502621127,0.08847418715329626,0.06971705515170769,0.07690161903097696,0.06919579284034948,0.07792803231135821,0.06777046400476568,0.05644024557903098,0.07982534124543289,0.08433360413185065,0.08170322327243844,0.06592224388562351
BusSv,0.05480276474344716,0.04654116513899922,0.044220976973788725,0.03213550720095312,0.038215465126290704,0.052034761620333596,0.06726475326767278,0.0814525814884829,0.06193653105321682,0.06771672174900711,0.05281843979507545,0.0519772889245433,0.057015340603653694,0.07647051178236694,0.06655701895631455,0.06215507460841939,0.07295797048768865,0.09134520384432089,0.09760026200635424,0.08472957225099284,0.08208943044479745,0.06843035032724383,0.09076287863542494,0.06642588345671167,0.09056098607148531,0.05635663970929309,0.06356790390627481,0.08165364473391581,0.11264338255758537,0.09255322814773631,0.04519243595234312,0.07166536697696585,0.06574527911517077,0.06319362206671962,0.06615588498967433,0.060514396814932495,0.06568114541540906,0.0607420647386815,0.07968665919142177,0.06498832169340749,0.07018205461477366,0.06344489661795075,0.06950348930897539,0.06129038304527404,0.051032086360603635,0.07301656682764097,0.07482289028911834,0.07476525418586177,0.06137988985226369
Hardw,0.06109126390150913,0.05023482993645752,0.049549047617156484,0.03563349889277204,0.04230317094042893,0.05855132902303416,0.07399593862112787,0.08712976031294675,0.06795544577918984,0.07578204875456712,0.05739616683240666,0.056752271990468624,0.06274765872915011,0.08541891468943605,0.07379159495313739,0.06790107613343924,0.07996135955837963,0.09954398135027796,0.11013238218109608,0.09574026082922955,0.09212215608419379,0.07635289232883238,0.1003328861175536,0.07347694661795076,0.10042039264813343,0.061285840646544895,0.07361452285782366,0.09168000886417788,0.12891000095313737,0.10480378104686258,0.04921436894678315,0.07945402753296268,0.07182222820174743,0.06615588498967433,0.08343275274185862,0.06847560102462272,0.07586658921207308,0.0684153161604448,0.08802646464019061,0.07225069449722002,0.07726660184273233,0.07004921641143762,0.0772371676250993,0.06806877292613184,0.05562599555837964,0.07940445915488485,0.08203743225893564,0.0830098856711676,0.06801473430023827
Softw,0.0555636662907069,0.046296053335980934,0.0449077059332804,0.0336760622319301,0.03832362015091342,0.05210690077839556,0.06697618127084988,0.08021383544876888,0.06191979893566321,0.06881484026211278,0.0524009896028594,0.05193406543288324,0.057005782351072294,0.07890210121525018,0.06681660029388402,0.062345920047656864,0.0722915098490866,0.09150335920571884,0.09840468464654487,0.08593538509928514,0.08286965503574265,0.0693763848689436,0.09109080474185863,0.0666731641938046,0.0904027835107228,0.05646966351866559,0.0658125167672756,0.0820792537251787,0.11373700899126289,0.09354564602859411,0.04578056038125497,0.07251243653693407,0.06589435738681493,0.060514396814932495,0.06847560102462272,0.0653778495234313,0.06750834032565527,0.06123837687847498,0.0805893601985703,0.06503824805401112,0.07079284508339954,0.06376756842732327,0.07031199307386814,0.06174921397140587,0.05133372200158857,0.07322938584590946,0.07614237252581414,0.07582565726767274,0.06135881193010326
Chips,0.061369243548848276,0.04991333136616361,0.04903909497220015,0.03572996579348688,0.041216263531374094,0.05807391974583001,0.07378726992533759,0.08682390840826053,0.06727230745353453,0.07460616287370929,0.05701491745671167,0.05622162062271645,0.06240210781572679,0.08544362049722003,0.07279208383955521,0.06747689111040509,0.07924735821763303,0.10011269741064335,0.10934878731850672,0.09355865828117554,0.09119286234312945,0.0760663198395552,0.10000850946624304,0.07257890288165213,0.0990162296870532,0.061449440052422546,0.07367887955679109,0.09267196362192216,0.12898816889594916,0.10476246584749797,0.04884674129944401,0.0788110558347895,0.0712011126084194,0.06568114541540906,0.07586658921207308,0.06750834032565527,0.07850525034312947,0.06811884136139792,0.08695293901350279,0.07111596459729944,0.07703204254169974,0.06949843423193008,0.07591270084193803,0.06716147908339952,0.055243826840349466,0.07826688997934866,0.08150183709769658,0.08192516942017472,0.06731456730420966
LabEq,0.05582833165687054,0.04619851438443207,0.0442784714138205,0.033317789625099285,0.03775161955679109,0.05372254684670375,0.06701110304368546,0.07937421026370134,0.06275483798888006,0.06860682415091342,0.05331446782049247,0.05295162264336776,0.058060414027005555,0.07810520695949166,0.0675096860031771,0.06372268066401907,0.07351814196346305,0.09190815215250199,0.09991319929944399,0.08673637651469418,0.08383955252581414,0.06994330925019857,0.09222427501667993,0.06680804220492455,0.09163466919142176,0.05733807795234313,0.06621232792216045,0.08459416209690228,0.11557307313741065,0.0952444597887212,0.04478528780937253,0.07172508221763303,0.06540387502621127,0.0607420647386815,0.0684153161604448,0.06123837687847498,0.06811884136139792,0.06712697585226368,0.08061144588244638,0.06493604841620333,0.07081419145353454,0.06432103012390784,0.06940375844320888,0.0618544040047657,0.05131902883558379,0.07251200872756154,0.07472551108975377,0.07518996573471008,0.062332532336775236
Paper,0.07416129036695791,0.06236241103256551,0.05673121905480541,0.04291116446862589,0.0524521891771247,0.07242142799046863,0.09252280419698171,0.11199938051945983,0.0844205677172359,0.09282590572041302,0.07008604765845908,0.06794665696266879,0.07473161647339159,0.1042156627434472,0.09098654986973789,0.08947169859571091,0.09893718942335186,0.12540952181096104,0.13190171733598094,0.11509167388721205,0.11153469587768067,0.09181411126449562,0.12865610638760921,0.08994293937410644,0.12328415185385223,0.076059263172359,0.08780990748054013,0.10851023945988877,0.15528544908657663,0.12584802034789513,0.06134755515806195,0.09747623137728352,0.08847418715329626,0.07968665919142177,0.08802646464019061,0.0805893601985703,0.08695293901350279,0.08061144588244638,0.12738926851628274,0.09082447289277204,0.09620641029388402,0.08511728532327244,0.09521782903891977,0.08413202445909453,0.07107887327084987,0.10207480635107223,0.10429948426846701,0.10193311652104843,0.08304043072597299
Boxes,0.059080155355043684,0.05173398787926926,0.04832974244638602,0.03544415313423352,0.04562246901032567,0.057595971850675144,0.07393116650039712,0.08661023174265291,0.06703707953613981,0.07436564703097696,0.056801294052422555,0.05427218946465448,0.05989111396346307,0.08597809598411436,0.07395630871803016,0.06877389425893565,0.08028002511834789,0.09947943720413027,0.11146063894837173,0.09599203252104846,0.09124097555202543,0.0751704419158062,0.10097309119301029,0.07430818849245432,0.09882501577760126,0.061278991456711666,0.07333819293725177,0.09170254814932485,0.1324558098490866,0.10596923198411438,0.05253270651628276,0.07742338206830816,0.06971705515170769,0.06498832169340749,0.07225069449722002,0.06503824805401112,0.07111596459729944,0.06493604841620333,0.09082447289277204,0.09155034871485306,0.07817893706115966,0.06927394815885622,0.07635446602065134,0.06749004753296267,0.055684738656076226,0.08178697818586178,0.08302685830341541,0.08280786258935663,0.06700839601588561
