,Agric,Food ,Soda ,Beer ,Smoke,Toys ,Fun  ,Books,Hshld,Clths,Hlth ,MedEq,Drugs,Chems,Rubbr,Txtls,BldMt,Cnstr,Steel,FabPr,Mach ,ElcEq,Autos,Aero ,Ships,Guns ,Gold ,Mines,Coal ,Oil  ,Util ,Telcm,PerSv,BusSv,Hardw,Softw,Chips,LabEq,Paper,Boxes,Trans,Whlsl,Rtail,Meals,Banks,Insur,RlEst,Fin  ,Other
Agric,0.10050387468784748,0.04251490576648133,0.04104308953455124,0.029296261397934866,0.0379335864686259,0.04561080611278793,0.06009133776012709,0.07381716873073868,0.058437928457505964,0.060622497741064325,0.050027505890389186,0.04905703262271644,0.053631234792692606,0.07222214872756154,0.06224763921842731,0.05995800444162034,0.06856172655123113,0.0847682834185862,0.09352245192057188,0.0834599979698173,0.07741260548371723,0.06363183680381253,0.07998373657505957,0.0612960064686259,0.08621474504527403,0.05350359362351071,0.06610796162351071,0.08138145665131058,0.11359623232724383,0.09248370574106433,0.04294940870532167,0.06560776061000793,0.05943100044479747,0.05477843612708498,0.06106753389992057,0.05553151603177125,0.06136080387291502,0.05581897000158856,0.07410200472438443,0.05906547400794279,0.06534360657347102,0.059574965328038125,0.06274444559173946,0.055270985366163615,0.04762511972041303,0.0659304222779984,0.068937864025417,0.06909480604924542,0.05774429944400318
Food ,0.04251490576648133,0.04374232435266084,0.03677692592533757,0.026816184575059566,0.03351164220810167,0.04044332498808578,0.05195380095313741,0.06151472988085781,0.04723940981731532,0.05252765728355837,0.041122772343129464,0.0399525027799841,0.04422317498014297,0.058859076219221616,0.051960067704527414,0.04877920098490866,0.056110623129467824,0.07004329502779982,0.07579577070691025,0.06614908293884035,0.06331706341540905,0.05274665153296267,0.0698532927879269,0.05179087342335186,0.06940393104050832,0.044177123097696586,0.04884161374106434,0.062330409356632234,0.0879628603494837,0.07169555034154092,0.03696279911040508,0.055797189038919774,0.05089558576648133,0.04650378098490866,0.05020212706910247,0.04624845812549642,0.049907716076251,0.046171529181890374,0.06225367000794282,0.05170835704527403,0.05475009434471804,0.04921226969023035,0.0539693592692613,0.04782565953931692,0.04007653299444003,0.058035679173947585,0.058464802859412204,0.05825537598093723,0.04768226528991263
Soda ,0.04104308953455124,0.03677692592533757,0.072438876598888,0.027810952382843535,0.033622776567116756,0.041014236911834784,0.04828267269261318,0.057921968454328815,0.045212417645750604,0.049507005998411444,0.03872345406036536,0.03945395669896744,0.04314127887053215,0.05726857423034155,0.048693012813343935,0.04514635960603653,0.05258797793169182,0.06338503968864179,0.0720184315615568,0.06208245332644956,0.06037558718665606,0.051378227444003194,0.06383541493725177,0.050473769569499595,0.06505599786656077,0.04228664685782367,0.050943243239078645,0.06260425361239078,0.08363363019062749,0.07039170562033359,0.037521843177124696,0.05462602366640192,0.04799637985702939,0.044212955836378076,0.049530371620333594,0.044889184637013496,0.04904493836536934,0.04427273450675139,0.05669768216521049,0.048324801741064335,0.051494753536139797,0.04747066113264496,0.051320735949165995,0.04602158522001589,0.037731542872120716,0.054697240981731544,0.055561968718030166,0.05523697271803016,0.04481553420174742
Beer ,0.029296261397934866,0.026816184575059566,0.027810952382843535,0.05043808857029389,0.02670128437648927,0.031852704940428904,0.035951728228752984,0.04107152725972995,0.03311190274821287,0.03779828501985703,0.02965343000000001,0.02905470778395552,0.03098742572676727,0.04361213990468625,0.03696188833995233,0.03390749289912629,0.03972951348689436,0.04798491742652899,0.05567685559968229,0.04805105806989675,0.044891294408260514,0.03714213118347895,0.04934938062748214,0.03893963869737887,0.049644298959491656,0.031014932223987286,0.043449908919777604,0.047491786076251,0.06438246105639396,0.05306147701350277,0.029152300397140573,0.0397312396664019,0.035099495949166004,0.03205647603653694,0.03556562434471802,0.033584448824463854,0.03570545127084987,0.03327175173947577,0.04271539708498808,0.03538852050833995,0.038699964169976175,0.035786658085782366,0.03721966405083399,0.03409953235901508,0.02661875731532962,0.04050151636219221,0.041382108689436065,0.04008273577442415,0.034147961302621134
Smoke,0.0379335864686259,0.03351164220810167,0.033622776567116756,0.02670128437648927,0.06605045658300238,0.035222069985702945,0.04223617010325655,0.05070499831930103,0.039303408876886416,0.04486581327402699,0.034669255505957106,0.03450930335504369,0.03806811561397935,0.051184345667990475,0.044371976435266074,0.04099436875615567,0.046368127796664015,0.05490884486735505,0.06183730053693408,0.05455981759968229,0.05286591592374901,0.04486518696743448,0.057392514428911835,0.045299995844320894,0.05814358927243844,0.04005020229864972,0.043306149783955514,0.05145805178554407,0.0734005204050834,0.06343458955996824,0.03599873166004767,0.04801563519936458,0.042097422557585376,0.03822655550277999,0.042331677688641774,0.038301785542494055,0.041281177872915006,0.037749428454328826,0.05234084230818108,0.04564087240031771,0.045736769532962664,0.04131601644638602,0.04497041928514693,0.03866259322637013,0.03378480117235902,0.050444288225575847,0.04844879883717237,0.0490171785321684,0.03912419075456711
Toys ,0.04561080611278793,0.04044332498808578,0.041014236911834784,0.031852704940428904,0.035222069985702945,0.08144568493089753,0.06157555037331217,0.07093002288800633,0.05525330848610008,0.06130784658300236,0.046348732905480534,0.044001551116759324,0.05019273209849086,0.06833503274344718,0.0597786024845115,0.05773134050516282,0.06441129406195394,0.07894466067672756,0.08526812475297854,0.07588539532327244,0.07227566029547261,0.061670546948371714,0.08192142530897537,0.05900527656235106,0.0792886228562351,0.050180506128673544,0.058372568698967446,0.07072522035901509,0.09754751472597298,0.08461417263224782,0.0411354298014297,0.0647691316791104,0.05650106319301032,0.05204722363145354,0.05857465480540112,0.052126803679110385,0.058101277814138215,0.0537535529912629,0.07244522556314535,0.05760684327879269,0.06183902354884827,0.05591378537251785,0.06185347199364573,0.055107027011914195,0.04607751582525814,0.0652353577633042,0.07099137959015092,0.06551864721842732,0.05508832171564735
Fun  ,0.06009133776012709,0.05195380095313741,0.04828267269261318,0.035951728228752984,0.04223617010325655,0.06157555037331217,0.09162568902303415,0.09171964870532166,0.07078161566322477,0.07813187275615567,0.05852486608419378,0.05732481944400317,0.0631146948054011,0.08614724015885623,0.07387607625099284,0.07360147653693408,0.0831170210007943,0.10390969490071489,0.11078088200158855,0.09592565080222398,0.09192900775218427,0.0764081622875298,0.1057084789515488,0.07346743593328038,0.10167849566322479,0.06350126293884037,0.07345449966640193,0.09346021499602859,0.12866745547259725,0.1047574277045274,0.04922730173153295,0.08183062738681494,0.07452416171564734,0.06719831777601269,0.07394335409054807,0.06690558567116761,0.07376474967434472,0.066969613375695,0.09236546258935666,0.07388774239872915,0.08043148162033362,0.07089048295472597,0.08056531828435266,0.07231547656870531,0.05880982023828435,0.08270394894360603,0.08680587332803812,0.08524882223987293,0.07010016883240669
Books,0.07381716873073868,0.06151472988085781,0.057921968454328815,0.04107152725972995,0.05070499831930103,0.07093002288800633,0.09171964870532166,0.15161083182843527,0.0872775136203336,0.09334949135504368,0.06997652876568705,0.06707965120889595,0.07367446043208895,0.10241406151548847,0.09130258577918986,0.09110894931850673,0.09886141519301031,0.12472337139316915,0.13017094221445588,0.11249877071008736,0.11095360929626688,0.09146577424622716,0.12692876405718823,0.08876554391104051,0.12488455759491657,0.07656154657029386,0.07992814967752183,0.10325897258459094,0.14840936344718028,0.12136677211119937,0.05948023491660047,0.09970752928355837,0.08964922722795868,0.08140130227482129,0.08711110698967436,0.08016399361715647,0.0868327928482923,0.07935162858776809,0.1118472600381255,0.08657601758220809,0.09601614598570295,0.08432643611437647,0.0967204470214456,0.0853857883844321,0.07245552556632247,0.10042572852104842,0.10594389935504372,0.10159655588244637,0.0818270982366958
Hshld,0.058437928457505964,0.04723940981731532,0.045212417645750604,0.03311190274821287,0.039303408876886416,0.05525330848610008,0.07078161566322477,0.0872775136203336,0.07844114544241462,0.0737126345861795,0.05441754343447181,0.05273999180937252,0.057004551815726744,0.08020346626846704,0.07090074095631456,0.06943918831453534,0.07716933673709295,0.0962759676378078,0.10172488313899919,0.08821039480222398,0.08571973548530577,0.0709497685655282,0.09737243014455915,0.06956971321366164,0.09503979876727563,0.0576545275361398,0.06500309319777602,0.08417267623193009,0.11407670691024624,0.09515414004130258,0.04577873274027006,0.07471004186814934,0.06763067444003178,0.06190918209372517,0.06795000311358221,0.061906185493248625,0.06728024920095312,0.06274859066560763,0.08435556367911042,0.06700748503891976,0.07453544011437649,0.06588462220174741,0.07428306096902304,0.06584581279110403,0.05517461565687055,0.07527276431453535,0.08056746757108815,0.07754419267990469,0.06433014760921366
Clths,0.060622497741064325,0.05252765728355837,0.049507005998411444,0.03779828501985703,0.04486581327402699,0.06130784658300236,0.07813187275615567,0.09334949135504368,0.0737126345861795,0.09803940413661637,0.058722037115170767,0.057164193626687856,0.06206033695949166,0.08754933056711675,0.07664682599523431,0.07520659451628275,0.0830476713455123,0.10870851141540906,0.1116145751104051,0.09806124844479747,0.09403652440984908,0.07808117045909452,0.10715352659571087,0.077600197324861,0.10550804681175535,0.06397732077521842,0.06889355014455918,0.09064040879428117,0.1277670719618745,0.10320292252899131,0.05090674942017474,0.08105137584114375,0.07489155364575059,0.06764836504527402,0.07571442843526607,0.06874688021604447,0.07456467044320889,0.0685690877013503,0.09270580128991263,0.0743225692517871,0.08263121694042891,0.07259333501509133,0.08651677658459093,0.07488791508181097,0.05779288901032566,0.08307183090071485,0.08803049568228752,0.08510286656711678,0.07030229528196984
Hlth ,0.050027505890389186,0.041122772343129464,0.03872345406036536,0.02965343000000001,0.034669255505957106,0.046348732905480534,0.05852486608419378,0.06997652876568705,0.05441754343447181,0.058722037115170767,0.0576726560428912,0.04772639599364575,0.051950143766481334,0.06694852553137409,0.05830271049086577,0.055292861585385225,0.06352935169499604,0.07919113127243846,0.08523995963780776,0.07510095186814929,0.07098201205083401,0.060001907901509104,0.07920548020174743,0.057391095243844316,0.0797041799412232,0.049491587598093724,0.057426594489277186,0.07025011682446386,0.0972113414853058,0.0818303113455123,0.04056694325655282,0.06265137112311359,0.05865091450357425,0.052802764878474975,0.05737523637013503,0.052371413313741066,0.05700823871167594,0.05331080544559174,0.07004133916918188,0.05679269989515489,0.061405840411437644,0.05593877665925337,0.06019714138204924,0.05348075279428116,0.04461297045591739,0.06487775422081013,0.0656924609245433,0.06426559922795869,0.05377164355837967
MedEq,0.04905703262271644,0.0399525027799841,0.03945395669896744,0.02905470778395552,0.03450930335504369,0.044001551116759324,0.05732481944400317,0.06707965120889595,0.05273999180937252,0.057164193626687856,0.04772639599364575,0.052454534957903094,0.05212070634154092,0.0657621528895949,0.056573029655281964,0.054143758246227185,0.06204056454964257,0.07723002457823673,0.08328628340587768,0.07242346653216838,0.06962163293407465,0.05879951925019858,0.0765883092200159,0.05596245215567912,0.07690076366322475,0.04932633071644161,0.055628366865766485,0.070639273299444,0.09653496201747419,0.0795111047879269,0.03977904835583796,0.06173445979984115,0.056351628975377266,0.05194970777124702,0.05673299169181892,0.0518942493121525,0.05622039751866561,0.05294253816679904,0.06786051487529786,0.05425763883717234,0.060061949734710095,0.0545208178141382,0.05883191002382843,0.051507981712470216,0.0440664511898332,0.06254838974424146,0.06349047365210485,0.06359524026687845,0.05319192740270056
Drugs,0.053631234792692606,0.04422317498014297,0.04314127887053215,0.03098742572676727,0.03806811561397935,0.05019273209849086,0.0631146948054011,0.07367446043208895,0.057004551815726744,0.06206033695949166,0.051950143766481334,0.05212070634154092,0.06577742840190627,0.07286735621604445,0.06180854129626688,0.058124549756949945,0.06772940827323273,0.08483255619380459,0.0909266600921366,0.07874716028435265,0.07623561717871326,0.06464529352819698,0.08379272507227961,0.061511943358220814,0.08353885313264493,0.05495015359332804,0.06106154797299444,0.0782550745655282,0.10355469289118349,0.0877161678602065,0.043352123717235895,0.06862198890865766,0.060991217887212075,0.05698421609054803,0.06273639025416994,0.05696005769499603,0.06240778746783162,0.05804939903415409,0.07461483512787924,0.05986820917553614,0.06549522135186657,0.059572941116759336,0.06449834103256552,0.056997780486100075,0.04758416774900715,0.0676545492263701,0.06870924639872915,0.06899425052581414,0.05813589124702143
Chems,0.07222214872756154,0.058859076219221616,0.05726857423034155,0.04361213990468625,0.051184345667990475,0.06833503274344718,0.08614724015885623,0.10241406151548847,0.08020346626846704,0.08754933056711675,0.06694852553137409,0.0657621528895949,0.07286735621604445,0.11372650547418583,0.0867117153169182,0.08069198234154087,0.09445403624463859,0.12023349291183476,0.13360141549801433,0.11399816504845119,0.10904526622398727,0.09002447201270851,0.12078725052581411,0.08684177030659253,0.11785404342176328,0.0727367017220016,0.09648729419857029,0.1151316130865766,0.16299834114376485,0.13063625953296268,0.060627336743447176,0.09339901664177919,0.082245362573471,0.07646335046544876,0.08541624757744239,0.07889703529467831,0.085449691949166,0.07810631098332009,0.10419436985861791,0.0859658858649722,0.09122315768387611,0.08244780668149322,0.08928179618745036,0.07957625901826848,0.06556649791262906,0.0947550352279587,0.09913151195552025,0.09644768713582207,0.07886773639396348
Rubbr,0.06224763921842731,0.051960067704527414,0.048693012813343935,0.03696188833995233,0.044371976435266074,0.0597786024845115,0.07387607625099284,0.09130258577918986,0.07090074095631456,0.07664682599523431,0.05830271049086577,0.056573029655281964,0.06180854129626688,0.0867117153169182,0.0915330232311358,0.07189356817791899,0.08254742302144558,0.10025187767434471,0.11082978616679905,0.0955923329404289,0.0926034627418586,0.0773683909197776,0.1037591628943606,0.07497831869102463,0.10241443478633834,0.061286153769658465,0.06890647991421762,0.08818046971564733,0.12450689402700553,0.1039966354757744,0.0519294901985703,0.0797489318061954,0.07213688603653695,0.06650416283717235,0.07375068678316121,0.06676532655440826,0.0727816194344718,0.0674913290675139,0.09087233077362986,0.0739221435488483,0.07945044879110405,0.07099867002700554,0.07771014468625892,0.06742314447021443,0.05862868208419382,0.0826451204003177,0.08572882155996824,0.08350073697220016,0.06845272397140588
Txtls,0.05995800444162034,0.04877920098490866,0.04514635960603653,0.03390749289912629,0.04099436875615567,0.05773134050516282,0.07360147653693408,0.09110894931850673,0.06943918831453534,0.07520659451628275,0.055292861585385225,0.054143758246227185,0.058124549756949945,0.08069198234154087,0.07189356817791899,0.10747378442573469,0.08062474373947577,0.10030384843844321,0.10375693643208894,0.08877825075774426,0.08724657123431297,0.07122046701826847,0.09831320601111992,0.0689397117903098,0.09764085527561554,0.06094569155837965,0.06618316748530581,0.08562900831135822,0.11579236746624301,0.09795777458935663,0.04667263539316917,0.07548650520095312,0.069098338903892,0.06208376256076251,0.06782514929308976,0.06225548751707704,0.06743020230023826,0.06368617387768069,0.08932458875933277,0.06873037666084195,0.07671251044956316,0.06716554021286736,0.07535475660047657,0.06765979356314533,0.05482438783796662,0.07777580887053218,0.0838152007053217,0.07732404379348688,0.06460355656870531
BldMt,0.06856172655123113,0.056110623129467824,0.05258797793169182,0.03972951348689436,0.046368127796664015,0.06441129406195394,0.0831170210007943,0.09886141519301031,0.07716933673709295,0.0830476713455123,0.06352935169499604,0.06204056454964257,0.06772940827323273,0.09445403624463859,0.08254742302144558,0.08062474373947577,0.09966053155837966,0.11518807257823672,0.12293712625258142,0.10655859086258934,0.10213750079110408,0.08424808611914215,0.11259928094678316,0.0815213993455123,0.1129752819444003,0.06878124292930897,0.08141995311834789,0.10285922015567911,0.14423626173153292,0.11702821775377284,0.05497660930897537,0.08707718572835584,0.07954562408260522,0.0729334421731533,0.07996590888006352,0.07225546120413025,0.0792779605274027,0.07351239069737885,0.0988104758316124,0.08026528510246228,0.08660212551548847,0.0776465430595711,0.0854417444003177,0.07484788929626689,0.0634045179920572,0.08891958045432881,0.09412442372676727,0.09195809294996025,0.07494801515488483
Cnstr,0.0847682834185862,0.07004329502779982,0.06338503968864179,0.04798491742652899,0.05490884486735505,0.07894466067672756,0.10390969490071489,0.12472337139316915,0.0962759676378078,0.10870851141540906,0.07919113127243846,0.07723002457823673,0.08483255619380459,0.12023349291183476,0.10025187767434471,0.10030384843844321,0.11518807257823672,0.20584268585226373,0.1586879267799841,0.13338084280222398,0.12842227784590943,0.10727211449722003,0.14251647095790307,0.10121232582049244,0.1398475162700556,0.08524231633359808,0.1127544791167593,0.1325161726830818,0.18913587247021446,0.1502933012676727,0.06847508365369341,0.10902765554884827,0.0990941229229547,0.09131821468467041,0.09953109477362986,0.09148891505003968,0.10012219214614773,0.09191553164733918,0.125358536025417,0.0994489665702939,0.10916690518824464,0.0964404831898332,0.10873513909451946,0.09596708631612386,0.08183884474662431,0.1210332184082605,0.11887043947259729,0.11526152952501988,0.09522158494042891
Steel,0.09352245192057188,0.07579577070691025,0.0720184315615568,0.05567685559968229,0.06183730053693408,0.08526812475297854,0.11078088200158855,0.13017094221445588,0.10172488313899919,0.1116145751104051,0.08523995963780776,0.08328628340587768,0.0909266600921366,0.13360141549801433,0.11082978616679905,0.10375693643208894,0.12293712625258142,0.1586879267799841,0.18734130105798252,0.150495471593328,0.1424094459221604,0.11617062082922955,0.1529877903669578,0.11067765434154091,0.1516379497124702,0.09156382698014297,0.1331814916727561,0.15616667664495631,0.22948493938046066,0.17351016062907063,0.07699146109610801,0.11755859071644162,0.10591752762509929,0.0976090884638602,0.11012868409849082,0.09840524700238285,0.10935524094042892,0.09993070269102461,0.13192153797617157,0.11145986832724386,0.11726311855758542,0.10625305016044477,0.11375212698967434,0.10096413723907863,0.08191571243208899,0.12044865689594915,0.12670957654646547,0.12349179795393168,0.10223515920571882
FabPr,0.0834599979698173,0.06614908293884035,0.06208245332644956,0.04805105806989675,0.05455981759968229,0.07588539532327244,0.09592565080222398,0.11249877071008736,0.08821039480222398,0.09806124844479747,0.07510095186814929,0.07242346653216838,0.07874716028435265,0.11399816504845119,0.0955923329404289,0.08877825075774426,0.10655859086258934,0.13338084280222398,0.150495471593328,0.17293397906115965,0.12251977419221605,0.10104869533915806,0.13239817816203336,0.0977564539539317,0.13333898816044476,0.07980242539634633,0.10738916503415408,0.12620328225417,0.18759338938046063,0.14555227975853854,0.06642231450357428,0.10065995497696581,0.092025741350278,0.0847804070039714,0.09577329223987288,0.08597568797299443,0.09352839591898332,0.08675505152025417,0.11523148122795869,0.09601996437807782,0.10057687971564734,0.0923732577807784,0.099390794344718,0.08734009101826846,0.07241212692295475,0.10347169775694998,0.1086050581858618,0.10731889802382841,0.08887758786338362
Mach ,0.07741260548371723,0.06331706341540905,0.06037558718665606,0.044891294408260514,0.05286591592374901,0.07227566029547261,0.09192900775218427,0.11095360929626688,0.08571973548530577,0.09403652440984908,0.07098201205083401,0.06962163293407465,0.07623561717871326,0.10904526622398727,0.0926034627418586,0.08724657123431297,0.10213750079110408,0.12842227784590943,0.1424094459221604,0.12251977419221605,0.12069479682922954,0.09571640034312946,0.12750268482605243,0.09276654148371721,0.12756744985226368,0.0774388990976966,0.0985426618490866,0.12007550261159652,0.17309310806989675,0.13843797818586173,0.06362430935663224,0.09866487121207305,0.08858284282764096,0.08208283468467036,0.09211526095313739,0.0828600477426529,0.09119406066084192,0.08384383115488482,0.11151766048927719,0.09123010509293089,0.09726997656235106,0.08811475875774423,0.09554133687053216,0.08413006299602857,0.06985417262589355,0.1001731258268467,0.1052301862557585,0.10333297880222399,0.08479610913423352
ElcEq,0.06363183680381253,0.05274665153296267,0.051378227444003194,0.03714213118347895,0.04486518696743448,0.061670546948371714,0.0764081622875298,0.09146577424622716,0.0709497685655282,0.07808117045909452,0.060001907901509104,0.05879951925019858,0.06464529352819698,0.09002447201270851,0.0773683909197776,0.07122046701826847,0.08424808611914215,0.10727211449722003,0.11617062082922955,0.10104869533915806,0.09571640034312946,0.09088161319142175,0.10489004866084194,0.07700511815091338,0.10494350187132645,0.06503589526290707,0.07603056612549643,0.09832876250357427,0.1402356773629865,0.11199466146465449,0.05241260937251786,0.08246493568228752,0.0737015658141382,0.06843870674503573,0.07634394513105641,0.0693575268562351,0.07606165408101667,0.06993426997299443,0.09179630470532167,0.07516627705162827,0.08098610650357427,0.072649146548054,0.07852249623510724,0.06899072439078634,0.05915708786656077,0.0838932564765687,0.08740144831135818,0.08590657697220015,0.07080469988880063
Autos,0.07998373657505957,0.0698532927879269,0.06383541493725177,0.04934938062748214,0.057392514428911835,0.08192142530897537,0.1057084789515488,0.12692876405718823,0.09737243014455915,0.10715352659571087,0.07920548020174743,0.0765883092200159,0.08379272507227961,0.12078725052581411,0.1037591628943606,0.09831320601111992,0.11259928094678316,0.14251647095790307,0.1529877903669578,0.13239817816203336,0.12750268482605243,0.10489004866084194,0.16083980462430497,0.10207448976648133,0.14124454381096113,0.08479890682922951,0.10371075203018269,0.12567229091818904,0.1796184796584591,0.14446891268625894,0.06740894525814138,0.10988351572041298,0.09989273270849879,0.09072145592216042,0.1002937417553614,0.09104741295154885,0.09999133543606038,0.09219483177760127,0.1285625846401906,0.10093485314058775,0.10948577389515488,0.0969575472772041,0.10825982268467037,0.0963531136965846,0.07912683136775217,0.11187339479904687,0.11633219586338364,0.11400519123431294,0.094789485274027
Aero ,0.0612960064686259,0.05179087342335186,0.050473769569499595,0.03893963869737887,0.045299995844320894,0.05900527656235106,0.07346743593328038,0.08876554391104051,0.06956971321366164,0.077600197324861,0.057391095243844316,0.05596245215567912,0.061511943358220814,0.08684177030659253,0.07497831869102463,0.0689397117903098,0.0815213993455123,0.10121232582049244,0.11067765434154091,0.0977564539539317,0.09276654148371721,0.07700511815091338,0.10207448976648133,0.08889501328673549,0.10136065425258138,0.06498182149642573,0.0715964362573471,0.09067334221445592,0.12915832349483714,0.10489142253852263,0.05304450570293883,0.07965273494519459,0.07254785477362986,0.06638541519301032,0.07342482945194599,0.06661185735345511,0.07254477486258935,0.06678605698490864,0.08985576102938839,0.07427591100238282,0.08014290290071484,0.07086739289594915,0.07874366208101667,0.06895692158220809,0.05676893586656073,0.08273222187132641,0.08419978037807782,0.08367438433042099,0.0683598293884035
Ships,0.08621474504527403,0.06940393104050832,0.06505599786656077,0.049644298959491656,0.05814358927243844,0.0792886228562351,0.10167849566322479,0.12488455759491657,0.09503979876727563,0.10550804681175535,0.0797041799412232,0.07690076366322475,0.08353885313264493,0.11785404342176328,0.10241443478633834,0.09764085527561554,0.1129752819444003,0.1398475162700556,0.1516379497124702,0.13333898816044476,0.12756744985226368,0.10494350187132645,0.14124454381096113,0.10136065425258138,0.17225661218586175,0.08646858178077836,0.10171634404606832,0.127172626,0.1776725473471008,0.14435811250833994,0.06823623463065925,0.1075804419920572,0.09941868883240668,0.09048342369658459,0.1003292276489277,0.0903207800587768,0.0989506027688642,0.09160374236060365,0.12317658682922954,0.0987624811882446,0.10982737790786337,0.09688469024463861,0.10746855761715648,0.09421106895631454,0.07774678115011915,0.11026506553455123,0.1126581615949166,0.1124027360095314,0.09378604892772043
Guns ,0.05350359362351071,0.044177123097696586,0.04228664685782367,0.031014932223987286,0.04005020229864972,0.050180506128673544,0.06350126293884037,0.07656154657029386,0.0576545275361398,0.06397732077521842,0.049491587598093724,0.04932633071644161,0.05495015359332804,0.0727367017220016,0.061286153769658465,0.06094569155837965,0.06878124292930897,0.08524231633359808,0.09156382698014297,0.07980242539634633,0.0774388990976966,0.06503589526290707,0.08479890682922951,0.06498182149642573,0.08646858178077836,0.08825809393328038,0.06301217635742652,0.07808952010643366,0.10500774477362985,0.08701199952978553,0.0437170239872915,0.06857633053852265,0.06216367173947577,0.05637710852581415,0.06129196722001587,0.05648630129785545,0.06143490307069102,0.05734646528355838,0.076121349974583,0.06127151330897537,0.06780901476250993,0.059253977170770446,0.06604404511517077,0.05767818288800635,0.048144140038125505,0.06902982324702144,0.0712253451691819,0.07042138023510723,0.0575600468943606
Gold ,0.06610796162351071,0.04884161374106434,0.050943243239078645,0.043449908919777604,0.043306149783955514,0.058372568698967446,0.07345449966640193,0.07992814967752183,0.06500309319777602,0.06889355014455918,0.057426594489277186,0.055628366865766485,0.06106154797299444,0.09648729419857029,0.06890647991421762,0.06618316748530581,0.08141995311834789,0.1127544791167593,0.1331814916727561,0.10738916503415408,0.0985426618490866,0.07603056612549643,0.10371075203018269,0.0715964362573471,0.10171634404606832,0.06301217635742652,0.2886937207609213,0.1568361381556791,0.19717617598888001,0.14083404156949955,0.054342139285146925,0.07801396619221604,0.06640972295472597,0.0637236291644162,0.07370495713264495,0.06592490565369341,0.07374871987450357,0.06633934101985703,0.08812706011596504,0.07344819093884034,0.07043800052581413,0.06921787482605242,0.07038813814138205,0.06244871662589356,0.046361684857823666,0.07729683850357424,0.08014653094201746,0.08106142498173151,0.06821641099285146
Mines,0.08138145665131058,0.062330409356632234,0.06260425361239078,0.047491786076251,0.05145805178554407,0.07072522035901509,0.09346021499602859,0.10325897258459094,0.08417267623193009,0.09064040879428117,0.07025011682446386,0.070639273299444,0.0782550745655282,0.1151316130865766,0.08818046971564733,0.08562900831135822,0.10285922015567911,0.1325161726830818,0.15616667664495631,0.12620328225417,0.12007550261159652,0.09832876250357427,0.12567229091818904,0.09067334221445592,0.127172626,0.07808952010643366,0.1568361381556791,0.17761408822716437,0.2106538448212867,0.15873899839237487,0.06347280654487687,0.09806330249086573,0.08477354900714851,0.08174621802859412,0.09174369027005563,0.08215878068149327,0.09273116008101667,0.08467553638125497,0.10869510200635425,0.09175477721366163,0.09455447075615567,0.0884787773042097,0.09192835828435267,0.08316169301985701,0.06536944374583001,0.09696545791580619,0.10040069418268467,0.10274702361556794,0.08554292670373312
Coal ,0.11359623232724383,0.0879628603494837,0.08363363019062749,0.06438246105639396,0.0734005204050834,0.09754751472597298,0.12866745547259725,0.14840936344718028,0.11407670691024624,0.1277670719618745,0.0972113414853058,0.09653496201747419,0.10355469289118349,0.16299834114376485,0.12450689402700553,0.11579236746624301,0.14423626173153292,0.18913587247021446,0.22948493938046066,0.18759338938046063,0.17309310806989675,0.1402356773629865,0.1796184796584591,0.12915832349483714,0.1776725473471008,0.10500774477362985,0.19717617598888001,0.2106538448212867,0.3863207697458299,0.23984559656870527,0.09499864034948373,0.13800629755361402,0.11979953982525812,0.11281526097696586,0.12903541719618747,0.11390212301032564,0.12902920707704527,0.11564315863383637,0.15565359200158857,0.13253041439237484,0.13314850857029384,0.12385649821286734,0.12860858484511517,0.11448616098490866,0.09139576258935664,0.13834983166004763,0.14571564432088957,0.14351596687847498,0.11961736139793487
Oil  ,0.09248370574106433,0.07169555034154092,0.07039170562033359,0.05306147701350277,0.06343458955996824,0.08461417263224782,0.1047574277045274,0.12136677211119937,0.09515414004130258,0.10320292252899131,0.0818303113455123,0.0795111047879269,0.0877161678602065,0.13063625953296268,0.1039966354757744,0.09795777458935663,0.11702821775377284,0.1502933012676727,0.17351016062907063,0.14555227975853854,0.13843797818586173,0.11199466146465449,0.14446891268625894,0.10489142253852263,0.14435811250833994,0.08701199952978553,0.14083404156949955,0.15873899839237487,0.23984559656870527,0.19876592377442417,0.07982794071485305,0.11316405743606038,0.09833943882446386,0.09267936776489274,0.10489012740270054,0.09365713265766482,0.1048075098522637,0.09530691590786337,0.12610143151072278,0.10602714997934866,0.10679863652422557,0.1008444062525814,0.1036246368546465,0.0921067909324861,0.07676902954090546,0.1138730710659253,0.1206810878093725,0.11644081037648928,0.09788909572676724
Util ,0.04294940870532167,0.03696279911040508,0.037521843177124696,0.029152300397140573,0.03599873166004767,0.0411354298014297,0.04922730173153295,0.05948023491660047,0.04577873274027006,0.05090674942017474,0.04056694325655282,0.03977904835583796,0.043352123717235895,0.060627336743447176,0.0519294901985703,0.04667263539316917,0.05497660930897537,0.06847508365369341,0.07699146109610801,0.06642231450357428,0.06362430935663224,0.05241260937251786,0.06740894525814138,0.05304450570293883,0.06823623463065925,0.0437170239872915,0.054342139285146925,0.06347280654487687,0.09499864034948373,0.07982794071485305,0.04768693280381256,0.0559547660047657,0.04819822081016681,0.045199404098490874,0.04922554424146147,0.045777575409054805,0.04886807062748212,0.0447957076409849,0.0613272554725973,0.05253528991262906,0.05247962900714853,0.0485067184432089,0.051695103256552785,0.04509495517077045,0.038380457378872114,0.05924686138204925,0.057172713010325664,0.056959457092930904,0.047521008927720404
Telcm,0.06560776061000793,0.055797189038919774,0.05462602366640192,0.0397312396664019,0.04801563519936458,0.0647691316791104,0.08183062738681494,0.09970752928355837,0.07471004186814934,0.08105137584114375,0.06265137112311359,0.06173445979984115,0.06862198890865766,0.09339901664177919,0.0797489318061954,0.07548650520095312,0.08707718572835584,0.10902765554884827,0.11755859071644162,0.10065995497696581,0.09866487121207305,0.08246493568228752,0.10988351572041298,0.07965273494519459,0.1075804419920572,0.06857633053852265,0.07801396619221604,0.09806330249086573,0.13800629755361402,0.11316405743606038,0.0559547660047657,0.09554136285305798,0.07839283221604448,0.07165405245115171,0.07944811512311355,0.07249049874185864,0.07882146055917393,0.07171686358061952,0.09741446345671166,0.07741160113105638,0.08494458109928515,0.07571072626846703,0.08451050007942813,0.07488219280698968,0.062435587380460685,0.08943409956473389,0.09249036695154883,0.09088884243367751,0.07349273226370134
PerSv,0.05943100044479747,0.05089558576648133,0.04799637985702939,0.035099495949166004,0.042097422557585376,0.05650106319301032,0.07452416171564734,0.08964922722795868,0.06763067444003178,0.07489155364575059,0.05865091450357425,0.056351628975377266,0.060991217887212075,0.082245362573471,0.07213688603653695,0.069098338903892,0.07954562408260522,0.0990941229229547,0.10591752762509929,0.092025741350278,0.08858284282764096,0.0737015658141382,0.09989273270849879,0.07254785477362986,0.09941868883240668,0.06216367173947577,0.06640972295472597,0.08477354900714851,0.11979953982525812,0.09833943882446386,0.04819822081016681,0.07839283221604448,0.08652295504368547,0.06570078592533757,0.07180502090548053,0.06583780222398729,0.07122555177124701,0.06538287710881653,0.08830461941223193,0.069692133121525,0.07677978039714056,0.06918552953137411,0.0778485517394758,0.067714181604448,0.056417295218427324,0.0797795396028594,0.08415616733915805,0.08162642227164417,0.06590452791104051
BusSv,0.05477843612708498,0.04650378098490866,0.044212955836378076,0.03205647603653694,0.03822655550277999,0.05204722363145354,0.06719831777601269,0.08140130227482129,0.06190918209372517,0.06764836504527402,0.052802764878474975,0.05194970777124702,0.05698421609054803,0.07646335046544876,0.06650416283717235,0.06208376256076251,0.0729334421731533,0.09131821468467041,0.0976090884638602,0.0847804070039714,0.08208283468467036,0.06843870674503573,0.09072145592216042,0.06638541519301032,0.09048342369658459,0.05637710852581415,0.0637236291644162,0.08174621802859412,0.11281526097696586,0.09267936776489274,0.045199404098490874,0.07165405245115171,0.06570078592533757,0.06314564311199367,0.0661095475059571,0.06045570501826846,0.0656597774122319,0.06071683947895153,0.0795757427847498,0.06495488536298648,0.07011062594281174,0.06342827933756948,0.06945093423351865,0.06124696056552818,0.0510129512915012,0.07300299859888801,0.07473501932962669,0.07469544985861795,0.06133207046862588
Hardw,0.06106753389992057,0.05020212706910247,0.049530371620333594,0.03556562434471802,0.042331677688641774,0.05857465480540112,0.07394335409054807,0.08711110698967436,0.06795000311358221,0.07571442843526607,0.05737523637013503,0.05673299169181892,0.06273639025416994,0.08541624757744239,0.07375068678316121,0.06782514929308976,0.07996590888006352,0.09953109477362986,0.11012868409849082,0.09577329223987288,0.09211526095313739,0.07634394513105641,0.1002937417553614,0.07342482945194599,0.1003292276489277,0.06129196722001587,0.07370495713264495,0.09174369027005563,0.12903541719618747,0.10489012740270054,0.04922554424146147,0.07944811512311355,0.07180502090548053,0.0661095475059571,0.08339097765687051,0.06842776925337571,0.07584004890389197,0.06839723793486893,0.08794092440826051,0.07221422249404288,0.07721574842732326,0.07003437085782366,0.07719385633042096,0.06802383593328037,0.05561184506751389,0.07941023969817317,0.0819850357426529,0.08295567575853853,0.06796426014297058
Softw,0.05553151603177125,0.04624845812549642,0.044889184637013496,0.033584448824463854,0.038301785542494055,0.052126803679110385,0.06690558567116761,0.08016399361715647,0.061906185493248625,0.06874688021604447,0.052371413313741066,0.0518942493121525,0.05696005769499603,0.07889703529467831,0.06676532655440826,0.06225548751707704,0.07225546120413025,0.09148891505003968,0.09840524700238285,0.08597568797299443,0.0828600477426529,0.0693575268562351,0.09104741295154885,0.06661185735345511,0.0903207800587768,0.05648630129785545,0.06592490565369341,0.08215878068149327,0.11390212301032564,0.09365713265766482,0.045777575409054805,0.07249049874185864,0.06583780222398729,0.06045570501826846,0.06842776925337571,0.06531787288165208,0.06748025946147737,0.0612035386370135,0.08046328685146942,0.0649925205655282,0.0707049797633042,0.06373661371405875,0.07024106087370931,0.06169464920730738,0.05130937632724383,0.07320360670055599,0.07604441030659254,0.07575604004130258,0.06130248476568705
Chips,0.06136080387291502,0.049907716076251,0.04904493836536934,0.03570545127084987,0.041281177872915006,0.058101277814138215,0.07376474967434472,0.0868327928482923,0.06728024920095312,0.07456467044320889,0.05700823871167594,0.05622039751866561,0.06240778746783162,0.085449691949166,0.0727816194344718,0.06743020230023826,0.0792779605274027,0.10012219214614773,0.10935524094042892,0.09352839591898332,0.09119406066084192,0.07606165408101667,0.09999133543606038,0.07254477486258935,0.0989506027688642,0.06143490307069102,0.07374871987450357,0.09273116008101667,0.12902920707704527,0.1048075098522637,0.04886807062748212,0.07882146055917393,0.07122555177124701,0.0656597774122319,0.07584004890389197,0.06748025946147737,0.07848708285782367,0.06810941558061953,0.08691361562668785,0.07109309722637014,0.0770200244146148,0.06950013340270055,0.07589647084988085,0.06715114469261318,0.055249023609213674,0.07830010723113581,0.08147473066243048,0.081905646725973,0.067270893375695
LabEq,0.05581897000158856,0.046171529181890374,0.04427273450675139,0.03327175173947577,0.037749428454328826,0.0537535529912629,0.066969613375695,0.07935162858776809,0.06274859066560763,0.0685690877013503,0.05331080544559174,0.05294253816679904,0.05804939903415409,0.07810631098332009,0.0674913290675139,0.06368617387768069,0.07351239069737885,0.09191553164733918,0.09993070269102461,0.08675505152025417,0.08384383115488482,0.06993426997299443,0.09219483177760127,0.06678605698490864,0.09160374236060365,0.05734646528355838,0.06633934101985703,0.08467553638125497,0.11564315863383637,0.09530691590786337,0.0447957076409849,0.07171686358061952,0.06538287710881653,0.06071683947895153,0.06839723793486893,0.0612035386370135,0.06810941558061953,0.06711536549007147,0.08054062316759332,0.06491938511199363,0.07077461380142971,0.06432119260365371,0.0693786760921366,0.06183494457188244,0.05131690532803811,0.0725082159872915,0.07465846208737092,0.07515818816203336,0.062293920158856236
Paper,0.07410200472438443,0.06225367000794282,0.05669768216521049,0.04271539708498808,0.05234084230818108,0.07244522556314535,0.09236546258935666,0.1118472600381255,0.08435556367911042,0.09270580128991263,0.07004133916918188,0.06786051487529786,0.07461483512787924,0.10419436985861791,0.09087233077362986,0.08932458875933277,0.0988104758316124,0.125358536025417,0.13192153797617157,0.11523148122795869,0.11151766048927719,0.09179630470532167,0.1285625846401906,0.08985576102938839,0.12317658682922954,0.076121349974583,0.08812706011596504,0.10869510200635425,0.15565359200158857,0.12610143151072278,0.0613272554725973,0.09741446345671166,0.08830461941223193,0.0795757427847498,0.08794092440826051,0.08046328685146942,0.08691361562668785,0.08054062316759332,0.1271115744733916,0.09075224684988084,0.09600509818427322,0.08505868516441621,0.09507584111199363,0.0840263502652899,0.07102189182843524,0.10197501084352661,0.10405780752343134,0.10177774014614772,0.08294753213661639
Boxes,0.05906547400794279,0.05170835704527403,0.048324801741064335,0.03538852050833995,0.04564087240031771,0.05760684327879269,0.07388774239872915,0.08657601758220809,0.06700748503891976,0.0743225692517871,0.05679269989515489,0.05425763883717234,0.05986820917553614,0.0859658858649722,0.0739221435488483,0.06873037666084195,0.08026528510246228,0.0994489665702939,0.11145986832724386,0.09601996437807782,0.09123010509293089,0.07516627705162827,0.10093485314058775,0.07427591100238282,0.0987624811882446,0.06127151330897537,0.07344819093884034,0.09175477721366163,0.13253041439237484,0.10602714997934866,0.05253528991262906,0.07741160113105638,0.069692133121525,0.06495488536298648,0.07221422249404288,0.0649925205655282,0.07109309722637014,0.06491938511199363,0.09075224684988084,0.09153080257982528,0.07813653373153295,0.06926598426052422,0.07632796022239872,0.06746330453375698,0.055672380066719644,0.0817758623542494,0.08297361628594124,0.08275589589197777,0.06696744657664812
