,Agric,Food ,Soda ,Beer ,Smoke,Toys ,Fun  ,Books,Hshld,Clths,Hlth ,MedEq,Drugs,Chems,Rubbr,Txtls,BldMt,Cnstr,Steel,FabPr,Mach ,ElcEq,Autos,Aero ,Ships,Guns ,Gold ,Mines,Coal ,Oil  ,Util ,Telcm,PerSv,BusSv,Hardw,Softw,Chips,LabEq,Paper,Boxes,Trans,Whlsl,Rtail,Meals,Banks,Insur,RlEst,Fin  ,Other
Agric,0.10434945494996027,0.04343108831771247,0.041545194287529785,0.029715602155679102,0.038844261656870514,0.046438530743447184,0.06192152798093723,0.07511419193804605,0.05944509361239078,0.06217288860683081,0.05015906053375694,0.04956449306592534,0.054301135683876095,0.07449231885464655,0.0632079924511517,0.06039496990468626,0.06989391508339952,0.08813344266560763,0.09612628613661635,0.08636653436854644,0.07944868242096902,0.06515626358697378,0.08179965592851468,0.06241543633836376,0.0874138639825258,0.05560755812708498,0.06687006939475774,0.08383389968546469,0.11809838595552026,0.09387495001747422,0.04384682624622715,0.06744979566163622,0.06090514274821286,0.056320017860206524,0.06298774369499605,0.057194532152501976,0.06271673014932486,0.057126226319301025,0.07608949640031772,0.061492981520254154,0.06715244996187449,0.060697031280381245,0.0648471562859412,0.05710352040984909,0.04883557242414615,0.06702086979984112,0.07036426945830024,0.07198550508657664,0.058889144449563155
Food ,0.04343108831771247,0.04458189079586973,0.0376421343669579,0.02737331210802224,0.03383155975853852,0.041084715374106434,0.05349442840984909,0.06267632740270056,0.04809015473232724,0.05371744878157269,0.04155777470373311,0.04046038598888007,0.04494681481810961,0.060204386058776795,0.05339139457982526,0.04887577515488483,0.05667776749801431,0.07174178552501985,0.07712348471485306,0.06735358036536934,0.0643465300460683,0.05384659899602859,0.07118483001111993,0.052648262907069095,0.07025458372041303,0.04534563722954725,0.04938265652740269,0.06343325939952343,0.08999312705957109,0.07214327633995235,0.03769745158379665,0.05719544200794279,0.052060476981731524,0.04750252573153298,0.05137086687212073,0.0472633631771247,0.050802560578236684,0.046976576025416994,0.06369111358856235,0.053013473156473395,0.05617414099444003,0.049882934544876883,0.0554761616711676,0.049052004047656875,0.04091090788880063,0.05906919168228752,0.05990116740905483,0.06036705247339158,0.04849173441779191
Soda ,0.041545194287529785,0.0376421343669579,0.07491247824622718,0.02900883184749801,0.03410185854169975,0.04217545345830023,0.05042188240826052,0.05956009963463067,0.046436677896743446,0.05108011010643368,0.03944420435901509,0.040148572708498795,0.044073746643367745,0.05870408908022238,0.0505499594471803,0.04565750970611594,0.05318381534551231,0.06560680773947578,0.07323740999523431,0.06303142179507547,0.061439563742652914,0.05259878079745829,0.06553922247498016,0.05154038538522636,0.06638334708181096,0.04359430624940428,0.04967987408419378,0.0625801054297061,0.08453419757903095,0.06996051288959491,0.03816050002859413,0.05640326058141383,0.04961909976171564,0.0454236618776807,0.05109246234154092,0.046187083177124694,0.05018982143923749,0.04523161530103257,0.058358438691024625,0.04986886682764099,0.05317732521683873,0.04841375736934075,0.053443771164416204,0.04774351757267673,0.0387723834853058,0.05628414124861001,0.057152718500397146,0.05769267639078633,0.04571364242096901
Beer ,0.029715602155679102,0.02737331210802224,0.02900883184749801,0.052102010133439236,0.026963857428117553,0.03212667653852264,0.037279062665607626,0.04182556510722795,0.03355217099761716,0.038841809636219214,0.02987227952660842,0.029414043741064336,0.03133164983478952,0.044192013459888796,0.03776013225734708,0.034127551779189844,0.03996084075456712,0.04913528823828434,0.055941811629864974,0.04860590146942017,0.04558569237172359,0.03769793953296267,0.050636905939634616,0.039400494718030185,0.05000613099126289,0.03196009151231136,0.04196849701032564,0.04726258253216838,0.06432661838443209,0.05265711096425735,0.02962909393804607,0.04071333382525813,0.0362811300714853,0.03285310754725972,0.03661394238602064,0.03426581685464655,0.036081479242255764,0.03381607881810961,0.04380094018745036,0.03580289005401112,0.039884038088959496,0.036379411401111984,0.03850772068943606,0.03507488823828435,0.02738375899444003,0.041348099146942006,0.0424389152787927,0.04155187342970609,0.03475783043208895
Smoke,0.038844261656870514,0.03383155975853852,0.03410185854169975,0.026963857428117553,0.07067093613820494,0.035504940443208906,0.04331878184590944,0.052008252319301035,0.03968776016997617,0.04537119366799047,0.03478304434948372,0.034820934352660836,0.03891018366799047,0.05194007151231136,0.04481554720254168,0.0408404039158062,0.046597864424146165,0.05552471214297061,0.06252451960127084,0.05500906820492454,0.05362443322001589,0.045787547456711666,0.05804732791262905,0.04571742625099286,0.05880343566481333,0.04120245515965053,0.043381556810166796,0.05141982985861794,0.07530252174265291,0.06378667591421765,0.03616235556155678,0.04908380452263701,0.04276557731532963,0.03879488913264494,0.04338628665289913,0.03910877590150913,0.041805762838760904,0.03843146065766481,0.053526606150913404,0.04647806023987291,0.046549708360603646,0.041750847931691815,0.045836916673550436,0.03902074251628277,0.03447689795552025,0.051498887556791106,0.04949493409372518,0.05092528132803813,0.03961519296743447
Toys ,0.046438530743447184,0.041084715374106434,0.04217545345830023,0.03212667653852264,0.035504940443208906,0.08308953852104846,0.0633419033709293,0.07202187343129467,0.056470108303415416,0.06288854439078634,0.04663730786020651,0.04437024741064336,0.050830027782366956,0.0695731056505163,0.06066239803653692,0.0580395634551231,0.06545979524225574,0.0814818305861795,0.08640422007783956,0.07673619810166799,0.07327837260047655,0.06283503787768069,0.08339309298014297,0.060123818578236704,0.08055432899285146,0.05122006384908659,0.05821538127402699,0.07078235586338363,0.09890762720730734,0.0844124797267673,0.04164844328196981,0.06635779014614772,0.05769900972200158,0.05313886728991263,0.06008860048927722,0.053233052883240685,0.05896515935980937,0.05450276486735506,0.0741134956822875,0.05923404227323273,0.06355277566799049,0.05676319654169975,0.06390881557744241,0.05685928659888798,0.04734464650198569,0.0665795172152502,0.07249442565845911,0.0680026718602065,0.05603070119618744
Fun  ,0.06192152798093723,0.05349442840984909,0.05042188240826052,0.037279062665607626,0.04331878184590944,0.0633419033709293,0.0948863019158062,0.09433763056393961,0.07288943500555996,0.0808486636568705,0.059546019037331234,0.05855318697378873,0.06492612100397138,0.08867769165369338,0.07646912135345511,0.07431163221604448,0.0850984672915012,0.10810404770770453,0.11326001196505163,0.09827738764098493,0.09389442099444004,0.07861805701667993,0.10842014523907863,0.0752618914058777,0.10395642927402703,0.06554424340587767,0.07331235688006356,0.09492667016362195,0.1315578948308181,0.10525278205559965,0.050496387844320874,0.08456856799999997,0.07714622754567117,0.0693150756028594,0.07632437452581414,0.06895184988085781,0.07573567964416202,0.068647391822081,0.09547336269420173,0.07626529179984115,0.08325151247656867,0.07253908674185859,0.08412146596981732,0.07513039890706909,0.060893131920571886,0.08496179672120732,0.08946574375853851,0.08926340280857822,0.07174651571723592
Books,0.07511419193804605,0.06267632740270056,0.05956009963463067,0.04182556510722795,0.052008252319301035,0.07202187343129467,0.09433763056393961,0.15542247223987296,0.08865650509134233,0.09547743731532961,0.07068153974583002,0.06779142836378074,0.07498099150913423,0.10449221182684672,0.09346338100079428,0.0914428368943606,0.09986896386814932,0.12776062832406673,0.13212813509928512,0.11432688240667194,0.11265917518665608,0.09286470814932485,0.1290753997220016,0.0899408262509928,0.12680615773629866,0.07834692145353457,0.07976566036536933,0.10413503513899915,0.15097166456711675,0.12179277807783954,0.060853834837172376,0.10180022432883239,0.09147848225575855,0.08309941884829229,0.08886738195393168,0.08191268020651309,0.08803304456711675,0.08063954049245432,0.1143213938363781,0.08868888464654485,0.09855411533756947,0.08556092842732325,0.09949838711675935,0.08750130104845114,0.07427828895154887,0.10259972699761713,0.10862391345512312,0.10496162630659253,0.08310578990468627
Hshld,0.05944509361239078,0.04809015473232724,0.046436677896743446,0.03355217099761716,0.03968776016997617,0.056470108303415416,0.07288943500555996,0.08865650509134233,0.07989020977124699,0.07573049658776805,0.05475661123749007,0.053178324090548054,0.05776873557903099,0.08208162884988082,0.07252992402223987,0.06977193157267671,0.0782686622954726,0.09944144584908661,0.1034766041890389,0.08956012310563939,0.08699200437807782,0.07245491430023829,0.09922191036219219,0.07053853837172358,0.09657814513582207,0.05887073887053215,0.06534649397299444,0.08518239915488482,0.11675696143129469,0.09537688597934872,0.04662040282446386,0.07634977809531374,0.0692223214932486,0.0632651280333598,0.06939076664654488,0.06307698467037334,0.06816869412390784,0.06363795947895154,0.08650899074821286,0.06899056809054803,0.0766285697680699,0.06690573380301826,0.07681191767752182,0.0678871230214456,0.056630932198570294,0.07695059717394757,0.08283719900873711,0.08038853173629866,0.06532493119777602
Clths,0.06217288860683081,0.05371744878157269,0.05108011010643368,0.038841809636219214,0.04537119366799047,0.06288854439078634,0.0808486636568705,0.09547743731532961,0.07573049658776805,0.1008593753836378,0.05958749265766481,0.05810075718824463,0.06346128107069104,0.08971332778713263,0.07877956953772833,0.07586429024622716,0.08486083559968231,0.11277002459729941,0.1137459650420969,0.1004179140428912,0.09573901110722796,0.07986443060206515,0.10963606571247021,0.07906318425734711,0.10765082078792694,0.06530599650198568,0.06893214095631454,0.09179670490230342,0.1304663579698173,0.10347424293566322,0.05190111125655282,0.0834435079618745,0.07687834551231135,0.06941640828276409,0.07748364728832408,0.07046132816521047,0.07598041722319301,0.06982825779825258,0.09555797285464653,0.0767241328451152,0.08529356952819696,0.07404745851945989,0.08998070938204927,0.07752466199205718,0.059761768670373305,0.08528653893884035,0.09071627544400314,0.08870084679269262,0.07171549975853854
Hlth ,0.05015906053375694,0.04155777470373311,0.03944420435901509,0.02987227952660842,0.03478304434948372,0.04663730786020651,0.059546019037331234,0.07068153974583002,0.05475661123749007,0.05958749265766481,0.05772794305957108,0.04825171124702144,0.052625569178713284,0.06770057107863384,0.05908345453216838,0.05519105050039713,0.06375369987291503,0.0799267237299444,0.08600718360285942,0.07572411064336775,0.0715114202446386,0.06069811937728357,0.08002161700079427,0.0580025217633042,0.07996108429229545,0.05057031390945194,0.05704559800476569,0.07042086222716441,0.09841050095949168,0.08184995627640984,0.04101312551548847,0.06371806013343922,0.05943856794281175,0.05358539373788721,0.05831590836536933,0.05314947736298649,0.05759161037966638,0.05396358838443209,0.07094968413661637,0.05757447066243051,0.062110456022239885,0.0563586523367752,0.06110597199682287,0.054319995882446376,0.04508499498967436,0.06548471570135027,0.06658263215885621,0.06578015792216044,0.05422669030341541
MedEq,0.04956449306592534,0.04046038598888007,0.040148572708498795,0.029414043741064336,0.034820934352660836,0.04437024741064336,0.05855318697378873,0.06779142836378074,0.053178324090548054,0.05810075718824463,0.04825171124702144,0.05318344386814933,0.05293726810961081,0.06677587022239871,0.057657188435266064,0.05413346065925336,0.06230265228752978,0.07804317069102461,0.08422182221604452,0.07327842254964255,0.07019808038125495,0.05952977985702938,0.07740077754567116,0.0567720683161239,0.07710615471803019,0.050530230905480526,0.05538578687847498,0.07108181404289118,0.09837927219221602,0.0797504629706116,0.04021119026211279,0.06284473460683081,0.0572093247974583,0.0528005255361398,0.05769676231930104,0.052760454662430505,0.05698347462271646,0.05368459386814934,0.06884041972994438,0.05510951949960286,0.06096133608419381,0.05503651613185068,0.05980254428911833,0.05241266015885623,0.04444043954725973,0.06308169262112787,0.06465106036536936,0.06518727679110405,0.053757052684670376
Drugs,0.054301135683876095,0.04494681481810961,0.044073746643367745,0.03133164983478952,0.03891018366799047,0.050830027782366956,0.06492612100397138,0.07498099150913423,0.05776873557903099,0.06346128107069104,0.052625569178713284,0.05293726810961081,0.06687584339793487,0.07429362242573469,0.0632436185607625,0.05824855314535344,0.0683305947180302,0.08652751020492454,0.09233195829864976,0.08013169022239873,0.07722353571405877,0.06589137487529785,0.08509428089118347,0.062463936179507545,0.08440302994598887,0.056568327915806196,0.06130049294996027,0.07899209336934074,0.1059416472708499,0.0880547386624305,0.044002530970611596,0.07011380032883242,0.06236298424146148,0.058266123636219205,0.06408065484988085,0.0582042087212073,0.06348732128196981,0.05916620642414616,0.07621131607942813,0.06120805842891184,0.06696783665289911,0.060407812189038915,0.06596899889753773,0.05830149022081018,0.04832614856711676,0.06861003154408259,0.0703717229737887,0.07124441676886417,0.05906661374583001
Chems,0.07449231885464655,0.060204386058776795,0.05870408908022238,0.044192013459888796,0.05194007151231136,0.0695731056505163,0.08867769165369338,0.10449221182684672,0.08208162884988082,0.08971332778713263,0.06770057107863384,0.06677587022239871,0.07429362242573469,0.11701508081175536,0.08898507881175535,0.08118843643367751,0.0958287267116759,0.12372492645274027,0.1367642979936457,0.11675909945194597,0.11124099503733118,0.09236827055123116,0.12326624445274027,0.0886050212787927,0.11963243347577444,0.07488258625734709,0.09790862979507543,0.11824761224463858,0.16904386082764095,0.13240396397776014,0.06206954747895156,0.09575181954090548,0.08433130560762513,0.0784109418061954,0.08751913910087371,0.08066674022239873,0.08707069042255756,0.079625306420969,0.10681136345671167,0.08887537611278792,0.09359977283399522,0.08396422957744243,0.09184197172041304,0.0817912457537728,0.06708055483558381,0.09654123372676725,0.1011956472057188,0.0999922965655282,0.08046374341382048
Rubbr,0.0632079924511517,0.05339139457982526,0.0505499594471803,0.03776013225734708,0.04481554720254168,0.06066239803653692,0.07646912135345511,0.09346338100079428,0.07252992402223987,0.07877956953772833,0.05908345453216838,0.057657188435266064,0.0632436185607625,0.08898507881175535,0.09644199342970612,0.07253886277998413,0.08378750665607625,0.10306994345353455,0.11316287527243846,0.09796383593328037,0.09455550476886418,0.0793569298236696,0.1062729103987291,0.07662054160444799,0.10441534080381258,0.06379724446068306,0.068720408152502,0.09013124234471803,0.12773458213185063,0.10472581186338363,0.053484418802223974,0.08207006559491663,0.07476113976171564,0.06847822555043688,0.07574956693884033,0.06865874583002383,0.07433421285464654,0.068903224025417,0.09348338616679903,0.0760168467926926,0.08218967369023032,0.07243828525496424,0.08036630452104847,0.0698706458522637,0.06030591639078634,0.0844971517267673,0.08815588738999203,0.08667941133598092,0.06974871067196187
Txtls,0.06039496990468626,0.04887577515488483,0.04565750970611594,0.034127551779189844,0.0408404039158062,0.0580395634551231,0.07431163221604448,0.0914428368943606,0.06977193157267671,0.07586429024622716,0.05519105050039713,0.05413346065925336,0.05824855314535344,0.08118843643367751,0.07253886277998413,0.10724710995234311,0.08048739613185066,0.10123405704527401,0.10430685905480537,0.08914948791898329,0.08758507583796662,0.07159248610007941,0.09879889127084988,0.06919714540905479,0.09793167533756948,0.061307928935663225,0.0661317568228753,0.08590962687847499,0.11697506582208102,0.09716704568705323,0.04660918695790309,0.07600869697378872,0.0692644219539317,0.062393614861000785,0.06823247050039714,0.06265763137410643,0.06758026301032564,0.0639012516282764,0.09006538262112787,0.06945427303415408,0.07710083316123909,0.06713572844320889,0.07625772598888005,0.06840749459888804,0.05524633741858617,0.07832365689436056,0.08445099059571087,0.0785523527561557,0.06467529772041303
BldMt,0.06989391508339952,0.05667776749801431,0.05318381534551231,0.03996084075456712,0.046597864424146165,0.06545979524225574,0.0850984672915012,0.09986896386814932,0.0782686622954726,0.08486083559968231,0.06375369987291503,0.06230265228752978,0.0683305947180302,0.0958287267116759,0.08378750665607625,0.08048739613185066,0.10035655192216045,0.11764951051628275,0.12434861420969022,0.10794639538522637,0.10307305169181889,0.08557011145353453,0.11405712941223192,0.08237991273232723,0.1134661627243844,0.06969874083399524,0.08057854147736297,0.10321207793486895,0.14627522987291497,0.11658497121525019,0.05564435353455123,0.08869643427323269,0.08085633016679902,0.0739998165607625,0.08114941566322474,0.0732732676250993,0.07997836434471803,0.07423092330420969,0.10075952927720414,0.08206122269261319,0.08821954281969818,0.07829825802223987,0.08758136147736297,0.07651960668784749,0.0646560118427323,0.09024408769658457,0.09615280975377283,0.0945669982208102,0.07573081036536931
Cnstr,0.08813344266560763,0.07174178552501985,0.06560680773947578,0.04913528823828434,0.05552471214297061,0.0814818305861795,0.10810404770770453,0.12776062832406673,0.09944144584908661,0.11277002459729941,0.0799267237299444,0.07804317069102461,0.08652751020492454,0.12372492645274027,0.10306994345353455,0.10123405704527401,0.11764951051628275,0.2124318950976966,0.1620217358125496,0.13733689853852266,0.13104548119459888,0.10999660636060363,0.14654931985067515,0.10319907413820494,0.14284774942970613,0.08718624380937251,0.11172166883558379,0.13479171252740274,0.19377054065448762,0.15032381577124704,0.06978568177283558,0.11263449296584589,0.10209328775218425,0.09406779411278789,0.10260564153772837,0.09416010490865764,0.10233114325972996,0.09391557875138996,0.1294863057537728,0.10345558647498013,0.11335744149007149,0.098419214420969,0.11398483891342336,0.10022099549483716,0.0850504723081811,0.12426997970135023,0.12288710785067511,0.12081266760285937,0.09721469044956316
Steel,0.09612628613661635,0.07712348471485306,0.07323740999523431,0.055941811629864974,0.06252451960127084,0.08640422007783956,0.11326001196505163,0.13212813509928512,0.1034766041890389,0.1137459650420969,0.08600718360285942,0.08422182221604452,0.09233195829864976,0.1367642979936457,0.11316287527243846,0.10430685905480537,0.12434861420969022,0.1620217358125496,0.1908472033343923,0.15404950100873713,0.14484280767593327,0.11856962968069897,0.15539146225734707,0.11270976536139792,0.15333606799205715,0.09394805971882444,0.13375827442732327,0.15909806016838757,0.23578326714376485,0.17531870876568703,0.07833561799205717,0.11998869368864178,0.10768226811755365,0.0995517386163622,0.11255186180778393,0.10033791426528992,0.11116700968546463,0.10146897439872912,0.13474423693725177,0.1146152461810961,0.11951407454011119,0.10769688181572674,0.11620307619698172,0.10322624472438441,0.0833147519189833,0.12194331130579825,0.12868767547577442,0.1270696221064337,0.10375234723272436
FabPr,0.08636653436854644,0.06735358036536934,0.06303142179507547,0.04860590146942017,0.05500906820492454,0.07673619810166799,0.09827738764098493,0.11432688240667194,0.08956012310563939,0.1004179140428912,0.07572411064336775,0.07327842254964255,0.08013169022239873,0.11675909945194597,0.09796383593328037,0.08914948791898329,0.10794639538522637,0.13733689853852266,0.15404950100873713,0.17672257365369332,0.12503940019062745,0.10345165048451152,0.13507488150119137,0.09975282498014297,0.13521827430500394,0.08212240243844318,0.10903841356632248,0.12927738223987284,0.1944358948451151,0.14824904054011118,0.06761567280381252,0.1029032397378872,0.09397793080222398,0.08668479266878476,0.09794991517077041,0.08780490400317714,0.09537695478157265,0.08824773931691816,0.11774768082605243,0.0987870204686259,0.10293716880857821,0.09381228140587768,0.10193434784749802,0.0894522271167593,0.07377906502779985,0.10507749691024619,0.11068543958697376,0.11076942996028594,0.09040421258935664
Mach ,0.07944868242096902,0.0643465300460683,0.061439563742652914,0.04558569237172359,0.05362443322001589,0.07327837260047655,0.09389442099444004,0.11265917518665608,0.08699200437807782,0.09573901110722796,0.0715114202446386,0.07019808038125495,0.07722353571405877,0.11124099503733118,0.09455550476886418,0.08758507583796662,0.10307305169181889,0.13104548119459888,0.14484280767593327,0.12503940019062745,0.1225572687148531,0.0974021370166799,0.12936872538204924,0.09400890942017473,0.12868752341223197,0.07908438211914216,0.09930224463224781,0.12194321272120734,0.17757261530738683,0.13939399568546465,0.06473274196664018,0.10051408917553613,0.09001902691024624,0.08355053787450359,0.09372173281016678,0.08431046468625891,0.09235224110563939,0.08499868761239077,0.11356448644320886,0.09342915734392375,0.09898540454964257,0.08914139346147736,0.09753021926608418,0.08587795242573473,0.07106646828276408,0.10150105254328833,0.1070392529880858,0.10623667594598885,0.08595211228594125
ElcEq,0.06515626358697378,0.05384659899602859,0.05259878079745829,0.03769793953296267,0.045787547456711666,0.06283503787768069,0.07861805701667993,0.09286470814932485,0.07245491430023829,0.07986443060206515,0.06069811937728357,0.05952977985702938,0.06589137487529785,0.09236827055123116,0.0793569298236696,0.07159248610007941,0.08557011145353453,0.10999660636060363,0.11856962968069897,0.10345165048451152,0.0974021370166799,0.09290003098332009,0.10695175154249405,0.07854288295472596,0.10660750232883241,0.067257591974583,0.0769232179062748,0.10023009222557588,0.14481253631771246,0.1131747074630659,0.05343288958856234,0.08461645965369342,0.07517510478157267,0.0700925317934869,0.07829499315011916,0.07106666011119936,0.07766238121048451,0.07122786618586179,0.0939331238316124,0.0775268784686259,0.08292699267355041,0.07399779200635424,0.08072648650675139,0.07080878691660047,0.060367061966640184,0.08530685825575851,0.08935324367275616,0.08885787732486099,0.07224170228435267
Autos,0.08179965592851468,0.07118483001111993,0.06553922247498016,0.050636905939634616,0.05804732791262905,0.08339309298014297,0.10842014523907863,0.1290753997220016,0.09922191036219219,0.10963606571247021,0.08002161700079427,0.07740077754567116,0.08509428089118347,0.12326624445274027,0.1062729103987291,0.09879889127084988,0.11405712941223192,0.14654931985067515,0.15539146225734707,0.13507488150119137,0.12936872538204924,0.10695175154249405,0.16358091599523422,0.10343291630659253,0.14321957920413025,0.0865939877633042,0.10351019759809371,0.12704488712311357,0.18332079584273234,0.14479637568228754,0.06883768107069105,0.11229252748689438,0.10195098519459889,0.09252515293248612,0.10226281574583002,0.09277497879269263,0.10137090162509929,0.09363556761874503,0.1314519873359809,0.10367037623351867,0.11235969297378873,0.09838898796981731,0.11144319030023828,0.09898692534710087,0.08112210509451949,0.11407814516759329,0.11905541002065126,0.11786059952978556,0.09622029078157265
Aero ,0.06241543633836376,0.052648262907069095,0.05154038538522636,0.039400494718030185,0.04571742625099286,0.060123818578236704,0.0752618914058777,0.0899408262509928,0.07053853837172358,0.07906318425734711,0.0580025217633042,0.0567720683161239,0.062463936179507545,0.0886050212787927,0.07662054160444799,0.06919714540905479,0.08237991273232723,0.10319907413820494,0.11270976536139792,0.09975282498014297,0.09400890942017473,0.07854288295472596,0.10343291630659253,0.09061160297855436,0.10229226869737885,0.06675799130262114,0.07207714554408261,0.09168159930103255,0.13244140552025419,0.10555090595710881,0.053891776759332814,0.08122473179507546,0.07367875243844318,0.06768837295472598,0.07495599123113582,0.06794031350277999,0.07371707359015091,0.06784656775218424,0.09164124718030181,0.07610204656870531,0.08150361581413819,0.07178484011914217,0.08045288589356633,0.07057237240667195,0.057619228570293876,0.08368861698967434,0.08572750570293883,0.0860456497220016,0.06935742159650517
Ships,0.0874138639825258,0.07025458372041303,0.06638334708181096,0.05000613099126289,0.05880343566481333,0.08055432899285146,0.10395642927402703,0.12680615773629866,0.09657814513582207,0.10765082078792694,0.07996108429229545,0.07710615471803019,0.08440302994598887,0.11963243347577444,0.10441534080381258,0.09793167533756948,0.1134661627243844,0.14284774942970613,0.15333606799205715,0.13521827430500394,0.12868752341223197,0.10660750232883241,0.14321957920413025,0.10229226869737885,0.17448611091183477,0.0883987557855441,0.1008303013629865,0.12764965776648132,0.18078159026687846,0.14378547671485303,0.06913388281810963,0.10955512661318502,0.10110056425734708,0.09186743993804607,0.10171173971723593,0.09168537803018269,0.09977051047339154,0.09245579195552026,0.12496728741540908,0.10109057577283559,0.11198922995552027,0.09782642649245434,0.1101755575758539,0.09648928642732321,0.07949147594440033,0.11191242734392372,0.11500214514376492,0.11559097223828431,0.09481022868467036
Guns ,0.05560755812708498,0.04534563722954725,0.04359430624940428,0.03196009151231136,0.04120245515965053,0.05122006384908659,0.06554424340587767,0.07834692145353457,0.05887073887053215,0.06530599650198568,0.05057031390945194,0.050530230905480526,0.056568327915806196,0.07488258625734709,0.06379724446068306,0.061307928935663225,0.06969874083399524,0.08718624380937251,0.09394805971882444,0.08212240243844318,0.07908438211914216,0.067257591974583,0.0865939877633042,0.06675799130262114,0.0883987557855441,0.0943813967450357,0.06347748941064335,0.08004543684193804,0.10896096624146145,0.08843515132009533,0.045156317016679916,0.07101543431135823,0.06371079822081016,0.05823477498490866,0.0633881311135822,0.05822503239078635,0.06293024412867354,0.05882696083876091,0.07831985649563143,0.06328295751707703,0.06963463704686261,0.060720491375695,0.06764169677839553,0.05940740530262112,0.04938518209849086,0.07015348204765688,0.0727070668212867,0.07329911811278797,0.059170399143764894
Gold ,0.06687006939475774,0.04938265652740269,0.04967987408419378,0.04196849701032564,0.043381556810166796,0.05821538127402699,0.07331235688006356,0.07976566036536933,0.06534649397299444,0.06893214095631454,0.05704559800476569,0.05538578687847498,0.06130049294996027,0.09790862979507543,0.068720408152502,0.0661317568228753,0.08057854147736297,0.11172166883558379,0.13375827442732327,0.10903841356632248,0.09930224463224781,0.0769232179062748,0.10351019759809371,0.07207714554408261,0.1008303013629865,0.06347748941064335,0.28390913661000794,0.15758375343606038,0.19963646687212075,0.14227069906910245,0.054807070735504365,0.0781788467926926,0.06593530541699762,0.0639225329499603,0.07385236003812547,0.06578626522637014,0.07342558709451948,0.06633231474503573,0.08827027081175537,0.07476550320571881,0.0699496368610008,0.06932146421604447,0.06945588833677524,0.06227596383161241,0.04600949665448768,0.07635061416362192,0.079638930700556,0.08101791391262902,0.06848928175377283
Mines,0.08383389968546469,0.06343325939952343,0.0625801054297061,0.04726258253216838,0.05141982985861794,0.07078235586338363,0.09492667016362195,0.10413503513899915,0.08518239915488482,0.09179670490230342,0.07042086222716441,0.07108181404289118,0.07899209336934074,0.11824761224463858,0.09013124234471803,0.08590962687847499,0.10321207793486895,0.13479171252740274,0.15909806016838757,0.12927738223987284,0.12194321272120734,0.10023009222557588,0.12704488712311357,0.09168159930103255,0.12764965776648132,0.08004543684193804,0.15758375343606038,0.18125897115806194,0.21808423902779983,0.16107436154408258,0.06442905910087372,0.0995078416330421,0.08566548228752977,0.0830966673169182,0.09319911954249403,0.08341364320889595,0.09368929980619538,0.08549321127243843,0.11023815871008741,0.09440185681334391,0.09546882378395548,0.08915286902621126,0.09292248515329626,0.0843516383415409,0.06601445520571883,0.09729020728832408,0.10138261399205718,0.10507867495472599,0.08661887592057187
Coal ,0.11809838595552026,0.08999312705957109,0.08453419757903095,0.06432661838443209,0.07530252174265291,0.09890762720730734,0.1315578948308181,0.15097166456711675,0.11675696143129469,0.1304663579698173,0.09841050095949168,0.09837927219221602,0.1059416472708499,0.16904386082764095,0.12773458213185063,0.11697506582208102,0.14627522987291497,0.19377054065448762,0.23578326714376485,0.1944358948451151,0.17757261530738683,0.14481253631771246,0.18332079584273234,0.13244140552025419,0.18078159026687846,0.10896096624146145,0.19963646687212075,0.21808423902779983,0.40015308487847495,0.24608149325496428,0.09688778446068305,0.1407160903590151,0.12184067275615573,0.11557655470532167,0.13291993373153296,0.11650305564733919,0.13200919552184276,0.11804439541223191,0.158933934417792,0.1374529736664019,0.1354248378061954,0.12622779847339155,0.13102596514376497,0.11707653001111991,0.09264778266719619,0.13966147537887214,0.14773760326608415,0.14747187715329627,0.12221330036378078
Oil  ,0.09387495001747422,0.07214327633995235,0.06996051288959491,0.05265711096425735,0.06378667591421765,0.0844124797267673,0.10525278205559965,0.12179277807783954,0.09537688597934872,0.10347424293566322,0.08184995627640984,0.0797504629706116,0.0880547386624305,0.13240396397776014,0.10472581186338363,0.09716704568705323,0.11658497121525019,0.15032381577124704,0.17531870876568703,0.14824904054011118,0.13939399568546465,0.1131747074630659,0.14479637568228754,0.10555090595710881,0.14378547671485303,0.08843515132009533,0.14227069906910245,0.16107436154408258,0.24608149325496428,0.20112841877045268,0.08052521469737887,0.11379954901350277,0.0983774472438443,0.0932513387895155,0.10591025441779187,0.09410517159650517,0.10516258497855437,0.09570293780460684,0.12671676124543285,0.10746785530103259,0.10664837000158857,0.10104807227323272,0.10351066956632247,0.09217583038602063,0.07655363023987294,0.11357044169023037,0.12093782920413026,0.11764159693725175,0.09836949441779189
Util ,0.04384682624622715,0.03769745158379665,0.03816050002859413,0.02962909393804607,0.03616235556155678,0.04164844328196981,0.050496387844320874,0.060853834837172376,0.04662040282446386,0.05190111125655282,0.04101312551548847,0.04021119026211279,0.044002530970611596,0.06206954747895156,0.053484418802223974,0.04660918695790309,0.05564435353455123,0.06978568177283558,0.07833561799205717,0.06761567280381252,0.06473274196664018,0.05343288958856234,0.06883768107069105,0.053891776759332814,0.06913388281810963,0.045156317016679916,0.054807070735504365,0.06442905910087372,0.09688778446068305,0.08052521469737887,0.04885936458141381,0.057263656168387606,0.04957992838760921,0.04621817481493248,0.050369234332009516,0.0467199189197776,0.0496283486544877,0.04563435621286737,0.06283550708181096,0.05399404583637807,0.05393760893089754,0.049229253760127094,0.053048928521048457,0.04617312212231931,0.03930875234630659,0.060506446541699746,0.05860395867831612,0.05905699095154885,0.04833008213185068
Telcm,0.06744979566163622,0.05719544200794279,0.05640326058141383,0.04071333382525813,0.04908380452263701,0.06635779014614772,0.08456856799999997,0.10180022432883239,0.07634977809531374,0.0834435079618745,0.06371806013343922,0.06284473460683081,0.07011380032883242,0.09575181954090548,0.08207006559491663,0.07600869697378872,0.08869643427323269,0.11263449296584589,0.11998869368864178,0.1029032397378872,0.10051408917553613,0.08461645965369342,0.11229252748689438,0.08122473179507546,0.10955512661318502,0.07101543431135823,0.0781788467926926,0.0995078416330421,0.1407160903590151,0.11379954901350277,0.057263656168387606,0.09831068627640985,0.08064674802223988,0.07364010309293091,0.08172311819539317,0.07461129364575061,0.08067081348848291,0.07337765819221605,0.10027671077998408,0.07974710378554407,0.08775199807625099,0.0771725490214456,0.0874706268435266,0.07717675123431295,0.06426418128514692,0.09163108444956314,0.09500558245591739,0.09467868007625098,0.07511613694837171
PerSv,0.06090514274821286,0.052060476981731524,0.04961909976171564,0.0362811300714853,0.04276557731532963,0.05769900972200158,0.07714622754567117,0.09147848225575855,0.0692223214932486,0.07687834551231135,0.05943856794281175,0.0572093247974583,0.06236298424146148,0.08433130560762513,0.07476113976171564,0.0692644219539317,0.08085633016679902,0.10209328775218425,0.10768226811755365,0.09397793080222398,0.09001902691024624,0.07517510478157267,0.10195098519459889,0.07367875243844318,0.10110056425734708,0.06371079822081016,0.06593530541699762,0.08566548228752977,0.12184067275615573,0.0983774472438443,0.04957992838760921,0.08064674802223988,0.08964111688641778,0.0672490739952343,0.07332253496425731,0.06746550862589358,0.07230221699761714,0.06653098046068309,0.09095620241461477,0.07200857423351867,0.07940530522637014,0.07043888559173944,0.08059635526608418,0.07002669436060363,0.05811022093725178,0.0818675608260524,0.08666967545671168,0.0850644431771247,0.06724791907863384
BusSv,0.056320017860206524,0.04750252573153298,0.0454236618776807,0.03285310754725972,0.03879488913264494,0.05313886728991263,0.0693150756028594,0.08309941884829229,0.0632651280333598,0.06941640828276409,0.05358539373788721,0.0528005255361398,0.058266123636219205,0.0784109418061954,0.06847822555043688,0.062393614861000785,0.0739998165607625,0.09406779411278789,0.0995517386163622,0.08668479266878476,0.08355053787450359,0.0700925317934869,0.09252515293248612,0.06768837295472598,0.09186743993804607,0.05823477498490866,0.0639225329499603,0.0830966673169182,0.11557655470532167,0.0932513387895155,0.04621817481493248,0.07364010309293091,0.0672490739952343,0.06479695202382844,0.06771515083081811,0.06200601698173154,0.06699687745353455,0.06192783968864177,0.08173267970135026,0.06684479798411438,0.0721686004813344,0.06452803739952344,0.0716646330833995,0.0630745197045274,0.05232389457188243,0.07447646806513106,0.07677045933598096,0.07765861759491662,0.062427041942811755
Hardw,0.06298774369499605,0.05137086687212073,0.05109246234154092,0.03661394238602064,0.04338628665289913,0.06008860048927722,0.07632437452581414,0.08886738195393168,0.06939076664654488,0.07748364728832408,0.05831590836536933,0.05769676231930104,0.06408065484988085,0.08751913910087371,0.07574956693884033,0.06823247050039714,0.08114941566322474,0.10260564153772837,0.11255186180778393,0.09794991517077041,0.09372173281016678,0.07829499315011916,0.10226281574583002,0.07495599123113582,0.10171173971723593,0.0633881311135822,0.07385236003812547,0.09319911954249403,0.13291993373153296,0.10591025441779187,0.050369234332009516,0.08172311819539317,0.07332253496425731,0.06771515083081811,0.08522224726926134,0.07018199923749006,0.07743858094360603,0.06978753640667196,0.09036634952184276,0.07427287036060364,0.07914764059729945,0.07123765406830818,0.07946761339475776,0.06994999330897536,0.05696307703891977,0.08092421427164417,0.08389865903733122,0.08619135328355836,0.06929509835742653
Softw,0.057194532152501976,0.0472633631771247,0.046187083177124694,0.03426581685464655,0.03910877590150913,0.053233052883240685,0.06895184988085781,0.08191268020651309,0.06307698467037334,0.07046132816521047,0.05314947736298649,0.052760454662430505,0.0582042087212073,0.08066674022239873,0.06865874583002383,0.06265763137410643,0.0732732676250993,0.09416010490865764,0.10033791426528992,0.08780490400317714,0.08431046468625891,0.07106666011119936,0.09277497879269263,0.06794031350277999,0.09168537803018269,0.05822503239078635,0.06578626522637014,0.08341364320889595,0.11650305564733919,0.09410517159650517,0.0467199189197776,0.07461129364575061,0.06746550862589358,0.06200601698173154,0.07018199923749006,0.06697653626687848,0.06889127375694998,0.062453487307386826,0.08266260171564734,0.06684264700555996,0.07267289447180304,0.06482253231135825,0.07239095809372519,0.0634266043844321,0.0526129521683876,0.07467317571088163,0.07785062020651314,0.07876607761715648,0.062437893741064336
Chips,0.06271673014932486,0.050802560578236684,0.05018982143923749,0.036081479242255764,0.041805762838760904,0.05896515935980937,0.07573567964416202,0.08803304456711675,0.06816869412390784,0.07598041722319301,0.05759161037966638,0.05698347462271646,0.06348732128196981,0.08707069042255756,0.07433421285464654,0.06758026301032564,0.07997836434471803,0.10233114325972996,0.11116700968546463,0.09537695478157265,0.09235224110563939,0.07766238121048451,0.10137090162509929,0.07371707359015091,0.09977051047339154,0.06293024412867354,0.07342558709451948,0.09368929980619538,0.13200919552184276,0.10516258497855437,0.0496283486544877,0.08067081348848291,0.07230221699761714,0.06699687745353455,0.07743858094360603,0.06889127375694998,0.07959720065289912,0.0691159445146942,0.08879380237648928,0.07269896983796666,0.07848712795710878,0.07035560350913424,0.07771937645432885,0.06870645156791104,0.05616796647974583,0.07927257458459094,0.08298193587926926,0.0844805490833995,0.06819310724225573
LabEq,0.057126226319301025,0.046976576025416994,0.04523161530103257,0.03381607881810961,0.03843146065766481,0.05450276486735506,0.068647391822081,0.08063954049245432,0.06363795947895154,0.06982825779825258,0.05396358838443209,0.05368459386814934,0.05916620642414616,0.079625306420969,0.068903224025417,0.0639012516282764,0.07423092330420969,0.09391557875138996,0.10146897439872912,0.08824773931691816,0.08499868761239077,0.07122786618586179,0.09363556761874503,0.06784656775218424,0.09245579195552026,0.05882696083876091,0.06633231474503573,0.08549321127243843,0.11804439541223191,0.09570293780460684,0.04563435621286737,0.07337765819221605,0.06653098046068309,0.06192783968864177,0.06978753640667196,0.062453487307386826,0.0691159445146942,0.06820317748054011,0.08230506495949162,0.06655801606989674,0.07226835620015887,0.06515643286417792,0.07091087116123908,0.06317980346942016,0.052166191148530563,0.07358940306910247,0.07621028275138998,0.07749725276568706,0.06321351886894361
Paper,0.07608949640031772,0.06369111358856235,0.058358438691024625,0.04380094018745036,0.053526606150913404,0.0741134956822875,0.09547336269420173,0.1143213938363781,0.08650899074821286,0.09555797285464653,0.07094968413661637,0.06884041972994438,0.07621131607942813,0.10681136345671167,0.09348338616679903,0.09006538262112787,0.10075952927720414,0.1294863057537728,0.13474423693725177,0.11774768082605243,0.11356448644320886,0.0939331238316124,0.1314519873359809,0.09164124718030181,0.12496728741540908,0.07831985649563143,0.08827027081175537,0.11023815871008741,0.158933934417792,0.12671676124543285,0.06283550708181096,0.10027671077998408,0.09095620241461477,0.08173267970135026,0.09036634952184276,0.08266260171564734,0.08879380237648928,0.08230506495949162,0.13079175430659254,0.09357379098967435,0.09923243431930107,0.08666773281016678,0.09866554317394755,0.08674792630976966,0.07312241856076249,0.10434748247180302,0.10682792726926134,0.10596359578713267,0.08464138459729943
Boxes,0.061492981520254154,0.053013473156473395,0.04986886682764099,0.03580289005401112,0.04647806023987291,0.05923404227323273,0.07626529179984115,0.08868888464654485,0.06899056809054803,0.0767241328451152,0.05757447066243051,0.05510951949960286,0.06120805842891184,0.08887537611278792,0.0760168467926926,0.06945427303415408,0.08206122269261319,0.10345558647498013,0.1146152461810961,0.0987870204686259,0.09342915734392375,0.0775268784686259,0.10367037623351867,0.07610204656870531,0.10109057577283559,0.06328295751707703,0.07476550320571881,0.09440185681334391,0.1374529736664019,0.10746785530103259,0.05399404583637807,0.07974710378554407,0.07200857423351867,0.06684479798411438,0.07427287036060364,0.06684264700555996,0.07269896983796666,0.06655801606989674,0.09357379098967435,0.09456779338999208,0.08081808480857824,0.07078416766799045,0.07939271684511519,0.06984292690389196,0.057492685872915006,0.08390041801906276,0.08548024906751389,0.08655108899761714,0.06851735461000792
