,Agric,Food ,Soda ,Beer ,Smoke,Toys ,Fun  ,Books,Hshld,Clths,Hlth ,MedEq,Drugs,Chems,Rubbr,Txtls,BldMt,Cnstr,Steel,FabPr,Mach ,ElcEq,Autos,Aero ,Ships,Guns ,Gold ,Mines,Coal ,Oil  ,Util ,Telcm,PerSv,BusSv,Hardw,Softw,Chips,LabEq,Paper,Boxes,Trans,Whlsl,Rtail,Meals,Banks,Insur,RlEst,Fin  ,Other
Agric,0.10218161699602858,0.042397616425734704,0.040746941882446375,0.029392436930897534,0.03779172807307386,0.04529719597776012,0.05971506751389993,0.07358098695790309,0.05803339260365368,0.06021506413661637,0.05008224397617156,0.04874787980937252,0.05333974758220808,0.07180600520095314,0.06182045303574264,0.05969936548212866,0.06824906454169974,0.08415938403018268,0.09318569430976965,0.08301362171088161,0.07714831066401906,0.06344111175059572,0.07972337524384432,0.06081466817633042,0.08558436508339952,0.05349183599205718,0.06593031323907861,0.08118297136934073,0.11326808479745828,0.0922064102779984,0.04263004316918188,0.06524170332644957,0.05903006403971406,0.054453565232724384,0.060734144125496436,0.05516471017791898,0.060919277698173145,0.055666202721207314,0.07361082034630659,0.058780439776012695,0.0648845526957903,0.05930263840349484,0.06222489555679112,0.054992167097696575,0.04736829861795076,0.06556734585544083,0.06845572267196189,0.0686240676489277,0.057366201478951544
Food ,0.042397616425734704,0.043723077426528985,0.03663595177124702,0.026715236568705312,0.03337967752184273,0.04036093915806195,0.051828763749007134,0.061403810230341534,0.04713994532168388,0.05237584994440033,0.04108219310563939,0.03991649680698967,0.044156519904686255,0.05880454579825259,0.051814935917394764,0.04869726862589357,0.055975125655281954,0.06983839520254168,0.07574177394757745,0.06602184324066718,0.06325618055599681,0.05267145302621127,0.0697107405559968,0.05155697423351865,0.06932648997617155,0.04410503075456713,0.04877493064336775,0.06238859037331215,0.08807153451945988,0.07183131374106433,0.036922663606036535,0.055674035933280394,0.05081872937251787,0.04640874729150119,0.050098623383637804,0.046175567561556795,0.04985308403494837,0.04611371247021446,0.06202151380460682,0.05161277852263703,0.05457616727561556,0.049111041969817304,0.053794761111993654,0.047686867482128664,0.03994245855440825,0.05792728127084987,0.05829007996822876,0.05814971437648928,0.04756197674344717
Soda ,0.040746941882446375,0.03663595177124702,0.07220302251787132,0.027657054042891177,0.033469232073073875,0.04078480867355043,0.04806258058776807,0.05767014003177124,0.045018913741064336,0.04927678724384432,0.0386085118268467,0.039322378649722,0.04295803926131851,0.057113184130262104,0.04849067124702143,0.044983890667196186,0.052365025297855444,0.06321005438443209,0.07191204009531373,0.06186235119142177,0.06024499338363781,0.0511694109531374,0.06358609677521841,0.05019312664813344,0.06485289213661634,0.042230910698967436,0.05102360956314535,0.0627162022954726,0.08386025254964259,0.07046221466243051,0.03738948053216838,0.054404142208101684,0.047785262057188235,0.044033974853057975,0.04930586175536138,0.04471404664813343,0.04888770375694996,0.0441197856791104,0.05626372772041303,0.048143978673550435,0.051126295520254175,0.04730594515488483,0.051009973701350284,0.045793670119142184,0.03757015256552818,0.05450286030182685,0.055285092724384415,0.05500466968228753,0.04458327729150118
Beer ,0.029392436930897534,0.026715236568705312,0.027657054042891177,0.04996888504527402,0.026660992317712465,0.03179887640349484,0.035848435138999206,0.04099947126290707,0.03298769831294678,0.037545749814138205,0.029563550335186654,0.028976419158061952,0.03088935255917395,0.04361701027482128,0.03684654368864177,0.03378362880381255,0.0396256325146942,0.04780430672597299,0.055655236022239866,0.0480973332867355,0.04485503243208895,0.03699967762351073,0.04921101876409848,0.03869395028435266,0.049447103733121535,0.03091016667831612,0.04354000315806196,0.047576600006354254,0.0646166970929309,0.05335689274027004,0.029132234821286736,0.039678594548054,0.03488157498967434,0.03191810342811755,0.03545359457347101,0.03352887501826846,0.03564426549960286,0.033188361169181876,0.0425395387386815,0.035220388289118346,0.03861110453375695,0.03572838786338363,0.037078196339952345,0.03391254591898331,0.026425066274821284,0.04033554073391581,0.041220317337569486,0.03988289909451947,0.034060990932486095
Smoke,0.03779172807307386,0.03337967752184273,0.033469232073073875,0.026660992317712465,0.06587717781731532,0.03509306110246227,0.04206388613185068,0.05054282783161239,0.03915744040031772,0.044702000273232706,0.034626715224781564,0.034429925814138215,0.03797698874344718,0.051098021623510716,0.04423041062430501,0.040938625572676725,0.04623875434789515,0.05468130911199365,0.06178975657505955,0.054386979993645744,0.05281913813185067,0.04464266374265289,0.05722068655758538,0.045054133448768865,0.05799431475774424,0.039960130208101664,0.043315471567911046,0.05155043143129469,0.07367801938046069,0.06354495812549642,0.03596227753772835,0.04788902146465449,0.04196887891024622,0.038129645547259734,0.0421690273963463,0.03819670590309771,0.04118900323749007,0.037668027917394764,0.0520564292359015,0.045582325849086565,0.045452164918189035,0.041179510675138996,0.044756301245432874,0.03845512035583797,0.03364359717235901,0.050328681378872114,0.048282440597299456,0.04889519080222398,0.038997534452740276
Toys ,0.04529719597776012,0.04036093915806195,0.04078480867355043,0.03179887640349484,0.03509306110246227,0.08122520720571881,0.06138715618745037,0.0708921600635425,0.055138493197776,0.06119644442891186,0.04628464348848292,0.04402475138999205,0.050106218484511515,0.06822144315806196,0.059703222799046836,0.05763832043208895,0.06429239152978553,0.07879435177760129,0.0851004879364575,0.07566276950595709,0.07213862630023829,0.06155304976012708,0.08171506229070694,0.058607263167593335,0.07908138789515486,0.05009724629706116,0.058351774087370925,0.0707053099030977,0.09739197566322474,0.0846023418268467,0.04105177988880063,0.06467120573153295,0.056429276117553606,0.05194152925814137,0.058490676638602065,0.052053884740270055,0.05805265549166005,0.053665557579030965,0.07221860777760127,0.05750453345194598,0.06159441859253375,0.055784717807783955,0.06162917057347102,0.054986187475774426,0.04595772749801429,0.06505663820810165,0.07082478628117554,0.06539135812549644,0.05491041542811756
Fun  ,0.05971506751389993,0.051828763749007134,0.04806258058776807,0.035848435138999206,0.04206388613185068,0.06138715618745037,0.09137198862589357,0.09151204781572674,0.07059920066719619,0.07796293051628277,0.0583880031771247,0.05722949610802222,0.06294439707704527,0.0860187487847498,0.07363020880063542,0.07338846014297061,0.08292716867355043,0.10367749998411438,0.11070177407466245,0.0957057931056394,0.0918269585702939,0.07617366719618747,0.10544314884829234,0.07312348918189038,0.10159780730738681,0.06334473756949958,0.07350585563145351,0.09359616435266084,0.12895021350278002,0.1048611844638602,0.04915383056393963,0.08162866748212864,0.07436103923749007,0.0670344073709293,0.07372245569499607,0.06673152943606035,0.07362625861795073,0.0668371125655282,0.09191202837172358,0.07369483129467828,0.08009052895949163,0.07072393556791103,0.08024677096108021,0.07206909032565528,0.058624801779189835,0.08251082814932485,0.0865501399205719,0.08503894840349482,0.06987905118347898
Books,0.07358098695790309,0.061403810230341534,0.05767014003177124,0.04099947126290707,0.05054282783161239,0.0708921600635425,0.09151204781572674,0.15167821823669578,0.08711001604447972,0.09319143466243049,0.06994613793486894,0.06696748282764098,0.07350922034948372,0.10234024543288324,0.09110210122319301,0.0911106256870532,0.09875825720413026,0.12460822635424937,0.13016915647339158,0.11220255461477362,0.11090947788721206,0.09112729977760128,0.12671622748212863,0.08850463610802221,0.12475442341540907,0.07646534428911834,0.08000046201747418,0.10348788732327242,0.14878106719618742,0.12154287977760127,0.05948938139793489,0.09964652733915806,0.08944244042891185,0.08128503056393964,0.08692131121525021,0.08002009853852263,0.08675906813343923,0.07924495601270848,0.11142416880063542,0.0865690232406672,0.09568014586179506,0.08420240494042888,0.096421929579031,0.0851063825893566,0.07228247250198572,0.10027882452740268,0.10563968568705324,0.10144625510722798,0.08162791915806195
Hshld,0.05803339260365368,0.04713994532168388,0.045018913741064336,0.03298769831294678,0.03915744040031772,0.055138493197776,0.07059920066719619,0.08711001604447972,0.07832195930738682,0.07353933090389196,0.05432553621604447,0.05264781575853851,0.05685636080698967,0.08009856798093726,0.07069817308339954,0.06946091224146146,0.07696533395393168,0.0961084393836378,0.10161377612073072,0.08799934136934075,0.08558046415885624,0.07082224186179507,0.09713471691183476,0.06936522082922955,0.09489505776012709,0.057575727866560754,0.06495502129308975,0.08418388745353456,0.11427307803018269,0.09524966274821285,0.045719729277204135,0.07455046027640982,0.06750390257029386,0.061766773604447975,0.06778986254487687,0.06178476926449562,0.06718230537887213,0.06261136782843525,0.0840330060174742,0.06687708518506752,0.0742299343796664,0.06573699177124703,0.07404036112470214,0.06566774797140586,0.05504031456711674,0.0751184679205719,0.0803163548721207,0.07738435771247022,0.06412543973947578
Clths,0.06021506413661637,0.05237584994440033,0.04927678724384432,0.037545749814138205,0.044702000273232706,0.06119644442891186,0.07796293051628277,0.09319143466243049,0.07353933090389196,0.09782061738522634,0.05863524600158858,0.05706146074662431,0.061913843777601264,0.08748741118983319,0.07648151294042892,0.07510193624463861,0.08286731497061162,0.10854955209213663,0.11159880760603658,0.09790705153613978,0.09396210973471006,0.07784297544400316,0.10693380310722796,0.07735211663542493,0.10534192282764099,0.0639102557934869,0.0691263806576648,0.09085334491183476,0.12819312463860202,0.10342909788721204,0.05084684122319302,0.08090348273868152,0.0746668085115171,0.06750145684511517,0.0755299776362192,0.06861449325178713,0.07447662771405877,0.06843071993328041,0.09233522584273232,0.07420793031612391,0.08229810140111199,0.07246545072279584,0.08625187551707705,0.07462653964733917,0.05762202592533758,0.08290019637172358,0.08779629733439234,0.08491488293884034,0.07012136969976171
Hlth ,0.05008224397617156,0.04108219310563939,0.0386085118268467,0.029563550335186654,0.034626715224781564,0.04628464348848292,0.0583880031771247,0.06994613793486894,0.05432553621604447,0.05863524600158858,0.05761998769023034,0.047667458776807,0.05186983836536934,0.06688577127561557,0.058123493696584566,0.05521174240984908,0.0634363966528991,0.07902756066560764,0.0851912297633042,0.07496630090389199,0.07092615293248611,0.05989647227799841,0.0790748564130262,0.0572021861938046,0.07963756095313738,0.04941341666243051,0.057479527288324055,0.07029496560603651,0.09733081995234315,0.0818747369817315,0.040543617720413025,0.06258861361080224,0.05855235361556793,0.052713343793486876,0.05728001582049245,0.052276791912629066,0.056945141043685456,0.05325826993010326,0.06982104307545672,0.056701077621922176,0.06126676116600475,0.05587736081810961,0.06001297900079429,0.053357371018268464,0.04450668994440031,0.0647518980969023,0.0655268178776807,0.06412628486894359,0.05363298314058776
MedEq,0.04874787980937252,0.03991649680698967,0.039322378649722,0.028976419158061952,0.034429925814138215,0.04402475138999205,0.05722949610802222,0.06696748282764098,0.05264781575853851,0.05706146074662431,0.047667458776807,0.052387748943606045,0.05205189906274821,0.06572758443208895,0.0564476303415409,0.05407552975377284,0.061933182621127875,0.07715552181096107,0.08327658814932488,0.07234499129467829,0.06957120139793488,0.058692805115170776,0.07645909687053218,0.05590698595710882,0.07689438192216046,0.04928943043685465,0.05566947037331216,0.07071848419380461,0.09672205585385223,0.07958161451945987,0.03975888861000794,0.06164455037331214,0.05623868457505957,0.051870842637013505,0.05662281579030977,0.051807718760921384,0.05616662808578236,0.05285751259729945,0.06764795444003176,0.05419321115170771,0.05990001293089751,0.05445864644956315,0.05868903383637806,0.05138194249404288,0.0439841008101668,0.06246852902303414,0.06334123749007148,0.06349756676727561,0.05308757709293088
Drugs,0.05333974758220808,0.044156519904686255,0.04295803926131851,0.03088935255917395,0.03797698874344718,0.050106218484511515,0.06294439707704527,0.07350922034948372,0.05685636080698967,0.061913843777601264,0.05186983836536934,0.05205189906274821,0.06571382622875298,0.07278828209372519,0.06161227199682289,0.05802231302144559,0.06759384564416204,0.08466990157108815,0.09083042846068308,0.07854855138840348,0.07614703134392375,0.06450181874344718,0.0835773887084988,0.06130423178554408,0.08350158306592534,0.054830106765687045,0.0609151125146942,0.07823091941064336,0.10374439180301828,0.08773210482922951,0.04331985193804606,0.06849462921048449,0.06090589007307386,0.05687759017950754,0.06258006306433676,0.056847881189833194,0.06232455756473393,0.05794771914376488,0.07431719602223988,0.05973143266560763,0.0652532933661636,0.05946551398729151,0.06428672314694203,0.05685656930262113,0.04746068066719618,0.06753915906592534,0.06848472942652899,0.06885854234312946,0.05799641189356631
Chems,0.07180600520095314,0.05880454579825259,0.057113184130262104,0.04361701027482128,0.051098021623510716,0.06822144315806196,0.0860187487847498,0.10234024543288324,0.08009856798093726,0.08748741118983319,0.06688577127561557,0.06572758443208895,0.07278828209372519,0.11365663632088963,0.08659945924702142,0.08062245761080222,0.09437060675774424,0.12020084953455125,0.13355304589038916,0.11380211085305797,0.10899602446068306,0.08982529007466242,0.12064138985861794,0.08665727368069898,0.11782587891977764,0.07268403206036536,0.09645900569340746,0.11521770122637011,0.16309293899920568,0.1306300048610008,0.060604970150913436,0.09332845706751386,0.08218589384908659,0.0763996490929309,0.08529895050357424,0.07881581039237491,0.08541166793645748,0.07804245715329623,0.10391315515170768,0.08593182899761716,0.09099447785861794,0.08236806012708497,0.08909240847974582,0.07945719044956315,0.06548567415409053,0.09467474830182687,0.09895967315647339,0.09636204875297853,0.07874397646703733
Rubbr,0.06182045303574264,0.051814935917394764,0.04849067124702143,0.03684654368864177,0.04423041062430501,0.059703222799046836,0.07363020880063542,0.09110210122319301,0.07069817308339954,0.07648151294042892,0.058123493696584566,0.0564476303415409,0.06161227199682289,0.08659945924702142,0.09128740048292293,0.07177680485146942,0.08238612671326448,0.10001586099761713,0.1107181723463066,0.09541134925814139,0.09248459171088166,0.07707403094201748,0.10346319339793485,0.07472530906751391,0.10232518382843526,0.06104144635107228,0.06873790283717235,0.08816748838443209,0.12475578621127877,0.10405557728355838,0.051913240047656864,0.07958167112946783,0.07195127488800634,0.06632722855599683,0.07350750484193805,0.0665914674471803,0.0726117387672756,0.06732621071008738,0.09048132338681493,0.07370994549007151,0.07914798422239872,0.07083079261318506,0.07742889966957903,0.06715627185385223,0.05842832689436058,0.08244557497061161,0.08545340909928514,0.08326970619539314,0.06825524853693407
Txtls,0.05969936548212866,0.04869726862589357,0.044983890667196186,0.03378362880381255,0.040938625572676725,0.05763832043208895,0.07338846014297061,0.0911106256870532,0.06946091224146146,0.07510193624463861,0.05521174240984908,0.05407552975377284,0.05802231302144559,0.08062245761080222,0.07177680485146942,0.1073139230802224,0.08055949614138205,0.10039270952025414,0.1037675175726767,0.08874630701032563,0.08720733840667196,0.07117203584273232,0.09817789976806987,0.06880058273709293,0.09769602786338363,0.060928073380460676,0.06633446293248609,0.08582831147418586,0.11600666344718027,0.0981350946624305,0.04663627007942811,0.07543180237648925,0.06898366550754567,0.06200861872279587,0.06770997017156474,0.062174477923749,0.06739037906115965,0.06360085877204132,0.08903101927243842,0.06862533224940426,0.07659641540587767,0.0670901119539317,0.07522169565845907,0.06759158518189036,0.054762266783161234,0.07771623168228751,0.08373494490548053,0.07726529649722001,0.0644758666227164
BldMt,0.06824906454169974,0.055975125655281954,0.052365025297855444,0.0396256325146942,0.04623875434789515,0.06429239152978553,0.08292716867355043,0.09875825720413026,0.07696533395393168,0.08286731497061162,0.0634363966528991,0.061933182621127875,0.06759384564416204,0.09437060675774424,0.08238612671326448,0.08055949614138205,0.09950722932327243,0.11498229508657666,0.12285965164098493,0.1063344069849086,0.10204537867037332,0.08397801759650517,0.11236912399682288,0.08129072401429707,0.11279184203335978,0.06868606047180303,0.08143920817156475,0.10295788175853855,0.14455993045274027,0.11715155658459095,0.054932477434471806,0.08695746319936455,0.07935168959968227,0.07278972945830024,0.07977189788244639,0.07211568004289118,0.07916284228911834,0.07337873500079427,0.09846498415885621,0.08016538895790307,0.08629450386338364,0.07750635651310564,0.08518069258617948,0.0745969930548054,0.06324406157267672,0.08874405149483719,0.09386038710405083,0.09177216901509133,0.07474052648292294
Cnstr,0.08415938403018268,0.06983839520254168,0.06321005438443209,0.04780430672597299,0.05468130911199365,0.07879435177760129,0.10367749998411438,0.12460822635424937,0.0961084393836378,0.10854955209213663,0.07902756066560764,0.07715552181096107,0.08466990157108815,0.12020084953455125,0.10001586099761713,0.10039270952025414,0.11498229508657666,0.20540750298808574,0.15863711603494837,0.1331450771262907,0.12834270627323272,0.10693555213820488,0.14222346727243843,0.10085360857982528,0.13964120108022243,0.08501108413185066,0.11288040951866558,0.13268077207466242,0.18977353928514687,0.1506490947577442,0.06852121654487688,0.10892734642096903,0.0989371424447975,0.09116692950277995,0.09934490676886416,0.09137607834948372,0.10005286434154091,0.09178804157108814,0.12499020420015881,0.09936027893089752,0.10881665014455917,0.09625784301032564,0.10843047375536141,0.09559820604289121,0.08159962001588567,0.12079615991739481,0.11861074838125495,0.11506177862589358,0.09496136206989673
Steel,0.09318569430976965,0.07574177394757745,0.07191204009531373,0.055655236022239866,0.06178975657505955,0.0851004879364575,0.11070177407466245,0.13016915647339158,0.10161377612073072,0.11159880760603658,0.0851912297633042,0.08327658814932488,0.09083042846068308,0.13355304589038916,0.1107181723463066,0.1037675175726767,0.12285965164098493,0.15863711603494837,0.18726719653057974,0.15024635231771247,0.14234338223351867,0.11599938551866565,0.15285610419698176,0.1104579658522637,0.15157491593328037,0.09148702945830024,0.13312834196664014,0.15619837881493248,0.22959602525814132,0.17351254227164414,0.07697816854646547,0.11750284430182685,0.105913685299444,0.09754307111675935,0.1100490647561557,0.09834300852104846,0.10932431696902302,0.09988234261477362,0.13169052043844326,0.11140282854328834,0.11703824944241462,0.10617695580619535,0.11357999119301027,0.10086639980301824,0.0818456493407466,0.12036412958220806,0.12652785172994443,0.12341222973788722,0.10210960462589358
FabPr,0.08301362171088161,0.06602184324066718,0.06186235119142177,0.0480973332867355,0.054386979993645744,0.07566276950595709,0.0957057931056394,0.11220255461477362,0.08799934136934075,0.09790705153613978,0.07496630090389199,0.07234499129467829,0.07854855138840348,0.11380211085305797,0.09541134925814139,0.08874630701032563,0.1063344069849086,0.1331450771262907,0.15024635231771247,0.17267015887370935,0.12231258862430498,0.10079251423510727,0.1321210165019857,0.09743608559332802,0.13307768057188243,0.07967680241620334,0.1070997039110405,0.1260294636711676,0.1873720536616362,0.14540272948371724,0.06631750950754567,0.10044629155202542,0.09190958771882445,0.08460231479269263,0.09556914718189037,0.08582599704686258,0.09335371295154886,0.08660076687688638,0.11490290799682286,0.09585637872438442,0.10018590758697377,0.09216385711675933,0.09909012201588563,0.08715605309610804,0.07225296282764099,0.10326261122795871,0.10833562018427327,0.10709905888006353,0.08865290745512308
Mach ,0.07714831066401906,0.06325618055599681,0.06024499338363781,0.04485503243208895,0.05281913813185067,0.07213862630023829,0.0918269585702939,0.11090947788721206,0.08558046415885624,0.09396210973471006,0.07092615293248611,0.06957120139793488,0.07614703134392375,0.10899602446068306,0.09248459171088166,0.08720733840667196,0.10204537867037332,0.12834270627323272,0.14234338223351867,0.12231258862430498,0.12063409050198566,0.09553252838602064,0.12736401819221607,0.09259330371564731,0.12750145547259728,0.07738056999046862,0.09845551883717235,0.12012060150754567,0.17327299116759332,0.1384860344241462,0.06360272186656077,0.09859375257823667,0.08852674284511515,0.08199827176806987,0.0919968078776807,0.08277996630500394,0.09113287823193009,0.08377672911993646,0.11126615627640984,0.09115761474662432,0.09705616068943605,0.08802691630659254,0.09537178878633837,0.0840109557680699,0.06976792867355042,0.10008872068625892,0.10503454188085783,0.10323690758538522,0.08466334650833998
ElcEq,0.06344111175059572,0.05267145302621127,0.0511694109531374,0.03699967762351073,0.04464266374265289,0.06155304976012708,0.07617366719618747,0.09112729977760128,0.07082224186179507,0.07784297544400316,0.05989647227799841,0.058692805115170776,0.06450181874344718,0.08982529007466242,0.07707403094201748,0.07117203584273232,0.08397801759650517,0.10693555213820488,0.11599938551866565,0.10079251423510727,0.09553252838602064,0.09084426746783161,0.10458615477045277,0.07671035393328036,0.10473401871326447,0.06489145623669577,0.07599332475297853,0.0982378630675139,0.1402618962033359,0.11191221059571088,0.052280107601270845,0.08219174603971406,0.07353858778236697,0.06827028264019064,0.07616475420333596,0.06917790894519461,0.07591435063224782,0.06978378139634628,0.09143334513741064,0.07496590565051628,0.08064111651469419,0.07249188021445592,0.07818867623351865,0.06877563701985702,0.058982699761715635,0.0836580665099285,0.08710499514853054,0.0856486545274027,0.07057579520730736
Autos,0.07972337524384432,0.0697107405559968,0.06358609677521841,0.04921101876409848,0.05722068655758538,0.08171506229070694,0.10544314884829234,0.12671622748212863,0.09713471691183476,0.10693380310722796,0.0790748564130262,0.07645909687053218,0.0835773887084988,0.12064138985861794,0.10346319339793485,0.09817789976806987,0.11236912399682288,0.14222346727243843,0.15285610419698176,0.1321210165019857,0.12736401819221607,0.10458615477045277,0.16054546640826045,0.10168660525496429,0.14106188482922952,0.08463566552501986,0.10363639068467036,0.125737170624305,0.1798611694360603,0.1445819463383638,0.06733795472597298,0.10967591977124705,0.09970036472120727,0.09051711713423352,0.10004154222081017,0.09085841373788721,0.09982086180142972,0.0920452885019857,0.12807864049563147,0.10073081429070688,0.10908326647815725,0.09675770077839554,0.10789603503097697,0.09607451277521843,0.07889955488482922,0.11164684464495629,0.1159930615853852,0.11374749159650518,0.09453237363621922
Aero ,0.06081466817633042,0.05155697423351865,0.05019312664813344,0.03869395028435266,0.045054133448768865,0.058607263167593335,0.07312348918189038,0.08850463610802221,0.06936522082922955,0.07735211663542493,0.0572021861938046,0.05590698595710882,0.06130423178554408,0.08665727368069898,0.07472530906751391,0.06880058273709293,0.08129072401429707,0.10085360857982528,0.1104579658522637,0.09743608559332802,0.09259330371564731,0.07671035393328036,0.10168660525496429,0.08824636449722004,0.10107456257347097,0.06468882136775218,0.0714839223383638,0.09066032567275616,0.12933962382843522,0.10500214136616362,0.0529550686656076,0.07942444100397139,0.07240562141223193,0.06617960356155679,0.0731844535996823,0.06645501777760127,0.07239767824146146,0.06662471405718823,0.08936894720254168,0.07400292838284353,0.07968989414773628,0.07062188328038127,0.07835266595552026,0.06866149738522635,0.05650200219221604,0.08244628782843524,0.08390159476727563,0.08340538391580615,0.06810168005242254
Ships,0.08558436508339952,0.06932648997617155,0.06485289213661634,0.049447103733121535,0.05799431475774424,0.07908138789515486,0.10159780730738681,0.12475442341540907,0.09489505776012709,0.10534192282764099,0.07963756095313738,0.07689438192216046,0.08350158306592534,0.11782587891977764,0.10232518382843526,0.09769602786338363,0.11279184203335978,0.13964120108022243,0.15157491593328037,0.13307768057188243,0.12750145547259728,0.10473401871326447,0.14106188482922952,0.10107456257347097,0.17201925458300235,0.08646769131056393,0.10186157826846703,0.12732655440826046,0.17795097261318513,0.14451988181096107,0.06819222287529786,0.10750304374900714,0.09932794100079424,0.09040260880063541,0.10024108937251786,0.09027837998411438,0.09897786846703732,0.09153574322478156,0.12289816463860204,0.0987785570135028,0.10952228320889597,0.09680022627482128,0.1072249559332804,0.09400053842732325,0.07760991437648926,0.11010662138204921,0.11240952524225577,0.11226582198570295,0.09359448324066721
Guns ,0.05349183599205718,0.04410503075456713,0.042230910698967436,0.03091016667831612,0.039960130208101664,0.05009724629706116,0.06334473756949958,0.07646534428911834,0.057575727866560754,0.0639102557934869,0.04941341666243051,0.04928943043685465,0.054830106765687045,0.07268403206036536,0.06104144635107228,0.060928073380460676,0.06868606047180303,0.08501108413185066,0.09148702945830024,0.07967680241620334,0.07738056999046862,0.06489145623669577,0.08463566552501986,0.06468882136775218,0.08646769131056393,0.08802708792851467,0.06280116265607626,0.078018657872915,0.1051337025258141,0.08710395925337568,0.04375970040508338,0.06848939709610802,0.062158132325655306,0.05628021306115965,0.06117962471961874,0.05641269205877683,0.06135928529467833,0.057303583382049245,0.07589938180142969,0.06111260663542494,0.06763780480698967,0.05914078545671167,0.06587301528038128,0.05755502418427323,0.04799142913423351,0.06892849996505164,0.0710781921302621,0.07030901327243846,0.05747751369817316
Gold ,0.06593031323907861,0.04877493064336775,0.05102360956314535,0.04354000315806196,0.043315471567911046,0.058351774087370925,0.07350585563145351,0.08000046201747418,0.06495502129308975,0.0691263806576648,0.057479527288324055,0.05566947037331216,0.0609151125146942,0.09645900569340746,0.06873790283717235,0.06633446293248609,0.08143920817156475,0.11288040951866558,0.13312834196664014,0.1070997039110405,0.09845551883717235,0.07599332475297853,0.10363639068467036,0.0714839223383638,0.10186157826846703,0.06280116265607626,0.28866855952978543,0.15665353123431291,0.19724198913423346,0.1405641642573471,0.054384000730738694,0.07794191180937249,0.06657757186338363,0.06371400454964257,0.07371850152819696,0.06585729228276412,0.07370506512470214,0.06630939963145352,0.08806713351548849,0.07332628359650514,0.07018020087688642,0.06918401302621126,0.07031234295154883,0.06249198914694201,0.046415389293089755,0.07731880860365369,0.08009313971723589,0.08108439434471801,0.06825762267831612
Mines,0.08118297136934073,0.06238859037331215,0.0627162022954726,0.047576600006354254,0.05155043143129469,0.0707053099030977,0.09359616435266084,0.10348788732327242,0.08418388745353456,0.09085334491183476,0.07029496560603651,0.07071848419380461,0.07823091941064336,0.11521770122637011,0.08816748838443209,0.08582831147418586,0.10295788175853855,0.13268077207466242,0.15619837881493248,0.1260294636711676,0.12012060150754567,0.0982378630675139,0.125737170624305,0.09066032567275616,0.12732655440826046,0.078018657872915,0.15665353123431291,0.177586567451946,0.21069375806195392,0.15869092945194602,0.06359282783955521,0.09817250540428912,0.08497811999841143,0.081812268025417,0.09181939885782367,0.08221995744400318,0.09281685476250992,0.08475319021286735,0.10871863339793485,0.09182344631771246,0.09454018819062748,0.08852836636219222,0.09196941499444002,0.08323349706751387,0.0654225616521048,0.09706098419062749,0.10036470139158057,0.10285098394757747,0.08560537110881654
Coal ,0.11326808479745828,0.08807153451945988,0.08386025254964259,0.0646166970929309,0.07367801938046069,0.09739197566322474,0.12895021350278002,0.14878106719618742,0.11427307803018269,0.12819312463860202,0.09733081995234315,0.09672205585385223,0.10374439180301828,0.16309293899920568,0.12475578621127877,0.11600666344718027,0.14455993045274027,0.18977353928514687,0.22959602525814132,0.1873720536616362,0.17327299116759332,0.1402618962033359,0.1798611694360603,0.12933962382843522,0.17795097261318513,0.1051337025258141,0.19724198913423346,0.21069375806195392,0.38621378872120743,0.23941423104050832,0.09509306471803015,0.1382988549324861,0.1201830350119142,0.11310116317712471,0.12927688918189037,0.11407934239872913,0.12929762246227164,0.11585062684670376,0.15583933922160445,0.13282847809372514,0.13329622703733118,0.12411280057188243,0.12881434999205718,0.11480660876886421,0.09170536864177918,0.13862789172359014,0.14588236231930105,0.1437999870373312,0.11982832880063543
Oil  ,0.0922064102779984,0.07183131374106433,0.07046221466243051,0.05335689274027004,0.06354495812549642,0.0846023418268467,0.1048611844638602,0.12154287977760127,0.09524966274821285,0.10342909788721204,0.0818747369817315,0.07958161451945987,0.08773210482922951,0.1306300048610008,0.10405557728355838,0.0981350946624305,0.11715155658459095,0.1506490947577442,0.17351254227164414,0.14540272948371724,0.1384860344241462,0.11191221059571088,0.1445819463383638,0.10500214136616362,0.14451988181096107,0.08710395925337568,0.1405641642573471,0.15869092945194602,0.23941423104050832,0.19845655399523432,0.07989688287529785,0.11330847806195389,0.09853959486894359,0.09279735685464653,0.10497298165210485,0.0937284090071485,0.10491874552819697,0.0954087012390786,0.12611231787132643,0.10622968494042885,0.10683765760127087,0.10093370727561556,0.1036694721683876,0.09227488349483717,0.07689511523431293,0.11401231850675136,0.12067183996822875,0.11656967591739473,0.0979443181096108
Util ,0.04263004316918188,0.036922663606036535,0.03738948053216838,0.029132234821286736,0.03596227753772835,0.04105177988880063,0.04915383056393963,0.05948938139793489,0.045719729277204135,0.05084684122319302,0.040543617720413025,0.03975888861000794,0.04331985193804606,0.060604970150913436,0.051913240047656864,0.04663627007942811,0.054932477434471806,0.06852121654487688,0.07697816854646547,0.06631750950754567,0.06360272186656077,0.052280107601270845,0.06733795472597298,0.0529550686656076,0.06819222287529786,0.04375970040508338,0.054384000730738694,0.06359282783955521,0.09509306471803015,0.07989688287529785,0.04766879967434472,0.05594805963463065,0.048139824980142965,0.04516656220810167,0.049161211239078635,0.04574778221604449,0.04887108561556792,0.04475389007942813,0.06115810433677521,0.05255647665607624,0.052347380063542504,0.04846374251787134,0.051597619515488476,0.045031957966640196,0.03834457528196982,0.05921214544876886,0.05707342403494836,0.056931314670373316,0.04743387023828435
Telcm,0.06524170332644957,0.055674035933280394,0.054404142208101684,0.039678594548054,0.04788902146465449,0.06467120573153295,0.08162866748212864,0.09964652733915806,0.07455046027640982,0.08090348273868152,0.06258861361080224,0.06164455037331214,0.06849462921048449,0.09332845706751386,0.07958167112946783,0.07543180237648925,0.08695746319936455,0.10892734642096903,0.11750284430182685,0.10044629155202542,0.09859375257823667,0.08219174603971406,0.10967591977124705,0.07942444100397139,0.10750304374900714,0.06848939709610802,0.07794191180937249,0.09817250540428912,0.1382988549324861,0.11330847806195389,0.05594805963463065,0.0954521836759333,0.07825803861477362,0.0715379635011914,0.07926152456235108,0.07237448856552818,0.07873575681652102,0.07160303016362192,0.0970572528482923,0.07733844918824463,0.08463948554725972,0.07556685623510723,0.08428002546147738,0.07468833742335186,0.06229594706910245,0.08932638579189833,0.09226099808101668,0.09077650567116759,0.0733278703034154
PerSv,0.05903006403971406,0.05081872937251787,0.047785262057188235,0.03488157498967434,0.04196887891024622,0.056429276117553606,0.07436103923749007,0.08944244042891185,0.06750390257029386,0.0746668085115171,0.05855235361556793,0.05623868457505957,0.06090589007307386,0.08218589384908659,0.07195127488800634,0.06898366550754567,0.07935168959968227,0.0989371424447975,0.105913685299444,0.09190958771882445,0.08852674284511515,0.07353858778236697,0.09970036472120727,0.07240562141223193,0.09932794100079424,0.062158132325655306,0.06657757186338363,0.08497811999841143,0.1201830350119142,0.09853959486894359,0.048139824980142965,0.07825803861477362,0.08632520579984115,0.06557810268149322,0.07163278476409847,0.06571953918824466,0.07116377314853059,0.06526898066878477,0.08794081375059569,0.0696091851517077,0.0765300391644162,0.06909299517871327,0.07760829482287529,0.06750119008101667,0.05627170220810167,0.07963912354567113,0.08391988555043685,0.08145325848292298,0.06571636183796663
BusSv,0.054453565232724384,0.04640874729150119,0.044033974853057975,0.03191810342811755,0.038129645547259734,0.05194152925814137,0.0670344073709293,0.08128503056393964,0.061766773604447975,0.06750145684511517,0.052713343793486876,0.051870842637013505,0.05687759017950754,0.0763996490929309,0.06632722855599683,0.06200861872279587,0.07278972945830024,0.09116692950277995,0.09754307111675935,0.08460231479269263,0.08199827176806987,0.06827028264019064,0.09051711713423352,0.06617960356155679,0.09040260880063541,0.05628021306115965,0.06371400454964257,0.081812268025417,0.11310116317712471,0.09279735685464653,0.04516656220810167,0.0715379635011914,0.06557810268149322,0.06302483654328833,0.06595432705639395,0.06034411202859412,0.06557700537887212,0.06060667494519459,0.07926800446068309,0.06482779976806992,0.06986137269579032,0.06331469679110403,0.06923618871803017,0.06107178276092136,0.0508818943288324,0.07287004707863383,0.07451508268784751,0.07455012122319302,0.06116593649880856
Hardw,0.060734144125496436,0.050098623383637804,0.04930586175536138,0.03545359457347101,0.0421690273963463,0.058490676638602065,0.07372245569499607,0.08692131121525021,0.06778986254487687,0.0755299776362192,0.05728001582049245,0.05662281579030977,0.06258006306433676,0.08529895050357424,0.07350750484193805,0.06770997017156474,0.07977189788244639,0.09934490676886416,0.1100490647561557,0.09556914718189037,0.0919968078776807,0.07616475420333596,0.10004154222081017,0.0731844535996823,0.10024108937251786,0.06117962471961874,0.07371850152819696,0.09181939885782367,0.12927688918189037,0.10497298165210485,0.049161211239078635,0.07926152456235108,0.07163278476409847,0.06595432705639395,0.08319040039872916,0.06826409684034948,0.07571268162509927,0.06825340995869737,0.08754679676568704,0.07205511750119141,0.07688744283717235,0.06988292809372516,0.07690871982366956,0.06780790736139791,0.05545136320889594,0.07924282196664016,0.08172396448927718,0.08276799019062749,0.06776348378554409
Softw,0.05516471017791898,0.046175567561556795,0.04471404664813343,0.03352887501826846,0.03819670590309771,0.052053884740270055,0.06673152943606035,0.08002009853852263,0.06178476926449562,0.06861449325178713,0.052276791912629066,0.051807718760921384,0.056847881189833194,0.07881581039237491,0.0665914674471803,0.062174477923749,0.07211568004289118,0.09137607834948372,0.09834300852104846,0.08582599704686258,0.08277996630500394,0.06917790894519461,0.09085841373788721,0.06645501777760127,0.09027837998411438,0.05641269205877683,0.06585729228276412,0.08221995744400318,0.11407934239872913,0.0937284090071485,0.04574778221604449,0.07237448856552818,0.06571953918824466,0.06034411202859412,0.06826409684034948,0.06520477466401906,0.06739292259412229,0.06109790884670375,0.08014874510563938,0.06489320044003177,0.07046917354408261,0.06362178745830026,0.0700333207291501,0.0615377886957903,0.05119021525019857,0.07309204878157269,0.075839148,0.07562538655281971,0.061143115953931716
Chips,0.060919277698173145,0.04985308403494837,0.04888770375694996,0.03564426549960286,0.04118900323749007,0.05805265549166005,0.07362625861795073,0.08675906813343923,0.06718230537887213,0.07447662771405877,0.056945141043685456,0.05616662808578236,0.06232455756473393,0.08541166793645748,0.0726117387672756,0.06739037906115965,0.07916284228911834,0.10005286434154091,0.10932431696902302,0.09335371295154886,0.09113287823193009,0.07591435063224782,0.09982086180142972,0.07239767824146146,0.09897786846703732,0.06135928529467833,0.07370506512470214,0.09281685476250992,0.12929762246227164,0.10491874552819697,0.04887108561556792,0.07873575681652102,0.07116377314853059,0.06557700537887212,0.07571268162509927,0.06739292259412229,0.07844501137251786,0.06802297076568706,0.08662350772359015,0.07101721189992055,0.0767929598697379,0.06940526397934867,0.07571766175853853,0.06702279410961083,0.055153642986497234,0.07822665242891184,0.08128474363463065,0.0818291723669579,0.0671378975361398
LabEq,0.055666202721207314,0.04611371247021446,0.0441197856791104,0.033188361169181876,0.037668027917394764,0.053665557579030965,0.0668371125655282,0.07924495601270848,0.06261136782843525,0.06843071993328041,0.05325826993010326,0.05285751259729945,0.05794771914376488,0.07804245715329623,0.06732621071008738,0.06360085877204132,0.07337873500079427,0.09178804157108814,0.09988234261477362,0.08660076687688638,0.08377672911993646,0.06978378139634628,0.0920452885019857,0.06662471405718823,0.09153574322478156,0.057303583382049245,0.06630939963145352,0.08475319021286735,0.11585062684670376,0.0954087012390786,0.04475389007942813,0.07160303016362192,0.06526898066878477,0.06060667494519459,0.06825340995869737,0.06109790884670375,0.06802297076568706,0.06703083992216044,0.08025668650675138,0.06482006359491659,0.07055501327084988,0.06421940308975377,0.06918702946942017,0.06169113546624305,0.051203320317712464,0.07240719738204923,0.07445396224622716,0.07503292768069895,0.06215002789038921
Paper,0.07361082034630659,0.06202151380460682,0.05626372772041303,0.0425395387386815,0.0520564292359015,0.07221860777760127,0.09191202837172358,0.11142416880063542,0.0840330060174742,0.09233522584273232,0.06982104307545672,0.06764795444003176,0.07431719602223988,0.10391315515170768,0.09048132338681493,0.08903101927243842,0.09846498415885621,0.12499020420015881,0.13169052043844326,0.11490290799682286,0.11126615627640984,0.09143334513741064,0.12807864049563147,0.08936894720254168,0.12289816463860204,0.07589938180142969,0.08806713351548849,0.10871863339793485,0.15583933922160445,0.12611231787132643,0.06115810433677521,0.0970572528482923,0.08794081375059569,0.07926800446068309,0.08754679676568704,0.08014874510563938,0.08662350772359015,0.08025668650675138,0.12642308901667992,0.09041837755043683,0.09542295921207307,0.08476172495631455,0.09454761089118349,0.08363445181254964,0.07071800841938045,0.10161900634154093,0.103608282929309,0.10137552708498805,0.08257259096425736
Boxes,0.058780439776012695,0.05161277852263703,0.048143978673550435,0.035220388289118346,0.045582325849086565,0.05750453345194598,0.07369483129467828,0.0865690232406672,0.06687708518506752,0.07420793031612391,0.056701077621922176,0.05419321115170771,0.05973143266560763,0.08593182899761716,0.07370994549007151,0.06862533224940426,0.08016538895790307,0.09936027893089752,0.11140282854328834,0.09585637872438442,0.09115761474662432,0.07496590565051628,0.10073081429070688,0.07400292838284353,0.0987785570135028,0.06111260663542494,0.07332628359650514,0.09182344631771246,0.13282847809372514,0.10622968494042885,0.05255647665607624,0.07733844918824463,0.0696091851517077,0.06482779976806992,0.07205511750119141,0.06489320044003177,0.07101721189992055,0.06482006359491659,0.09041837755043683,0.09135993718665605,0.07791469846227164,0.06914117177918981,0.0761296634678316,0.06731703848768865,0.05552330878474979,0.0816695196123908,0.08275935943129466,0.08264276633042097,0.06682239734868942
