,Agric,Food ,Soda ,Beer ,Smoke,Toys ,Fun  ,Books,Hshld,Clths,Hlth ,MedEq,Drugs,Chems,Rubbr,Txtls,BldMt,Cnstr,Steel,FabPr,Mach ,ElcEq,Autos,Aero ,Ships,Guns ,Gold ,Mines,Coal ,Oil  ,Util ,Telcm,PerSv,BusSv,Hardw,Softw,Chips,LabEq,Paper,Boxes,Trans,Whlsl,Rtail,Meals,Banks,Insur,RlEst,Fin  ,Other
Agric,0.08712760715488481,0.03460982871485305,0.03056344087688641,0.02407849050992851,0.02897485704845116,0.03709272824146147,0.04880671799841143,0.06416432425099285,0.04994386178872121,0.05111873329308976,0.04189909254328834,0.04062105769023033,0.044946393105639415,0.058524012060365366,0.051686710030182687,0.05250264854646546,0.057421857321683874,0.06901492317077045,0.07634684349483718,0.06776336944241461,0.06404763309928513,0.052057823517077044,0.06764126733598091,0.05031040177283558,0.07458627320095311,0.04472879755361397,0.05429744836219221,0.06607611196187449,0.08985047754725972,0.07317281871961874,0.03240530224622716,0.053306459437648945,0.04984942221445592,0.046189900467037324,0.05006592336139792,0.04590574158538521,0.05151776140428911,0.04697002318665608,0.061668111370929306,0.04675855370929308,0.054280433016679897,0.04938307125655283,0.051645407135822094,0.0449630392184273,0.03876843100238285,0.052439524530579824,0.05724365516759331,0.055185147291501174,0.0477674364479746
Food ,0.03460982871485305,0.036228753810961085,0.027802260108022243,0.0220165532867355,0.025588995024622724,0.03250210503891979,0.04160108765687052,0.05178140331056394,0.03984268494678315,0.04314255082128673,0.03374541492295473,0.03249360782208102,0.03634114052422556,0.04713213073550436,0.04158859870691022,0.04236487914217633,0.046547614560762486,0.056977375717235906,0.061190866560762516,0.053604150271644155,0.05177900680540112,0.04216219842096902,0.057475754173153266,0.041001277671167596,0.059257385210484494,0.03579219542494042,0.04097982838125495,0.050449174996028585,0.06993022853693405,0.05726658533121523,0.02803085438602064,0.04411422284988088,0.04202499756314535,0.038193451304209675,0.04053639252422558,0.03747518103574267,0.04113054757108817,0.038057026884829245,0.050706466373312144,0.03979902506751389,0.04421267754725973,0.04011080934710087,0.043635755977760114,0.03833688183002383,0.03214167500238286,0.04519747701032564,0.04698888821604446,0.04592955347100873,0.03895290636378077
Soda ,0.03056344087688641,0.027802260108022243,0.05722976370293885,0.02070928125972994,0.02402562404447974,0.030006356090548046,0.03658497814138205,0.04669175666084193,0.03643556199046862,0.03936596123749007,0.029070608344718033,0.030135447733121525,0.03300141003971405,0.04244283026370133,0.0366454323542494,0.03738978498808578,0.041214892799046846,0.04829572148212866,0.05372637164416203,0.047758519653693404,0.046206251116759335,0.03905944457029387,0.04962830501032566,0.036771211823669575,0.053079530889594925,0.03290934597299444,0.03894677859729945,0.04752558949960284,0.06243441761397936,0.05157747162351073,0.025133072616362193,0.04013855993328038,0.037589713339158046,0.033952446675139,0.037627322943606045,0.033964029879269254,0.03775652845432883,0.034443983761715646,0.043592994136616374,0.033581965131056386,0.03897942089277204,0.03624789477045274,0.03902176463224783,0.03504226845750595,0.028448747026211283,0.03864342686417792,0.0415654826115965,0.04032157285941222,0.03460602761239079
Beer ,0.02407849050992851,0.0220165532867355,0.02070928125972994,0.04411780145988881,0.0208706202827641,0.025769678343129467,0.029971834090548044,0.03567677886258936,0.02812618563780778,0.03162187793010324,0.025100835645750594,0.024581462341540905,0.025904887783955523,0.03569352497696584,0.030194101955520254,0.02989618235107228,0.03358828688006354,0.03955071653534552,0.045613850849880844,0.0408455413915806,0.03702455392216043,0.030196349215250207,0.041705588168387625,0.03147028188880063,0.04277548083399523,0.026035757220015884,0.036459883623510714,0.03952752401906275,0.05250501500238285,0.042672283051628276,0.022207568730738675,0.03219743808419381,0.030007836633836372,0.02703059689594916,0.02886026725814138,0.027766136945194603,0.029900163567911024,0.028301159132644964,0.035458254117553614,0.02735444541699761,0.03185371484670374,0.029894129871326443,0.03064529408737094,0.027573674602065133,0.02186830103097696,0.03222941539793487,0.034137212473391576,0.03251226332803812,0.027970018786338362
Smoke,0.02897485704845116,0.025588995024622724,0.02402562404447974,0.0208706202827641,0.052617826745035734,0.027474170681493236,0.03252617267672757,0.040303417931691815,0.03135660709769659,0.03451696184908658,0.027483472927720406,0.02740966107704526,0.030472081874503572,0.03870138159809373,0.03317856360921367,0.03434550522637014,0.03644594756473391,0.04075615086258935,0.04711744718030182,0.041956601385226375,0.040823733610802215,0.03352838372041302,0.04525544591580621,0.03349414809849088,0.047554607625099284,0.03116346516282765,0.03744002988403494,0.04136471444003178,0.05560068334868943,0.048373288025417,0.026047027119936464,0.036157714961080216,0.032636594649721996,0.029932430805401113,0.03231893319777601,0.029117057003971412,0.032083629343923746,0.029847123888800637,0.03991744972835585,0.032760746465448756,0.034693116873709295,0.0319118630468626,0.03412879770611596,0.02919463047498014,0.02509850164892772,0.03652496199523431,0.036849173223193005,0.035869359523431295,0.030288746579825256
Toys ,0.03709272824146147,0.03250210503891979,0.030006356090548046,0.025769678343129467,0.027474170681493236,0.06864529927084988,0.05015275898332009,0.0624709851342335,0.04775747433995235,0.05208170540270055,0.03779617734233519,0.035917034427323274,0.0411035513582208,0.05617402468467036,0.04884805922637014,0.05031243772835583,0.05410058216521049,0.0656541081127879,0.06969219807783954,0.06275832574741858,0.05999354287847498,0.050403083134233514,0.0693319895409055,0.04787368163145355,0.06858515055599682,0.041470807545671166,0.048028629138999204,0.05724228106433677,0.0786138238792693,0.06777239031453534,0.030953674770452733,0.05178186573788722,0.047587988249404294,0.043292762347895156,0.04799501101985702,0.042965536617950766,0.04862448425416998,0.0449316183669579,0.06013187386973789,0.04442857917394757,0.05100502698649722,0.045959162640190614,0.05110439810007944,0.045289839850675154,0.03771805623034156,0.050793083239078635,0.058187758436854635,0.05211068262907068,0.045361177121525015
Fun  ,0.04880671799841143,0.04160108765687052,0.03658497814138205,0.029971834090548044,0.03252617267672757,0.05015275898332009,0.07280369741064335,0.07611488724384431,0.05881016581413819,0.06416547672756155,0.047211505830023835,0.04603590732327244,0.051025344432088955,0.06961078344718032,0.05974143262907069,0.06287611412231933,0.0683644539793487,0.08419464670373313,0.09031181308975376,0.07787695386814932,0.07547569445591741,0.06142039294678314,0.08587447110405083,0.05872881023034154,0.08628207749007151,0.051051912088959484,0.06152118306592535,0.07483825251787134,0.1048329938999206,0.08558169633042097,0.03807804648133438,0.06412215269261316,0.06091318732327243,0.05454620603653694,0.059495024813343914,0.054379037394757745,0.060505707704527414,0.05503391647339157,0.07408171164416202,0.0566368535345512,0.06450147034154087,0.05766506449563146,0.06443448841938047,0.056994242192216056,0.04679334773629866,0.06496321061159649,0.07022211822081016,0.06719082093725177,0.05687942100079427
Books,0.06416432425099285,0.05178140331056394,0.04669175666084193,0.03567677886258936,0.040303417931691815,0.0624709851342335,0.07611488724384431,0.13208378999841144,0.07533399852899125,0.07913985531691821,0.05973884081652104,0.05732759711517077,0.06275041166004763,0.0860995740079428,0.07728558037490073,0.08092029356632245,0.08520762034312948,0.1051942982271644,0.11093648873709294,0.096386845172359,0.09473544543923751,0.07721940423510722,0.10785670943923749,0.07383902207148532,0.11015785456711678,0.06434640718030184,0.0670786017251787,0.08700363434471801,0.1262507295694996,0.10413240426687848,0.04865288898490867,0.08319338310405085,0.07625354183637811,0.06912455716600473,0.0736332578141382,0.06775889944718033,0.07442609892930899,0.06824708763145354,0.09468087968546465,0.0695006079110405,0.08122647325814138,0.0719988516028594,0.08088297656552822,0.07134776827958697,0.06028358159491658,0.08249612069579025,0.08931153380778398,0.08404449920571883,0.06979067141540904
Hshld,0.04994386178872121,0.03984268494678315,0.03643556199046862,0.02812618563780778,0.03135660709769659,0.04775747433995235,0.05881016581413819,0.07533399852899125,0.06914770246068305,0.06277685549960287,0.04643750141223192,0.044914702945194604,0.04861656222398729,0.0675630608943606,0.06033253998570293,0.061912687831612384,0.06665004675297853,0.08184947942652897,0.08663346934074663,0.07461974412390786,0.07325403837013501,0.0601260806528991,0.08335923042414613,0.05801706041143765,0.0839596215806195,0.04897951671167594,0.05686196273391579,0.07145877634630658,0.09667573401747419,0.08119407698332008,0.036797709254964256,0.062201625407466245,0.058080336014297046,0.052797885442414615,0.05745498751231135,0.05253873488006353,0.057923944505162826,0.054176919259729936,0.07095426406195393,0.05407918444797457,0.06292313127243844,0.056144696511517066,0.0622485103542494,0.05484016400635423,0.04613448003018268,0.061947586454328823,0.06856895715965053,0.06402315108022238,0.05468467857982525
Clths,0.05111873329308976,0.04314255082128673,0.03936596123749007,0.03162187793010324,0.03451696184908658,0.05208170540270055,0.06416547672756155,0.07913985531691821,0.06277685549960287,0.0832919718046068,0.04904811592851469,0.04789286082922956,0.05236557029388402,0.0731328982668785,0.06333262106910245,0.06608455817315331,0.07005727830500397,0.09079639542017473,0.09417540500397137,0.08238434490548052,0.0792639730929309,0.06481365701826847,0.0897101236155679,0.06288618272756157,0.09141929562351073,0.05358724630659254,0.061712423038919786,0.0775503175694996,0.10862706013026216,0.08774309935345509,0.03999972293566324,0.06574884426052423,0.062223347518665595,0.056951944047656876,0.06317345591262906,0.057238934997617175,0.0633187298141382,0.05827340403812549,0.0761543202239873,0.05844173945988881,0.06796352865448768,0.06057151345830026,0.07102804810802224,0.06108441856393963,0.04701366372835583,0.06664877642414616,0.07283909095472599,0.06860744507545671,0.05870690388880064
Hlth ,0.04189909254328834,0.03374541492295473,0.029070608344718033,0.025100835645750594,0.027483472927720406,0.03779617734233519,0.047211505830023835,0.05973884081652104,0.04643750141223192,0.04904811592851469,0.048887545510722795,0.03944848378713263,0.04334811679110405,0.05463855855917396,0.04804460085941223,0.048085009038919775,0.0528417252915012,0.06523281203971407,0.07000153234312945,0.06118646002541699,0.05881436119777601,0.04956416757903099,0.06604877720730735,0.046429365764892774,0.06924947320889595,0.0406763121683876,0.04664932473550435,0.05733189345512311,0.07871350516918187,0.06629128301985703,0.03108972329785544,0.05039826156314537,0.04891441595075458,0.04376783133598094,0.04725232762351073,0.043174039153296255,0.047677212876886414,0.044615934414614755,0.05758666422081018,0.04414291687053215,0.05063528431453534,0.04612636088006354,0.04914213052899127,0.043545082989674355,0.036467235455123106,0.05155007395234313,0.053442787882446385,0.05164704588562352,0.04428339498967434
MedEq,0.04062105769023033,0.03249360782208102,0.030135447733121525,0.024581462341540905,0.02740966107704526,0.035917034427323274,0.04603590732327244,0.05732759711517077,0.044914702945194604,0.04789286082922956,0.03944848378713263,0.04410480283399522,0.04366532590945195,0.05360892992533756,0.046735858706910244,0.04718576613185067,0.05189972479110406,0.06404399625734711,0.06810845166004764,0.05934196132803812,0.05773372299285146,0.04821940679269261,0.06380286092454329,0.0453250555107228,0.06625529512311358,0.04083103247021446,0.04584936069261317,0.05701704317712469,0.07742722675774423,0.064220978675139,0.03042387179666402,0.04944590224622716,0.04697414893725178,0.0431104496203336,0.04683618615409055,0.04292000789833201,0.04697201368705323,0.04446864671008737,0.05591218959809371,0.04205394570293884,0.04932304135980937,0.04494861630500398,0.04814014361874504,0.04139850101985702,0.03598113436695789,0.049465539520254176,0.05191447302938838,0.0511008004130262,0.04385380803177125
Drugs,0.044946393105639415,0.03634114052422556,0.03300141003971405,0.025904887783955523,0.030472081874503572,0.0411035513582208,0.051025344432088955,0.06275041166004763,0.04861656222398729,0.05236557029388402,0.04334811679110405,0.04366532590945195,0.0565664118189039,0.059391212390786326,0.05049915720413026,0.050749021445591735,0.056900096711675924,0.07097126595710881,0.07409394691024622,0.06469776047656871,0.06324493950754567,0.052968914567116755,0.07018053988880063,0.049714284702144555,0.07218143879269262,0.0455038362827641,0.04998454185861795,0.06340486297061161,0.08325762659253375,0.07075446640190625,0.03275697483717237,0.05518874096902303,0.05131961594916601,0.04742240908657665,0.05202651571088165,0.0473681935186656,0.052514267863383625,0.04901016800635424,0.0619657543764893,0.04640011742652898,0.05397786570293882,0.049405064654487685,0.053260621413820486,0.046536092073073854,0.03886201016679905,0.05369311294678315,0.05633064838760922,0.05568622830818111,0.04824580406671962
Chems,0.058524012060365366,0.04713213073550436,0.04244283026370133,0.03569352497696584,0.03870138159809373,0.05617402468467036,0.06961078344718032,0.0860995740079428,0.0675630608943606,0.0731328982668785,0.05463855855917396,0.05360892992533756,0.059391212390786326,0.09167406006513105,0.07037265538840351,0.06988627207307385,0.07833026868467037,0.09781698985385223,0.10671929104050833,0.09134639959015091,0.08840888882922955,0.07220719761239079,0.09992807184114379,0.06818471320571882,0.10038546410643365,0.05916020033359809,0.0761366617426529,0.09166565783955517,0.12604032204606827,0.1025256118300238,0.04465720186179508,0.07396044975059571,0.06819252604765684,0.06257782392692612,0.06945817279269262,0.06423579080063543,0.0703826278347895,0.06468078960762509,0.08482165561397934,0.06575263023034152,0.07432315982843526,0.06709327351548847,0.07257499815091344,0.06449029724225579,0.05321413117235903,0.07418895985861793,0.08107272375536137,0.07649471814932486,0.06405213684193806
Rubbr,0.051686710030182687,0.04158859870691022,0.0366454323542494,0.030194101955520254,0.03317856360921367,0.04884805922637014,0.05974143262907069,0.07728558037490073,0.06033253998570293,0.06333262106910245,0.04804460085941223,0.046735858706910244,0.05049915720413026,0.07037265538840351,0.07514148857664812,0.06249597075456711,0.06931019429547261,0.08248687669737888,0.09058124306592534,0.07898084005401115,0.07630505621286737,0.06268111162668784,0.08606120719301033,0.059736373774424145,0.08809689527402702,0.049721721477362986,0.05990136098332008,0.0723173260206513,0.10072212984273235,0.084401015629865,0.039365866789515494,0.06318759546624304,0.05935515065766481,0.05490131385861797,0.06008131043844322,0.05423290079904684,0.060696394748212854,0.05629274803177124,0.07394431160127084,0.05720839308975376,0.06490875047498013,0.05831458990627482,0.06275650289436059,0.05470867084670374,0.04778086665766481,0.06475304423669577,0.06992451076727561,0.06621686912629073,0.05618149069737887
Txtls,0.05250264854646546,0.04236487914217633,0.03738978498808578,0.02989618235107228,0.03434550522637014,0.05031243772835583,0.06287611412231933,0.08092029356632245,0.061912687831612384,0.06608455817315331,0.048085009038919775,0.04718576613185067,0.050749021445591735,0.06988627207307385,0.06249597075456711,0.09731508374900716,0.0710139419380461,0.08791971699761716,0.0911085370293884,0.07728348076250993,0.07653058144559174,0.06166654381254965,0.08608018627482128,0.05924485294678318,0.08799924544876887,0.0529743796028594,0.06203856951548847,0.07546578325655282,0.10277377137410643,0.08616752014297058,0.038702695758538526,0.06452248965845911,0.06057883477362987,0.05413661045274029,0.05842211864972201,0.054033426671961864,0.05930517515488483,0.05568001715647339,0.07714517355043687,0.05743112003177124,0.06669592772041302,0.05847639984114377,0.06478400365369341,0.05750840492454328,0.046582686942017476,0.06495166571882444,0.07299603469420175,0.06569928840349486,0.05578496088959493
BldMt,0.057421857321683874,0.046547614560762486,0.041214892799046846,0.03358828688006354,0.03644594756473391,0.05410058216521049,0.0683644539793487,0.08520762034312948,0.06665004675297853,0.07005727830500397,0.0528417252915012,0.05189972479110406,0.056900096711675924,0.07833026868467037,0.06931019429547261,0.0710139419380461,0.08617065985544084,0.09674460046227164,0.10268758479745826,0.08782333829070692,0.08591087009690228,0.06972541197617156,0.09541433268943607,0.06701051860365367,0.09889011648133438,0.057544433661636224,0.07023945685305799,0.08583181768069899,0.11889555141540908,0.09667572430341542,0.04316698345353455,0.07130046930262116,0.06732009380301826,0.06142441628911834,0.06644095871485305,0.060246378114376484,0.06726088297696585,0.06235962139158061,0.0825097875822081,0.06375010508339951,0.07216611597140586,0.06512616820651311,0.07092901631771248,0.061681822427323285,0.05247109180460683,0.07181273775536137,0.07856210419062748,0.0752244227561557,0.06264415643208894
Cnstr,0.06901492317077045,0.056977375717235906,0.04829572148212866,0.03955071653534552,0.04075615086258935,0.0656541081127879,0.08419464670373313,0.1051942982271644,0.08184947942652897,0.09079639542017473,0.06523281203971407,0.06404399625734711,0.07097126595710881,0.09781698985385223,0.08248687669737888,0.08791971699761716,0.09674460046227164,0.1763225193629865,0.13039076106433678,0.10725353538681495,0.1061069607847498,0.08728092716600475,0.11882935274344719,0.08094314466878474,0.12000345255758536,0.06936757618745036,0.09596753185226371,0.10802504938840349,0.15383353401747424,0.12286289471167589,0.05312474436219221,0.08778966480381255,0.08234815704686257,0.07578700973153296,0.08126924981572675,0.07494987893089754,0.08359113281334395,0.07686867601906273,0.10270194215567909,0.0763767616997617,0.08853799100238283,0.07958439802065133,0.08844095905957106,0.07791658662748215,0.06548845270691024,0.09693255992533756,0.09763033545988879,0.09154292550436852,0.07834869459253373
Steel,0.07634684349483718,0.061190866560762516,0.05372637164416203,0.045613850849880844,0.04711744718030182,0.06969219807783954,0.09031181308975376,0.11093648873709294,0.08663346934074663,0.09417540500397137,0.07000153234312945,0.06810845166004764,0.07409394691024622,0.10671929104050833,0.09058124306592534,0.0911085370293884,0.10268758479745826,0.13039076106433678,0.1518645579984114,0.12075251046862587,0.11612007545671166,0.0931380179666402,0.12812956327243843,0.08790336967434473,0.13001621494837173,0.07493228111199363,0.10748446822875295,0.12449284146147732,0.17875908495631462,0.13558060017474183,0.05716386586179508,0.09357266316123905,0.0885604193328038,0.08033224784749803,0.08986394339952344,0.07984695874503574,0.09044927208895948,0.08320446443208895,0.10849575169181887,0.08671993782366959,0.09645421200953136,0.08704270837172359,0.0935178244003177,0.08307591326449562,0.06781784592533757,0.0960012152025417,0.10412569200953138,0.0992209130897538,0.08375389525019855
FabPr,0.06776336944241461,0.053604150271644155,0.047758519653693404,0.0408455413915806,0.041956601385226375,0.06275832574741858,0.07787695386814932,0.096386845172359,0.07461974412390786,0.08238434490548052,0.06118646002541699,0.05934196132803812,0.06469776047656871,0.09134639959015091,0.07898084005401115,0.07728348076250993,0.08782333829070692,0.10725353538681495,0.12075251046862587,0.14295632648768863,0.10019407297220013,0.08156745635266086,0.11106158199841144,0.07855363387768072,0.11478546219221597,0.0660631698490866,0.0872877032787927,0.10006957420174738,0.14358085092295464,0.11354168062589355,0.05034909582843525,0.08097851414773631,0.07686456599523434,0.07014754497855441,0.07844661837331214,0.07028982446068308,0.07784075841779191,0.07261691195552025,0.09512872282446386,0.07433038598888007,0.08222463320730738,0.07569029857982526,0.08131504662748212,0.07141022438125497,0.05939734876250993,0.08248978367275615,0.08850509888482924,0.08602505618745039,0.0733478358443209
Mach ,0.06404763309928513,0.05177900680540112,0.046206251116759335,0.03702455392216043,0.040823733610802215,0.05999354287847498,0.07547569445591741,0.09473544543923751,0.07325403837013501,0.0792639730929309,0.05881436119777601,0.05773372299285146,0.06324493950754567,0.08840888882922955,0.07630505621286737,0.07653058144559174,0.08591087009690228,0.1061069607847498,0.11612007545671166,0.10019407297220013,0.10004335651151705,0.07797084560127085,0.10704822597617161,0.07500975891024624,0.11029332583002385,0.06386060813343923,0.08026096026370133,0.0967684608101668,0.13742615940270053,0.1108118056330421,0.048142448826052404,0.07963077516123909,0.07447872763463065,0.06840303354408257,0.07607042737728353,0.06828855466560761,0.07639549943764892,0.07059657449404287,0.09235804899444,0.0713136625893566,0.08062761648292294,0.07305220273868153,0.07900463213343922,0.06933581015409056,0.05779012786973788,0.08044893140270057,0.08709613565051631,0.08370064986497218,0.0700187754344718
ElcEq,0.052057823517077044,0.04216219842096902,0.03905944457029387,0.030196349215250207,0.03352838372041302,0.050403083134233514,0.06142039294678314,0.07721940423510722,0.0601260806528991,0.06481365701826847,0.04956416757903099,0.04821940679269261,0.052968914567116755,0.07220719761239079,0.06268111162668784,0.06166654381254965,0.06972541197617156,0.08728092716600475,0.0931380179666402,0.08156745635266086,0.07797084560127085,0.0750079582192216,0.08750808493725176,0.061492678285941224,0.08971701818109613,0.05290123471008738,0.06235490085623511,0.07820511639396349,0.11033263456076252,0.0885950891644162,0.03911692035583796,0.0652096136711676,0.06087757879110405,0.05625970556632248,0.06208346921525021,0.056233100687847495,0.06290497377918981,0.057995200613185076,0.07463341169658458,0.05758239601270851,0.06576679126926131,0.05936674352025417,0.06376882270373313,0.055808565779189835,0.047608988293884026,0.06533379109928515,0.07091958222081018,0.06780928861795076,0.0576385574805401
Autos,0.06764126733598091,0.057475754173153266,0.04962830501032566,0.041705588168387625,0.04525544591580621,0.0693319895409055,0.08587447110405083,0.10785670943923749,0.08335923042414613,0.0897101236155679,0.06604877720730735,0.06380286092454329,0.07018053988880063,0.09992807184114379,0.08606120719301033,0.08608018627482128,0.09541433268943607,0.11882935274344719,0.12812956327243843,0.11106158199841144,0.10704822597617161,0.08750808493725176,0.13539434531532962,0.0826704453884035,0.12231394818109612,0.07015620428911834,0.08597541758220813,0.10404046570293879,0.14983585040826047,0.12149570314217635,0.053317542538522646,0.08922179563463069,0.08371811912311357,0.07583765173629863,0.08332839299761712,0.07590473934233517,0.08453570066401907,0.07809884389515485,0.10584043478316119,0.07935831640984907,0.09055845415091343,0.0808912975567911,0.08821291552660844,0.07849432628435264,0.06514370556314536,0.09006935060206513,0.09686894445750592,0.09222319834789518,0.07913569618427323
Aero ,0.05031040177283558,0.041001277671167596,0.036771211823669575,0.03147028188880063,0.03349414809849088,0.04787368163145355,0.05872881023034154,0.07383902207148532,0.05801706041143765,0.06288618272756157,0.046429365764892774,0.0453250555107228,0.049714284702144555,0.06818471320571882,0.059736373774424145,0.05924485294678318,0.06701051860365367,0.08094314466878474,0.08790336967434473,0.07855363387768072,0.07500975891024624,0.061492678285941224,0.0826704453884035,0.07000384136457506,0.08579384081810963,0.05241734212867356,0.0579521102319301,0.07216885269261318,0.10076613748054007,0.08349107048610008,0.03912852120095312,0.062259454255758524,0.05942644259094521,0.05416015057347101,0.05899829075297856,0.05332635526131851,0.0591984710500397,0.055136506455917375,0.07209711843844323,0.05569533961874503,0.06318698166163622,0.056928680435266096,0.06202071492930899,0.054605078096902314,0.04483001532803811,0.06340329986179508,0.06716157399841144,0.06511629654487688,0.055559026538522634
Ships,0.07458627320095311,0.059257385210484494,0.053079530889594925,0.04277548083399523,0.047554607625099284,0.06858515055599682,0.08628207749007151,0.11015785456711678,0.0839596215806195,0.09141929562351073,0.06924947320889595,0.06625529512311358,0.07218143879269262,0.10038546410643365,0.08809689527402702,0.08799924544876887,0.09889011648133438,0.12000345255758536,0.13001621494837173,0.11478546219221597,0.11029332583002385,0.08971701818109613,0.12231394818109612,0.08579384081810963,0.1550762560683082,0.07514140468625892,0.08759216072279588,0.10882988738681493,0.15097045226370134,0.12368833867355042,0.056158592406671946,0.09064364535345514,0.08633212529785544,0.07853651687053216,0.08627623142970614,0.0777218017553614,0.08654392700555998,0.07995858381254964,0.10606405300238284,0.08077949888800633,0.0941249439872915,0.08347557116759333,0.0917746810802224,0.08009270330420967,0.06648904550436856,0.09262822471008735,0.09653580552819699,0.09496178655281973,0.08051681593328038
Guns ,0.04472879755361397,0.03579219542494042,0.03290934597299444,0.026035757220015884,0.03116346516282765,0.041470807545671166,0.051051912088959484,0.06434640718030184,0.04897951671167594,0.05358724630659254,0.0406763121683876,0.04083103247021446,0.0455038362827641,0.05916020033359809,0.049721721477362986,0.0529743796028594,0.057544433661636224,0.06936757618745036,0.07493228111199363,0.0660631698490866,0.06386060813343923,0.05290123471008738,0.07015620428911834,0.05241734212867356,0.07514140468625892,0.0769929562192216,0.05301913440826052,0.06362616803812549,0.08474913432883242,0.07002398794281177,0.033503760095313743,0.05480564463860206,0.051890043097696584,0.046531871453534546,0.0503751938522637,0.04647483922160444,0.05121277636219222,0.04788614563939634,0.062443974344718,0.04751402719618744,0.05548786068308181,0.04888010230341542,0.05423077223193011,0.046447029388403484,0.038522754773629854,0.054063677188244647,0.058400738173153284,0.05637088268467036,0.04746127227958697
Gold ,0.05429744836219221,0.04097982838125495,0.03894677859729945,0.036459883623510714,0.03744002988403494,0.048028629138999204,0.06152118306592535,0.0670786017251787,0.05686196273391579,0.061712423038919786,0.04664932473550435,0.04584936069261317,0.04998454185861795,0.0761366617426529,0.05990136098332008,0.06203856951548847,0.07023945685305799,0.09596753185226371,0.10748446822875295,0.0872877032787927,0.08026096026370133,0.06235490085623511,0.08597541758220813,0.0579521102319301,0.08759216072279588,0.05301913440826052,0.23622780381096106,0.12549310619539314,0.14834154547418582,0.10515983885464655,0.04183958644003177,0.06328104744400316,0.05931472552660841,0.053914732730738685,0.06106931015250197,0.05569551474662429,0.061911463151707716,0.05607857853216839,0.07658884383320096,0.059028275472597314,0.06156966434312945,0.058016203949166005,0.06042351677839555,0.05374673206989673,0.04036304184432087,0.06477491391104051,0.06900844897220015,0.06875086579030977,0.05697161991104051
Mines,0.06607611196187449,0.050449174996028585,0.04752558949960284,0.03952752401906275,0.04136471444003178,0.05724228106433677,0.07483825251787134,0.08700363434471801,0.07145877634630658,0.0775503175694996,0.05733189345512311,0.05701704317712469,0.06340486297061161,0.09166565783955517,0.0723173260206513,0.07546578325655282,0.08583181768069899,0.10802504938840349,0.12449284146147732,0.10006957420174738,0.0967684608101668,0.07820511639396349,0.10404046570293879,0.07216885269261318,0.10882988738681493,0.06362616803812549,0.12549310619539314,0.14374442691024625,0.16138902297061158,0.12095716128673552,0.04744025051628278,0.07765660346306591,0.07122001463065926,0.06702990649722002,0.07474075807783953,0.06683826781572674,0.07625729458300237,0.07008924829229546,0.08925172195393168,0.07139184165210484,0.0787190064813344,0.072422213375695,0.0761385826211279,0.06840335704527402,0.05386305552025415,0.0768910262271644,0.08215657658459094,0.08279774305003973,0.0692842873709293
Coal ,0.08985047754725972,0.06993022853693405,0.06243441761397936,0.05250501500238285,0.05560068334868943,0.0786138238792693,0.1048329938999206,0.1262507295694996,0.09667573401747419,0.10862706013026216,0.07871350516918187,0.07742722675774423,0.08325762659253375,0.12604032204606827,0.10072212984273235,0.10277377137410643,0.11889555141540908,0.15383353401747424,0.17875908495631462,0.14358085092295464,0.13742615940270053,0.11033263456076252,0.14983585040826047,0.10076613748054007,0.15097045226370134,0.08474913432883242,0.14834154547418582,0.16138902297061158,0.2967358876949959,0.1778880117172359,0.06831145397299444,0.10942225519301033,0.10104011109769657,0.09198624637966646,0.10434652172200155,0.09106265835107227,0.10531861429070691,0.09492007886258935,0.12785990006671963,0.1025455878316124,0.11085074108975378,0.09940408693248609,0.10589949926608419,0.09494291725496427,0.07699178427958694,0.11047120160127086,0.118160794141382,0.11462430544876887,0.09658246973153298
Oil  ,0.07317281871961874,0.05726658533121523,0.05157747162351073,0.042672283051628276,0.048373288025417,0.06777239031453534,0.08558169633042097,0.10413240426687848,0.08119407698332008,0.08774309935345509,0.06629128301985703,0.064220978675139,0.07075446640190625,0.1025256118300238,0.084401015629865,0.08616752014297058,0.09667572430341542,0.12286289471167589,0.13558060017474183,0.11354168062589355,0.1108118056330421,0.0885950891644162,0.12149570314217635,0.08349107048610008,0.12368833867355042,0.07002398794281177,0.10515983885464655,0.12095716128673552,0.1778880117172359,0.15092065477204128,0.057441120895949174,0.08947416048610007,0.08254669130897538,0.07581640424781573,0.08493724047815725,0.0756039919825258,0.08587751220651307,0.07846938587132646,0.10439103744718031,0.0818313653534551,0.08923175800476571,0.08173999749960285,0.08606578054328834,0.0764161877013503,0.06412019482287529,0.0903396092565528,0.09864923083081809,0.0932114142573471,0.0789538268689436
Util ,0.03240530224622716,0.02803085438602064,0.025133072616362193,0.022207568730738675,0.026047027119936464,0.030953674770452733,0.03807804648133438,0.04865288898490867,0.036797709254964256,0.03999972293566324,0.03108972329785544,0.03042387179666402,0.03275697483717237,0.04465720186179508,0.039365866789515494,0.038702695758538526,0.04316698345353455,0.05312474436219221,0.05716386586179508,0.05034909582843525,0.048142448826052404,0.03911692035583796,0.053317542538522646,0.03912852120095312,0.056158592406671946,0.033503760095313743,0.04183958644003177,0.04744025051628278,0.06831145397299444,0.057441120895949174,0.0335475990214456,0.0412827246957903,0.03811480149960285,0.03501801449404288,0.03713498417156473,0.03462720894042891,0.037657808139793476,0.034820988333598084,0.047759698312946776,0.03772468432088958,0.040376915780778386,0.03696927046227165,0.03970499067831612,0.034367535421763296,0.02967584850833995,0.043515653585385214,0.04370289014773632,0.042353586624304995,0.036329386027005556
Telcm,0.053306459437648945,0.04411422284988088,0.04013855993328038,0.03219743808419381,0.036157714961080216,0.05178186573788722,0.06412215269261316,0.08319338310405085,0.062201625407466245,0.06574884426052423,0.05039826156314537,0.04944590224622716,0.05518874096902303,0.07396044975059571,0.06318759546624304,0.06452248965845911,0.07130046930262116,0.08778966480381255,0.09357266316123905,0.08097851414773631,0.07963077516123909,0.0652096136711676,0.08922179563463069,0.062259454255758524,0.09064364535345514,0.05480564463860206,0.06328104744400316,0.07765660346306591,0.10942225519301033,0.08947416048610007,0.0412827246957903,0.07552877655917398,0.0637738809626688,0.0579042071104051,0.06337755506592535,0.05811316324384432,0.06409266830182685,0.058452443914217625,0.07809014561080224,0.05786203320095316,0.06795858868308184,0.060861265105639384,0.06725106326926131,0.05935596230659252,0.04967301130103257,0.06858289899602857,0.07409646826370135,0.07078431369340746,0.05896603545035742
PerSv,0.04984942221445592,0.04202499756314535,0.037589713339158046,0.030007836633836372,0.032636594649721996,0.047587988249404294,0.06091318732327243,0.07625354183637811,0.058080336014297046,0.062223347518665595,0.04891441595075458,0.04697414893725178,0.05131961594916601,0.06819252604765684,0.05935515065766481,0.06057883477362987,0.06732009380301826,0.08234815704686257,0.0885604193328038,0.07686456599523434,0.07447872763463065,0.06087757879110405,0.08371811912311357,0.05942644259094521,0.08633212529785544,0.051890043097696584,0.05931472552660841,0.07122001463065926,0.10104011109769657,0.08254669130897538,0.03811480149960285,0.0637738809626688,0.07393777521683877,0.05522641133280381,0.05974044365528196,0.054702488344718025,0.06009737860841938,0.055476729922160434,0.07283662842414614,0.05455289018268468,0.06316579991104052,0.05777722657029389,0.06378458003494836,0.05516858318983319,0.04607515990627482,0.0638102663494837,0.0696824093852264,0.06597466200953138,0.05516800688482922
BusSv,0.046189900467037324,0.038193451304209675,0.033952446675139,0.02703059689594916,0.029932430805401113,0.043292762347895156,0.05454620603653694,0.06912455716600473,0.052797885442414615,0.056951944047656876,0.04376783133598094,0.0431104496203336,0.04742240908657665,0.06257782392692612,0.05490131385861797,0.05413661045274029,0.06142441628911834,0.07578700973153296,0.08033224784749803,0.07014754497855441,0.06840303354408257,0.05625970556632248,0.07583765173629863,0.05416015057347101,0.07853651687053216,0.046531871453534546,0.053914732730738685,0.06702990649722002,0.09198624637966646,0.07581640424781573,0.03501801449404288,0.0579042071104051,0.05522641133280381,0.05293003355679111,0.05468565058935663,0.05010234122001589,0.055148476034948365,0.05112273432247815,0.06566479678792693,0.05095101861795076,0.057812999529785525,0.052679133178713256,0.057210345308975376,0.04984367340428911,0.04192128938204925,0.05836385293407465,0.06125462714535346,0.06040854606830817,0.05077097443050041
Hardw,0.05006592336139792,0.04053639252422558,0.037627322943606045,0.02886026725814138,0.03231893319777601,0.04799501101985702,0.059495024813343914,0.0736332578141382,0.05745498751231135,0.06317345591262906,0.04725232762351073,0.04683618615409055,0.05202651571088165,0.06945817279269262,0.06008131043844322,0.05842211864972201,0.06644095871485305,0.08126924981572675,0.08986394339952344,0.07844661837331214,0.07607042737728353,0.06208346921525021,0.08332839299761712,0.05899829075297856,0.08627623142970614,0.0503751938522637,0.06106931015250197,0.07474075807783953,0.10434652172200155,0.08493724047815725,0.03713498417156473,0.06337755506592535,0.05974044365528196,0.05468565058935663,0.06974742090389198,0.056320890305003986,0.06346394186814931,0.05735883964098491,0.07176645653216839,0.05582249529785544,0.06302413689594917,0.05777354153137411,0.06291205138681494,0.05506113004289119,0.0451185336918189,0.06251462118030181,0.06693201752501987,0.06636737379666402,0.055831105521842735
Softw,0.04590574158538521,0.03747518103574267,0.033964029879269254,0.027766136945194603,0.029117057003971412,0.042965536617950766,0.054379037394757745,0.06775889944718033,0.05253873488006353,0.057238934997617175,0.043174039153296255,0.04292000789833201,0.0473681935186656,0.06423579080063543,0.05423290079904684,0.054033426671961864,0.060246378114376484,0.07494987893089754,0.07984695874503574,0.07028982446068308,0.06828855466560761,0.056233100687847495,0.07590473934233517,0.05332635526131851,0.0777218017553614,0.04647483922160444,0.05569551474662429,0.06683826781572674,0.09106265835107227,0.0756039919825258,0.03462720894042891,0.05811316324384432,0.054702488344718025,0.05010234122001589,0.056320890305003986,0.05424862444956314,0.05643814134710088,0.05128770421286734,0.06588499795234312,0.05002770381254964,0.05762008925814137,0.052420999081810964,0.05723806898173153,0.050012736848292286,0.0415667975647339,0.057536667178713266,0.06193910836536932,0.060466632891183474,0.050421262617950754
Chips,0.05151776140428911,0.04113054757108817,0.03775652845432883,0.029900163567911024,0.032083629343923746,0.04862448425416998,0.060505707704527414,0.07442609892930899,0.057923944505162826,0.0633187298141382,0.047677212876886414,0.04697201368705323,0.052514267863383625,0.0703826278347895,0.060696394748212854,0.05930517515488483,0.06726088297696585,0.08359113281334395,0.09044927208895948,0.07784075841779191,0.07639549943764892,0.06290497377918981,0.08453570066401907,0.0591984710500397,0.08654392700555998,0.05121277636219222,0.061911463151707716,0.07625729458300237,0.10531861429070691,0.08587751220651307,0.037657808139793476,0.06409266830182685,0.06009737860841938,0.055148476034948365,0.06346394186814931,0.05643814134710088,0.06707086634471804,0.058020190208101646,0.07209353705798252,0.05597220073073868,0.06404876245274026,0.05817339799205718,0.06302372929626687,0.055279833817315334,0.04548335594281176,0.06269941233042098,0.06746871381731528,0.06658563785544085,0.05626032725019857
LabEq,0.04697002318665608,0.038057026884829245,0.034443983761715646,0.028301159132644964,0.029847123888800637,0.0449316183669579,0.05503391647339157,0.06824708763145354,0.054176919259729936,0.05827340403812549,0.044615934414614755,0.04446864671008737,0.04901016800635424,0.06468078960762509,0.05629274803177124,0.05568001715647339,0.06235962139158061,0.07686867601906273,0.08320446443208895,0.07261691195552025,0.07059657449404287,0.057995200613185076,0.07809884389515485,0.055136506455917375,0.07995858381254964,0.04788614563939634,0.05607857853216839,0.07008924829229546,0.09492007886258935,0.07846938587132646,0.034820988333598084,0.058452443914217625,0.055476729922160434,0.05112273432247815,0.05735883964098491,0.05128770421286734,0.058020190208101646,0.057677949235901506,0.06717408740587767,0.051424490706910256,0.059031548397140574,0.0540402576076251,0.05778754520730739,0.05119692888324068,0.04256324196028593,0.058264528479745815,0.06167899312470213,0.06145334282764099,0.05192299440190628
Paper,0.061668111370929306,0.050706466373312144,0.043592994136616374,0.035458254117553614,0.03991744972835585,0.06013187386973789,0.07408171164416202,0.09468087968546465,0.07095426406195393,0.0761543202239873,0.05758666422081018,0.05591218959809371,0.0619657543764893,0.08482165561397934,0.07394431160127084,0.07714517355043687,0.0825097875822081,0.10270194215567909,0.10849575169181887,0.09512872282446386,0.09235804899444,0.07463341169658458,0.10584043478316119,0.07209711843844323,0.10606405300238284,0.062443974344718,0.07658884383320096,0.08925172195393168,0.12785990006671963,0.10439103744718031,0.047759698312946776,0.07809014561080224,0.07283662842414614,0.06566479678792693,0.07176645653216839,0.06588499795234312,0.07209353705798252,0.06717408740587767,0.10680356246386019,0.07090207617156476,0.07800377599364573,0.06980203326767277,0.07651699396981733,0.0674140707640985,0.0575619414884829,0.08057232941858616,0.08540452218586184,0.08097939730738678,0.06748069543764891
Boxes,0.04675855370929308,0.03979902506751389,0.033581965131056386,0.02735444541699761,0.032760746465448756,0.04442857917394757,0.0566368535345512,0.0695006079110405,0.05407918444797457,0.05844173945988881,0.04414291687053215,0.04205394570293884,0.04640011742652898,0.06575263023034152,0.05720839308975376,0.05743112003177124,0.06375010508339951,0.0763767616997617,0.08671993782366959,0.07433038598888007,0.0713136625893566,0.05758239601270851,0.07935831640984907,0.05569533961874503,0.08077949888800633,0.04751402719618744,0.059028275472597314,0.07139184165210484,0.1025455878316124,0.0818313653534551,0.03772468432088958,0.05786203320095316,0.05455289018268468,0.05095101861795076,0.05582249529785544,0.05002770381254964,0.05597220073073868,0.051424490706910256,0.07090207617156476,0.07027687247021447,0.059923157712470206,0.05395175056393964,0.05831937925337568,0.05195233267672756,0.04218945761715646,0.060652747847498016,0.06432268555996823,0.06230167633042098,0.05205766630659254
