,Agric,Food ,Soda ,Beer ,Smoke,Toys ,Fun  ,Books,Hshld,Clths,Hlth ,MedEq,Drugs,Chems,Rubbr,Txtls,BldMt,Cnstr,Steel,FabPr,Mach ,ElcEq,Autos,Aero ,Ships,Guns ,Gold ,Mines,Coal ,Oil  ,Util ,Telcm,PerSv,BusSv,Hardw,Softw,Chips,LabEq,Paper,Boxes,Trans,Whlsl,Rtail,Meals,Banks,Insur,RlEst,Fin  ,Other
Agric,0.10061219610961082,0.04260937140746624,0.04110007784749801,0.029374992632247826,0.0379932860587768,0.04560382517553614,0.06016263620333597,0.0738912387593328,0.05850660500714853,0.06077095939634633,0.050074087054805386,0.049072531450357434,0.053672355048451144,0.07230441749642576,0.06234842397934869,0.06002021671326448,0.06861828953931692,0.08490020462589357,0.09363562652899127,0.08357250666084196,0.07752601852581414,0.06374027666878475,0.0801232842827641,0.06130155578236696,0.0862613599952343,0.053309364994440014,0.06603327235583796,0.0814142001127879,0.1135035290071485,0.09239186270373315,0.04298163311199365,0.06569198471485306,0.05953254633200952,0.05483341925019856,0.061171983164416216,0.05565812487847498,0.061446622387609194,0.05587051780142971,0.07434039166481334,0.0591543821143765,0.06549140135027798,0.059619185640984895,0.06285914117553615,0.055394836888006366,0.047644237855440814,0.06602922650039714,0.0690470307084988,0.06922598240031769,0.05781562564098491
Food ,0.04260937140746624,0.0438054250849881,0.036811161231135814,0.02688251590468626,0.03359324539158063,0.040452387876092136,0.05201545361397935,0.06159451759968228,0.047274631027799836,0.05262662420969024,0.04114139690389197,0.03998030253852263,0.04427898613661636,0.058885852127084984,0.05202904985702938,0.048825385498014295,0.056170018387609204,0.07011412364098492,0.07580927034154089,0.06614679887688642,0.06334656470532166,0.052739155477363,0.06990152691977762,0.051774712366957895,0.0694137264289118,0.044075121372517866,0.048721089671167575,0.06225894595869738,0.087764027974583,0.07151097428435264,0.036994453667990465,0.055854486319301025,0.051003072336775215,0.04654024851151708,0.05025838386338364,0.04633322230500397,0.049944156732327244,0.04620119630818109,0.06242419793963462,0.05174784776965846,0.05487329914217634,0.04922917488641779,0.05406343188244638,0.047905090216044464,0.04009933726767276,0.05811030278316123,0.05860156966004765,0.058335622257347106,0.04772834629229547
Soda ,0.04110007784749801,0.036811161231135814,0.07247815942017474,0.02785131674344717,0.03365528840349483,0.041028365814138205,0.04829750187450357,0.0580095150833995,0.04522455774424147,0.04957418773629864,0.038690549189833195,0.03944179262907069,0.043158545266084196,0.05726816249404288,0.048741153335980926,0.045181227092930897,0.052607778228752976,0.06345343320095312,0.07200895472597299,0.06204503854646545,0.060399397791898325,0.05132802574265289,0.06385106440031772,0.050403477736298656,0.06503556783955518,0.04217644231930103,0.050744561080222385,0.0625245723669579,0.08333314937251786,0.07021517575853851,0.03754543053216838,0.054660096314535334,0.04806387545671166,0.04422401904686259,0.04955785920571884,0.0449480101429706,0.04904667967434471,0.044272281207307376,0.05677859535345514,0.048322120436854646,0.051572070929308975,0.047457572478157274,0.05137962467037331,0.04606971957903097,0.03775701307386816,0.05476586225575853,0.05560951336775218,0.05529507081016679,0.04481481467037332
Beer ,0.029374992632247826,0.02688251590468626,0.02785131674344717,0.05070393919618743,0.02682883060841939,0.03178590331374106,0.03596013029388404,0.041169099250198564,0.033080490236695785,0.03781098176330422,0.029570115046862595,0.029036522598888,0.030995080454328833,0.043502148638602064,0.03702568992851469,0.03403841350595711,0.03977804938840349,0.04801740496266879,0.05558602414614773,0.0478501388181096,0.04484862319936457,0.03705297923113582,0.04938560564257347,0.03891222654487689,0.049622970379666405,0.030812156009531366,0.042871901057982525,0.04722118993169182,0.06377869499602862,0.05273847787768069,0.029120315151707696,0.03973927106592535,0.03519978924861,0.03211388761874503,0.03561819606671963,0.033665537286735506,0.035675110192216045,0.03329902969340746,0.042918185077045284,0.035402308819698164,0.03888585369340746,0.03574105572994439,0.037297462557585384,0.034169574713264504,0.02663420165210484,0.04055521157108816,0.041538588311358225,0.040193481432883246,0.0341466148403495
Smoke,0.0379932860587768,0.03359324539158063,0.03365528840349483,0.02682883060841939,0.06623244892136616,0.03518070902621128,0.04228794214455917,0.05086599746783162,0.03932413809054805,0.044959183606036526,0.03464025692454328,0.034511553950754566,0.03810820143288323,0.0511614363717236,0.04442794784749801,0.04098990518506751,0.046449265782366966,0.05493966851151708,0.061774424463860195,0.05451228054328832,0.0528831675107228,0.0448169169531374,0.05742830624940427,0.04515870095313742,0.05804335647021446,0.0398206523208896,0.04286229352184272,0.05123266493089754,0.07302391091342336,0.06311023823351865,0.035995730096902295,0.048092024101668,0.04226880375536139,0.03823051750913423,0.042364527097696565,0.03841285762351073,0.04127299260047656,0.03777351549483717,0.052574462878474976,0.04563940612231931,0.045888802255758546,0.04128620748848291,0.04506360505162828,0.03870967147577443,0.0337917551389992,0.05057006199841145,0.04867904996664018,0.04910811849722001,0.03912388478792692
Toys ,0.04560382517553614,0.040452387876092136,0.041028365814138205,0.03178590331374106,0.03518070902621128,0.08139501671803016,0.06153855799841143,0.07089634915329626,0.055183528381254975,0.061351262716441604,0.04629761691501192,0.04393331787768069,0.05010822949007147,0.06831767239396346,0.05974032559173948,0.057690101521842736,0.06433205105639395,0.07889785276568706,0.08525461833200952,0.07580685589197775,0.0722499823923749,0.061653441626687816,0.08190813898014294,0.05891221852263702,0.07923144498173154,0.050038310265289904,0.05842673859253374,0.07069738428594124,0.09739516600476565,0.08452457390945195,0.04108981831930104,0.06472523184114376,0.05649436226846703,0.05200593204765686,0.05856140479110407,0.052109134754567105,0.05807084616997617,0.05369744474662431,0.07242665306433675,0.05760006835266082,0.061810303320095294,0.05585298276092137,0.06184221277204129,0.05512670930579826,0.04604680073073868,0.06520908691977761,0.07097449211755362,0.06549689815409056,0.05503619388085783
Fun  ,0.06016263620333597,0.05201545361397935,0.04829750187450357,0.03596013029388404,0.04228794214455917,0.06153855799841143,0.09164290830818107,0.09177076770452741,0.07075170856235105,0.07821086916600477,0.058497225337569486,0.05730892447974584,0.06314858324066722,0.08615599930103256,0.07388258076250993,0.07361587845909451,0.08314028919777604,0.1039149419539317,0.11076402487688641,0.0958161672279587,0.09191245331215248,0.07641517787132646,0.10573399952343131,0.07342261640984908,0.10163330095313738,0.06334983529785543,0.07351387555202542,0.09338272833995237,0.12835902455917392,0.10454139250198571,0.04922234354249404,0.0818288983320095,0.0746462368864178,0.06720416851469418,0.07400126001588561,0.06695825834789515,0.07378025450357427,0.066962877299444,0.09250423655281971,0.07391231458300238,0.0805344761556791,0.07085647003971404,0.08064714373312154,0.07239201691818903,0.058810991453534536,0.08276501861795073,0.08695137447180301,0.08531322301826844,0.07010519299444001
Books,0.0738912387593328,0.06159451759968228,0.0580095150833995,0.041169099250198564,0.05086599746783162,0.07089634915329626,0.09177076770452741,0.15173160675297853,0.08723229920254169,0.0934463703574265,0.06994875813979347,0.06709008831135822,0.0737121410754567,0.10236524474344716,0.09134019090548055,0.0911688717855441,0.09889359123907863,0.12471449402382845,0.13008813293089752,0.1123046000111199,0.11091776295154883,0.09138347632565529,0.1269090467418586,0.08868600845909452,0.12485266442096901,0.07647927151072278,0.07964624551548846,0.10304839783796661,0.147929764050834,0.12104695832883239,0.059502741884034926,0.09976730294201747,0.0898018949070691,0.08143046055917395,0.08711036209372516,0.08023442322319299,0.08681442785861793,0.07933866523272438,0.11198321270373313,0.0865579746290707,0.09613501348689435,0.08429816722637015,0.09681735826846698,0.08546121056235106,0.07249723057982527,0.10052581813820491,0.10608899558220812,0.10165208322319295,0.08183734199999998
Hshld,0.05850660500714853,0.047274631027799836,0.04522455774424147,0.033080490236695785,0.03932413809054805,0.055183528381254975,0.07075170856235105,0.08723229920254169,0.07833838624940428,0.07378299040508342,0.05437605167911039,0.05268792107386813,0.05695179020810167,0.0801744613629865,0.07086402722795872,0.06943272132168386,0.07711514691024622,0.09622141477998412,0.10171187491660047,0.08816715964416202,0.08567848880698968,0.07093854668149323,0.09736035503097697,0.0694883183796664,0.09497574840984908,0.057450305588562345,0.06512799214614777,0.08411412427640984,0.11387299456711675,0.09497950678951547,0.04575279724860999,0.07467925807148533,0.06766117615885621,0.06188191055758537,0.0679683445019857,0.06191384910563938,0.06727019170135028,0.06271332246544876,0.08443050445750595,0.06704873584114376,0.07458432095313741,0.06582998988403495,0.0743331331850675,0.06590871827164414,0.05513269874503575,0.07525726574106435,0.08065931417315328,0.07752660256076255,0.0643069712025417
Clths,0.06077095939634633,0.05262662420969024,0.04957418773629864,0.03781098176330422,0.044959183606036526,0.061351262716441604,0.07821086916600477,0.0934463703574265,0.07378299040508342,0.09822033493248608,0.0587800526449563,0.0572037950754567,0.06215061579030977,0.0876296624940429,0.07673956317712471,0.07526210478157268,0.08312047968228754,0.10885478935663227,0.11171700781572681,0.0980721029070691,0.09411300638602065,0.07811610233518666,0.10721139030976966,0.07760513032565529,0.10561180851469422,0.06394822846703732,0.06888109477362987,0.0906760895313741,0.127636162446386,0.10302889982525813,0.05096652476568705,0.08115605013502783,0.07505304295472597,0.06771045369340745,0.07579826649722,0.06887147313741061,0.07465017264495633,0.06859709709293088,0.09291918433677525,0.07439606859412233,0.08275629302621125,0.07264023745830023,0.0866529465607625,0.0750339643844321,0.057840955901509145,0.08318521258141381,0.08813352590945192,0.08522036988085782,0.07038008692613185
Hlth ,0.050074087054805386,0.04114139690389197,0.038690549189833195,0.029570115046862595,0.03464025692454328,0.04629761691501192,0.058497225337569486,0.06994875813979347,0.05437605167911039,0.0587800526449563,0.05759313933439238,0.047654908797458304,0.051898390362192195,0.06692466852104846,0.058254535416997606,0.05526375785702938,0.06348385447974585,0.0791754195901509,0.08522806830818111,0.07508388421445591,0.07093502402223986,0.05994989276092136,0.07916822985861796,0.05730202699761716,0.07968914117077046,0.04942061624146148,0.05725611480222398,0.07015669302779987,0.09714606311358223,0.0817082056108022,0.040536423803018265,0.06262569448451151,0.05864747478316122,0.0527748085432883,0.05736018793010325,0.05238370424305002,0.056976810139793485,0.05326264717394759,0.07008768794757744,0.056827525513899926,0.06140367245432881,0.05587470105003971,0.06020879416997616,0.05351356437013502,0.04456165580619539,0.0648401294392375,0.06574521433042096,0.06423224189197775,0.053765000525814115
MedEq,0.049072531450357434,0.03998030253852263,0.03944179262907069,0.029036522598888,0.034511553950754566,0.04393331787768069,0.05730892447974584,0.06709008831135822,0.05268792107386813,0.0572037950754567,0.047654908797458304,0.05239843288959491,0.05208642882287529,0.06572160402223987,0.05653559949166005,0.05413168004447974,0.06200762961080222,0.07718440155043683,0.08323282039714057,0.07232189138046068,0.06956888120095314,0.0587612442319301,0.07656759979030976,0.05588783288324065,0.07686030645909449,0.049237265849086574,0.055454196098490866,0.07049990422239871,0.09631918338363779,0.0793453434090548,0.039731178033359814,0.061704098115965056,0.05638951438919778,0.051931691793486896,0.056729923234312946,0.05191098616044479,0.05618701439872913,0.05290544484193806,0.0679200190373312,0.05425925558061954,0.06008309852263703,0.05445244055281969,0.058847330548054,0.051530054150913426,0.04403625172359016,0.06253971837331214,0.06356774841620333,0.06359855019539318,0.05317647991739476
Drugs,0.053672355048451144,0.04427898613661636,0.043158545266084196,0.030995080454328833,0.03810820143288323,0.05010822949007147,0.06314858324066722,0.0737121410754567,0.05695179020810167,0.06215061579030977,0.051898390362192195,0.05208642882287529,0.06576132419221603,0.07283050433995233,0.06179352138999205,0.05815194111675934,0.06770435943606036,0.08477694493407467,0.09086163857029388,0.07868864730579825,0.07618999861159648,0.06461475504209689,0.08378692585861791,0.061447070031771245,0.08351616416362191,0.05487185218745037,0.06076460426370136,0.07804392159332803,0.10331434387609209,0.08750429877045275,0.04332598772359015,0.06863140164257346,0.06104626133121524,0.05698991614614773,0.06272769036695791,0.05701065490548054,0.062384438266878464,0.05802512296743447,0.07473158209531375,0.059884906772041294,0.06555474276409849,0.059521458861000784,0.06455297739475774,0.05704080170452741,0.04756482473391581,0.06766612528355839,0.06884243606513106,0.06900432621604448,0.058169817717235894
Chems,0.07230441749642576,0.058885852127084984,0.05726816249404288,0.043502148638602064,0.0511614363717236,0.06831767239396346,0.08615599930103256,0.10236524474344716,0.0801744613629865,0.0876296624940429,0.06692466852104846,0.06572160402223987,0.07283050433995233,0.11376311395710885,0.08670637596505165,0.08067710972835584,0.0944206195234313,0.12023175496108023,0.13362957197776013,0.1140716954440032,0.10903727988562353,0.09003963514217633,0.12081152591580621,0.08679665771247021,0.1177842239523431,0.07257581600635422,0.09658741870055601,0.11512105790945197,0.16296356911834786,0.13055620506433674,0.060631958373312166,0.0933822355710882,0.08224636121366163,0.07644323725496427,0.08542433726449564,0.07890173984749801,0.08545075469737887,0.07808178494678314,0.1042557185099285,0.08601689822716442,0.09126189579030979,0.08242480354884828,0.08932605188244637,0.07963867090389198,0.06553046449563145,0.09473671375377284,0.09918806181731535,0.09642964860047655,0.07888411509769656
Rubbr,0.06234842397934869,0.05202904985702938,0.048741153335980926,0.03702568992851469,0.04442794784749801,0.05974032559173948,0.07388258076250993,0.09134019090548055,0.07086402722795872,0.07673956317712471,0.058254535416997606,0.05653559949166005,0.06179352138999205,0.08670637596505165,0.09156817568705318,0.07193085868943605,0.08255042650516281,0.10029962799046861,0.11083157896743448,0.09547113899126293,0.09260004449563146,0.07734254594916598,0.10380661795075458,0.07490231031771245,0.10236951813343922,0.061033170770452734,0.06886601753772835,0.08810486267672757,0.12412525552025418,0.10375835818903893,0.051934292740270054,0.0797543462907069,0.07222998617950756,0.06651397650516282,0.07381040840349484,0.06682554328038125,0.0727897724305004,0.06747673216838762,0.09102005017474186,0.07396143397140588,0.07957680767275614,0.07095892537728353,0.07779120573471004,0.06752869001588563,0.058626749849086564,0.08270037774424145,0.08584626423351867,0.08356853818109611,0.06844059266878476
Txtls,0.06002021671326448,0.048825385498014295,0.045181227092930897,0.03403841350595711,0.04098990518506751,0.057690101521842736,0.07361587845909451,0.0911688717855441,0.06943272132168386,0.07526210478157268,0.05526375785702938,0.05413168004447974,0.05815194111675934,0.08067710972835584,0.07193085868943605,0.10753177622081019,0.08062310525019856,0.10035339417315327,0.10372025674344716,0.08865234445274028,0.08724304899444002,0.07119757921048452,0.09836945654646546,0.06892992129467831,0.09766717993169181,0.06086190224622715,0.06610251070373312,0.08551640279745829,0.11546085227958697,0.0977617739666402,0.046664533953931685,0.07549251853534551,0.06917409143129467,0.0621132989960286,0.06791354818427321,0.06233731488641779,0.06747109684352662,0.06369417797617155,0.08944680413502777,0.06872603915965049,0.0768146651151708,0.06712196135186656,0.07540274238284352,0.06771432929467831,0.054841750135027796,0.07782184067037329,0.08392992130420966,0.07742401221763304,0.06463836703891976
BldMt,0.06861828953931692,0.056170018387609204,0.052607778228752976,0.03977804938840349,0.046449265782366966,0.06433205105639395,0.08314028919777604,0.09889359123907863,0.07711514691024622,0.08312047968228754,0.06348385447974585,0.06200762961080222,0.06770435943606036,0.0944206195234313,0.08255042650516281,0.08062310525019856,0.09965430906274819,0.11513989464654485,0.12286743075456712,0.10646471895949164,0.1020933483876092,0.08421734256552818,0.11262381362986498,0.08143214667990467,0.11287256450357426,0.06855742430500396,0.08125418465448768,0.10266880274027008,0.14391585424940428,0.11676622875297853,0.054939929308975365,0.08707146810166798,0.07963429166004765,0.0729229682446386,0.07998516014297065,0.0722992817553614,0.07925695058776806,0.07349742945194596,0.09896068621922156,0.08027697940428913,0.08670200602065131,0.07758597641779189,0.08549856907069102,0.07489991881652104,0.06337787296266878,0.08894543471008738,0.09430238710881653,0.09199127656076253,0.07494525781572677
Cnstr,0.08490020462589357,0.07011412364098492,0.06345343320095312,0.04801740496266879,0.05493966851151708,0.07889785276568706,0.1039149419539317,0.12471449402382845,0.09622141477998412,0.10885478935663227,0.0791754195901509,0.07718440155043683,0.08477694493407467,0.12023175496108023,0.10029962799046861,0.10035339417315327,0.11513989464654485,0.20588253252422556,0.1587277032565528,0.13339138048610005,0.1284447259475775,0.10727799313105642,0.14257524046386028,0.10114325731532964,0.13982320003812548,0.08496096805083399,0.11271269060524228,0.13245755032883239,0.18882329820492452,0.15005585274662425,0.06845769577124704,0.10904244749166007,0.0991497764765687,0.09132929298808577,0.09959249646386024,0.09155812780301827,0.10014971754725971,0.09190502711993644,0.1255275631389992,0.09951323137728357,0.10927860972200154,0.09640914003494837,0.10882850471803017,0.09609141854169978,0.08182285366163622,0.12105023174583004,0.11895079001111994,0.11532170711993645,0.09523637615885623
Steel,0.09363562652899127,0.07580927034154089,0.07200895472597299,0.05558602414614773,0.061774424463860195,0.08525461833200952,0.11076402487688641,0.13008813293089752,0.10171187491660047,0.11171700781572681,0.08522806830818111,0.08323282039714057,0.09086163857029388,0.13362957197776013,0.11083157896743448,0.10372025674344716,0.12286743075456712,0.1587277032565528,0.18739465537728348,0.15063982624305008,0.1424158839396346,0.1161577536457506,0.15300967707704524,0.11061765153296264,0.15162404784749797,0.09142993626687848,0.1332391379507545,0.1561730148689436,0.22956318316123914,0.1734197993328038,0.07697324597299443,0.11755070659253376,0.10588510271644164,0.09758130942017475,0.11016123297855439,0.09843451056393962,0.10938531361397935,0.09990763885623512,0.13199765979348688,0.1115178607466243,0.11727547672756154,0.1062140767593328,0.11377389677521843,0.10102394570293882,0.08185961598093724,0.12038962837172358,0.1267494730420969,0.12347767971405872,0.10226689667990464
FabPr,0.08357250666084196,0.06614679887688642,0.06204503854646545,0.0478501388181096,0.05451228054328832,0.07580685589197775,0.0958161672279587,0.1123046000111199,0.08816715964416202,0.0980721029070691,0.07508388421445591,0.07232189138046068,0.07868864730579825,0.1140716954440032,0.09547113899126293,0.08865234445274028,0.10646471895949164,0.13339138048610005,0.15063982624305008,0.1733796061938046,0.12257064331374104,0.10123719046703733,0.13244813319777599,0.09771127381254965,0.13326237461636214,0.07977040027323269,0.107799167949166,0.12642005401588566,0.1883189892136617,0.14586669613343922,0.06645501009054805,0.10068746296108022,0.0919054200603654,0.08470444447021448,0.09579204391739472,0.08598089382525814,0.0936139729451946,0.08673078190309771,0.11523394749642571,0.09609569616044476,0.10051903420174739,0.09232288707386814,0.09935847146942019,0.08735401714535343,0.07229481637807786,0.103422105045274,0.10859534465925338,0.1072077490595711,0.08895371338046068
Mach ,0.07752601852581414,0.06334656470532166,0.060399397791898325,0.04484862319936457,0.0528831675107228,0.0722499823923749,0.09191245331215248,0.11091776295154883,0.08567848880698968,0.09411300638602065,0.07093502402223986,0.06956888120095314,0.07618999861159648,0.10903727988562353,0.09260004449563146,0.08724304899444002,0.1020933483876092,0.1284447259475775,0.1424158839396346,0.12257064331374104,0.12067635514535344,0.09567381675297854,0.12750255773153293,0.09268627528196982,0.12751561196822872,0.07730786587450356,0.09846414995393162,0.12001246141699762,0.17300627472597305,0.13830643238125492,0.06363597243526609,0.09867600787291499,0.08858462858141382,0.08206505012867356,0.09211792969658457,0.08288718281493249,0.091193251669579,0.08381305377601272,0.11158738336139794,0.09126397163145353,0.097317284892772,0.08806830675456712,0.09558033143764891,0.08419387790627482,0.06982055917394756,0.10016227972041297,0.10528637423669583,0.10331322958220804,0.08481456302144559
ElcEq,0.06374027666878475,0.052739155477363,0.05132802574265289,0.03705297923113582,0.0448169169531374,0.061653441626687816,0.07641517787132646,0.09138347632565529,0.07093854668149323,0.07811610233518666,0.05994989276092136,0.0587612442319301,0.06461475504209689,0.09003963514217633,0.07734254594916598,0.07119757921048452,0.08421734256552818,0.10727799313105642,0.1161577536457506,0.10123719046703733,0.09567381675297854,0.09082374477998412,0.1048884966290707,0.07695754501191422,0.10488004559332804,0.0649664672787927,0.0759639711898332,0.09824332222875296,0.14041244764098493,0.11196226042255755,0.05245372805718824,0.08245805755996821,0.07362030031453536,0.06840876399364573,0.07632965500555994,0.06936302364257348,0.07605642358856236,0.06991719953613978,0.09183551972835581,0.07522318585067514,0.08101877275615567,0.07261361600158857,0.07853491153296266,0.0690058123796664,0.05908860795869739,0.08382766895313742,0.08751388423034151,0.08582427026687847,0.07086727153772836
Autos,0.0801232842827641,0.06990152691977762,0.06385106440031772,0.04938560564257347,0.05742830624940427,0.08190813898014294,0.10573399952343131,0.1269090467418586,0.09736035503097697,0.10721139030976966,0.07916822985861796,0.07656759979030976,0.08378692585861791,0.12081152591580621,0.10380661795075458,0.09836945654646546,0.11262381362986498,0.14257524046386028,0.15300967707704524,0.13244813319777599,0.12750255773153293,0.1048884966290707,0.160918586395552,0.10205617464654484,0.14115953590468625,0.0845274601175536,0.10371332401588565,0.12562353095472598,0.17943245140587766,0.1443375337124702,0.06745367508181094,0.10988374539793483,0.09991527668943602,0.09073661570770451,0.1003470351898332,0.09108506785702937,0.10000453211755361,0.09220853292454328,0.12870817062430492,0.10101346325019858,0.10963941159650517,0.0969502536870532,0.10834405188244638,0.09645142340905483,0.07910444184273234,0.11189343852581415,0.11646839821445591,0.11403475541858615,0.0948207778808578
Aero ,0.06130155578236696,0.051774712366957895,0.050403477736298656,0.03891222654487689,0.04515870095313742,0.05891221852263702,0.07342261640984908,0.08868600845909452,0.0694883183796664,0.07760513032565529,0.05730202699761716,0.05588783288324065,0.061447070031771245,0.08679665771247021,0.07490231031771245,0.06892992129467831,0.08143214667990467,0.10114325731532964,0.11061765153296264,0.09771127381254965,0.09268627528196982,0.07695754501191422,0.10205617464654484,0.08885485139793486,0.10135720145353454,0.06490118055599682,0.07162110760921364,0.09055639425734711,0.12907352532168384,0.1047964326290707,0.052986720762509924,0.07955913640984907,0.07247720108022239,0.06635144166799044,0.07345036208101667,0.06660445297061159,0.07252559208101667,0.0667445363621922,0.089859388649722,0.0743017117633042,0.08013276452740269,0.07077880574265286,0.07872091852263702,0.06894770429706114,0.056698054058776794,0.08263510832406674,0.08428258866560763,0.08363546741064334,0.06835943907069102
Ships,0.0862613599952343,0.0694137264289118,0.06503556783955518,0.049622970379666405,0.05804335647021446,0.07923144498173154,0.10163330095313738,0.12485266442096901,0.09497574840984908,0.10561180851469422,0.07968914117077046,0.07686030645909449,0.08351616416362191,0.1177842239523431,0.10236951813343922,0.09766717993169181,0.11287256450357426,0.13982320003812548,0.15162404784749797,0.13326237461636214,0.12751561196822872,0.10488004559332804,0.14115953590468625,0.10135720145353454,0.17244479075297856,0.08662685720095317,0.10160942461636217,0.12707315376806988,0.17754154578236697,0.1441499003399523,0.06813894860683083,0.10755170660206514,0.09943460335504366,0.09049502533121524,0.10037409292136615,0.0903750998522637,0.09898134168546463,0.09156968414932487,0.12323289431453527,0.09878031451469416,0.10977587146942017,0.09681813205242253,0.10748492265289912,0.09424456001111993,0.07772481151707702,0.11018209914853058,0.11266457534074663,0.11242797522954724,0.09382428900238282
Guns ,0.053309364994440014,0.044075121372517866,0.04217644231930103,0.030812156009531366,0.0398206523208896,0.050038310265289904,0.06334983529785543,0.07647927151072278,0.057450305588562345,0.06394822846703732,0.04942061624146148,0.049237265849086574,0.05487185218745037,0.07257581600635422,0.061033170770452734,0.06086190224622715,0.06855742430500396,0.08496096805083399,0.09142993626687848,0.07977040027323269,0.07730786587450356,0.0649664672787927,0.0845274601175536,0.06490118055599682,0.08662685720095317,0.08867839290865767,0.06301015271167593,0.0779525024050834,0.10513767930103257,0.0870119984559174,0.04355866518824464,0.06846943769976171,0.06203028883876092,0.05628808040031771,0.061195429687053216,0.05641859037966639,0.061374478144559146,0.057243118195393176,0.075871205324861,0.061186616241461496,0.06750344034948372,0.05912935069737885,0.06592855679110406,0.05750555959332803,0.04807442884829229,0.06885683769340745,0.07109344194440032,0.07025150840984909,0.05751984156314533
Gold ,0.06603327235583796,0.048721089671167575,0.050744561080222385,0.042871901057982525,0.04286229352184272,0.05842673859253374,0.07351387555202542,0.07964624551548846,0.06512799214614777,0.06888109477362987,0.05725611480222398,0.055454196098490866,0.06076460426370136,0.09658741870055601,0.06886601753772835,0.06610251070373312,0.08125418465448768,0.11271269060524228,0.1332391379507545,0.107799167949166,0.09846414995393162,0.0759639711898332,0.10371332401588565,0.07162110760921364,0.10160942461636217,0.06301015271167593,0.2878620127466243,0.15674985056076252,0.19785391850675138,0.1412061693026211,0.05425438839078634,0.07782365741699764,0.06595879705798252,0.06365769414455916,0.07343654045432882,0.06571502374583002,0.07353296502621126,0.06622267006830818,0.08787066088006353,0.07354320230023827,0.07018303234312946,0.06919823356314535,0.07020195215250197,0.06237456090230342,0.04620219072279586,0.0769259380079428,0.0798254873836378,0.08080527632724384,0.06824904627164415
Mines,0.0814142001127879,0.06225894595869738,0.0625245723669579,0.04722118993169182,0.05123266493089754,0.07069738428594124,0.09338272833995237,0.10304839783796661,0.08411412427640984,0.0906760895313741,0.07015669302779987,0.07049990422239871,0.07804392159332803,0.11512105790945197,0.08810486267672757,0.08551640279745829,0.10266880274027008,0.13245755032883239,0.1561730148689436,0.12642005401588566,0.12001246141699762,0.09824332222875296,0.12562353095472598,0.09055639425734711,0.12707315376806988,0.0779525024050834,0.15674985056076252,0.17757616033518667,0.21089297424940434,0.15875121256870528,0.06338537817950754,0.09795081944082602,0.08455643954884828,0.0816454402192216,0.09166383733439239,0.08207240217791899,0.09266127909928516,0.08458339081175538,0.10858106915488482,0.09178245271008736,0.09441336548054012,0.08838101966799046,0.09183397428117554,0.08313239561715648,0.06524241586973789,0.09674892302144555,0.10029192668943608,0.10259490478316123,0.08551673074027002
Coal ,0.1135035290071485,0.087764027974583,0.08333314937251786,0.06377869499602862,0.07302391091342336,0.09739516600476565,0.12835902455917392,0.147929764050834,0.11387299456711675,0.127636162446386,0.09714606311358223,0.09631918338363779,0.10331434387609209,0.16296356911834786,0.12412525552025418,0.11546085227958697,0.14391585424940428,0.18882329820492452,0.22956318316123914,0.1883189892136617,0.17300627472597305,0.14041244764098493,0.17943245140587766,0.12907352532168384,0.17754154578236697,0.10513767930103257,0.19785391850675138,0.21089297424940434,0.3875801286417792,0.24034419307386817,0.09478616273232726,0.13779155885623515,0.11939753226370137,0.11257467123113586,0.12893052209690237,0.11369625837966636,0.12900319699761714,0.11554318061953932,0.1553527538522637,0.13258262527402698,0.13272883053216836,0.12370590880063544,0.12838509080222393,0.11426719737887214,0.09110273563145356,0.13795529213661634,0.14550891537728353,0.14314934536934076,0.11958413313741069
Oil  ,0.09239186270373315,0.07151097428435264,0.07021517575853851,0.05273847787768069,0.06311023823351865,0.08452457390945195,0.10454139250198571,0.12104695832883239,0.09497950678951547,0.10302889982525813,0.0817082056108022,0.0793453434090548,0.08750429877045275,0.13055620506433674,0.10375835818903893,0.0977617739666402,0.11676622875297853,0.15005585274662425,0.1734197993328038,0.14586669613343922,0.13830643238125492,0.11196226042255755,0.1443375337124702,0.1047964326290707,0.1441499003399523,0.0870119984559174,0.1412061693026211,0.15875121256870528,0.24034419307386817,0.19900552626528997,0.07969839572359015,0.11295291208260524,0.09799835601588561,0.09249531789674344,0.10479007495472596,0.0934640999714059,0.1047253559904686,0.09520824535663223,0.12577151271803017,0.10596758994757745,0.10652874490865766,0.10068663785861795,0.10341722430500394,0.09190509781096111,0.07658882792692615,0.11357786567752187,0.12052450076568706,0.11617026502303412,0.09782067499920571
Util ,0.04298163311199365,0.036994453667990465,0.03754543053216838,0.029120315151707696,0.035995730096902295,0.04108981831930104,0.04922234354249404,0.059502741884034926,0.04575279724860999,0.05096652476568705,0.040536423803018265,0.039731178033359814,0.04332598772359015,0.060631958373312166,0.051934292740270054,0.046664533953931685,0.054939929308975365,0.06845769577124704,0.07697324597299443,0.06645501009054805,0.06363597243526609,0.05245372805718824,0.06745367508181094,0.052986720762509924,0.06813894860683083,0.04355866518824464,0.05425438839078634,0.06338537817950754,0.09478616273232726,0.07969839572359015,0.047643207841143766,0.055946186420969005,0.04824376169023034,0.04518295484034949,0.04925046784432089,0.04581119784590945,0.048871439161239066,0.044785322516282755,0.061408357000794285,0.052521813159650536,0.05252216397140588,0.04845863994281175,0.051727575154884825,0.04512295514535346,0.03836731177124701,0.05927125056076252,0.05721773837013505,0.057005585995234316,0.04752949948212866
Telcm,0.06569198471485306,0.055854486319301025,0.054660096314535334,0.03973927106592535,0.048092024101668,0.06472523184114376,0.0818288983320095,0.09976730294201747,0.07467925807148533,0.08115605013502783,0.06262569448451151,0.061704098115965056,0.06863140164257346,0.0933822355710882,0.0797543462907069,0.07549251853534551,0.08707146810166798,0.10904244749166007,0.11755070659253376,0.10068746296108022,0.09867600787291499,0.08245805755996821,0.10988374539793483,0.07955913640984907,0.10755170660206514,0.06846943769976171,0.07782365741699764,0.09795081944082602,0.13779155885623515,0.11295291208260524,0.055946186420969005,0.09558914434312946,0.07848605688324067,0.07165148887053216,0.07947665819857028,0.07256937114853056,0.07883824745671168,0.07171067006830817,0.09755766775853852,0.0774272343097697,0.08501758112787927,0.07567181921842733,0.08458650824463859,0.07494153591421764,0.06242850052422558,0.08949285041461476,0.09259647853534551,0.09093111081493246,0.07351628828911834
PerSv,0.05953254633200952,0.051003072336775215,0.04806387545671166,0.03519978924861,0.04226880375536139,0.05649436226846703,0.0746462368864178,0.0898018949070691,0.06766117615885621,0.07505304295472597,0.05864747478316122,0.05638951438919778,0.06104626133121524,0.08224636121366163,0.07222998617950756,0.06917409143129467,0.07963429166004765,0.0991497764765687,0.10588510271644164,0.0919054200603654,0.08858462858141382,0.07362030031453536,0.09991527668943602,0.07247720108022239,0.09943460335504366,0.06203028883876092,0.06595879705798252,0.08455643954884828,0.11939753226370137,0.09799835601588561,0.04824376169023034,0.07848605688324067,0.08669072720571881,0.06575725577124703,0.07181618422875298,0.06594835103415408,0.07121617612073071,0.06539671351231134,0.08853828357108814,0.06974009149483718,0.07694649655281971,0.06920440307545671,0.07798494888006355,0.0678278627736299,0.056456698967434465,0.0798906177474186,0.0843647377855441,0.08170785781731531,0.06594726525178712
BusSv,0.05483341925019856,0.04654024851151708,0.04422401904686259,0.03211388761874503,0.03823051750913423,0.05200593204765686,0.06720416851469418,0.08143046055917395,0.06188191055758537,0.06771045369340745,0.0527748085432883,0.051931691793486896,0.05698991614614773,0.07644323725496427,0.06651397650516282,0.0621132989960286,0.0729229682446386,0.09132929298808577,0.09758130942017475,0.08470444447021448,0.08206505012867356,0.06840876399364573,0.09073661570770451,0.06635144166799044,0.09049502533121524,0.05628808040031771,0.06365769414455916,0.0816454402192216,0.11257467123113586,0.09249531789674344,0.04518295484034949,0.07165148887053216,0.06575725577124703,0.0631557230881652,0.06616105225734713,0.0605100651596505,0.06567612910881651,0.0607127204257347,0.07967890582049246,0.06497084917871326,0.07018019409054806,0.06339008558856235,0.0694977666084194,0.06129399297537731,0.05100800819698173,0.07302010013661636,0.07484011106910245,0.07474470868625892,0.06134873883717235
Hardw,0.061171983164416216,0.05025838386338364,0.04955785920571884,0.03561819606671963,0.042364527097696565,0.05856140479110407,0.07400126001588561,0.08711036209372516,0.0679683445019857,0.07579826649722,0.05736018793010325,0.056729923234312946,0.06272769036695791,0.08542433726449564,0.07381040840349484,0.06791354818427321,0.07998516014297065,0.09959249646386024,0.11016123297855439,0.09579204391739472,0.09211792969658457,0.07632965500555994,0.1003470351898332,0.07345036208101667,0.10037409292136615,0.061195429687053216,0.07343654045432882,0.09166383733439239,0.12893052209690237,0.10479007495472596,0.04925046784432089,0.07947665819857028,0.07181618422875298,0.06616105225734713,0.08340998977601272,0.06847963660365369,0.07584643635583795,0.06840967693725178,0.08807902332962668,0.07229556454646545,0.07731993674344717,0.07005060969340747,0.07726319685464654,0.068118817096108,0.05560808826052423,0.0794089520635425,0.0820597882160445,0.08298956813661637,0.06802441388721207
Softw,0.05565812487847498,0.04633322230500397,0.0449480101429706,0.033665537286735506,0.03841285762351073,0.052109134754567105,0.06695825834789515,0.08023442322319299,0.06191384910563938,0.06887147313741061,0.05238370424305002,0.05191098616044479,0.05701065490548054,0.07890173984749801,0.06682554328038125,0.06233731488641779,0.0722992817553614,0.09155812780301827,0.09843451056393962,0.08598089382525814,0.08288718281493249,0.06936302364257348,0.09108506785702937,0.06660445297061159,0.0903750998522637,0.05641859037966639,0.06571502374583002,0.08207240217791899,0.11369625837966636,0.0934640999714059,0.04581119784590945,0.07256937114853056,0.06594835103415408,0.0605100651596505,0.06847963660365369,0.06542093377442414,0.06752343452422557,0.0612284953709293,0.08066238966322477,0.06505303450516285,0.07083792710087371,0.06375066786497219,0.07035633501191421,0.06180442017633042,0.05133179216838761,0.07327920197299442,0.07617207528355835,0.07583384518030183,0.06137112270214456
Chips,0.061446622387609194,0.049944156732327244,0.04904667967434471,0.035675110192216045,0.04127299260047656,0.05807084616997617,0.07378025450357427,0.08681442785861793,0.06727019170135028,0.07465017264495633,0.056976810139793485,0.05618701439872913,0.062384438266878464,0.08545075469737887,0.0727897724305004,0.06747109684352662,0.07925695058776806,0.10014971754725971,0.10938531361397935,0.0936139729451946,0.091193251669579,0.07605642358856236,0.10000453211755361,0.07252559208101667,0.09898134168546463,0.061374478144559146,0.07353296502621126,0.09266127909928516,0.12900319699761714,0.1047253559904686,0.048871439161239066,0.07883824745671168,0.07121617612073071,0.06567612910881651,0.07584643635583795,0.06752343452422557,0.07849139885464655,0.0681017008228753,0.08701185191262908,0.07115973290389199,0.07706751474185863,0.06948816623193009,0.07594750009531374,0.06721540635901509,0.055222379586973784,0.07828114304368544,0.08152417994122321,0.08190505589038918,0.06732103101350277
LabEq,0.05587051780142971,0.04620119630818109,0.044272281207307376,0.03329902969340746,0.03777351549483717,0.05369744474662431,0.066962877299444,0.07933866523272438,0.06271332246544876,0.06859709709293088,0.05326264717394759,0.05290544484193806,0.05802512296743447,0.07808178494678314,0.06747673216838762,0.06369417797617155,0.07349742945194596,0.09190502711993644,0.09990763885623512,0.08673078190309771,0.08381305377601272,0.06991719953613978,0.09220853292454328,0.0667445363621922,0.09156968414932487,0.057243118195393176,0.06622267006830818,0.08458339081175538,0.11554318061953932,0.09520824535663223,0.044785322516282755,0.07171067006830817,0.06539671351231134,0.0607127204257347,0.06840967693725178,0.0612284953709293,0.0681017008228753,0.06710166433042097,0.08061773243526606,0.06494522000953137,0.0708274263383638,0.06427840005718824,0.06940116822875297,0.061869662169976164,0.05128646147736297,0.07250313447498012,0.07474752418745037,0.07515916421922164,0.062305499056393966
Paper,0.07434039166481334,0.06242419793963462,0.05677859535345514,0.042918185077045284,0.052574462878474976,0.07242665306433675,0.09250423655281971,0.11198321270373313,0.08443050445750595,0.09291918433677525,0.07008768794757744,0.0679200190373312,0.07473158209531375,0.1042557185099285,0.09102005017474186,0.08944680413502777,0.09896068621922156,0.1255275631389992,0.13199765979348688,0.11523394749642571,0.11158738336139794,0.09183551972835581,0.12870817062430492,0.089859388649722,0.12323289431453527,0.075871205324861,0.08787066088006353,0.10858106915488482,0.1553527538522637,0.12577151271803017,0.061408357000794285,0.09755766775853852,0.08853828357108814,0.07967890582049246,0.08807902332962668,0.08066238966322477,0.08701185191262908,0.08061773243526606,0.12754736454169974,0.09089452025893562,0.09631247756949958,0.08510868626370133,0.0952923864813344,0.0842409053582208,0.0710534152025417,0.10213741154249403,0.1043928688054011,0.10195519247498011,0.08307019587450357
Boxes,0.0591543821143765,0.05174784776965846,0.048322120436854646,0.035402308819698164,0.04563940612231931,0.05760006835266082,0.07391231458300238,0.0865579746290707,0.06704873584114376,0.07439606859412233,0.056827525513899926,0.05425925558061954,0.059884906772041294,0.08601689822716442,0.07396143397140588,0.06872603915965049,0.08027697940428913,0.09951323137728357,0.1115178607466243,0.09609569616044476,0.09126397163145353,0.07522318585067514,0.10101346325019858,0.0743017117633042,0.09878031451469416,0.061186616241461496,0.07354320230023827,0.09178245271008736,0.13258262527402698,0.10596758994757745,0.052521813159650536,0.0774272343097697,0.06974009149483718,0.06497084917871326,0.07229556454646545,0.06505303450516285,0.07115973290389199,0.06494522000953137,0.09089452025893562,0.09158139604606833,0.07820357714058776,0.0692648085957109,0.07636921428117553,0.06752698775377283,0.05565523461477363,0.08178073293407465,0.08306567539475776,0.08282452033518667,0.0670233427339158
