,Agric,Food ,Soda ,Beer ,Smoke,Toys ,Fun  ,Books,Hshld,Clths,Hlth ,MedEq,Drugs,Chems,Rubbr,Txtls,BldMt,Cnstr,Steel,FabPr,Mach ,ElcEq,Autos,Aero ,Ships,Guns ,Gold ,Mines,Coal ,Oil  ,Util ,Telcm,PerSv,BusSv,Hardw,Softw,Chips,LabEq,Paper,Boxes,Trans,Whlsl,Rtail,Meals,Banks,Insur,RlEst,Fin  ,Other
Agric,0.10441961665448768,0.04352608916282764,0.04160596303415408,0.029745654548054012,0.03896833106592534,0.046544536260524225,0.06208598652581413,0.07520885866560764,0.059569780022239865,0.06230772181096108,0.05023221180619539,0.04960386319301033,0.05437213522160445,0.07461957374106436,0.06328355583478953,0.060461107377283545,0.07000842498490867,0.08837153607307388,0.09632978514376489,0.08655436416838759,0.07961048180778396,0.06532321826211278,0.08195392695154885,0.06260427364575058,0.08751768600476567,0.055653631653693414,0.06716130669102462,0.0840565642732327,0.11818184989038921,0.09404019640984906,0.04391185210484512,0.06756288906433679,0.06100583589197774,0.056382667463065944,0.0631178392946783,0.05731028104527405,0.06285120816838762,0.05720318622081016,0.07620134217950751,0.06157892359015091,0.06724689447498013,0.06079781930420969,0.06501002721207307,0.05725707347418586,0.04890635994281175,0.06711292514058774,0.07048918427323272,0.07211479672756155,0.05897698618903893
Food ,0.04352608916282764,0.04469491214614773,0.03777377799841143,0.027413346252581423,0.03393597636536935,0.04116105310881651,0.05370098158220812,0.0627976379825258,0.048228772721207305,0.053858651596505144,0.04161842415250198,0.040514930166799044,0.045010515320095326,0.06032738549642572,0.05349898488641777,0.048959844476568704,0.05680386134392375,0.07197016893725179,0.07735022048610009,0.06755860468308184,0.06452655117712472,0.05403037495154884,0.07134302572200159,0.05284973013502782,0.07034936088959493,0.04541741271167593,0.049578536956314534,0.06363170692613185,0.09008968534074663,0.07230149702938841,0.037762787609213644,0.057328717111993645,0.0521718268435266,0.04757575097061158,0.05151258626211279,0.04739950444162033,0.050966990077839544,0.0470623602573471,0.0638409272660842,0.05312046824463862,0.05629252947418586,0.04999005455758538,0.0556576983161239,0.04925089868784749,0.04098109780460683,0.059168046405083406,0.06005157725178714,0.06050173394757747,0.04860201871644162
Soda ,0.04160596303415408,0.03777377799841143,0.07511702347100872,0.029094562279586973,0.03403909217633042,0.042233901159650505,0.05068603918189039,0.05972843864177917,0.046569628546465465,0.05125266976965844,0.039516925353455114,0.04020475234312947,0.04413421131850676,0.05876749794281176,0.05067283927720414,0.04578144369340745,0.053288634996028574,0.06577122855440827,0.07342742740270056,0.06325591138999206,0.061584846219221605,0.0527862148689436,0.06568895628276408,0.051742148339952346,0.06653432792692612,0.04371866223193011,0.04959101878474977,0.06271604728355837,0.08454236833200952,0.07004979374106433,0.03822580822875298,0.056544080659253364,0.0497339638522637,0.04549706692613186,0.051227978840349485,0.046323729984114374,0.05035032364575059,0.04531658437648927,0.05852731565528198,0.049975192136616345,0.053309218808578224,0.04851905251787132,0.05366401417791898,0.04798821307386815,0.038852067688641787,0.05637572277998411,0.05730831788721206,0.057799061223193,0.04582808456711676
Beer ,0.029745654548054012,0.027413346252581423,0.029094562279586973,0.05214934864336773,0.026842466015885615,0.032173845769658455,0.037380143480540105,0.04187856331215249,0.03359849664495631,0.03888028651310562,0.029893229728355834,0.029431657887212078,0.03136890225416999,0.044205347823669555,0.03778576511675933,0.03415501940111199,0.03998603743606036,0.04917845822239875,0.05597394596664019,0.0486555940079428,0.04560781695154885,0.03776630079745829,0.05066662657982526,0.03947293315329626,0.050046434106433675,0.03198524916123908,0.0417808176791104,0.047304688332009535,0.06429711850198572,0.05265363660047658,0.029659344019062756,0.040752039502779974,0.036317227153296265,0.032889188158856233,0.03661845380778395,0.03429756985067514,0.03612405089594917,0.033835361361397934,0.04380320646386022,0.035779478268467044,0.03987182682128673,0.03640493760762509,0.038567182946783164,0.03518194054646545,0.02740740365051628,0.041376317175536165,0.04246837234312946,0.041596229737887215,0.03479824426846703
Smoke,0.03896833106592534,0.03393597636536935,0.03403909217633042,0.026842466015885615,0.07147075091183479,0.035555327663224785,0.04339581557903097,0.05206216698173152,0.03985358148689434,0.045528732835583806,0.034855316692613186,0.034870473296266885,0.0389649715694996,0.05222716267672756,0.04494577275138999,0.04089717691977761,0.04682536267196188,0.05596501213185067,0.06296467959015091,0.055293163520254165,0.05398765581731533,0.04599104121366163,0.058335271650516274,0.04596088365369341,0.05886062327243845,0.04121925802859413,0.04474373611278791,0.051820455274027,0.0757169505941223,0.06422746306592532,0.036221944432088954,0.04925301014932486,0.042914036204924524,0.03884404009849086,0.04368939606671961,0.039317324427323275,0.04201726384908657,0.038571635486894365,0.05383056826528992,0.04679506679904687,0.04684600446068309,0.04191981640667196,0.04601403125496426,0.03907897467513899,0.034549432193804595,0.05164270817156473,0.04972487903097696,0.05111110678316124,0.03972606263542493
Toys ,0.046544536260524225,0.04116105310881651,0.042233901159650505,0.032173845769658455,0.035555327663224785,0.08319591209531375,0.06348767789038919,0.07209193423351865,0.05658508768228754,0.06298851024622713,0.046679445922160445,0.04441920988085782,0.050875305938046074,0.06969789817315328,0.060726979240667195,0.05808004761874502,0.06555219623828436,0.08169512424463861,0.08656663585702941,0.07686573661000795,0.07341069542811754,0.06296954933121522,0.08348911813185067,0.06026539177124702,0.08059079888800637,0.05124936915647338,0.058356024794281175,0.07096099567911039,0.0989564314598888,0.08453858322478158,0.04170075469420176,0.06644550860047656,0.05776401162192215,0.053202195126290715,0.06017663517712471,0.0533148441810961,0.0591034708308181,0.05455020283399523,0.07416614555679112,0.059256543860206505,0.06357871483399523,0.0568333162954726,0.06403272908657663,0.05700305424622717,0.04740253473550436,0.06665300076886416,0.07259202544876885,0.06813266684670373,0.05611073484352661
Fun  ,0.06208598652581413,0.05370098158220812,0.05068603918189039,0.037380143480540105,0.04339581557903097,0.06348767789038919,0.0952580462128673,0.09455784351866561,0.07311340933756946,0.08109858640190626,0.05964532535980936,0.05865247980937249,0.06503086732168387,0.0888625886973789,0.07664521545830023,0.0744702434678316,0.08528672807942812,0.10843866201906274,0.11360439397299443,0.09867220687529782,0.0941650228451152,0.07891453409372515,0.10867855433200954,0.07559320994440032,0.10412644147736298,0.06565369222716443,0.07354359901350277,0.09520009613185068,0.131649962330421,0.10547615745830022,0.05060996664019062,0.0847861836330421,0.07732114430976966,0.06944042631612392,0.07654870133756952,0.06917688910405084,0.07599585847339156,0.06880356134551231,0.09571261013343922,0.0764274056711676,0.08342460524861002,0.0727144624686259,0.08442457590945196,0.0754731802605242,0.0610088429833201,0.08512672095631454,0.08970859918983319,0.08947921213661636,0.07193239310087371
Books,0.07520885866560764,0.0627976379825258,0.05972843864177917,0.04187856331215249,0.05206216698173152,0.07209193423351865,0.09455784351866561,0.15555454366163618,0.08878722168387608,0.09561908743447178,0.07073624459094517,0.06784899332803812,0.07504250181890389,0.10459540496425733,0.09357246070691023,0.09153727684670374,0.09998236951548846,0.1279493477124702,0.13233467296266876,0.11455441849086576,0.11282118498014293,0.09304092660841935,0.12922872822875298,0.09013720927720413,0.1269045270055599,0.0784166884590945,0.07988932694996029,0.10428999748212868,0.15103993984908662,0.12192261375694995,0.060919114789515484,0.10193136286735505,0.0915858357347101,0.08317286768864178,0.08900008470214454,0.08204937622716443,0.08818617309769657,0.08073271563939635,0.11447365273232726,0.08879403474185862,0.0986674936616362,0.08566481617156474,0.09967584539316916,0.08770805231135823,0.07434312052422555,0.10269640656076251,0.1087702551389992,0.10508426160444796,0.08321771787926924
Hshld,0.059569780022239865,0.048228772721207305,0.046569628546465465,0.03359849664495631,0.03985358148689434,0.05658508768228754,0.07311340933756946,0.08878722168387608,0.08004587539952343,0.07590289664813343,0.05482600824781575,0.05324638401906275,0.05783929515806194,0.08224372484511519,0.0726437356282764,0.0698699472819698,0.07840885313423349,0.09970917909134235,0.10373894298332008,0.08985127018903892,0.08720117445274025,0.07265406607783956,0.09941673972359015,0.07076719920571882,0.0966806735186656,0.058918409540905464,0.06573182996346305,0.08540340490865769,0.11686012080381254,0.09557792505162829,0.04669876336775217,0.07649730383796663,0.06934003798888004,0.06334692503256552,0.06956520482287529,0.06323646090230339,0.0683483998760921,0.063754380025417,0.0866791331882446,0.06912164930897537,0.0767560126957903,0.06703313374424145,0.07700874606830817,0.06808575906592533,0.05670973833836377,0.07707089467196186,0.08300772965845911,0.08054921502779984,0.0654479847593328
Clths,0.06230772181096108,0.053858651596505144,0.05125266976965844,0.03888028651310562,0.045528732835583806,0.06298851024622713,0.08109858640190626,0.09561908743447178,0.07590289664813343,0.10101771329626685,0.05965350233518664,0.05816953026211279,0.06354936711675932,0.08987723923749003,0.07890861442414611,0.07595846277998411,0.08502120571882449,0.11305248063542492,0.11403149096108021,0.10068283672756158,0.09596590856235106,0.08009462100079426,0.10983742725972998,0.07932082255758538,0.10774882058776808,0.06536819291501192,0.06922736524225573,0.09204317699761719,0.13061119663224782,0.10367894198570292,0.051986707005559976,0.08360830478157266,0.07701955145353458,0.06951215857029389,0.07765142039714058,0.07063557925337567,0.07617693131056394,0.06994467787132645,0.09573656104845117,0.07685318430500394,0.08542940676727562,0.07418199348689433,0.09018674681493248,0.07777050532168388,0.05983995164416205,0.08541449747418586,0.09089854071485305,0.08887537016679908,0.07185698478157267
Hlth ,0.05023221180619539,0.04161842415250198,0.039516925353455114,0.029893229728355834,0.034855316692613186,0.046679445922160445,0.05964532535980936,0.07073624459094517,0.05482600824781575,0.05965350233518664,0.05774580148689436,0.04828785054805401,0.05264884699920571,0.06777527833200954,0.05913863265131056,0.055230109105639386,0.06381526040349482,0.08003897479586973,0.08612337868784747,0.07584610143288323,0.07160515242891183,0.0607814911644162,0.08009745415091342,0.05809561248610009,0.07998253362986497,0.0505875697505957,0.05719225287688642,0.07050380725972992,0.09846234360285941,0.08193455942811757,0.04104460479745829,0.06378204069579028,0.059484973410643356,0.05362385627323271,0.05838777138681492,0.05321876462907071,0.05767828204289118,0.05401278789197774,0.07102265881810962,0.05762711151707704,0.06215865689594916,0.0564100811056394,0.06118344443208895,0.054411426014297055,0.045114359733121515,0.06553628137887212,0.06665824994440032,0.06585374258935661,0.054284871259729923
MedEq,0.04960386319301033,0.040514930166799044,0.04020475234312947,0.029431657887212078,0.034870473296266885,0.04441920988085782,0.05865247980937249,0.06784899332803812,0.05324638401906275,0.05816953026211279,0.04828785054805401,0.05320559478951547,0.052978846258935654,0.06683712495631454,0.05770270964257347,0.05417197248610007,0.062365071803018285,0.0781599559332804,0.08433053788721206,0.07338064575059569,0.0702836260841938,0.059624535694996025,0.0774841205401112,0.05687899996822873,0.07716229531374107,0.05055855825258142,0.05549636117553614,0.07119194411437649,0.09842653248610007,0.07983051510722797,0.04024761769658459,0.06290939015091343,0.05726838579825259,0.05283741369340748,0.05776248610007942,0.05282712521048451,0.057055742621127885,0.05372886106433677,0.06890546627482128,0.05515655818903893,0.06101455764892772,0.05509153188244637,0.059890902335186666,0.05250949140587767,0.04447609601270849,0.06313225220015883,0.06472021518665604,0.06525517318506752,0.05380948822875296
Drugs,0.05437213522160445,0.045010515320095326,0.04413421131850676,0.03136890225416999,0.0389649715694996,0.050875305938046074,0.06503086732168387,0.07504250181890389,0.05783929515806194,0.06354936711675932,0.05264884699920571,0.052978846258935654,0.06688257666560764,0.07436773484511515,0.06330414824305004,0.05829884582525813,0.0683869171310564,0.08664600519301031,0.0924469212613185,0.08026009488800634,0.07731722717871325,0.06596709821763305,0.08516416998888007,0.06254392536934072,0.08443326463860205,0.05660408853534553,0.06143452570452741,0.07906875347895155,0.10596195222081017,0.08813706560762512,0.04402879348689437,0.07017693285623511,0.06239879330738682,0.05830012840984907,0.06416606905162826,0.05826805356473391,0.06358766910405084,0.0592086121731533,0.07629074502144559,0.06126436150913424,0.06702081543447179,0.06045720355202541,0.0660634322398729,0.058386658595710884,0.04836467472915012,0.06865798372994439,0.0704537629070691,0.07131600622716441,0.05912091446068309
Chems,0.07461957374106436,0.06032738549642572,0.05876749794281176,0.044205347823669555,0.05222716267672756,0.06969789817315328,0.0888625886973789,0.10459540496425733,0.08224372484511519,0.08987723923749003,0.06777527833200954,0.06683712495631454,0.07436773484511515,0.11721472520254167,0.08909040064336776,0.08126427038125493,0.09598811289912627,0.12405216993645748,0.1370593676092137,0.11702482341540901,0.11147973219221602,0.09257142347895152,0.12347328305003964,0.08883797261318506,0.11972020484511516,0.07491510369340745,0.09849263492454326,0.11853448677521845,0.16920752461477365,0.13266003307386812,0.062147099666401896,0.09589817997617156,0.08445275540111195,0.07848885402700556,0.08770912584590941,0.08082609643367752,0.08725760370929307,0.07973630694996027,0.10697858895154883,0.08901733224781574,0.09373644581413822,0.08409691825258142,0.09203054399523429,0.08195809348689434,0.06716178142970611,0.09666564405083401,0.10136850238284348,0.10016975170770454,0.08058036631453536
Rubbr,0.06328355583478953,0.05349898488641777,0.05067283927720414,0.03778576511675933,0.04494577275138999,0.060726979240667195,0.07664521545830023,0.09357246070691023,0.0726437356282764,0.07890861442414611,0.05913863265131056,0.05770270964257347,0.06330414824305004,0.08909040064336776,0.09653441101032564,0.0726212474392375,0.08389619934233516,0.10325321992216041,0.11336404655440821,0.09818799315011914,0.0947138301207308,0.07951403198093722,0.10643129317235901,0.07680327459888799,0.10451129072279586,0.06384501753296266,0.06899302411278792,0.09029012961874502,0.1278274840460683,0.10487213340746625,0.053544179952343125,0.0821884297331215,0.07486305735186656,0.0685381945448769,0.07588495998729149,0.06878929072438443,0.07446106152343131,0.06899836061477362,0.09363587774265288,0.07613815267672756,0.08231295679745829,0.07253990659888798,0.08052061991262907,0.07003018880698966,0.060362759647339156,0.0845889964765687,0.08829023969817314,0.0867884745353455,0.06984433305321686
Txtls,0.060461107377283545,0.048959844476568704,0.04578144369340745,0.03415501940111199,0.04089717691977761,0.05808004761874502,0.0744702434678316,0.09153727684670374,0.0698699472819698,0.07595846277998411,0.055230109105639386,0.05417197248610007,0.05829884582525813,0.08126427038125493,0.0726212474392375,0.10731075084829228,0.08057784784432089,0.10137847620810166,0.10446655456393965,0.08929654478792695,0.08771049774900716,0.0717287430595711,0.09891302074027006,0.0693471722954726,0.09800113310563938,0.06136347415567909,0.06621708414138204,0.08603680253375696,0.11704989072438442,0.09726791876092135,0.04665707113582208,0.07610815142335184,0.06935088940270054,0.06244862185544083,0.06832789797617157,0.06276066186338364,0.06769405076568705,0.06396673494996027,0.09018079038443207,0.06953477504368542,0.07719167906592533,0.06721314016203336,0.07638653187450356,0.06856526141699763,0.055292064676727565,0.07839485919936455,0.08456005472597297,0.07864331704527401,0.06475954459253376
BldMt,0.07000842498490867,0.05680386134392375,0.053288634996028574,0.03998603743606036,0.04682536267196188,0.06555219623828436,0.08528672807942812,0.09998236951548846,0.07840885313423349,0.08502120571882449,0.06381526040349482,0.062365071803018285,0.0683869171310564,0.09598811289912627,0.08389619934233516,0.08057784784432089,0.10049126531532966,0.11790412290071485,0.12460723983478951,0.10822513999682284,0.10328063724543288,0.08574662184590943,0.11424639642891182,0.08258509143764894,0.11355487577442414,0.06973953681016679,0.08105524335822079,0.1034194476409849,0.1463990496934075,0.11679368540111199,0.05571151091342334,0.08883330087688639,0.08096381902779984,0.07406828927084988,0.08132875159968227,0.07342601424305002,0.08014559427164418,0.07434359225099285,0.10093953740111196,0.08221141057982524,0.08836169598729149,0.07841925230182684,0.087759209451946,0.07667981007783957,0.06472620217315328,0.09035601323590152,0.09631784988085783,0.09471178351072278,0.07584121970135028
Cnstr,0.08837153607307388,0.07197016893725179,0.06577122855440827,0.04917845822239875,0.05596501213185067,0.08169512424463861,0.10843866201906274,0.1279493477124702,0.09970917909134235,0.11305248063542492,0.08003897479586973,0.0781599559332804,0.08664600519301031,0.12405216993645748,0.10325321992216041,0.10137847620810166,0.11790412290071485,0.21293833927084982,0.16250319854805395,0.13784926978236695,0.13143366413185065,0.11032864993169185,0.14689902003494837,0.10358797000794284,0.1429868290548054,0.08722235321207306,0.11267828328673553,0.1352115342414615,0.19401168275933278,0.15073039752184267,0.0699191073550437,0.11288124430023828,0.10228917320571886,0.09420339746783163,0.10292269307704525,0.0944368637029388,0.1026388927386815,0.0941244422827641,0.12977649196028596,0.10369804703733122,0.11357710780619541,0.09864259835424939,0.11429417894360604,0.1005106732867355,0.0851790396791104,0.1244837787164416,0.12317929723590154,0.12110629099285143,0.0974196460794281
Steel,0.09632978514376489,0.07735022048610009,0.07342742740270056,0.05597394596664019,0.06296467959015091,0.08656663585702941,0.11360439397299443,0.13233467296266876,0.10373894298332008,0.11403149096108021,0.08612337868784747,0.08433053788721206,0.0924469212613185,0.1370593676092137,0.11336404655440821,0.10446655456393965,0.12460723983478951,0.16250319854805395,0.1913349805814139,0.15454038269737883,0.14523398726926137,0.11890729371247019,0.15574619493566325,0.11310041356632246,0.15350255720413025,0.09402774148054009,0.13463698165845908,0.15950513637807787,0.23604198764416198,0.17571285953931687,0.07846168517871327,0.12024591110722797,0.10789283672438439,0.09968010906433676,0.11288021787450357,0.10062373074821286,0.1114752482192216,0.10167419898649722,0.13507861082446387,0.11489508657664813,0.11978526624940429,0.10792342342176332,0.11653162352660842,0.10353036420015885,0.08344360735186657,0.12215149669896741,0.1289935533915806,0.1273394466084194,0.10395841207625096
FabPr,0.08655436416838759,0.06755860468308184,0.06325591138999206,0.0486555940079428,0.055293163520254165,0.07686573661000795,0.09867220687529782,0.11455441849086576,0.08985127018903892,0.10068283672756158,0.07584610143288323,0.07338064575059569,0.08026009488800634,0.11702482341540901,0.09818799315011914,0.08929654478792695,0.10822513999682284,0.13784926978236695,0.15454038269737883,0.17705394609054806,0.12543243600953136,0.10383684510881651,0.13538857530738682,0.10016228501985702,0.13539114586179504,0.08229019058935665,0.1094542248324067,0.12974172076250992,0.19470031297220017,0.14860189401112,0.06774115110405085,0.1031777788975377,0.09421392604289115,0.08683204706592536,0.09824069772200159,0.08807713837648928,0.09573255719142175,0.08839639106592534,0.11805310591262906,0.09900670703733122,0.10319423115488482,0.09402763150436855,0.10230371227958696,0.08985582340270055,0.07392356400953136,0.10527368288482927,0.11099689420174745,0.11105295755361398,0.0906269138935663
Mach ,0.07961048180778396,0.06452655117712472,0.061584846219221605,0.04560781695154885,0.05398765581731533,0.07341069542811754,0.0941650228451152,0.11282118498014293,0.08720117445274025,0.09596590856235106,0.07160515242891183,0.0702836260841938,0.07731722717871325,0.11147973219221602,0.0947138301207308,0.08771049774900716,0.10328063724543288,0.13143366413185065,0.14523398726926137,0.12543243600953136,0.12287108500555996,0.09767182486417789,0.12965448335504368,0.09432212225575853,0.12882039111993646,0.07914372652422558,0.10002888630500396,0.1222735374185862,0.17778425565845912,0.13971360381254963,0.06483405245432883,0.10071886622239874,0.09018781759015095,0.08365257255917395,0.09398466854964255,0.08453897598252581,0.09259615002223986,0.08516369813661638,0.11383041161080225,0.09365365615567911,0.0992020663129468,0.08932318421604447,0.09779042351866561,0.08611653082446388,0.07116903910722795,0.10166809179030976,0.10728256818109613,0.106453141477363,0.0861156423621922
ElcEq,0.06532321826211278,0.05403037495154884,0.0527862148689436,0.03776630079745829,0.04599104121366163,0.06296954933121522,0.07891453409372515,0.09304092660841935,0.07265406607783956,0.08009462100079426,0.0607814911644162,0.059624535694996025,0.06596709821763305,0.09257142347895152,0.07951403198093722,0.0717287430595711,0.08574662184590943,0.11032864993169185,0.11890729371247019,0.10383684510881651,0.09767182486417789,0.0931489437077045,0.10719691574900717,0.07882613795075456,0.1067348571882446,0.06733089608260524,0.0773932990754567,0.10048933629864971,0.14493243949801432,0.11342558007942809,0.05352828247815726,0.08480786294519457,0.07531973626052421,0.07019570947100873,0.0785276065830024,0.07127305692136615,0.07790355324543288,0.07137770933121525,0.09416751470691025,0.07770615726767278,0.08310017310246227,0.07415951858300239,0.08098565769658458,0.07106592315806193,0.06046859176489277,0.08545921176171559,0.08958024511517076,0.08905928880063543,0.07240204016521049
Autos,0.08195392695154885,0.07134302572200159,0.06568895628276408,0.05066662657982526,0.058335271650516274,0.08348911813185067,0.10867855433200954,0.12922872822875298,0.09941673972359015,0.10983742725972998,0.08009745415091342,0.0774841205401112,0.08516416998888007,0.12347328305003964,0.10643129317235901,0.09891302074027006,0.11424639642891182,0.14689902003494837,0.15574619493566325,0.13538857530738682,0.12965448335504368,0.10719691574900717,0.1638175201652105,0.10370449324860999,0.1433248311358221,0.08667856022875298,0.10402927874185863,0.1273346626846703,0.1835075715393169,0.14506928212867357,0.06892157451945988,0.11248085792533755,0.10209978541064338,0.0926197569054805,0.1024960059793487,0.09297584650039713,0.10161529437331217,0.09376619997458303,0.13169479454805397,0.10386384447974581,0.11255562473073868,0.0985451262398729,0.11168813617156474,0.09922496102938837,0.08121682147100875,0.11422183180937256,0.11928200165210485,0.11805622738681493,0.09637320318347896
Aero ,0.06260427364575058,0.05284973013502782,0.051742148339952346,0.03947293315329626,0.04596088365369341,0.06026539177124702,0.07559320994440032,0.09013720927720413,0.07076719920571882,0.07932082255758538,0.05809561248610009,0.05687899996822873,0.06254392536934072,0.08883797261318506,0.07680327459888799,0.0693471722954726,0.08258509143764894,0.10358797000794284,0.11310041356632246,0.10016228501985702,0.09432212225575853,0.07882613795075456,0.10370449324860999,0.0909279616203336,0.10242973639396345,0.06685392686258936,0.07259620870532166,0.09198785280381254,0.13259047939634627,0.10584101613979348,0.05399556876886417,0.08144271602859411,0.0738425596822875,0.06780410935663224,0.0752222430500397,0.06817141010325656,0.0740014395869738,0.06800605172359016,0.09190946497220015,0.07630618961080224,0.08170579882446385,0.07196581639396345,0.08075006544876885,0.07086465788721208,0.05773605512311356,0.08385819869737887,0.08598835577442414,0.08627557515488482,0.06953866370135028
Ships,0.08751768600476567,0.07034936088959493,0.06653432792692612,0.050046434106433675,0.05886062327243845,0.08059079888800637,0.10412644147736298,0.1269045270055599,0.0966806735186656,0.10774882058776808,0.07998253362986497,0.07716229531374107,0.08443326463860205,0.11972020484511516,0.10451129072279586,0.09800113310563938,0.11355487577442414,0.1429868290548054,0.15350255720413025,0.13539114586179504,0.12882039111993646,0.1067348571882446,0.1433248311358221,0.10242973639396345,0.1745236762192216,0.08844910324066718,0.1009172989833201,0.1277446919618745,0.18084819140587763,0.14388534983320098,0.06917772552819698,0.10965632052422555,0.10117374130262113,0.09192638306592532,0.1018142543923749,0.09179190384432087,0.09990473961874502,0.09252632881652104,0.12509140325655282,0.10117366112787926,0.11207277801429705,0.0979006097855441,0.110300497680699,0.09665094637013502,0.07953363469420173,0.11198544295472594,0.1151206949324861,0.1156896261795075,0.09490325618745035
Guns ,0.055653631653693414,0.04541741271167593,0.04371866223193011,0.03198524916123908,0.04121925802859413,0.05124936915647338,0.06565369222716443,0.0784166884590945,0.058918409540905464,0.06536819291501192,0.0505875697505957,0.05055855825258142,0.05660408853534553,0.07491510369340745,0.06384501753296266,0.06136347415567909,0.06973953681016679,0.08722235321207306,0.09402774148054009,0.08229019058935665,0.07914372652422558,0.06733089608260524,0.08667856022875298,0.06685392686258936,0.08844910324066718,0.09438609273868151,0.06356630499285146,0.08006467174741858,0.10898262806830819,0.08847753181890386,0.0451914659571088,0.07107521140428912,0.06376199072438443,0.05826878999523431,0.06344484013343923,0.05830031548371722,0.06297284397617155,0.05889802587609212,0.07840408910722797,0.06334780675139,0.06969044401588562,0.06077259826528991,0.06770715892772042,0.05950013985385227,0.04940236137569498,0.07020327020492453,0.07277035804606831,0.07334176969023035,0.05922564320730739
Gold ,0.06716130669102462,0.049578536956314534,0.04959101878474977,0.0417808176791104,0.04474373611278791,0.058356024794281175,0.07354359901350277,0.07988932694996029,0.06573182996346305,0.06922736524225573,0.05719225287688642,0.05549636117553614,0.06143452570452741,0.09849263492454326,0.06899302411278792,0.06621708414138204,0.08105524335822079,0.11267828328673553,0.13463698165845908,0.1094542248324067,0.10002888630500396,0.0773932990754567,0.10402927874185863,0.07259620870532166,0.1009172989833201,0.06356630499285146,0.28609824135186657,0.15846985822875298,0.20043038650198566,0.14311025401111988,0.05494128819698174,0.07853217044162034,0.06624676814455917,0.06406343913264495,0.07439568579507545,0.06617976514535343,0.07392008343288325,0.06655145760603655,0.08878024309928512,0.07526379416997615,0.07044486471167591,0.06964439008101667,0.0698470201985703,0.06252312595075456,0.04617820610325654,0.07663650455599681,0.08009377326449565,0.0814496103256553,0.0687408052946783
Mines,0.0840565642732327,0.06363170692613185,0.06271604728355837,0.047304688332009535,0.051820455274027,0.07096099567911039,0.09520009613185068,0.10428999748212868,0.08540340490865769,0.09204317699761719,0.07050380725972992,0.07119194411437649,0.07906875347895155,0.11853448677521845,0.09029012961874502,0.08603680253375696,0.1034194476409849,0.1352115342414615,0.15950513637807787,0.12974172076250992,0.1222735374185862,0.10048933629864971,0.1273346626846703,0.09198785280381254,0.1277446919618745,0.08006467174741858,0.15846985822875298,0.18158185365369345,0.21827562598093722,0.16142304953137404,0.06453439691818902,0.09971053513105639,0.08581204844320889,0.0832059420333598,0.0934799933280381,0.08364571112787927,0.0939561901906275,0.08567505857823668,0.11049320180301823,0.0946188344559174,0.09565386204924542,0.08933749877680698,0.09317528857029386,0.0845720691183479,0.06611956570293882,0.09746921809372514,0.10163332608419379,0.10532496838760921,0.08678949233518665
Coal ,0.11818184989038921,0.09008968534074663,0.08454236833200952,0.06429711850198572,0.0757169505941223,0.0989564314598888,0.131649962330421,0.15103993984908662,0.11686012080381254,0.13061119663224782,0.09846234360285941,0.09842653248610007,0.10596195222081017,0.16920752461477365,0.1278274840460683,0.11704989072438442,0.1463990496934075,0.19401168275933278,0.23604198764416198,0.19470031297220017,0.17778425565845912,0.14493243949801432,0.1835075715393169,0.13259047939634627,0.18084819140587763,0.10898262806830819,0.20043038650198566,0.21827562598093722,0.40032783609054795,0.2463280417791898,0.0969280767593328,0.14082700986338362,0.12192226244797459,0.11560832089277204,0.13312658710722794,0.11664082736616363,0.1321465127132645,0.11815141092772041,0.15914456540587768,0.13766219642573474,0.13561276887688642,0.1263382327053217,0.13116444107227954,0.11712568730420968,0.09270268204289116,0.13975569187291498,0.14789299429706115,0.14758027024622716,0.12228814180937252
Oil  ,0.09404019640984906,0.07230149702938841,0.07004979374106433,0.05265363660047658,0.06422746306592532,0.08453858322478158,0.10547615745830022,0.12192261375694995,0.09557792505162829,0.10367894198570292,0.08193455942811757,0.07983051510722797,0.08813706560762512,0.13266003307386812,0.10487213340746625,0.09726791876092135,0.11679368540111199,0.15073039752184267,0.17571285953931687,0.14860189401112,0.13971360381254963,0.11342558007942809,0.14506928212867357,0.10584101613979348,0.14388534983320098,0.08847753181890386,0.14311025401111988,0.16142304953137404,0.2463280417791898,0.20147063288324069,0.08061672352660842,0.11399020219221602,0.09853340066719618,0.09334402922954725,0.10617087860206512,0.09431961461477363,0.10540281302621127,0.09585385760127084,0.12696773715647341,0.10768924165210482,0.10685793899920572,0.10122045413820492,0.10374452937251787,0.09237316381254965,0.07664919536139793,0.11372959224781574,0.12117031914217634,0.11785827853852261,0.09851966420969024
Util ,0.04391185210484512,0.037762787609213644,0.03822580822875298,0.029659344019062756,0.036221944432088954,0.04170075469420176,0.05060996664019062,0.060919114789515484,0.04669876336775217,0.051986707005559976,0.04104460479745829,0.04024761769658459,0.04402879348689437,0.062147099666401896,0.053544179952343125,0.04665707113582208,0.05571151091342334,0.0699191073550437,0.07846168517871327,0.06774115110405085,0.06483405245432883,0.05352828247815726,0.06892157451945988,0.05399556876886417,0.06917772552819698,0.0451914659571088,0.05494128819698174,0.06453439691818902,0.0969280767593328,0.08061672352660842,0.04889410713264495,0.05733497451945989,0.04963236505162829,0.04625850424146147,0.05045267552025417,0.04679239911040508,0.049726856330420954,0.045681649277204146,0.06291458478157264,0.05404975691818903,0.05399480559173946,0.049286882573471,0.05314968915011916,0.04627570360603654,0.039349711644162046,0.0605614057505957,0.05868844355837966,0.059136608101668,0.04839040765687054
Telcm,0.06756288906433679,0.057328717111993645,0.056544080659253364,0.040752039502779974,0.04925301014932486,0.06644550860047656,0.0847861836330421,0.10193136286735505,0.07649730383796663,0.08360830478157266,0.06378204069579028,0.06290939015091343,0.07017693285623511,0.09589817997617156,0.0821884297331215,0.07610815142335184,0.08883330087688639,0.11288124430023828,0.12024591110722797,0.1031777788975377,0.10071886622239874,0.08480786294519457,0.11248085792533755,0.08144271602859411,0.10965632052422555,0.07107521140428912,0.07853217044162034,0.09971053513105639,0.14082700986338362,0.11399020219221602,0.05733497451945989,0.09845654744876886,0.08076370923113585,0.07371604982049246,0.08189654949007148,0.07476918598411439,0.08084608680381254,0.07348948484352659,0.10046009403177122,0.0798902445274027,0.08789490816203335,0.07729570562033361,0.08766389795869736,0.07737146512787926,0.06433804290071485,0.09174483678157266,0.09517622365369338,0.09482479945988881,0.0752360515949166
PerSv,0.06100583589197774,0.0521718268435266,0.0497339638522637,0.036317227153296265,0.042914036204924524,0.05776401162192215,0.07732114430976966,0.0915858357347101,0.06934003798888004,0.07701955145353458,0.059484973410643356,0.05726838579825259,0.06239879330738682,0.08445275540111195,0.07486305735186656,0.06935088940270054,0.08096381902779984,0.10228917320571886,0.10789283672438439,0.09421392604289115,0.09018781759015095,0.07531973626052421,0.10209978541064338,0.0738425596822875,0.10117374130262113,0.06376199072438443,0.06624676814455917,0.08581204844320889,0.12192226244797459,0.09853340066719618,0.04963236505162829,0.08076370923113585,0.08972632250833998,0.0673071908149325,0.07347320498173152,0.06759302742335187,0.07245226827164415,0.06662240973947575,0.091115724649722,0.07213473107227959,0.07952673654011116,0.07053663029706114,0.08075399227164415,0.07017470024146147,0.05816996882287529,0.08195801405242255,0.08681333011914216,0.08518041801429706,0.0673443031310564
BusSv,0.056382667463065944,0.04757575097061158,0.04549706692613186,0.032889188158856233,0.03884404009849086,0.053202195126290715,0.06944042631612392,0.08317286768864178,0.06334692503256552,0.06951215857029389,0.05362385627323271,0.05283741369340748,0.05830012840984907,0.07848885402700556,0.0685381945448769,0.06244862185544083,0.07406828927084988,0.09420339746783163,0.09968010906433676,0.08683204706592536,0.08365257255917395,0.07019570947100873,0.0926197569054805,0.06780410935663224,0.09192638306592532,0.05826878999523431,0.06406343913264495,0.0832059420333598,0.11560832089277204,0.09334402922954725,0.04625850424146147,0.07371604982049246,0.0673071908149325,0.06484019824622715,0.06780260084511518,0.06208456814297062,0.06709373708339952,0.06198330383161238,0.08181529619380462,0.0669033950754567,0.07222815034789513,0.06459168137251785,0.07177403328038125,0.06318500238919778,0.05236850476250991,0.0745366170166799,0.07685808486100079,0.07774112911834788,0.06249062542017476
Hardw,0.0631178392946783,0.05151258626211279,0.051227978840349485,0.03661845380778395,0.04368939606671961,0.06017663517712471,0.07654870133756952,0.08900008470214454,0.06956520482287529,0.07765142039714058,0.05838777138681492,0.05776248610007942,0.06416606905162826,0.08770912584590941,0.07588495998729149,0.06832789797617157,0.08132875159968227,0.10292269307704525,0.11288021787450357,0.09824069772200159,0.09398466854964255,0.0785276065830024,0.1024960059793487,0.0752222430500397,0.1018142543923749,0.06344484013343923,0.07439568579507545,0.0934799933280381,0.13312658710722794,0.10617087860206512,0.05045267552025417,0.08189654949007148,0.07347320498173152,0.06780260084511518,0.08542905192057186,0.07037384837490072,0.07764019423034155,0.06991863377918982,0.09058862476250992,0.07445758903891979,0.07933320388880065,0.07138701195869737,0.079677557299444,0.07016378028276408,0.05704238922319301,0.08106097576489275,0.0840997944400318,0.08636882239872914,0.0694350213884035
Softw,0.05731028104527405,0.04739950444162033,0.046323729984114374,0.03429756985067514,0.039317324427323275,0.0533148441810961,0.06917688910405084,0.08204937622716443,0.06323646090230339,0.07063557925337567,0.05321876462907071,0.05282712521048451,0.05826805356473391,0.08082609643367752,0.06878929072438443,0.06276066186338364,0.07342601424305002,0.0944368637029388,0.10062373074821286,0.08807713837648928,0.08453897598252581,0.07127305692136615,0.09297584650039713,0.06817141010325656,0.09179190384432087,0.05830031548371722,0.06617976514535343,0.08364571112787927,0.11664082736616363,0.09431961461477363,0.04679239911040508,0.07476918598411439,0.06759302742335187,0.06208456814297062,0.07037384837490072,0.06714517269420173,0.06908612713105639,0.06256607807307388,0.0828669028101668,0.067004361350278,0.07283879149166005,0.06495435810007942,0.07260140974583003,0.06363154277045274,0.05269351789992058,0.0747929093280381,0.07803774025416997,0.07892217404289116,0.06256477105162826
Chips,0.06285120816838762,0.050966990077839544,0.05035032364575059,0.03612405089594917,0.04201726384908657,0.0591034708308181,0.07599585847339156,0.08818617309769657,0.0683483998760921,0.07617693131056394,0.05767828204289118,0.057055742621127885,0.06358766910405084,0.08725760370929307,0.07446106152343131,0.06769405076568705,0.08014559427164418,0.1026388927386815,0.1114752482192216,0.09573255719142175,0.09259615002223986,0.07790355324543288,0.10161529437331217,0.0740014395869738,0.09990473961874502,0.06297284397617155,0.07392008343288325,0.0939561901906275,0.1321465127132645,0.10540281302621127,0.049726856330420954,0.08084608680381254,0.07245226827164415,0.06709373708339952,0.07764019423034155,0.06908612713105639,0.07978986613343919,0.06926439684352657,0.08899628581572676,0.07286042330420969,0.07864328164575059,0.0705117609150119,0.07794482218427322,0.06893950380619539,0.05625681509451946,0.07941876565210486,0.08317849253375695,0.08466631606036536,0.06833799975059572
LabEq,0.05720318622081016,0.0470623602573471,0.04531658437648927,0.033835361361397934,0.038571635486894365,0.05455020283399523,0.06880356134551231,0.08073271563939635,0.063754380025417,0.06994467787132645,0.05401278789197774,0.05372886106433677,0.0592086121731533,0.07973630694996027,0.06899836061477362,0.06396673494996027,0.07434359225099285,0.0941244422827641,0.10167419898649722,0.08839639106592534,0.08516369813661638,0.07137770933121525,0.09376619997458303,0.06800605172359016,0.09252632881652104,0.05889802587609212,0.06655145760603655,0.08567505857823668,0.11815141092772041,0.09585385760127084,0.045681649277204146,0.07348948484352659,0.06662240973947575,0.06198330383161238,0.06991863377918982,0.06256607807307388,0.06926439684352657,0.06826636717871326,0.08244348165687053,0.06666311823669581,0.072385522649722,0.06524513834471801,0.07106424758538524,0.06333194160127084,0.052225954703733125,0.0736689045178713,0.0763427389197776,0.07760931113582208,0.06330211807625098
Paper,0.07620134217950751,0.0638409272660842,0.05852731565528198,0.04380320646386022,0.05383056826528992,0.07416614555679112,0.09571261013343922,0.11447365273232726,0.0866791331882446,0.09573656104845117,0.07102265881810962,0.06890546627482128,0.07629074502144559,0.10697858895154883,0.09363587774265288,0.09018079038443207,0.10093953740111196,0.12977649196028596,0.13507861082446387,0.11805310591262906,0.11383041161080225,0.09416751470691025,0.13169479454805397,0.09190946497220015,0.12509140325655282,0.07840408910722797,0.08878024309928512,0.11049320180301823,0.15914456540587768,0.12696773715647341,0.06291458478157264,0.10046009403177122,0.091115724649722,0.08181529619380462,0.09058862476250992,0.0828669028101668,0.08899628581572676,0.08244348165687053,0.13105705259888797,0.09379574463860206,0.09946020723749005,0.08682235271803018,0.09889161050833996,0.08697200887370926,0.07320138850198572,0.10448338353931694,0.10704385574265292,0.10612287752184274,0.0847851480428912
Boxes,0.06157892359015091,0.05312046824463862,0.049975192136616345,0.035779478268467044,0.04679506679904687,0.059256543860206505,0.0764274056711676,0.08879403474185862,0.06912164930897537,0.07685318430500394,0.05762711151707704,0.05515655818903893,0.06126436150913424,0.08901733224781574,0.07613815267672756,0.06953477504368542,0.08221141057982524,0.10369804703733122,0.11489508657664813,0.09900670703733122,0.09365365615567911,0.07770615726767278,0.10386384447974581,0.07630618961080224,0.10117366112787926,0.06334780675139,0.07526379416997615,0.0946188344559174,0.13766219642573474,0.10768924165210482,0.05404975691818903,0.0798902445274027,0.07213473107227959,0.0669033950754567,0.07445758903891979,0.067004361350278,0.07286042330420969,0.06666311823669581,0.09379574463860206,0.09476205626687847,0.081016493375695,0.07090577442414613,0.07956109558379665,0.06999809890389196,0.05755049871326448,0.08400538208101668,0.08565356044479748,0.08667466970611598,0.06862616678316123
