,Agric,Food ,Soda ,Beer ,Smoke,Toys ,Fun  ,Books,Hshld,Clths,Hlth ,MedEq,Drugs,Chems,Rubbr,Txtls,BldMt,Cnstr,Steel,FabPr,Mach ,ElcEq,Autos,Aero ,Ships,Guns ,Gold ,Mines,Coal ,Oil  ,Util ,Telcm,PerSv,BusSv,Hardw,Softw,Chips,LabEq,Paper,Boxes,Trans,Whlsl,Rtail,Meals,Banks,Insur,RlEst,Fin  ,Other
Agric,0.10066546892930896,0.042618312857823665,0.0411530561223193,0.029363545801429698,0.038226970098490874,0.04562314214297061,0.06024958352978555,0.07403042580619537,0.058380409825258134,0.06071177778395551,0.049974237193010335,0.048954347223193015,0.05363839322001588,0.07231671571882448,0.06240690949324861,0.06017979244003177,0.06858734496743446,0.08490363743923748,0.09368275145671168,0.08370664154249402,0.0775093377474186,0.06342458994281175,0.07998174424146147,0.061290901906274814,0.08624650320571885,0.053469408238284374,0.066302655121525,0.0814408585019857,0.11351434808578237,0.09229110043844321,0.0430074497299444,0.06580631476727562,0.059500828046068294,0.054773509772835585,0.061218500811755366,0.0557391685353455,0.0613951953121525,0.05581089349324861,0.07433229098173152,0.0592267819825258,0.06543226997299442,0.05956279495949165,0.0628307748943606,0.055526993008737084,0.047692500057188246,0.06601441209054805,0.06915010556949959,0.06927971663542494,0.0577974596330421
Food ,0.042618312857823665,0.043672535942811765,0.036661476276409845,0.02679687295949166,0.03347157767752183,0.04037765095472597,0.05194862066401906,0.06154330389197775,0.047129394948371726,0.05254501372517869,0.04110215315647339,0.039917436772041306,0.04424283963145354,0.058791121620333585,0.05204440988721208,0.04873632642414615,0.05600980649404289,0.07003952732644957,0.07571751152978555,0.06604174088006352,0.06326446549324859,0.05269503532327244,0.0697865508181096,0.05177654983320095,0.06936505002700556,0.04408559736934074,0.049026589858617936,0.06221896172835584,0.08765665010325654,0.0712372276155679,0.036879652899126286,0.05591902230976965,0.050775114376489267,0.04649945125972993,0.050273946757744235,0.04633043658776806,0.049899382551231136,0.04616400463224781,0.06237240230659254,0.05173665323590152,0.05486629307704527,0.04912932112470215,0.05406647269896743,0.04787606474344718,0.040088461706115956,0.058126975320095316,0.05862720966481334,0.05835824299920571,0.04761248822239873
Soda ,0.0411530561223193,0.036661476276409845,0.07242451998570293,0.027931076597299445,0.03339013550913423,0.04095067180460683,0.048161949274027005,0.05787932942811755,0.04513410172359016,0.0494935094598888,0.038607573926926125,0.0393389848816521,0.043071261934868946,0.056934441326449564,0.04882138712311359,0.04507604060206513,0.05231156219698173,0.06342967855758537,0.07171957559650519,0.061792920395552016,0.06018478244320892,0.05111686486258936,0.06373543828435267,0.05041623899920573,0.06496542530897537,0.04234541393804607,0.05076366316282765,0.06207727687529784,0.08273180641779189,0.06963898194440032,0.03731935366957903,0.05464609425575854,0.04788310275615566,0.044147110052422556,0.0495648322779984,0.04490009894678315,0.048940250724384446,0.044142799564733916,0.056702935706115946,0.04816045550754566,0.05148449634948372,0.04728692774106433,0.0513957001810961,0.04606781572835583,0.037754454922954726,0.054714471340746626,0.05558320346942017,0.05526033597776014,0.04462661842891183
Beer ,0.029363545801429698,0.02679687295949166,0.027931076597299445,0.0513255259158062,0.026537871698173156,0.03175859011596505,0.03592728480381255,0.041106510357426525,0.032973376822875294,0.03776884608419379,0.02950231444956315,0.028990415971405874,0.030918977289912622,0.04318732436854645,0.03696449472915012,0.034140725213661634,0.03968827748054011,0.047985403424940426,0.05525299428752979,0.04777358665925339,0.04477956671008737,0.03673405794757744,0.04940712019062748,0.03876772069896744,0.049422664393963464,0.03076343582525813,0.04219069375377283,0.046773695494837175,0.06320491787132644,0.052328571679110404,0.028984848943606034,0.03970838737410643,0.03514181694996028,0.032044370649722,0.035541743704527395,0.03359094653852264,0.035553284826052425,0.03314388608101667,0.042844746538522646,0.034984484092136614,0.03895052460047657,0.03566380640826052,0.03729812665925339,0.03426093200635426,0.02668327179030977,0.040577240988085767,0.04156173085305799,0.04017193138046068,0.03397056203018268
Smoke,0.038226970098490874,0.03347157767752183,0.03339013550913423,0.026537871698173156,0.06661822636854646,0.035168312173153284,0.042303621483717226,0.050903550333598085,0.03924582328038125,0.04487374866560762,0.03461206321048452,0.03440985057823668,0.038105273239078634,0.05125854683876092,0.04445266252899127,0.04084045128991264,0.046379565876092134,0.05497513969181891,0.06184815817950755,0.05446311020969022,0.05290885138046067,0.04478753820969021,0.05732193251787135,0.0452921693884035,0.05800626772994441,0.03976839094837173,0.04309413876568705,0.051494288401906285,0.07334860683081812,0.0631980948403495,0.03590430210484512,0.04812758440349483,0.04210557678316126,0.03819116866401907,0.042342112513105636,0.03838507585544083,0.041231616716441634,0.03777422522319299,0.052679679064336765,0.0456509229960286,0.04580566194757745,0.041265507369340725,0.04505722953455122,0.038674815652104844,0.03382422227482129,0.05060540549166004,0.048686673220015894,0.04912056917235901,0.0390567921096108
Toys ,0.04562314214297061,0.04037765095472597,0.04095067180460683,0.03175859011596505,0.035168312173153284,0.0813785309785544,0.06155379496108022,0.07093875667196187,0.05503885770452741,0.06131348056393961,0.046140906524225554,0.043680446406671965,0.05005432239555202,0.0681288869023034,0.05972778852104844,0.05767496408101668,0.06418376145035742,0.07892768370452738,0.08500428260206512,0.07569672892613183,0.0721136169150119,0.0614045945051628,0.0818240831771247,0.0589199608737093,0.0792677667545671,0.049980977242255746,0.05865514397299444,0.07046231743129468,0.09727322725972994,0.08400986029229549,0.04088179108022239,0.06468077660683082,0.05628016243844322,0.05187086252263701,0.058633883413820476,0.05208884968546464,0.057916388087370915,0.05353359575218425,0.07232358785861795,0.05757496953455122,0.06183114387926926,0.05573638132327243,0.061832346376489274,0.05522432195552026,0.04607785295313739,0.06518507720254169,0.07097387441461477,0.06555068266560761,0.054940809517077034
Fun  ,0.06024958352978555,0.05194862066401906,0.048161949274027005,0.03592728480381255,0.042303621483717226,0.06155379496108022,0.09162119317553609,0.09189665842732325,0.07061570211278792,0.07821846938840349,0.05846677626052422,0.05716694501032565,0.06314893948212869,0.0860373464654488,0.07394549501509133,0.07341855109134235,0.08298688559809372,0.10380568895313738,0.11062081271485308,0.09575777549166005,0.09177120137251787,0.07633442180778394,0.10564689150119143,0.07346523640984909,0.10173511278157266,0.06321542537251787,0.07337506368228754,0.09313680976012707,0.12820165229547256,0.1040811651660048,0.04910894173153296,0.08188436351389994,0.07452356416203333,0.06710433744876884,0.07398036926449565,0.06693396682446387,0.07368831572359016,0.06683248649404287,0.09248750827005557,0.07385376301191424,0.08056180628435265,0.07075981938681493,0.08071340694519458,0.07236945443685462,0.05883629463383636,0.08276704824781572,0.08690505647656868,0.08536254923590152,0.07001036604924543
Books,0.07403042580619537,0.06154330389197775,0.05787932942811755,0.041106510357426525,0.050903550333598085,0.07093875667196187,0.09189665842732325,0.15205474915806197,0.0870898123510723,0.09346336839555203,0.06977998286735505,0.06682221981731533,0.07373883212073074,0.10231314683876094,0.09160339296266877,0.0911518472359015,0.09884208869737884,0.1246943268943606,0.1299657882605242,0.11250552102462268,0.11092817537728353,0.09123403312946783,0.126850109070691,0.08875532106433674,0.12516053146942016,0.07649757135822083,0.07959736496425732,0.10287011787926924,0.14745723602859415,0.12055863979348687,0.05943032561556791,0.0998434205718824,0.08960400102462272,0.08141628471803017,0.08720146315329626,0.08029721616362193,0.08673889756155675,0.07916830660841934,0.11207951964257348,0.08665484954725972,0.09626091412231927,0.08423697424146147,0.09694277785544081,0.08557013468625893,0.07263966991262907,0.10061880254964257,0.10633929016679902,0.1017637620810167,0.08179076013502778
Hshld,0.058380409825258134,0.047129394948371726,0.04513410172359016,0.032973376822875294,0.03924582328038125,0.05503885770452741,0.07061570211278792,0.0870898123510723,0.07817973241461476,0.07368374205718822,0.054187774765687056,0.05239002525019858,0.056833754948371756,0.07998787370135027,0.07074458568705319,0.06921420107227956,0.0768635683161239,0.09606933664813345,0.1014306562192216,0.08787954726767275,0.08542970249404289,0.07077343411437648,0.09715133483717237,0.06943228509928516,0.09490482233518666,0.05732359258141383,0.06503352124702141,0.08385214291501192,0.11368271863383639,0.09449808659253375,0.045525958848292296,0.0746349476250993,0.06729919435266085,0.0617486539316918,0.06790723293884036,0.06176962505957108,0.0670422321763304,0.06248734752978554,0.08436518347100874,0.06696386845115168,0.07450965588562351,0.06569387282764098,0.07427784381254962,0.06582700842732327,0.05508502654487688,0.07522427616362193,0.08054140276409849,0.07742514349483715,0.06412095292295472
Clths,0.06071177778395551,0.05254501372517869,0.0494935094598888,0.03776884608419379,0.04487374866560762,0.06131348056393961,0.07821846938840349,0.09346336839555203,0.07368374205718822,0.09830363309769657,0.058663478578236686,0.05701426717235901,0.062169548594122305,0.08749965976965846,0.07675016935663223,0.0751224298093725,0.08296573452740269,0.10882200581413819,0.11149169339158059,0.09790193921366164,0.09396484841938049,0.07807781112787929,0.10712809445591735,0.07762686517871326,0.1058190517553614,0.06388287302621128,0.06873174957108816,0.09032007185861791,0.12735296047656872,0.10242017841143766,0.05080225449563146,0.08122544262112785,0.07482719084193803,0.06764549507545671,0.07578993671961873,0.06888044890389197,0.07450911949960286,0.06844254832406672,0.0929487141302621,0.07442007474185859,0.08284638900714857,0.07260302261318505,0.08682068845115173,0.07506879239872917,0.057886994551231134,0.08327918795075455,0.08824675590150911,0.08531608258935663,0.07027916450357427
Hlth ,0.049974237193010335,0.04110215315647339,0.038607573926926125,0.02950231444956315,0.03461206321048452,0.046140906524225554,0.05846677626052422,0.06977998286735505,0.054187774765687056,0.058663478578236686,0.05756590967275616,0.04765001955679108,0.051880003329626695,0.0668445028355838,0.05821910252263701,0.05519935110881653,0.0633427375234313,0.078966136050834,0.08517071838919779,0.07494114734392375,0.07082315176489277,0.059812860090548065,0.0790514404765687,0.05730242444797457,0.07965386072120728,0.049351966827640974,0.057340007938046084,0.07002247523590151,0.09706848152501983,0.08155681956791103,0.0404960698570294,0.06261845226052422,0.058605315178713285,0.05269841910405083,0.057310958702144546,0.05235917877521844,0.05687969418109609,0.05324017827164415,0.06995520701985702,0.05677522779030978,0.06124695435107229,0.05583206786497219,0.060149881315329626,0.05351620031294676,0.044502207050039724,0.06478910931374106,0.06574067092613187,0.06422914332962668,0.05363337940746624
MedEq,0.048954347223193015,0.039917436772041306,0.0393389848816521,0.028990415971405874,0.03440985057823668,0.043680446406671965,0.05716694501032565,0.06682221981731533,0.05239002525019858,0.05701426717235901,0.04765001955679108,0.0523347155822081,0.05195077207942811,0.06551164291501192,0.05656080168705322,0.054034379995234326,0.06176157769499603,0.0767739434725973,0.08302831541540903,0.07214864711199363,0.06936605779825258,0.058488121466243034,0.07633247707704527,0.055866286433677526,0.07671660358379664,0.0492184983669579,0.055300579146942024,0.07021547524861002,0.09611475923749008,0.0790054292327244,0.03961883122319301,0.0616326049912629,0.05618873023828434,0.05175862299285146,0.056677878581413814,0.05182937431453533,0.05601796836060366,0.05277781400794279,0.06772250762668783,0.0541102489372518,0.05990224161397934,0.05432083340587767,0.05867279067831613,0.051491339655281965,0.04392167828752977,0.06240687259253375,0.0635223737124702,0.06352749298490866,0.05300219411119938
Drugs,0.05363839322001588,0.04424283963145354,0.043071261934868946,0.030918977289912622,0.038105273239078634,0.05005432239555202,0.06314893948212869,0.07373883212073074,0.056833754948371756,0.062169548594122305,0.051880003329626695,0.05195077207942811,0.06566658049880858,0.07273391351866561,0.06194555858935661,0.05809973796981733,0.0675673100619539,0.0846312431389992,0.09075725420810166,0.07864584926449562,0.07608085671803014,0.06450555070373312,0.08371935625099287,0.06145929232724383,0.08357231519618746,0.054860106833995254,0.06071503626370136,0.0779043771945989,0.10329412886417794,0.0871557127116759,0.04326898795869738,0.06869364313264496,0.06096592301826847,0.056930438036536926,0.06270543557108817,0.057051066586179505,0.06231216325337569,0.0579543588054011,0.07466908199523432,0.05988896050198567,0.06561459008101667,0.05947792483558382,0.06460205015409055,0.05704923775694995,0.0475896789706116,0.06772005819221605,0.06895243213979352,0.06909646809213663,0.05806464242732326
Chems,0.07231671571882448,0.058791121620333585,0.056934441326449564,0.04318732436854645,0.05125854683876092,0.0681288869023034,0.0860373464654488,0.10231314683876094,0.07998787370135027,0.08749965976965846,0.0668445028355838,0.06551164291501192,0.07273391351866561,0.11380677247815725,0.08669305729944399,0.08040374299444004,0.09418078763304208,0.12006253744241463,0.13356485990468625,0.11391089611596505,0.10886728031771246,0.08998839519459889,0.12059944775218424,0.0868184772200159,0.11759741785544081,0.07251803899920573,0.09704386720413027,0.11527777093725175,0.1632387289277204,0.13046073393169183,0.060521698546465455,0.09331013247021443,0.08198170853852262,0.0763465976330421,0.08531003459094517,0.07879097559173948,0.08524931001588561,0.07788139572676725,0.10419275687847501,0.08604484284352662,0.09110406967434471,0.0823043303971406,0.08921031355043686,0.07948085544876884,0.06541935302621127,0.09467155393963461,0.0990260836536934,0.09633709996822874,0.07872410161239078
Rubbr,0.06240690949324861,0.05204440988721208,0.04882138712311359,0.03696449472915012,0.04445266252899127,0.05972778852104844,0.07394549501509133,0.09160339296266877,0.07074458568705319,0.07675016935663223,0.05821910252263701,0.05656080168705322,0.06194555858935661,0.08669305729944399,0.09179979475138998,0.07194366434630659,0.08246670278316122,0.10016679848768861,0.11082382257664812,0.0955610505893566,0.09257632910563941,0.07733431357267671,0.10377929499602857,0.07495911002382842,0.1025522694328832,0.061179070017474184,0.06875760351707706,0.08794540762827639,0.12384857261318506,0.10343723891342335,0.05190619963463066,0.07991830337728358,0.07219238959491661,0.06655749333121525,0.07386060915965051,0.06694922604924541,0.07278160431135822,0.06743732601111992,0.09106521400794282,0.07411365653375697,0.07976776506433676,0.07098574529308974,0.07794455538681493,0.06758838985544083,0.05872547919936457,0.08283760690389196,0.08604518541064338,0.08372139919301033,0.06836301682922952
Txtls,0.06017979244003177,0.04873632642414615,0.04507604060206513,0.034140725213661634,0.04084045128991264,0.05767496408101668,0.07341855109134235,0.0911518472359015,0.06921420107227956,0.0751224298093725,0.05519935110881653,0.054034379995234326,0.05809973796981733,0.08040374299444004,0.07194366434630659,0.10737287226528991,0.08032471934392374,0.10001358946465445,0.10343925271167591,0.08869747552184276,0.08704735360127085,0.07104626589197777,0.09814443707704527,0.06886491502779982,0.09757118104527404,0.06089999352819699,0.06599285825099285,0.08520293727879269,0.11515542052422563,0.09724231197140586,0.0465072883796664,0.07553742587132643,0.06889109163621922,0.06196705093248609,0.06785765498173153,0.06225050326131851,0.0673135754392375,0.06354518582049244,0.08937811911517077,0.0685278838093725,0.07672311295949166,0.06686896250516282,0.07535238067672756,0.06762261170611597,0.05479658622081017,0.07776672832565529,0.08383361514853058,0.07735543593645751,0.06448669555043686
BldMt,0.06858734496743446,0.05600980649404289,0.05231156219698173,0.03968827748054011,0.046379565876092134,0.06418376145035742,0.08298688559809372,0.09884208869737884,0.0768635683161239,0.08296573452740269,0.0633427375234313,0.06176157769499603,0.0675673100619539,0.09418078763304208,0.08246670278316122,0.08032471934392374,0.09938652952978558,0.11488339821445591,0.12259194960127084,0.10628703049563146,0.10189579619380458,0.08406216165687054,0.11244298725972995,0.08132354127084987,0.112781368127085,0.06828078316441621,0.08114983404765685,0.10238072865607625,0.14390575240667194,0.11635241436378078,0.05475491751389992,0.08701673922478155,0.07936325061953935,0.07272836860047655,0.07986473399046863,0.07216130247974584,0.07902869417474184,0.07324501677204127,0.09882698486258933,0.08011404772994443,0.08654810169340747,0.07739177968069896,0.08538009009054805,0.07472788040190625,0.06331322545194598,0.08886065851787132,0.09421334886735504,0.09187977431930103,0.07471166851945989
Cnstr,0.08490363743923748,0.07003952732644957,0.06342967855758537,0.047985403424940426,0.05497513969181891,0.07892768370452738,0.10380568895313738,0.1246943268943606,0.09606933664813345,0.10882200581413819,0.078966136050834,0.0767739434725973,0.0846312431389992,0.12006253744241463,0.10016679848768861,0.10001358946465445,0.11488339821445591,0.20561084057823667,0.15846729546624314,0.1333231633486895,0.1281483908435266,0.10715055051945988,0.1423447448768864,0.1010903844638602,0.1399975087911041,0.08462043467513898,0.11245874451469415,0.13231537311517078,0.18878193150119146,0.14930600643050038,0.06813323142176331,0.1091591755806195,0.09866680727561557,0.09121137432247813,0.09955305052899126,0.09146714262748215,0.09986893946306594,0.09159609285464655,0.12557954167434476,0.09944168820333596,0.10933334358061951,0.09622071684829228,0.10884179855123108,0.09599722753296269,0.08190602123590152,0.12112473176806987,0.11889051343606032,0.11527217448133431,0.09500638028911834
Steel,0.09368275145671168,0.07571751152978555,0.07171957559650519,0.05525299428752979,0.06184815817950755,0.08500428260206512,0.11062081271485308,0.1299657882605242,0.1014306562192216,0.11149169339158059,0.08517071838919779,0.08302831541540903,0.09075725420810166,0.13356485990468625,0.11082382257664812,0.10343925271167591,0.12259194960127084,0.15846729546624314,0.1872732177982526,0.15059084832724381,0.1421967399269261,0.11605310179189834,0.1527464804447975,0.11065137032565528,0.15146055417950763,0.09136288329150119,0.133406558853058,0.15610262115011914,0.22967062662430493,0.17332338642096906,0.07682002514694201,0.1175170914249404,0.10553297917394758,0.0974123497760127,0.11013524956632247,0.0983434427418586,0.10915550484193805,0.09963898307863381,0.13189571324225574,0.11149266353613978,0.11710166398093723,0.10601672138840348,0.11362215328355836,0.10086564644638603,0.08172379229864972,0.12025109020174737,0.12656189774741858,0.12337248667831609,0.10210401797934868
FabPr,0.08370664154249402,0.06604174088006352,0.061792920395552016,0.04777358665925339,0.05446311020969022,0.07569672892613183,0.09575777549166005,0.11250552102462268,0.08787954726767275,0.09790193921366164,0.07494114734392375,0.07214864711199363,0.07864584926449562,0.11391089611596505,0.0955610505893566,0.08869747552184276,0.10628703049563146,0.1333231633486895,0.15059084832724381,0.17349284958061956,0.12250341704845112,0.10101019378713263,0.13231138427323275,0.09765445186656076,0.1330654436664019,0.07975044620492454,0.10783840142811754,0.12634985570611595,0.18814821102462265,0.14568016271008738,0.0663232406115965,0.1007680513200953,0.0918168025019857,0.08461619787450356,0.09584070446544875,0.08599437317394756,0.09345510968864176,0.08652372218268467,0.11520594010007941,0.09606948650992853,0.10051508233200954,0.09216342647656872,0.09930139954884827,0.08726677188085781,0.07228663978713264,0.10337912290865765,0.10851307688006355,0.10722286052740268,0.0888090159793487
Mach ,0.0775093377474186,0.06326446549324859,0.06018478244320892,0.04477956671008737,0.05290885138046067,0.0721136169150119,0.09177120137251787,0.11092817537728353,0.08542970249404289,0.09396484841938049,0.07082315176489277,0.06936605779825258,0.07608085671803014,0.10886728031771246,0.09257632910563941,0.08704735360127085,0.10189579619380458,0.1281483908435266,0.1421967399269261,0.12250341704845112,0.12051955180937254,0.09545157681969817,0.1272655612708499,0.09256381334392375,0.1273797230754567,0.0771066901858618,0.09852523937728354,0.1198855397680699,0.1730179984432089,0.1379523604003177,0.06348338306592534,0.09864113673073865,0.0883248793963463,0.08188620899761714,0.0920362516155679,0.08278649962827639,0.09094410145830024,0.08355633529467833,0.11147352482287527,0.09115691938999203,0.09717593524384428,0.08788216454964257,0.0954165563971406,0.08407430809849085,0.06975379741382046,0.10005945609531373,0.10523991042414613,0.10320704658300237,0.08463933167275615
ElcEq,0.06342458994281175,0.05269503532327244,0.05111686486258936,0.03673405794757744,0.04478753820969021,0.0614045945051628,0.07633442180778394,0.09123403312946783,0.07077343411437648,0.07807781112787929,0.059812860090548065,0.058488121466243034,0.06450555070373312,0.08998839519459889,0.07733431357267671,0.07104626589197777,0.08406216165687054,0.10715055051945988,0.11605310179189834,0.10101019378713263,0.09545157681969817,0.0909107893423352,0.10473498589356631,0.07684624519459887,0.10485298238602066,0.06480894013343924,0.07612781315488483,0.09818139350754568,0.1406036953455123,0.11162013832247815,0.0523281565607625,0.08257508469261314,0.07335017414614774,0.06833195408737093,0.07633947284988087,0.06937452738204923,0.07590500532327243,0.06970367769023034,0.09172807629388402,0.07534837036060364,0.08103081523749009,0.07251416335663223,0.07851833493884032,0.06885635215409053,0.05898893196822875,0.08383022022081019,0.0875735740810167,0.08579772514376487,0.07077991301191422
Autos,0.07998174424146147,0.0697865508181096,0.06373543828435267,0.04940712019062748,0.05732193251787135,0.0818240831771247,0.10564689150119143,0.126850109070691,0.09715133483717237,0.10712809445591735,0.0790514404765687,0.07633247707704527,0.08371935625099287,0.12059944775218424,0.10377929499602857,0.09814443707704527,0.11244298725972995,0.1423447448768864,0.1527464804447975,0.13231138427323275,0.1272655612708499,0.10473498589356631,0.16079410420969023,0.10191387447180303,0.14121594976965846,0.08422033820492453,0.10359148139793489,0.12527042621127882,0.17901824727561558,0.14374844651310562,0.06728430249404288,0.10987687288324068,0.09969311583796663,0.0905494194440032,0.10028156206513106,0.09101814624305005,0.09978786494042888,0.09194983421763306,0.1285906802859412,0.1009645544082605,0.10955480835583799,0.09680136181096108,0.10830604803812549,0.09635228657664811,0.07909886138204923,0.11185469871326445,0.11644169525019857,0.11396379704527405,0.09467117696584593
Aero ,0.061290901906274814,0.05177654983320095,0.05041623899920573,0.03876772069896744,0.0452921693884035,0.0589199608737093,0.07346523640984909,0.08875532106433674,0.06943228509928516,0.07762686517871326,0.05730242444797457,0.055866286433677526,0.06145929232724383,0.0868184772200159,0.07495911002382842,0.06886491502779982,0.08132354127084987,0.1010903844638602,0.11065137032565528,0.09765445186656076,0.09256381334392375,0.07684624519459887,0.10191387447180303,0.08895951234312946,0.1015035170135028,0.06489429073868148,0.07163093672756154,0.09042446578236694,0.12905556260524223,0.1043992641143765,0.05293746174741859,0.07964834853057982,0.07233128189038919,0.06632863666401906,0.07340545663224778,0.06662806108022237,0.07245377377283561,0.06671661725178712,0.08982020954725974,0.07439590970611597,0.08015231628276412,0.07075669577442414,0.07883256552819697,0.06909941958697378,0.05667842865766483,0.08263173774424143,0.08424571790309772,0.08372370494042893,0.06831287245432882
Ships,0.08624650320571885,0.06936505002700556,0.06496542530897537,0.049422664393963464,0.05800626772994441,0.0792677667545671,0.10173511278157266,0.12516053146942016,0.09490482233518666,0.1058190517553614,0.07965386072120728,0.07671660358379664,0.08357231519618746,0.11759741785544081,0.1025522694328832,0.09757118104527404,0.112781368127085,0.1399975087911041,0.15146055417950763,0.1330654436664019,0.1273797230754567,0.10485298238602066,0.14121594976965846,0.1015035170135028,0.17264040327879268,0.08653765828117553,0.10119352376806989,0.12655938172517875,0.17687022071485298,0.1433707365655282,0.06795775653693406,0.1077954948181096,0.09942369645750596,0.09051725467196187,0.10048857929785544,0.09051180785385224,0.09892002168705322,0.09146841876409849,0.12317647676568705,0.09887182364416204,0.10995819063383638,0.09678186820651306,0.10783328442891184,0.09433756109928515,0.07785097170452739,0.11036624900397143,0.11291864967116762,0.11262680536298648,0.09372418534074661
Guns ,0.053469408238284374,0.04408559736934074,0.04234541393804607,0.03076343582525813,0.03976839094837173,0.049980977242255746,0.06321542537251787,0.07649757135822083,0.05732359258141383,0.06388287302621128,0.049351966827640974,0.0492184983669579,0.054860106833995254,0.07251803899920573,0.061179070017474184,0.06089999352819699,0.06828078316441621,0.08462043467513898,0.09136288329150119,0.07975044620492454,0.0771066901858618,0.06480894013343924,0.08422033820492453,0.06489429073868148,0.08653765828117553,0.08919171627640986,0.0629766739539317,0.077834358700556,0.10479023218427323,0.08660726445750595,0.043541733264495626,0.06859099783320091,0.06190259270849882,0.05627058292613185,0.061145678516282755,0.0564284871135822,0.061265776098490876,0.057084197051628295,0.07591220438125497,0.0613232208228753,0.0675511936584591,0.05902326125814137,0.06587997489436064,0.05753638226211278,0.04803716660206512,0.0688329315107228,0.07099864266243049,0.07026103445909453,0.05742828914058777
Gold ,0.066302655121525,0.049026589858617936,0.05076366316282765,0.04219069375377283,0.04309413876568705,0.05865514397299444,0.07337506368228754,0.07959736496425732,0.06503352124702141,0.06873174957108816,0.057340007938046084,0.055300579146942024,0.06071503626370136,0.09704386720413027,0.06875760351707706,0.06599285825099285,0.08114983404765685,0.11245874451469415,0.133406558853058,0.10783840142811754,0.09852523937728354,0.07612781315488483,0.10359148139793489,0.07163093672756154,0.10119352376806989,0.0629766739539317,0.28759116983478955,0.1573052936664019,0.19856867310563936,0.14211116421604447,0.05437110647339157,0.0777281580206513,0.06572784758538522,0.06356645689912631,0.0733857487672756,0.06549514522160445,0.0732781348387609,0.06598699889753772,0.08793757810484512,0.07388504985226368,0.07003922832724385,0.06927847034630658,0.06983313506592531,0.06224119007307387,0.04601414156314537,0.07673845569340747,0.0795004841048451,0.08059757756632249,0.06814831210643368
Mines,0.0814408585019857,0.06221896172835584,0.06207727687529784,0.046773695494837175,0.051494288401906285,0.07046231743129468,0.09313680976012707,0.10287011787926924,0.08385214291501192,0.09032007185861791,0.07002247523590151,0.07021547524861002,0.0779043771945989,0.11527777093725175,0.08794540762827639,0.08520293727879269,0.10238072865607625,0.13231537311517078,0.15610262115011914,0.12634985570611595,0.1198855397680699,0.09818139350754568,0.12527042621127882,0.09042446578236694,0.12655938172517875,0.077834358700556,0.1573052936664019,0.178020012166799,0.21170151011914223,0.15922081245750594,0.06326029169976173,0.09774618821604449,0.08416853044479744,0.08143080218268467,0.0914858414249404,0.0818368491517077,0.09229870871008736,0.08418538916282764,0.1085191106926132,0.09184668467990471,0.09410142772994443,0.08812812425575853,0.09143940306910249,0.0828114527132645,0.0649852382239873,0.09644277306910246,0.09988356526131849,0.10232379678157268,0.08530457747895157
Coal ,0.11351434808578237,0.08765665010325654,0.08273180641779189,0.06320491787132644,0.07334860683081812,0.09727322725972994,0.12820165229547256,0.14745723602859415,0.11368271863383639,0.12735296047656872,0.09706848152501983,0.09611475923749008,0.10329412886417794,0.1632387289277204,0.12384857261318506,0.11515542052422563,0.14390575240667194,0.18878193150119146,0.22967062662430493,0.18814821102462265,0.1730179984432089,0.1406036953455123,0.17901824727561558,0.12905556260524223,0.17687022071485298,0.10479023218427323,0.19856867310563936,0.21170151011914223,0.3879436679269262,0.24138038929308978,0.09459829833200951,0.13738526319301037,0.11857996047656874,0.11230115193010326,0.12909627126290707,0.11337032797458302,0.12864104784749794,0.11523356190627479,0.15545738411437646,0.13272373105639396,0.13226765795075457,0.12358676540111198,0.1279654364416203,0.11399890395552024,0.09073426395552026,0.13745819723590155,0.1451161520571882,0.1428125342652899,0.11955379084988085
Oil  ,0.09229110043844321,0.0712372276155679,0.06963898194440032,0.052328571679110404,0.0631980948403495,0.08400986029229549,0.1040811651660048,0.12055863979348687,0.09449808659253375,0.10242017841143766,0.08155681956791103,0.0790054292327244,0.0871557127116759,0.13046073393169183,0.10343723891342335,0.09724231197140586,0.11635241436378078,0.14930600643050038,0.17332338642096906,0.14568016271008738,0.1379523604003177,0.11162013832247815,0.14374844651310562,0.1043992641143765,0.1433707365655282,0.08660726445750595,0.14211116421604447,0.15922081245750594,0.24138038929308978,0.19961672672915012,0.07947743922160445,0.11245942226528992,0.09733774428911836,0.09202386610325655,0.10458598828594122,0.09300930417474185,0.10415321085623509,0.09465827997458297,0.1255398260492454,0.10579498520730739,0.10582870196664018,0.10031634221127876,0.10267136240826051,0.09128196558220808,0.07615447904050833,0.11307750425099283,0.11989524237648924,0.11560472974106432,0.09746536815567912
Util ,0.0430074497299444,0.036879652899126286,0.03731935366957903,0.028984848943606034,0.03590430210484512,0.04088179108022239,0.04910894173153296,0.05943032561556791,0.045525958848292296,0.05080225449563146,0.0404960698570294,0.03961883122319301,0.04326898795869738,0.060521698546465455,0.05190619963463066,0.0465072883796664,0.05475491751389992,0.06813323142176331,0.07682002514694201,0.0663232406115965,0.06348338306592534,0.0523281565607625,0.06728430249404288,0.05293746174741859,0.06795775653693406,0.043541733264495626,0.05437110647339157,0.06326029169976173,0.09459829833200951,0.07947743922160445,0.047495189888800624,0.05591089590150914,0.04810382262907068,0.045062073629864974,0.049178707982525806,0.0457032707466243,0.04870359659253376,0.0446523971564734,0.061315481675933266,0.05241728192216044,0.05243349293089754,0.04832936880857824,0.051601859285146934,0.0449881739872915,0.038274377077045264,0.05922557249404289,0.05716763040508341,0.05691562759332803,0.047364628697378876
Telcm,0.06580631476727562,0.05591902230976965,0.05464609425575854,0.03970838737410643,0.04812758440349483,0.06468077660683082,0.08188436351389994,0.0998434205718824,0.0746349476250993,0.08122544262112785,0.06261845226052422,0.0616326049912629,0.06869364313264496,0.09331013247021443,0.07991830337728358,0.07553742587132643,0.08701673922478155,0.1091591755806195,0.1175170914249404,0.1007680513200953,0.09864113673073865,0.08257508469261314,0.10987687288324068,0.07964834853057982,0.1077954948181096,0.06859099783320091,0.0777281580206513,0.09774618821604449,0.13738526319301037,0.11245942226528992,0.05591089590150914,0.095848199898332,0.0784925166163622,0.0717341445782367,0.07957532026370134,0.07272517222875297,0.0789214816743447,0.07171966615409053,0.09766803529467831,0.07753510501667987,0.08525309497696584,0.07566678707227958,0.08474126989038916,0.0749996016425735,0.06256968603018268,0.08965376626846702,0.09273637657823668,0.0911625634821287,0.07350644113423352
PerSv,0.059500828046068294,0.050775114376489267,0.04788310275615566,0.03514181694996028,0.04210557678316126,0.05628016243844322,0.07452356416203333,0.08960400102462272,0.06729919435266085,0.07482719084193803,0.058605315178713285,0.05618873023828434,0.06096592301826847,0.08198170853852262,0.07219238959491661,0.06889109163621922,0.07936325061953935,0.09866680727561557,0.10553297917394758,0.0918168025019857,0.0883248793963463,0.07335017414614774,0.09969311583796663,0.07233128189038919,0.09942369645750596,0.06190259270849882,0.06572784758538522,0.08416853044479744,0.11857996047656874,0.09733774428911836,0.04810382262907068,0.0784925166163622,0.08658764421763301,0.06554803760127086,0.07164148677521842,0.06589358475774425,0.07098477217633041,0.06511500525814139,0.08844459123907865,0.06971746870532168,0.07685566637013502,0.0690369971008737,0.07785676937251787,0.06761773635424939,0.056470025464654475,0.07989577555996821,0.08428370541699765,0.08165148659253377,0.06574671821286736
BusSv,0.054773509772835585,0.04649945125972993,0.044147110052422556,0.032044370649722,0.03819116866401907,0.05187086252263701,0.06710433744876884,0.08141628471803017,0.0617486539316918,0.06764549507545671,0.05269841910405083,0.05175862299285146,0.056930438036536926,0.0763465976330421,0.06655749333121525,0.06196705093248609,0.07272836860047655,0.09121137432247813,0.0974123497760127,0.08461619787450356,0.08188620899761714,0.06833195408737093,0.0905494194440032,0.06632863666401906,0.09051725467196187,0.05627058292613185,0.06356645689912631,0.08143080218268467,0.11230115193010326,0.09202386610325655,0.045062073629864974,0.0717341445782367,0.06554803760127086,0.0630979570516283,0.0660861191771247,0.0604880249499603,0.06554039322954726,0.060513115056393965,0.07964452995393168,0.06496402413979346,0.07022991913582208,0.06327103757585385,0.06948363928832406,0.06124366284034946,0.05100841943129467,0.07303277277521841,0.07482927083717236,0.07474926936298652,0.061215106239872905
Hardw,0.061218500811755366,0.050273946757744235,0.0495648322779984,0.035541743704527395,0.042342112513105636,0.058633883413820476,0.07398036926449565,0.08720146315329626,0.06790723293884036,0.07578993671961873,0.057310958702144546,0.056677878581413814,0.06270543557108817,0.08531003459094517,0.07386060915965051,0.06785765498173153,0.07986473399046863,0.09955305052899126,0.11013524956632247,0.09584070446544875,0.0920362516155679,0.07633947284988087,0.10028156206513106,0.07340545663224778,0.10048857929785544,0.061145678516282755,0.0733857487672756,0.0914858414249404,0.12909627126290707,0.10458598828594122,0.049178707982525806,0.07957532026370134,0.07164148677521842,0.0660861191771247,0.0834993856250993,0.06849594681969817,0.07583013461318504,0.06835179573312151,0.08810663257029387,0.07231065944082604,0.07728927457982525,0.06993359475297856,0.07732214855599681,0.06808455918824463,0.05559765284511517,0.0793611131389992,0.08209206325019854,0.08303312346624303,0.06794990012549643
Softw,0.0557391685353455,0.04633043658776806,0.04490009894678315,0.03359094653852264,0.03838507585544083,0.05208884968546464,0.06693396682446387,0.08029721616362193,0.06176962505957108,0.06888044890389197,0.05235917877521844,0.05182937431453533,0.057051066586179505,0.07879097559173948,0.06694922604924541,0.06225050326131851,0.07216130247974584,0.09146714262748215,0.0983434427418586,0.08599437317394756,0.08278649962827639,0.06937452738204923,0.09101814624305005,0.06662806108022237,0.09051180785385224,0.0564284871135822,0.06549514522160445,0.0818368491517077,0.11337032797458302,0.09300930417474185,0.0457032707466243,0.07272517222875297,0.06589358475774425,0.0604880249499603,0.06849594681969817,0.06547239380301827,0.06746234777918983,0.0611242751104051,0.08069793013343923,0.06508275192057188,0.07092915721048451,0.06368479218586179,0.07044362009213662,0.061782122949960286,0.05140215157744242,0.07334646172041304,0.0762227619507546,0.07593994780937251,0.06127637260841936
Chips,0.0613951953121525,0.049899382551231136,0.048940250724384446,0.035553284826052425,0.041231616716441634,0.057916388087370915,0.07368831572359016,0.08673889756155675,0.0670422321763304,0.07450911949960286,0.05687969418109609,0.05601796836060366,0.06231216325337569,0.08524931001588561,0.07278160431135822,0.0673135754392375,0.07902869417474184,0.09986893946306594,0.10915550484193805,0.09345510968864176,0.09094410145830024,0.07590500532327243,0.09978786494042888,0.07245377377283561,0.09892002168705322,0.061265776098490876,0.0732781348387609,0.09229870871008736,0.12864104784749794,0.10415321085623509,0.04870359659253376,0.0789214816743447,0.07098477217633041,0.06554039322954726,0.07583013461318504,0.06746234777918983,0.07832262940587766,0.06786931451310564,0.0869094820127085,0.07108747870055597,0.07698624325972993,0.0693084751596505,0.07588970472438446,0.06716096193963463,0.05514470232565529,0.07820126679745829,0.08146910593169178,0.08185072927402699,0.06715828937410642
LabEq,0.05581089349324861,0.04616400463224781,0.044142799564733916,0.03314388608101667,0.03777422522319299,0.05353359575218425,0.06683248649404287,0.07916830660841934,0.06248734752978554,0.06844254832406672,0.05324017827164415,0.05277781400794279,0.0579543588054011,0.07788139572676725,0.06743732601111992,0.06354518582049244,0.07324501677204127,0.09159609285464655,0.09963898307863381,0.08652372218268467,0.08355633529467833,0.06970367769023034,0.09194983421763306,0.06671661725178712,0.09146841876409849,0.057084197051628295,0.06598699889753772,0.08418538916282764,0.11523356190627479,0.09465827997458297,0.0446523971564734,0.07171966615409053,0.06511500525814139,0.060513115056393965,0.06835179573312151,0.0611242751104051,0.06786931451310564,0.06687497842096903,0.080448305070691,0.06487012481652105,0.07067586025734711,0.06409011243526609,0.06928441157108817,0.06181411651469419,0.05117174278633837,0.0724036298554408,0.07465595034789513,0.075081426446386,0.06212320922319302
Paper,0.07433229098173152,0.06237240230659254,0.056702935706115946,0.042844746538522646,0.052679679064336765,0.07232358785861795,0.09248750827005557,0.11207951964257348,0.08436518347100874,0.0929487141302621,0.06995520701985702,0.06772250762668783,0.07466908199523432,0.10419275687847501,0.09106521400794282,0.08937811911517077,0.09882698486258933,0.12557954167434476,0.13189571324225574,0.11520594010007941,0.11147352482287527,0.09172807629388402,0.1285906802859412,0.08982020954725974,0.12317647676568705,0.07591220438125497,0.08793757810484512,0.1085191106926132,0.15545738411437646,0.1255398260492454,0.061315481675933266,0.09766803529467831,0.08844459123907865,0.07964452995393168,0.08810663257029387,0.08069793013343923,0.0869094820127085,0.080448305070691,0.12765620832247815,0.09088051061795074,0.09634496934710085,0.08501258900873711,0.09539050692295473,0.08415130283876093,0.07109203504050836,0.10220659087053215,0.10436569647021446,0.1020036415663225,0.08294680136139791
Boxes,0.0592267819825258,0.05173665323590152,0.04816045550754566,0.034984484092136614,0.0456509229960286,0.05757496953455122,0.07385376301191424,0.08665484954725972,0.06696386845115168,0.07442007474185859,0.05677522779030978,0.0541102489372518,0.05988896050198567,0.08604484284352662,0.07411365653375697,0.0685278838093725,0.08011404772994443,0.09944168820333596,0.11149266353613978,0.09606948650992853,0.09115691938999203,0.07534837036060364,0.1009645544082605,0.07439590970611597,0.09887182364416204,0.0613232208228753,0.07388504985226368,0.09184668467990471,0.13272373105639396,0.10579498520730739,0.05241728192216044,0.07753510501667987,0.06971746870532168,0.06496402413979346,0.07231065944082604,0.06508275192057188,0.07108747870055597,0.06487012481652105,0.09088051061795074,0.0916941925401112,0.07814514046703731,0.06914191873868149,0.07644945119618744,0.06742990300555997,0.05562737612073073,0.08176351484988087,0.08308707877362989,0.08280942487053215,0.067007161019857
