,Agric,Food ,Soda ,Beer ,Smoke,Toys ,Fun  ,Books,Hshld,Clths,Hlth ,MedEq,Drugs,Chems,Rubbr,Txtls,BldMt,Cnstr,Steel,FabPr,Mach ,ElcEq,Autos,Aero ,Ships,Guns ,Gold ,Mines,Coal ,Oil  ,Util ,Telcm,PerSv,BusSv,Hardw,Softw,Chips,LabEq,Paper,Boxes,Trans,Whlsl,Rtail,Meals,Banks,Insur,RlEst,Fin  ,Other
Agric,0.05616386093566323,0.023124487181890384,0.02211516503256553,0.018321909712470212,0.02165026211914218,0.026653010497220006,0.0312711813121525,0.03907081422557586,0.0314601547339158,0.03286418838919778,0.028046984425734715,0.027998036635424946,0.03310467230659253,0.03766124196028594,0.032395772587768074,0.03202918255758539,0.03793911330738681,0.04234257972200159,0.0458833418649722,0.04236542471008736,0.04058666070691024,0.03579131067355043,0.04309986299761716,0.03322673932803812,0.04930943008260525,0.03252962334710086,0.03545770800953137,0.04419789397934868,0.05040030435583796,0.04358666507704528,0.020691162929308973,0.034953570586179504,0.033464687289912635,0.03167911871485305,0.034008428316123905,0.03178331060683081,0.035255106557585375,0.03232662565210483,0.037133290022239876,0.02977520936139794,0.03505573514058776,0.03235668981254964,0.03206125534074662,0.027426733362986493,0.023609149262907067,0.031045940220810177,0.029661002106433673,0.035494191436060356,0.030526835490071482
Food ,0.023124487181890384,0.022386329688641775,0.01837497361715647,0.01462296085146942,0.017325363456711675,0.02007551525337569,0.023214760673550435,0.02796473077839556,0.023314575305798252,0.02486219998252581,0.020122702214455914,0.02047534484193805,0.02425696483399523,0.027432956705321684,0.02325609492613185,0.02478899177124702,0.027999189567911035,0.031144930810166796,0.03285640317077046,0.02943186818903892,0.029620644583002377,0.02547986889753772,0.03193306297537728,0.024759840211278784,0.03598231072756154,0.023354523753772824,0.023561857899920567,0.031055325401111996,0.03505625993328038,0.03162253203177125,0.01636959023987291,0.026019845267672755,0.024462561224781573,0.023275464509928512,0.02513077066719619,0.023451409615567912,0.02593468194122319,0.023625798589356626,0.027320014981731533,0.022124355626687842,0.026001429053216844,0.024103996922954726,0.024155831839555206,0.021242180378077846,0.01716992082446386,0.023720007420174744,0.022230817782366956,0.02600816570452741,0.02276183262748213
Soda ,0.02211516503256553,0.01837497361715647,0.044325871034154085,0.013632288781572672,0.017388053166004773,0.0202753733375695,0.02259510092454329,0.027464260746624298,0.022580918983320094,0.024935941496425737,0.019154741814138208,0.021058751618745035,0.025306727123113583,0.027011708225575852,0.02226823842414615,0.024877053216838762,0.027110036034948368,0.030725622081016687,0.03208563829706117,0.028780774837172358,0.029449534169976175,0.026597360806989673,0.031180412778395557,0.023952803628276412,0.03448571498649722,0.024054316289118343,0.02667110453375695,0.03214930408260524,0.034768987806195396,0.031061649264495637,0.01591293043367752,0.025174342189038922,0.023471689830023824,0.02263103182208102,0.025467180714853054,0.023424175701350282,0.026344697594916595,0.023607374544876887,0.02713122927402701,0.02129539602223987,0.02525548691342336,0.02345090663065925,0.023511085057982523,0.02099541840190627,0.016887574284352662,0.022912172625893568,0.021823233569499605,0.025321633181890395,0.022497114967434468
Beer ,0.018321909712470212,0.01462296085146942,0.013632288781572672,0.030473040546465446,0.014867309553613976,0.01506848662112788,0.01769866588721207,0.020783427831612387,0.01770136854646545,0.01881501286100079,0.016208899755361397,0.01648978483240667,0.019155755221604447,0.02156853366799047,0.01853668162668785,0.018770004130262113,0.021769038970611602,0.023708816965845907,0.02595463384273232,0.023537750150913427,0.02249182262112788,0.02001904467672757,0.024646841226370127,0.020005715729944393,0.029434320209690227,0.019305665340746625,0.021023696953137418,0.025671461159650525,0.02787309580937252,0.024561830366957905,0.013240093445591739,0.02033607327084988,0.01886131755996823,0.01795171421127879,0.01907060984908657,0.018061717382049244,0.020246086049245434,0.018842904508339954,0.020316625169181896,0.017426533896743444,0.020009383027799837,0.018807249455123107,0.018067593537728358,0.016029005737887216,0.013070107571088164,0.018679700943606034,0.0162314357680699,0.020155758703733123,0.017715903822081016
Smoke,0.02165026211914218,0.017325363456711675,0.017388053166004773,0.014867309553613976,0.03897115746465449,0.01837236436536934,0.02060728615726767,0.02515955714058777,0.021129067640984912,0.023023750239872916,0.018417342551231137,0.019507081385226374,0.022821311091342333,0.025441248521048454,0.021866674509928512,0.0224544261477363,0.024653085451945986,0.02755220772041303,0.02959876985544082,0.026428142366957907,0.026262872057188247,0.022828971094519458,0.028554925579030978,0.023002680050833994,0.033092292314535345,0.022423290916600475,0.023920821909451946,0.028336447498014297,0.03161102804130262,0.02959357174900714,0.016749962262112783,0.02405750837807784,0.021668790888006356,0.02093480822239873,0.022105516949960283,0.020714840177918973,0.02274476697061159,0.020994726525814144,0.02463563387450358,0.021096201188244634,0.023349698865766474,0.022214672425734706,0.022312694443208898,0.019320149375694994,0.015493187062748217,0.022048752063542492,0.02048326814297061,0.023384537639396345,0.02052038312311359
Toys ,0.026653010497220006,0.02007551525337569,0.0202753733375695,0.01506848662112788,0.01837236436536934,0.04586037289277205,0.028959005642573463,0.03458264225575854,0.028360011564733906,0.031163073664813343,0.023669432902303413,0.024091370459094513,0.028998915431294674,0.032756879885623515,0.028226281029388407,0.03045353899920572,0.03343227768705321,0.03860114449563145,0.03894525243526608,0.03554206293884035,0.03552411926926131,0.03131030924225575,0.038879899482128666,0.029510292333598094,0.04299384947418586,0.028673154033359807,0.028104890459094513,0.037091660587768076,0.04292612172200159,0.03813488894678317,0.017881656915011913,0.030895326652899128,0.029375091069102466,0.02728286575377284,0.030386150659253378,0.027878114573471013,0.03107400301191422,0.028151128698967427,0.033126015040508335,0.025242418579825253,0.030458152012708503,0.02821110056235107,0.02967415638443209,0.025829695129467835,0.02047671480857824,0.027021698154090543,0.027451660575059572,0.030128083825258136,0.027322498637013498
Fun  ,0.0312711813121525,0.023214760673550435,0.02259510092454329,0.01769866588721207,0.02060728615726767,0.028959005642573463,0.03892976690071485,0.0381538779030977,0.032324401461477366,0.035273723596505165,0.02722207463701351,0.027949161442414612,0.033315667780778394,0.037679668015885626,0.0319244986115965,0.03394815294678315,0.03881986390468625,0.04375363421763304,0.04577724981096107,0.040672978204924534,0.04096728435266084,0.034965576737092934,0.044628894532168395,0.03368840087053217,0.05025315629547259,0.03212391909134233,0.033215727701350284,0.04322706751389992,0.050084471084988105,0.04382390466084193,0.020673952400317712,0.035663034592533754,0.03347577406830818,0.03179388566163622,0.034936820746624304,0.03253018949642573,0.03609394384749802,0.032367098128673534,0.03766645193963464,0.029582448247815727,0.035707979164416204,0.03280199159332803,0.03393132967116759,0.029583800711675937,0.023669690872120737,0.031973507316918184,0.0302455316664019,0.03600428863542493,0.031385478290706904
Books,0.03907081422557586,0.02796473077839556,0.027464260746624298,0.020783427831612387,0.02515955714058777,0.03458264225575854,0.0381538779030977,0.06860336876092134,0.03855098771247022,0.04141333889594916,0.033480416139793495,0.03356159242255759,0.03944643438443209,0.04455138085782367,0.038941410071485306,0.04047896139793487,0.0460213106830818,0.052666544011119934,0.05376371866560763,0.048802416100079425,0.04859433667196187,0.04225208480540111,0.0530477450754567,0.04081533428911835,0.06166326631453537,0.03962773570293883,0.03775306065131057,0.049998036600476574,0.057572081842732326,0.051214567100873694,0.025574178204924542,0.043488916536934076,0.04070132918983319,0.03886239452740268,0.04098774612390787,0.038136344297061156,0.04254358079428116,0.038320842700556,0.04596398237490072,0.035144787331215246,0.04285272335980938,0.03907601621127879,0.04008131073073867,0.03454578500397142,0.029184952637013508,0.03955700756949959,0.03553527903097696,0.043223498339952336,0.03712472471008737
Hshld,0.0314601547339158,0.023314575305798252,0.022580918983320094,0.01770136854646545,0.021129067640984912,0.028360011564733906,0.032324401461477366,0.03855098771247022,0.03843652771247021,0.03569339937251786,0.027602645591739472,0.027872640683081814,0.0325672355440826,0.03771791445591739,0.032399160984908665,0.0346155972359015,0.03882846863383637,0.043891302978554404,0.04528291999999998,0.04074679114376491,0.04083531168387608,0.03516354172359014,0.04420597664019062,0.034172180722795854,0.050284141501191426,0.032276423312152504,0.03197762605242256,0.04300524575059571,0.04838881544082604,0.043342993471008735,0.0208337385861795,0.035439999237490055,0.033753305345512304,0.03140195015885624,0.034586016830818106,0.03218098110405083,0.035730473693407476,0.03247260546465449,0.03729186480540111,0.029593726441620328,0.03535322774424145,0.03288060288324067,0.034174353447180304,0.02942821534551231,0.023350268204924543,0.03165821066719618,0.030412121509134235,0.03514506115170771,0.031171809555202535
Clths,0.03286418838919778,0.02486219998252581,0.024935941496425737,0.01881501286100079,0.023023750239872916,0.031163073664813343,0.035273723596505165,0.04141333889594916,0.03569339937251786,0.0491746643669579,0.02922959377918983,0.029826394563939637,0.035213071760127085,0.04117468229706115,0.03462506785702939,0.03776114538522637,0.04078331759015093,0.045974226203335966,0.04895460183637807,0.04420763748212867,0.04405949190627483,0.037724817475774435,0.04858433187132645,0.03737999965528197,0.05465009352343128,0.03515571824146147,0.032947005127879264,0.04631757175536139,0.05260952786020652,0.046737165899920566,0.0223407088101668,0.03793972831771246,0.0359025612406672,0.033795735979348686,0.0382282816282764,0.03502346850357427,0.03881174014614774,0.03488638111517076,0.040626616935663225,0.03222661858141381,0.038436707734710085,0.03551128199046863,0.039646069123113574,0.03258982520730738,0.024534916233518663,0.033734662019062736,0.03357581794122319,0.03795755352025416,0.03310011356473391
Hlth ,0.028046984425734715,0.020122702214455914,0.019154741814138208,0.016208899755361397,0.018417342551231137,0.023669432902303413,0.02722207463701351,0.033480416139793495,0.027602645591739472,0.02922959377918983,0.032461590760921345,0.025491935707704527,0.030054479091342328,0.032411756689436064,0.027467508206513103,0.02855594786338364,0.03265982454011119,0.03744751380460682,0.03915911688006353,0.03560133620333596,0.03457333089753773,0.031088034211278794,0.037644236708498806,0.0286361749451946,0.0435121029197776,0.027076272578236693,0.0289369860969023,0.03681257420174742,0.04196933583478951,0.037670028854646556,0.01787507084352661,0.030793542360603655,0.029367520438443206,0.027498968330420964,0.030102768641779187,0.027859504603653693,0.030920295332803806,0.028447035189833193,0.032003597388403485,0.025309945372517868,0.030304450872120723,0.028295221458300237,0.0282784250166799,0.024584208114376494,0.02032761198411437,0.027987291208895947,0.026107488838760916,0.03065235662589357,0.026548674223987292
MedEq,0.027998036635424946,0.02047534484193805,0.021058751618745035,0.01648978483240667,0.019507081385226374,0.024091370459094513,0.027949161442414612,0.03356159242255759,0.027872640683081814,0.029826394563939637,0.025491935707704527,0.030027431669579028,0.03192539435424939,0.03329397244162032,0.028443705976171567,0.029850273868149327,0.03357393128832406,0.03768338533756951,0.03969592707227959,0.035830119253375696,0.03566570362192216,0.03159038319618744,0.038324092686258936,0.02959200347259729,0.04341377776965846,0.028859626919777594,0.029576014957903095,0.03763368425734711,0.04218306935027799,0.03783320153772835,0.01847953053534551,0.03161630502303415,0.02963606071803017,0.028523402316123908,0.03147848281175536,0.029153929667990474,0.031872486392374895,0.029760174430500396,0.03302419806513106,0.02580486242096902,0.031078580298649718,0.02894669510087372,0.029127434767275612,0.024936667729944406,0.020788230878474975,0.028207486548054016,0.025857627907863386,0.031543291440826064,0.027311934643367754
Drugs,0.03310467230659253,0.02425696483399523,0.025306727123113583,0.019155755221604447,0.022821311091342333,0.028998915431294674,0.033315667780778394,0.03944643438443209,0.0325672355440826,0.035213071760127085,0.030054479091342328,0.03192539435424939,0.04576145634789515,0.03954753893884035,0.032977290217633036,0.03461196435266085,0.03952037296425735,0.0446664421683876,0.04567720732644956,0.04177196477362986,0.041715862533756955,0.03770944868467037,0.045063888722795875,0.03471333140746624,0.05100636789674345,0.03419194676886418,0.035520136768864174,0.0442936783161239,0.0488023988816521,0.04492134172835583,0.02115126699285147,0.03753689984432089,0.03508419800953139,0.03347725482605242,0.03741522023034155,0.03503547977918983,0.03817455223828435,0.03515853995869738,0.03819067854964257,0.029822040443208898,0.03628527306274821,0.03396258079586974,0.03439524796028594,0.02975722566481334,0.024196059067513907,0.03261042879586973,0.030560705032565517,0.036755119375695006,0.03271715161715648
Chems,0.03766124196028594,0.027432956705321684,0.027011708225575852,0.02156853366799047,0.025441248521048454,0.032756879885623515,0.037679668015885626,0.04455138085782367,0.03771791445591739,0.04117468229706115,0.032411756689436064,0.03329397244162032,0.03954753893884035,0.05262270431135822,0.038485036416203336,0.03980741744241462,0.04638157506274821,0.05239123445591739,0.057058047281969844,0.05041882343129468,0.04958084379666402,0.043290364597299444,0.05352650535663223,0.040817564737092936,0.06072232181413818,0.038484404038125496,0.04534340592851469,0.05687965404289117,0.0652790499316918,0.05601296406036537,0.02481914211914217,0.04186645697220016,0.03922713209531375,0.037804959183478946,0.042279999666401905,0.038517482544876885,0.04334985456393963,0.03936171861477363,0.045258551444003176,0.03653060342811754,0.04239538374265289,0.03948663266401906,0.03920759698490866,0.03375134394281174,0.027443023552025422,0.03772326435901509,0.03640130931850675,0.04259812300873709,0.03720230879428117
Rubbr,0.032395772587768074,0.02325609492613185,0.02226823842414615,0.01853668162668785,0.021866674509928512,0.028226281029388407,0.0319244986115965,0.038941410071485306,0.032399160984908665,0.03462506785702939,0.027467508206513103,0.028443705976171567,0.032977290217633036,0.038485036416203336,0.04203768073709293,0.034178897315329616,0.0401803077553614,0.04455200451151707,0.046465905010325645,0.04165074373312153,0.04148658573471009,0.03569619009372517,0.04443628065448768,0.03450940793010326,0.051707090725973,0.03177150982049245,0.035531420257347096,0.0440165216838761,0.04923114435583797,0.043899074338363785,0.02155952006989674,0.035674510824463865,0.033809213350278,0.03217096218586179,0.0354116182366958,0.03244028379984114,0.03654221786814932,0.03306596732009529,0.03817099749642574,0.03043769135504368,0.03579766350436855,0.03316750047974582,0.03357807477680699,0.028566275666401904,0.024052139278792687,0.0324339699825258,0.030829705124702143,0.03648619918030182,0.031291231034154085
Txtls,0.03202918255758539,0.02478899177124702,0.024877053216838762,0.018770004130262113,0.0224544261477363,0.03045353899920572,0.03394815294678315,0.04047896139793487,0.0346155972359015,0.03776114538522637,0.02855594786338364,0.029850273868149327,0.03461196435266085,0.03980741744241462,0.034178897315329616,0.05659490376489277,0.04179308822875299,0.04794138961080223,0.048398123177124705,0.04337149947577442,0.04312476451151708,0.037356333947577446,0.04676023984114376,0.03552066255758538,0.05344898201747419,0.03516987084988086,0.03454107428117553,0.04565440590945193,0.05040983532962668,0.0458366298649722,0.021936800000000006,0.03736729490071485,0.03484480524225576,0.03303637744241461,0.03621382001588564,0.03359218589356632,0.03729778738681493,0.03450153261318507,0.040465396378077834,0.031884055377283546,0.037537537855440825,0.03435108810166799,0.03582418945194598,0.030346640158856235,0.02434503914217633,0.034038538967434466,0.03298027119936457,0.03711899119936457,0.03286683469420175
BldMt,0.03793911330738681,0.027999189567911035,0.027110036034948368,0.021769038970611602,0.024653085451945986,0.03343227768705321,0.03881986390468625,0.0460213106830818,0.03882846863383637,0.04078331759015093,0.03265982454011119,0.03357393128832406,0.03952037296425735,0.04638157506274821,0.0401803077553614,0.04179308822875299,0.05396594670532168,0.05612679668784748,0.057000133490071485,0.05049895281175537,0.05032486264495632,0.04282631125814138,0.053960159111993644,0.04092103515647339,0.06210913032724384,0.03889433610961081,0.04356034846068307,0.05463160930897537,0.0625524173089754,0.05424896088641779,0.0253976276918189,0.04249598848610007,0.040270815086576636,0.038541912252581405,0.041666993653693404,0.038574778603653694,0.04316763071326449,0.03934771069737886,0.04582254544400318,0.0366870950420969,0.0431548495361398,0.0401345041477363,0.04025415488641779,0.034511428555996815,0.028870254889594917,0.03873420021763304,0.037588215850675136,0.04369499335504369,0.03799085123590149
Cnstr,0.04234257972200159,0.031144930810166796,0.030725622081016687,0.023708816965845907,0.02755220772041303,0.03860114449563145,0.04375363421763304,0.052666544011119934,0.043891302978554404,0.045974226203335966,0.03744751380460682,0.03768338533756951,0.0446664421683876,0.05239123445591739,0.04455200451151707,0.04794138961080223,0.05612679668784748,0.07504718264495629,0.06381065448768863,0.05580759846703733,0.05673844723590148,0.04863830110405083,0.060483987776012695,0.04606918289912629,0.06956349795869739,0.043909617513899914,0.048135983606036534,0.06103853038919777,0.07068454551231136,0.06129649145353454,0.02857239806195393,0.0479145963463066,0.045387439054805384,0.04309015370135027,0.0469790993884035,0.04327293810166799,0.048538570786338366,0.04422516978554409,0.0513766741938046,0.040322367378872126,0.0489675821048451,0.04469677846703733,0.04549880121525019,0.03919708946783162,0.03244900779189832,0.04394940308975378,0.043476490818109594,0.04890389122319301,0.042148604106433674
Steel,0.0458833418649722,0.03285640317077046,0.03208563829706117,0.02595463384273232,0.02959876985544082,0.03894525243526608,0.04577724981096107,0.05376371866560763,0.04528291999999998,0.04895460183637807,0.03915911688006353,0.03969592707227959,0.04567720732644956,0.057058047281969844,0.046465905010325645,0.048398123177124705,0.057000133490071485,0.06381065448768863,0.0762349021509134,0.06062846589356634,0.06066412876886418,0.05181799527243843,0.06450157530103258,0.04878977889118347,0.0735386136171565,0.04563846572200158,0.06031979166322477,0.07085971818903893,0.08561470648451153,0.06771983608578236,0.029970193969817316,0.05034371952978555,0.04793502326290706,0.045276158277998406,0.050617203494837164,0.04583758572200158,0.052347878996028586,0.04709586082287528,0.05446801811596504,0.044779400521048444,0.05138373664177919,0.047846190233518666,0.04729468630976966,0.04031593908181095,0.03347768339316918,0.045749578306592535,0.0447148836791104,0.051828176876886414,0.044633605077045266
FabPr,0.04236542471008736,0.02943186818903892,0.028780774837172358,0.023537750150913427,0.026428142366957907,0.03554206293884035,0.040672978204924534,0.048802416100079425,0.04074679114376491,0.04420763748212867,0.03560133620333596,0.035830119253375696,0.04177196477362986,0.05041882343129468,0.04165074373312153,0.04337149947577442,0.05049895281175537,0.05580759846703733,0.06062846589356634,0.0844329714932486,0.05394732482128672,0.047207675782366953,0.057245048999205704,0.04404000377283558,0.0673913122875298,0.04183458904686259,0.04652849791898331,0.057480749134233504,0.06736672861000798,0.05778808138204924,0.02687873464654488,0.04512649003971406,0.04319022018268466,0.04080728504368546,0.045709050746624305,0.04120172342335187,0.046453350802223986,0.04256236876886417,0.048688673335980925,0.03929869379666401,0.04523968469420174,0.04262437169976172,0.04274890609213661,0.03639301029388404,0.02998209144559174,0.040913461993645754,0.03874817075456711,0.04592308903097697,0.040062769539316916
Mach ,0.04058666070691024,0.029620644583002377,0.029449534169976175,0.02249182262112788,0.026262872057188247,0.03552411926926131,0.04096728435266084,0.04859433667196187,0.04083531168387608,0.04405949190627483,0.03457333089753773,0.03566570362192216,0.041715862533756955,0.04958084379666402,0.04148658573471009,0.04312476451151708,0.05032486264495632,0.05673844723590148,0.06066412876886418,0.05394732482128672,0.0559280136536934,0.045944664249404285,0.05759249103256553,0.04395473409849087,0.06611203956314535,0.04117654421763305,0.045523953518665596,0.05780622287529784,0.06777135030976965,0.05884005571088165,0.026687773947577445,0.04515853976171564,0.0426628562112788,0.04081742537728355,0.04580242084988086,0.04156279227164416,0.0472031804765687,0.04257663609213661,0.04881648305798253,0.03888409846703733,0.04566881441620334,0.042581597752184265,0.042501369634630665,0.036508360413026214,0.02987680559968229,0.04073295816521048,0.03886042698967435,0.04618837729150121,0.03987459791104051
ElcEq,0.03579131067355043,0.02547986889753772,0.026597360806989673,0.02001904467672757,0.022828971094519458,0.03131030924225575,0.034965576737092934,0.04225208480540111,0.03516354172359014,0.037724817475774435,0.031088034211278794,0.03159038319618744,0.03770944868467037,0.043290364597299444,0.03569619009372517,0.037356333947577446,0.04282631125814138,0.04863830110405083,0.05181799527243843,0.047207675782366953,0.045944664249404285,0.04988902960921365,0.04956714355361398,0.037794850924543294,0.056878365984114373,0.03555637961397934,0.03897888519777601,0.05020065315329626,0.05861145161556791,0.04971154183637807,0.022606249664813338,0.03898161979984114,0.03682008400158856,0.035566628945194585,0.039897953320095304,0.036463542648133444,0.0409029703542494,0.03697690323749007,0.041857650196981726,0.033217761974583,0.03923241213820493,0.03675880322001588,0.03611956233042097,0.031209041671167604,0.025939557444003173,0.03510811424781572,0.033892117753772835,0.03977485143606036,0.034540588103256546
Autos,0.04309986299761716,0.03193306297537728,0.031180412778395557,0.024646841226370127,0.028554925579030978,0.038879899482128666,0.044628894532168395,0.0530477450754567,0.04420597664019062,0.04858433187132645,0.037644236708498806,0.038324092686258936,0.045063888722795875,0.05352650535663223,0.04443628065448768,0.04676023984114376,0.053960159111993644,0.060483987776012695,0.06450157530103258,0.057245048999205704,0.05759249103256553,0.04956714355361398,0.06927315642732325,0.047103144592533765,0.07080959474344718,0.04405137771405878,0.046921139183478955,0.061160330548054004,0.07220274258300238,0.06196527065607624,0.028187621401111987,0.048445385372517864,0.046255307969817305,0.04365844713741064,0.04886965305003972,0.044600911391580615,0.050532145852263705,0.0452950307926926,0.05273563216362191,0.0414110420635425,0.04951201647815727,0.04563632967593328,0.04654524281334393,0.03967038925496426,0.03193854990150913,0.04381188083717236,0.0422224904177919,0.04928008582525815,0.042868852522637016
Aero ,0.03322673932803812,0.024759840211278784,0.023952803628276412,0.020005715729944393,0.023002680050833994,0.029510292333598094,0.03368840087053217,0.04081533428911835,0.034172180722795854,0.03737999965528197,0.0286361749451946,0.02959200347259729,0.03471333140746624,0.040817564737092936,0.03450940793010326,0.03552066255758538,0.04092103515647339,0.04606918289912629,0.04878977889118347,0.04404000377283558,0.04395473409849087,0.037794850924543294,0.047103144592533765,0.04460932214614773,0.05439585534710088,0.03590675657029387,0.033867013559968226,0.04528932034948373,0.05207358010484513,0.04612207720095314,0.022891248279586975,0.03738142975694995,0.03602948183796665,0.03402735460365369,0.037134008490865775,0.034302359795075454,0.03834151401747416,0.03505657925972995,0.04067965956632248,0.03261334390627483,0.03804540264177918,0.03492908753137411,0.03532293499761716,0.03050270436219222,0.0249752892025417,0.034313293116759326,0.032338776962668785,0.03810872536457505,0.032882787884034946
Ships,0.04930943008260525,0.03598231072756154,0.03448571498649722,0.029434320209690227,0.033092292314535345,0.04299384947418586,0.05025315629547259,0.06166326631453537,0.050284141501191426,0.05465009352343128,0.0435121029197776,0.04341377776965846,0.05100636789674345,0.06072232181413818,0.051707090725973,0.05344898201747419,0.06210913032724384,0.06956349795869739,0.0735386136171565,0.0673913122875298,0.06611203956314535,0.056878365984114373,0.07080959474344718,0.05439585534710088,0.10458559671326449,0.05111855407625101,0.054263633099285134,0.06991872114376488,0.08244474811119934,0.0703561208864178,0.03351334248133439,0.05609494982049244,0.05299182113899921,0.0502963851517077,0.05538513228752978,0.050817438285941215,0.056834665915806194,0.05140216683717236,0.06066022355361396,0.04790636994281175,0.05769013673232722,0.052419288309769656,0.05326182232088961,0.045744274751389986,0.03720805067990469,0.050873730972200173,0.04599330836854646,0.05657084077362986,0.04921275155361399
Guns ,0.03252962334710086,0.023354523753772824,0.024054316289118343,0.019305665340746625,0.022423290916600475,0.028673154033359807,0.03212391909134233,0.03962773570293883,0.032276423312152504,0.03515571824146147,0.027076272578236693,0.028859626919777594,0.03419194676886418,0.038484404038125496,0.03177150982049245,0.03516987084988086,0.03889433610961081,0.043909617513899914,0.04563846572200158,0.04183458904686259,0.04117654421763305,0.03555637961397934,0.04405137771405878,0.03590675657029387,0.05111855407625101,0.060055127960285955,0.034309897976171566,0.043735764384432094,0.04806167214614773,0.04301594036219222,0.021335422862589357,0.03552131474503575,0.034148868827640996,0.03198008917077046,0.03422163764098492,0.03233066567275616,0.035764971015091344,0.03291670272279588,0.0381332035059571,0.030103633358220812,0.03634922010007943,0.03295585780937252,0.03385550159015091,0.028583673416997607,0.023200140084193802,0.03233863994757744,0.030958629131056396,0.035822240424146154,0.0312689496791104
Gold ,0.03545770800953137,0.023561857899920567,0.02667110453375695,0.021023696953137418,0.023920821909451946,0.028104890459094513,0.033215727701350284,0.03775306065131057,0.03197762605242256,0.032947005127879264,0.0289369860969023,0.029576014957903095,0.035520136768864174,0.04534340592851469,0.035531420257347096,0.03454107428117553,0.04356034846068307,0.048135983606036534,0.06031979166322477,0.04652849791898331,0.045523953518665596,0.03897888519777601,0.046921139183478955,0.033867013559968226,0.054263633099285134,0.034309897976171566,0.17182843948530582,0.08418021439237491,0.08358267684829229,0.061708125667990464,0.02316288770770452,0.036745125070691026,0.03357470874027006,0.032753230989674344,0.03793826417791898,0.03356947707069102,0.03990204550277998,0.035373789458300234,0.03950793911358222,0.033206938084193796,0.0360571263034154,0.035055791923749004,0.03345278480698967,0.02796574842891184,0.022246539710881655,0.03232174928038125,0.03393358606513105,0.03914580662748213,0.034123545016679906
Mines,0.04419789397934868,0.031055325401111996,0.03214930408260524,0.025671461159650525,0.028336447498014297,0.037091660587768076,0.04322706751389992,0.049998036600476574,0.04300524575059571,0.04631757175536139,0.03681257420174742,0.03763368425734711,0.0442936783161239,0.05687965404289117,0.0440165216838761,0.04565440590945193,0.05463160930897537,0.06103853038919777,0.07085971818903893,0.057480749134233504,0.05780622287529784,0.05020065315329626,0.061160330548054004,0.04528932034948373,0.06991872114376488,0.043735764384432094,0.08418021439237491,0.09628048254169974,0.09008429823669578,0.06992152339952343,0.028600054042891183,0.048027718061953925,0.044901577823669575,0.04307623253375696,0.04887925216838761,0.04401323885623511,0.04991556784749802,0.044942177950754565,0.05195304473391582,0.042564335504368535,0.048042863669579036,0.045437772390786335,0.044477055694996034,0.038193358951548836,0.030548307863383632,0.04289313763304211,0.04200953909451945,0.049563102970611596,0.04284792524225575
Coal ,0.05040030435583796,0.03505625993328038,0.034768987806195396,0.02787309580937252,0.03161102804130262,0.04292612172200159,0.050084471084988105,0.057572081842732326,0.04838881544082604,0.05260952786020652,0.04196933583478951,0.04218306935027799,0.0488023988816521,0.0652790499316918,0.04923114435583797,0.05040983532962668,0.0625524173089754,0.07068454551231136,0.08561470648451153,0.06736672861000798,0.06777135030976965,0.05861145161556791,0.07220274258300238,0.05207358010484513,0.08244474811119934,0.04806167214614773,0.08358267684829229,0.09008429823669578,0.16227471722954728,0.08663885936139792,0.03267436996346306,0.055198091361397944,0.05213908453057983,0.049081761664813345,0.05621217950754566,0.04942217743606035,0.05802697786179507,0.05050715717871325,0.059878273791898314,0.05007359546306594,0.056439219107227954,0.051957843583796674,0.050266934258935664,0.043249608857823675,0.03559784490548054,0.04931502406989674,0.0502270174551231,0.05673176265607626,0.05014404017156473
Oil  ,0.04358666507704528,0.03162253203177125,0.031061649264495637,0.024561830366957905,0.02959357174900714,0.03813488894678317,0.04382390466084193,0.051214567100873694,0.043342993471008735,0.046737165899920566,0.037670028854646556,0.03783320153772835,0.04492134172835583,0.05601296406036537,0.043899074338363785,0.0458366298649722,0.05424896088641779,0.06129649145353454,0.06771983608578236,0.05778808138204924,0.05884005571088165,0.04971154183637807,0.06196527065607624,0.04612207720095314,0.0703561208864178,0.04301594036219222,0.061708125667990464,0.06992152339952343,0.08663885936139792,0.0810977328737093,0.03080582518824464,0.048782223409054803,0.04561748487053217,0.04355838299285147,0.049287822764098495,0.04443869111675932,0.05020722638919778,0.04534152996346306,0.05218616928673551,0.042375168772041304,0.048325534478157274,0.04601202874980145,0.04489617025893567,0.038297459170770445,0.03168124148371724,0.043657667269261305,0.042452673588562355,0.04967694418745035,0.0434032557807784
Util ,0.020691162929308973,0.01636959023987291,0.01591293043367752,0.013240093445591739,0.016749962262112783,0.017881656915011913,0.020673952400317712,0.025574178204924542,0.0208337385861795,0.0223407088101668,0.01787507084352661,0.01847953053534551,0.02115126699285147,0.02481914211914217,0.02155952006989674,0.021936800000000006,0.0253976276918189,0.02857239806195393,0.029970193969817316,0.02687873464654488,0.026687773947577445,0.022606249664813338,0.028187621401111987,0.022891248279586975,0.03351334248133439,0.021335422862589357,0.02316288770770452,0.028600054042891183,0.03267436996346306,0.03080582518824464,0.020253639625099285,0.023612553906274817,0.021603942754567115,0.02077055186020651,0.021619880190627484,0.02038517854169976,0.022731936120730736,0.020926213483717235,0.025098577957108816,0.02110723794757744,0.023283325521842733,0.021813468009531378,0.021589567199364574,0.01884684373629865,0.015849853464654486,0.022285415224781568,0.020120410160444798,0.02376882596346306,0.020779288603653693
Telcm,0.034953570586179504,0.026019845267672755,0.025174342189038922,0.02033607327084988,0.02405750837807784,0.030895326652899128,0.035663034592533754,0.043488916536934076,0.035439999237490055,0.03793972831771246,0.030793542360603655,0.03161630502303415,0.03753689984432089,0.04186645697220016,0.035674510824463865,0.03736729490071485,0.04249598848610007,0.0479145963463066,0.05034371952978555,0.04512649003971406,0.04515853976171564,0.03898161979984114,0.048445385372517864,0.03738142975694995,0.05609494982049244,0.03552131474503575,0.036745125070691026,0.048027718061953925,0.055198091361397944,0.048782223409054803,0.023612553906274817,0.0441949141604448,0.037154536590945204,0.0354337290166799,0.03902940260524225,0.036217795825258144,0.040230117661636214,0.036183216883240665,0.04171078329467832,0.03311615111675933,0.0394889626624305,0.03645296665925338,0.03703777301350277,0.03205817234630659,0.02610258750754567,0.035505678735504365,0.03363464460047657,0.03997365989515489,0.03449583103415408
PerSv,0.033464687289912635,0.024462561224781573,0.023471689830023824,0.01886131755996823,0.021668790888006356,0.029375091069102466,0.03347577406830818,0.04070132918983319,0.033753305345512304,0.0359025612406672,0.029367520438443206,0.02963606071803017,0.03508419800953139,0.03922713209531375,0.033809213350278,0.03484480524225576,0.040270815086576636,0.045387439054805384,0.04793502326290706,0.04319022018268466,0.0426628562112788,0.03682008400158856,0.046255307969817305,0.03602948183796665,0.05299182113899921,0.034148868827640996,0.03357470874027006,0.044901577823669575,0.05213908453057983,0.04561748487053217,0.021603942754567115,0.037154536590945204,0.04639776905321683,0.033875687785544076,0.03674843169976172,0.03425751468943606,0.0381021692104845,0.03445503375377283,0.03909341321525019,0.030297553491660047,0.037255808833995235,0.034554685920571884,0.03529873488006353,0.02999527607942811,0.025155710486100075,0.03329293591580619,0.031512642710087385,0.03753174833836378,0.032543306101668
BusSv,0.03167911871485305,0.023275464509928512,0.02263103182208102,0.01795171421127879,0.02093480822239873,0.02728286575377284,0.03179388566163622,0.03886239452740268,0.03140195015885624,0.033795735979348686,0.027498968330420964,0.028523402316123908,0.03347725482605242,0.037804959183478946,0.03217096218586179,0.03303637744241461,0.038541912252581405,0.04309015370135027,0.045276158277998406,0.04080728504368546,0.04081742537728355,0.035566628945194585,0.04365844713741064,0.03402735460365369,0.0502963851517077,0.03198008917077046,0.032753230989674344,0.04307623253375696,0.049081761664813345,0.04355838299285147,0.02077055186020651,0.0354337290166799,0.033875687785544076,0.03388590401747418,0.03508255946783161,0.03260138735980937,0.036052069772835586,0.032808360114376496,0.037626937158061945,0.029791024427323266,0.0353783252406672,0.032853593380460684,0.032865723674344725,0.028451022061953934,0.023731146733915808,0.031916023925337565,0.029898239132644954,0.03586891428276409,0.030737083667990463
Hardw,0.034008428316123905,0.02513077066719619,0.025467180714853054,0.01907060984908657,0.022105516949960283,0.030386150659253378,0.034936820746624304,0.04098774612390787,0.034586016830818106,0.0382282816282764,0.030102768641779187,0.03147848281175536,0.03741522023034155,0.042279999666401905,0.0354116182366958,0.03621382001588564,0.041666993653693404,0.0469790993884035,0.050617203494837164,0.045709050746624305,0.04580242084988086,0.039897953320095304,0.04886965305003972,0.037134008490865775,0.05538513228752978,0.03422163764098492,0.03793826417791898,0.04887925216838761,0.05621217950754566,0.049287822764098495,0.021619880190627484,0.03902940260524225,0.03674843169976172,0.03508255946783161,0.0475055401985703,0.03781471117553613,0.04266829183478951,0.037521835679110396,0.04133676100873709,0.03276609934074663,0.03854242517077046,0.036229419340746624,0.036356088093725175,0.03139123434471803,0.025375340770452736,0.034020804249404284,0.03298852303415409,0.03956662369340747,0.03397573670373312
Softw,0.03178331060683081,0.023451409615567912,0.023424175701350282,0.018061717382049244,0.020714840177918973,0.027878114573471013,0.03253018949642573,0.038136344297061156,0.03218098110405083,0.03502346850357427,0.027859504603653693,0.029153929667990474,0.03503547977918983,0.038517482544876885,0.03244028379984114,0.03359218589356632,0.038574778603653694,0.04327293810166799,0.04583758572200158,0.04120172342335187,0.04156279227164416,0.036463542648133444,0.044600911391580615,0.034302359795075454,0.050817438285941215,0.03233066567275616,0.03356947707069102,0.04401323885623511,0.04942217743606035,0.04443869111675932,0.02038517854169976,0.036217795825258144,0.03425751468943606,0.03260138735980937,0.03781471117553613,0.036414781463065926,0.03795649428752978,0.0339317327466243,0.03811385013026212,0.02984584233359809,0.035649680068308175,0.03312811685623512,0.03372142973947577,0.029091664108022226,0.02357335096584591,0.03169744231453534,0.03053079996505163,0.03643477724702144,0.03127705901985703
Chips,0.035255106557585375,0.02593468194122319,0.026344697594916595,0.020246086049245434,0.02274476697061159,0.03107400301191422,0.03609394384749802,0.04254358079428116,0.035730473693407476,0.03881174014614774,0.030920295332803806,0.031872486392374895,0.03817455223828435,0.04334985456393963,0.03654221786814932,0.03729778738681493,0.04316763071326449,0.048538570786338366,0.052347878996028586,0.046453350802223986,0.0472031804765687,0.0409029703542494,0.050532145852263705,0.03834151401747416,0.056834665915806194,0.035764971015091344,0.03990204550277998,0.04991556784749802,0.05802697786179507,0.05020722638919778,0.022731936120730736,0.040230117661636214,0.0381021692104845,0.036052069772835586,0.04266829183478951,0.03795649428752978,0.04589363417950754,0.03853845483081811,0.042367051974583,0.033581393814138216,0.04012703294996028,0.037275634303415406,0.037602133207307396,0.03200449509769659,0.02638873344241462,0.035485299853852265,0.033960599733121516,0.04091536571564734,0.03499998754884829
LabEq,0.03232662565210483,0.023625798589356626,0.023607374544876887,0.018842904508339954,0.020994726525814144,0.028151128698967427,0.032367098128673534,0.038320842700556,0.03247260546465449,0.03488638111517076,0.028447035189833193,0.029760174430500396,0.03515853995869738,0.03936171861477363,0.03306596732009529,0.03450153261318507,0.03934771069737886,0.04422516978554409,0.04709586082287528,0.04256236876886417,0.04257663609213661,0.03697690323749007,0.0452950307926926,0.03505657925972995,0.05140216683717236,0.03291670272279588,0.035373789458300234,0.044942177950754565,0.05050715717871325,0.04534152996346306,0.020926213483717235,0.036183216883240665,0.03445503375377283,0.032808360114376496,0.037521835679110396,0.0339317327466243,0.03853845483081811,0.03800452774583002,0.038367461744241466,0.030379387825258147,0.035973272838760915,0.03382426412073075,0.03364089770293883,0.02912922456552819,0.024130963513899914,0.03240370438125497,0.030280497874503563,0.036917334627482125,0.03168893901826846
Paper,0.037133290022239876,0.027320014981731533,0.02713122927402701,0.020316625169181896,0.02463563387450358,0.033126015040508335,0.03766645193963464,0.04596398237490072,0.03729186480540111,0.040626616935663225,0.032003597388403485,0.03302419806513106,0.03819067854964257,0.045258551444003176,0.03817099749642574,0.040465396378077834,0.04582254544400318,0.0513766741938046,0.05446801811596504,0.048688673335980925,0.04881648305798253,0.041857650196981726,0.05273563216362191,0.04067965956632248,0.06066022355361396,0.0381332035059571,0.03950793911358222,0.05195304473391582,0.059878273791898314,0.05218616928673551,0.025098577957108816,0.04171078329467832,0.03909341321525019,0.037626937158061945,0.04133676100873709,0.03811385013026212,0.042367051974583,0.038367461744241466,0.05591912091977761,0.037859103864972196,0.042108616586179495,0.03887982123431294,0.039336664697378884,0.03368870241779189,0.027720745593328027,0.038317071833200954,0.03577498428276409,0.0424321228895949,0.036212546006354256
