,Agric,Food ,Soda ,Beer ,Smoke,Toys ,Fun  ,Books,Hshld,Clths,Hlth ,MedEq,Drugs,Chems,Rubbr,Txtls,BldMt,Cnstr,Steel,FabPr,Mach ,ElcEq,Autos,Aero ,Ships,Guns ,Gold ,Mines,Coal ,Oil  ,Util ,Telcm,PerSv,BusSv,Hardw,Softw,Chips,LabEq,Paper,Boxes,Trans,Whlsl,Rtail,Meals,Banks,Insur,RlEst,Fin  ,Other
Agric,0.06685710535980936,0.026653288165210478,0.02510986145830024,0.021358813992057184,0.02349754152819698,0.031001497194598892,0.036656586592533756,0.05011234961715647,0.03981071122478157,0.04025207266084193,0.03272083857029388,0.03170355422398728,0.03514921522478157,0.04480076682446387,0.041172393766481324,0.04074219374106433,0.0451199791644162,0.05165580980460683,0.05776208246544877,0.0512777898268467,0.04885099083717235,0.041247423504368545,0.052484749153296255,0.03911639919936458,0.05908871294678316,0.035455366252581416,0.04213437578395553,0.051958200387609205,0.0642625443876092,0.055049582919777594,0.024651369899920568,0.040710841613979344,0.03872642898808579,0.036561267685464645,0.03860495206354248,0.03625915967593327,0.040583667596505155,0.03725360392692613,0.044867953315329626,0.03580987103415409,0.04224973092930897,0.03837136054646546,0.038689550760921364,0.03389089527561555,0.028855204155679107,0.037992086849880854,0.040091362204924534,0.041935309108816515,0.03643707217156472
Food ,0.026653288165210478,0.02586030683876092,0.020768683105639393,0.016719808046068308,0.01840884755361398,0.02315966394757744,0.02786170548848292,0.03569084273232724,0.029270154114376494,0.02975060730738681,0.02356540031771247,0.023368713050039704,0.026665189181890394,0.032341116600476574,0.028732850873709297,0.030619166425734715,0.03324193305798252,0.037459965655281965,0.041016227990468626,0.03545021583002382,0.035462469745830026,0.029628749976171556,0.038482474217633046,0.02902939791898332,0.0423581450039714,0.02563801258141382,0.028187985393169177,0.03692201778395552,0.04382039482922954,0.038871832851469425,0.019078768474980145,0.03035243106433677,0.02863372422557585,0.02698215836378077,0.02855150583002383,0.02672250259729944,0.029599054789515498,0.027318994932486105,0.03330571789515487,0.026869077402700562,0.03138091801429707,0.028401134940428906,0.029133474543288327,0.025694767124702148,0.021555729722001583,0.029020375043685466,0.029205024614773627,0.03135908778395551,0.027177251795075456
Soda ,0.02510986145830024,0.020768683105639393,0.0487992093582208,0.015282519588562348,0.018665930101667987,0.02274151565210484,0.026280016115965053,0.033893214532168384,0.02758184036060365,0.029143006513105633,0.021583807974583,0.02292342337251787,0.026097830274821283,0.03119979773153296,0.02674299395869738,0.029832703582208103,0.030986531799841142,0.03452303482764098,0.0387464762573471,0.03368013543606037,0.03421124970452741,0.029786395237490073,0.03652219905321683,0.027566055698173143,0.04002629318506752,0.025978279161239078,0.03072504873232725,0.03697059101350278,0.04195970892613186,0.037168783250198574,0.01791938020492454,0.02908976912946783,0.02691162255123114,0.025551867205718826,0.027940942443208897,0.025737169621922157,0.029324195510722788,0.02649502261159651,0.03143294093566322,0.02470233486417792,0.029610797760127087,0.027081400846703733,0.027901860703733117,0.025217540233518663,0.020075375237490076,0.0259703672025417,0.02756952573629865,0.029051327510722803,0.025567619648927724
Beer ,0.021358813992057184,0.016719808046068308,0.015282519588562348,0.03398632554567117,0.015379636932486097,0.017844654476568706,0.02148110490071485,0.027142814849880858,0.022301205936457506,0.02270172238284352,0.01861461102462272,0.018701947105639397,0.0205626087974583,0.026941536381254964,0.022900679947577437,0.022964884598888003,0.026173191688641784,0.02858758726608419,0.032956418973788704,0.028870322902303413,0.027432627512311354,0.02306604540428911,0.030515531189833207,0.02378947908181097,0.033748765019857026,0.020432348740270057,0.025533779899920568,0.030574300036536932,0.03595148727402701,0.030616243043685456,0.015558397853852261,0.02410310801747419,0.021533821343923745,0.02076484042255758,0.021698603094519466,0.021194242679904687,0.0230907699030977,0.021425779625099287,0.0247926358522637,0.020985895420174736,0.02431314104845115,0.022156675334392376,0.021874826120730738,0.01993323711993645,0.01624810372041302,0.02265261806830818,0.02225833995393169,0.024353521315329626,0.021012277520254165
Smoke,0.02349754152819698,0.01840884755361398,0.018665930101667987,0.015379636932486097,0.04451635471167592,0.019973645285146946,0.022535891699761716,0.029097911980937245,0.023795707582208097,0.02490213874503574,0.019481212136616362,0.02049405588085782,0.02362860426052422,0.028125078233518667,0.02372142620015885,0.025158194320889598,0.026905335555202543,0.027199784902303414,0.03213650865131056,0.02787122483399523,0.02875585909610802,0.024454633324861003,0.03148247900873709,0.0252245932613185,0.03506323424940429,0.023710932657664816,0.025011216700556,0.031529836865766485,0.03503051040667196,0.03372948880698968,0.018320514076250995,0.026299704881652102,0.02286031505003971,0.02243878121366164,0.02340630654805401,0.021595750870532164,0.02391596054964257,0.02240722828594122,0.027040821526608413,0.023244506835583795,0.02556930266878475,0.023641935912629065,0.024157101917394754,0.02073171569976171,0.017638276231930105,0.02426695168546466,0.023900848799046866,0.025820455682287524,0.02222389185226369
Toys ,0.031001497194598892,0.02315966394757744,0.02274151565210484,0.017844654476568706,0.019973645285146946,0.052757420967434465,0.03506772042096901,0.0456474874090548,0.03628828681652105,0.03761777995234312,0.027592735313741065,0.026858243572676715,0.030749418989674347,0.040062512972200155,0.03506646862748212,0.038717574400317714,0.04029168518506752,0.046215269248610004,0.048287799193010315,0.04276023269420175,0.0429838038395552,0.036739780343129455,0.04773035582525814,0.035299496911834795,0.050916242859412236,0.030780919707704524,0.03351695672915012,0.04278257397776013,0.05295134207625099,0.04745794847974584,0.021095105301032556,0.03665755989038919,0.034359734023828435,0.03174255964733916,0.034487186662430495,0.031661895220015876,0.035802656810166804,0.03231729989197776,0.040995976818109625,0.03072888934233518,0.03695252513105639,0.03347654126926131,0.03619208347736298,0.03145537715806196,0.02617859386179507,0.03351384569023033,0.03845405058459093,0.03688240953772836,0.032174847620333596
Fun  ,0.036656586592533756,0.02786170548848292,0.026280016115965053,0.02148110490071485,0.022535891699761716,0.03506772042096901,0.0501998164177919,0.05230476660841938,0.04277437519459888,0.0439185611437649,0.03288597661636218,0.03235114242255758,0.0364547431135822,0.04770584603653692,0.041023729809372515,0.045985552303415396,0.04827619415409054,0.05551725544082604,0.05988278630659254,0.05089901714853057,0.051306177307386805,0.042258846942017474,0.05758304120730739,0.04112921971405877,0.06144704778395551,0.036274777918983314,0.04157210677521843,0.05323099683081811,0.06597078286735501,0.057315127879269234,0.025218350571882438,0.043687081564733915,0.041515474376489274,0.03816309424940429,0.04084941833200952,0.03836717270055599,0.042866351119936454,0.03855487378872122,0.04833889255758537,0.037694938387609206,0.04541384319301033,0.040207759992057196,0.04308698912629071,0.03784593870532168,0.030979737092930892,0.040783466830818106,0.044459675750595715,0.04495447212073072,0.03928182280381255
Books,0.05011234961715647,0.03569084273232724,0.033893214532168384,0.027142814849880858,0.029097911980937245,0.0456474874090548,0.05230476660841938,0.09824096537569499,0.05587700714217633,0.05587559571088165,0.04274617464654488,0.04138976203971405,0.04663804823510722,0.06008839284511517,0.054598848508339945,0.05873700400317712,0.062031035780778385,0.07100536208419378,0.07544078403812549,0.06570348838125493,0.06620304383161237,0.0545525504305004,0.07433712078157265,0.053140301375695004,0.08069377868149322,0.046391788301826845,0.047090563107227965,0.06332325824305005,0.08096048831135821,0.0714449383764893,0.033261086976965844,0.057781104330420975,0.05294715693089753,0.049629016597299416,0.05143374100714852,0.04811064936616361,0.054009832457505964,0.04909125816044479,0.06350115213979349,0.04768715236854645,0.05824495170770452,0.05142921163463066,0.055575752095313735,0.04882247675297855,0.04124924869896744,0.053969941687053206,0.05733488836854647,0.05804073732168387,0.04967771360127082
Hshld,0.03981071122478157,0.029270154114376494,0.02758184036060365,0.022301205936457506,0.023795707582208097,0.03628828681652105,0.04277437519459888,0.05587700714217633,0.05365154010961083,0.046721868848292304,0.0342945861477363,0.03383551072438443,0.03735383031930103,0.04975286208737093,0.04470874921207308,0.04790108089753772,0.05072242509293089,0.059268542570293875,0.06225845707386815,0.0534404945019857,0.05376936586656076,0.044700757702938826,0.0601759776457506,0.043543698957903096,0.0640119391262907,0.03691009497061159,0.041822465621922156,0.054762229564733894,0.06573671820969021,0.05879779220333598,0.026376057256552815,0.04555682373153296,0.042779952298649705,0.03961860651628276,0.0423494714471803,0.03988296566957903,0.04412005874185862,0.04076989254646545,0.04947837465131056,0.038913988862589344,0.04659568081016678,0.042002740208101665,0.04518216467196188,0.03972217294519458,0.03271940858459095,0.04269176295154884,0.04782930844638602,0.046542914910246216,0.04041930880540111
Clths,0.04025207266084193,0.02975060730738681,0.029143006513105633,0.02270172238284352,0.02490213874503574,0.03761777995234312,0.0439185611437649,0.05587559571088165,0.046721868848292304,0.06055702341540906,0.034771504146147734,0.034820817283558375,0.03896481645750596,0.05139536025416997,0.045370291310563936,0.04918830833995233,0.050510627227958696,0.06291952327243842,0.06456606948371722,0.05642123818903892,0.055410749356632226,0.04613569019857029,0.06192752826052422,0.04526537518665606,0.06702093378872122,0.03897717998411436,0.04021663081810961,0.05648176536934075,0.06956492568705322,0.06076246131850673,0.02727626640190627,0.04568951151707704,0.043045821636219235,0.04074131409054804,0.04481032117553615,0.041481388308181086,0.04630746281175535,0.04198195615567912,0.05096088886417791,0.04002854211278792,0.04850821172359014,0.043671899380460684,0.04966204775218427,0.042057702843526605,0.032068777410643366,0.043223612454328826,0.04704068301826846,0.046864864050834,0.041678386370135025
Hlth ,0.03272083857029388,0.02356540031771247,0.021583807974583,0.01861461102462272,0.019481212136616362,0.027592735313741065,0.03288597661636218,0.04274617464654488,0.0342945861477363,0.034771504146147734,0.03699928902303414,0.029021946020651307,0.03282236171564734,0.03850266227164416,0.03389815793486893,0.03532794271644162,0.038638121747418576,0.04491159342335188,0.04811212365369341,0.04221725744241462,0.041327151421763304,0.03582847383637807,0.04566885702938841,0.03330108181096108,0.05115505868149324,0.029595725401111994,0.033545369340746624,0.042945508943606034,0.050843695822081016,0.04590625728355839,0.021240394662430495,0.03557523053216838,0.034325421667990456,0.03179216393963464,0.033884948943606025,0.03168195405877681,0.035170654583002385,0.032742033486894355,0.03888376841938047,0.030417375790309762,0.0363369728355838,0.033204649753772825,0.033826037744241456,0.029821843526608428,0.02509291301032565,0.03393935599682286,0.034842443367752184,0.03632214227164416,0.031085777855440824
MedEq,0.03170355422398728,0.023368713050039704,0.02292342337251787,0.018701947105639397,0.02049405588085782,0.026858243572676715,0.03235114242255758,0.04138976203971405,0.03383551072438443,0.034820817283558375,0.029021946020651307,0.033859753294678316,0.03393475458935663,0.038709740708498815,0.03399794661000794,0.03558221568705323,0.03858162170611596,0.04481249361715646,0.04770371992374899,0.0416106268006354,0.04156106063065926,0.03556380108975378,0.045411660638602046,0.03358319457664814,0.04958939609213662,0.030665492066719615,0.033403873631453536,0.043242710895949166,0.0507428878268467,0.04534790263383637,0.02152322881175537,0.035534379032565525,0.03376813052899127,0.03221038623987292,0.03459770297696584,0.03232224214614774,0.03539756629388404,0.033458670535345514,0.03891782134551232,0.03015711137569499,0.03631221329626687,0.033140105828435275,0.0338511160587768,0.029269880271644164,0.025148942678316116,0.03326318074980144,0.03404715106115965,0.03667164734551231,0.031542516135027794
Drugs,0.03514921522478157,0.026665189181890394,0.026097830274821283,0.0205626087974583,0.02362860426052422,0.030749418989674347,0.0364547431135822,0.04663804823510722,0.03735383031930103,0.03896481645750596,0.03282236171564734,0.03393475458935663,0.04639015860841937,0.043588243933280375,0.03733938440984908,0.03908564802223986,0.04308516137251787,0.05040336751707704,0.05227378553137409,0.04559596658617948,0.04621217639714059,0.04017675862748213,0.050523912076250996,0.03764704647498015,0.05488058802223986,0.03476045130420968,0.03817715641938046,0.048619104168387606,0.05555178122637014,0.051042650528991276,0.023929214617950754,0.04065801068467037,0.03797340677998412,0.036070981140587766,0.0390893176235107,0.0365738713042097,0.04028480468943607,0.03752571960603653,0.04372267193328037,0.0337100086195393,0.04011668575059572,0.03720115452581413,0.03800582426370135,0.03331396096266878,0.02767095027164416,0.036757517032565516,0.03747722420651311,0.040376468505162834,0.0356501820841938
Chems,0.04480076682446387,0.032341116600476574,0.03119979773153296,0.026941536381254964,0.028125078233518667,0.040062512972200155,0.04770584603653692,0.06008839284511517,0.04975286208737093,0.05139536025416997,0.03850266227164416,0.038709740708498815,0.043588243933280375,0.06675812127720411,0.04956951794122319,0.05148542211278792,0.05669138979507548,0.06701024925814138,0.07314409103733119,0.06243446183320095,0.061721608241461466,0.05180281916441621,0.06925310914694201,0.048610647631453535,0.07303455650516283,0.04280352734551231,0.056305902436854634,0.06855287993010326,0.08296035902779986,0.07087346187768069,0.030352350449563154,0.05140754132486101,0.04732534270373313,0.04492551439555202,0.04895048844479745,0.04677883231771248,0.051017551466243045,0.04655720646227163,0.0568627124511517,0.04564851698808579,0.05295047977760126,0.04807317565687054,0.04942957289277204,0.04362265811596505,0.03616304162668784,0.04822203505639396,0.052258371552025396,0.05287579338522637,0.045353550322478155
Rubbr,0.041172393766481324,0.028732850873709297,0.02674299395869738,0.022900679947577437,0.02372142620015885,0.03506646862748212,0.041023729809372515,0.054598848508339945,0.04470874921207308,0.045370291310563936,0.03389815793486893,0.03399794661000794,0.03733938440984908,0.04956951794122319,0.0548158407291501,0.04586066718824464,0.05075864355202542,0.05762152309451944,0.0628261459062748,0.05431875202382843,0.05405938599364576,0.04444293114217632,0.05897310603335979,0.04302742302462271,0.06508379008737095,0.036149595367752176,0.043387828624305,0.05456820931056394,0.06654996013185067,0.058534862322478155,0.02674706743923749,0.044417636169976155,0.04153011239396346,0.039687858779984105,0.04281992542652899,0.03964566617791899,0.04437062458776807,0.04079302569976172,0.04943307655758538,0.03915121296108021,0.0464467789833201,0.04195056637172359,0.04358268973947578,0.03792267440667196,0.032297017353455124,0.04236846236378078,0.04640748202859412,0.04657094423510723,0.04009749776489277
Txtls,0.04074219374106433,0.030619166425734715,0.029832703582208103,0.022964884598888003,0.025158194320889598,0.038717574400317714,0.045985552303415396,0.05873700400317712,0.04790108089753772,0.04918830833995233,0.03532794271644162,0.03558221568705323,0.03908564802223986,0.05148542211278792,0.04586066718824464,0.07593815287529786,0.05420119081810961,0.06387646894360603,0.06524354859412232,0.05536391344718029,0.05577086308975377,0.04660338714853058,0.062325444638602075,0.044287499809372535,0.06722323977760124,0.0398828864177919,0.04498981536934075,0.05776852286735503,0.06963270588562352,0.06236178214455916,0.027062619102462264,0.04745158015091343,0.04428136460683081,0.04098126915011915,0.04359799424940429,0.040784115512311356,0.04554084519459888,0.04213285644162032,0.05358396445591738,0.042270936195393155,0.04964727293089754,0.04369244904686259,0.047165292605242264,0.04167358410643368,0.03319008733915806,0.04493604452740268,0.050774614146147735,0.04807600222398728,0.04161973470214456
BldMt,0.0451199791644162,0.03324193305798252,0.030986531799841142,0.026173191688641784,0.026905335555202543,0.04029168518506752,0.04827619415409054,0.062031035780778385,0.05072242509293089,0.050510627227958696,0.038638121747418576,0.03858162170611596,0.04308516137251787,0.05669138979507548,0.05075864355202542,0.05420119081810961,0.06592654459729945,0.0690804458649722,0.07237398292613186,0.0619230115901509,0.06203941889118345,0.051019583790309776,0.06783595360127084,0.04941481673709292,0.07453028587768068,0.043012592749801425,0.050585080374900705,0.06490397674980143,0.0791149611945989,0.06856978377760127,0.0302246250548054,0.05117906950913424,0.04809181113264495,0.04562920983002382,0.04802505306433678,0.0448151296203336,0.05030368224305004,0.04636354257664814,0.05725159274344716,0.04514138283717236,0.05348356098490864,0.04816708035583798,0.05009244385067513,0.043373841455123116,0.037150113416997615,0.04833939299761716,0.052591124301826865,0.05378089662271644,0.04576230912152503
Cnstr,0.05165580980460683,0.037459965655281965,0.03452303482764098,0.02858758726608419,0.027199784902303414,0.046215269248610004,0.05551725544082604,0.07100536208419378,0.059268542570293875,0.06291952327243842,0.04491159342335188,0.04481249361715646,0.05040336751707704,0.06701024925814138,0.05762152309451944,0.06387646894360603,0.0690804458649722,0.1322593443939635,0.08798321143129469,0.07172829075139,0.07246177616521046,0.06124684071167593,0.07997271999364573,0.056659319790309755,0.08542784616362191,0.04743648735186656,0.07119780900397142,0.07947184513423351,0.1003337711135822,0.08435413087212071,0.03599032679269261,0.05855247626370135,0.05455789697220014,0.053112413922160456,0.055297352012708495,0.052613945429706134,0.05917159465607625,0.05407196580778396,0.0668916526703733,0.050863704222398706,0.061238416711675916,0.055379274776806986,0.057734793601270845,0.05083252995710882,0.04310507597776012,0.06314625727720415,0.060784868886417764,0.06046916643685462,0.0546788180079428
Steel,0.05776208246544877,0.041016227990468626,0.0387464762573471,0.032956418973788704,0.03213650865131056,0.048287799193010315,0.05988278630659254,0.07544078403812549,0.06225845707386815,0.06456606948371722,0.04811212365369341,0.04770371992374899,0.05227378553137409,0.07314409103733119,0.0628261459062748,0.06524354859412232,0.07237398292613186,0.08798321143129469,0.10247108259888797,0.07930759098967435,0.07861120218586178,0.06473577634312948,0.08563056282128673,0.06116505586656077,0.09291494316123908,0.05214667928196982,0.0755011168355838,0.08933694387926926,0.11471969943764891,0.09087255015726765,0.03763319595869738,0.06318570298332007,0.05918950316759332,0.05619513954567117,0.061253515158061954,0.056172271911040496,0.06405366515647339,0.05814620126449563,0.07101180920730736,0.05740492392057189,0.06725901645750598,0.0606202820206513,0.06171074804130264,0.05393101342017473,0.045137881315329635,0.06073374458459095,0.06467521662271643,0.06635376754884831,0.05807263916759333
FabPr,0.0512777898268467,0.03545021583002382,0.03368013543606037,0.028870322902303413,0.02787122483399523,0.04276023269420175,0.05089901714853057,0.06570348838125493,0.0534404945019857,0.05642123818903892,0.04221725744241462,0.0416106268006354,0.04559596658617948,0.06243446183320095,0.05431875202382843,0.05536391344718029,0.0619230115901509,0.07172829075139,0.07930759098967435,0.10218791551866559,0.06773338094201747,0.05634162779030975,0.07296400735186655,0.05467783566957903,0.08200680762509925,0.04644214844162033,0.056572050482922936,0.0695218144892772,0.0887124615138999,0.07466244246544876,0.03283808281652104,0.05398294301667991,0.0515649001302621,0.04889643955837967,0.05323063265448768,0.048950182619539324,0.05481824654169975,0.05072690020333597,0.060569518718030166,0.048701468624304994,0.05676203350277999,0.05243516662589357,0.05385461015250199,0.04662512749642573,0.03888613080857825,0.05202871923431295,0.053818657723590145,0.05699919567275615,0.05007865693884036
Mach ,0.04885099083717235,0.035462469745830026,0.03421124970452741,0.027432627512311354,0.02875585909610802,0.0429838038395552,0.051306177307386805,0.06620304383161237,0.05376936586656076,0.055410749356632226,0.041327151421763304,0.04156106063065926,0.04621217639714059,0.061721608241461466,0.05405938599364576,0.05577086308975377,0.06203941889118345,0.07246177616521046,0.07861120218586178,0.06773338094201747,0.06984427680857824,0.05546198452422557,0.07349660869896744,0.053689862173153274,0.08058238341540906,0.04591903203812549,0.05517208585067516,0.07024229623034153,0.08789414514853058,0.0757460096330421,0.032588336935663216,0.05502752840826052,0.05128796877521843,0.04897753161874503,0.053518506929308984,0.049129445532962675,0.055548206459094536,0.05082466819062748,0.061390764957903084,0.04847935596981731,0.05736734826052422,0.05201231880381256,0.05352422663542492,0.04679276597776012,0.03920391782049246,0.0520050360381255,0.05545528605083401,0.05738226197299442,0.04931904103415409
ElcEq,0.041247423504368545,0.029628749976171556,0.029786395237490073,0.02306604540428911,0.024454633324861003,0.036739780343129455,0.042258846942017474,0.0545525504305004,0.044700757702938826,0.04613569019857029,0.03582847383637807,0.03556380108975378,0.04017675862748213,0.05180281916441621,0.04444293114217632,0.04660338714853058,0.051019583790309776,0.06124684071167593,0.06473577634312948,0.05634162779030975,0.05546198452422557,0.057171197464654495,0.060760021362986485,0.04459916686894359,0.06708106208101666,0.03897040534392375,0.04446285593963462,0.058918472924543296,0.07266121464336774,0.06190307055123113,0.026870700584590946,0.04569755080857823,0.04299554419698174,0.04115526162351072,0.04493766865131056,0.04154073489118348,0.046650094309769644,0.04254589891660046,0.050521332324066706,0.040011115733121515,0.04758912098490866,0.04341590155043686,0.04399020147100873,0.038343019752184265,0.03270028340587768,0.04317412477839556,0.04606960775536142,0.0476487695567911,0.04119631710563938
Autos,0.052484749153296255,0.038482474217633046,0.03652219905321683,0.030515531189833207,0.03148247900873709,0.04773035582525814,0.05758304120730739,0.07433712078157265,0.0601759776457506,0.06192752826052422,0.04566885702938841,0.045411660638602046,0.050523912076250996,0.06925310914694201,0.05897310603335979,0.062325444638602075,0.06783595360127084,0.07997271999364573,0.08563056282128673,0.07296400735186655,0.07349660869896744,0.060760021362986485,0.09203081667355043,0.058023585493248625,0.08753304352660839,0.049120279186656075,0.05842155953613981,0.07528058842255758,0.09512135414773629,0.08191550615409052,0.03508572253534552,0.06063708960762511,0.05701602837807783,0.0530469447879269,0.05762772716759333,0.053742856851469414,0.06032096059729944,0.05486269406830815,0.06882229063701349,0.05244678384114375,0.06322737483717236,0.05669748411755359,0.05949070305321683,0.05200984249086577,0.04286686091818903,0.05736395014455916,0.061515076670373287,0.06208261221922161,0.054650299215250185
Aero ,0.03911639919936458,0.02902939791898332,0.027566055698173143,0.02378947908181097,0.0252245932613185,0.035299496911834795,0.04112921971405877,0.053140301375695004,0.043543698957903096,0.04526537518665606,0.03330108181096108,0.03358319457664814,0.03764704647498015,0.048610647631453535,0.04302742302462271,0.044287499809372535,0.04941481673709292,0.056659319790309755,0.06116505586656077,0.05467783566957903,0.053689862173153274,0.04459916686894359,0.058023585493248625,0.05304793061795075,0.06462311275615568,0.03930417163463065,0.039728055526608415,0.053769830573471,0.06579514573153296,0.05822578314853058,0.02735563132327244,0.04413954785385227,0.04218221930420968,0.0398739274217633,0.04263745654646544,0.03925400501032565,0.043911947876092136,0.040560370179507546,0.04943388555679111,0.039267445200953134,0.04611688718030182,0.041537619707704525,0.04332977967593329,0.03783739252422557,0.03135022393010325,0.04235402790786339,0.044011233426528996,0.0460359620587768,0.04004573788403495
Ships,0.05908871294678316,0.0423581450039714,0.04002629318506752,0.033748765019857026,0.03506323424940429,0.050916242859412236,0.06144704778395551,0.08069377868149322,0.0640119391262907,0.06702093378872122,0.05115505868149324,0.04958939609213662,0.05488058802223986,0.07303455650516283,0.06508379008737095,0.06722323977760124,0.07453028587768068,0.08542784616362191,0.09291494316123908,0.08200680762509925,0.08058238341540906,0.06708106208101666,0.08753304352660839,0.06462311275615568,0.1215527796028594,0.05672603208895949,0.06377703841143766,0.08290369172359016,0.10260027164416198,0.08776505108816521,0.03983898738681494,0.06596545553613979,0.06263699447180301,0.05902953026211279,0.06331249086576647,0.05838527065925337,0.06569973436060364,0.06025166106433678,0.07377448260524225,0.057826604988085784,0.0702157290548054,0.06256707269261319,0.06554590341540907,0.05672800165210485,0.046973440508339945,0.06255515294678315,0.0636536430500397,0.06819532270055598,0.05896222398729148
Guns ,0.035455366252581416,0.02563801258141382,0.025978279161239078,0.020432348740270057,0.023710932657664816,0.030780919707704524,0.036274777918983314,0.046391788301826845,0.03691009497061159,0.03897717998411436,0.029595725401111994,0.030665492066719615,0.03476045130420968,0.04280352734551231,0.036149595367752176,0.0398828864177919,0.043012592749801425,0.04743648735186656,0.05214667928196982,0.04644214844162033,0.04591903203812549,0.03897040534392375,0.049120279186656075,0.03930417163463065,0.05672603208895949,0.06357145751231137,0.03671312912470214,0.048197560216044474,0.054965581871326455,0.04897373908181095,0.02349733926608419,0.038931471237490065,0.03760818699285147,0.034748880718030194,0.03670015999364575,0.034878425963463064,0.0384578032533757,0.03555938997299443,0.04285088252263703,0.03354664257982526,0.040861530865766466,0.036549017213661626,0.038095372416203324,0.032674047091342334,0.026980634001588556,0.03660530743129467,0.038135761289912626,0.0404480548943606,0.03435918628752977
Gold ,0.04213437578395553,0.028187985393169177,0.03072504873232725,0.025533779899920568,0.025011216700556,0.03351695672915012,0.04157210677521843,0.047090563107227965,0.041822465621922156,0.04021663081810961,0.033545369340746624,0.033403873631453536,0.03817715641938046,0.056305902436854634,0.043387828624305,0.04498981536934075,0.050585080374900705,0.07119780900397142,0.0755011168355838,0.056572050482922936,0.05517208585067516,0.04446285593963462,0.05842155953613981,0.039728055526608415,0.06377703841143766,0.03671312912470214,0.19280519342176333,0.09948880489436061,0.10247680362668782,0.07509025482446385,0.027761540894360594,0.044149554517871316,0.03949914800953137,0.03874015180619539,0.04247272021604448,0.03996692768705321,0.04586348765369341,0.040570628495631464,0.049814293396346306,0.0408299320714853,0.043973976854646546,0.042097605926926136,0.03954849412390787,0.034753833294678314,0.028655739450357424,0.04269744746306593,0.044038429574265285,0.0472001803590151,0.0406349544765687
Mines,0.051958200387609205,0.03692201778395552,0.03697059101350278,0.030574300036536932,0.031529836865766485,0.04278257397776013,0.05323099683081811,0.06332325824305005,0.054762229564733894,0.05648176536934075,0.042945508943606034,0.043242710895949166,0.048619104168387606,0.06855287993010326,0.05456820931056394,0.05776852286735503,0.06490397674980143,0.07947184513423351,0.08933694387926926,0.0695218144892772,0.07024229623034153,0.058918472924543296,0.07528058842255758,0.053769830573471,0.08290369172359016,0.048197560216044474,0.09948880489436061,0.11466945616997616,0.11224365591262908,0.08711566641461478,0.03398893561080222,0.056589747976171556,0.05238322460365369,0.05076114087053217,0.05554166678951548,0.05078262929467831,0.05814931914535347,0.052923353458300244,0.06298850120254168,0.05109848946942017,0.05882323928514693,0.05444807334233519,0.05405684030023829,0.047610447086576635,0.0388872661096108,0.053332961146942,0.055208536907069096,0.0600565312533757,0.05189416142494043
Coal ,0.0642625443876092,0.04382039482922954,0.04195970892613186,0.03595148727402701,0.03503051040667196,0.05295134207625099,0.06597078286735501,0.08096048831135821,0.06573671820969021,0.06956492568705322,0.050843695822081016,0.0507428878268467,0.05555178122637014,0.08296035902779986,0.06654996013185067,0.06963270588562352,0.0791149611945989,0.1003337711135822,0.11471969943764891,0.0887124615138999,0.08789414514853058,0.07266121464336774,0.09512135414773629,0.06579514573153296,0.10260027164416198,0.054965581871326455,0.10247680362668782,0.11224365591262908,0.2020669349817315,0.11456906078474981,0.04134612883399524,0.06963040043367752,0.06357544871167595,0.060932952746624316,0.0674453914090548,0.06050649909928515,0.0707106811850675,0.06263490860365369,0.07871107637966641,0.06312424206989674,0.0740008310881652,0.06581864163145354,0.06523769955043685,0.058278707169181904,0.04813067254646544,0.06601272725337569,0.06893298962509928,0.0724159664050834,0.06441987045432884
Oil  ,0.055049582919777594,0.038871832851469425,0.037168783250198574,0.030616243043685456,0.03372948880698968,0.04745794847974584,0.057315127879269234,0.0714449383764893,0.05879779220333598,0.06076246131850673,0.04590625728355839,0.04534790263383637,0.051042650528991276,0.07087346187768069,0.058534862322478155,0.06236178214455916,0.06856978377760127,0.08435413087212071,0.09087255015726765,0.07466244246544876,0.0757460096330421,0.06190307055123113,0.08191550615409052,0.05822578314853058,0.08776505108816521,0.04897373908181095,0.07509025482446385,0.08711566641461478,0.11456906078474981,0.10429514124860999,0.037913057925337564,0.060795863974583,0.055939767205718825,0.05389196256711675,0.05853578250675138,0.053513246405083405,0.06071093439872914,0.05549535085623508,0.0679048143669579,0.05392735938363779,0.06267499107227957,0.057539106128673564,0.0577786938649722,0.05032565669896744,0.04287245615885622,0.058149269013502786,0.061915025791898365,0.06324312897220016,0.05493779492295474
Util ,0.024651369899920568,0.019078768474980145,0.01791938020492454,0.015558397853852261,0.018320514076250995,0.021095105301032556,0.025218350571882438,0.033261086976965844,0.026376057256552815,0.02727626640190627,0.021240394662430495,0.02152322881175537,0.023929214617950754,0.030352350449563154,0.02674706743923749,0.027062619102462264,0.0302246250548054,0.03599032679269261,0.03763319595869738,0.03283808281652104,0.032588336935663216,0.026870700584590946,0.03508572253534552,0.02735563132327244,0.03983898738681494,0.02349733926608419,0.027761540894360594,0.03398893561080222,0.04134612883399524,0.037913057925337564,0.023206468897537722,0.02799315266560763,0.025499319370929308,0.024702592683081805,0.02520806210007943,0.02431788993328039,0.026519208683081805,0.024670973734710073,0.030674119667990465,0.02521154867831612,0.028038242748212868,0.025842830368546465,0.026545703664813344,0.023188072649721995,0.019813516613185065,0.02765091537092931,0.026402269990468616,0.028756983942811752,0.024932057729944397
Telcm,0.040710841613979344,0.03035243106433677,0.02908976912946783,0.02410310801747419,0.026299704881652102,0.03665755989038919,0.043687081564733915,0.057781104330420975,0.04555682373153296,0.04568951151707704,0.03557523053216838,0.035534379032565525,0.04065801068467037,0.05140754132486101,0.044417636169976155,0.04745158015091343,0.05117906950913424,0.05855247626370135,0.06318570298332007,0.05398294301667991,0.05502752840826052,0.04569755080857823,0.06063708960762511,0.04413954785385227,0.06596545553613979,0.038931471237490065,0.044149554517871316,0.056589747976171556,0.06963040043367752,0.060795863974583,0.02799315266560763,0.052735577154884805,0.04389270343447181,0.041344538303415404,0.044426914211278784,0.04172028986338363,0.046235807907863385,0.04177173566004766,0.05181162043367751,0.040182487607625085,0.04812540888006354,0.043200492805401114,0.04539422297220016,0.04008724468467038,0.03345359126926132,0.04410173797934868,0.04668392140905479,0.04840148796822874,0.041157796907069104
PerSv,0.03872642898808579,0.02863372422557585,0.02691162255123114,0.021533821343923745,0.02286031505003971,0.034359734023828435,0.041515474376489274,0.05294715693089753,0.042779952298649705,0.043045821636219235,0.034325421667990456,0.03376813052899127,0.03797340677998412,0.04732534270373313,0.04153011239396346,0.04428136460683081,0.04809181113264495,0.05455789697220014,0.05918950316759332,0.0515649001302621,0.05128796877521843,0.04299554419698174,0.05701602837807783,0.04218221930420968,0.06263699447180301,0.03760818699285147,0.03949914800953137,0.05238322460365369,0.06357544871167595,0.055939767205718825,0.025499319370929308,0.04389270343447181,0.05349374172517869,0.0394841139571088,0.041495654976965834,0.039279040368546465,0.04369981960921366,0.03985481497061161,0.04819684998252582,0.03679272151231135,0.04490715752184273,0.04085167871008738,0.043023198201747416,0.03682886715170769,0.031246883513899915,0.04040776845750596,0.0440563641556791,0.044766050147736304,0.03843643441461477
BusSv,0.036561267685464645,0.02698215836378077,0.025551867205718826,0.02076484042255758,0.02243878121366164,0.03174255964733916,0.03816309424940429,0.049629016597299416,0.03961860651628276,0.04074131409054804,0.03179216393963464,0.03221038623987292,0.036070981140587766,0.04492551439555202,0.039687858779984105,0.04098126915011915,0.04562920983002382,0.053112413922160456,0.05619513954567117,0.04889643955837967,0.04897753161874503,0.04115526162351072,0.0530469447879269,0.0398739274217633,0.05902953026211279,0.034748880718030194,0.03874015180619539,0.05076114087053217,0.060932952746624316,0.05389196256711675,0.024702592683081805,0.041344538303415404,0.0394841139571088,0.03906822023193009,0.03958361017950753,0.03704053585702939,0.04105945258776806,0.03772974100714853,0.04532025254011122,0.03575023673073868,0.0423835514853058,0.03855423205401112,0.03970762604924544,0.03447915898649722,0.029494552775218424,0.038992259037331216,0.04038774504527402,0.04276356233200953,0.036325504390786335
Hardw,0.03860495206354248,0.02855150583002383,0.027940942443208897,0.021698603094519466,0.02340630654805401,0.034487186662430495,0.04084941833200952,0.05143374100714852,0.0423494714471803,0.04481032117553615,0.033884948943606025,0.03459770297696584,0.0390893176235107,0.04895048844479745,0.04281992542652899,0.04359799424940429,0.04802505306433678,0.055297352012708495,0.061253515158061954,0.05323063265448768,0.053518506929308984,0.04493766865131056,0.05762772716759333,0.04263745654646544,0.06331249086576647,0.03670015999364575,0.04247272021604448,0.05554166678951548,0.0674453914090548,0.05853578250675138,0.02520806210007943,0.044426914211278784,0.041495654976965834,0.03958361017950753,0.052017334430500384,0.04155137089118348,0.047194376095313746,0.042024545150119136,0.048520421242255765,0.038245290859412216,0.04522915164416204,0.04155692019698172,0.04285214736139793,0.03735172377442414,0.030614234211278797,0.04011472948689435,0.04258068395234313,0.04584166586814933,0.03957973253693407
Softw,0.03625915967593327,0.02672250259729944,0.025737169621922157,0.021194242679904687,0.021595750870532164,0.031661895220015876,0.03836717270055599,0.04811064936616361,0.03988296566957903,0.041481388308181086,0.03168195405877681,0.03232224214614774,0.0365738713042097,0.04677883231771248,0.03964566617791899,0.040784115512311356,0.0448151296203336,0.052613945429706134,0.056172271911040496,0.048950182619539324,0.049129445532962675,0.04154073489118348,0.053742856851469414,0.03925400501032565,0.05838527065925337,0.034878425963463064,0.03996692768705321,0.05078262929467831,0.06050649909928515,0.053513246405083405,0.02431788993328039,0.04172028986338363,0.039279040368546465,0.03704053585702939,0.04155137089118348,0.041318725304209686,0.042622479901509136,0.03835105111675933,0.04532104561239079,0.03548638840190627,0.0423365368228753,0.038577955410643364,0.04009429053375695,0.03511268505003971,0.02915693522478157,0.038485232435266074,0.04072700098014297,0.04296786499761714,0.03652912893248608
Chips,0.040583667596505155,0.029599054789515498,0.029324195510722788,0.0230907699030977,0.02391596054964257,0.035802656810166804,0.042866351119936454,0.054009832457505964,0.04412005874185862,0.04630746281175535,0.035170654583002385,0.03539756629388404,0.04028480468943607,0.051017551466243045,0.04437062458776807,0.04554084519459888,0.05030368224305004,0.05917159465607625,0.06405366515647339,0.05481824654169975,0.055548206459094536,0.046650094309769644,0.06032096059729944,0.043911947876092136,0.06569973436060364,0.0384578032533757,0.04586348765369341,0.05814931914535347,0.0707106811850675,0.06071093439872914,0.026519208683081805,0.046235807907863385,0.04369981960921366,0.04105945258776806,0.047194376095313746,0.042622479901509136,0.05123224450516283,0.04361015074821285,0.050106370303415415,0.03960131294360605,0.04747530735504368,0.04325363911358221,0.04473215650833994,0.03873510099761716,0.03209955343606036,0.04230992250357426,0.044776245709293075,0.04784282692930897,0.041145851383637806
LabEq,0.03725360392692613,0.027318994932486105,0.02649502261159651,0.021425779625099287,0.02240722828594122,0.03231729989197776,0.03855487378872122,0.04909125816044479,0.04076989254646545,0.04198195615567912,0.032742033486894355,0.033458670535345514,0.03752571960603653,0.04655720646227163,0.04079302569976172,0.04213285644162032,0.04636354257664814,0.05407196580778396,0.05814620126449563,0.05072690020333597,0.05082466819062748,0.04254589891660046,0.05486269406830815,0.040560370179507546,0.06025166106433678,0.03555938997299443,0.040570628495631464,0.052923353458300244,0.06263490860365369,0.05549535085623508,0.024670973734710073,0.04177173566004766,0.03985481497061161,0.03772974100714853,0.042024545150119136,0.03835105111675933,0.04361015074821285,0.04335190760285941,0.04590491753137411,0.03615808498490866,0.0430556261477363,0.03960827110722795,0.04037743314058776,0.035422386907069114,0.029801325445591737,0.03908143821445591,0.04035070385067513,0.04371699484034948,0.03756402361556791
Paper,0.044867953315329626,0.03330571789515487,0.03143294093566322,0.0247926358522637,0.027040821526608413,0.040995976818109625,0.04833889255758537,0.06350115213979349,0.04947837465131056,0.05096088886417791,0.03888376841938047,0.03891782134551232,0.04372267193328037,0.0568627124511517,0.04943307655758538,0.05358396445591738,0.05725159274344716,0.0668916526703733,0.07101180920730736,0.060569518718030166,0.061390764957903084,0.050521332324066706,0.06882229063701349,0.04943388555679111,0.07377448260524225,0.04285088252263703,0.049814293396346306,0.06298850120254168,0.07871107637966641,0.0679048143669579,0.030674119667990465,0.05181162043367751,0.04819684998252582,0.04532025254011122,0.048520421242255765,0.04532104561239079,0.050106370303415415,0.04590491753137411,0.07190461714217633,0.04740128573947578,0.05286879521842733,0.047689635674344706,0.049766779915806185,0.04369025018745036,0.036559238868943605,0.04984458739634631,0.05165182767116759,0.053066739145353446,0.04523323981096108
