,Agric,Food ,Soda ,Beer ,Smoke,Toys ,Fun  ,Books,Hshld,Clths,Hlth ,MedEq,Drugs,Chems,Rubbr,Txtls,BldMt,Cnstr,Steel,FabPr,Mach ,ElcEq,Autos,Aero ,Ships,Guns ,Gold ,Mines,Coal ,Oil  ,Util ,Telcm,PerSv,BusSv,Hardw,Softw,Chips,LabEq,Paper,Boxes,Trans,Whlsl,Rtail,Meals,Banks,Insur,RlEst,Fin  ,Other
Agric,0.059296293050039695,0.024282347704527404,0.022373059396346304,0.019426245655281966,0.022686839428117552,0.027985024837172367,0.03332876289912629,0.042156017156473394,0.033275096806989674,0.034903157418586184,0.029672910929308974,0.029324354797458298,0.03397823335186656,0.039824800484511515,0.0345695956870532,0.034711553852263696,0.039962453733121524,0.04488453414614773,0.04956982913423351,0.04443015252581414,0.04300647712470214,0.03727547471008737,0.04514506891977758,0.03468128282764097,0.05185406702144559,0.033168836473391576,0.03971970907863383,0.048085192351072274,0.05444345909451946,0.04732252856235108,0.022260235853852263,0.03650245920571881,0.03509213640190627,0.03322306801429706,0.03536713565528197,0.033212685274026994,0.03685994192216045,0.03381806773629864,0.03912043346306592,0.03183981719618745,0.03712402200953137,0.03420822988880064,0.03380562886417792,0.028745438840349483,0.024971493145353456,0.03317036118347895,0.031782973081810974,0.03743826841143766,0.03264402845909452
Food ,0.024282347704527404,0.02339338150277999,0.019167597725178717,0.015347195297855441,0.017986637286735503,0.020654639046862582,0.024592745569499603,0.03008445802065131,0.024523196562351066,0.02629014280540111,0.021331041175536143,0.021497942081016675,0.025152343135822076,0.028812629941223192,0.024606212123907862,0.02632673521207307,0.02927925551707704,0.03254404331056393,0.03519540390150912,0.031041140193804606,0.031171595126290703,0.026631521823669575,0.03338579761080223,0.02593872000635425,0.03787158690389199,0.024053957064336773,0.02591921249245432,0.033374163380460675,0.03730687064019063,0.033525408171564734,0.017417332702144555,0.027024627825258146,0.02584674994757744,0.024343660778395556,0.026031546573471016,0.02445967109769658,0.026977682249404285,0.0247798447212073,0.028633270341540906,0.023657094583002383,0.027461549636219214,0.02540502863860206,0.025561997153296264,0.022353459945988877,0.018117422710087372,0.025032835348689438,0.023381318837172364,0.027230623853852266,0.02419387356314535
Soda ,0.022373059396346304,0.019167597725178717,0.046595583930103254,0.014332931374106432,0.018038816165210483,0.02066595559968229,0.02378033124384432,0.028892281448768868,0.023274074071485303,0.026119789766481334,0.01978539113582207,0.02174655172359015,0.025628006770452745,0.028299923707704525,0.023193041407466235,0.025653952324066722,0.02790832644003176,0.03181682503891978,0.034163988193804604,0.030150993623510713,0.030959735688641778,0.027493128552819695,0.03271364631930103,0.025270864800635423,0.03590240779666402,0.024641985887212076,0.029107266627482125,0.034460686853057976,0.036867806138204916,0.03324865441143764,0.0167497866370135,0.026168947590150912,0.024222197658459094,0.023452114964257344,0.025972717035742658,0.024022798392374898,0.027115727637807778,0.024420060644956314,0.028380462128673543,0.022560493931691815,0.026375102109610808,0.024550695844320892,0.02472106418427323,0.02206808814614774,0.017573852895949156,0.023777039628276406,0.02230402613820492,0.026219671768069896,0.02365212437490072
Beer ,0.019426245655281966,0.015347195297855441,0.014332931374106432,0.031837299825258125,0.015277985162827641,0.016011926068308185,0.019031842096902302,0.02316843030976966,0.018927882065131053,0.02020684387609213,0.01710058967434472,0.01739883281969817,0.019727327339158062,0.02340974976965846,0.019820884988085777,0.02007331297855441,0.023118592787926925,0.025411822875297856,0.028525808800635426,0.02493013807783955,0.02435999841143764,0.02125835294678316,0.026653729785544086,0.021541100746624298,0.03100957566322478,0.019849998189038917,0.02344416336775218,0.02817120330420968,0.030667421922160445,0.026751191866560758,0.01422989779189833,0.021776022494042886,0.02004231857029388,0.019094130770452737,0.019927183097696585,0.01917151580619539,0.02127828200158856,0.019765296521048453,0.021942718665607618,0.01880516984908658,0.021363020333598094,0.020064279491660047,0.019462710563939643,0.017132223764892776,0.013933031135822081,0.020079072819698167,0.01777798643367752,0.021387247625099283,0.019078864146147734
Smoke,0.022686839428117552,0.017986637286735503,0.018038816165210483,0.015277985162827641,0.04351789169817315,0.01896613915806195,0.021561118843526603,0.026904377613979347,0.022077737525019858,0.024393297938046062,0.018845713804606826,0.020130922033359807,0.023139688654487685,0.026966051272438438,0.022478378560762506,0.023729252028594126,0.025467429223193006,0.028642652530579828,0.03119608697696585,0.02726120423193009,0.027354808076251,0.023637408381254953,0.02996569714376489,0.024021507177124705,0.033611454602065126,0.022576761976171564,0.02459931531056393,0.030981436530579817,0.033959821216838756,0.0318684606957903,0.017801605769658457,0.024895047485305796,0.021955889664813343,0.021662726417791895,0.022629365235901505,0.021098431631453533,0.023399301941223194,0.021788818401906274,0.025847835488482924,0.022288020460683074,0.02450259067831612,0.02280622182049245,0.023023753575853848,0.020171085864972196,0.016386331869737883,0.023152818719618745,0.02138473810325655,0.024645350868943608,0.021994349699761714
Toys ,0.027985024837172367,0.020654639046862582,0.02066595559968229,0.016011926068308185,0.01896613915806195,0.04767038442414616,0.03019893910246227,0.03737925007148531,0.02988182563939634,0.032802437227958704,0.02451898918189039,0.024524112414614777,0.029127085329626688,0.0346428497299444,0.029326272509928506,0.03254502905480539,0.034414073304209696,0.039877565504368544,0.04067003170770452,0.036975190270055594,0.03719826505162827,0.03237565882446385,0.04043390494837172,0.03094441401111993,0.04488864624305002,0.02863696308181096,0.03137529786338364,0.038807719086576646,0.045191629420174746,0.03995530069896744,0.018654123193010328,0.03197609075456712,0.030298921215250196,0.02827542436060366,0.03106284335980937,0.028523588244638604,0.03195374783161238,0.029059797998411446,0.034801523471008726,0.026653023359809364,0.03154762362986498,0.029537469126290704,0.031185910675139,0.027040142573471006,0.021536441675933278,0.02816034755361398,0.029198906616362198,0.03139809004765687,0.02849998982525814
Fun  ,0.03332876289912629,0.024592745569499603,0.02378033124384432,0.019031842096902302,0.021561118843526603,0.03019893910246227,0.04202394683240668,0.042054558100079444,0.03458575548212868,0.03806364197140589,0.029033794138204914,0.02967114057982526,0.03485050682922954,0.0404556196711676,0.034380730654487685,0.036717935863383636,0.04089531873391582,0.04675857003812549,0.05013397267037331,0.04379230261636219,0.04405497407783955,0.036939707065925344,0.04794823121683876,0.0359679220714853,0.05361530024781571,0.03373981758856236,0.0373042680841938,0.04736390237172358,0.054917352832406674,0.04770099849722003,0.022443970430500396,0.037747063456711666,0.035839383490071486,0.033802162644956314,0.03681879490548055,0.034386211494837185,0.03827721641938046,0.034457644181096106,0.04033830083399523,0.031995201294678303,0.03837198954884828,0.03517918988562351,0.03665677391262907,0.03185404394916601,0.025234628691024618,0.03416554345830025,0.03272425631930104,0.038267692503574265,0.034378239607625094
Books,0.042156017156473394,0.03008445802065131,0.028892281448768868,0.02316843030976966,0.026904377613979347,0.03737925007148531,0.042054558100079444,0.07928875077998411,0.04225604601111992,0.04568199501826846,0.036028917712470215,0.03600798042891183,0.042175511161239077,0.04894315684193802,0.0425706144686259,0.044954228092136624,0.04992110098808579,0.05784006801588563,0.0594078205305798,0.053461452657664804,0.05326784633518665,0.045219210662430495,0.05888327622557584,0.043893932988085776,0.06646929487529786,0.04151510676409849,0.04172280320254171,0.054179411266084186,0.06411754200476566,0.05625888310722796,0.02836609223828435,0.047408164994440026,0.04418477021127879,0.0420241631771247,0.04357253911358221,0.04080901957744241,0.04566215460524224,0.04121704287212073,0.05072662922954726,0.03885712632247815,0.046572241563145364,0.04281964090865766,0.044580250884829226,0.03840218872756156,0.03159459854487689,0.043124971768069884,0.039279405864972194,0.046686517591739446,0.041236405706115954
Hshld,0.033275096806989674,0.024523196562351066,0.023274074071485303,0.018927882065131053,0.022077737525019858,0.02988182563939634,0.03458575548212868,0.04225604601111992,0.0407414357045274,0.038106217880857815,0.029083036886417793,0.029406109070691022,0.03382220045115172,0.040262510671961876,0.03455025717553614,0.03726329835742653,0.040735719186656076,0.046625903104050834,0.04900862630023828,0.043126751853852265,0.04348981358538523,0.03693764557267673,0.04730178728514693,0.035938621197776015,0.052816778833995236,0.033258366818109605,0.03520867775059571,0.04643854698649723,0.052474363571088166,0.04658597741699761,0.02237360291660048,0.037261349731532965,0.035721982195393166,0.03311491332803812,0.03627311585067514,0.033677701375695,0.03743134337728356,0.03433703912946783,0.039638887529785546,0.03174486277998411,0.037584080057188246,0.03495186444479746,0.036366883221604446,0.03135574232883241,0.02464946067672756,0.033489842115965056,0.03262568554090548,0.036990226713264504,0.033608150640190626
Clths,0.034903157418586184,0.02629014280540111,0.026119789766481334,0.02020684387609213,0.024393297938046062,0.032802437227958704,0.03806364197140589,0.04568199501826846,0.038106217880857815,0.052105571169181894,0.030900691135822084,0.031571030095313736,0.03675273915647339,0.044074861466243065,0.037200282632247804,0.040518991907863386,0.04308847414297061,0.04910105758379668,0.05324856695154884,0.04763426927243844,0.04717721557108818,0.03980467141858617,0.0519748177299444,0.039792465613979346,0.05790969516441619,0.03663710569023035,0.03686352595552025,0.05040168307069104,0.05737548353931691,0.050658705312152504,0.024230418913423347,0.04015995883399522,0.038151497691818914,0.03593343093725178,0.04005145026687848,0.036864218262112794,0.04095770493407466,0.03698997930420969,0.043197440135027805,0.034537671461477355,0.041160466292295465,0.03799042726449563,0.04252321400794282,0.03496537668943605,0.02621759477521842,0.035988593037331214,0.036157274413026214,0.04018398065289912,0.03596066335663225
Hlth ,0.029672910929308974,0.021331041175536143,0.01978539113582207,0.01710058967434472,0.018845713804606826,0.02451898918189039,0.029033794138204914,0.036028917712470215,0.029083036886417793,0.030900691135822084,0.033988429833200946,0.026765942922954727,0.031106647037331212,0.03396284208101668,0.029292562843526604,0.03048866624305004,0.034130056123907855,0.03929309466243049,0.041940627990468625,0.0375838610166799,0.03651273146942017,0.03239989353455123,0.039625083923749006,0.03015481127879269,0.045750322223987304,0.0279258564892772,0.03139221189833201,0.039224886751389985,0.04434100305003971,0.039843082160444784,0.019164170770452738,0.0319062335186656,0.031045127545671156,0.028838710643367755,0.03124409011914217,0.02904807247021445,0.032142234376489276,0.02978347056393963,0.033574228546465454,0.02696970508339952,0.032083575933280394,0.029944120619539306,0.02989622071485306,0.025940706528991258,0.02132406730738681,0.029655375679110408,0.027317580508339948,0.03203838295472597,0.028250404622716427
MedEq,0.029324354797458298,0.021497942081016675,0.02174655172359015,0.01739883281969817,0.020130922033359807,0.024524112414614777,0.02967114057982526,0.03600798042891183,0.029406109070691022,0.031571030095313736,0.026765942922954727,0.032113380198570296,0.033032941898332016,0.03496416739475775,0.030148005710881647,0.031594821366163636,0.03500268262907067,0.03960552078633837,0.04243979860206514,0.03769744855440825,0.037639686656076254,0.03293331521842732,0.040523047204130254,0.031104897537728354,0.04535591531374106,0.029712047879269256,0.03179101902303415,0.04043912615567912,0.04490130217633041,0.04017529348689436,0.019735923320095317,0.032753871024622724,0.031215411080222393,0.0300050592613185,0.03272493745035743,0.03032153026211278,0.033175409023034154,0.03126223040508339,0.034523366664019055,0.027278056195393165,0.03285099994440031,0.03059010091342335,0.030770352359015093,0.026067807069102458,0.021913386632247813,0.02965670289912629,0.02754862059571089,0.03317577981731533,0.029254428633836375
Drugs,0.03397823335186656,0.025152343135822076,0.025628006770452745,0.019727327339158062,0.023139688654487685,0.029127085329626688,0.03485050682922954,0.042175511161239077,0.03382220045115172,0.03675273915647339,0.031106647037331212,0.033032941898332016,0.04636553444162033,0.04096114671485305,0.03430117898808578,0.03593335455758538,0.040670527111993635,0.046281714600476566,0.04835360998252582,0.04349554583478951,0.04341562264972199,0.038791331790309774,0.0469530863367752,0.035748670811755354,0.052149761610802224,0.03466219905957109,0.037323285466243056,0.04679776291818904,0.05085609739793487,0.046945619008737095,0.02233345654328832,0.03849709168228752,0.03619610848768864,0.034650023534551225,0.03827053360921367,0.035752532651310565,0.03913535584432089,0.03631316579507545,0.03965646278792692,0.03132630253375694,0.037762171722001595,0.03539584423669578,0.03568560562668784,0.030862334096902293,0.025022642794281177,0.03385880869420174,0.03167225640508341,0.0380255991564734,0.03432762514217633
Chems,0.039824800484511515,0.028812629941223192,0.028299923707704525,0.02340974976965846,0.026966051272438438,0.0346428497299444,0.0404556196711676,0.04894315684193802,0.040262510671961876,0.044074861466243065,0.03396284208101668,0.03496416739475775,0.04096114671485305,0.05612438382684668,0.04112924856393963,0.04270067647021445,0.048911522285941214,0.05592238936775217,0.061894099933280405,0.05340337954090549,0.052988310541699765,0.04556388399364575,0.05757063673232723,0.043106048565528195,0.06439184546147736,0.03967823341699762,0.049949177326449566,0.06181241550277997,0.07089514910881652,0.06043245328355836,0.0267456488610008,0.04433669915488483,0.04164073625258141,0.0399323881890389,0.04401195582049244,0.040383850783161236,0.04541613891660048,0.04149685565687053,0.048289501596505156,0.03934361336775217,0.04515136640667195,0.042003276169976164,0.0420506897124702,0.03606940473073868,0.029152839353455112,0.040197823210484505,0.03928520290548054,0.04492803345988881,0.03995995445432884
Rubbr,0.0345695956870532,0.024606212123907862,0.023193041407466235,0.019820884988085777,0.022478378560762506,0.029326272509928506,0.034380730654487685,0.0425706144686259,0.03455025717553614,0.037200282632247804,0.029292562843526604,0.030148005710881647,0.03430117898808578,0.04112924856393963,0.04481407215091342,0.036807203243844316,0.0422015977299444,0.047180593777601275,0.05062010435583797,0.04443954203177125,0.0444720221350278,0.03764970015250199,0.04763560296584591,0.03627366685941223,0.0548161811945989,0.03281725446227165,0.039047775286735496,0.04774942927879269,0.05361994741223194,0.04745781829706116,0.023150218811755358,0.03755964858141382,0.03584141283399522,0.03412065007942811,0.037139622463860204,0.03406652564257347,0.0383645189070691,0.034967486551231136,0.04055579544876886,0.032685440436854646,0.03812649657982527,0.03544521528355837,0.035815258976965844,0.030425053029388395,0.025523113513899926,0.034478019855440814,0.033065764290706914,0.03844716414138205,0.03369802135186655
Txtls,0.034711553852263696,0.02632673521207307,0.025653952324066722,0.02007331297855441,0.023729252028594126,0.03254502905480539,0.036717935863383636,0.044954228092136624,0.03726329835742653,0.040518991907863386,0.03048866624305004,0.031594821366163636,0.03593335455758538,0.04270067647021445,0.036807203243844316,0.06101137981890387,0.04412057070373311,0.051127167583796665,0.05229828155043684,0.04618081239396347,0.04622242797776011,0.03956855454805401,0.05021584849245434,0.03760924629706115,0.05628990817474185,0.036022851075456705,0.03889433276250993,0.049434967590150924,0.0551147412359015,0.049634614017474175,0.02364815068467037,0.03955178461636218,0.037024963847498,0.03494578752978554,0.03815074519142177,0.03532342210643368,0.03923795109769659,0.036527507374106434,0.043179053423351856,0.034549684940428906,0.04033013201906274,0.03688650604924543,0.0383944709579031,0.032916730255758544,0.02597725951707704,0.036499277747418575,0.03576675580301825,0.03945566288482922,0.035584006541699756
BldMt,0.039962453733121524,0.02927925551707704,0.02790832644003176,0.023118592787926925,0.025467429223193006,0.034414073304209696,0.04089531873391582,0.04992110098808579,0.040735719186656076,0.04308847414297061,0.034130056123907855,0.03500268262907067,0.040670527111993635,0.048911522285941214,0.0422015977299444,0.04412057070373311,0.056473027003971416,0.05892615387926924,0.06080323712152502,0.053029527023034144,0.052914852050833995,0.04447503525655281,0.05683831104527403,0.042695551250198575,0.06488864441302622,0.03981073524384431,0.0470482676838761,0.057907518282764095,0.066384210522637,0.057197712600476576,0.026794570354249404,0.04441871119618745,0.04201294012867355,0.04027768776012709,0.04298664198411438,0.040087630926131844,0.044759036263701354,0.04100799700714853,0.048311095591739475,0.03884065752978554,0.04534114769340747,0.04220501837807784,0.04250951833836378,0.036284109702938834,0.030320008058776805,0.040816122209690234,0.03944104878316124,0.04564421757426529,0.04005811149960285
Cnstr,0.04488453414614773,0.03254404331056393,0.03181682503891978,0.025411822875297856,0.028642652530579828,0.039877565504368544,0.04675857003812549,0.05784006801588563,0.046625903104050834,0.04910105758379668,0.03929309466243049,0.03960552078633837,0.046281714600476566,0.05592238936775217,0.047180593777601275,0.051127167583796665,0.05892615387926924,0.07995433609372518,0.06893283301667989,0.05881161650992851,0.06030677159332804,0.05107980035266084,0.06466229076886419,0.04821736075615567,0.07320702995075455,0.04515385132327243,0.05409356843685465,0.0663419304638602,0.07693380916918187,0.0658598344813344,0.030220493652104847,0.05091727395393169,0.0478363012279587,0.04531706761715647,0.048901049494837166,0.045186873302621125,0.050811914573471,0.046637818408260534,0.05441953146147737,0.04294133158856235,0.05202780754408261,0.047393434498808576,0.04856121986020651,0.04173926076886419,0.03435251925178713,0.046585420942017466,0.046264931623510724,0.05144713407307386,0.04503530935186655
Steel,0.04956982913423351,0.03519540390150912,0.034163988193804604,0.028525808800635426,0.03119608697696585,0.04067003170770452,0.05013397267037331,0.0594078205305798,0.04900862630023828,0.05324856695154884,0.041940627990468625,0.04243979860206514,0.04835360998252582,0.061894099933280405,0.05062010435583797,0.05229828155043684,0.06080323712152502,0.06893283301667989,0.08447859039872913,0.06576105024940426,0.06583793552343128,0.05547695731215251,0.07019966954090548,0.052371738020651294,0.0791348515266084,0.04805029377601271,0.06751247501826846,0.07864130940111197,0.09421437990150913,0.07467885935504368,0.03272695119301033,0.053795543440826044,0.05167430343447181,0.04872938910246228,0.05370213907545672,0.04896831611755361,0.05584788768228752,0.0504966048482923,0.05888649741064338,0.0487468991262907,0.05562166893725178,0.05191661586656077,0.05137642622398727,0.04365799802382844,0.03597325114535344,0.04927076665925338,0.048175605413820495,0.05540749359173946,0.04915701100555996
FabPr,0.04443015252581414,0.031041140193804606,0.030150993623510713,0.02493013807783955,0.02726120423193009,0.036975190270055594,0.04379230261636219,0.053461452657664804,0.043126751853852265,0.04763426927243844,0.0375838610166799,0.03769744855440825,0.04349554583478951,0.05340337954090549,0.04443954203177125,0.04618081239396347,0.053029527023034144,0.05881161650992851,0.06576105024940426,0.08953766344559173,0.05737972942652899,0.049340063456711665,0.060756167143764896,0.046994333960285954,0.07135110704050833,0.04362065080857823,0.05110790470691025,0.061925414266878455,0.07253101689594918,0.061893331815726774,0.028737163116759324,0.04726029744559174,0.046039007131056395,0.043105046250992846,0.047606134092136605,0.04319034308498808,0.048586702227164415,0.04472222418427323,0.05186274402700556,0.04221126272438443,0.047843833307386806,0.045562239127879274,0.04588774498173153,0.038568080511517076,0.031453542378077834,0.04327574422398729,0.04146119124861001,0.04830032673073866,0.043069139938046064
Mach ,0.04300647712470214,0.031171595126290703,0.030959735688641778,0.02435999841143764,0.027354808076251,0.03719826505162827,0.04405497407783955,0.05326784633518665,0.04348981358538523,0.04717721557108818,0.03651273146942017,0.037639686656076254,0.04341562264972199,0.052988310541699765,0.0444720221350278,0.04622242797776011,0.052914852050833995,0.06030677159332804,0.06583793552343128,0.05737972942652899,0.0596354757172359,0.04835850048610007,0.06167243504686261,0.04651803006830817,0.06993126696108024,0.04249379292136616,0.05050816199841144,0.06268578307545672,0.07350681587926926,0.0634866242859412,0.02869177253693407,0.04779420977283559,0.0452209601810961,0.04317697837966639,0.047881340184273244,0.0436001023542494,0.04948598203653692,0.04482717903733121,0.05202371804606831,0.04179513418586181,0.04862927428435265,0.04539618733280382,0.04547294356791104,0.03895483741382049,0.03162524378395552,0.04327771309610801,0.04181182701509134,0.048696784403494835,0.04298393004924542
ElcEq,0.03727547471008737,0.026631521823669575,0.027493128552819695,0.02125835294678316,0.023637408381254953,0.03237565882446385,0.036939707065925344,0.045219210662430495,0.03693764557267673,0.03980467141858617,0.03239989353455123,0.03293331521842732,0.038791331790309774,0.04556388399364575,0.03764970015250199,0.03956855454805401,0.04447503525655281,0.05107980035266084,0.05547695731215251,0.049340063456711665,0.04835850048610007,0.05176903790945194,0.052244900616362173,0.03947386705639396,0.05926978377760126,0.036401453909451945,0.04254585661953933,0.05377586582049245,0.06228903635266083,0.05285132132168387,0.02402236963939634,0.04067739762986497,0.0384392697474186,0.037116862637013505,0.041195241197776004,0.03763017291183479,0.042369633436060365,0.03840313321048451,0.0439046851310564,0.03538719140587767,0.04127113813820492,0.03870984113423352,0.03806602011755361,0.03276203664495631,0.027133590147736305,0.03676815098649722,0.0357729074725973,0.04141497791580619,0.03661649736934074
Autos,0.04514506891977758,0.03338579761080223,0.03271364631930103,0.026653729785544086,0.02996569714376489,0.04043390494837172,0.04794823121683876,0.05888327622557584,0.04730178728514693,0.0519748177299444,0.039625083923749006,0.040523047204130254,0.0469530863367752,0.05757063673232723,0.04763560296584591,0.05021584849245434,0.05683831104527403,0.06466229076886419,0.07019966954090548,0.060756167143764896,0.06167243504686261,0.052244900616362173,0.07512945075615568,0.04986590507386813,0.0750735005655282,0.045321315253375696,0.052189307607625086,0.0665997063113582,0.07834117831294676,0.0670048604511517,0.030457092050833988,0.051559895736298655,0.04913862730262112,0.04614759174741859,0.050964537113582196,0.04667905314694201,0.052892244791104034,0.04769855083717236,0.056252075957108835,0.044450002057188236,0.05280971406036535,0.048683904484511535,0.04986825807466243,0.042507410430500395,0.03374246122478158,0.04647066314058777,0.0454700731898332,0.05196273587132646,0.04647476288006354
Aero ,0.03468128282764097,0.02593872000635425,0.025270864800635423,0.021541100746624298,0.024021507177124705,0.03094441401111993,0.0359679220714853,0.043893932988085776,0.035938621197776015,0.039792465613979346,0.03015481127879269,0.031104897537728354,0.035748670811755354,0.043106048565528195,0.03627366685941223,0.03760924629706115,0.042695551250198575,0.04821736075615567,0.052371738020651294,0.046994333960285954,0.04651803006830817,0.03947386705639396,0.04986590507386813,0.04721762868308182,0.05708134790150914,0.03697396913105639,0.03712061444956314,0.04826580862907068,0.05536053482446387,0.04935604647498014,0.02457789417633042,0.039131621324860984,0.03791977450039712,0.035748052962668794,0.03874584643685465,0.03583171825893565,0.03979173792533756,0.03653201415091342,0.043015990722795876,0.03472841979348689,0.04015406488324067,0.03692169063065925,0.03771911804924543,0.032336812746624304,0.02615229045909452,0.03629483826528991,0.03429922461000793,0.03995476702779984,0.03537239067831613
Ships,0.05185406702144559,0.03787158690389199,0.03590240779666402,0.03100957566322478,0.033611454602065126,0.04488864624305002,0.05361530024781571,0.06646929487529786,0.052816778833995236,0.05790969516441619,0.045750322223987304,0.04535591531374106,0.052149761610802224,0.06439184546147736,0.0548161811945989,0.05628990817474185,0.06488864441302622,0.07320702995075455,0.0791348515266084,0.07135110704050833,0.06993126696108024,0.05926978377760126,0.0750735005655282,0.05708134790150914,0.10950319872279587,0.05268177088482923,0.060081235542494046,0.07507501639078633,0.08802856442891184,0.07487442628117555,0.035752067412231935,0.058489733178713234,0.0557430116632248,0.052803723606036544,0.057380497788721195,0.052939460867355057,0.05921466429864971,0.05367200367275616,0.06393370870532167,0.05087207544082605,0.06079271927879267,0.05537787351548847,0.056603837057982526,0.04825900332962669,0.039277136752978566,0.05391637550754567,0.0489802002192216,0.05937816305957108,0.05241631818586179
Guns ,0.033168836473391576,0.024053957064336773,0.024641985887212076,0.019849998189038917,0.022576761976171564,0.02863696308181096,0.03373981758856236,0.04151510676409849,0.033258366818109605,0.03663710569023035,0.0279258564892772,0.029712047879269256,0.03466219905957109,0.03967823341699762,0.03281725446227165,0.036022851075456705,0.03981073524384431,0.04515385132327243,0.04805029377601271,0.04362065080857823,0.04249379292136616,0.036401453909451945,0.045321315253375696,0.03697396913105639,0.05268177088482923,0.060830716034948384,0.03660599152978555,0.04588449457664814,0.049953491050039704,0.044367006843526596,0.022047433251787135,0.036271091869737884,0.035456731507545663,0.03289047777601271,0.03494233899285146,0.033220369328038124,0.03653160907386815,0.0338999866624305,0.039392336425734725,0.031182304305003985,0.03757157533280381,0.03405007462430501,0.03533407656235107,0.02985141132962669,0.02410032920095314,0.0333755206417792,0.03187903513264495,0.03689098429229546,0.03270732072438443
Gold ,0.03971970907863383,0.02591921249245432,0.029107266627482125,0.02344416336775218,0.02459931531056393,0.03137529786338364,0.0373042680841938,0.04172280320254171,0.03520867775059571,0.03686352595552025,0.03139221189833201,0.03179101902303415,0.037323285466243056,0.049949177326449566,0.039047775286735496,0.03889433276250993,0.0470482676838761,0.05409356843685465,0.06751247501826846,0.05110790470691025,0.05050816199841144,0.04254585661953933,0.052189307607625086,0.03712061444956314,0.060081235542494046,0.03660599152978555,0.17754552707069096,0.09263366212390788,0.09128432916918189,0.0684384177378872,0.025170982325655268,0.03984542671008735,0.03682368102144559,0.03596635711675933,0.04046025832724385,0.03672853465289912,0.04309288083240668,0.03830402806671961,0.04345162258141382,0.037033047585385226,0.040382536821286744,0.03880490366481334,0.036976975984114376,0.030900971714058784,0.025003638679904683,0.0361095498061954,0.03765776946306592,0.04309845175377283,0.03801796622239873
Mines,0.048085192351072274,0.033374163380460675,0.034460686853057976,0.02817120330420968,0.030981436530579817,0.038807719086576646,0.04736390237172358,0.054179411266084186,0.04643854698649723,0.05040168307069104,0.039224886751389985,0.04043912615567912,0.04679776291818904,0.06181241550277997,0.04774942927879269,0.049434967590150924,0.057907518282764095,0.0663419304638602,0.07864130940111197,0.061925414266878455,0.06268578307545672,0.05377586582049245,0.0665997063113582,0.04826580862907068,0.07507501639078633,0.04588449457664814,0.09263366212390788,0.10566156914853059,0.09884420321525018,0.07719181598411437,0.031044642316123913,0.05119436844797458,0.048165380891183475,0.046330046012708494,0.05163914854487689,0.04703700557267672,0.05361278295154883,0.048561030589356624,0.05563288577442414,0.04635607459094521,0.05227218073550437,0.049252389370929295,0.04801994556632248,0.04112404997299443,0.0330866304892772,0.046224134473391576,0.04563787257982525,0.05325657560444797,0.04704340214297061
Coal ,0.05444345909451946,0.03730687064019063,0.036867806138204916,0.030667421922160445,0.033959821216838756,0.045191629420174746,0.054917352832406674,0.06411754200476566,0.052474363571088166,0.05737548353931691,0.04434100305003971,0.04490130217633041,0.05085609739793487,0.07089514910881652,0.05361994741223194,0.0551147412359015,0.066384210522637,0.07693380916918187,0.09421437990150913,0.07253101689594918,0.07350681587926926,0.06228903635266083,0.07834117831294676,0.05536053482446387,0.08802856442891184,0.049953491050039704,0.09128432916918189,0.09884420321525018,0.17246472340587765,0.09492086861318502,0.03573312544559173,0.05921820382525815,0.055639848635424954,0.05269630230341541,0.05915715822716441,0.05244087108498809,0.06176136617633041,0.05402732580778395,0.0647898074344718,0.05433439364575059,0.0611389861604448,0.05603361795710881,0.05450812804447975,0.04676406012390786,0.03827836271326449,0.05301100418745036,0.054632840260524215,0.060638096978554414,0.055051871809372536
Oil  ,0.04732252856235108,0.033525408171564734,0.03324865441143764,0.026751191866560758,0.0318684606957903,0.03995530069896744,0.04770099849722003,0.05625888310722796,0.04658597741699761,0.050658705312152504,0.039843082160444784,0.04017529348689436,0.046945619008737095,0.06043245328355836,0.04745781829706116,0.049634614017474175,0.057197712600476576,0.0658598344813344,0.07467885935504368,0.061893331815726774,0.0634866242859412,0.05285132132168387,0.0670048604511517,0.04935604647498014,0.07487442628117555,0.044367006843526596,0.0684384177378872,0.07719181598411437,0.09492086861318502,0.08772889988244638,0.033239658814932495,0.05190297725814139,0.04857827059253376,0.0465844589833201,0.05168944000317712,0.047023605026211265,0.053320701674344724,0.04825711556473392,0.05606942139793486,0.0459267334551231,0.052064300006354244,0.04946084279904686,0.04831842416521047,0.04113956381890388,0.03380472599523431,0.046635258996028585,0.045625960003177125,0.053008866042891185,0.047448107771247014
Util ,0.022260235853852263,0.017417332702144555,0.0167497866370135,0.01422989779189833,0.017801605769658457,0.018654123193010328,0.022443970430500396,0.02836609223828435,0.02237360291660048,0.024230418913423347,0.019164170770452738,0.019735923320095317,0.02233345654328832,0.0267456488610008,0.023150218811755358,0.02364815068467037,0.026794570354249404,0.030220493652104847,0.03272695119301033,0.028737163116759324,0.02869177253693407,0.02402236963939634,0.030457092050833988,0.02457789417633042,0.035752067412231935,0.022047433251787135,0.025170982325655268,0.031044642316123913,0.03573312544559173,0.033239658814932495,0.021529509000794277,0.024958490414614773,0.023105767755361398,0.022220084209690225,0.02286012333280382,0.021715393194598892,0.024053068270055596,0.022207908835583795,0.02678631664813344,0.022688508196981733,0.024876549715647334,0.0233274700206513,0.02342647848768864,0.020245698548054015,0.016895999278792692,0.023844929280381257,0.021407962157267674,0.025319528397140585,0.022745315771247016
Telcm,0.03650245920571881,0.027024627825258146,0.026168947590150912,0.021776022494042886,0.024895047485305796,0.03197609075456712,0.037747063456711666,0.047408164994440026,0.037261349731532965,0.04015995883399522,0.0319062335186656,0.032753871024622724,0.03849709168228752,0.04433669915488483,0.03755964858141382,0.03955178461636218,0.04441871119618745,0.05091727395393169,0.053795543440826044,0.04726029744559174,0.04779420977283559,0.04067739762986497,0.051559895736298655,0.039131621324860984,0.058489733178713234,0.036271091869737884,0.03984542671008735,0.05119436844797458,0.05921820382525815,0.05190297725814139,0.024958490414614773,0.046482498103256546,0.03889311196505162,0.037057329229547256,0.040263920155679096,0.037469392654487677,0.041711252130262125,0.03768746820015885,0.04412025717235901,0.03503600980142971,0.0416396657760127,0.038316850068308185,0.03920057017950754,0.03400909216203335,0.02744819289277204,0.03752186313264495,0.03588734115647339,0.04169144884193803,0.036614031259729944
PerSv,0.03509213640190627,0.02584674994757744,0.024222197658459094,0.02004231857029388,0.021955889664813343,0.030298921215250196,0.035839383490071486,0.04418477021127879,0.035721982195393166,0.038151497691818914,0.031045127545671156,0.031215411080222393,0.03619610848768864,0.04164073625258141,0.03584141283399522,0.037024963847498,0.04201294012867355,0.0478363012279587,0.05167430343447181,0.046039007131056395,0.0452209601810961,0.0384392697474186,0.04913862730262112,0.03791977450039712,0.0557430116632248,0.035456731507545663,0.03682368102144559,0.048165380891183475,0.055639848635424954,0.04857827059253376,0.023105767755361398,0.03889311196505162,0.04843255634471802,0.03563062259729945,0.038244089183478956,0.035840338033359814,0.039739848343129464,0.03614257493884034,0.04137751084193804,0.032506891842732324,0.03950672155202542,0.036744737825258146,0.03767151473550436,0.03188176219539316,0.02636500171088165,0.03523089756791103,0.033492457285146944,0.03930966514217633,0.03490706567275616
BusSv,0.03322306801429706,0.024343660778395556,0.023452114964257344,0.019094130770452737,0.021662726417791895,0.02827542436060366,0.033802162644956314,0.0420241631771247,0.03311491332803812,0.03593343093725178,0.028838710643367755,0.0300050592613185,0.034650023534551225,0.0399323881890389,0.03412065007942811,0.03494578752978554,0.04027768776012709,0.04531706761715647,0.04872938910246228,0.043105046250992846,0.04317697837966639,0.037116862637013505,0.04614759174741859,0.035748052962668794,0.052803723606036544,0.03289047777601271,0.03596635711675933,0.046330046012708494,0.05269630230341541,0.0465844589833201,0.022220084209690225,0.037057329229547256,0.03563062259729945,0.03552706642573471,0.0364934168308181,0.033999155202541695,0.03757780327243844,0.03433936324066719,0.039705184503574256,0.031681987045274036,0.03729769740270055,0.03471928952343129,0.03489275248610008,0.02993707677521843,0.024962817720413023,0.03366627752978554,0.03166474531374107,0.037618325218427326,0.032869486441620334
Hardw,0.03536713565528197,0.026031546573471016,0.025972717035742658,0.019927183097696585,0.022629365235901505,0.03106284335980937,0.03681879490548055,0.04357253911358221,0.03627311585067514,0.04005145026687848,0.03124409011914217,0.03272493745035743,0.03827053360921367,0.04401195582049244,0.037139622463860204,0.03815074519142177,0.04298664198411438,0.048901049494837166,0.05370213907545672,0.047606134092136605,0.047881340184273244,0.041195241197776004,0.050964537113582196,0.03874584643685465,0.057380497788721195,0.03494233899285146,0.04046025832724385,0.05163914854487689,0.05915715822716441,0.05168944000317712,0.02286012333280382,0.040263920155679096,0.038244089183478956,0.0364934168308181,0.048797621698173144,0.038815555278792685,0.043857380568705334,0.038891849969817316,0.0431498235822081,0.034385860754567114,0.040276970393963454,0.03785076012549643,0.038067450093725176,0.03275850465131056,0.026379607121525015,0.035499790088959496,0.034571119776012696,0.04099047160127084,0.03606226595552025
Softw,0.033212685274026994,0.02445967109769658,0.024022798392374898,0.01917151580619539,0.021098431631453533,0.028523588244638604,0.034386211494837185,0.04080901957744241,0.033677701375695,0.036864218262112794,0.02904807247021445,0.03032153026211278,0.035752532651310565,0.040383850783161236,0.03406652564257347,0.03532342210643368,0.040087630926131844,0.045186873302621125,0.04896831611755361,0.04319034308498808,0.0436001023542494,0.03763017291183479,0.04667905314694201,0.03583171825893565,0.052939460867355057,0.033220369328038124,0.03672853465289912,0.04703700557267672,0.05244087108498809,0.047023605026211265,0.021715393194598892,0.037469392654487677,0.035840338033359814,0.033999155202541695,0.038815555278792685,0.03752471151072281,0.039237097944400307,0.035312100320889585,0.039883901413820484,0.03154442703733122,0.037440252575059556,0.03482097694678317,0.035506180028594125,0.030459809556791097,0.024623557642573467,0.033296411742652895,0.03221117132327243,0.03795022147100874,0.033194176660841936
Chips,0.03685994192216045,0.026977682249404285,0.027115727637807778,0.02127828200158856,0.023399301941223194,0.03195374783161238,0.03827721641938046,0.04566215460524224,0.03743134337728356,0.04095770493407466,0.032142234376489276,0.033175409023034154,0.03913535584432089,0.04541613891660048,0.0383645189070691,0.03923795109769659,0.044759036263701354,0.050811914573471,0.05584788768228752,0.048586702227164415,0.04948598203653692,0.042369633436060365,0.052892244791104034,0.03979173792533756,0.05921466429864971,0.03653160907386815,0.04309288083240668,0.05361278295154883,0.06176136617633041,0.053320701674344724,0.024053068270055596,0.041711252130262125,0.039739848343129464,0.03757780327243844,0.043857380568705334,0.039237097944400307,0.04737179014455916,0.040122918652899124,0.04428311961874504,0.03551577979348689,0.04203835430659253,0.039163604301826846,0.03953323156155679,0.033641761868149316,0.02753758232883241,0.03703580932803811,0.03559660782843527,0.042588081836378085,0.03715958304686258
LabEq,0.03381806773629864,0.0247798447212073,0.024420060644956314,0.019765296521048453,0.021788818401906274,0.029059797998411446,0.034457644181096106,0.04121704287212073,0.03433703912946783,0.03698997930420969,0.02978347056393963,0.03126223040508339,0.03631316579507545,0.04149685565687053,0.034967486551231136,0.036527507374106434,0.04100799700714853,0.046637818408260534,0.0504966048482923,0.04472222418427323,0.04482717903733121,0.03840313321048451,0.04769855083717236,0.03653201415091342,0.05367200367275616,0.0338999866624305,0.03830402806671961,0.048561030589356624,0.05402732580778395,0.04825711556473392,0.022207908835583795,0.03768746820015885,0.03614257493884034,0.03433936324066719,0.038891849969817316,0.035312100320889585,0.040122918652899124,0.03971100235742653,0.04025831837966639,0.03230176187450357,0.037951782640190626,0.03568520923907862,0.03553911640349483,0.030701024959491657,0.025303004594122318,0.03403144454964257,0.031983513830023826,0.038604351440826044,0.03381877616521047
Paper,0.03912043346306592,0.028633270341540906,0.028380462128673543,0.021942718665607618,0.025847835488482924,0.034801523471008726,0.04033830083399523,0.05072662922954726,0.039638887529785546,0.043197440135027805,0.033574228546465454,0.034523366664019055,0.03965646278792692,0.048289501596505156,0.04055579544876886,0.043179053423351856,0.048311095591739475,0.05441953146147737,0.05888649741064338,0.05186274402700556,0.05202371804606831,0.0439046851310564,0.056252075957108835,0.043015990722795876,0.06393370870532167,0.039392336425734725,0.04345162258141382,0.05563288577442414,0.0647898074344718,0.05606942139793486,0.02678631664813344,0.04412025717235901,0.04137751084193804,0.039705184503574256,0.0431498235822081,0.039883901413820484,0.04428311961874504,0.04025831837966639,0.059092533621922155,0.040388686346306595,0.04461832753772836,0.04126638640984908,0.041992985814138205,0.03587270025416998,0.029228712128673548,0.04063993184273233,0.038295964741858604,0.0446990104765687,0.03897541208101668
