,Agric,Food ,Soda ,Beer ,Smoke,Toys ,Fun  ,Books,Hshld,Clths,Hlth ,MedEq,Drugs,Chems,Rubbr,Txtls,BldMt,Cnstr,Steel,FabPr,Mach ,ElcEq,Autos,Aero ,Ships,Guns ,Gold ,Mines,Coal ,Oil  ,Util ,Telcm,PerSv,BusSv,Hardw,Softw,Chips,LabEq,Paper,Boxes,Trans,Whlsl,Rtail,Meals,Banks,Insur,RlEst,Fin  ,Other
Agric,0.07373117587132645,0.029268383213661632,0.026238165205718814,0.02282416798252581,0.025428708036536934,0.03284526624940428,0.0411103754932486,0.053586401644162035,0.04293575601429706,0.04349463638443207,0.035736651021445576,0.03433506626846704,0.03813740691501191,0.0492402997680699,0.04590499846703732,0.04488629759809371,0.04889628582684669,0.0566597350548054,0.06318999646703735,0.055930637571088154,0.05317197176171566,0.044702916659253376,0.05799474358220811,0.04273839032247815,0.06356017090071488,0.03805064925496425,0.04220085749007148,0.05551766937092929,0.07115863519301031,0.06077812531850675,0.027325723774424146,0.043823133116759325,0.041444225693407465,0.039482375064336765,0.041850061194598887,0.03906205529626688,0.044222689722001586,0.040366086443208896,0.050747923247021445,0.03984784996028594,0.046358949737887206,0.04184440534868945,0.04225743102779983,0.03729232398570295,0.032225984101667986,0.04258288328355837,0.044617328748212864,0.04545684646544878,0.039390273785544085
Food ,0.029268383213661632,0.02969150427164415,0.02283545231294678,0.01815954531374107,0.02084108010643367,0.026481769010325666,0.032121814136616356,0.04108558701350277,0.03249365209372518,0.033335976762509927,0.027028627091342333,0.026294888177918984,0.029933901602859418,0.03713371083717236,0.03408711447974583,0.03539896535980936,0.03740748566163621,0.04397600262271643,0.04663255813820492,0.04018839522319301,0.040273253680698964,0.03366766997776012,0.04504082099285147,0.03290659638443209,0.047616454942017473,0.028914591640984918,0.028515976822875294,0.03988874034471802,0.050253968644956334,0.04398603968864178,0.02184633815409055,0.03484567213820493,0.032725202163621916,0.030267153945988882,0.03187278101032565,0.02990059877204129,0.03322614957903099,0.030815378249404286,0.03972097936775218,0.030538865814138214,0.03574640206513106,0.03202643402859411,0.0332108634090548,0.029330710765687065,0.025779096228752973,0.0344105359825258,0.03470610074821288,0.03549585583796664,0.030348269204130262
Soda ,0.026238165205718814,0.02283545231294678,0.051386303445591724,0.016486821342335183,0.01975270106910246,0.02463460665289913,0.028541088468625894,0.037870331572676726,0.030495593069102458,0.031530057486894365,0.023389056943606035,0.024676628041302624,0.027443121987291503,0.03409910174424145,0.030150031525019858,0.03194097713423352,0.03379953988244639,0.03796440288959492,0.042427403418586175,0.036794768573471,0.03710813748689436,0.03226594744876886,0.040322587061159654,0.030089891431294678,0.04331042006989674,0.027134438795869735,0.030953853296266872,0.039229882355837964,0.0465427415694996,0.04012061807148531,0.019478304864177915,0.03191567615409056,0.02954343342017473,0.027646514123907857,0.03010707176171565,0.02768545604924543,0.03136304165210483,0.0284877183669579,0.03497485173629864,0.026657791660047656,0.03195187755361398,0.02937851718665607,0.03057746761556792,0.0277422883923749,0.022862172905480534,0.02911785815567911,0.030948139585385226,0.031642172438443195,0.027386430525814135
Beer ,0.02282416798252581,0.01815954531374107,0.016486821342335183,0.0356704051389992,0.016316984265289908,0.01914701826846704,0.023178819277204134,0.030101028379666397,0.023912181389992057,0.02437439815726767,0.020566459586973788,0.020006697029388402,0.021938675544082603,0.029106046100079417,0.02522440972994439,0.025475409483717223,0.027909787259729944,0.031542819372517863,0.03585528752978554,0.03175840953931692,0.029692082446386023,0.02459400072279587,0.0333930712867355,0.025836797458300236,0.036112904543288325,0.021893602462271643,0.02657398428911835,0.03199348301032566,0.039339719571088165,0.032922653979348696,0.016937351993645745,0.02575538518665607,0.023454005925337564,0.022128792859412237,0.02323715744241461,0.02263042722001588,0.02443515234312947,0.02297493340746625,0.02748467920571882,0.02260394066719619,0.026294439110405084,0.023814810683081805,0.02383292432088959,0.021646712970611593,0.017962633105639392,0.02502171555996823,0.025094587712470213,0.026162801667990468,0.022314116409849084
Smoke,0.025428708036536934,0.02084108010643367,0.01975270106910246,0.016316984265289908,0.046812446657664805,0.022465450700555986,0.025120777135822087,0.03292093033359809,0.026108556265289913,0.027344073734710095,0.022099554729150116,0.02264720721842733,0.025588117818903886,0.031358791351866554,0.02759135339952343,0.029456200003177127,0.029695212250992857,0.0315343284559174,0.036349581007148524,0.032071651324861,0.03229445327402701,0.027068962514694202,0.0359499304130262,0.027769389820492457,0.038744538011119926,0.02559175026846704,0.026495844336775213,0.03375280363939634,0.04041213932644956,0.037535061242255766,0.020414202325655287,0.02905679371405877,0.02529974358379666,0.024647986683081807,0.025905137121525017,0.023730409580619536,0.026393727180301817,0.02501070723431295,0.031477292066719606,0.02592007960285941,0.02865158513105639,0.026139901942811752,0.02714765291183479,0.023340734981731535,0.020521122872120733,0.028170685231135823,0.02771355353931692,0.02853216846703732,0.024111998684670368
Toys ,0.03284526624940428,0.026481769010325666,0.02463460665289913,0.01914701826846704,0.022465450700555986,0.05780945794440034,0.039883735046862594,0.05150163720413027,0.03977425878316124,0.04101181737251787,0.03056191388721207,0.029708484517871316,0.03405722905798252,0.04519522420333597,0.0403898954725973,0.04388626009849086,0.04452571404606831,0.053048166208101655,0.054608623644162024,0.048491640895949185,0.048035122757744235,0.04113284760603653,0.05473648142970612,0.038972334602065124,0.056207088622716415,0.034164181674344714,0.03521459119936458,0.04588531811914216,0.0591023918602065,0.05288170889912628,0.024189797274026998,0.041313599504368546,0.037947568095313744,0.03469025345830024,0.03819638330103257,0.03494222890548054,0.03950012152501986,0.0361285675996823,0.047628302551231134,0.03477624508339953,0.041635508276409855,0.03711839975853853,0.040228213197776,0.0350221796918189,0.03087980471485304,0.03944091747100874,0.04446773389674345,0.041501624908657664,0.035555405197776016
Fun  ,0.0411103754932486,0.032121814136616356,0.028541088468625894,0.023178819277204134,0.025120777135822087,0.039883735046862594,0.05662340806830817,0.05906254609213662,0.04722773387291502,0.04854916793010327,0.03711959779825257,0.036223378535345505,0.0405829544384432,0.05388065793804608,0.04799024699761715,0.052099163675933285,0.05386741983161239,0.06394441879428114,0.06744510813026211,0.05772903646227163,0.0575385536965846,0.047685693043685466,0.06609682540905482,0.04597572858459094,0.0678527905099285,0.040073472721207315,0.04271316478157267,0.056875462155679124,0.07382523485623511,0.06389889176171563,0.028780848432088956,0.04916171827005558,0.04650631628594123,0.042303156678316106,0.045411497515488494,0.04256828236219221,0.0478142527084988,0.04319492261795075,0.056591432679904685,0.04291678149324861,0.051067506656076254,0.04500210109769659,0.04837507789674343,0.04247416299761715,0.03661180552184274,0.04788157216997619,0.05130270491024622,0.050653126338363774,0.043608251412231916
Books,0.053586401644162035,0.04108558701350277,0.037870331572676726,0.030101028379666397,0.03292093033359809,0.05150163720413027,0.05906254609213662,0.10900052555202543,0.061456535401112,0.0613676340587768,0.04790350165210483,0.04595398220810166,0.0513734016282764,0.06738947996822875,0.06283987284352659,0.06740139979348687,0.06859171040508338,0.08120229932486099,0.08523137976171564,0.07347035211278795,0.07423397706115967,0.06074115746624302,0.08457632096108024,0.05902485137410642,0.08901789815726767,0.05123579267672756,0.04938968446386021,0.06788967362192218,0.09091515016679905,0.07892055291501189,0.03765817204130262,0.06519769131850674,0.05969694206513108,0.05481532402700555,0.057159398617950774,0.053540244011119925,0.05950776984908655,0.054658202859412225,0.07369895110405086,0.05315827823669581,0.0652596874344718,0.05740449778395553,0.06235225712470215,0.055036021040508316,0.048001916949960276,0.06271718826846703,0.06673107115965052,0.06503205389992055,0.0546593396028594
Hshld,0.04293575601429706,0.03249365209372518,0.030495593069102458,0.023912181389992057,0.026108556265289913,0.03977425878316124,0.04722773387291502,0.061456535401112,0.058970315378872123,0.05082049551072278,0.038025171307386814,0.037113205617156475,0.04046229701826847,0.055060365820492445,0.0508589310166799,0.05310057944082605,0.055397845318506736,0.06559242582525814,0.06893406553772836,0.05910549958856237,0.05917132067355043,0.049285891559968216,0.06774485500397143,0.04826786975059571,0.06963529604765686,0.03997156359968227,0.04387499855440827,0.058453009863383636,0.07319832656711672,0.0648790673677522,0.029544645585385228,0.05023825905798252,0.04688486318347894,0.04299387034630659,0.046230193299444,0.04321112716282765,0.04808724130262113,0.044688296768864176,0.05682798221445593,0.042816912835583795,0.051755876632247816,0.046082140725972984,0.049462512870532174,0.0437131599825258,0.03765194413343924,0.04831185341858619,0.053492244427323275,0.05094176767275616,0.04399781046544877
Clths,0.04349463638443207,0.033335976762509927,0.031530057486894365,0.02437439815726767,0.027344073734710095,0.04101181737251787,0.04854916793010327,0.0613676340587768,0.05082049551072278,0.06511793279745831,0.038547121353455116,0.038011114700556,0.042031499431294674,0.05673663630818109,0.05120481617156474,0.05437050454646545,0.05528572027323271,0.06963785818586181,0.07104308067355043,0.06149703244479747,0.06074648434630659,0.050540088368546454,0.06896373429706114,0.049459017620333605,0.07294347750277999,0.042427764422557586,0.04197127694996029,0.05990829689594915,0.07699798299602859,0.06652908170293884,0.03046247419221605,0.05038283292772042,0.04734980873073867,0.044319693172359,0.04866862762192216,0.04487995424305003,0.05042397070691024,0.04590267015726767,0.05776783367116761,0.044085875806195385,0.0535827382366958,0.047571313880857814,0.05420227092613184,0.04602976202700557,0.03647452515965052,0.0489864675266084,0.05308714419062749,0.0513655375694996,0.045273619240667196
Hlth ,0.035736651021445576,0.027028627091342333,0.023389056943606035,0.020566459586973788,0.022099554729150116,0.03056191388721207,0.03711959779825257,0.04790350165210483,0.038025171307386814,0.038547121353455116,0.04115667482764099,0.03247900258617951,0.03639412202382844,0.043660495586973776,0.03955905707704527,0.04065234456552819,0.043096182119142165,0.05118542755520253,0.05429175429388401,0.0468884476536934,0.046376971520254176,0.04007776595075456,0.05238215413820492,0.037637772047656864,0.05652980012073072,0.03311490727243844,0.03548201232724384,0.04608637188562351,0.057421593092930906,0.051429643977760134,0.02431419858300238,0.039954964489277205,0.03866084761239078,0.03514567319142176,0.03748387230500397,0.034934757397934856,0.03896908384432088,0.03662613396028593,0.04548517974900715,0.0339676164257347,0.04113406007942812,0.03707991870691024,0.037953154751389995,0.033656348787926935,0.029233632495631455,0.03959694234471803,0.04003920534710086,0.04043292762509928,0.034596200101667994
MedEq,0.03433506626846704,0.026294888177918984,0.024676628041302624,0.020006697029388402,0.02264720721842733,0.029708484517871316,0.036223378535345505,0.04595398220810166,0.037113205617156475,0.038011114700556,0.03247900258617951,0.036890124250992855,0.036855126049245415,0.043303948028594115,0.03906570624305002,0.03985848379348689,0.042554335040508345,0.05036529507863384,0.0533888545448769,0.04596140574424145,0.04610594964892772,0.039246289042096906,0.051485370992851456,0.03720897554884829,0.054290644339952336,0.03349575853216839,0.03455792413026211,0.04591686847339158,0.05656759886258935,0.05027399181572677,0.024161179151707707,0.03932506324384432,0.0373920351771247,0.03510704554090548,0.037755435094519466,0.03512316934710088,0.03874927723590151,0.03679937638760921,0.04469978831453534,0.03339600727561557,0.04043151463065924,0.03655529917712471,0.03742570016203336,0.03256226850516282,0.02899750305321683,0.038274878176330414,0.0391497936330421,0.04038730204924543,0.03467033443685464
Drugs,0.03813740691501191,0.029933901602859418,0.027443121987291503,0.021938675544082603,0.025588117818903886,0.03405722905798252,0.0405829544384432,0.0513734016282764,0.04046229701826847,0.042031499431294674,0.03639412202382844,0.036855126049245415,0.04928189461318507,0.04846872767593327,0.042423818625893575,0.04330279204765686,0.04716485153931692,0.05691921012073073,0.058211181426529,0.05059308882128674,0.05095475032883242,0.043860425148530585,0.05695013019062748,0.04132528467672756,0.05987377532327242,0.037939177852263695,0.03859811283558378,0.05141361078157267,0.061756478764098496,0.05646254678951548,0.02660659477045273,0.044708111280381255,0.04154175936775219,0.039036708227164416,0.042240872829229545,0.03936500099602859,0.0437146218268467,0.04099080665289912,0.05019508875615567,0.03710436992851469,0.04457075787132645,0.04070844626052423,0.04181684682446386,0.036714152386020646,0.031894810065131056,0.042271917618745034,0.04286167183637809,0.04443581679110405,0.03889065779825258
Chems,0.0492402997680699,0.03713371083717236,0.03409910174424145,0.029106046100079417,0.031358791351866554,0.04519522420333597,0.05388065793804608,0.06738947996822875,0.055060365820492445,0.05673663630818109,0.043660495586973776,0.043303948028594115,0.04846872767593327,0.07444958153455122,0.057558931119936436,0.05810458810484513,0.06314758117871326,0.07604860274503572,0.08263774078474981,0.07009582688482924,0.06931633314694201,0.057825308956314526,0.07891926484511516,0.05480030206830817,0.08125427003653692,0.04751492918824463,0.05752608937251787,0.07334798931850671,0.09339236841302617,0.07940746931215252,0.03476100639237491,0.05784544363463064,0.05291357775377283,0.0496562618776807,0.054514150258935655,0.05144448352025416,0.0567721716282764,0.05211206224622715,0.06593354572835584,0.05124176775218428,0.059850591389992054,0.0536349876536934,0.05547350517553615,0.04912154315488481,0.04239116890865767,0.05646584820969025,0.060413233880857835,0.05918710649722002,0.050371333712470205
Rubbr,0.04590499846703732,0.03408711447974583,0.030150031525019858,0.02522440972994439,0.02759135339952343,0.0403898954725973,0.04799024699761715,0.06283987284352659,0.0508589310166799,0.05120481617156474,0.03955905707704527,0.03906570624305002,0.042423818625893575,0.057558931119936436,0.06378612669579031,0.05401282517871325,0.057649015472597306,0.06688551724384431,0.07261646954725973,0.06213112034154089,0.061986209690230346,0.0513290923034154,0.06959165583002383,0.04951799542494042,0.07355208910246228,0.04083095823669578,0.04581140983320094,0.05973515263701349,0.07663568583002381,0.06696366176330422,0.031450311707704535,0.05122095190627482,0.047563610182684665,0.04482838515488482,0.04839609030976964,0.04465770955520254,0.05041658287529785,0.04663369286735504,0.059406338173153286,0.045126547434471795,0.0538271173629865,0.04802902191421764,0.049840636346306595,0.04376060528196983,0.03909347313741064,0.051010382930897546,0.054719007426528986,0.05311312942017476,0.045507485909451945
Txtls,0.04488629759809371,0.03539896535980936,0.03194097713423352,0.025475409483717223,0.029456200003177127,0.04388626009849086,0.052099163675933285,0.06740139979348687,0.05310057944082605,0.05437050454646545,0.04065234456552819,0.03985848379348689,0.04330279204765686,0.05810458810484513,0.05401282517871325,0.08643138370770452,0.06006233484352661,0.07203864305957108,0.07368089078316123,0.06233335980619539,0.06303479754090546,0.05218939597458298,0.07200435455123114,0.04993681214297061,0.07446014817474184,0.04461770828911835,0.047639069166004765,0.06191037747736299,0.07870055773153296,0.06996993783002384,0.031801921982525815,0.0535611816457506,0.049571154109610806,0.04549076196028593,0.04801693168546463,0.04524810955043687,0.05037326525814138,0.04720324048927721,0.06312616605559968,0.04763763812549642,0.056325922732327255,0.04885525430659254,0.05245390080381255,0.04680717204447973,0.03871473089118346,0.05258291200317712,0.05830409538681494,0.05337672457505957,0.046235011158061945
BldMt,0.04889628582684669,0.03740748566163621,0.03379953988244639,0.027909787259729944,0.029695212250992857,0.04452571404606831,0.05386741983161239,0.06859171040508338,0.055397845318506736,0.05528572027323271,0.043096182119142165,0.042554335040508345,0.04716485153931692,0.06314758117871326,0.057649015472597306,0.06006233484352661,0.07173954545512312,0.07713068914376488,0.08019368214138205,0.06827096366640192,0.06836429561874505,0.05634883303574264,0.0763341977760127,0.054573622849880855,0.08123111354408259,0.047052936470214454,0.05170284746624306,0.06886835210802227,0.08778966559491662,0.07552326901350279,0.0340409131183479,0.05679018229706117,0.05316061387132643,0.04975880137251787,0.052648776546465444,0.04880827077362987,0.05515089404289118,0.05095642987768071,0.06509102912152502,0.050075187037331215,0.0591392491183479,0.05292918652263701,0.055259970160444795,0.048054506929308974,0.04248030696743446,0.05530859935822079,0.05963776545830023,0.05924775405877679,0.05015718872756156
Cnstr,0.0566597350548054,0.04397600262271643,0.03796440288959492,0.031542819372517863,0.0315343284559174,0.053048166208101655,0.06394441879428114,0.08120229932486099,0.06559242582525814,0.06963785818586181,0.05118542755520253,0.05036529507863384,0.05691921012073073,0.07604860274503572,0.06688551724384431,0.07203864305957108,0.07713068914376488,0.1455193443987291,0.09919993717553613,0.08146401854964255,0.08169105354725972,0.06889348022081017,0.09248896555202543,0.06369210359968229,0.09527807020492453,0.05384493125019858,0.07313557755361397,0.08484271959173946,0.1124306973121525,0.09422154976330421,0.04114113698490865,0.06678758465289912,0.06227934576330421,0.0592512339332804,0.06216139868784749,0.05878068855123113,0.06621884953137412,0.06089691862112788,0.07897906384114377,0.05824332942017473,0.06954425674344719,0.06233926234948372,0.06564379282605243,0.057673222943606016,0.05115328197617156,0.0733754249864972,0.07084385135663224,0.06886079086576646,0.060751271383637805
Steel,0.06318999646703735,0.04663255813820492,0.042427403418586175,0.03585528752978554,0.036349581007148524,0.054608623644162024,0.06744510813026211,0.08523137976171564,0.06893406553772836,0.07104308067355043,0.05429175429388401,0.0533888545448769,0.058211181426529,0.08263774078474981,0.07261646954725973,0.07368089078316123,0.08019368214138205,0.09919993717553613,0.11447042588721204,0.08915115522795869,0.08800440232565525,0.07218535817633041,0.09751248848292299,0.06853133202223988,0.10270628713582207,0.05813873495790309,0.07718499212073072,0.0954877961938046,0.12793346157903102,0.10110859118030184,0.04308082070849879,0.07103657892295472,0.06618432080063542,0.06202992388880064,0.06823232294201745,0.0620985498395552,0.07107026020651308,0.06505099697537729,0.08199589767116758,0.06445666732327243,0.07562526986497223,0.06750247684193805,0.06924713320413026,0.06066347145988879,0.05267121781096106,0.07066707804924545,0.07508832135345513,0.07423323631453536,0.06420313742335185
FabPr,0.055930637571088154,0.04018839522319301,0.036794768573471,0.03175840953931692,0.032071651324861,0.048491640895949185,0.05772903646227163,0.07347035211278795,0.05910549958856237,0.06149703244479747,0.0468884476536934,0.04596140574424145,0.05059308882128674,0.07009582688482924,0.06213112034154089,0.06233335980619539,0.06827096366640192,0.08146401854964255,0.08915115522795869,0.11085544135186655,0.07543639571723589,0.06240977327561558,0.08340685703733122,0.06096868792374898,0.09054863520571883,0.05140574031135823,0.05958846362192216,0.07535082396981728,0.10059346817156475,0.0836137583923749,0.03731838334551231,0.060297487334392365,0.05705779652740267,0.053400815890389204,0.059182073204130256,0.05400582454169977,0.060733320285941216,0.05650233432247816,0.07008485846544878,0.05486619683876091,0.06383690802223986,0.05806965097220015,0.060065782417791896,0.0521095201096108,0.045650127517077026,0.060053577135822066,0.06251276725496428,0.0635654348054011,0.05484317488165211
Mach ,0.05317197176171566,0.040273253680698964,0.03710813748689436,0.029692082446386023,0.03229445327402701,0.048035122757744235,0.0575385536965846,0.07423397706115967,0.05917132067355043,0.06074648434630659,0.046376971520254176,0.04610594964892772,0.05095475032883242,0.06931633314694201,0.061986209690230346,0.06303479754090546,0.06836429561874505,0.08169105354725972,0.08800440232565525,0.07543639571723589,0.07765387243208895,0.061598170243050046,0.0833510160127085,0.059740892791104054,0.08845924922637012,0.050871553652104835,0.05684380292295471,0.07527465727720412,0.09863754782525813,0.08411188163939634,0.03697429106274822,0.06169588210961082,0.057045381153296264,0.05381365244162033,0.05906628754249406,0.053957453559968206,0.06118500969023034,0.05634234961715647,0.07086514388562352,0.054180067545671166,0.06417013054805401,0.057647833213661605,0.05969607661318504,0.05233004034312947,0.04544038463542495,0.06012968868625891,0.06380522670055602,0.06372532902303414,0.05440761034471802
ElcEq,0.044702916659253376,0.03366766997776012,0.03226594744876886,0.02459400072279587,0.027068962514694202,0.04113284760603653,0.047685693043685466,0.06074115746624302,0.049285891559968216,0.050540088368546454,0.04007776595075456,0.039246289042096906,0.043860425148530585,0.057825308956314526,0.0513290923034154,0.05218939597458298,0.05634883303574264,0.06889348022081017,0.07218535817633041,0.06240977327561558,0.061598170243050046,0.061783300363780755,0.0691685575774424,0.049425596117553594,0.07344184501032568,0.042844909645750585,0.046059507466243044,0.06285041481016682,0.08118993133915807,0.06874441181254966,0.030389869947577444,0.05109405175377282,0.04769090906751391,0.044931990311358215,0.049189127806195394,0.04536323892454328,0.05122974799046862,0.047095741305798244,0.05868813335663223,0.044578933232724396,0.05321105302621129,0.04786699413661637,0.048972204835583795,0.04297056788403494,0.03808528340587768,0.04979925574106433,0.05324892084034948,0.052794453518665616,0.04536608320254169
Autos,0.05799474358220811,0.04504082099285147,0.040322587061159654,0.0333930712867355,0.0359499304130262,0.05473648142970612,0.06609682540905482,0.08457632096108024,0.06774485500397143,0.06896373429706114,0.05238215413820492,0.051485370992851456,0.05695013019062748,0.07891926484511516,0.06959165583002383,0.07200435455123114,0.0763341977760127,0.09248896555202543,0.09751248848292299,0.08340685703733122,0.0833510160127085,0.0691685575774424,0.10646407459094519,0.065828597426529,0.09826427057982527,0.055899126084193805,0.05987696700555995,0.08134415420969021,0.10866396681493247,0.09276464184273232,0.04090864238284353,0.06924218785544081,0.06460321247021447,0.059304583232724375,0.06438333491660046,0.05998617108022242,0.06750672568705318,0.06208583914217632,0.08201890611596503,0.060005248467037337,0.07235930408260527,0.06402556575853852,0.06740459612390785,0.0590105706036537,0.05177114659253377,0.06800996810961081,0.07237922431294674,0.07060547741064337,0.06142930176330421
Aero ,0.04273839032247815,0.03290659638443209,0.030089891431294678,0.025836797458300236,0.027769389820492457,0.038972334602065124,0.04597572858459094,0.05902485137410642,0.04826786975059571,0.049459017620333605,0.037637772047656864,0.03720897554884829,0.04132528467672756,0.05480030206830817,0.04951799542494042,0.04993681214297061,0.054573622849880855,0.06369210359968229,0.06853133202223988,0.06096868792374898,0.059740892791104054,0.049425596117553594,0.065828597426529,0.0586128663129468,0.07066286776171563,0.04328437640667195,0.0410444847339158,0.057853269121525004,0.07432136189356633,0.06505358574106433,0.03086467686735504,0.049275575752184254,0.04693296043208896,0.04368643231771247,0.046919258166799045,0.042946516301826845,0.048407939348689435,0.04511403105321683,0.056655497397934865,0.04371874910246226,0.05163079374106431,0.04603080418745036,0.048004310843526604,0.04226468640508338,0.036119857277204126,0.048683501343923734,0.05016312447339156,0.050922429229547275,0.043962203501191434
Ships,0.06356017090071488,0.047616454942017473,0.04331042006989674,0.036112904543288325,0.038744538011119926,0.056207088622716415,0.0678527905099285,0.08901789815726767,0.06963529604765686,0.07294347750277999,0.05652980012073072,0.054290644339952336,0.05987377532327242,0.08125427003653692,0.07355208910246228,0.07446014817474184,0.08123111354408259,0.09527807020492453,0.10270628713582207,0.09054863520571883,0.08845924922637012,0.07344184501032568,0.09826427057982527,0.07066286776171563,0.13035639562192217,0.061660039955520246,0.06423337683876093,0.08782772056870532,0.1139750903065925,0.09674803824622714,0.04441716405401112,0.07279137635266082,0.0683287159459889,0.06392704992216043,0.06897363145988877,0.06318472612867354,0.07144187269261318,0.06594942854964256,0.0838081985830024,0.06360735749007149,0.07728844740270056,0.06835922597934868,0.07206003717871326,0.06262643694678317,0.05381741722637015,0.07137650337410643,0.07288690671008737,0.0749327872915012,0.06415909362351072
Guns ,0.03805064925496425,0.028914591640984918,0.027134438795869735,0.021893602462271643,0.02559175026846704,0.034164181674344714,0.040073472721207315,0.05123579267672756,0.03997156359968227,0.042427764422557586,0.03311490727243844,0.03349575853216839,0.037939177852263695,0.04751492918824463,0.04083095823669578,0.04461770828911835,0.047052936470214454,0.05384493125019858,0.05813873495790309,0.05140574031135823,0.050871553652104835,0.042844909645750585,0.055899126084193805,0.04328437640667195,0.061660039955520246,0.0686851323844321,0.03780558007942812,0.050858321261318507,0.06194110154725972,0.054694365604447966,0.026388984139793493,0.04333925544400317,0.041457674986497245,0.03772787500873709,0.03988215341064337,0.03787343620969023,0.04209532772041303,0.03933923748371722,0.049302377607625104,0.03743453200953137,0.04534948266878476,0.039890585674344704,0.04204098686576647,0.03608955938681493,0.03095625294996028,0.041516067771247035,0.04378874812073074,0.04435247545671167,0.037463466096902306
Gold ,0.04220085749007148,0.028515976822875294,0.030953853296266872,0.02657398428911835,0.026495844336775213,0.03521459119936458,0.04271316478157267,0.04938968446386021,0.04387499855440827,0.04197127694996029,0.03548201232724384,0.03455792413026211,0.03859811283558378,0.05752608937251787,0.04581140983320094,0.047639069166004765,0.05170284746624306,0.07313557755361397,0.07718499212073072,0.05958846362192216,0.05684380292295471,0.046059507466243044,0.05987696700555995,0.0410444847339158,0.06423337683876093,0.03780558007942812,0.19527443440826053,0.0999699127720413,0.10387787447180304,0.07627385525019859,0.02768353845909452,0.04502771366163621,0.04143902757744242,0.039910102382843524,0.04371084413026211,0.04088020935663225,0.04642389490071484,0.042257270182684666,0.05143118052422557,0.04168394837172359,0.045184620778395544,0.04300565231135822,0.04133953194598887,0.03614421272438443,0.029445315107227955,0.04392136100079428,0.04477066978554408,0.04788788409849086,0.04131471428117554
Mines,0.05551766937092929,0.03988874034471802,0.039229882355837964,0.03199348301032566,0.03375280363939634,0.04588531811914216,0.056875462155679124,0.06788967362192218,0.058453009863383636,0.05990829689594915,0.04608637188562351,0.04591686847339158,0.05141361078157267,0.07334798931850671,0.05973515263701349,0.06191037747736299,0.06886835210802227,0.08484271959173946,0.0954877961938046,0.07535082396981728,0.07527465727720412,0.06285041481016682,0.08134415420969021,0.057853269121525004,0.08782772056870532,0.050858321261318507,0.0999699127720413,0.11768961043844321,0.11995670879428119,0.09276281568228754,0.036758493350278,0.060527086327243844,0.055475951018268466,0.05377187256076252,0.05894132314217632,0.05358407417156474,0.06168348486100079,0.05632886424781573,0.06866937699126291,0.05519891137410644,0.06313862745035742,0.05793261050516283,0.05796288017156473,0.051089313917394755,0.04277781681969817,0.058289068265289914,0.060355193189833206,0.06396308649722002,0.054964854157267665
Coal ,0.07115863519301031,0.050253968644956334,0.0465427415694996,0.039339719571088165,0.04041213932644956,0.0591023918602065,0.07382523485623511,0.09091515016679905,0.07319832656711672,0.07699798299602859,0.057421593092930906,0.05656759886258935,0.061756478764098496,0.09339236841302617,0.07663568583002381,0.07870055773153296,0.08778966559491662,0.1124306973121525,0.12793346157903102,0.10059346817156475,0.09863754782525813,0.08118993133915807,0.10866396681493247,0.07432136189356633,0.1139750903065925,0.06194110154725972,0.10387787447180304,0.11995670879428119,0.2199888841239079,0.12746928650039713,0.04740010535980937,0.07848810531850674,0.07079093734074661,0.06756259422081015,0.0752251092104845,0.06703070545830021,0.07868793588562352,0.07031627336616358,0.09092355961239075,0.07165481404289119,0.08316484613185066,0.07346566010802223,0.07381802819380459,0.06611989973947577,0.05650288887688642,0.07639142271326448,0.0798199431898332,0.0809495631135822,0.07082136840667196
Oil  ,0.06077812531850675,0.04398603968864178,0.04012061807148531,0.032922653979348696,0.037535061242255766,0.05288170889912628,0.06389889176171563,0.07892055291501189,0.0648790673677522,0.06652908170293884,0.051429643977760134,0.05027399181572677,0.05646254678951548,0.07940746931215252,0.06696366176330422,0.06996993783002384,0.07552326901350279,0.09422154976330421,0.10110859118030184,0.0836137583923749,0.08411188163939634,0.06874441181254966,0.09276464184273232,0.06505358574106433,0.09674803824622714,0.054694365604447966,0.07627385525019859,0.09276281568228754,0.12746928650039713,0.11439099485941225,0.04281736252263701,0.0678517631389992,0.06167011804924544,0.05899303911675935,0.06459942903256553,0.05868287322001587,0.06710962849880857,0.061742434865766485,0.07833545584114376,0.06025310748212866,0.0701756378395552,0.0635799239015091,0.064208592177919,0.05627688103574267,0.0496031561175536,0.06655506890548052,0.07076647084352661,0.06975484142970607,0.060372926710087364
Util ,0.027325723774424146,0.02184633815409055,0.019478304864177915,0.016937351993645745,0.020414202325655287,0.024189797274026998,0.028780848432088956,0.03765817204130262,0.029544645585385228,0.03046247419221605,0.02431419858300238,0.024161179151707707,0.02660659477045273,0.03476100639237491,0.031450311707704535,0.031801921982525815,0.0340409131183479,0.04114113698490865,0.04308082070849879,0.03731838334551231,0.03697429106274822,0.030389869947577444,0.04090864238284353,0.03086467686735504,0.04441716405401112,0.026388984139793493,0.02768353845909452,0.036758493350278,0.04740010535980937,0.04281736252263701,0.02598354785702938,0.03177281167911041,0.02862891708339952,0.027477978916600473,0.028311015428117554,0.027050631046862585,0.029812487783955517,0.027921374354249403,0.03604583285782366,0.02839442900714854,0.032100100206513105,0.029061092441620324,0.029904101401111997,0.026252419736298653,0.023319705722001583,0.03231912205242255,0.031215177366163617,0.03217953899920571,0.027901853579030966
Telcm,0.043823133116759325,0.03484567213820493,0.03191567615409056,0.02575538518665607,0.02905679371405877,0.041313599504368546,0.04916171827005558,0.06519769131850674,0.05023825905798252,0.05038283292772042,0.039954964489277205,0.03932506324384432,0.044708111280381255,0.05784544363463064,0.05122095190627482,0.0535611816457506,0.05679018229706117,0.06678758465289912,0.07103657892295472,0.060297487334392365,0.06169588210961082,0.05109405175377282,0.06924218785544081,0.049275575752184254,0.07279137635266082,0.04333925544400317,0.04502771366163621,0.060527086327243844,0.07848810531850674,0.0678517631389992,0.03177281167911041,0.05901260527243846,0.04910994226846704,0.04561421684034949,0.04916131252422558,0.04595409455599681,0.051141072629070715,0.04660487839872914,0.06016211683558382,0.044713246179507546,0.053994132104845126,0.04808283337410643,0.05090155037966642,0.045082049599682296,0.03899186243685465,0.05121659772676728,0.05404715095949166,0.05402326670373312,0.04558144485464654
PerSv,0.041444225693407465,0.032725202163621916,0.02954343342017473,0.023454005925337564,0.02529974358379666,0.037947568095313744,0.04650631628594123,0.05969694206513108,0.04688486318347894,0.04734980873073867,0.03866084761239078,0.0373920351771247,0.04154175936775219,0.05291357775377283,0.047563610182684665,0.049571154109610806,0.05316061387132643,0.06227934576330421,0.06618432080063542,0.05705779652740267,0.057045381153296264,0.04769090906751391,0.06460321247021447,0.04693296043208896,0.0683287159459889,0.041457674986497245,0.04143902757744242,0.055475951018268466,0.07079093734074661,0.06167011804924544,0.02862891708339952,0.04910994226846704,0.05867126620492455,0.04344138414932488,0.04567634527084988,0.043134041216838746,0.04803540482922955,0.04425336318347896,0.05551994782525812,0.040910181223192996,0.04996382303415409,0.045261330322478144,0.047877729639396356,0.041269561852263714,0.03607967149801429,0.04681636889277205,0.050327043396346326,0.04990532943606036,0.04226895382366958
BusSv,0.039482375064336765,0.030267153945988882,0.027646514123907857,0.022128792859412237,0.024647986683081807,0.03469025345830024,0.042303156678316106,0.05481532402700555,0.04299387034630659,0.044319693172359,0.03514567319142176,0.03510704554090548,0.039036708227164416,0.0496562618776807,0.04482838515488482,0.04549076196028593,0.04975880137251787,0.0592512339332804,0.06202992388880064,0.053400815890389204,0.05381365244162033,0.044931990311358215,0.059304583232724375,0.04368643231771247,0.06392704992216043,0.03772787500873709,0.039910102382843524,0.05377187256076252,0.06756259422081015,0.05899303911675935,0.027477978916600473,0.04561421684034949,0.04344138414932488,0.042376181888800636,0.04299259028752978,0.04012965057505955,0.04466943046862589,0.041194260123907867,0.05133699617474185,0.03926356843526608,0.04662826652899126,0.04212810254328831,0.04372423977124702,0.038101991416997626,0.03342994871485305,0.044299115505957096,0.04567839690389198,0.04688738705321684,0.039536085471008744
Hardw,0.041850061194598887,0.03187278101032565,0.03010707176171565,0.02323715744241461,0.025905137121525017,0.03819638330103257,0.045411497515488494,0.057159398617950774,0.046230193299444,0.04866862762192216,0.03748387230500397,0.037755435094519466,0.042240872829229545,0.054514150258935655,0.04839609030976964,0.04801693168546463,0.052648776546465444,0.06216139868784749,0.06823232294201745,0.059182073204130256,0.05906628754249406,0.049189127806195394,0.06438333491660046,0.046919258166799045,0.06897363145988877,0.03988215341064337,0.04371084413026211,0.05894132314217632,0.0752251092104845,0.06459942903256553,0.028311015428117554,0.04916131252422558,0.04567634527084988,0.04299259028752978,0.05615570466084194,0.04496980438125497,0.051384010357426534,0.04601174032088958,0.055039252816521056,0.04225983428117554,0.05010771571088166,0.04559528094360603,0.047474562961080234,0.041429297407466245,0.03522425465289913,0.0461611954471803,0.04857479030023829,0.05056613826846703,0.043089665601270845
Softw,0.03906205529626688,0.02990059877204129,0.02768545604924543,0.02263042722001588,0.023730409580619536,0.03494222890548054,0.04256828236219221,0.053540244011119925,0.04321112716282765,0.04487995424305003,0.034934757397934856,0.03512316934710088,0.03936500099602859,0.05144448352025416,0.04465770955520254,0.04524810955043687,0.04880827077362987,0.05878068855123113,0.0620985498395552,0.05400582454169977,0.053957453559968206,0.04536323892454328,0.05998617108022242,0.042946516301826845,0.06318472612867354,0.03787343620969023,0.04088020935663225,0.05358407417156474,0.06703070545830021,0.05868287322001587,0.027050631046862585,0.04595409455599681,0.043134041216838746,0.04012965057505955,0.04496980438125497,0.044390605704527394,0.04618636219221604,0.04184685525655282,0.051432306808578236,0.039062959030976965,0.04669503447180301,0.04215646321366163,0.04413703998093725,0.03864682638760921,0.03329658698649722,0.043732876176330426,0.04609770585067513,0.04707135782366958,0.039655695237490074
Chips,0.044222689722001586,0.03322614957903099,0.03136304165210483,0.02443515234312947,0.026393727180301817,0.03950012152501986,0.0478142527084988,0.05950776984908655,0.04808724130262113,0.05042397070691024,0.03896908384432088,0.03874927723590151,0.0437146218268467,0.0567721716282764,0.05041658287529785,0.05037326525814138,0.05515089404289118,0.06621884953137412,0.07107026020651308,0.060733320285941216,0.06118500969023034,0.05122974799046862,0.06750672568705318,0.048407939348689435,0.07144187269261318,0.04209532772041303,0.04642389490071484,0.06168348486100079,0.07868793588562352,0.06710962849880857,0.029812487783955517,0.051141072629070715,0.04803540482922955,0.04466943046862589,0.051384010357426534,0.04618636219221604,0.05574704019062747,0.04792665836378077,0.057170860524225556,0.04399256991262907,0.05258649210484512,0.04745016883240667,0.049393897664813335,0.04292432489277204,0.03689169388403494,0.048461388975377266,0.050972079332803816,0.052701060206513085,0.04489538061953932
LabEq,0.040366086443208896,0.030815378249404286,0.0284877183669579,0.02297493340746625,0.02501070723431295,0.0361285675996823,0.04319492261795075,0.054658202859412225,0.044688296768864176,0.04590267015726767,0.03662613396028593,0.03679937638760921,0.04099080665289912,0.05211206224622715,0.04663369286735504,0.04720324048927721,0.05095642987768071,0.06089691862112788,0.06505099697537729,0.05650233432247816,0.05634234961715647,0.047095741305798244,0.06208583914217632,0.04511403105321683,0.06594942854964256,0.03933923748371722,0.042257270182684666,0.05632886424781573,0.07031627336616358,0.061742434865766485,0.027921374354249403,0.04660487839872914,0.04425336318347896,0.041194260123907867,0.04601174032088958,0.04184685525655282,0.04792665836378077,0.04782859440190627,0.052972953493248605,0.04018473397934868,0.04809208965845908,0.043714236905480534,0.0448186153963463,0.03948016493089754,0.03445883067831612,0.04508669482446385,0.04629656237013503,0.04849685423351867,0.04116672293566324
Paper,0.050747923247021445,0.03972097936775218,0.03497485173629864,0.02748467920571882,0.031477292066719606,0.047628302551231134,0.056591432679904685,0.07369895110405086,0.05682798221445593,0.05776783367116761,0.04548517974900715,0.04469978831453534,0.05019508875615567,0.06593354572835584,0.059406338173153286,0.06312616605559968,0.06509102912152502,0.07897906384114377,0.08199589767116758,0.07008485846544878,0.07086514388562352,0.05868813335663223,0.08201890611596503,0.056655497397934865,0.0838081985830024,0.049302377607625104,0.05143118052422557,0.06866937699126291,0.09092355961239075,0.07833545584114376,0.03604583285782366,0.06016211683558382,0.05551994782525812,0.05133699617474185,0.055039252816521056,0.051432306808578236,0.057170860524225556,0.052972953493248605,0.0858475580238284,0.0546048233200953,0.061689314312946775,0.05482925958379666,0.05728680382525813,0.050678542964257355,0.04517012013979348,0.06003468795552025,0.06186201179984114,0.0612878278316124,0.051722017588562354
