,Agric,Food ,Soda ,Beer ,Smoke,Toys ,Fun  ,Books,Hshld,Clths,Hlth ,MedEq,Drugs,Chems,Rubbr,Txtls,BldMt,Cnstr,Steel,FabPr,Mach ,ElcEq,Autos,Aero ,Ships,Guns ,Gold ,Mines,Coal ,Oil  ,Util ,Telcm,PerSv,BusSv,Hardw,Softw,Chips,LabEq,Paper,Boxes,Trans,Whlsl,Rtail,Meals,Banks,Insur,RlEst,Fin  ,Other
Agric,0.05245481200158856,0.022351084154090546,0.021657193375694994,0.018143213987291497,0.020673893026211275,0.02571709439237491,0.02988744015885623,0.03621621286735504,0.02974956365369339,0.031437550905480546,0.027179200135027795,0.027014879459888806,0.03227957071485306,0.03633328347100874,0.03069224414614773,0.030680676783161227,0.03646320199364575,0.04081922447974582,0.04391797109610802,0.040218171850675145,0.03901438838760922,0.0346019372915012,0.041747987132644944,0.03178308318506751,0.04752687536934074,0.030263830460683077,0.03337430549642574,0.04268186281175535,0.04800505536139792,0.042231944900714836,0.019748640365369347,0.033452714447974576,0.03210113882446385,0.030664732390786337,0.03319185382843527,0.031134374916600472,0.03447093800635426,0.03151331997617156,0.03531764752978555,0.028232669316918188,0.033962232644956306,0.031574482637013505,0.030775519912629078,0.025763571286735502,0.022504965377283557,0.029541579062748215,0.02799217961080223,0.03441556213661636,0.02889766617156473
Food ,0.022351084154090546,0.021539495235901505,0.017885448727561554,0.014181468144559176,0.016712284092136615,0.019182644320889595,0.0221153802573471,0.026121199752184264,0.021908268003177127,0.02344896115488482,0.019194440223987294,0.01964152719301032,0.02352667597299443,0.026285173580619537,0.022093203110405083,0.023227633269261316,0.026617261755361395,0.02944241406513106,0.030868957936457508,0.0280372544559174,0.028068654096902304,0.02429140352819699,0.030465218154090545,0.023454262209690227,0.034332498841938036,0.022401318772041302,0.020248094268467035,0.02893532125814138,0.03282839639396347,0.02971068259094519,0.015622649369340743,0.024649193526608423,0.023452669359809376,0.022331535942811755,0.024359429167593327,0.02275073203177124,0.0250011422954726,0.02286376765210485,0.02590646313582208,0.020880667995234314,0.02471186868625894,0.023225018478157267,0.02288424219380461,0.019947723134233517,0.016453622724384425,0.022370968501985698,0.02094659467672757,0.024880786454328833,0.021160165297855436
Soda ,0.021657193375694994,0.017885448727561554,0.044113485744241454,0.014183782681493248,0.01700842958538523,0.019552249658459083,0.021862107018268465,0.026388433099285145,0.02178928637331215,0.023958091498014294,0.018510919704527402,0.02049142708816521,0.024794852819698166,0.026370336498808575,0.021483951377283556,0.023550775316918193,0.026349059396346304,0.02940528514058776,0.031205901308975374,0.02809588498808578,0.028594716435266083,0.025529500387609212,0.03047424154408259,0.023160802119142176,0.03355336129308976,0.023235928003177128,0.024890181521842726,0.030795044714853056,0.03401115409054806,0.030413252571882446,0.015633248438443204,0.02449562200158856,0.023077644778395547,0.021933650332009533,0.02490386979189833,0.022912191860206512,0.025623403510722797,0.023105912244638597,0.026374000883240663,0.020807384276409845,0.024537120940428907,0.02292652334868944,0.02275837425575853,0.020118882131850674,0.016441766528991264,0.021951490211278787,0.021025717658459096,0.024497009598093727,0.0215346647339158
Beer ,0.018143213987291497,0.014181468144559176,0.014183782681493248,0.02878521292930897,0.014744712330420968,0.014786793550436855,0.01738582529626688,0.01950138800317712,0.01738853540270056,0.018394777552025423,0.01580871861318507,0.01648481883399524,0.019275963328038125,0.02111196740746624,0.01861679187609213,0.018213466054011123,0.021511493002382847,0.023369739123113575,0.025307401694996023,0.022646566799046867,0.022083888384432086,0.019518944570293875,0.023971387444003178,0.019600511750595708,0.02923790069420175,0.018599332341540906,0.019595178862589355,0.025085421642573463,0.026985348165210477,0.023900367556791105,0.013142279691818904,0.01996542585385226,0.018724767615567912,0.01782228195710882,0.019066099613979346,0.01805195888482923,0.020079912605242257,0.018820973247021446,0.019899629401111996,0.01724682309928515,0.01976835692772041,0.018692285280381252,0.01774002050357426,0.015764147372517863,0.01297862143764893,0.01824847015726767,0.01562941573153296,0.020140975712470217,0.016992594575059576
Smoke,0.020673893026211275,0.016712284092136615,0.01700842958538523,0.014744712330420968,0.03718001794440032,0.01816586735504368,0.020015437159650512,0.023800691698173157,0.02038822495313741,0.02209569615885623,0.017793194243050037,0.018943825652104843,0.022110508149324862,0.02444315063383638,0.020901161378872116,0.021535884206513107,0.02378459377283558,0.026286643532962665,0.02832201400476568,0.025478930039714066,0.02519384331056394,0.022123934862589352,0.027449331736298647,0.02214900803177125,0.031632220168387605,0.021427477096108014,0.02156813520571882,0.027011192934074668,0.028991368800635423,0.028091123488482916,0.016445060695790308,0.02287934500397141,0.021113909153296265,0.02026751735663224,0.021523792972200157,0.0201047204511517,0.021998703193010328,0.020507684816521054,0.023787800419380455,0.02048178997299444,0.022570966938840347,0.021557962274821284,0.021424861407466238,0.01841093958379666,0.014921601239078637,0.02131312542017474,0.019593891030976963,0.02255350838443209,0.019604055027799844
Toys ,0.02571709439237491,0.019182644320889595,0.019552249658459083,0.014786793550436855,0.01816586735504368,0.04665018395552026,0.02757014106433677,0.03219589029388403,0.026862795679110412,0.02980574735504369,0.02278691084988086,0.023225318792692615,0.028498385766481327,0.03155585032565528,0.02682413699761715,0.029041913137410644,0.032409898141382044,0.03709204613185068,0.036847005655281956,0.034182701127879266,0.033991229166004756,0.030401834440031767,0.03726712708498809,0.028038230563939632,0.04236696257347101,0.02711221763304209,0.024141151644162036,0.03431517026211278,0.041266142907069085,0.03683804854646544,0.017053540555996827,0.02962253995234312,0.0279497083081811,0.026542605559968232,0.029793883939634634,0.027424941826846707,0.03043040311358221,0.027331879968228747,0.031335607529785536,0.024006654900714852,0.029223641366163625,0.02750588206513106,0.02874664679904686,0.024213124765687054,0.01972793909451945,0.02551581464654487,0.02655558586179508,0.02906869839555202,0.025623251914217625
Fun  ,0.02988744015885623,0.0221153802573471,0.021862107018268465,0.01738582529626688,0.020015437159650512,0.02757014106433677,0.037092374557585385,0.035374991815726765,0.030178638277998417,0.03304389547895155,0.025937324403494836,0.02664502763463065,0.032301192025417,0.03606500125178715,0.03001502709451945,0.031583224044479746,0.036891782081016684,0.04151279566004764,0.043369850185861786,0.03890212403494836,0.038917238042891183,0.033395257302621134,0.04239232209054805,0.03199410486417791,0.04840525180619539,0.03021600270691023,0.029669256876886426,0.0403081097124702,0.04672730738681492,0.042161369486894355,0.019562736006354248,0.03395555234312947,0.03212081211119936,0.03048048529308975,0.033766544991262915,0.0315321930548054,0.034782903860206514,0.03131273026846703,0.03529588722478157,0.027636621756949968,0.03400370610961081,0.03167917948212867,0.032158028581413825,0.02772057781731533,0.022721949166004767,0.03001206319936457,0.0284453792025417,0.034501631415409066,0.02928801277204129
Books,0.03621621286735504,0.026121199752184264,0.026388433099285145,0.01950138800317712,0.023800691698173157,0.03219589029388403,0.035374991815726765,0.06243055138363778,0.03531532132168387,0.03803448852740271,0.03126607527243844,0.03154129711199365,0.037528661445591735,0.041557398436854645,0.03584878203653695,0.03686546467355043,0.04291397915806195,0.0490001211691819,0.04991018840984908,0.04544582077839556,0.04524651586338364,0.039422109839555186,0.049192414951548864,0.037837422087370925,0.057414040196981715,0.03531200576330421,0.033355309305798254,0.04608564125178714,0.051862868117553605,0.047639846614773634,0.02382748522954726,0.040213236727561566,0.038154069623510714,0.036302328330420984,0.03893941582843526,0.03619782915965054,0.04021811904686258,0.03634978911517076,0.04204120431453534,0.03212190162351072,0.040046252346306585,0.036943792451151716,0.0371964154471803,0.03156255083717236,0.027490975599682287,0.036204455803018266,0.03229217743606036,0.04064117514217633,0.03398545617156473
Hshld,0.02974956365369339,0.021908268003177127,0.02178928637331215,0.01738853540270056,0.02038822495313741,0.026862795679110412,0.030178638277998417,0.03531532132168387,0.03591778920413027,0.033333546173153296,0.026119980632247807,0.026321106122319297,0.031067158030182684,0.03567880313264495,0.030393582246227163,0.03216383543129467,0.036672406195393165,0.041283211742652905,0.042480842999205716,0.03839795523431295,0.038362323799841135,0.033249145366163614,0.04176738818745035,0.03209765904368547,0.047764360711675925,0.030238297181890392,0.028318312718030182,0.03967498350436855,0.04507002764098492,0.04102278425416998,0.0196965258522637,0.03326832165210485,0.03202040533121525,0.029722021617156473,0.03316182161715648,0.0307805780969023,0.03393885092930898,0.030987199548848293,0.03471488545194598,0.02780236772676728,0.033284857798252576,0.031312424997617154,0.0321354196791104,0.027309592635424935,0.022196942176330427,0.029441414957903103,0.02809082937569499,0.03319893204765686,0.028857489880857814
Clths,0.031437550905480546,0.02344896115488482,0.023958091498014294,0.018394777552025423,0.02209569615885623,0.02980574735504369,0.03304389547895155,0.03803448852740271,0.033333546173153296,0.04673191748848292,0.027763493243844316,0.02840661972359015,0.03380212274027006,0.039096498702144565,0.032529333575853844,0.03519171842891184,0.038601145218427314,0.04318008390468625,0.045981702584590944,0.041812401779189816,0.041602888511517076,0.03596298067831611,0.04605748294837172,0.03519857159173947,0.05216102007466242,0.03287288984749801,0.029053661308975375,0.04278148871167593,0.049952728244638596,0.04430672665131055,0.02104792372676727,0.03580803006354249,0.034008641388403496,0.032233832838760926,0.03682527805718824,0.03367573127561557,0.037228365202541705,0.03344636713105639,0.03788470784432089,0.030213779620333597,0.03646470828594122,0.03397786183320095,0.03755338811278793,0.030372451979348687,0.023481383391580624,0.03139450637648927,0.031109497081810957,0.03598979599841144,0.030999291429706116
Hlth ,0.027179200135027795,0.019194440223987294,0.018510919704527402,0.01580871861318507,0.017793194243050037,0.02278691084988086,0.025937324403494836,0.03126607527243844,0.026119980632247807,0.027763493243844316,0.03161360599046862,0.02459357024305003,0.02941933997617156,0.03106075386656076,0.026288270528991263,0.027023077955520256,0.03128682075456712,0.03560554115011914,0.03733334368705322,0.034170820365369343,0.03306015875139,0.030044796427323276,0.03612372817791898,0.02721002454487688,0.04188687795234312,0.026086718406671965,0.02607026932803812,0.03454892592851469,0.03930441208895948,0.03608036432247816,0.016969562633836376,0.0294896004050834,0.028197909709293093,0.026466046157267664,0.029219894822875295,0.027088566185861793,0.029962012779984115,0.02759913945512311,0.030413071237490083,0.02407258998093725,0.028964459472597303,0.027460576889594912,0.026995342257347114,0.023098983420174746,0.019665595480540105,0.026460513315329632,0.024507429164416204,0.02946125388880063,0.025044539706115955
MedEq,0.027014879459888806,0.01964152719301032,0.02049142708816521,0.01648481883399524,0.018943825652104843,0.023225318792692615,0.02664502763463065,0.03154129711199365,0.026321106122319297,0.02840661972359015,0.02459357024305003,0.029039478036536934,0.03124173963463066,0.03209373202859412,0.02730571288959492,0.027973951364575058,0.03236610516282764,0.036010662799046855,0.03811439394440033,0.03474578268467038,0.034171465245432874,0.03052773713741064,0.0368774741604448,0.028252281251787133,0.042063342856235114,0.027746153575853846,0.026800435768069897,0.03562895427482128,0.040441973248610014,0.03657181564416204,0.017753044454328827,0.03026181658459095,0.02844204174106434,0.027492770179507547,0.030642841950754573,0.02840394845432883,0.030774371151707707,0.028900628969023033,0.031495654411437646,0.024600796416203333,0.029688916829229542,0.028175458484511515,0.027879098027005545,0.023641820752978552,0.020212818236695785,0.026856731812549637,0.0243489722192216,0.030392030538522637,0.025922018236695786
Drugs,0.03227957071485306,0.02352667597299443,0.024794852819698166,0.019275963328038125,0.022110508149324862,0.028498385766481327,0.032301192025417,0.037528661445591735,0.031067158030182684,0.03380212274027006,0.02941933997617156,0.03124173963463066,0.045498792112787914,0.03840415983320096,0.031784723860206504,0.033015965949166004,0.038433225837966635,0.043197674519459876,0.043935815877680695,0.04063707030976966,0.04037908195393168,0.03686742267672756,0.0438851424305004,0.03349872571088166,0.050044661850675125,0.033203512255758544,0.03302143572676728,0.04224189372517871,0.047090336727561535,0.0437072508737093,0.020432197823669573,0.036389250984908666,0.0342490871644162,0.03269214964257347,0.036883753383637814,0.03461295111993645,0.03740419527402701,0.0344742094598888,0.03670403593328037,0.028585576783161246,0.03514694794281175,0.033382240222398725,0.03324401165210483,0.02850148818903892,0.02363961212867355,0.031296065321683886,0.029123039547259734,0.03564746664813343,0.03136741919777602
Chems,0.03633328347100874,0.026285173580619537,0.026370336498808575,0.02111196740746624,0.02444315063383638,0.03155585032565528,0.03606500125178715,0.041557398436854645,0.03567880313264495,0.039096498702144565,0.03106075386656076,0.03209373202859412,0.03840415983320096,0.050547792360603645,0.03659751260047658,0.03769950334710087,0.04467320153296267,0.050163985490071485,0.054638143636219216,0.04853248250992852,0.04771306796822874,0.04187620965687052,0.05141707941540904,0.03893674716282764,0.05916612199999998,0.03641953854328832,0.042089730100079416,0.054561878328832386,0.06313402915011913,0.055146541714058785,0.02365852117871326,0.040145658641779186,0.038046327494837176,0.03653197039555203,0.041417902905480544,0.037641890811755355,0.0421794448689436,0.03837564686735504,0.042885208063542485,0.034828901154884816,0.040506399494837184,0.038458807987291496,0.03744471939475774,0.03160413138522637,0.026366356306592523,0.03566172725655282,0.03446615188403494,0.04101556897061159,0.03521393074662431
Rubbr,0.03069224414614773,0.022093203110405083,0.021483951377283556,0.01861679187609213,0.020901161378872116,0.02682413699761715,0.03001502709451945,0.03584878203653695,0.030393582246227163,0.032529333575853844,0.026288270528991263,0.02730571288959492,0.031784723860206504,0.03659751260047658,0.041156067234312955,0.03184916936298649,0.03814615750595711,0.042128972314535336,0.04406615685146942,0.039882731628276415,0.03936077889118347,0.03408915037013503,0.042330226884829236,0.03268282112470215,0.049442512911834796,0.030158430795869738,0.03329383554567116,0.041461720883240655,0.0460089935186656,0.04186637610484512,0.02029922752025417,0.033795918713264504,0.03221820698332009,0.03075476992533757,0.03404154948054012,0.03127906372041302,0.034847232867355034,0.03177781402065131,0.035951584292295474,0.028492211555202544,0.03384928242096903,0.03185711128832406,0.03181818557267672,0.02672709266719619,0.02303517377283559,0.03045260882605243,0.028704251218427325,0.03474026366004766,0.029393583018268474
Txtls,0.030680676783161227,0.023227633269261316,0.023550775316918193,0.018213466054011123,0.021535884206513107,0.029041913137410644,0.031583224044479746,0.03686546467355043,0.03216383543129467,0.03519171842891184,0.027023077955520256,0.027973951364575058,0.033015965949166004,0.03769950334710087,0.03184916936298649,0.051072791769658454,0.03926939157267673,0.044729815507545664,0.04506108627958697,0.04070998684670373,0.04026990195710881,0.035428960910246235,0.04380269960921366,0.03312294975853852,0.05039811442891184,0.032160555760127094,0.029342708254169975,0.041996976196981735,0.04706341714058776,0.04293007898808577,0.02004846725019857,0.035085725949166,0.03295406596664018,0.031356445127879266,0.03485466985385226,0.03223281862112788,0.0357191245353455,0.03286504645115171,0.03734792634154091,0.02945810233359809,0.03522450645591739,0.03255473419539318,0.0333482370341541,0.027983925065925334,0.02310995489277204,0.031339027316918185,0.030043941917394755,0.03470356134868943,0.030206712684670373
BldMt,0.03646320199364575,0.026617261755361395,0.026349059396346304,0.021511493002382847,0.02378459377283558,0.032409898141382044,0.036891782081016684,0.04291397915806195,0.036672406195393165,0.038601145218427314,0.03128682075456712,0.03236610516282764,0.038433225837966635,0.04467320153296267,0.03814615750595711,0.03926939157267673,0.05176854620333598,0.053581356330420944,0.05441179368546465,0.04867157356632247,0.04825234806989674,0.0413908951945989,0.051719442509928513,0.03884456607625099,0.060315165123113586,0.036937272462271645,0.040272044273232735,0.05221106646544874,0.06048081653693407,0.0529264180381255,0.02422938911834789,0.040585163057982515,0.03896225698173153,0.03709964772041303,0.04072512858617949,0.03757530600476567,0.04196998667990469,0.038225633971405874,0.04347021194598888,0.0348245768308181,0.04123464913423352,0.03895332266878474,0.03827773154090548,0.03228355514694202,0.02768177894360603,0.03645351914217633,0.035522635401111995,0.04184862513899922,0.03580074334392374
Cnstr,0.04081922447974582,0.02944241406513106,0.02940528514058776,0.023369739123113575,0.026286643532962665,0.03709204613185068,0.04151279566004764,0.0490001211691819,0.041283211742652905,0.04318008390468625,0.03560554115011914,0.036010662799046855,0.043197674519459876,0.050163985490071485,0.042128972314535336,0.044729815507545664,0.053581356330420944,0.07135676167752185,0.06047456068943607,0.0533804100714853,0.05396502274185863,0.04657337559015091,0.057765888724384436,0.04333064850516283,0.06715990972835584,0.041407799837966636,0.04377098257029389,0.05753333100555996,0.06748701223193009,0.059304507567911044,0.027159142258935665,0.04563887664813343,0.0437537486703733,0.04131399241302621,0.045638819243844324,0.041926892320889586,0.04689569056393963,0.04276582592216045,0.048145959644162045,0.03785539215567911,0.046376267310563934,0.043074066319301024,0.04306974067355043,0.03646094831135822,0.030927647831612386,0.04103352382525813,0.040765807825258155,0.04652742920095313,0.039263645925337584
Steel,0.04391797109610802,0.030868957936457508,0.031205901308975374,0.025307401694996023,0.02832201400476568,0.036847005655281956,0.043369850185861786,0.04991018840984908,0.042480842999205716,0.045981702584590944,0.03733334368705322,0.03811439394440033,0.043935815877680695,0.054638143636219216,0.04406615685146942,0.04506108627958697,0.05441179368546465,0.06047456068943607,0.07317632961239079,0.05804729861795074,0.057893725709293076,0.04968621574424145,0.061488099297855446,0.04608225027958698,0.07121292881810962,0.04311523043208896,0.05636255148848292,0.0675392082478157,0.08254641758538521,0.06661137550595711,0.028384466303415408,0.04790631640190626,0.04600150332327244,0.04344641842096903,0.048986614473391574,0.04440831268308181,0.05052662523431293,0.04548141106751389,0.05140470415250198,0.04224225323749008,0.04862894131532962,0.04623169927243845,0.04464088910405083,0.037299966930897537,0.03198172707704527,0.04289684691342334,0.04160569788562351,0.04946103695472597,0.041780501993645754
FabPr,0.040218171850675145,0.0280372544559174,0.02809588498808578,0.022646566799046867,0.025478930039714066,0.034182701127879266,0.03890212403494836,0.04544582077839556,0.03839795523431295,0.041812401779189816,0.034170820365369343,0.03474578268467038,0.04063707030976966,0.04853248250992852,0.039882731628276415,0.04070998684670373,0.04867157356632247,0.0533804100714853,0.05804729861795074,0.08347405725178711,0.05179052492454329,0.04530467475774424,0.05487612648133438,0.041803358602065126,0.06591586484511514,0.0393168378395552,0.0421498962986497,0.05403866849880858,0.06566253245432882,0.057216830849880856,0.02569464924543289,0.04326386506751389,0.04174491621922161,0.03943990084193805,0.044443768165210486,0.040181339952343124,0.045073300460683086,0.04141599984114376,0.04615329426528991,0.037247356060365375,0.043309097633042096,0.04144027110405084,0.04071990671961873,0.033971524193804614,0.028884979253375697,0.03850883923749007,0.0363665083081811,0.04404631205718826,0.037796020174741866
Mach ,0.03901438838760922,0.028068654096902304,0.028594716435266083,0.022083888384432086,0.02519384331056394,0.033991229166004756,0.038917238042891183,0.04524651586338364,0.038362323799841135,0.041602888511517076,0.03306015875139,0.034171465245432874,0.04037908195393168,0.04771306796822874,0.03936077889118347,0.04026990195710881,0.04825234806989674,0.05396502274185863,0.057893725709293076,0.05179052492454329,0.053444342042891176,0.04416921022081016,0.05497580446703731,0.04165220523272439,0.06427673209531372,0.03896027983796665,0.04192502705003972,0.054982913372517865,0.06501460378077839,0.05758564856870533,0.0253424922192216,0.043067991342335195,0.04099731699444002,0.03920983412867354,0.04453444529626688,0.04034351462430501,0.04570191531374107,0.04121261826528992,0.046080742424146164,0.03676484333915806,0.04349769031294677,0.04124465364257348,0.04034311532009532,0.03411724464177918,0.028705439444003174,0.03833829573947576,0.03637825259094519,0.04423034043208896,0.03740643677521843
ElcEq,0.0346019372915012,0.02429140352819699,0.025529500387609212,0.019518944570293875,0.022123934862589352,0.030401834440031767,0.033395257302621134,0.039422109839555186,0.033249145366163614,0.03596298067831611,0.030044796427323276,0.03052773713741064,0.03686742267672756,0.04187620965687052,0.03408915037013503,0.035428960910246235,0.0413908951945989,0.04657337559015091,0.04968621574424145,0.04530467475774424,0.04416921022081016,0.04868874702303415,0.04782858917871325,0.03607486718189038,0.05530908087529786,0.03373751561080222,0.035446857922160444,0.047715776762509925,0.05703593205718824,0.048605792090548064,0.021578423984114383,0.037561742390786336,0.0356150765401112,0.03439181835742653,0.03912243474344717,0.03561919481175536,0.039920377100873705,0.036065428446386015,0.03980193566957903,0.03165376459571089,0.03778346315806194,0.03589395261636219,0.034616873281969815,0.0293495577172359,0.02510712653693407,0.03333254140111199,0.03207779567752184,0.03843453563621922,0.03267820521842733
Autos,0.041747987132644944,0.030465218154090545,0.03047424154408259,0.023971387444003178,0.027449331736298647,0.03726712708498809,0.04239232209054805,0.049192414951548864,0.04176738818745035,0.04605748294837172,0.03612372817791898,0.0368774741604448,0.0438851424305004,0.05141707941540904,0.042330226884829236,0.04380269960921366,0.051719442509928513,0.057765888724384436,0.061488099297855446,0.05487612648133438,0.05497580446703731,0.04782858917871325,0.0658891389102462,0.04518649179984114,0.06860649043367752,0.041549682853057976,0.04260929838919778,0.05767452672915012,0.06838209884034951,0.05987563804289118,0.02689138011755361,0.046354774455917395,0.04461264167752184,0.04210215820174742,0.047541995818903886,0.04341711585702938,0.04891435720413025,0.04403317073232725,0.04984793634948371,0.03927256788562351,0.04741826939475773,0.044202873702938836,0.04435708125178713,0.037418711142176334,0.030815872279586966,0.041417391955520244,0.039625418573471,0.047257546598888,0.040307660111199364
Aero ,0.03178308318506751,0.023454262209690227,0.023160802119142176,0.019600511750595708,0.02214900803177125,0.028038230563939632,0.03199410486417791,0.037837422087370925,0.03209765904368547,0.03519857159173947,0.02721002454487688,0.028252281251787133,0.03349872571088166,0.03893674716282764,0.03268282112470215,0.03312294975853852,0.03884456607625099,0.04333064850516283,0.04608225027958698,0.041803358602065126,0.04165220523272439,0.03607486718189038,0.04518649179984114,0.042337366625893574,0.05225378368705322,0.0343599312104845,0.030356094014297057,0.04230353746147736,0.04888437501191421,0.043972281494837166,0.021732690354249407,0.03546856040508339,0.03451546332327244,0.0325450575949166,0.035817454378077845,0.03308834143606036,0.03673948563145353,0.03375495149642574,0.038257497385226366,0.030778831378872117,0.036119916279586974,0.03355828872438442,0.03349533933439237,0.028623562133439247,0.02395467420969023,0.0321784672152502,0.030077793612390793,0.03641617684352661,0.030697736624304993
Ships,0.04752687536934074,0.034332498841938036,0.03355336129308976,0.02923790069420175,0.031632220168387605,0.04236696257347101,0.04840525180619539,0.057414040196981715,0.047764360711675925,0.05216102007466242,0.04188687795234312,0.042063342856235114,0.050044661850675125,0.05916612199999998,0.049442512911834796,0.05039811442891184,0.060315165123113586,0.06715990972835584,0.07121292881810962,0.06591586484511514,0.06427673209531372,0.05530908087529786,0.06860649043367752,0.05225378368705322,0.10391237568069894,0.04936868158379665,0.05014488874027005,0.06763765568228751,0.07958325942811753,0.07104811736457507,0.03198254627164416,0.0541628909531374,0.051380827421763295,0.04893367532327242,0.05452155178872121,0.04981314442255757,0.05569956998411438,0.05043672766799046,0.05768122548689437,0.045577991188244626,0.055878205016679894,0.05143577453852264,0.05112245332962668,0.04296834332486099,0.03602357714853057,0.048172637445591734,0.04354713690071486,0.054862253698173165,0.0468405772915012
Guns ,0.030263830460683077,0.022401318772041302,0.023235928003177128,0.018599332341540906,0.021427477096108014,0.02711221763304209,0.03021600270691023,0.03531200576330421,0.030238297181890392,0.03287288984749801,0.026086718406671965,0.027746153575853846,0.033203512255758544,0.03641953854328832,0.030158430795869738,0.032160555760127094,0.036937272462271645,0.041407799837966636,0.04311523043208896,0.0393168378395552,0.03896027983796665,0.03373751561080222,0.041549682853057976,0.0343599312104845,0.04936868158379665,0.052558130673550425,0.03012675735345512,0.040485364517871325,0.04556460605242257,0.04094617233836379,0.019903291224781572,0.033845511779189826,0.032698184835583795,0.030682102227164408,0.03379668504686258,0.0313833191389992,0.03500595643367752,0.03212290552660842,0.0358047605528197,0.02826221393328037,0.03469503317871327,0.03171007381096109,0.03189883853375695,0.02641110665766481,0.022277872541699755,0.030533734970611594,0.02872680329308975,0.034217600573471015,0.029367529586973782
Gold ,0.03337430549642574,0.020248094268467035,0.024890181521842726,0.019595178862589355,0.02156813520571882,0.024141151644162036,0.029669256876886426,0.033355309305798254,0.028318312718030182,0.029053661308975375,0.02607026932803812,0.026800435768069897,0.03302143572676728,0.042089730100079416,0.03329383554567116,0.029342708254169975,0.040272044273232735,0.04377098257029389,0.05636255148848292,0.0421498962986497,0.04192502705003972,0.035446857922160444,0.04260929838919778,0.030356094014297057,0.05014488874027005,0.03012675735345512,0.17649607562192215,0.07973700366004766,0.07985170570293887,0.06044592988403496,0.021009670779984106,0.03346378279586973,0.0316845231517077,0.029919020702144555,0.03530565137728356,0.031197013992057196,0.03716211531374106,0.033002923739475776,0.03514903918665607,0.030496473845909446,0.031475468492454334,0.03263217906910247,0.029756755777601274,0.024056193655281964,0.020468917982525817,0.028186449950754578,0.030002476946783162,0.035926206014297066,0.030215273852263694
Mines,0.04268186281175535,0.02893532125814138,0.030795044714853056,0.025085421642573463,0.027011192934074668,0.03431517026211278,0.0403081097124702,0.04608564125178714,0.03967498350436855,0.04278148871167593,0.03454892592851469,0.03562895427482128,0.04224189372517871,0.054561878328832386,0.041461720883240655,0.041996976196981735,0.05221106646544874,0.05753333100555996,0.0675392082478157,0.05403866849880858,0.054982913372517865,0.047715776762509925,0.05767452672915012,0.04230353746147736,0.06763765568228751,0.040485364517871325,0.07973700366004766,0.09238257281016682,0.08854811205718824,0.06974806318030181,0.027056952718030172,0.045441273582208105,0.04318392572517871,0.04103263966957903,0.04726227868467037,0.04239791168864178,0.04818985010325654,0.04314724769499603,0.04843178936934074,0.03998969375059571,0.0450734453629865,0.043797013572676714,0.04147757374424146,0.03474025524384431,0.02900140625893567,0.039688194351072265,0.03912537243526609,0.04699248914376488,0.039690435170770456
Coal ,0.04800505536139792,0.03282839639396347,0.03401115409054806,0.026985348165210477,0.028991368800635423,0.041266142907069085,0.04672730738681492,0.051862868117553605,0.04507002764098492,0.049952728244638596,0.03930441208895948,0.040441973248610014,0.047090336727561535,0.06313402915011913,0.0460089935186656,0.04706341714058776,0.06048081653693407,0.06748701223193009,0.08254641758538521,0.06566253245432882,0.06501460378077839,0.05703593205718824,0.06838209884034951,0.04888437501191421,0.07958325942811753,0.04556460605242257,0.07985170570293887,0.08854811205718824,0.17078204552819698,0.08828392271644163,0.031009233613979337,0.05285141234312947,0.05044293896743447,0.04718549569499602,0.05560694438443208,0.04841832657664813,0.056862618729150126,0.04909230381254965,0.056169793645750594,0.047241414630659256,0.053791046862589356,0.05081361760127085,0.04786801370929309,0.039399669023034156,0.03393741590150913,0.04544523409054807,0.04699909720413027,0.054147532343129474,0.04665992157267674
Oil  ,0.042231944900714836,0.02971068259094519,0.030413252571882446,0.023900367556791105,0.028091123488482916,0.03683804854646544,0.042161369486894355,0.047639846614773634,0.04102278425416998,0.04430672665131055,0.03608036432247816,0.03657181564416204,0.0437072508737093,0.055146541714058785,0.04186637610484512,0.04293007898808577,0.0529264180381255,0.059304507567911044,0.06661137550595711,0.057216830849880856,0.05758564856870533,0.048605792090548064,0.05987563804289118,0.043972281494837166,0.07104811736457507,0.04094617233836379,0.06044592988403496,0.06974806318030181,0.08828392271644163,0.08633549377442415,0.02962089165687053,0.04691615228752977,0.04452714370452741,0.04213052113741063,0.0486322576028594,0.04377285311199365,0.049557197799841135,0.0444328811389992,0.049462100943606035,0.04034729712946782,0.046287391545671165,0.04561660128991262,0.043168613472597296,0.03532362079904687,0.03050019594122319,0.04094477590468625,0.04028283976012709,0.04789612288006355,0.04122978871326449
Util ,0.019748640365369347,0.015622649369340743,0.015633248438443204,0.013142279691818904,0.016445060695790308,0.017053540555996827,0.019562736006354248,0.02382748522954726,0.0196965258522637,0.02104792372676727,0.016969562633836376,0.017753044454328827,0.020432197823669573,0.02365852117871326,0.02029922752025417,0.02004846725019857,0.02422938911834789,0.027159142258935665,0.028384466303415408,0.02569464924543289,0.0253424922192216,0.021578423984114383,0.02689138011755361,0.021732690354249407,0.03198254627164416,0.019903291224781572,0.021009670779984106,0.027056952718030172,0.031009233613979337,0.02962089165687053,0.019889860530579822,0.022369934376489268,0.020633856292295465,0.01987017573947578,0.02067510214138205,0.019595109598093723,0.021820981143764892,0.0201543041556791,0.02373561727084988,0.020114563389992058,0.022171208203335978,0.020999461820492452,0.02048895936139794,0.017600553286735505,0.015210784416203334,0.021110852352660834,0.01877276794598888,0.022715563866560765,0.019447397029388403
Telcm,0.033452714447974576,0.024649193526608423,0.02449562200158856,0.01996542585385226,0.02287934500397141,0.02962253995234312,0.03395555234312947,0.040213236727561566,0.03326832165210485,0.03580803006354249,0.0294896004050834,0.03026181658459095,0.036389250984908666,0.040145658641779186,0.033795918713264504,0.035085725949166,0.040585163057982515,0.04563887664813343,0.04790631640190626,0.04326386506751389,0.043067991342335195,0.037561742390786336,0.046354774455917395,0.03546856040508339,0.0541628909531374,0.033845511779189826,0.03346378279586973,0.045441273582208105,0.05285141234312947,0.04691615228752977,0.022369934376489268,0.04192129816521047,0.035813107783955515,0.03399964867355043,0.03801755656076251,0.03527421193010326,0.03900657700555996,0.0351018756076251,0.039241082128673554,0.03127415123907863,0.037596187116759335,0.03529686776806989,0.0351315470293884,0.030007243899920565,0.025107910111199363,0.03337008003177124,0.03140064517077046,0.03833783052422557,0.03241575654487688
PerSv,0.03210113882446385,0.023452669359809376,0.023077644778395547,0.018724767615567912,0.021113909153296265,0.0279497083081811,0.03212081211119936,0.038154069623510714,0.03202040533121525,0.034008641388403496,0.028197909709293093,0.02844204174106434,0.0342490871644162,0.038046327494837176,0.03221820698332009,0.03295406596664018,0.03896225698173153,0.0437537486703733,0.04600150332327244,0.04174491621922161,0.04099731699444002,0.0356150765401112,0.04461264167752184,0.03451546332327244,0.051380827421763295,0.032698184835583795,0.0316845231517077,0.04318392572517871,0.05044293896743447,0.04452714370452741,0.020633856292295465,0.035813107783955515,0.0457430469324861,0.032716563196187445,0.035955983736298644,0.033507402967434465,0.03712640764098491,0.03366681130103256,0.03725519985385225,0.029067064505162832,0.03591743875456712,0.03364540254805402,0.03378883939952343,0.028277993401111992,0.02421144935663225,0.031628062500397125,0.030262884953137406,0.03619147632406672,0.030770584797458297
BusSv,0.030664732390786337,0.022331535942811755,0.021933650332009533,0.01782228195710882,0.02026751735663224,0.026542605559968232,0.03048048529308975,0.036302328330420984,0.029722021617156473,0.032233832838760926,0.026466046157267664,0.027492770179507547,0.03269214964257347,0.03653197039555203,0.03075476992533757,0.031356445127879266,0.03709964772041303,0.04131399241302621,0.04344641842096903,0.03943990084193805,0.03920983412867354,0.03439181835742653,0.04210215820174742,0.0325450575949166,0.04893367532327242,0.030682102227164408,0.029919020702144555,0.04103263966957903,0.04718549569499602,0.04213052113741063,0.01987017573947578,0.03399964867355043,0.032716563196187445,0.03273809851628277,0.03435971322637014,0.03192199562192216,0.0350735765528197,0.0320483637045274,0.035738599116759334,0.028371508733915796,0.03405600268149323,0.03200297406195393,0.031477988333598085,0.026945308257347103,0.02300602795869738,0.03023283334710087,0.028354011888800625,0.03464890403177123,0.02907243834789515
Hardw,0.03319185382843527,0.024359429167593327,0.02490386979189833,0.019066099613979346,0.021523792972200157,0.029793883939634634,0.033766544991262915,0.03893941582843526,0.03316182161715648,0.03682527805718824,0.029219894822875295,0.030642841950754573,0.036883753383637814,0.041417902905480544,0.03404154948054012,0.03485466985385226,0.04072512858617949,0.045638819243844324,0.048986614473391574,0.044443768165210486,0.04453444529626688,0.03912243474344717,0.047541995818903886,0.035817454378077845,0.05452155178872121,0.03379668504686258,0.03530565137728356,0.04726227868467037,0.05560694438443208,0.0486322576028594,0.02067510214138205,0.03801755656076251,0.035955983736298644,0.03435971322637014,0.04738963922319302,0.0375249042319301,0.042129876862589344,0.036988386,0.0398401872025417,0.03163346451628277,0.03751342109293089,0.03576978731056394,0.03520486924702144,0.029994565374106427,0.024663703216838764,0.032556774030182686,0.031482081841143754,0.038608965723590134,0.03255477074662431
Softw,0.031134374916600472,0.02275073203177124,0.022912191860206512,0.01805195888482923,0.0201047204511517,0.027424941826846707,0.0315321930548054,0.03619782915965054,0.0307805780969023,0.03367573127561557,0.027088566185861793,0.02840394845432883,0.03461295111993645,0.037641890811755355,0.03127906372041302,0.03223281862112788,0.03757530600476567,0.041926892320889586,0.04440831268308181,0.040181339952343124,0.04034351462430501,0.03561919481175536,0.04341711585702938,0.03308834143606036,0.04981314442255757,0.0313833191389992,0.031197013992057196,0.04239791168864178,0.04841832657664813,0.04377285311199365,0.019595109598093723,0.03527421193010326,0.033507402967434465,0.03192199562192216,0.0375249042319301,0.03608772053375695,0.03738328713264495,0.03338518249086577,0.03661246166163622,0.028763227167593327,0.03461490702462272,0.03259393037013503,0.03260929838602064,0.027812754538522628,0.02298194501985704,0.030320511593328034,0.02918663047815726,0.03552225376012709,0.02986584509928515
Chips,0.03447093800635426,0.0250011422954726,0.025623403510722797,0.020079912605242257,0.021998703193010328,0.03043040311358221,0.034782903860206514,0.04021811904686258,0.03393885092930898,0.037228365202541705,0.029962012779984115,0.030774371151707707,0.03740419527402701,0.0421794448689436,0.034847232867355034,0.0357191245353455,0.04196998667990469,0.04689569056393963,0.05052662523431293,0.045073300460683086,0.04570191531374107,0.039920377100873705,0.04891435720413025,0.03673948563145353,0.05569956998411438,0.03500595643367752,0.03716211531374106,0.04818985010325654,0.056862618729150126,0.049557197799841135,0.021820981143764892,0.03900657700555996,0.03712640764098491,0.0350735765528197,0.042129876862589344,0.03738328713264495,0.045039126409849084,0.03778381779984114,0.04051861982525814,0.032155385409054806,0.038795230961080215,0.036563396282764095,0.036224980722795876,0.030420864948371724,0.025659416592533756,0.033713316219221606,0.03248126113582207,0.03973073945194599,0.03320921883240668
LabEq,0.03151331997617156,0.02286376765210485,0.023105912244638597,0.018820973247021446,0.020507684816521054,0.027331879968228747,0.03131273026846703,0.03634978911517076,0.030987199548848293,0.03344636713105639,0.02759913945512311,0.028900628969023033,0.0344742094598888,0.03837564686735504,0.03177781402065131,0.03286504645115171,0.038225633971405874,0.04276582592216045,0.04548141106751389,0.04141599984114376,0.04121261826528992,0.036065428446386015,0.04403317073232725,0.03375495149642574,0.05043672766799046,0.03212290552660842,0.033002923739475776,0.04314724769499603,0.04909230381254965,0.0444328811389992,0.0201543041556791,0.0351018756076251,0.03366681130103256,0.0320483637045274,0.036988386,0.03338518249086577,0.03778381779984114,0.03730230458935663,0.03681657415091342,0.029264100366957906,0.034801936308181104,0.033156496908657664,0.032535470511517076,0.02777548821445592,0.023502759102462266,0.031017727949166008,0.028954803817315314,0.03586250190786338,0.030194246139793494
Paper,0.03531764752978555,0.02590646313582208,0.026374000883240663,0.019899629401111996,0.023787800419380455,0.031335607529785536,0.03529588722478157,0.04204120431453534,0.03471488545194598,0.03788470784432089,0.030413071237490083,0.031495654411437646,0.03670403593328037,0.042885208063542485,0.035951584292295474,0.03734792634154091,0.04347021194598888,0.048145959644162045,0.05140470415250198,0.04615329426528991,0.046080742424146164,0.03980193566957903,0.04984793634948371,0.038257497385226366,0.05768122548689437,0.0358047605528197,0.03514903918665607,0.04843178936934074,0.056169793645750594,0.049462100943606035,0.02373561727084988,0.039241082128673554,0.03725519985385225,0.035738599116759334,0.0398401872025417,0.03661246166163622,0.04051861982525814,0.03681657415091342,0.0526252564511517,0.03568249387132645,0.039778765102462275,0.03725715200635425,0.03695512756791103,0.03120185352184273,0.026474660238284355,0.03572813758220809,0.03313953737251788,0.04031986594440031,0.03352673401111994
