,Agric,Food ,Soda ,Beer ,Smoke,Toys ,Fun  ,Books,Hshld,Clths,Hlth ,MedEq,Drugs,Chems,Rubbr,Txtls,BldMt,Cnstr,Steel,FabPr,Mach ,ElcEq,Autos,Aero ,Ships,Guns ,Gold ,Mines,Coal ,Oil  ,Util ,Telcm,PerSv,BusSv,Hardw,Softw,Chips,LabEq,Paper,Boxes,Trans,Whlsl,Rtail,Meals,Banks,Insur,RlEst,Fin  ,Other
Agric,0.052285754001588566,0.022529154605242258,0.02182669496425735,0.018645076003177125,0.020697541915806198,0.025912074738681495,0.030009069655281977,0.03651091853852264,0.029731902309769655,0.031588445852263704,0.02742516596664019,0.027229087434471805,0.03253700946147736,0.0364611978395552,0.0307242660714853,0.030651181801429703,0.036628824838760926,0.041001355901509134,0.04374465272120731,0.04066474844797459,0.039122635138999204,0.03486715241938046,0.0419648809658459,0.031753542881652115,0.04769549270849881,0.03064174210007943,0.03337376597299444,0.04251704776489278,0.04805624080698967,0.04294930646544876,0.019937472667196178,0.03357038445750595,0.032174980231930106,0.03078188124543287,0.03332825247974582,0.03124058583002383,0.03459795381731533,0.03173835311199365,0.0353601126671962,0.02822054842255758,0.034033236219221594,0.03171142002223988,0.030892582017474184,0.02590407690548054,0.022537942208101656,0.029615571945988878,0.02774762436219222,0.03462053684511516,0.028886774220810162
Food ,0.022529154605242258,0.021699238092136613,0.018170963296266877,0.014489019029388405,0.0168816450293884,0.019264031847498014,0.02219925450039714,0.026214216473391578,0.021987070776806988,0.023536938195393167,0.01936177677680699,0.019800193955520257,0.023703775299443994,0.026499548181096105,0.022208012584590937,0.023439989021445597,0.02678632290071485,0.029663384249404293,0.030966924571882454,0.028373200926131853,0.028203721215250197,0.024496050235107234,0.030638172745035736,0.023524819077045272,0.03452454714853057,0.022651656357426532,0.02074766285146942,0.02905364737569499,0.03302874233200954,0.030083167768069893,0.015782511761715648,0.0247922044177919,0.023570736411437643,0.02244570014138204,0.024525425918983317,0.02291548813343924,0.025123358114376496,0.023049667067513904,0.026041132293884037,0.021010980201747412,0.024815732764098496,0.023360425629864973,0.022959832454328838,0.01999110659571088,0.016533863931691817,0.022504696211278787,0.020842891423351863,0.02507470099920572,0.02131439785861795
Soda ,0.02182669496425735,0.018170963296266877,0.04454289517871325,0.014592597990468626,0.017245503494837167,0.019818867926926137,0.022030628181096107,0.026621481477362985,0.021936770500397135,0.02405293091342336,0.018788123407466238,0.020778349380460685,0.02513427897537728,0.026684826783161236,0.021622511945988875,0.02371636645750596,0.02667502536934075,0.029769032764098483,0.03146135471008736,0.028712951858617948,0.028841019674344725,0.025846708363780772,0.03079023027005559,0.023296637180301834,0.0338394994598888,0.02362050355043686,0.02564753430500397,0.031008793256552817,0.03444301828435267,0.031161516266878474,0.015900868006354246,0.02473009347895155,0.023318753669579036,0.022090132700555994,0.025158129531374106,0.023198929753772832,0.025840262374900714,0.0233836339872915,0.026631996433677526,0.021020533828435262,0.024656849332803817,0.023192057871326447,0.0228316242573471,0.020221361604447964,0.016601788061953927,0.022168087950754572,0.02097006137410644,0.024865770381254964,0.02176704759332804
Beer ,0.018645076003177125,0.014489019029388405,0.014592597990468626,0.029015767528196987,0.0150635394217633,0.01510266517553614,0.017654226001588565,0.019748563669579024,0.01771538521683876,0.018553877385226368,0.01610111561715648,0.016714133367752182,0.019583748770452738,0.021424077362986498,0.018858150630659258,0.018605963826846702,0.021847817451945997,0.02375041741858618,0.025578035675933277,0.02323354917077045,0.02241751698967434,0.019824969694996027,0.024319316446386022,0.01979774908498808,0.0295136322319301,0.019007554212867355,0.020739021993645752,0.02538765252263701,0.02724607558061954,0.02426164351072279,0.013422179148530581,0.02022951657029388,0.018997369421763305,0.018151073040508336,0.01940135319459889,0.0183855509451946,0.020393041227958705,0.019110270562351074,0.020231791706115963,0.017531551416997613,0.020017979023034146,0.018913674462271646,0.017943170309769656,0.015949104657664817,0.013181224440031772,0.018506416306592527,0.015525284433677521,0.020483487178713268,0.01734022108339952
Smoke,0.020697541915806198,0.0168816450293884,0.017245503494837167,0.0150635394217633,0.03729682624940429,0.0183050955869738,0.020128937525019854,0.023946653439237492,0.02054932186814932,0.022237559199364577,0.018008404533756947,0.019031501429706114,0.022212781308975367,0.024584174424146156,0.020946126621127874,0.021675493194598883,0.023966138401906277,0.02650229008737093,0.028409067469420166,0.02585229674662431,0.025317171231135825,0.022297559177124705,0.027626121432883247,0.022283334528991262,0.031866906052422546,0.02170362150595711,0.022190566370135025,0.027109197938046073,0.029078152076250998,0.028272729626687837,0.01664553057347101,0.023011196114376485,0.021230414446386018,0.020386673274027003,0.021646226725973,0.02025364527402701,0.022106859891977762,0.020630865426528994,0.023905964902303425,0.020588892673550425,0.022673889102462267,0.02169415802382844,0.02151893197776012,0.0184786501477363,0.014971404336775216,0.02145079480540111,0.019426116336775212,0.022727426411437653,0.0197160703542494
Toys ,0.025912074738681495,0.019264031847498014,0.019818867926926137,0.01510266517553614,0.0183050955869738,0.04665751297220016,0.027581698103256544,0.032127734868943596,0.027010068829229544,0.029921893134233508,0.02291796592851469,0.023286940365369338,0.028637109598093718,0.031743880889594914,0.026874160165210482,0.02926806955996822,0.032512980352660835,0.03729557366163622,0.03688980282128673,0.034345302710087365,0.03405356063542494,0.030515464489277198,0.03729948263065925,0.028077279154884827,0.04270319742652899,0.027286945105639386,0.02478197623510723,0.034440175339158066,0.04118174579189832,0.03697532749801429,0.017122965922160446,0.029685215428117553,0.02807462651628277,0.026602187780778396,0.029879714459094518,0.027523097728355837,0.030496149826846706,0.027458722236695782,0.03138664163304209,0.024021328012708502,0.02922644158856236,0.0275857850802224,0.028843164733915808,0.024231139863383638,0.019722355996822875,0.02558873585385226,0.026484445134233512,0.029217932435266082,0.025733815796664027
Fun  ,0.030009069655281977,0.02219925450039714,0.022030628181096107,0.017654226001588565,0.020128937525019854,0.027581698103256544,0.037061787539316916,0.03539344158856235,0.030150139170770456,0.033068638551231135,0.02608703862112787,0.026775588689436053,0.03238699347418585,0.036206870722795874,0.030012665264495635,0.031623369289912634,0.03698760564257347,0.04167578535345512,0.043412830494042896,0.039155901089753774,0.038996518951548854,0.03352091465607625,0.042496175212073065,0.031981515755361394,0.04853114277998411,0.03032992350119142,0.029973435774424146,0.04031063132009531,0.046873566665607616,0.042490920285941224,0.01964925446862589,0.0340452255313741,0.03219083557108817,0.030504706795869748,0.03386940821604447,0.03165124336775218,0.03480611287688643,0.03141431693089753,0.03536721681969817,0.027700618306592536,0.034016072216044475,0.031776328241461475,0.0321447087847498,0.027708971380460683,0.022741925591739477,0.03005850173153296,0.02837193425258142,0.03461948338046069,0.029334541960285936
Books,0.03651091853852264,0.026214216473391578,0.026621481477362985,0.019748563669579024,0.023946653439237492,0.032127734868943596,0.03539344158856235,0.06233363517077046,0.035330015631453535,0.038010878792692604,0.03129108246227164,0.03163651175536139,0.037608725258141365,0.041777113073868145,0.035955344209690224,0.037004576155679106,0.04300391466243049,0.04908544360603651,0.04996529623510724,0.045684409197776006,0.04529772061953931,0.0395289846703733,0.04926753872915013,0.03785365501191421,0.05765054897537728,0.03552397339158062,0.03340822222398728,0.04614233135822081,0.05186621722001588,0.047912025607625086,0.023853275297855445,0.04024069355043684,0.038224091803018265,0.036312823335980945,0.03902556314535345,0.03629906697378872,0.040264971199364584,0.03650211283558381,0.04212147188244639,0.03213713860206514,0.040060146957903095,0.037016287053216836,0.03723600387609214,0.03151488200158857,0.027541039221604453,0.03627195213661635,0.03220851671167594,0.04079660497220016,0.034042276695790304
Hshld,0.029731902309769655,0.021987070776806988,0.021936770500397135,0.01771538521683876,0.02054932186814932,0.027010068829229544,0.030150139170770456,0.035330015631453535,0.03581136864813343,0.03328576321525021,0.026183384123907864,0.02642699798252582,0.03109311314694202,0.03575626071485305,0.030339506929308976,0.03218192412073074,0.03674303719777601,0.0413923702779984,0.042398945080222385,0.03868876450833996,0.03839892824463861,0.03340076021922161,0.04184909715329628,0.032016763072279575,0.04783023736298648,0.030402124546465452,0.028727575138999196,0.039628156597299444,0.0451557523876092,0.04130678678316124,0.019766344120730736,0.033321276673550435,0.032015987269261324,0.02972308628117554,0.03325123211437649,0.03087351040508339,0.03396520336457506,0.03105887188880064,0.03478223045909451,0.027800021035742657,0.033263880524225575,0.0313684543034154,0.032108604034948356,0.02729852951866561,0.022228203923749006,0.029456247227958695,0.027935706602065128,0.03335151582843527,0.02894876157585384
Clths,0.031588445852263704,0.023536938195393167,0.02405293091342336,0.018553877385226368,0.022237559199364577,0.029921893134233508,0.033068638551231135,0.038010878792692604,0.03328576321525021,0.046703899672756156,0.027845320803812565,0.028579431660047654,0.03396689090706911,0.03915144514694201,0.0325339129658459,0.03527219560603654,0.03869810169340745,0.04330572633836377,0.04592227956791103,0.041951210068308195,0.04168433494837172,0.03606020752660842,0.04613726033042097,0.035076740768864176,0.05215208025416996,0.03294226033677521,0.029718267212073077,0.04279495256235107,0.05009366047339157,0.04460118033359811,0.02109078323113582,0.035879895450357434,0.0340493234725973,0.03227491138046069,0.03696331659412231,0.03383520791104051,0.03727975999682286,0.03354064707545672,0.03797531636854646,0.03031436155996823,0.036471901525019855,0.03405623269896744,0.03752184638602065,0.030386130948371733,0.023535689547259736,0.03140952347895155,0.03126193411596504,0.03612272377124703,0.031209411488482924
Hlth ,0.02742516596664019,0.01936177677680699,0.018788123407466238,0.01610111561715648,0.018008404533756947,0.02291796592851469,0.02608703862112787,0.03129108246227164,0.026183384123907864,0.027845320803812565,0.03170094357267672,0.024783547490071483,0.02963073129308975,0.031223473931691812,0.02644663087847498,0.027248891582208095,0.031402965645750604,0.03576508167593327,0.037389515142176324,0.034441561679110395,0.03316747579825258,0.030231591639396347,0.03626872491977761,0.02722502000158856,0.04201957472597299,0.026352215032565532,0.02673855605242256,0.03463790471326449,0.039386640861000785,0.03625382349483718,0.017097116419380456,0.02959939056235108,0.02827276188880064,0.02654539386973788,0.029379761118347898,0.027264243907863386,0.03008412010643368,0.027800080446386023,0.030537922861000807,0.024214757621922166,0.029054876544876884,0.027549618881652103,0.0270707233836378,0.023141638598888,0.019765251366163625,0.026580188808578237,0.024450735518665608,0.029673924004765685,0.025288078138204932
MedEq,0.027229087434471805,0.019800193955520257,0.020778349380460685,0.016714133367752182,0.019031501429706114,0.023286940365369338,0.026775588689436053,0.03163651175536139,0.02642699798252582,0.028579431660047654,0.024783547490071483,0.029283392652899125,0.03160188618745036,0.032310191262907066,0.0274660243208896,0.028158363185067512,0.032549293200953136,0.036269001183478936,0.03826262425734708,0.03498958950754567,0.03431453287529785,0.03071067703733121,0.037081765075456706,0.028257995051628272,0.04232034200158857,0.02798876871326449,0.02716559940428911,0.03567734283558379,0.040662621143764885,0.037151650913423345,0.017907573010325653,0.030385648490865773,0.02861085241461477,0.027571264710087362,0.030825973248610007,0.028607939189833204,0.030888336401906274,0.02913634334392374,0.03161548301032566,0.02475400871326449,0.029775736513105635,0.028336357791898328,0.027968833884034948,0.023693744034948377,0.02027450167593328,0.0269732812152502,0.02443849028594123,0.030612038054011127,0.026085710150913422
Drugs,0.03253700946147736,0.023703775299443994,0.02513427897537728,0.019583748770452738,0.022212781308975367,0.028637109598093718,0.03238699347418585,0.037608725258141365,0.03109311314694202,0.03396689090706911,0.02963073129308975,0.03160188618745036,0.04602264333439237,0.0385743898649722,0.03190088720889595,0.03318442643526608,0.038597079545671174,0.04349032343923749,0.04405855098014297,0.040850683537728354,0.040493469269261305,0.037045226794281176,0.04407105494360603,0.03340692899285147,0.050163968816521035,0.0334142498697379,0.033649901294678326,0.04222623470532169,0.047420900146147735,0.044441506417791904,0.020598758675139002,0.03652830600317713,0.03439628838602065,0.03271244322637013,0.03708345306433677,0.0348242026370135,0.03750181699285147,0.03472899020015885,0.036819337682287526,0.028761097240667194,0.035177675671167606,0.03353802177283558,0.033235004972200166,0.028528296486100085,0.023706878991262913,0.031385064027005555,0.029296054930897535,0.035901416316123896,0.03160737284829229
Chems,0.0364611978395552,0.026499548181096105,0.026684826783161236,0.021424077362986498,0.024584174424146156,0.031743880889594914,0.036206870722795874,0.041777113073868145,0.03575626071485305,0.03915144514694201,0.031223473931691812,0.032310191262907066,0.0385743898649722,0.05083676333598092,0.03669768959491661,0.03777175847498014,0.04494528228752978,0.050422429896743434,0.054843953709293077,0.04907646617950754,0.04790696034948372,0.04215248956314534,0.05172187726767275,0.03903970246227165,0.059449241366163606,0.03680724934074661,0.04237886325655282,0.05463453394757744,0.06350993782366961,0.05587590376489276,0.02388146208101668,0.040299131278792685,0.038227501731532956,0.036650918729150106,0.041619348752978555,0.03787122633836378,0.042325677267672744,0.03859463876092136,0.0431185599364575,0.03499016670373312,0.040630480222398714,0.03869909451945988,0.03752233747418586,0.031642727084988075,0.026496041683876082,0.03583271011914217,0.03437699126290708,0.04131455161239079,0.03535978764098491
Rubbr,0.0307242660714853,0.022208012584590937,0.021622511945988875,0.018858150630659258,0.020946126621127874,0.026874160165210482,0.030012665264495635,0.035955344209690224,0.030339506929308976,0.0325339129658459,0.02644663087847498,0.0274660243208896,0.03190088720889595,0.03669768959491661,0.041110752336775205,0.03182618738999206,0.03827541091024623,0.0422963228435266,0.044067685820492454,0.04015084065766482,0.03943670730738682,0.03419945444638603,0.042479985629864964,0.03263510827958697,0.049471176838760934,0.030278257896743446,0.033543988546465446,0.04140234502621127,0.04628183730579825,0.04233934198570293,0.020420778255758536,0.03388895704209691,0.03227101407148531,0.030775184594122307,0.03414566466719618,0.03140518007942811,0.034862909887212065,0.03185600527720413,0.03603184410166798,0.02856384547418587,0.03387447083399523,0.03198005472915012,0.03176884181096108,0.026719256292295476,0.023053721382049246,0.030500050500397134,0.02871058455599682,0.0348776620841938,0.029476618452740272
Txtls,0.030651181801429703,0.023439989021445597,0.02371636645750596,0.018605963826846702,0.021675493194598883,0.02926806955996822,0.031623369289912634,0.037004576155679106,0.03218192412073074,0.03527219560603654,0.027248891582208095,0.028158363185067512,0.03318442643526608,0.03777175847498014,0.03182618738999206,0.05109276933915807,0.0393892775313741,0.04490260615567911,0.044978887463065914,0.04112750620015887,0.04036309937251787,0.03557464939316919,0.04400295919459887,0.033059294835583806,0.050571102795869724,0.03238271413343923,0.029756769650516296,0.041950733777601265,0.04714984889277206,0.04333678794281175,0.020237611173947574,0.03525110765845909,0.033036703416997625,0.03141992964098491,0.034978642694201735,0.03241342961080222,0.03581325353931692,0.03297922495472597,0.03744188608260525,0.029456308033359805,0.03527577481334392,0.03270410410484511,0.033385200079428114,0.02809129474503574,0.0231957273629865,0.03142283548054012,0.029893064910246236,0.03493046288959491,0.030305210376489273
BldMt,0.036628824838760926,0.02678632290071485,0.02667502536934075,0.021847817451945997,0.023966138401906277,0.032512980352660835,0.03698760564257347,0.04300391466243049,0.03674303719777601,0.03869810169340745,0.031402965645750604,0.032549293200953136,0.038597079545671174,0.04494528228752978,0.03827541091024623,0.0393892775313741,0.05198352184908658,0.05383929288324067,0.05463568233836377,0.04907790125814139,0.048409530119142175,0.041632735539316915,0.0519138139825258,0.038979251828435264,0.06062756740270054,0.03723481775694995,0.04076777008737093,0.05239781725496425,0.06080763442732328,0.053539244892772044,0.02442502842891183,0.040747914271644155,0.03911159474821286,0.037168898754567116,0.040883614684670375,0.03775495167593327,0.0420890871517077,0.038435310700555995,0.04363759178077839,0.03499946681175535,0.041310354424146135,0.039157999834789514,0.038336670786338366,0.03228347083081811,0.027798573931691814,0.036600959094519464,0.035407742325655286,0.042098944918189024,0.03595080827323272
Cnstr,0.041001355901509134,0.029663384249404293,0.029769032764098483,0.02375041741858618,0.02650229008737093,0.03729557366163622,0.04167578535345512,0.04908544360603651,0.0413923702779984,0.04330572633836377,0.03576508167593327,0.036269001183478936,0.04349032343923749,0.050422429896743434,0.0422963228435266,0.04490260615567911,0.05383929288324067,0.07162168539316918,0.06069652713264495,0.05385899654487687,0.0541415588482923,0.046848128173153286,0.05800542602859411,0.043442188141382045,0.06750005075456711,0.04180098159650515,0.04449338842732327,0.05771020887212071,0.06777266015885622,0.05995088649722,0.027377020413026205,0.045802869507545675,0.043933744884829234,0.04139461646544876,0.04584591221604448,0.04218061410643367,0.04705479996028595,0.043036359626687844,0.04835304750595711,0.03807267710087371,0.046466210873709286,0.04330065345512311,0.043143717569499605,0.03648698235107227,0.03108190791898333,0.04120195284352662,0.04073687616362191,0.04683409627482128,0.03947841702938841
Steel,0.04374465272120731,0.030966924571882454,0.03146135471008736,0.025578035675933277,0.028409067469420166,0.03688980282128673,0.043412830494042896,0.04996529623510724,0.042398945080222385,0.04592227956791103,0.037389515142176324,0.03826262425734708,0.04405855098014297,0.054843953709293077,0.044067685820492454,0.044978887463065914,0.05463568233836377,0.06069652713264495,0.07334889689594914,0.0583747518443209,0.05797715747418586,0.04987575308339954,0.061625815386814914,0.04611722728832406,0.07140430837172358,0.043283127202541696,0.056607070961080225,0.06766391267037332,0.08300689235266086,0.06734511193010326,0.028487109369340742,0.04796782329150119,0.04608511555520254,0.04337422535027801,0.04907354623034153,0.044544876505162825,0.050542190096902306,0.04559695694678317,0.051500412514694206,0.04234766458141383,0.04857108290706911,0.046406010624304994,0.044564418776806974,0.03722611076092137,0.032004371199364584,0.042964604940428905,0.04169577576171563,0.04969950350754566,0.04188840718665606
FabPr,0.04066474844797459,0.028373200926131853,0.028712951858617948,0.02323354917077045,0.02585229674662431,0.034345302710087365,0.039155901089753774,0.045684409197776006,0.03868876450833996,0.041951210068308195,0.034441561679110395,0.03498958950754567,0.040850683537728354,0.04907646617950754,0.04015084065766482,0.04112750620015887,0.04907790125814139,0.05385899654487687,0.0583747518443209,0.08457434098649724,0.052113955877680695,0.04574810931056394,0.05523925606195393,0.042042539051628275,0.06656651471008736,0.039893243127879265,0.042935440770452735,0.05457843950913422,0.06609545268625892,0.058133322938840354,0.02601493429388404,0.04350762007466244,0.04210387378395552,0.0396322228482923,0.044688550455917395,0.04049190881652105,0.045330988754567106,0.04180680991739475,0.04642078227640985,0.0373935782827641,0.043474702613185055,0.04174341438919778,0.04098750508339952,0.03412149673391581,0.02905243282764098,0.03880892531374107,0.035999806301826844,0.04455833728832405,0.03797018723431295
Mach ,0.039122635138999204,0.028203721215250197,0.028841019674344725,0.02241751698967434,0.025317171231135825,0.03405356063542494,0.038996518951548854,0.04529772061953931,0.03839892824463861,0.04168433494837172,0.03316747579825258,0.03431453287529785,0.040493469269261305,0.04790696034948372,0.03943670730738682,0.04036309937251787,0.048409530119142175,0.0541415588482923,0.05797715747418586,0.052113955877680695,0.05354003316123906,0.04435623104845114,0.05513381125496427,0.04171257686258934,0.06452642930897536,0.03924787875297856,0.04229256316918187,0.055019459928514695,0.0651568541223193,0.05799912033359811,0.025488434106433675,0.04316016783955522,0.04108381903891977,0.039256136115965054,0.04465830081016679,0.04048964692613184,0.04577068024622716,0.04137744359809372,0.0461936848689436,0.036872150015885626,0.04355783749801431,0.04138667413820493,0.040395900476568714,0.034102480746624295,0.028766341310563933,0.03843945781572676,0.03626821789515488,0.04441967177918984,0.037517483304209696
ElcEq,0.03486715241938046,0.024496050235107234,0.025846708363780772,0.019824969694996027,0.022297559177124705,0.030515464489277198,0.03352091465607625,0.0395289846703733,0.03340076021922161,0.03606020752660842,0.030231591639396347,0.03071067703733121,0.037045226794281176,0.04215248956314534,0.03419945444638603,0.03557464939316919,0.041632735539316915,0.046848128173153286,0.04987575308339954,0.04574810931056394,0.04435623104845114,0.048902210152501985,0.048066216856235106,0.036180861783955506,0.05564421936457506,0.03405466686100079,0.03601831451151708,0.047852719223193,0.05725528045432883,0.04910231785544083,0.02177061470691025,0.03771694261636218,0.03580645094042891,0.03451414748689436,0.039310841385226364,0.03585078976965846,0.04005627155043684,0.03626839015567912,0.039999946660841945,0.031808630324066715,0.03788684818903893,0.0361047553582208,0.03471065177124703,0.029390942706910242,0.025209218498808573,0.0334919585782367,0.032021354927720416,0.03870464092613184,0.03285360181731533
Autos,0.0419648809658459,0.030638172745035736,0.03079023027005559,0.024319316446386022,0.027626121432883247,0.03729948263065925,0.042496175212073065,0.04926753872915013,0.04184909715329628,0.04613726033042097,0.03626872491977761,0.037081765075456706,0.04407105494360603,0.05172187726767275,0.042479985629864964,0.04400295919459887,0.0519138139825258,0.05800542602859411,0.061625815386814914,0.05523925606195393,0.05513381125496427,0.048066216856235106,0.06608073285305799,0.045251836112787915,0.06890187416997616,0.041822877250198565,0.043060392605242255,0.05783922521207306,0.06864538555361396,0.060404243923749004,0.02704545728038126,0.04650944002700556,0.04478618704845115,0.0422081848181096,0.04771502508657664,0.04362151129467831,0.04903763142335186,0.04426407879745831,0.05000286519936457,0.03942431442255758,0.04752433927720414,0.04440341016362191,0.04445564713264495,0.03745710270691024,0.030914248681493242,0.04157602631453533,0.039617655833200954,0.047495926708498816,0.04048639711517076
Aero ,0.031753542881652115,0.023524819077045272,0.023296637180301834,0.01979774908498808,0.022283334528991262,0.028077279154884827,0.031981515755361394,0.03785365501191421,0.032016763072279575,0.035076740768864176,0.02722502000158856,0.028257995051628272,0.03340692899285147,0.03903970246227165,0.03263510827958697,0.033059294835583806,0.038979251828435264,0.043442188141382045,0.04611722728832406,0.042042539051628275,0.04171257686258934,0.036180861783955506,0.045251836112787915,0.042413813342335197,0.052265981652104845,0.034467724522637015,0.030670316306592532,0.04237874273709294,0.04909730671644163,0.044202967291501194,0.021798425852263704,0.035525531709293096,0.034486112630659246,0.032554954136616354,0.035882692956314535,0.0331419797299444,0.03676182243526608,0.033768290244638594,0.03834307474027005,0.030835933005559975,0.036100243057982526,0.03362256752025417,0.033414385496425725,0.028551766103256555,0.023982413590150912,0.03221382531374106,0.029930073583796662,0.03653333215091342,0.030781485864972206
Ships,0.04769549270849881,0.03452454714853057,0.0338394994598888,0.0295136322319301,0.031866906052422546,0.04270319742652899,0.04853114277998411,0.05765054897537728,0.04783023736298648,0.05215208025416996,0.04201957472597299,0.04232034200158857,0.050163968816521035,0.059449241366163606,0.049471176838760934,0.050571102795869724,0.06062756740270054,0.06750005075456711,0.07140430837172358,0.06656651471008736,0.06452642930897536,0.05564421936457506,0.06890187416997616,0.052265981652104845,0.10414033134233518,0.04967850409849086,0.05117984563939634,0.06789177764892772,0.08018983672756155,0.07190146208101669,0.03221205140587768,0.05434628983320095,0.05161396246227166,0.04908749876092136,0.054764080127084974,0.05010733315329626,0.05585544843526608,0.050626881350277986,0.05797804589356632,0.045805941779189834,0.05600077548848291,0.051722896775218435,0.05119529604447973,0.0430398580460683,0.03618359070691025,0.048334143145353455,0.04361841793486893,0.05520784560762511,0.04715361979348689
Guns ,0.03064174210007943,0.022651656357426532,0.02362050355043686,0.019007554212867355,0.02170362150595711,0.027286945105639386,0.03032992350119142,0.03552397339158062,0.030402124546465452,0.03294226033677521,0.026352215032565532,0.02798876871326449,0.0334142498697379,0.03680724934074661,0.030278257896743446,0.03238271413343923,0.03723481775694995,0.04180098159650515,0.043283127202541696,0.039893243127879265,0.03924787875297856,0.03405466686100079,0.041822877250198565,0.034467724522637015,0.04967850409849086,0.05286488624463861,0.03099057447974583,0.040747532659253384,0.04593368844162032,0.04163435070691024,0.020129107930103265,0.034106790791104055,0.03296371811437648,0.030927660900714856,0.03406309523113582,0.031653746592533755,0.03522956822716443,0.03238434547577443,0.036061163299444,0.028443444338363783,0.0348406854090548,0.03197699511040508,0.03203338813343925,0.026544581899920577,0.022419263661636216,0.030737742486100075,0.028627192617950745,0.0345501878268467,0.029617241328038123
Gold ,0.03337376597299444,0.02074766285146942,0.02564753430500397,0.020739021993645752,0.022190566370135025,0.02478197623510723,0.029973435774424146,0.03340822222398728,0.028727575138999196,0.029718267212073077,0.02673855605242256,0.02716559940428911,0.033649901294678326,0.04237886325655282,0.033543988546465446,0.029756769650516296,0.04076777008737093,0.04449338842732327,0.056607070961080225,0.042935440770452735,0.04229256316918187,0.03601831451151708,0.043060392605242255,0.030670316306592532,0.05117984563939634,0.03099057447974583,0.17926013673550437,0.07994165630659253,0.07965385567911042,0.06094282489277204,0.02160366781572677,0.03393564936457507,0.031948702946783154,0.030191762454328835,0.03581008212867355,0.031783043208895946,0.0375496787847498,0.03348809106433678,0.03547273589356633,0.03091275490865766,0.031641332239872914,0.0330045582366958,0.030019920142970617,0.02421881084988086,0.02069172259729944,0.02848590531374107,0.029453608903891974,0.0365036177680699,0.03068549995234313
Mines,0.04251704776489278,0.02905364737569499,0.031008793256552817,0.02538765252263701,0.027109197938046073,0.034440175339158066,0.04031063132009531,0.04614233135822081,0.039628156597299444,0.04279495256235107,0.03463790471326449,0.03567734283558379,0.04222623470532169,0.05463453394757744,0.04140234502621127,0.041950733777601265,0.05239781725496425,0.05771020887212071,0.06766391267037332,0.05457843950913422,0.055019459928514695,0.047852719223193,0.05783922521207306,0.04237874273709294,0.06789177764892772,0.040747532659253384,0.07994165630659253,0.09244975969976169,0.08883924909610798,0.07031561180301826,0.02724500746306592,0.045490390019062736,0.04319362777918984,0.0409334781938046,0.047304667691818895,0.042497108625893565,0.04817395815885622,0.04318967924225576,0.048505258908657665,0.04000817589992057,0.04503445689436061,0.043910328257347114,0.04141809914217633,0.034649962532168385,0.029030179007148528,0.039732181135822074,0.03883888366481334,0.04720411053693406,0.039664018910246214
Coal ,0.04805624080698967,0.03302874233200954,0.03444301828435267,0.02724607558061954,0.029078152076250998,0.04118174579189832,0.046873566665607616,0.05186621722001588,0.0451557523876092,0.05009366047339157,0.039386640861000785,0.040662621143764885,0.047420900146147735,0.06350993782366961,0.04628183730579825,0.04714984889277206,0.06080763442732328,0.06777266015885622,0.08300689235266086,0.06609545268625892,0.0651568541223193,0.05725528045432883,0.06864538555361396,0.04909730671644163,0.08018983672756155,0.04593368844162032,0.07965385567911042,0.08883924909610798,0.17132606448927723,0.0894422972835584,0.03122567610484511,0.05298777029706115,0.05065342341858618,0.047107734802223994,0.0557445274217633,0.048647182208101665,0.05695390549007147,0.04938298077521843,0.05632185248292294,0.04744282372359014,0.0538262055440826,0.05111278863860207,0.04790629798252581,0.03929884769499604,0.034071612406671954,0.04562598988085782,0.047065079081810964,0.05448237057664813,0.046712758195393174
Oil  ,0.04294930646544876,0.030083167768069893,0.031161516266878474,0.02426164351072279,0.028272729626687837,0.03697532749801429,0.042490920285941224,0.047912025607625086,0.04130678678316124,0.04460118033359811,0.03625382349483718,0.037151650913423345,0.044441506417791904,0.05587590376489276,0.04233934198570293,0.04333678794281175,0.053539244892772044,0.05995088649722,0.06734511193010326,0.058133322938840354,0.05799912033359811,0.04910231785544083,0.060404243923749004,0.044202967291501194,0.07190146208101669,0.04163435070691024,0.06094282489277204,0.07031561180301826,0.0894422972835584,0.08868767818903892,0.030052069610802222,0.04722295248610007,0.04506584487688641,0.0422558872279587,0.0490154820333598,0.04422602115965052,0.049853462478157265,0.045044007640984894,0.04988584779984113,0.040802671691818906,0.046489090246227154,0.04619751698173154,0.04337588625893567,0.03532558732327244,0.030812693042096904,0.04128748808578236,0.04053766413026211,0.048546196012708494,0.0415709749324861
Util ,0.019937472667196178,0.015782511761715648,0.015900868006354246,0.013422179148530581,0.01664553057347101,0.017122965922160446,0.01964925446862589,0.023853275297855445,0.019766344120730736,0.02109078323113582,0.017097116419380456,0.017907573010325653,0.020598758675139002,0.02388146208101668,0.020420778255758536,0.020237611173947574,0.02442502842891183,0.027377020413026205,0.028487109369340742,0.02601493429388404,0.025488434106433675,0.02177061470691025,0.02704545728038126,0.021798425852263704,0.03221205140587768,0.020129107930103265,0.02160366781572677,0.02724500746306592,0.03122567610484511,0.030052069610802222,0.02002268232565528,0.022511440390786338,0.02075604413979349,0.019968432301826846,0.020844804600476566,0.019784522764098488,0.02194521693089754,0.020337029918983316,0.023880132857823668,0.02025766866084194,0.022246119412231924,0.021155685216838766,0.02054677293089754,0.017625857938046066,0.01530956246227164,0.02123364058776806,0.01875573328991263,0.022929921007148527,0.01963715951072279
Telcm,0.03357038445750595,0.0247922044177919,0.02473009347895155,0.02022951657029388,0.023011196114376485,0.029685215428117553,0.0340452255313741,0.04024069355043684,0.033321276673550435,0.035879895450357434,0.02959939056235108,0.030385648490865773,0.03652830600317713,0.040299131278792685,0.03388895704209691,0.03525110765845909,0.040747914271644155,0.045802869507545675,0.04796782329150119,0.04350762007466244,0.04316016783955522,0.03771694261636218,0.04650944002700556,0.035525531709293096,0.05434628983320095,0.034106790791104055,0.03393564936457507,0.045490390019062736,0.05298777029706115,0.04722295248610007,0.022511440390786338,0.042017340522637,0.03587337367593327,0.034071231200953137,0.03816357773471009,0.03543169134233518,0.03909182619062748,0.03524869537887211,0.039362558540111184,0.0314057423081811,0.037681782629070674,0.03541579721366165,0.03517387690230342,0.029991904651310557,0.025177082247815723,0.03347473578236696,0.0313478572025417,0.038506133694996024,0.032584001664813345
PerSv,0.032174980231930106,0.023570736411437643,0.023318753669579036,0.018997369421763305,0.021230414446386018,0.02807462651628277,0.03219083557108817,0.038224091803018265,0.032015987269261324,0.0340493234725973,0.02827276188880064,0.02861085241461477,0.03439628838602065,0.038227501731532956,0.03227101407148531,0.033036703416997625,0.03911159474821286,0.043933744884829234,0.04608511555520254,0.04210387378395552,0.04108381903891977,0.03580645094042891,0.04478618704845115,0.034486112630659246,0.05161396246227166,0.03296371811437648,0.031948702946783154,0.04319362777918984,0.05065342341858618,0.04506584487688641,0.02075604413979349,0.03587337367593327,0.045839649529785545,0.0327259731389992,0.03607951266719619,0.03366113852263702,0.03718454655599681,0.0338233709785544,0.03737246838919777,0.029129541339158058,0.03594659687847498,0.0337765783415409,0.03383181208895948,0.02827390153772835,0.024266360293884036,0.031703065774424145,0.03021080790945193,0.03642030270214456,0.030884844492454332
BusSv,0.03078188124543287,0.02244570014138204,0.022090132700555994,0.018151073040508336,0.020386673274027003,0.026602187780778396,0.030504706795869748,0.036312823335980945,0.02972308628117554,0.03227491138046069,0.02654539386973788,0.027571264710087362,0.03271244322637013,0.036650918729150106,0.030775184594122307,0.03141992964098491,0.037168898754567116,0.04139461646544876,0.04337422535027801,0.0396322228482923,0.039256136115965054,0.03451414748689436,0.0422081848181096,0.032554954136616354,0.04908749876092136,0.030927660900714856,0.030191762454328835,0.0409334781938046,0.047107734802223994,0.0422558872279587,0.019968432301826846,0.034071231200953137,0.0327259731389992,0.03280976549483717,0.03445988383796663,0.032016858014297066,0.03512958918665607,0.03214938678157267,0.0358213297839555,0.02839768847815726,0.03411719344718029,0.03207906432724385,0.031524003891977764,0.02693628921683876,0.023053192764098486,0.030295795242255754,0.028158317507545674,0.034767420776806994,0.029164104832406678
Hardw,0.03332825247974582,0.024525425918983317,0.025158129531374106,0.01940135319459889,0.021646226725973,0.029879714459094518,0.03386940821604447,0.03902556314535345,0.03325123211437649,0.03696331659412231,0.029379761118347898,0.030825973248610007,0.03708345306433677,0.041619348752978555,0.03414566466719618,0.034978642694201735,0.040883614684670375,0.04584591221604448,0.04907354623034153,0.044688550455917395,0.04465830081016679,0.039310841385226364,0.04771502508657664,0.035882692956314535,0.054764080127084974,0.03406309523113582,0.03581008212867355,0.047304667691818895,0.0557445274217633,0.0490154820333598,0.020844804600476566,0.03816357773471009,0.03607951266719619,0.03445988383796663,0.047543659005559964,0.037699112787926925,0.042239305753772834,0.03717682718983319,0.039967750779984115,0.03177866180778396,0.03761025426528991,0.035940485108816526,0.035283439110405095,0.03003146895631454,0.024744580365369338,0.03268635965051628,0.031445096177918984,0.03879965629229547,0.03272326368228753
Softw,0.03124058583002383,0.02291548813343924,0.023198929753772832,0.0183855509451946,0.02025364527402701,0.027523097728355837,0.03165124336775218,0.03629906697378872,0.03087351040508339,0.03383520791104051,0.027264243907863386,0.028607939189833204,0.0348242026370135,0.03787122633836378,0.03140518007942811,0.03241342961080222,0.03775495167593327,0.04218061410643367,0.044544876505162825,0.04049190881652105,0.04048964692613184,0.03585078976965846,0.04362151129467831,0.0331419797299444,0.05010733315329626,0.031653746592533755,0.031783043208895946,0.042497108625893565,0.048647182208101665,0.04422602115965052,0.019784522764098488,0.03543169134233518,0.03366113852263702,0.032016858014297066,0.037699112787926925,0.03629973845909451,0.03749395834789515,0.03359279037331214,0.03675244546465449,0.028936573153296265,0.034725396981731535,0.03278337283558378,0.032710043304209686,0.02786027447180302,0.02306350389197776,0.030464775631453535,0.029172747355043688,0.03574207501191422,0.030054632978554402
Chips,0.03459795381731533,0.025123358114376496,0.025840262374900714,0.020393041227958705,0.022106859891977762,0.030496149826846706,0.03480611287688643,0.040264971199364584,0.03396520336457506,0.03727975999682286,0.03008412010643368,0.030888336401906274,0.03750181699285147,0.042325677267672744,0.034862909887212065,0.03581325353931692,0.0420890871517077,0.04705479996028595,0.050542190096902306,0.045330988754567106,0.04577068024622716,0.04005627155043684,0.04903763142335186,0.03676182243526608,0.05585544843526608,0.03522956822716443,0.0375496787847498,0.04817395815885622,0.05695390549007147,0.049853462478157265,0.02194521693089754,0.03909182619062748,0.03718454655599681,0.03512958918665607,0.042239305753772834,0.03749395834789515,0.045095386196981724,0.03789782511993645,0.04061359554090546,0.032213385733121505,0.038841293161239084,0.0366660524511517,0.03624802730738681,0.03041119090389198,0.025696553574265285,0.03379032272438444,0.03235548526926131,0.03988392214932484,0.03331544156314535
LabEq,0.03173835311199365,0.023049667067513904,0.0233836339872915,0.019110270562351074,0.020630865426528994,0.027458722236695782,0.03141431693089753,0.03650211283558381,0.03105887188880064,0.03354064707545672,0.027800080446386023,0.02913634334392374,0.03472899020015885,0.03859463876092136,0.03185600527720413,0.03297922495472597,0.038435310700555995,0.043036359626687844,0.04559695694678317,0.04180680991739475,0.04137744359809372,0.03626839015567912,0.04426407879745831,0.033768290244638594,0.050626881350277986,0.03238434547577443,0.03348809106433678,0.04318967924225576,0.04938298077521843,0.045044007640984894,0.020337029918983316,0.03524869537887211,0.0338233709785544,0.03214938678157267,0.03717682718983319,0.03359279037331214,0.03789782511993645,0.03750134255599681,0.03697828171405878,0.029406776802223984,0.03488880345512311,0.0333389421350278,0.03258727744241462,0.027825126262112778,0.02358055946783161,0.03113835686258935,0.028948950867355043,0.03610853372359014,0.03036561504686258
Paper,0.0353601126671962,0.026041132293884037,0.026631996433677526,0.020231791706115963,0.023905964902303425,0.03138664163304209,0.03536721681969817,0.04212147188244639,0.03478223045909451,0.03797531636854646,0.030537922861000807,0.03161548301032566,0.036819337682287526,0.0431185599364575,0.03603184410166798,0.03744188608260525,0.04363759178077839,0.04835304750595711,0.051500412514694206,0.04642078227640985,0.0461936848689436,0.039999946660841945,0.05000286519936457,0.03834307474027005,0.05797804589356632,0.036061163299444,0.03547273589356633,0.048505258908657665,0.05632185248292294,0.04988584779984113,0.023880132857823668,0.039362558540111184,0.03737246838919777,0.0358213297839555,0.039967750779984115,0.03675244546465449,0.04061359554090546,0.03697828171405878,0.05273862649563145,0.035774197834789516,0.03984684783955519,0.037421050760921365,0.037036342637013484,0.031221070884829238,0.02653079082605242,0.03584744728355838,0.033045316427323265,0.04051239170611595,0.033639759193010314
