,Agric,Food ,Soda ,Beer ,Smoke,Toys ,Fun  ,Books,Hshld,Clths,Hlth ,MedEq,Drugs,Chems,Rubbr,Txtls,BldMt,Cnstr,Steel,FabPr,Mach ,ElcEq,Autos,Aero ,Ships,Guns ,Gold ,Mines,Coal ,Oil  ,Util ,Telcm,PerSv,BusSv,Hardw,Softw,Chips,LabEq,Paper,Boxes,Trans,Whlsl,Rtail,Meals,Banks,Insur,RlEst,Fin  ,Other
Agric,0.05494612437807784,0.02298952862907069,0.02199288831135822,0.01834048807625099,0.021200046729150122,0.026322890859412234,0.030665783866560763,0.0379412463288324,0.030999337334392373,0.03251670288800635,0.027921109439237483,0.027890245706115965,0.03303414151548848,0.03710936130262112,0.03195242205559968,0.031741389026211285,0.03735308357108818,0.04185683611119935,0.04511829308339951,0.04133137736616362,0.039921499501191414,0.03531152393328038,0.0421601830341541,0.03297909969817315,0.04889275548848293,0.030757136235107226,0.034177146567116755,0.0434029722319301,0.048921768762509935,0.04285864712311359,0.020435900873709296,0.034479117121525016,0.03315586673232725,0.03140306243685464,0.03382404402223987,0.03161738748848292,0.03495515475774425,0.03223395486576648,0.036428608718030185,0.029138414602065135,0.03476385436060365,0.032236235666401894,0.03156782764098491,0.026959197636219227,0.023375430862589353,0.03074325687688642,0.02897300549642573,0.035156500670373306,0.029869865652104855
Food ,0.02298952862907069,0.022024326710087368,0.01819643336616362,0.014364443285146944,0.017041575841143762,0.019809478112787927,0.022687694277998407,0.02726219397617156,0.02275946300873709,0.024472497340746628,0.01986011050675139,0.020215117305798246,0.024108561950754576,0.026946563876092133,0.02288679648610008,0.024098959148530576,0.02739764603018268,0.030359453604447962,0.031970798907069095,0.028696530967434464,0.028953897969817323,0.025015298668784745,0.0312120677680699,0.024394103637807783,0.03553445680698967,0.023101139475774423,0.022187044555996824,0.030084446258935662,0.03380445838284354,0.03072844935345513,0.016131832660841942,0.0254502463796664,0.023937639135822083,0.02291636347577443,0.02492073573312152,0.02322686371405877,0.025495066465448767,0.023349065251787128,0.02669807224146148,0.02158048006989674,0.025378631771247016,0.023813618306592534,0.023636338236695784,0.020729362865766477,0.016851254544876886,0.02320715664495631,0.021677574614773626,0.025612417258141375,0.021912675450357428
Soda ,0.02199288831135822,0.01819643336616362,0.044266003056393964,0.013963279345512314,0.01735455045591739,0.019906269375695,0.02219443980619539,0.02715356042573471,0.022204922563939623,0.024659298818109614,0.01893311579666402,0.020790993127879274,0.02515219589833202,0.026697723050039715,0.021819769750595706,0.024149943056393963,0.0267726128610008,0.030113924406671964,0.03163896387926926,0.02842175222239873,0.029021109645750602,0.026001432648133434,0.030798708371723577,0.023809795123113583,0.03410975275615567,0.023584757521842734,0.02572079423034154,0.031385242637013505,0.03400800403812549,0.03066694476250993,0.015886229849086577,0.024976417992057187,0.023241211637807783,0.022294876565528195,0.025179215208895947,0.02319659591421763,0.025984094249404295,0.02342130669737887,0.026716282249404283,0.02112544904527403,0.02489642740270056,0.02329147746465449,0.0231271083081811,0.0206085490929309,0.01657866031135822,0.022535668606830817,0.021480810897537728,0.025001958433677526,0.021928493893566325
Beer ,0.01834048807625099,0.014364443285146944,0.013963279345512314,0.028952019215250206,0.014887543421763306,0.014885923247021447,0.017680281169181886,0.020155266776806985,0.017586752673550435,0.018823406722795866,0.016043314389197778,0.016556862856235102,0.01944697864336775,0.021262346211278788,0.01877767767434472,0.018670099361397935,0.021740433156473397,0.02375785637490072,0.025638617575853843,0.022738208463860203,0.022352139259729942,0.01969141757585385,0.024181066656076246,0.0198126634471803,0.02930918258935664,0.018857883685464653,0.02070698887370929,0.025273570389197777,0.02683232184908657,0.02420967033518666,0.013290909896743447,0.020166156619539317,0.01858628252899126,0.017951445045274024,0.019000375930103258,0.018066386713264496,0.020089873677521845,0.01877232662748213,0.020113333140587768,0.01741476840031771,0.01997382891183479,0.018825864540111197,0.017997582907069102,0.015924049289912635,0.013008039796664015,0.018585666173153294,0.015804287307386814,0.020291629401111996,0.017162001480540114
Smoke,0.021200046729150122,0.017041575841143762,0.01735455045591739,0.014887543421763306,0.03813362782525813,0.01848169575218427,0.020297436305003972,0.024461439593328034,0.02067505369658459,0.022713465858617946,0.01814724626211279,0.019179608327243847,0.022589095749007148,0.024804042700555994,0.021359027758538526,0.02191477032883241,0.02414570107704527,0.02684536190945194,0.028897783424940426,0.025823561480540106,0.02566708995393169,0.022411230366957895,0.02783000568705321,0.022669283478951554,0.032318381318506756,0.021629753455123107,0.023047487377283557,0.027519298999205712,0.029950662630659253,0.02875353319142176,0.016526084432088962,0.023450290036536932,0.021293742808578233,0.020627163612390788,0.0219012380969023,0.02039356229388403,0.02236009348689436,0.020738998185861793,0.023937673213661644,0.020742578970611596,0.022852303081810958,0.021892597223193005,0.021875388403494834,0.018839202068308178,0.015104930417791896,0.02163255972041302,0.019945758220810173,0.02286489166322478,0.01986196571564733
Toys ,0.026322890859412234,0.019809478112787927,0.019906269375695,0.014885923247021447,0.01848169575218427,0.04692669397299444,0.028125259577442413,0.033755515653693405,0.027760378065131056,0.030761760521048457,0.023450367231135822,0.023905440718030177,0.028998888266878478,0.03223372308181095,0.027824043787132647,0.029820745594916605,0.03308302040984909,0.038087193664813335,0.037893001391580625,0.03447966016203337,0.03468813270214456,0.03102291093884034,0.037980545194598876,0.029051755202541694,0.0431266245274027,0.028020616838760913,0.02593446097537728,0.03553202945194599,0.04134262979507545,0.037058726455917394,0.017585534900714853,0.030382128876886415,0.028618634198570296,0.02699842135663225,0.030239367707704527,0.027836291062748212,0.03083199774424145,0.027779215580619538,0.032252911783955514,0.024548385944400314,0.029879546592533758,0.028029339971405866,0.02925101134233518,0.024982376953137417,0.02009576617633042,0.026431082293884033,0.027344934265289906,0.029752879415409047,0.02630592290389198
Fun  ,0.030665783866560763,0.022687694277998407,0.02219443980619539,0.017680281169181886,0.020297436305003972,0.028125259577442413,0.03778883598252582,0.03702350436219221,0.031274846692613184,0.03441123411755361,0.026671681529785538,0.027301836081016682,0.03292095458459096,0.03683134865766481,0.03109776932644956,0.03269344199046863,0.037782325372517876,0.042483076827640985,0.04441980883081811,0.03943494846386021,0.03976087512152502,0.034140813397934865,0.0432434427640985,0.03302167632247816,0.04947666390786338,0.03126367958697378,0.031164857928514703,0.041729486068308175,0.04755619173788722,0.042506983758538515,0.020179585615567912,0.03485494970135028,0.03259383430818111,0.03111402694360604,0.034327304135027804,0.03199317446544877,0.0352719396743447,0.031773296230341544,0.036426737366163614,0.028510738813343924,0.03477023392374902,0.03230977756632248,0.03304613323272438,0.02867219552501986,0.023166805253375694,0.031045492479745824,0.029263423653693395,0.03526881050516282,0.03005317677045273
Books,0.0379412463288324,0.02726219397617156,0.02715356042573471,0.020155266776806985,0.024461439593328034,0.033755515653693405,0.03702350436219221,0.06594250881016679,0.03732816198252581,0.04040672503891978,0.03279176509610802,0.03289408592216044,0.03891484142335187,0.04330842605242256,0.03778966089912629,0.03913854641461477,0.044808389280381264,0.05136592220492454,0.0521622265353455,0.04730891721683876,0.047207494779984115,0.041213537099285144,0.0511977428435266,0.039947726640190626,0.06012025362986498,0.03720215161239078,0.035851575307386814,0.04840286525814137,0.05421072480381253,0.04929167281334392,0.02500532254169976,0.042172105753772844,0.03976437895472598,0.03786844123272439,0.04031771921842733,0.03747608336139794,0.04162812791104051,0.037704228009531375,0.04434210378395552,0.03390428252263702,0.04171438265289912,0.03847506288800635,0.038998311135822084,0.03345926304686258,0.02844024535663224,0.03820305375059572,0.03407517826846704,0.042181101521842734,0.035639693966640185
Hshld,0.030999337334392373,0.02275946300873709,0.022204922563939623,0.017586752673550435,0.02067505369658459,0.027760378065131056,0.031274846692613184,0.03732816198252581,0.03731689445432883,0.03481250877045274,0.027036140411437645,0.027166653183478953,0.03195570905957109,0.03675005156473391,0.03161642054487687,0.03354252111040509,0.03781573135186655,0.042563340729150106,0.043911561774424145,0.03945657711517076,0.03957968649245434,0.03430239895472596,0.04292778281175536,0.033402031000794266,0.04933568173153295,0.03140186907069102,0.030181881235901497,0.04135693782366957,0.045778228017474186,0.041737765191421757,0.020393466266878477,0.03440742546624305,0.032893362781572684,0.030641015509134242,0.03394481791739476,0.03157180797140587,0.03475933841938046,0.03181192545035743,0.0360855509070691,0.028714066861000795,0.034296418880063545,0.03228213978395552,0.03319579982525814,0.028547697965051626,0.022810271423351867,0.03067629052899126,0.029168137077045263,0.03425594312787926,0.029867250819698172
Clths,0.03251670288800635,0.024472497340746628,0.024659298818109614,0.018823406722795866,0.022713465858617946,0.030761760521048457,0.03441123411755361,0.04040672503891978,0.03481250877045274,0.04831520682922954,0.028813525720413024,0.02939018797617156,0.03485938445909452,0.04038073000794282,0.034002353958697384,0.0365949309785544,0.03996500828276411,0.0449103024638602,0.04774897701826847,0.04314454066084193,0.04303296343606036,0.03721887729626687,0.04744246827640985,0.03680995201747418,0.054092582859412215,0.034188122700556,0.031387832727561564,0.04481401181890388,0.05050969508022239,0.04552770534074663,0.0218845838522637,0.03720589016521049,0.035242718695790314,0.033301636961080225,0.03779631382208102,0.034644282703733126,0.03816314023034155,0.034396905351866555,0.0396083231517077,0.03139045725337569,0.037678290238284354,0.03507458348848292,0.03882147096108023,0.03181386414773631,0.02411726276250993,0.0328706224177919,0.03240916424146148,0.03720948112946783,0.03218025311993645
Hlth ,0.027921109439237483,0.01986011050675139,0.01893311579666402,0.016043314389197778,0.01814724626211279,0.023450367231135822,0.026671681529785538,0.03279176509610802,0.027036140411437645,0.028813525720413024,0.032157437361397936,0.025144004430500397,0.02993875644638602,0.031848578935663216,0.027152133984114375,0.02789835899761715,0.03208076112152502,0.036821274533756956,0.03834109948689436,0.03477351468467036,0.03390589305321684,0.030679193108816512,0.03688662681493248,0.0282803536536934,0.04301111194598887,0.026741777061159645,0.028005298169976166,0.03598559227958697,0.040265567985702945,0.036684596930897526,0.01760511352660842,0.030328005974582996,0.02896018583161239,0.027118297272438443,0.029799331992057188,0.02765273778872121,0.030466753177124693,0.02816540448133439,0.031350403043685464,0.024850038981731534,0.029782603486894352,0.02806601927561557,0.027800055965051623,0.024054457281969813,0.02006201593486894,0.027442887669579023,0.025425685258141383,0.030217547337569504,0.025852185736298636
MedEq,0.027890245706115965,0.020215117305798246,0.020790993127879274,0.016556862856235102,0.019179608327243847,0.023905440718030177,0.027301836081016682,0.03289408592216044,0.027166653183478953,0.02939018797617156,0.025144004430500397,0.02948452241302621,0.03172479169658459,0.032803396346306586,0.0279675389245433,0.028992568449563143,0.0330419377378872,0.03697624385861794,0.03905345766004766,0.035112813493248615,0.03491172671485306,0.031190178462271637,0.03754910363780778,0.029143289396346302,0.04297236166799046,0.028500716918189038,0.028833282665607616,0.03686081118347895,0.04109522194916601,0.03689256299920572,0.01821903570293884,0.03108893564892772,0.029189119826846695,0.028039593841143764,0.03120589340587767,0.02889195631135822,0.03134035055599683,0.029437089262907074,0.03230557880222398,0.025359217742652897,0.030485511016679893,0.028703773397934867,0.02855679242255758,0.024477013008737097,0.020559347864972197,0.027625536406671956,0.02528438514694201,0.031055255375694993,0.02656718740428911
Drugs,0.03303414151548848,0.024108561950754576,0.02515219589833202,0.01944697864336775,0.022589095749007148,0.028998888266878478,0.03292095458459096,0.03891484142335187,0.03195570905957109,0.03485938445909452,0.02993875644638602,0.03172479169658459,0.04576706390945194,0.03915830945194599,0.03255526540270057,0.034064609552025414,0.03906156130579824,0.04410754809054804,0.045000531722001594,0.04094433038602065,0.04109173335822081,0.03754021333439238,0.04450253204130262,0.03445489846703734,0.05093668465448768,0.033990716568705316,0.034781715783955516,0.04364120930897537,0.04752607316759332,0.0442044336076251,0.020970312509928514,0.03719744482446385,0.0347337393121525,0.03322280457664813,0.037275642085782365,0.034970636196981736,0.03777537853057982,0.03489343986814932,0.037563045864972194,0.029331641656870525,0.0358856051389992,0.03389409963145353,0.03401138597299443,0.029362254524225567,0.023979999979348687,0.03220919271803018,0.02990516830818109,0.03637847519142175,0.03206876110722795
Chems,0.03710936130262112,0.026946563876092133,0.026697723050039715,0.021262346211278788,0.024804042700555994,0.03223372308181095,0.03683134865766481,0.04330842605242256,0.03675005156473391,0.04038073000794282,0.031848578935663216,0.032803396346306586,0.03915830945194599,0.0513093119618745,0.03758168063542493,0.0388768651310564,0.04540328702144559,0.05106345254964257,0.055593346846703744,0.04899736565528196,0.04836402185861796,0.04256378792692614,0.05212853356632247,0.04008654681493248,0.05968614910246225,0.03751078656076251,0.04378485836378078,0.0554413893884035,0.06256915167593328,0.05439382093725177,0.024303385448768866,0.04104557728355838,0.038449675138999204,0.037143738872120725,0.041738373121525014,0.03803497572676726,0.04255221531374106,0.038793930452740266,0.04398661124702146,0.035692277966640186,0.04134768762509927,0.0389436491818904,0.038330176870532175,0.03275634357426529,0.02676098821286735,0.03682151008737094,0.03523785903097696,0.04176483955520253,0.036041942811755365
Rubbr,0.03195242205559968,0.02288679648610008,0.021819769750595706,0.01877767767434472,0.021359027758538526,0.027824043787132647,0.03109776932644956,0.03778966089912629,0.03161642054487687,0.034002353958697384,0.027152133984114375,0.0279675389245433,0.03255526540270057,0.03758168063542493,0.04166428862748213,0.03322963967116759,0.03925827387132645,0.043433130171564735,0.045324434025417,0.04051522191898331,0.04044544995869737,0.03515258562986497,0.043311815218427314,0.03392243069896744,0.05075668970611596,0.031220837077045278,0.0343969005019857,0.042849027736298645,0.047024035423351866,0.04238219478316123,0.021023471111993645,0.03495221394281175,0.033351759042096904,0.03157185782525815,0.03494760882128673,0.03203221551389992,0.03581454650516282,0.032587356341540905,0.037152434046068314,0.029611745231135828,0.03500667023828437,0.032694528797458294,0.032839482716441624,0.027969020910246223,0.023599717723590145,0.03162614042255758,0.0300081208101668,0.035759778924543295,0.03027929305321684
Txtls,0.031741389026211285,0.024098959148530576,0.024149943056393963,0.018670099361397935,0.02191477032883241,0.029820745594916605,0.03269344199046863,0.03913854641461477,0.03354252111040509,0.0365949309785544,0.02789835899761715,0.028992568449563143,0.034064609552025414,0.0388768651310564,0.03322963967116759,0.053660627893566314,0.04046744766640189,0.04614212837013503,0.04673259650039713,0.04198720707545669,0.04165161926449563,0.036608603084988096,0.04500495640984908,0.03464656660047657,0.05234432401906273,0.03335463275615567,0.03240616390468625,0.04399943332803812,0.04801195132168387,0.04408488700238283,0.021147720818109606,0.03625916386179508,0.03381492748371724,0.03229399778077839,0.0356275775361398,0.03297978242732328,0.036461502390786334,0.03369878546624305,0.03900045600635424,0.030778881253375686,0.036309597307386816,0.03359313622557585,0.034572878617950754,0.02930284465289912,0.023678656840349484,0.032776174881652104,0.031437582255758545,0.035950964573470995,0.03136770686417791
BldMt,0.03735308357108818,0.02739764603018268,0.0267726128610008,0.021740433156473397,0.02414570107704527,0.03308302040984909,0.037782325372517876,0.044808389280381264,0.03781573135186655,0.03996500828276411,0.03208076112152502,0.0330419377378872,0.03906156130579824,0.04540328702144559,0.03925827387132645,0.04046744766640189,0.052655385677521836,0.05463271816679904,0.055425942776806986,0.049243935021445584,0.04904329518347895,0.0421090127847498,0.052557360857823664,0.040069316266878464,0.061165058363780764,0.037988051469420164,0.041407394522637,0.0531370602700556,0.06033101146624304,0.0526669818141382,0.02489051849086576,0.04153885381096109,0.039587204438443206,0.037805939447180296,0.04116837084352661,0.038065509343923755,0.04238896370135029,0.03873599976806989,0.044648761880857826,0.03575323689594916,0.04211319950754566,0.03960111421127879,0.03923511320095313,0.03353328703097696,0.028177193763304208,0.03769695550754566,0.03638950300238285,0.042727835847497994,0.036616439355043676
Cnstr,0.04185683611119935,0.030359453604447962,0.030113924406671964,0.02375785637490072,0.02684536190945194,0.038087193664813335,0.042483076827640985,0.05136592220492454,0.042563340729150106,0.0449103024638602,0.036821274533756956,0.03697624385861794,0.04410754809054804,0.05106345254964257,0.043433130171564735,0.04614212837013503,0.05463271816679904,0.07294870509769659,0.06185383924861,0.05425055979984113,0.05506756231453536,0.047690250805401124,0.058884815980937255,0.04493505490865767,0.0681810509451946,0.04261810856235107,0.04576566989356632,0.05912734046068307,0.06796813319618743,0.059337267335980944,0.027862085599682285,0.046792573663224785,0.044364821542494035,0.04214629454011119,0.04631413955361398,0.04258088361874503,0.04749431139793486,0.043407830692613183,0.04981773775377283,0.039103563207307374,0.04755807900714853,0.04390009581254964,0.04420468675138999,0.03798277769499603,0.0315706290881652,0.04264344427005559,0.04200947718824463,0.04769018965687053,0.04035636622875298
Steel,0.04511829308339951,0.031970798907069095,0.03163896387926926,0.025638617575853843,0.028897783424940426,0.037893001391580625,0.04441980883081811,0.0521622265353455,0.043911561774424145,0.04774897701826847,0.03834109948689436,0.03905345766004766,0.045000531722001594,0.055593346846703744,0.045324434025417,0.04673259650039713,0.055425942776806986,0.06185383924861,0.07419902438602065,0.05879619247339159,0.058923322098490875,0.050707224600476566,0.06261392644956314,0.047636008903891976,0.07216158867355042,0.04452675173947576,0.05758910267513899,0.06873212044479747,0.08234514079586973,0.06557540439078634,0.029219066759332803,0.04916094343606036,0.04688085889277205,0.04437554784590945,0.04969807252899126,0.04502724532803814,0.051174030667196176,0.04619148681969817,0.05288276766957903,0.043408952830818116,0.049948336036536936,0.047059971345512305,0.04593386749801429,0.03897038901826846,0.03255478189515489,0.04436426186497219,0.04296693498014298,0.050576671544082616,0.04285308453216839
FabPr,0.04133137736616362,0.028696530967434464,0.02842175222239873,0.022738208463860203,0.025823561480540106,0.03447966016203337,0.03943494846386021,0.04730891721683876,0.03945657711517076,0.04314454066084193,0.03477351468467036,0.035112813493248615,0.04094433038602065,0.04899736565528196,0.04051522191898331,0.04198720707545669,0.049243935021445584,0.05425055979984113,0.05879619247339159,0.08292742278633837,0.05235966583320095,0.045905634872120724,0.055146219984114384,0.04301637259729945,0.06607615482128673,0.04027596867355045,0.04424399797934868,0.05550173185067512,0.06504257401429708,0.056011680362192215,0.026329008848292295,0.044019698754567106,0.042173901455123106,0.039821325969817314,0.04481705918030183,0.04038410552501986,0.04530786876886418,0.041771723885623495,0.04713409025575853,0.03808150216679904,0.043962493868149315,0.04182010526449563,0.04142229845909451,0.03518147369976171,0.02920293179666402,0.03968204862271644,0.037289346814932484,0.044752634335186656,0.03851315581572676
Mach ,0.039921499501191414,0.028953897969817323,0.029021109645750602,0.022352139259729942,0.02566708995393169,0.03468813270214456,0.03976087512152502,0.047207494779984115,0.03957968649245434,0.04303296343606036,0.03390589305321684,0.03491172671485306,0.04109173335822081,0.04836402185861796,0.04044544995869737,0.04165161926449563,0.04904329518347895,0.05506756231453536,0.058923322098490875,0.05235966583320095,0.05433622197140587,0.04497037583161238,0.05585150888006353,0.04299735929308974,0.06496285367752185,0.03995562671961874,0.043571229664813346,0.05606119472597297,0.06496576921525019,0.056961739291501196,0.02609842048451151,0.04405860581890388,0.041700532236695786,0.0399100121985703,0.04505377643685463,0.04085044154725972,0.046123086409849086,0.041792799369340744,0.047321905429706115,0.037737507540905484,0.04442348023034154,0.04189047428435267,0.04131355143764892,0.03541293893089753,0.029151515890389203,0.03961736048292295,0.03744417812549641,0.045112451575853835,0.03833261071167594
ElcEq,0.03531152393328038,0.025015298668784745,0.026001432648133434,0.01969141757585385,0.022411230366957895,0.03102291093884034,0.034140813397934865,0.041213537099285144,0.03430239895472596,0.03721887729626687,0.030679193108816512,0.031190178462271637,0.03754021333439238,0.04256378792692614,0.03515258562986497,0.036608603084988096,0.0421090127847498,0.047690250805401124,0.050707224600476566,0.045905634872120724,0.04497037583161238,0.04931855147895154,0.04854793896743446,0.037205342096902294,0.05608631752184273,0.03457451113582208,0.037429315844320896,0.04893283272438443,0.05697734212231931,0.04843093366799047,0.0222076636536934,0.038389083841143756,0.03614775205401111,0.03501576094360604,0.039561595205718815,0.036075263580619535,0.04028167544082605,0.036538152943606024,0.04090116245909452,0.03251537163145354,0.03847692223987292,0.0364529040381255,0.03542843685464654,0.030408060019062752,0.025495147510722783,0.03440938717077045,0.03296788222398729,0.0392470572867355,0.033523781823669586
Autos,0.0421601830341541,0.0312120677680699,0.030798708371723577,0.024181066656076246,0.02783000568705321,0.037980545194598876,0.0432434427640985,0.0511977428435266,0.04292778281175536,0.04744246827640985,0.03688662681493248,0.03754910363780778,0.04450253204130262,0.05212853356632247,0.043311815218427314,0.04500495640984908,0.052557360857823664,0.058884815980937255,0.06261392644956314,0.055146219984114384,0.05585150888006353,0.04854793896743446,0.06679203183478952,0.0462299556791104,0.06937068495631454,0.042687960571882455,0.044755234217633034,0.05927402659253375,0.06877631342335186,0.05992691313741064,0.027544706497220014,0.04720668819698174,0.045228317299443994,0.04270922249404288,0.04799801223193009,0.0438530741223193,0.04933425245432883,0.044529485909451945,0.050986445528196984,0.040123215726767275,0.04828386652899126,0.04489092152501986,0.04521612305003971,0.03849128482922955,0.031076997617156456,0.04257565286735502,0.04054416009531374,0.04802893334392375,0.04120297000794282
Aero ,0.03297909969817315,0.024394103637807783,0.023809795123113583,0.0198126634471803,0.022669283478951554,0.029051755202541694,0.03302167632247816,0.039947726640190626,0.033402031000794266,0.03680995201747418,0.0282803536536934,0.029143289396346302,0.03445489846703734,0.04008654681493248,0.03392243069896744,0.03464656660047657,0.040069316266878464,0.04493505490865767,0.047636008903891976,0.04301637259729945,0.04299735929308974,0.037205342096902294,0.0462299556791104,0.043905570889594916,0.05382987150119141,0.03543466945194598,0.03270777504368546,0.04425854325655282,0.05035534726767277,0.045011459793486884,0.02254392685464655,0.03674959065131057,0.03553873768864177,0.03351272980937251,0.03674202531374105,0.03394569043685465,0.03767039487688641,0.03457134928514694,0.039777232978554414,0.031923512541699756,0.03728759216044479,0.03454553326449564,0.03465573424940429,0.02991623403494837,0.02459226494837172,0.03360273906274822,0.03150089053216838,0.03753780335980937,0.03179596675933281
Ships,0.04889275548848293,0.03553445680698967,0.03410975275615567,0.02930918258935664,0.032318381318506756,0.0431266245274027,0.04947666390786338,0.06012025362986498,0.04933568173153295,0.054092582859412215,0.04301111194598887,0.04297236166799046,0.05093668465448768,0.05968614910246225,0.05075668970611596,0.05234432401906273,0.061165058363780764,0.0681810509451946,0.07216158867355042,0.06607615482128673,0.06496285367752185,0.05608631752184273,0.06937068495631454,0.05382987150119141,0.10355604590945193,0.05020031990468626,0.05231183523431294,0.06850688368546466,0.07910537351866562,0.0689431817633042,0.03291966190627483,0.05540524513105643,0.05231668627482129,0.04974148322478158,0.05519703588562351,0.05043380778395553,0.05623084551231136,0.05108087185067514,0.05934648934074662,0.04693446762509929,0.0568693934392375,0.0520925273709293,0.0523922175059571,0.04486891715647338,0.03655462994440032,0.049834515869737896,0.0447492431771247,0.05589397672756156,0.04777571861795074
Guns ,0.030757136235107226,0.023101139475774423,0.023584757521842734,0.018857883685464653,0.021629753455123107,0.028020616838760913,0.03126367958697378,0.03720215161239078,0.03140186907069102,0.034188122700556,0.026741777061159645,0.028500716918189038,0.033990716568705316,0.03751078656076251,0.031220837077045278,0.03335463275615567,0.037988051469420164,0.04261810856235107,0.04452675173947576,0.04027596867355045,0.03995562671961874,0.03457451113582208,0.042687960571882455,0.03543466945194598,0.05020031990468626,0.05379200076250993,0.03205901515488484,0.04204154973788721,0.046076798093725176,0.041590000349483715,0.020682134741858614,0.03463058239872914,0.03321142211278793,0.03139621753772836,0.03412317035742652,0.03195624651310564,0.035423110818109595,0.03264485181890389,0.03686043806195394,0.02911299647339157,0.03558893251787133,0.03242619224781572,0.03297310182684671,0.027631859539316916,0.022644499602859414,0.03160811602859412,0.0295773268943606,0.03500067926926133,0.03027785741064336
Gold ,0.034177146567116755,0.022187044555996824,0.02572079423034154,0.02070698887370929,0.023047487377283557,0.02593446097537728,0.031164857928514703,0.035851575307386814,0.030181881235901497,0.031387832727561564,0.028005298169976166,0.028833282665607616,0.034781715783955516,0.04378485836378078,0.0343969005019857,0.03240616390468625,0.041407394522637,0.04576566989356632,0.05758910267513899,0.04424399797934868,0.043571229664813346,0.037429315844320896,0.044755234217633034,0.03270777504368546,0.05231183523431294,0.03205901515488484,0.16734735001747417,0.08094254525814139,0.08073985308022237,0.059296696133439235,0.022651311977760123,0.0349848942366958,0.03267991905003971,0.03138030472756155,0.03647051983796665,0.0322699743542494,0.038500310992851464,0.034372969566322464,0.037466128152501985,0.03160409381731533,0.03372316808578235,0.034148539488482926,0.03156390020651311,0.026342282633836374,0.021350579193010324,0.030756274052422556,0.031786565559968234,0.03778759551707705,0.031964544911834786
Mines,0.0434029722319301,0.030084446258935662,0.031385242637013505,0.025273570389197777,0.027519298999205712,0.03553202945194599,0.041729486068308175,0.04840286525814137,0.04135693782366957,0.04481401181890388,0.03598559227958697,0.03686081118347895,0.04364120930897537,0.0554413893884035,0.042849027736298645,0.04399943332803812,0.0531370602700556,0.05912734046068307,0.06873212044479747,0.05550173185067512,0.05606119472597297,0.04893283272438443,0.05927402659253375,0.04425854325655282,0.06850688368546466,0.04204154973788721,0.08094254525814139,0.0934068266878475,0.08732219361397936,0.06808732613185067,0.027922970802223984,0.046752084257347094,0.0437102495313741,0.04202788117553614,0.04780631494837172,0.043021392533756954,0.04868236651310564,0.04395173461477363,0.05011034068308181,0.041063787736298644,0.04641299771247021,0.044601707037331205,0.042954446258935665,0.03668284250992851,0.029645398093725184,0.04138506929308975,0.04025473734710087,0.04818909817315328,0.04117188352660842
Coal ,0.048921768762509935,0.03380445838284354,0.03400800403812549,0.02683232184908657,0.029950662630659253,0.04134262979507545,0.04755619173788722,0.05421072480381253,0.045778228017474186,0.05050969508022239,0.040265567985702945,0.04109522194916601,0.04752607316759332,0.06256915167593328,0.047024035423351866,0.04801195132168387,0.06033101146624304,0.06796813319618743,0.08234514079586973,0.06504257401429708,0.06496576921525019,0.05697734212231931,0.06877631342335186,0.05035534726767277,0.07910537351866562,0.046076798093725176,0.08073985308022237,0.08732219361397936,0.16253433838125494,0.08337310027640984,0.0314244661556791,0.05319992002065131,0.04993404993328038,0.04738915712311359,0.054893075928514695,0.0479756840889595,0.05591022173947574,0.04901041542970612,0.05697810733598093,0.047567253005559966,0.054133113955520264,0.05067068352978554,0.048019076584590946,0.04059588989197777,0.033968169853852266,0.04686794269102463,0.04712733234312948,0.054606630686258935,0.04731725101350277
Oil  ,0.04285864712311359,0.03072844935345513,0.03066694476250993,0.02420967033518666,0.02875353319142176,0.037058726455917394,0.042506983758538515,0.04929167281334392,0.041737765191421757,0.04552770534074663,0.036684596930897526,0.03689256299920572,0.0442044336076251,0.05439382093725177,0.04238219478316123,0.04408488700238283,0.0526669818141382,0.059337267335980944,0.06557540439078634,0.056011680362192215,0.056961739291501196,0.04843093366799047,0.05992691313741064,0.045011459793486884,0.0689431817633042,0.041590000349483715,0.059296696133439235,0.06808732613185067,0.08337310027640984,0.07894009076409847,0.030151186719618733,0.047338734347895144,0.0444712803367752,0.042383521677521845,0.04828685268943606,0.04347540819062748,0.048949883208895956,0.04434004325972994,0.05031945050357426,0.04097405732803813,0.046703901922160444,0.045250827558379655,0.04360431501191421,0.03698330349166004,0.030701588517871317,0.04224650839714058,0.04067392028594123,0.0483545225861795,0.04151862276727561
Util ,0.020435900873709296,0.016131832660841942,0.015886229849086577,0.013290909896743447,0.016526084432088962,0.017585534900714853,0.020179585615567912,0.02500532254169976,0.020393466266878477,0.0218845838522637,0.01760511352660842,0.01821903570293884,0.020970312509928514,0.024303385448768866,0.021023471111993645,0.021147720818109606,0.02489051849086576,0.027862085599682285,0.029219066759332803,0.026329008848292295,0.02609842048451151,0.0222076636536934,0.027544706497220014,0.02254392685464655,0.03291966190627483,0.020682134741858614,0.022651311977760123,0.027922970802223984,0.0314244661556791,0.030151186719618733,0.020192805710881657,0.023142759674344714,0.021269403899920575,0.0204279481096108,0.02126550111993646,0.020091689992057182,0.022343168792692616,0.02062896529785544,0.024534325559968227,0.02066959740270056,0.02280754739475774,0.021557125416997617,0.02114046549642573,0.018323473685464654,0.015514697640984914,0.021798535536139797,0.019519833343923744,0.023296398181096106,0.020035989761715646
Telcm,0.034479117121525016,0.0254502463796664,0.024976417992057187,0.020166156619539317,0.023450290036536932,0.030382128876886415,0.03485494970135028,0.042172105753772844,0.03440742546624305,0.03720589016521049,0.030328005974582996,0.03108893564892772,0.03719744482446385,0.04104557728355838,0.03495221394281175,0.03625916386179508,0.04153885381096109,0.046792573663224785,0.04916094343606036,0.044019698754567106,0.04405860581890388,0.038389083841143756,0.04720668819698174,0.03674959065131057,0.05540524513105643,0.03463058239872914,0.0349848942366958,0.046752084257347094,0.05319992002065131,0.047338734347895144,0.023142759674344714,0.04301441286576648,0.036470445050039706,0.0347935774217633,0.03859766791262908,0.035803474379666404,0.03957287611596505,0.035699685145353446,0.04055772899761716,0.032196928293884035,0.038486840611596504,0.036054657960285945,0.03612827604447975,0.031153794981731528,0.025658731706115965,0.03458356433995234,0.032354672359015076,0.039201047928514685,0.033329901412231924
PerSv,0.03315586673232725,0.023937639135822083,0.023241211637807783,0.01858628252899126,0.021293742808578233,0.028618634198570296,0.03259383430818111,0.03976437895472598,0.032893362781572684,0.035242718695790314,0.02896018583161239,0.029189119826846695,0.0347337393121525,0.038449675138999204,0.033351759042096904,0.03381492748371724,0.039587204438443206,0.044364821542494035,0.04688085889277205,0.042173901455123106,0.041700532236695786,0.03614775205401111,0.045228317299443994,0.03553873768864177,0.05231668627482129,0.03321142211278793,0.03267991905003971,0.0437102495313741,0.04993404993328038,0.0444712803367752,0.021269403899920575,0.036470445050039706,0.04559257400953138,0.03331600064654488,0.03627802540270056,0.033887781734710076,0.03741556720413026,0.03402169127720413,0.03814676661477362,0.02955130017633042,0.03651726478951549,0.034134480517871324,0.03451135680698966,0.029137853186656074,0.02471183664654488,0.03252852090865766,0.030658727863383632,0.03686013701509133,0.03144229200794281
BusSv,0.03140306243685464,0.02291636347577443,0.022294876565528195,0.017951445045274024,0.020627163612390788,0.02699842135663225,0.03111402694360604,0.03786844123272439,0.030641015509134242,0.033301636961080225,0.027118297272438443,0.028039593841143764,0.03322280457664813,0.037143738872120725,0.03157185782525815,0.03229399778077839,0.037805939447180296,0.04214629454011119,0.04437554784590945,0.039821325969817314,0.0399100121985703,0.03501576094360604,0.04270922249404288,0.03351272980937251,0.04974148322478158,0.03139621753772836,0.03138030472756155,0.04202788117553614,0.04738915712311359,0.042383521677521845,0.0204279481096108,0.0347935774217633,0.03331600064654488,0.0332979369197776,0.03475970774106433,0.03231019197140587,0.03544687522637013,0.032453139741064334,0.03670397930420969,0.02918867195075457,0.0347193345274027,0.03255162369817315,0.03219661577442415,0.027811401164416195,0.023353853370929302,0.03116335135186656,0.02906428141382049,0.035324592633836374,0.029784397215250197
Hardw,0.03382404402223987,0.02492073573312152,0.025179215208895947,0.019000375930103258,0.0219012380969023,0.030239367707704527,0.034327304135027804,0.04031771921842733,0.03394481791739476,0.03779631382208102,0.029799331992057188,0.03120589340587767,0.037275642085782365,0.041738373121525014,0.03494760882128673,0.0356275775361398,0.04116837084352661,0.04631413955361398,0.04969807252899126,0.04481705918030183,0.04505377643685463,0.039561595205718815,0.04799801223193009,0.03674202531374105,0.05519703588562351,0.03412317035742652,0.03647051983796665,0.04780631494837172,0.054893075928514695,0.04828685268943606,0.02126550111993646,0.03859766791262908,0.03627802540270056,0.03475970774106433,0.047333292548054004,0.03763719157744242,0.04219871811755362,0.03721953110563939,0.04057087449722001,0.03219384277839555,0.0380312790548054,0.03609138937887211,0.035848478649721995,0.030861586003177132,0.025083961272438445,0.0334726965655282,0.03215876821286735,0.039135557552025406,0.033256934568705335
Softw,0.03161738748848292,0.02322686371405877,0.02319659591421763,0.018066386713264496,0.02039356229388403,0.027836291062748212,0.03199317446544877,0.03747608336139794,0.03157180797140587,0.034644282703733126,0.02765273778872121,0.02889195631135822,0.034970636196981736,0.03803497572676726,0.03203221551389992,0.03297978242732328,0.038065509343923755,0.04258088361874503,0.04502724532803814,0.04038410552501986,0.04085044154725972,0.036075263580619535,0.0438530741223193,0.03394569043685465,0.05043380778395553,0.03195624651310564,0.0322699743542494,0.043021392533756954,0.0479756840889595,0.04347540819062748,0.020091689992057182,0.035803474379666404,0.033887781734710076,0.03231019197140587,0.03763719157744242,0.036261480851469415,0.037544095996822874,0.03365913735027799,0.03737717085305799,0.02938795500873708,0.035166918586179506,0.03295170635107229,0.03324974309769659,0.028592148845115167,0.02331029541223192,0.031169102805401114,0.0297656709451946,0.03603998614455918,0.030482260749801423
Chips,0.03495515475774425,0.025495066465448767,0.025984094249404295,0.020089873677521845,0.02236009348689436,0.03083199774424145,0.0352719396743447,0.04162812791104051,0.03475933841938046,0.03816314023034155,0.030466753177124693,0.03134035055599683,0.03777537853057982,0.04255221531374106,0.03581454650516282,0.036461502390786334,0.04238896370135029,0.04749431139793486,0.051174030667196176,0.04530786876886418,0.046123086409849086,0.04028167544082605,0.04933425245432883,0.03767039487688641,0.05623084551231136,0.035423110818109595,0.038500310992851464,0.04868236651310564,0.05591022173947574,0.048949883208895956,0.022343168792692616,0.03957287611596505,0.03741556720413026,0.03544687522637013,0.04219871811755362,0.037544095996822874,0.045114972319301026,0.03800920758538523,0.041312521810961074,0.032737545583796664,0.03931539419380461,0.03687345145353455,0.03683396954725973,0.031246888808578233,0.02597740582208101,0.034654368133439244,0.03300131070691024,0.040204650095313745,0.03383772707704526
LabEq,0.03223395486576648,0.023349065251787128,0.02342130669737887,0.01877232662748213,0.020738998185861793,0.027779215580619538,0.031773296230341544,0.037704228009531375,0.03181192545035743,0.034396905351866555,0.02816540448133439,0.029437089262907074,0.03489343986814932,0.038793930452740266,0.032587356341540905,0.03369878546624305,0.03873599976806989,0.043407830692613183,0.04619148681969817,0.041771723885623495,0.041792799369340744,0.036538152943606024,0.044529485909451945,0.03457134928514694,0.05108087185067514,0.03264485181890389,0.034372969566322464,0.04395173461477363,0.04901041542970612,0.04434004325972994,0.02062896529785544,0.035699685145353446,0.03402169127720413,0.032453139741064334,0.03721953110563939,0.03365913735027799,0.03800920758538523,0.037602860014297065,0.03761584165845908,0.029823020081016668,0.0353586225655282,0.0335645560381255,0.033107187752184276,0.02858143841302621,0.023818600840349473,0.0318634899952343,0.029511573582208104,0.036407582797458295,0.030800880983320095
Paper,0.036428608718030185,0.02669807224146148,0.026716282249404283,0.020113333140587768,0.023937673213661644,0.032252911783955514,0.036426737366163614,0.04434210378395552,0.0360855509070691,0.0396083231517077,0.031350403043685464,0.03230557880222398,0.037563045864972194,0.04398661124702146,0.037152434046068314,0.03900045600635424,0.044648761880857826,0.04981773775377283,0.05288276766957903,0.04713409025575853,0.047321905429706115,0.04090116245909452,0.050986445528196984,0.039777232978554414,0.05934648934074662,0.03686043806195394,0.037466128152501985,0.05011034068308181,0.05697810733598093,0.05031945050357426,0.024534325559968227,0.04055772899761716,0.03814676661477362,0.03670397930420969,0.04057087449722001,0.03737717085305799,0.041312521810961074,0.03761584165845908,0.05418470790150913,0.036748644092136615,0.040914647275615564,0.038168541629864966,0.03817920069896742,0.03255165857982526,0.027027437591739475,0.03714161742970611,0.0344119551389992,0.04139740066084193,0.034651428346306586
