,Agric,Food ,Soda ,Beer ,Smoke,Toys ,Fun  ,Books,Hshld,Clths,Hlth ,MedEq,Drugs,Chems,Rubbr,Txtls,BldMt,Cnstr,Steel,FabPr,Mach ,ElcEq,Autos,Aero ,Ships,Guns ,Gold ,Mines,Coal ,Oil  ,Util ,Telcm,PerSv,BusSv,Hardw,Softw,Chips,LabEq,Paper,Boxes,Trans,Whlsl,Rtail,Meals,Banks,Insur,RlEst,Fin  ,Other
Agric,0.054715952667196185,0.02270486873709293,0.02185591612708499,0.018183157204130256,0.02118550355202542,0.026092534525814125,0.030475154573471008,0.038078723002382846,0.03081606917553615,0.03233027592057189,0.02760884367593328,0.027665642112787936,0.03255160507069102,0.036619598738681494,0.03183091876409849,0.031649824635424935,0.03700280757744242,0.041524588870532175,0.04475749425575853,0.04114113645750596,0.039689508257347086,0.035017161038919775,0.041877958290706896,0.03261615846544876,0.048347642227164415,0.031849328022239866,0.03424483690548053,0.043319866166799045,0.048600716994440026,0.0424317719364575,0.020311442598888004,0.03421074668467037,0.03304907868467038,0.0310955658776807,0.03341808212549642,0.031268728546465445,0.034531194945194604,0.03183583290548053,0.03614920341540906,0.028961479132644956,0.0343610796791104,0.031900536057188233,0.0312944414297061,0.026812344806989675,0.023152385372517872,0.03043662757426529,0.028914307297855435,0.03485138825416996,0.02974365680381253
Food ,0.02270486873709293,0.021970165138999204,0.01809538791898332,0.014248381239078633,0.017052749428117554,0.019651209197776014,0.022634246687847494,0.02736905497220016,0.022796275782366957,0.02446522084193805,0.01979702042096902,0.020185026362192215,0.023936743415409047,0.026890038800635417,0.022913204583002382,0.024057223034154092,0.027365181898332,0.030418972541699767,0.03205203762509929,0.02872744055599682,0.029008649737887207,0.0249072571644162,0.03117857590150913,0.024326384154090542,0.03539444532962669,0.022972145361397932,0.022339381667990467,0.030269858697378863,0.03405824535345512,0.03077081478157266,0.01614247448768864,0.02543592774424146,0.02401676892772042,0.022838017410643365,0.02477355305003971,0.02309246335186656,0.025453661818903885,0.023223735035742647,0.026628843502779977,0.02163452575853853,0.025340657132644953,0.02372745131056394,0.0236115703415409,0.02071516260524225,0.016836154027005557,0.02322395420969023,0.021722664209690226,0.02557317567116759,0.02201911598888006
Soda ,0.02185591612708499,0.01809538791898332,0.0441316179364575,0.013743869023034152,0.0172009148101668,0.019901401210484507,0.022118163212073074,0.026993829364575055,0.022197026454328826,0.02458820850833995,0.018831505682287527,0.02079806728355838,0.024991525839555204,0.026619190489277196,0.02184924346465449,0.02407356699602859,0.02666248610802224,0.030124197564733918,0.031474376516282765,0.02841358660841939,0.029007003803018263,0.02600959319618745,0.03065704391104051,0.023738074880063544,0.03384443788880063,0.023696863200953135,0.025683056673550433,0.03149026485464655,0.03394512847339156,0.03053767433995234,0.015740328733915804,0.02478101381890389,0.023198116689436058,0.022180589928514686,0.025088510673550432,0.023053131278792695,0.025928912754567112,0.023317885015091334,0.026617771572676724,0.020959133180301827,0.024794338918189045,0.02319700597934869,0.02298027016679905,0.02054376512787927,0.01649916386973788,0.022403816487688643,0.02138529180619539,0.02488986029070691,0.021917322190627482
Beer ,0.018183157204130256,0.014248381239078633,0.013743869023034152,0.028990632470214453,0.014864677728355832,0.01478978976965846,0.017506190087370928,0.02001565914217633,0.017422072486100077,0.018613996155679102,0.015986646338363778,0.016538168594122323,0.019147349324860997,0.021119346227164413,0.018607128244638595,0.018669120794281173,0.02157467207307387,0.023552910548054008,0.025463308133439236,0.022727375790309774,0.022216875202541696,0.01963373278792692,0.024280170230341538,0.019673169833200947,0.029122589086576653,0.018669378411437648,0.020399625194598883,0.02516578957903097,0.026169269610802223,0.023992498697378867,0.013101421254964257,0.02003588967434472,0.018414608482922958,0.017788579634630656,0.018934856473391583,0.017950237744241457,0.020030626481334395,0.018665043669579027,0.01997870826052422,0.017147328498808574,0.019728650754567117,0.01869487034154091,0.01786139084988085,0.015647069801429707,0.012906520285941223,0.01841052325655282,0.015858996664019062,0.020122496791104054,0.017108068864177917
Smoke,0.02118550355202542,0.017052749428117554,0.0172009148101668,0.014864677728355832,0.03837345311993646,0.018432398262112785,0.02032452706274821,0.024765489682287523,0.020790120506751386,0.0228575216330421,0.018180465164416196,0.01926215965845909,0.02251217408737092,0.024926529434471798,0.021576404579825258,0.022196604117553607,0.024265578546465445,0.027105121463065922,0.029168410057188243,0.02591993857029389,0.025880764451151703,0.022445986768864175,0.028049734814932486,0.022697523480540112,0.03248099925814138,0.022080115512311357,0.02343061300714853,0.027886830401906277,0.03081075939952342,0.029001428071485303,0.016586525677521842,0.023619291877680703,0.021485335167593322,0.02062300517871326,0.021880852465448766,0.02038267024622716,0.02241881143288324,0.020698798460683086,0.024097496640190622,0.02088174835742653,0.022950421615567915,0.021934988263701348,0.022037071882446392,0.018962358449563146,0.015216533896743448,0.02171933686576648,0.020291424330420967,0.02300267628117553,0.020030054133439237
Toys ,0.026092534525814125,0.019651209197776014,0.019901401210484507,0.01478978976965846,0.018432398262112785,0.046775801245432895,0.028085959815726768,0.03377684853057982,0.027776256625893565,0.030651134983320085,0.02335319045909452,0.02388413634630659,0.028757234522637024,0.03201568226528992,0.02782872928038126,0.02971324538204924,0.03281047747418585,0.037972330760921366,0.03776799360444797,0.0344279568228753,0.03461379705798253,0.030821039640984906,0.03780037783002383,0.028934331523431292,0.04281799132962668,0.028204070961080224,0.025792801798252572,0.03550300373629865,0.040927479980937244,0.036768348870532166,0.0175152917172359,0.030168652101667984,0.028674923704527403,0.02683917235901509,0.029964915231135817,0.027651263828435267,0.030658147669579035,0.027616391857029382,0.032132333137410644,0.024522045200953132,0.02969257365845909,0.027833541998411433,0.02910413480540111,0.024960667793486904,0.0199842698522637,0.026356518821286735,0.027285541197776014,0.029591363631453527,0.026315733944400316
Fun  ,0.030475154573471008,0.022634246687847494,0.022118163212073074,0.017506190087370928,0.02032452706274821,0.028085959815726768,0.03792020677362985,0.03725831737887213,0.0314826764511517,0.03450909685782366,0.026727177559968236,0.027411082398729154,0.032785946135027805,0.036825607444003164,0.03126891113899921,0.0328317508308181,0.037763162621127874,0.042657788044479755,0.04457266035583798,0.03949032724384431,0.03989611203812549,0.03413163554249404,0.04331062459729943,0.033000709696584585,0.049368252838760916,0.0315153331691819,0.03149042194122318,0.04206456754884829,0.04790315712152503,0.042528687011914215,0.020225899215250198,0.0348207827132645,0.03280212726290705,0.031056245242255764,0.034222367494837175,0.031943665830023824,0.03528881302303416,0.03172070725019857,0.036506848975377273,0.028651960022239877,0.034761531974583,0.03223143839237489,0.03306309083399522,0.0288039669197776,0.02317220017791898,0.031160603809372515,0.02942935686100081,0.03528563267037331,0.030299420044479743
Books,0.038078723002382846,0.02736905497220016,0.026993829364575055,0.02001565914217633,0.024765489682287523,0.03377684853057982,0.03725831737887213,0.06681861451151706,0.03771553524225575,0.04070585938046067,0.032924263391580624,0.03302777541699762,0.038830388117553606,0.04353934404289119,0.038291027220015886,0.039800494392374895,0.045101412255758526,0.05182773938840349,0.05267551595710882,0.04759901018268468,0.047637343177124716,0.04129290677521843,0.05170575289912629,0.04011444990468627,0.06051590024622716,0.03861366003971405,0.03664110659253375,0.04903446730738681,0.05537482095313742,0.049829718594122316,0.025205946354249407,0.04248240753772837,0.04006141048451152,0.037964958633836386,0.04034117111199365,0.03756339374106434,0.041745476322478166,0.037730618578236695,0.04473099643367752,0.03435976933280381,0.041895218768864186,0.038574201588562354,0.0392958653375695,0.0337143322319301,0.02860577934868943,0.03854857166799046,0.034637101254964255,0.04252980853852263,0.036154698403494834
Hshld,0.03081606917553615,0.022796275782366957,0.022197026454328826,0.017422072486100077,0.020790120506751386,0.027776256625893565,0.0314826764511517,0.03771553524225575,0.03760099358061954,0.034954615358220816,0.02712238573629865,0.027343815830023828,0.03188574596981731,0.036875469323272445,0.03180682516759334,0.03367718076568705,0.037884229793486886,0.042838374076251004,0.04416984735663226,0.03966764992851468,0.03984051552343129,0.03437524008101667,0.043097618214455895,0.033486361065925334,0.04938163776489278,0.03165601054011118,0.030430456978554406,0.04189288914694201,0.046528813918983315,0.04202492525972994,0.020497656003177128,0.03452716285464655,0.03318483076727561,0.03071567752184273,0.03394135781890389,0.03160674204924543,0.03491909569023034,0.03180686924702144,0.036262322120730744,0.028913604115965053,0.034397461806195385,0.0322849333629865,0.033341754710087365,0.02872910456552821,0.02288473030659252,0.03089753797776013,0.029467866617950755,0.03439984053852263,0.030209890447974574
Clths,0.03233027592057189,0.02446522084193805,0.02458820850833995,0.018613996155679102,0.0228575216330421,0.030651134983320085,0.03450909685782366,0.04070585938046067,0.034954615358220816,0.048482870811755355,0.0288149342525814,0.029387557744241462,0.034704166760921376,0.04039342215726766,0.034146834433677525,0.03680859711517076,0.03993614077839555,0.04503551029706116,0.04792541415726768,0.04326080282764098,0.04318057652740269,0.037075061623510715,0.04749978178236695,0.03679676961397933,0.053974237038919765,0.03456084924543287,0.03155406868308181,0.04524988209054805,0.050863915558379665,0.04560581063065925,0.02193031747100874,0.03726078513741064,0.03540392326608419,0.03322865166004765,0.03767696629706114,0.03457410662430501,0.038133417131056384,0.034328174125496415,0.0397033077045274,0.031591951663224774,0.03766185058617951,0.03497397906910245,0.038863435138999196,0.03192157990150913,0.024127348460683082,0.03302940690071484,0.03263545326767275,0.03728174428594123,0.03236718418427323
Hlth ,0.02760884367593328,0.01979702042096902,0.018831505682287527,0.015986646338363778,0.018180465164416196,0.02335319045909452,0.026727177559968236,0.032924263391580624,0.02712238573629865,0.0288149342525814,0.03211349334233518,0.02521382852263701,0.029755572695790312,0.031859730581413816,0.027203148462271638,0.027972245318506745,0.03206868207307387,0.036929352881652104,0.0384859883542494,0.03487084141382049,0.03400420463542494,0.030586129100873705,0.036937449426529,0.028284878521048454,0.0430003583590151,0.026587838292295475,0.02800002740587768,0.0362039357299444,0.04082793648610008,0.036750416821286734,0.017607302725972995,0.03028379523907862,0.029043741274027007,0.027053439269261317,0.029739384643367752,0.027575082128673538,0.030457994730738683,0.028107832961080218,0.031370645694996015,0.024872859045274028,0.029760411045274025,0.027990563189833204,0.027787227212073065,0.02408523408419381,0.02006952335504368,0.027518044865766478,0.02554078488324068,0.030250259509134233,0.02598968635901509
MedEq,0.027665642112787936,0.020185026362192215,0.02079806728355838,0.016538168594122323,0.01926215965845909,0.02388413634630659,0.027411082398729154,0.03302777541699762,0.027343815830023828,0.029387557744241462,0.02521382852263701,0.029637650571882442,0.03164481296266878,0.032826403884034946,0.028049068030182686,0.029095253534551228,0.03297456442414615,0.037101185409054806,0.039113978657664805,0.03522972548054012,0.035046521223192996,0.031173937640984913,0.03758649205718824,0.02922566888800636,0.04293550213661636,0.02849610434471803,0.02855150195393169,0.03700966320889596,0.04115259448768865,0.03694745293884035,0.018206463177124706,0.03106593034948371,0.029387248641779183,0.028052461286735504,0.03115221309769658,0.028879573343923746,0.031425079356632246,0.029406778498808576,0.03234337312946784,0.02536868239078634,0.03049279632247815,0.02864969613979348,0.028602457648927715,0.02456258710087371,0.020551931088165214,0.02772372491660048,0.025412532994440035,0.031103982311358216,0.02676781886417792
Drugs,0.03255160507069102,0.023936743415409047,0.024991525839555204,0.019147349324860997,0.02251217408737092,0.028757234522637024,0.032785946135027805,0.038830388117553606,0.03188574596981731,0.034704166760921376,0.029755572695790312,0.03164481296266878,0.04538502356791104,0.038958357852263696,0.03248466051787132,0.034010334144559166,0.038810458109610806,0.0440164624813344,0.04494645126608419,0.040990448196981735,0.0409988319364575,0.037191802433677514,0.04423466340270056,0.034269242814932495,0.05049301848451152,0.033804855472597296,0.034381282440031774,0.04362788987450358,0.04743157808419379,0.043884606468625895,0.020880645191421764,0.0369705701096108,0.03470999967593328,0.032979499062748226,0.03691375333439237,0.034650301000794276,0.03757384639237491,0.034670219018268465,0.037365477712470216,0.029261702227164413,0.035658069903097694,0.03363029608260523,0.03376342494042891,0.029271354579825264,0.02385960990627482,0.03213223994281176,0.029804207612390783,0.03620842822557586,0.032098234605242255
Chems,0.036619598738681494,0.026890038800635417,0.026619190489277196,0.021119346227164413,0.024926529434471798,0.03201568226528992,0.036825607444003164,0.04353934404289119,0.036875469323272445,0.04039342215726766,0.031859730581413816,0.032826403884034946,0.038958357852263696,0.051222881173947576,0.037769587550436856,0.03897184227482128,0.04538484663224782,0.051171661320095305,0.055698426006354246,0.04899184846703732,0.048428631011914205,0.042358700414614765,0.05214613274980141,0.040073934378077845,0.059452372919777605,0.037381740325655284,0.04373994476250993,0.05558877502462273,0.06294901518983319,0.054338064989674334,0.02436045898967434,0.04097342661953931,0.038567446112787944,0.03704837289912629,0.041524788033359794,0.03790436120730737,0.042465956246227156,0.03865394972359013,0.04401582598093725,0.03574798657823668,0.0412992035694996,0.03880084901032564,0.038340758459094515,0.0328457093629865,0.02681522444479745,0.03695960126608418,0.03540386671326449,0.04181004009372518,0.03624480746147736
Rubbr,0.03183091876409849,0.022913204583002382,0.02184924346465449,0.018607128244638595,0.021576404579825258,0.02782872928038126,0.03126891113899921,0.038291027220015886,0.03180682516759334,0.034146834433677525,0.027203148462271638,0.028049068030182686,0.03248466051787132,0.037769587550436856,0.041634794362192216,0.033548111968228746,0.039455237005559966,0.04375575707227958,0.04573953252899127,0.040853456473391586,0.0407503577347101,0.035182629018268456,0.043572844482922944,0.034079830320889584,0.05102716924702144,0.03141532285146942,0.034545209874503574,0.04332375883399523,0.0478635192279587,0.04286765653216839,0.021217436819698173,0.03513441501032565,0.03350885438602066,0.031646044765687054,0.034921454644956315,0.03204354014297061,0.03591043906115965,0.0325731071437649,0.037394046886417794,0.029907499931691818,0.03516043945830025,0.03274560594757744,0.03300835467831613,0.028094786128673544,0.023730606856235105,0.0318928507847498,0.03033583687370928,0.03594314084670374,0.030601949243844323
Txtls,0.031649824635424935,0.024057223034154092,0.02407356699602859,0.018669120794281173,0.022196604117553607,0.02971324538204924,0.0328317508308181,0.039800494392374895,0.03367718076568705,0.03680859711517076,0.027972245318506745,0.029095253534551228,0.034010334144559166,0.03897184227482128,0.033548111968228746,0.05436253009690231,0.040541472088959495,0.04643972328514695,0.04713714218903892,0.04223287034154089,0.04192086649086576,0.03654474282446385,0.045276213356632254,0.03476013221286734,0.052475106630659255,0.03430825922160445,0.032590217067513895,0.044277090077839545,0.048501152527402704,0.04422983867831612,0.02135681555520255,0.036419847015091336,0.03406718796505163,0.03225283320095313,0.03552226728514694,0.03298167345512311,0.03643198763463067,0.03370162606513105,0.0392190053375695,0.03108259083081811,0.03635134156632247,0.0336052671898332,0.034753753486894357,0.02947536103574265,0.02379197833836378,0.033041797579030974,0.03187862425416998,0.0361351706624305,0.031674129429706106
BldMt,0.03700280757744242,0.027365181898332,0.02666248610802224,0.02157467207307387,0.024265578546465445,0.03281047747418585,0.037763162621127874,0.045101412255758526,0.037884229793486886,0.03993614077839555,0.03206868207307387,0.03297456442414615,0.038810458109610806,0.04538484663224782,0.039455237005559966,0.040541472088959495,0.052748847839555205,0.054794580881652094,0.05559160841143765,0.04927308252581413,0.049129081953931696,0.041912603073868154,0.052620351723590156,0.04007339684670372,0.06107114586973789,0.03805944084988085,0.04161082862589357,0.05328161529785543,0.06062219534551231,0.05266390957108815,0.02492903096108022,0.04149066234312947,0.03963255355043685,0.03769066036536933,0.040951665917394756,0.037904584241461474,0.04228488451945989,0.03861050518665607,0.044657964757744244,0.035845628490865755,0.0420699422954726,0.03945533718824465,0.039233952486100065,0.03360733741064337,0.028218119491660042,0.03777418231135822,0.036532393550436845,0.04270457857823668,0.036805026155679106
Cnstr,0.041524588870532175,0.030418972541699767,0.030124197564733918,0.023552910548054008,0.027105121463065922,0.037972330760921366,0.042657788044479755,0.05182773938840349,0.042838374076251004,0.04503551029706116,0.036929352881652104,0.037101185409054806,0.0440164624813344,0.051171661320095305,0.04375575707227958,0.04643972328514695,0.054794580881652094,0.07335473763145355,0.062173257965051625,0.05445113876092134,0.055350469830023834,0.04760202072915011,0.05904437250833995,0.04509136204765688,0.06824990959015091,0.043045561310563946,0.04576646537251787,0.05950658837490071,0.06852130496902305,0.059504008465448774,0.027998736657664808,0.04688363152184273,0.0446872896457506,0.042183968482922954,0.04619217898808578,0.04254495240667195,0.04755510605718825,0.043407678266878476,0.050008151938046065,0.039319004049245425,0.04766844948848291,0.0438784812200159,0.04436725453534552,0.03824112510881653,0.031715099494837175,0.04290714091024623,0.04229981188880063,0.04785536448133438,0.040709179734710076
Steel,0.04475749425575853,0.03205203762509929,0.031474376516282765,0.025463308133439236,0.029168410057188243,0.03776799360444797,0.04457266035583798,0.05267551595710882,0.04416984735663226,0.04792541415726768,0.0384859883542494,0.039113978657664805,0.04494645126608419,0.055698426006354246,0.04573953252899127,0.04713714218903892,0.05559160841143765,0.062173257965051625,0.07447663653534552,0.058874229531374105,0.05916654798729152,0.0506021030007943,0.06288687128514694,0.047737894549642584,0.0721625163415409,0.04454296428117553,0.05766646051151706,0.06901754287847497,0.08288825667672753,0.06572558462112786,0.029341791844320883,0.04930453355520254,0.04707817260047656,0.04435576956314535,0.0496572216409849,0.045032517712470216,0.051236872077839564,0.046179721586973796,0.05308040351866561,0.04364663402541697,0.050082690743447164,0.047007152578236705,0.04614941523431294,0.03922567014455918,0.032700051901509146,0.044685049075456694,0.043368501038919774,0.05078911830182684,0.04323010686735505
FabPr,0.04114113645750596,0.02872744055599682,0.02841358660841939,0.022727375790309774,0.02591993857029389,0.0344279568228753,0.03949032724384431,0.04759901018268468,0.03966764992851468,0.04326080282764098,0.03487084141382049,0.03522972548054012,0.040990448196981735,0.04899184846703732,0.040853456473391586,0.04223287034154089,0.04927308252581413,0.05445113876092134,0.058874229531374105,0.08282153051628277,0.052523553931691794,0.04586940405083399,0.0552436737092931,0.043083479475774414,0.06600109634630659,0.04061830441620331,0.04412833658459094,0.055581965051628296,0.06510172813343923,0.05607563566322478,0.026407490135027793,0.04403673783955521,0.0423098595393169,0.039824681175536135,0.044830815869737896,0.040417112216044465,0.04532053863383638,0.041729556552819715,0.04715847722001589,0.03818823016679905,0.043997812470214455,0.041768522478157266,0.041539484702144566,0.03531472651310563,0.029256403463065933,0.03984458206513106,0.03750826942017473,0.04487801380460683,0.038701574725972986
Mach ,0.039689508257347086,0.029008649737887207,0.029007003803018263,0.022216875202541696,0.025880764451151703,0.03461379705798253,0.03989611203812549,0.047637343177124716,0.03984051552343129,0.04318057652740269,0.03400420463542494,0.035046521223192996,0.0409988319364575,0.048428631011914205,0.0407503577347101,0.04192086649086576,0.049129081953931696,0.055350469830023834,0.05916654798729152,0.052523553931691794,0.05458741883399523,0.04493363926608418,0.0560360667640985,0.04311451342017474,0.06494279779825259,0.04033655880857823,0.04361654548689437,0.056437399911040506,0.06540163964416201,0.05710721254646546,0.026202967644162033,0.044178074354249405,0.0419582261223193,0.039941584813343915,0.04496351695949166,0.04085090592533756,0.0461892061096108,0.041759026112787916,0.04748303537728356,0.0379365731818904,0.044508056339952334,0.04184808339316918,0.04147948765687052,0.03559119118665608,0.029246088362192217,0.03984628776171565,0.03775753170452741,0.04527450888324068,0.03864266374265289
ElcEq,0.035017161038919775,0.0249072571644162,0.02600959319618745,0.01963373278792692,0.022445986768864175,0.030821039640984906,0.03413163554249404,0.04129290677521843,0.03437524008101667,0.037075061623510715,0.030586129100873705,0.031173937640984913,0.037191802433677514,0.042358700414614765,0.035182629018268456,0.03654474282446385,0.041912603073868154,0.04760202072915011,0.0506021030007943,0.04586940405083399,0.04493363926608418,0.049110721237490086,0.04844890499444003,0.0371268585528197,0.05586768568228753,0.034815156020651314,0.0371840422748213,0.048987017572676705,0.05661067977442414,0.04813270532009531,0.022133314195393168,0.038200545024622716,0.03615705733439238,0.034888706306592535,0.03931320229229548,0.03592433146942017,0.040124211013502775,0.03637562341382049,0.04083585848292295,0.03245032489118348,0.03829706898014298,0.03622439369023034,0.035315994138204916,0.03039741076409849,0.02541784001906275,0.03436772866243049,0.03299642373947577,0.03911240284511517,0.033593434015885625
Autos,0.041877958290706896,0.03117857590150913,0.03065704391104051,0.024280170230341538,0.028049734814932486,0.03780037783002383,0.04331062459729943,0.05170575289912629,0.043097618214455895,0.04749978178236695,0.036937449426529,0.03758649205718824,0.04423466340270056,0.05214613274980141,0.043572844482922944,0.045276213356632254,0.052620351723590156,0.05904437250833995,0.06288687128514694,0.0552436737092931,0.0560360667640985,0.04844890499444003,0.06705039142811757,0.04624462953772834,0.06946408298967434,0.043013784479745826,0.044996982417791896,0.05964182702462271,0.06951805945671168,0.06014160748848292,0.0276445637426529,0.04726874687529785,0.04530724824781573,0.04263869594916601,0.04788566357108816,0.04380764616362192,0.04931281302303416,0.04440458867990468,0.05108968150913423,0.0403044615313741,0.0482500270341541,0.04476358539793487,0.04528848438443209,0.038553825410643366,0.031152390646544872,0.04275868990945194,0.0409794394344718,0.048161864346306586,0.04153170452422557
Aero ,0.03261615846544876,0.024326384154090542,0.023738074880063544,0.019673169833200947,0.022697523480540112,0.028934331523431292,0.033000709696584585,0.04011444990468627,0.033486361065925334,0.03679676961397933,0.028284878521048454,0.02922566888800636,0.034269242814932495,0.040073934378077845,0.034079830320889584,0.03476013221286734,0.04007339684670372,0.04509136204765688,0.047737894549642584,0.043083479475774414,0.04311451342017474,0.0371268585528197,0.04624462953772834,0.043913174867355055,0.053631805809372504,0.035448781342335194,0.03265610854964258,0.04441288947100873,0.05056024104527403,0.044999772611596496,0.022562974783161237,0.03668574740746623,0.035625579812549636,0.03344770494042891,0.036593285151707684,0.03382841985702939,0.0376633546830818,0.034479633517077043,0.03977866629864972,0.031918366638602064,0.037242271077045266,0.034443923475774414,0.03464770060365369,0.029910392305003978,0.024611091615567907,0.03365038550119142,0.03156467015726767,0.03752243251945989,0.03195820596187451
Ships,0.048347642227164415,0.03539444532962669,0.03384443788880063,0.029122589086576653,0.03248099925814138,0.04281799132962668,0.049368252838760916,0.06051590024622716,0.04938163776489278,0.053974237038919765,0.0430003583590151,0.04293550213661636,0.05049301848451152,0.059452372919777605,0.05102716924702144,0.052475106630659255,0.06107114586973789,0.06824990959015091,0.0721625163415409,0.06600109634630659,0.06494279779825259,0.05586768568228753,0.06946408298967434,0.053631805809372504,0.10330425590309768,0.05022732334392374,0.05226071141540906,0.06860026402859412,0.07939870076886417,0.06866121985226369,0.03297506703415409,0.05524596336616361,0.052330709223193,0.04947815609213661,0.05484785481969817,0.05020204908657664,0.055968793580619534,0.0507737616791104,0.05931474383637809,0.04696965013026212,0.0566302597124702,0.051762265105639395,0.05233065440826054,0.04486333869420174,0.036612792432088974,0.04991734741699762,0.045067152584590944,0.055839837542494046,0.04798784381096108
Guns ,0.031849328022239866,0.022972145361397932,0.023696863200953135,0.018669378411437648,0.022080115512311357,0.028204070961080224,0.0315153331691819,0.03861366003971405,0.03165601054011118,0.03456084924543287,0.026587838292295475,0.02849610434471803,0.033804855472597296,0.037381740325655284,0.03141532285146942,0.03430825922160445,0.03805944084988085,0.043045561310563946,0.04454296428117553,0.04061830441620331,0.04033655880857823,0.034815156020651314,0.043013784479745826,0.035448781342335194,0.05022732334392374,0.05885365597299443,0.03293987898332009,0.042514805131056405,0.04623415166004765,0.041708338800635424,0.020910434805401116,0.034846533923749014,0.03359717042096901,0.03145579291501192,0.033755061564733915,0.03187525315329627,0.035205940945194594,0.0323748248054011,0.037286334829229544,0.02964399058776807,0.03554754416997617,0.03248850853057982,0.033161385559968226,0.02785299844320889,0.02267525445591739,0.03159431057188244,0.030066356409849088,0.035113958498808585,0.03051986005559967
Gold ,0.03424483690548053,0.022339381667990467,0.025683056673550433,0.020399625194598883,0.02343061300714853,0.025792801798252572,0.03149042194122318,0.03664110659253375,0.030430456978554406,0.03155406868308181,0.02800002740587768,0.02855150195393169,0.034381282440031774,0.04373994476250993,0.034545209874503574,0.032590217067513895,0.04161082862589357,0.04576646537251787,0.05766646051151706,0.04412833658459094,0.04361654548689437,0.0371840422748213,0.044996982417791896,0.03265610854964258,0.05226071141540906,0.03293987898332009,0.16706971872279588,0.08128108736457504,0.0812594776235107,0.05935507661953931,0.022611282713264496,0.035301467424940426,0.03258828777760127,0.03134143100873708,0.03631390326290706,0.03231513369340746,0.03839285039555202,0.03409779871644161,0.03775088559173948,0.03188566473709293,0.03386503886258935,0.03383303298490867,0.03182521267672757,0.02655781497696584,0.021315919104050823,0.030923308473391576,0.032220651424940426,0.03779335010007943,0.032255463389992065
Mines,0.043319866166799045,0.030269858697378863,0.03149026485464655,0.02516578957903097,0.027886830401906277,0.03550300373629865,0.04206456754884829,0.04903446730738681,0.04189288914694201,0.04524988209054805,0.0362039357299444,0.03700966320889596,0.04362788987450358,0.05558877502462273,0.04332375883399523,0.044277090077839545,0.05328161529785543,0.05950658837490071,0.06901754287847497,0.055581965051628296,0.056437399911040506,0.048987017572676705,0.05964182702462271,0.04441288947100873,0.06860026402859412,0.042514805131056405,0.08128108736457504,0.0941479525909452,0.08783913242891181,0.0682753449118348,0.02807251330897538,0.047021639577442424,0.044118647428117545,0.04217357652104845,0.04780496386656076,0.0431990880381255,0.048830601896743445,0.043958929725178716,0.050546669690230334,0.04148724146465449,0.04665281403335981,0.04457431352501986,0.043334204511517066,0.03702134393645751,0.029835767745830022,0.0418144526671962,0.0407314986370135,0.04848660380937252,0.04152457053852264
Coal ,0.048600716994440026,0.03405824535345512,0.03394512847339156,0.026169269610802223,0.03081075939952342,0.040927479980937244,0.04790315712152503,0.05537482095313742,0.046528813918983315,0.050863915558379665,0.04082793648610008,0.04115259448768865,0.04743157808419379,0.06294901518983319,0.0478635192279587,0.048501152527402704,0.06062219534551231,0.06852130496902305,0.08288825667672753,0.06510172813343923,0.06540163964416201,0.05661067977442414,0.06951805945671168,0.05056024104527403,0.07939870076886417,0.04623415166004765,0.0812594776235107,0.08783913242891181,0.16323082331374109,0.08375979898014295,0.031645276015885605,0.0534693511135822,0.05049887412867354,0.047440133756949956,0.05470328140746624,0.04803155104050834,0.05602829884988084,0.04892271672438445,0.05766508951548845,0.04824044625575853,0.054318851447180315,0.05047279354408259,0.04858611898332008,0.041347025912629065,0.03430862904527402,0.04762976563304209,0.04813336843208896,0.05505078360921366,0.048041464695790306
Oil  ,0.0424317719364575,0.03077081478157266,0.03053767433995234,0.023992498697378867,0.029001428071485303,0.036768348870532166,0.042528687011914215,0.049829718594122316,0.04202492525972994,0.04560581063065925,0.036750416821286734,0.03694745293884035,0.043884606468625895,0.054338064989674334,0.04286765653216839,0.04422983867831612,0.05266390957108815,0.059504008465448774,0.06572558462112786,0.05607563566322478,0.05710721254646546,0.04813270532009531,0.06014160748848292,0.044999772611596496,0.06866121985226369,0.041708338800635424,0.05935507661953931,0.0682753449118348,0.08375979898014295,0.07875799767911042,0.030237143234312945,0.04736934098967436,0.04465498858141382,0.04231449464654489,0.04797653252263701,0.04334648349483716,0.04887895407942811,0.04418079256393964,0.05048949266878475,0.04122637715488483,0.046657592030182694,0.045029228225575826,0.043715985369340744,0.03711079170135026,0.030809693553613984,0.04251917320571882,0.04095576153137411,0.04851251525178714,0.04181098044956314
Util ,0.020311442598888004,0.01614247448768864,0.015740328733915804,0.013101421254964257,0.016586525677521842,0.0175152917172359,0.020225899215250198,0.025205946354249407,0.020497656003177128,0.02193031747100874,0.017607302725972995,0.018206463177124706,0.020880645191421764,0.02436045898967434,0.021217436819698173,0.02135681555520255,0.02492903096108022,0.027998736657664808,0.029341791844320883,0.026407490135027793,0.026202967644162033,0.022133314195393168,0.0276445637426529,0.022562974783161237,0.03297506703415409,0.020910434805401116,0.022611282713264496,0.02807251330897538,0.031645276015885605,0.030237143234312945,0.02016411743288324,0.02318070294201747,0.021328955628276407,0.020377897220015883,0.021244980686258935,0.0200481957426529,0.022346429169181888,0.02059839899285147,0.024582219555202543,0.020734739167593323,0.022839385801429704,0.021521778033359806,0.021196161207307388,0.018410433429706115,0.015527744857823666,0.021886633680698965,0.019695184806989667,0.023347815590150915,0.02020926580142971
Telcm,0.03421074668467037,0.02543592774424146,0.02478101381890389,0.02003588967434472,0.023619291877680703,0.030168652101667984,0.0348207827132645,0.04248240753772837,0.03452716285464655,0.03726078513741064,0.03028379523907862,0.03106593034948371,0.0369705701096108,0.04097342661953931,0.03513441501032565,0.036419847015091336,0.04149066234312947,0.04688363152184273,0.04930453355520254,0.04403673783955521,0.044178074354249405,0.038200545024622716,0.04726874687529785,0.03668574740746623,0.05524596336616361,0.034846533923749014,0.035301467424940426,0.047021639577442424,0.0534693511135822,0.04736934098967436,0.02318070294201747,0.043067465688641775,0.03660939730579824,0.034677993645750596,0.03840777201111993,0.03566373293089754,0.03948439039078634,0.035555413968228755,0.04054184585385225,0.032376407455123116,0.038430082289118345,0.035926872876886416,0.036161787116759325,0.031211560686258938,0.02564769169817315,0.03468650568864178,0.032556606049245436,0.03925504024940428,0.033520172185861785
PerSv,0.03304907868467038,0.02401676892772042,0.023198116689436058,0.018414608482922958,0.021485335167593322,0.028674923704527403,0.03280212726290705,0.04006141048451152,0.03318483076727561,0.03540392326608419,0.029043741274027007,0.029387248641779183,0.03470999967593328,0.038567446112787944,0.03350885438602066,0.03406718796505163,0.03963255355043685,0.0446872896457506,0.04707817260047656,0.0423098595393169,0.0419582261223193,0.03615705733439238,0.04530724824781573,0.035625579812549636,0.052330709223193,0.03359717042096901,0.03258828777760127,0.044118647428117545,0.05049887412867354,0.04465498858141382,0.021328955628276407,0.03660939730579824,0.04593522429864972,0.03338522077839555,0.03627955180937252,0.033923227482128664,0.03754866389833201,0.03403740793010325,0.03830185200953138,0.029755671440826054,0.036619461007148524,0.03414309220651311,0.03465515980937251,0.029302974500397136,0.02475558734868943,0.03274151155520254,0.03081197892295472,0.03703601926608419,0.031700291475774425
BusSv,0.0310955658776807,0.022838017410643365,0.022180589928514686,0.017788579634630656,0.02062300517871326,0.02683917235901509,0.031056245242255764,0.037964958633836386,0.03071567752184273,0.03322865166004765,0.027053439269261317,0.028052461286735504,0.032979499062748226,0.03704837289912629,0.031646044765687054,0.03225283320095313,0.03769066036536933,0.042183968482922954,0.04435576956314535,0.039824681175536135,0.039941584813343915,0.034888706306592535,0.04263869594916601,0.03344770494042891,0.04947815609213661,0.03145579291501192,0.03134143100873708,0.04217357652104845,0.047440133756949956,0.04231449464654489,0.020377897220015883,0.034677993645750596,0.03338522077839555,0.033189729626687835,0.0345582889277204,0.03214700578236696,0.035372243780778384,0.03228739062748213,0.03663011323272439,0.029172372104845117,0.03460109633042098,0.03240107885623511,0.0321190730420969,0.02778142732327243,0.023301528133439237,0.031161280603653686,0.029101188752978548,0.03526916139793487,0.029907335694996026
Hardw,0.03341808212549642,0.02477355305003971,0.025088510673550432,0.018934856473391583,0.021880852465448766,0.029964915231135817,0.034222367494837175,0.04034117111199365,0.03394135781890389,0.03767696629706114,0.029739384643367752,0.03115221309769658,0.03691375333439237,0.041524788033359794,0.034921454644956315,0.03552226728514694,0.040951665917394756,0.04619217898808578,0.0496572216409849,0.044830815869737896,0.04496351695949166,0.03931320229229548,0.04788566357108816,0.036593285151707684,0.05484785481969817,0.033755061564733915,0.03631390326290706,0.04780496386656076,0.05470328140746624,0.04797653252263701,0.021244980686258935,0.03840777201111993,0.03627955180937252,0.0345582889277204,0.046974438142970615,0.037412999714058766,0.04201874996187451,0.036983951585385214,0.04043648409054804,0.03219941013979348,0.03781378206671963,0.03581154420333599,0.03567129869737887,0.03078328062271643,0.025009389426528993,0.03346716556155679,0.032195906954725975,0.03900534418903892,0.03334034710246227
Softw,0.031268728546465445,0.02309246335186656,0.023053131278792695,0.017950237744241457,0.02038267024622716,0.027651263828435267,0.031943665830023824,0.03756339374106434,0.03160674204924543,0.03457410662430501,0.027575082128673538,0.028879573343923746,0.034650301000794276,0.03790436120730737,0.03204354014297061,0.03298167345512311,0.037904584241461474,0.04254495240667195,0.045032517712470216,0.040417112216044465,0.04085090592533756,0.03592433146942017,0.04380764616362192,0.03382841985702939,0.05020204908657664,0.03187525315329627,0.03231513369340746,0.0431990880381255,0.04803155104050834,0.04334648349483716,0.0200481957426529,0.03566373293089754,0.033923227482128664,0.03214700578236696,0.037412999714058766,0.03608418738681493,0.037429775790309774,0.03348297464654488,0.03730820254169976,0.02937484775218428,0.035002047974583006,0.03275872984908658,0.03313571104050834,0.028538359110405077,0.023243117680698963,0.03116302360603655,0.029840502557585386,0.03594796079428116,0.030597036886417794
Chips,0.034531194945194604,0.025453661818903885,0.025928912754567112,0.020030626481334395,0.02241881143288324,0.030658147669579035,0.03528881302303416,0.041745476322478166,0.03491909569023034,0.038133417131056384,0.030457994730738683,0.031425079356632246,0.03757384639237491,0.042465956246227156,0.03591043906115965,0.03643198763463067,0.04228488451945989,0.04755510605718825,0.051236872077839564,0.04532053863383638,0.0461892061096108,0.040124211013502775,0.04931281302303416,0.0376633546830818,0.055968793580619534,0.035205940945194594,0.03839285039555202,0.048830601896743445,0.05602829884988084,0.04887895407942811,0.022346429169181888,0.03948439039078634,0.03754866389833201,0.035372243780778384,0.04201874996187451,0.037429775790309774,0.04508206591104051,0.03788706191104051,0.04125906450357427,0.032772861847498024,0.0392403403034154,0.03672351255917394,0.03679496506751391,0.03129080583320096,0.025952809347100873,0.03474963842891184,0.033107760393963466,0.040225652799046885,0.03401830251151708
LabEq,0.03183583290548053,0.023223735035742647,0.023317885015091334,0.018665043669579027,0.020698798460683086,0.027616391857029382,0.03172070725019857,0.037730618578236695,0.03180686924702144,0.034328174125496415,0.028107832961080218,0.029406778498808576,0.034670219018268465,0.03865394972359013,0.0325731071437649,0.03370162606513105,0.03861050518665607,0.043407678266878476,0.046179721586973796,0.041729556552819715,0.041759026112787916,0.03637562341382049,0.04440458867990468,0.034479633517077043,0.0507737616791104,0.0323748248054011,0.03409779871644161,0.043958929725178716,0.04892271672438445,0.04418079256393964,0.02059839899285147,0.035555413968228755,0.03403740793010325,0.03228739062748213,0.036983951585385214,0.03348297464654488,0.03788706191104051,0.037420497250198574,0.037495337847498,0.029788309100873704,0.035246773158061954,0.03337530107704528,0.032994083923749,0.028539805553613972,0.023756081003971398,0.03185234502462272,0.02951978091183479,0.03629486514853057,0.03088895528673551
Paper,0.03614920341540906,0.026628843502779977,0.026617771572676724,0.01997870826052422,0.024097496640190622,0.032132333137410644,0.036506848975377273,0.04473099643367752,0.036262322120730744,0.0397033077045274,0.031370645694996015,0.03234337312946784,0.037365477712470216,0.04401582598093725,0.037394046886417794,0.0392190053375695,0.044657964757744244,0.050008151938046065,0.05308040351866561,0.04715847722001589,0.04748303537728356,0.04083585848292295,0.05108968150913423,0.03977866629864972,0.05931474383637809,0.037286334829229544,0.03775088559173948,0.050546669690230334,0.05766508951548845,0.05048949266878475,0.024582219555202543,0.04054184585385225,0.03830185200953138,0.03663011323272439,0.04043648409054804,0.03730820254169976,0.04125906450357427,0.037495337847498,0.05434477641779188,0.03686585740270055,0.04089350509134234,0.03807983523431294,0.03824718705321684,0.03265562087370928,0.027086948149324858,0.037284310508339955,0.03469130649722001,0.04146877622716441,0.03489622005559968
