,Agric,Food ,Soda ,Beer ,Smoke,Toys ,Fun  ,Books,Hshld,Clths,Hlth ,MedEq,Drugs,Chems,Rubbr,Txtls,BldMt,Cnstr,Steel,FabPr,Mach ,ElcEq,Autos,Aero ,Ships,Guns ,Gold ,Mines,Coal ,Oil  ,Util ,Telcm,PerSv,BusSv,Hardw,Softw,Chips,LabEq,Paper,Boxes,Trans,Whlsl,Rtail,Meals,Banks,Insur,RlEst,Fin  ,Other
Agric,0.05905986655281968,0.02135738980937252,0.02057169960285941,0.01830220491660047,0.01878529353455123,0.024049081715647336,0.026981815853852256,0.031741469285146935,0.02602203226370135,0.026173809364575057,0.025735242366957903,0.025413544694201748,0.03130998104845114,0.03317386489277204,0.027366978538522636,0.02731210091342335,0.03263342497220017,0.03659350739475776,0.039066566497220026,0.0348266279666402,0.034857644225575864,0.03255854633042096,0.03746907879269261,0.02749118761715647,0.04357660424940428,0.027554159237490067,0.030819562756155685,0.03867363707704528,0.04312366570293884,0.04041023218427323,0.01795951022239873,0.030655226759332806,0.030569088824463856,0.028451434503574256,0.029846657680698954,0.029125381453534552,0.03167212968228752,0.02913982920571883,0.030851058967434467,0.025576983050039716,0.03133568916600477,0.02902784068308181,0.027860695520254167,0.024310128895949162,0.020214142255758537,0.02670464480540111,0.024556188181096113,0.03191353670373312,0.026437893812549643
Food ,0.02135738980937252,0.02076164421763304,0.016223104368546456,0.014250198292295471,0.015350094169976168,0.017728754217633043,0.019495026243050037,0.022713525885623507,0.019243919952343133,0.0203080854725973,0.017147867974583002,0.017858474559173942,0.021604025718824464,0.023779514741858607,0.01953774937251787,0.020630459880857824,0.023721631358220807,0.026344904932486094,0.027692072835583795,0.024180316783161238,0.024872551898332,0.022138178149324863,0.02672734551231136,0.020124693590150913,0.030755109872915014,0.02033716683081811,0.017302585043685467,0.02583091961874503,0.028417036981731526,0.027709036409849088,0.01456790588562351,0.022246896322478154,0.02122806494837172,0.020373436060365364,0.02165930158856235,0.02069188440826052,0.02220073379666402,0.020814247077045277,0.02258379542494043,0.019241071024622716,0.022087842366957905,0.021000679316918187,0.020245373423351865,0.018028871961874506,0.014656305655281969,0.01991362118347895,0.01849217188244638,0.022720621961874507,0.019013316544876882
Soda ,0.02057169960285941,0.016223104368546456,0.0374176084130262,0.014073187583796665,0.015142483494837171,0.01784183415409055,0.018795358436854648,0.022863685350277992,0.018557573776012706,0.019610092142970607,0.01681639839872915,0.0183332607593328,0.022952544114376482,0.023310802853057967,0.018455207764892772,0.019639538992851462,0.022599378853057985,0.02545531231135822,0.02641480264336775,0.02359013466560762,0.023933986509928507,0.022246288336775208,0.02573301052899126,0.018992724721207308,0.02840815203177124,0.02070856420015886,0.01867930749483717,0.025775490179507546,0.026534953626687854,0.026362619787132644,0.013801597928514693,0.021429771863383632,0.020767434859412234,0.019625199021445595,0.021284734856235107,0.020366166563939636,0.021976370058776805,0.0199218939030977,0.022763941731532962,0.018548807752184263,0.021446347272438455,0.01997078135663224,0.01975079744559174,0.018053599243844323,0.014463458115965054,0.019520413737887213,0.017714324467037332,0.021677729436060365,0.0186345621223193
Beer ,0.01830220491660047,0.014250198292295471,0.014073187583796665,0.027620629532962664,0.014199824908657665,0.015481136362192218,0.016951154382843524,0.018795109399523436,0.01708826786020651,0.017498787849086577,0.01597986423828435,0.016383440249404285,0.019896308196981734,0.020184415304209693,0.017500678223987293,0.017459898219221608,0.02045846318030183,0.022632849539316924,0.02387511842096902,0.021184235477362985,0.02090502915329626,0.01932685529308975,0.022492116524225576,0.017708251108816523,0.02785011359968228,0.018955981884034946,0.0178959203923749,0.023416391567911043,0.023740778605242256,0.023306304851469423,0.012818019966640191,0.01951110696902303,0.018831122781572677,0.017625961391580614,0.01848250172835584,0.018067981084988083,0.019485879845909458,0.018383679131056395,0.019249480254169976,0.016998241477362983,0.019258059669579032,0.018274013226370137,0.017303796247815726,0.015616766983320093,0.012786965633042097,0.017578443013502774,0.015335865556791105,0.0197792574344718,0.016490223477362988
Smoke,0.01878529353455123,0.015350094169976168,0.015142483494837171,0.014199824908657665,0.03264218166799046,0.01597674697378872,0.01674560301826846,0.019605400857823665,0.01666598239872915,0.01728350818109611,0.014763107926926134,0.01609449693407466,0.018585892803812547,0.020325232629070687,0.017095890579825256,0.017980674948371723,0.0199621573629865,0.021576418300238286,0.02253973181890389,0.01947909563145353,0.02069636784749802,0.018727052263701353,0.022552467831612393,0.017800912343129468,0.026062503987291492,0.018009980619539318,0.016898556028594126,0.021665838189038923,0.021821014996028596,0.02310957699761716,0.015149082541699764,0.01963783933280381,0.01826100187450357,0.017519659158061952,0.01757844724384432,0.01710843485305798,0.01841513814138205,0.01748732158856235,0.02006306551231135,0.018315989261318506,0.018773345099285146,0.01814015558379666,0.017767032915011905,0.015952646735504367,0.012506583669579031,0.018090191421763303,0.01582951056393963,0.01938364540111199,0.016497170198570298
Toys ,0.024049081715647336,0.017728754217633043,0.01784183415409055,0.015481136362192218,0.01597674697378872,0.04238641137410641,0.023333670500397134,0.026917062112787916,0.023313217410643364,0.025162557839555198,0.02093063262907069,0.021844796187450354,0.027346960127084978,0.028369051437648927,0.02305562360603653,0.025548575790309763,0.028374237998411433,0.0323342517553614,0.03369689385226369,0.029797127243844323,0.029752032374900716,0.028242755933280378,0.032019388308181095,0.023253085432883236,0.037383088705321685,0.02463454586179507,0.02129189728355839,0.03148642605242255,0.03881537264495632,0.03417634554408261,0.015049109324861,0.026676385893566315,0.024711441620333598,0.023935153486894366,0.027139573534551226,0.025118552152501975,0.0272706993169182,0.02472033884034948,0.02697665026211279,0.022132064654487693,0.02552611606036537,0.02468211358220809,0.024902023701350275,0.021587620841938045,0.01701549397934869,0.022207429864972202,0.022688090007942818,0.025973695822081012,0.022686596981731536
Fun  ,0.026981815853852256,0.019495026243050037,0.018795358436854648,0.016951154382843524,0.01674560301826846,0.023333670500397134,0.032376615498014294,0.029375891513899927,0.024675302258935657,0.02673403829070691,0.023009700924543283,0.023630914865766486,0.029513877998411434,0.031169373941223197,0.025176569575853854,0.025793097626687838,0.030982459996822875,0.0350394682446386,0.03684372528038125,0.031786000813343915,0.03267027953613979,0.029280937010325647,0.035393692975377276,0.02562813676250993,0.04146200887053216,0.02565126723431295,0.023407320266878476,0.03566283600953138,0.03904891365845909,0.03788151274980142,0.01644149572041302,0.029643146478157262,0.027960345264495628,0.026585970776806994,0.029339658128673556,0.028183066770452736,0.029620519606036535,0.027334909057982533,0.02948631383637807,0.024326875329626692,0.029009728050834002,0.027433728171564736,0.026805392806989667,0.024083056050833992,0.019074132428911834,0.025271307907863378,0.02336215951072279,0.029727225035742648,0.025369423949166005
Books,0.031741469285146935,0.022713525885623507,0.022863685350277992,0.018795109399523436,0.019605400857823665,0.026917062112787916,0.029375891513899927,0.053017850324066716,0.028506815513899914,0.02979261338681493,0.0264621529245433,0.026968360808578236,0.03279574956314535,0.0351736465099285,0.02911901962509928,0.029895963197776015,0.035490398544876886,0.040214353304209687,0.04201071752501986,0.03588000562509929,0.03729695520889594,0.033855463763304214,0.04029613995869739,0.029729532169976168,0.0483580679062748,0.029148730948371705,0.024127597138999198,0.039107375224781575,0.042316778338363774,0.04172831877362987,0.019533917796664014,0.03401440401747418,0.032461781583796666,0.03089717129785545,0.0327682749579031,0.031367510343129464,0.03352675614138205,0.031066422114376484,0.0341079680381255,0.027601910802223985,0.03377865149166004,0.031144678001588568,0.03032421722954726,0.02637265488800635,0.022806757620333597,0.029895982190627484,0.025634543663224776,0.034175479674344714,0.02840858834471804
Hshld,0.02602203226370135,0.019243919952343133,0.018557573776012706,0.01708826786020651,0.01666598239872915,0.023313217410643364,0.024675302258935657,0.028506815513899914,0.030148014938840346,0.02690428120413026,0.0223669237553614,0.022934576530579828,0.027145491183478948,0.03022247506274822,0.0248438127974583,0.026400515046862583,0.03051556447339157,0.034708786227164425,0.03572101132327243,0.030748467059571082,0.03197965845274026,0.028751785362986504,0.03442732504527403,0.02556098458141382,0.04041819739158062,0.026041072260524226,0.021286618055599685,0.0336046458395552,0.0368446063796664,0.03638659407783956,0.016535647787132648,0.02814100861953932,0.027471684381254968,0.025544843285146945,0.02809761363621922,0.026795077162827648,0.028578308425734715,0.026603448791104052,0.028278347132644953,0.024121519205718818,0.028114257531374108,0.026626758233518663,0.026719059545671164,0.02295768083876092,0.01856254749483717,0.024530257515488485,0.022613673016679908,0.0283639400635425,0.02438722348212867
Clths,0.026173809364575057,0.0203080854725973,0.019610092142970607,0.017498787849086577,0.01728350818109611,0.025162557839555198,0.02673403829070691,0.02979261338681493,0.02690428120413026,0.0416944594297061,0.023754646605242256,0.02444922538046068,0.028610595154884823,0.03193041161874503,0.025875247755361395,0.029180757631453537,0.0313724164765687,0.0353268102065131,0.037868920899126295,0.031622027057982525,0.03377582216362191,0.03005979521366163,0.036881746293884035,0.027245502737092923,0.04294321072438443,0.02752438439396345,0.02079223934392375,0.034695346166799035,0.04218926549960286,0.03729816674185862,0.01720981399364575,0.02990874010643369,0.02835244919936457,0.02699680456870531,0.030347595326449567,0.028778010346306598,0.03043230405559969,0.02805856046544877,0.029981642509928505,0.025020873502779987,0.030087871329626693,0.02827281316282764,0.03123237152978554,0.025243312241461476,0.019065703043685458,0.025752378740270056,0.025183229401111985,0.030057876401906276,0.02545756393804607
Hlth ,0.025735242366957903,0.017147867974583002,0.01681639839872915,0.01597986423828435,0.014763107926926134,0.02093063262907069,0.023009700924543283,0.0264621529245433,0.0223669237553614,0.023754646605242256,0.03091936515329626,0.023264687761715645,0.02948422427323272,0.027680448501985696,0.02300826413979349,0.023465641496425736,0.02713389842096902,0.031210511405877682,0.03270209078316124,0.027953080816521054,0.02845603751548849,0.027348232670373313,0.031346494417791894,0.022719705947577443,0.036563274532168386,0.0235413962319301,0.021656618468625894,0.030442963361397936,0.033280677166004774,0.03247866318030183,0.01442073188562351,0.02620479340111199,0.0255673411564734,0.0239571979158062,0.026111091984114376,0.02504362642414615,0.02663564014932486,0.024830369204130252,0.02621167736298649,0.02152410338363781,0.025705149731532963,0.02432656303097696,0.023833570427323265,0.02097419369023034,0.017231913531374106,0.023349415609213657,0.020616734748212868,0.02616996436854647,0.02266174411755361
MedEq,0.025413544694201748,0.017858474559173942,0.0183332607593328,0.016383440249404285,0.01609449693407466,0.021844796187450354,0.023630914865766486,0.026968360808578236,0.022934576530579828,0.02444922538046068,0.023264687761715645,0.02751787345353455,0.03131352328832407,0.028715178900714847,0.02385385266719619,0.024430052745035742,0.028361112762509928,0.031979533558379666,0.03354574843844321,0.029103587880857824,0.02965813347736299,0.02779124541540905,0.0320784810548054,0.023809139747418585,0.03737371996346306,0.024778634935663228,0.022362431690230344,0.03196717681334392,0.0359949484098491,0.03389724636695791,0.015620243499602858,0.02714334887847498,0.025708524538522636,0.024921427310563935,0.027536266665607614,0.026308559699761716,0.02749715869896743,0.02624898451310564,0.027157262716441623,0.022080547529785544,0.026250274208101672,0.025188145896743445,0.024726776911834798,0.021520770090548053,0.01771738224305004,0.02363913690071485,0.02085715688006354,0.027264558705321677,0.023391749599682286
Drugs,0.03130998104845114,0.021604025718824464,0.022952544114376482,0.019896308196981734,0.018585892803812547,0.027346960127084978,0.029513877998411434,0.03279574956314535,0.027145491183478948,0.028610595154884823,0.02948422427323272,0.03131352328832407,0.05009552549642573,0.034975356123907855,0.028408953741064332,0.02951487035742653,0.03430449035742653,0.038693642144559164,0.03832948594122319,0.03436164853057982,0.03514897791898333,0.034652843542494025,0.038370563399523425,0.028281179999999993,0.04466240687847498,0.030353577950754572,0.028054792422557578,0.03906825150119142,0.04063502277998409,0.04077489178713263,0.01798645348689436,0.033320030420969024,0.03154412821286735,0.030256348975377285,0.034270734138204924,0.033381440969023034,0.03449948497220015,0.032382964908657656,0.03212425077045273,0.026003953200953132,0.03164429194598887,0.03029119625099284,0.02977326471803019,0.026695595837966636,0.02086018541699761,0.027728753471008727,0.025371297474185865,0.032463276171564734,0.029292293328038118
Chems,0.03317386489277204,0.023779514741858607,0.023310802853057967,0.020184415304209693,0.020325232629070687,0.028369051437648927,0.031169373941223197,0.0351736465099285,0.03022247506274822,0.03193041161874503,0.027680448501985696,0.028715178900714847,0.034975356123907855,0.04535610795234312,0.03171398168069896,0.03135313707069103,0.039005836231930116,0.04353305621922161,0.04874580280222398,0.040785275301032556,0.04161869948848292,0.037640520505162825,0.0441678063669579,0.0321442353963463,0.05270042474027004,0.03235272524861001,0.03642445241938046,0.049499348384432075,0.056860177328038115,0.053056718976965844,0.020178055736298647,0.03552742789197775,0.033976603675933276,0.03243264232565528,0.03658716173471009,0.03369263619062748,0.03698429105957108,0.034307154538522636,0.03640524193804607,0.031264306179507546,0.03564709732803813,0.03423472591580619,0.03175512878792692,0.027328338052422553,0.022696313938046067,0.03067930779666402,0.029053812187450352,0.036345735933280394,0.03089701176489277
Rubbr,0.027366978538522636,0.01953774937251787,0.018455207764892772,0.017500678223987293,0.017095890579825256,0.02305562360603653,0.025176569575853854,0.02911901962509928,0.0248438127974583,0.025875247755361395,0.02300826413979349,0.02385385266719619,0.028408953741064332,0.03171398168069896,0.034290476257347095,0.026139702109610807,0.03200287771882447,0.035664198840349486,0.037808660702144566,0.03234346259888801,0.03311974523272439,0.02976768418427323,0.03527793964098491,0.026259732940428916,0.04192276070214457,0.025876655936457507,0.02652104100714853,0.03590363320730739,0.039215787075456705,0.03765569704209688,0.017324525493248605,0.02874070200794282,0.027756167596505156,0.026605242338363793,0.028919233925337552,0.027340495640984907,0.02945788699920572,0.027401262853057978,0.029930358030182687,0.025314806735504368,0.02882898513741064,0.027473860733915806,0.026257175180301837,0.02265080427640984,0.019113299780778394,0.02539559296902303,0.023276091558379664,0.02955543791898332,0.025109714341540898
Txtls,0.02731210091342335,0.020630459880857824,0.019639538992851462,0.017459898219221608,0.017980674948371723,0.025548575790309763,0.025793097626687838,0.029895963197776015,0.026400515046862583,0.029180757631453537,0.023465641496425736,0.024430052745035742,0.02951487035742653,0.03135313707069103,0.026139702109610807,0.042736538730738675,0.032704254786338365,0.037751849714058774,0.03691874667831612,0.033428978120730736,0.03321682959173947,0.0306261552867355,0.03622541735980937,0.026108559693407456,0.042365218632247806,0.02752051933915806,0.02089668605718824,0.033921857423351874,0.0377844938649722,0.03626056599841144,0.01670395194757744,0.029919503451945977,0.028169334057188248,0.02718638329467831,0.029699787517077043,0.02810290136139793,0.030171932449563156,0.027978270733915796,0.030765973439237485,0.02511033269261318,0.02957618233200953,0.0275567379412232,0.02822567758856235,0.02428210145194598,0.019619755320095314,0.025776258590945195,0.024761243323272435,0.029722216560762512,0.02569889950913424
BldMt,0.03263342497220017,0.023721631358220807,0.022599378853057985,0.02045846318030183,0.0199621573629865,0.028374237998411433,0.030982459996822875,0.035490398544876886,0.03051556447339157,0.0313724164765687,0.02713389842096902,0.028361112762509928,0.03430449035742653,0.039005836231930116,0.03200287771882447,0.032704254786338365,0.044738886138204925,0.04630876060365368,0.04734068122637013,0.040671517706115975,0.04131052454964256,0.036633075812549654,0.04369431311199364,0.031715502710087363,0.05248681069420175,0.032001423593328034,0.032531572365369334,0.04566893379507545,0.05211560343764892,0.04843490104527404,0.020437916263701346,0.035178145772835574,0.03421810038443208,0.03237521901826847,0.03520784850833996,0.033088388873709296,0.03618596593486894,0.0336304165782367,0.03649582427323271,0.030260813089753768,0.03561552680540111,0.033986021909451936,0.03213228958856235,0.02761749847815727,0.023430214665607622,0.030756294652899134,0.029214243202541696,0.03623814509928515,0.03082739168864178
Cnstr,0.03659350739475776,0.026344904932486094,0.02545531231135822,0.022632849539316924,0.021576418300238286,0.0323342517553614,0.0350394682446386,0.040214353304209687,0.034708786227164425,0.0353268102065131,0.031210511405877682,0.031979533558379666,0.038693642144559164,0.04353305621922161,0.035664198840349486,0.037751849714058774,0.04630876060365368,0.0631254365607625,0.052992139110405095,0.044660226425734695,0.0462369264813344,0.04136075997617156,0.04913616791104051,0.035431807013502785,0.05855182707704526,0.03567396902303416,0.036282184408260525,0.050713046703733125,0.05977866131850675,0.054249277585385225,0.023157375242255755,0.03964504240667195,0.038872039976171564,0.036272967402700564,0.03940153396346307,0.037113979976171566,0.04047565408260524,0.03761161622716441,0.0403639310881652,0.03341711575853852,0.04026346451151708,0.03761394737092931,0.036223157442414604,0.031401818173153295,0.026289770087370927,0.035010445774424144,0.033693526767275606,0.04028246148530579,0.034268534209690234
Steel,0.039066566497220026,0.027692072835583795,0.02641480264336775,0.02387511842096902,0.02253973181890389,0.03369689385226369,0.03684372528038125,0.04201071752501986,0.03572101132327243,0.037868920899126295,0.03270209078316124,0.03354574843844321,0.03832948594122319,0.04874580280222398,0.037808660702144566,0.03691874667831612,0.04734068122637013,0.052992139110405095,0.06856796479110405,0.048999181410643355,0.05086017447498014,0.044543913140587754,0.052911442465448766,0.03810186560444797,0.06409937900873708,0.03758747824622715,0.04984014964575059,0.06185725488800636,0.08025328262430499,0.06613005611437649,0.023911923803018275,0.04231873112311357,0.041088180152501985,0.03834385683240667,0.042899690687847505,0.03936084450833995,0.043938117264495626,0.04034713384908657,0.04368347742652899,0.03743702964257348,0.042878692250992854,0.041457279231135825,0.03737821456393964,0.0319412436791104,0.027383858992851458,0.03653173912946782,0.03505905653375696,0.04352661393169182,0.03657540961715647
FabPr,0.0348266279666402,0.024180316783161238,0.02359013466560762,0.021184235477362985,0.01947909563145353,0.029797127243844323,0.031786000813343915,0.03588000562509929,0.030748467059571082,0.031622027057982525,0.027953080816521054,0.029103587880857824,0.03436164853057982,0.040785275301032556,0.03234346259888801,0.033428978120730736,0.040671517706115975,0.044660226425734695,0.048999181410643355,0.08317733251628277,0.0436039808355838,0.0392582581429706,0.044944249429706117,0.032294040697378866,0.05540306496108024,0.032831273436060356,0.032208120605242245,0.04464962105798252,0.05634870598252581,0.05162739744559174,0.020893282044479742,0.03636423452104845,0.0349597216409849,0.03320311194281176,0.03661925908498808,0.03409950398570294,0.037016584351072274,0.034989832055599676,0.03732808190627481,0.030757058411437648,0.03494883784908657,0.03481199037013503,0.03266566331056393,0.027760649480540106,0.023884117486894355,0.03105557081969817,0.029367145232724386,0.03682450685464654,0.03119183481652105
Mach ,0.034857644225575864,0.024872551898332,0.023933986509928507,0.02090502915329626,0.02069636784749802,0.029752032374900716,0.03267027953613979,0.03729695520889594,0.03197965845274026,0.03377582216362191,0.02845603751548849,0.02965813347736299,0.03514897791898333,0.04161869948848292,0.03311974523272439,0.03321682959173947,0.04131052454964256,0.0462369264813344,0.05086017447498014,0.0436039808355838,0.04652508597934869,0.03912891597140588,0.04669987914853056,0.0340315744177919,0.05668396955043684,0.033749389979348704,0.03458035705162828,0.0486161973375695,0.057890391491660045,0.05420814253852263,0.021462703364575068,0.03724531215885623,0.03599331016997617,0.034204640273232736,0.038512506586179496,0.03534020491818904,0.03921631030341541,0.03608759538681492,0.038449207466243036,0.0320978016838761,0.03779696877521842,0.03602962337092932,0.03363785981890388,0.02887579779507546,0.024339337525019857,0.03237223225416998,0.0299988116536934,0.03837613102462272,0.03219052909928514
ElcEq,0.03255854633042096,0.022138178149324863,0.022246288336775208,0.01932685529308975,0.018727052263701353,0.028242755933280378,0.029280937010325647,0.033855463763304214,0.028751785362986504,0.03005979521366163,0.027348232670373313,0.02779124541540905,0.034652843542494025,0.037640520505162825,0.02976768418427323,0.0306261552867355,0.036633075812549654,0.04136075997617156,0.044543913140587754,0.0392582581429706,0.03912891597140588,0.04548978887847497,0.04176964845750594,0.030475999906274816,0.04970545805718822,0.03029346778713264,0.029435252039714054,0.04308579311199364,0.05156956521683875,0.04650429396028593,0.018635539591739476,0.03369956722637013,0.03250940506274821,0.03099296399046863,0.0350845393582208,0.032654575220015886,0.03546751537887212,0.03245121191580618,0.03417589305798253,0.028483205003971408,0.03370650785385227,0.032389583323272436,0.03012196480698968,0.026172656063542497,0.02210146167116759,0.029011651801429703,0.02740731141540905,0.03443004660047657,0.029430417193010327
Autos,0.03746907879269261,0.02672734551231136,0.02573301052899126,0.022492116524225576,0.022552467831612393,0.032019388308181095,0.035393692975377276,0.04029613995869739,0.03442732504527403,0.036881746293884035,0.031346494417791894,0.0320784810548054,0.038370563399523425,0.0441678063669579,0.03527793964098491,0.03622541735980937,0.04369431311199364,0.04913616791104051,0.052911442465448766,0.044944249429706117,0.04669987914853056,0.04176964845750594,0.055858847504368536,0.0364273215822081,0.05921426260841936,0.0357663643081811,0.033666114795869735,0.04976149852899126,0.05840809481175536,0.053923560457505945,0.02248001564416204,0.039658119974582996,0.039049336031771235,0.036484962719618756,0.04087231211437649,0.03801601502144558,0.04157057343288323,0.03826061934233519,0.04137854277998411,0.03422645442414614,0.04065963406513107,0.03804577727084987,0.03664694865131057,0.031545716111199364,0.025968461146942023,0.03486030447021445,0.03226777730897538,0.040719768610007936,0.03416615283240667
Aero ,0.02749118761715647,0.020124693590150913,0.018992724721207308,0.017708251108816523,0.017800912343129468,0.023253085432883236,0.02562813676250993,0.029729532169976168,0.02556098458141382,0.027245502737092923,0.022719705947577443,0.023809139747418585,0.028281179999999993,0.0321442353963463,0.026259732940428916,0.026108559693407456,0.031715502710087363,0.035431807013502785,0.03810186560444797,0.032294040697378866,0.0340315744177919,0.030475999906274816,0.0364273215822081,0.03436902643208897,0.04378196618427324,0.028479221553613984,0.02261802961239079,0.034846916498808576,0.03943855538681493,0.03730212167116759,0.01781433275138999,0.029458161542494043,0.028891967836378072,0.027359034452740266,0.029639823088165203,0.02791183729785544,0.030231787972994435,0.028366863636219212,0.031017469928514698,0.025888462351072283,0.02996702307545671,0.028193628622716436,0.026779324851469423,0.02337613847180301,0.01965476638284353,0.026477816665607622,0.023816079942811756,0.03050437843526608,0.025243005872915003
Ships,0.04357660424940428,0.030755109872915014,0.02840815203177124,0.02785011359968228,0.026062503987291492,0.037383088705321685,0.04146200887053216,0.0483580679062748,0.04041819739158062,0.04294321072438443,0.036563274532168386,0.03737371996346306,0.04466240687847498,0.05270042474027004,0.04192276070214457,0.042365218632247806,0.05248681069420175,0.05855182707704526,0.06409937900873708,0.05540306496108024,0.05668396955043684,0.04970545805718822,0.05921426260841936,0.04378196618427324,0.09536748220969023,0.04406781206671962,0.043342511337569486,0.0620503806703733,0.0740275694551231,0.06849054072120729,0.027809591436060366,0.04745800358538522,0.04628828001747418,0.04326221495790308,0.04819141728038124,0.04444030219698174,0.048489917399523456,0.044922944420969016,0.04922863278792691,0.040648838173153304,0.04974871240984907,0.04569447314694202,0.043340279170770435,0.03655062210643368,0.030838201915806194,0.04152265908975377,0.0360577508943606,0.048656278149324855,0.04142581356473392
Guns ,0.027554159237490067,0.02033716683081811,0.02070856420015886,0.018955981884034946,0.018009980619539318,0.02463454586179507,0.02565126723431295,0.029148730948371705,0.026041072260524226,0.02752438439396345,0.0235413962319301,0.024778634935663228,0.030353577950754572,0.03235272524861001,0.025876655936457507,0.02752051933915806,0.032001423593328034,0.03567396902303416,0.03758747824622715,0.032831273436060356,0.033749389979348704,0.03029346778713264,0.0357663643081811,0.028479221553613984,0.04406781206671962,0.046432113448768866,0.024523848819698164,0.035405170916600476,0.038978829185067516,0.03774084038760921,0.017049428505162823,0.029878018954725975,0.029197284282764094,0.027396142837172354,0.029729260060365366,0.02822927699444002,0.030766167288324063,0.028684251355043683,0.030754558157267676,0.02528967164416203,0.030138666738681485,0.028049742297061163,0.027756138090548048,0.02364779348054011,0.019392964822875294,0.026319139685464656,0.0238375627132645,0.030429168355837966,0.025792655415409056
Gold ,0.030819562756155685,0.017302585043685467,0.01867930749483717,0.0178959203923749,0.016898556028594126,0.02129189728355839,0.023407320266878476,0.024127597138999198,0.021286618055599685,0.02079223934392375,0.021656618468625894,0.022362431690230344,0.028054792422557578,0.03642445241938046,0.02652104100714853,0.02089668605718824,0.032531572365369334,0.036282184408260525,0.04984014964575059,0.032208120605242245,0.03458035705162828,0.029435252039714054,0.033666114795869735,0.02261802961239079,0.043342511337569486,0.024523848819698164,0.1911263894821287,0.07515137551072279,0.082873557274027,0.059799619424940435,0.01866790651787132,0.028219209259729938,0.02580309049563146,0.024113668231930098,0.02874256747577442,0.026226236983320092,0.030444767356632253,0.02729974487847498,0.026768477490071482,0.026486671882446387,0.02541893269896743,0.0269532589706116,0.02111821039872915,0.017844436937251785,0.015134543513899925,0.021301229656870535,0.02162352434630659,0.029250268332009527,0.025078894365369336
Mines,0.03867363707704528,0.02583091961874503,0.025775490179507546,0.023416391567911043,0.021665838189038923,0.03148642605242255,0.03566283600953138,0.039107375224781575,0.0336046458395552,0.034695346166799035,0.030442963361397936,0.03196717681334392,0.03906825150119142,0.049499348384432075,0.03590363320730739,0.033921857423351874,0.04566893379507545,0.050713046703733125,0.06185725488800636,0.04464962105798252,0.0486161973375695,0.04308579311199364,0.04976149852899126,0.034846916498808576,0.0620503806703733,0.035405170916600476,0.07515137551072279,0.0886419556854647,0.08681476137251787,0.07102445952025419,0.023130519091342335,0.0406862462652899,0.03857470807307386,0.03634370527720414,0.04250176371088166,0.03879696240826052,0.04264558042255758,0.038681892733915806,0.04109055466243052,0.036154799904686265,0.04011934974424145,0.03944503499920572,0.034511532257347106,0.029668141591739475,0.025021338700556003,0.03337044588403495,0.032058440343129456,0.04140784625893565,0.03551636992533757
Coal ,0.04312366570293884,0.028417036981731526,0.026534953626687854,0.023740778605242256,0.021821014996028596,0.03881537264495632,0.03904891365845909,0.042316778338363774,0.0368446063796664,0.04218926549960286,0.033280677166004774,0.0359949484098491,0.04063502277998409,0.056860177328038115,0.039215787075456705,0.0377844938649722,0.05211560343764892,0.05977866131850675,0.08025328262430499,0.05634870598252581,0.057890391491660045,0.05156956521683875,0.05840809481175536,0.03943855538681493,0.0740275694551231,0.038978829185067516,0.082873557274027,0.08681476137251787,0.21802308350119143,0.09673982441302623,0.027004460727561543,0.04662708172200159,0.043979331424940434,0.0405759248482923,0.04973185168546466,0.043079131494837164,0.050059324441620326,0.044051744997617166,0.046880917299444005,0.04060844101667991,0.04688366901350277,0.04565693380778397,0.03980919656235108,0.031735734729150124,0.028014830868943602,0.03717963079269261,0.0380301328610008,0.04662978954725973,0.0413886320381255
Oil  ,0.04041023218427323,0.027709036409849088,0.026362619787132644,0.023306304851469423,0.02310957699761716,0.03417634554408261,0.03788151274980142,0.04172831877362987,0.03638659407783956,0.03729816674185862,0.03247866318030183,0.03389724636695791,0.04077489178713263,0.053056718976965844,0.03765569704209688,0.03626056599841144,0.04843490104527404,0.054249277585385225,0.06613005611437649,0.05162739744559174,0.05420814253852263,0.04650429396028593,0.053923560457505945,0.03730212167116759,0.06849054072120729,0.03774084038760921,0.059799619424940435,0.07102445952025419,0.09673982441302623,0.10056597130420972,0.026389273416997615,0.04342985837648926,0.04112591187291502,0.038196112508339944,0.04480003074185862,0.0410411439110405,0.0450291914725973,0.04126985434789517,0.042992357807783946,0.03689530007942811,0.042426480362192216,0.04327216019698173,0.037584333998411434,0.030124015987291503,0.026920738942017467,0.03576151343606037,0.035384715857029375,0.04370851640984908,0.038258375974582995
Util ,0.01795951022239873,0.01456790588562351,0.013801597928514693,0.012818019966640191,0.015149082541699764,0.015049109324861,0.01644149572041302,0.019533917796664014,0.016535647787132648,0.01720981399364575,0.01442073188562351,0.015620243499602858,0.01798645348689436,0.020178055736298647,0.017324525493248605,0.01670395194757744,0.020437916263701346,0.023157375242255755,0.023911923803018275,0.020893282044479742,0.021462703364575068,0.018635539591739476,0.02248001564416204,0.01781433275138999,0.027809591436060366,0.017049428505162823,0.01866790651787132,0.023130519091342335,0.027004460727561543,0.026389273416997615,0.019713739556791104,0.019536898177918982,0.018374628926131852,0.017307913906274813,0.017579933251787132,0.016902702759332807,0.01826409244956314,0.01751434936775218,0.019884555837966642,0.01788925701350278,0.019033630560762512,0.018107740514694198,0.017355607215250198,0.01550378786973788,0.012678813302621125,0.018015929154884827,0.015798953283558376,0.019523495893566327,0.01698327612549642
Telcm,0.030655226759332806,0.022246896322478154,0.021429771863383632,0.01951110696902303,0.01963783933280381,0.026676385893566315,0.029643146478157262,0.03401440401747418,0.02814100861953932,0.02990874010643369,0.02620479340111199,0.02714334887847498,0.033320030420969024,0.03552742789197775,0.02874070200794282,0.029919503451945977,0.035178145772835574,0.03964504240667195,0.04231873112311357,0.03636423452104845,0.03724531215885623,0.03369956722637013,0.039658119974582996,0.029458161542494043,0.04745800358538522,0.029878018954725975,0.028219209259729938,0.0406862462652899,0.04662708172200159,0.04342985837648926,0.019536898177918982,0.03793126293725178,0.03184043624622716,0.03037800459412232,0.033582714100079424,0.031863789723590163,0.03410519383796663,0.03132544278157267,0.03336807904686259,0.027998323510722792,0.032868422039714046,0.031194195046862598,0.02998284706274822,0.026235681416997617,0.02200740969340747,0.029087077552025425,0.02656010325019857,0.03389976362986497,0.028582964055599687
PerSv,0.030569088824463856,0.02122806494837172,0.020767434859412234,0.018831122781572677,0.01826100187450357,0.024711441620333598,0.027960345264495628,0.032461781583796666,0.027471684381254968,0.02835244919936457,0.0255673411564734,0.025708524538522636,0.03154412821286735,0.033976603675933276,0.027756167596505156,0.028169334057188248,0.03421810038443208,0.038872039976171564,0.041088180152501985,0.0349597216409849,0.03599331016997617,0.03250940506274821,0.039049336031771235,0.028891967836378072,0.04628828001747418,0.029197284282764094,0.02580309049563146,0.03857470807307386,0.043979331424940434,0.04112591187291502,0.018374628926131852,0.03184043624622716,0.04290421803177124,0.02957202839714058,0.03198660298332008,0.0301945718395552,0.032914660751389976,0.030303218797458308,0.032033073296266874,0.026267567799841143,0.03231917077362987,0.030036833559968237,0.029255677582208102,0.025224252257347105,0.02097933808737093,0.027884443331215248,0.025591613992057186,0.032212539785544086,0.027210748878474973
BusSv,0.028451434503574256,0.020373436060365364,0.019625199021445595,0.017625961391580614,0.017519659158061952,0.023935153486894366,0.026585970776806994,0.03089717129785545,0.025544843285146945,0.02699680456870531,0.0239571979158062,0.024921427310563935,0.030256348975377285,0.03243264232565528,0.026605242338363793,0.02718638329467831,0.03237521901826847,0.036272967402700564,0.03834385683240667,0.03320311194281176,0.034204640273232736,0.03099296399046863,0.036484962719618756,0.027359034452740266,0.04326221495790308,0.027396142837172354,0.024113668231930098,0.03634370527720414,0.0405759248482923,0.038196112508339944,0.017307913906274813,0.03037800459412232,0.02957202839714058,0.029767356085782366,0.03048643318189038,0.029058327097696596,0.031029674325655284,0.028801441887212065,0.030881290293884034,0.025476785671167596,0.03029924942335186,0.028558544044479748,0.0273205045401112,0.023970463377283553,0.020213475640984906,0.026548301146942014,0.023847905175536144,0.030888553391580628,0.02582927155520254
Hardw,0.029846657680698954,0.02165930158856235,0.021284734856235107,0.01848250172835584,0.01757844724384432,0.027139573534551226,0.029339658128673556,0.0327682749579031,0.02809761363621922,0.030347595326449567,0.026111091984114376,0.027536266665607614,0.034270734138204924,0.03658716173471009,0.028919233925337552,0.029699787517077043,0.03520784850833996,0.03940153396346307,0.042899690687847505,0.03661925908498808,0.038512506586179496,0.0350845393582208,0.04087231211437649,0.029639823088165203,0.04819141728038124,0.029729260060365366,0.02874256747577442,0.04250176371088166,0.04973185168546466,0.04480003074185862,0.017579933251787132,0.033582714100079424,0.03198660298332008,0.03048643318189038,0.0426528954471803,0.033910379561556785,0.03710505768705321,0.032780299053216826,0.033766500142970605,0.02775126996028593,0.03263758947736298,0.03147621834471803,0.029888468949960282,0.026071700282764107,0.02124369538999206,0.02781405236854647,0.026675365248610004,0.03413555137410643,0.028705391933280384
Softw,0.029125381453534552,0.02069188440826052,0.020366166563939636,0.018067981084988083,0.01710843485305798,0.025118552152501975,0.028183066770452736,0.031367510343129464,0.026795077162827648,0.028778010346306598,0.02504362642414615,0.026308559699761716,0.033381440969023034,0.03369263619062748,0.027340495640984907,0.02810290136139793,0.033088388873709296,0.037113979976171566,0.03936084450833995,0.03409950398570294,0.03534020491818904,0.032654575220015886,0.03801601502144558,0.02791183729785544,0.04444030219698174,0.02822927699444002,0.026226236983320092,0.03879696240826052,0.043079131494837164,0.0410411439110405,0.016902702759332807,0.031863789723590163,0.0301945718395552,0.029058327097696596,0.033910379561556785,0.0337065810627482,0.033433030069896744,0.03031902010961079,0.03160637264495632,0.025824534757744235,0.030943093162827652,0.029361365016679904,0.028520355764892768,0.024933391243844322,0.020282680441620328,0.026517025307386817,0.025122116003177125,0.03192496655281969,0.026947399042096892
Chips,0.03167212968228752,0.02220073379666402,0.021976370058776805,0.019485879845909458,0.01841513814138205,0.0272706993169182,0.029620519606036535,0.03352675614138205,0.028578308425734715,0.03043230405559969,0.02663564014932486,0.02749715869896743,0.03449948497220015,0.03698429105957108,0.02945788699920572,0.030171932449563156,0.03618596593486894,0.04047565408260524,0.043938117264495626,0.037016584351072274,0.03921631030341541,0.03546751537887212,0.04157057343288323,0.030231787972994435,0.048489917399523456,0.030766167288324063,0.030444767356632253,0.04264558042255758,0.050059324441620326,0.0450291914725973,0.01826409244956314,0.03410519383796663,0.032914660751389976,0.031029674325655284,0.03710505768705321,0.033433030069896744,0.03974646840190627,0.033489728878474984,0.033954263161239076,0.02800946816521048,0.03362007708657664,0.03191398134710087,0.030498220165210487,0.026297537232724395,0.02192472631930103,0.02874682087529785,0.026887895637807784,0.03485327249404289,0.028952806079428108
LabEq,0.02913982920571883,0.020814247077045277,0.0199218939030977,0.018383679131056395,0.01748732158856235,0.02472033884034948,0.027334909057982533,0.031066422114376484,0.026603448791104052,0.02805856046544877,0.024830369204130252,0.02624898451310564,0.032382964908657656,0.034307154538522636,0.027401262853057978,0.027978270733915796,0.0336304165782367,0.03761161622716441,0.04034713384908657,0.034989832055599676,0.03608759538681492,0.03245121191580618,0.03826061934233519,0.028366863636219212,0.044922944420969016,0.028684251355043683,0.02729974487847498,0.038681892733915806,0.044051744997617166,0.04126985434789517,0.01751434936775218,0.03132544278157267,0.030303218797458308,0.028801441887212065,0.032780299053216826,0.03031902010961079,0.033489728878474984,0.033979065955520256,0.03173817969817315,0.02621483356632247,0.030918125823669575,0.029550910656076245,0.028010251301032556,0.02452873370611596,0.020493154722795868,0.02705829472756155,0.024684714033359808,0.03201226339158063,0.026921910305003974
Paper,0.030851058967434467,0.02258379542494043,0.022763941731532962,0.019249480254169976,0.02006306551231135,0.02697665026211279,0.02948631383637807,0.0341079680381255,0.028278347132644953,0.029981642509928505,0.02621167736298649,0.027157262716441623,0.03212425077045273,0.03640524193804607,0.029930358030182687,0.030765973439237485,0.03649582427323271,0.0403639310881652,0.04368347742652899,0.03732808190627481,0.038449207466243036,0.03417589305798253,0.04137854277998411,0.031017469928514698,0.04922863278792691,0.030754558157267676,0.026768477490071482,0.04109055466243052,0.046880917299444005,0.042992357807783946,0.019884555837966642,0.03336807904686259,0.032033073296266874,0.030881290293884034,0.033766500142970605,0.03160637264495632,0.033954263161239076,0.03173817969817315,0.04502774252581414,0.0308788196664019,0.033732500492454326,0.031804148276409844,0.030360012581413822,0.0262533226370135,0.022328280190627485,0.03009709035742653,0.02704621969817315,0.03445007710881652,0.02843434382843527
