,Agric,Food ,Soda ,Beer ,Smoke,Toys ,Fun  ,Books,Hshld,Clths,Hlth ,MedEq,Drugs,Chems,Rubbr,Txtls,BldMt,Cnstr,Steel,FabPr,Mach ,ElcEq,Autos,Aero ,Ships,Guns ,Gold ,Mines,Coal ,Oil  ,Util ,Telcm,PerSv,BusSv,Hardw,Softw,Chips,LabEq,Paper,Boxes,Trans,Whlsl,Rtail,Meals,Banks,Insur,RlEst,Fin  ,Other
Agric,0.06006770267831612,0.021461283574265286,0.02044085131056394,0.018051009204130258,0.019025515361397936,0.02411411931056394,0.02718030031135822,0.03196906751707704,0.026144912670373315,0.026346496835583794,0.026032410011119937,0.025727756098490873,0.03197000671326449,0.03356255869420174,0.027387883507545667,0.02741079253693407,0.03281045495154885,0.03697733840508341,0.03932557865607625,0.03554739883081811,0.03507940474980143,0.032754102379666396,0.03780486032724384,0.027789697458300233,0.04378522793963461,0.027777413486894355,0.03161635727402701,0.03923847832565529,0.04356283511993645,0.04075909141223193,0.018083361474185853,0.031008649000794287,0.030725278827640982,0.028623829194598892,0.03021304286894361,0.029345770341540907,0.03186611031930103,0.02923374003494837,0.031058888136616357,0.02589480041620333,0.031692543907863385,0.02932614846703733,0.028135795761715647,0.024499289810961073,0.020313039965051627,0.026928198894360607,0.024771935729944402,0.03224256108657666,0.026693200225575857
Food ,0.021461283574265286,0.020884624741858617,0.01620600142970612,0.014292450476568706,0.015478867339158058,0.01772770458300238,0.019540537196187452,0.022716099102462268,0.019306775099285144,0.02035435084193804,0.017198340166799046,0.017895083780778392,0.021766792779984123,0.023794470142970613,0.01946392260524225,0.020598786505162833,0.02373753426528991,0.02648320825258142,0.027526869245432888,0.02419691804606831,0.02479419171564733,0.022154561223193002,0.02674388868943606,0.020237684297061156,0.03075213150119142,0.020590701803018276,0.01746065690230341,0.025897494209690234,0.028167182859412217,0.027481049594916592,0.014649196346306589,0.02231570780778396,0.021367473097696585,0.020415579722001583,0.02165092239078634,0.02074310199364575,0.022206227156473395,0.020809135663224784,0.0226690918903892,0.019293911604447968,0.022193573876092134,0.021032484972200158,0.02041156646544877,0.01804732989674345,0.014683408570293884,0.019969987148530575,0.018511466759332802,0.022765079809372524,0.019153248014297054
Soda ,0.02044085131056394,0.01620600142970612,0.03762300422557585,0.014489880254169977,0.015268187640984903,0.017735434376489282,0.018776100111199366,0.022816687752184275,0.018560356123907867,0.019587887402700555,0.01691566138204925,0.01837784203335981,0.023156436187450353,0.023209955456711676,0.018427511072279582,0.01951317833200953,0.022608699348689438,0.025460762065131058,0.026376238888006356,0.02315560298649722,0.023790323590150913,0.022113074376489274,0.02564647018268467,0.01893638973788721,0.028368349293089762,0.020775667259729947,0.018810489944400318,0.025932039173947572,0.02658941197776012,0.02628886916600476,0.013811569563145353,0.021487013089753773,0.02073392921366164,0.019705717299444002,0.021354345385226372,0.020476823065925336,0.021994173248610006,0.020011846386020656,0.022731296108022245,0.018521062557585382,0.021384821318506747,0.019961622589356628,0.019799933312152494,0.018093838347895158,0.014558507132644956,0.019596404638602065,0.017652935758538518,0.02176314071485306,0.018671172422557586
Beer ,0.018051009204130258,0.014292450476568706,0.014489880254169977,0.02871631760285942,0.014421881953931692,0.01565189976012708,0.01710669126131851,0.0189137366370135,0.017371052691024628,0.017385791877680693,0.01611499990945195,0.016475032845115173,0.02008039014932487,0.020275473974583003,0.01758842149642574,0.01772357727243844,0.02054077176806989,0.022846384907069094,0.023979006840349485,0.02082521691183479,0.020956101517077053,0.019328865928514693,0.022559591158061953,0.017681776084193804,0.028002872266878472,0.01914260636219221,0.017728645045274032,0.023569738536934077,0.024365884038125493,0.023870673671167592,0.012820721575853854,0.019757772023828436,0.018835133475774424,0.017839706317712464,0.018623600681493248,0.018282683375694997,0.019709663667990474,0.018517294849880857,0.01943447598570294,0.016944079432883237,0.01950952586973789,0.018319010913423348,0.0175097197426529,0.015715029124702146,0.012982380757744244,0.017702996165210486,0.015510903086576653,0.019967250414614772,0.016574482467037334
Smoke,0.019025515361397936,0.015478867339158058,0.015268187640984903,0.014421881953931692,0.032918699316918175,0.016134317315329622,0.01697274854646546,0.019790706513105633,0.016888446878474978,0.017417773423351872,0.014887455361397932,0.016200278474980144,0.01891034594122319,0.020434731898332014,0.017204499094519467,0.0180899384432089,0.020152074980142976,0.02189360065131056,0.022562891755361397,0.019629710659253372,0.02080262540111199,0.018834749864972196,0.022726375980937248,0.017928825083399515,0.026324297696584596,0.018093778443208895,0.017321645655281968,0.02201567995234313,0.02142756660841938,0.023015092263701336,0.01530238474980143,0.01981068166799047,0.018421278776806986,0.01769870076250993,0.01777554273232725,0.017319830516282757,0.018615143812549643,0.017659980492454323,0.02029789850675139,0.018492285385226365,0.019071294185861794,0.018300271389992063,0.0180189952025417,0.016065793455123115,0.01267491922160445,0.018288876250992844,0.015882288149324863,0.019599647656870525,0.01676567645750595
Toys ,0.02411411931056394,0.01772770458300238,0.017735434376489282,0.01565189976012708,0.016134317315329622,0.04232480884988085,0.02340501032724384,0.02702851516600476,0.02335654662589357,0.02507958640667196,0.021094605062748215,0.021971520737092933,0.02757639833359808,0.02850166361080221,0.023046154802223988,0.025502500964257345,0.028481836428911833,0.03255487045432883,0.033724112937251784,0.02971288993486895,0.02976457579825258,0.028418073642573476,0.032130492082605246,0.02337733408260524,0.03738260226846703,0.024667947267672758,0.021155663358220812,0.03149913382208102,0.03877061098967434,0.03416356909293089,0.015139765286735503,0.026763291502779986,0.02494241475297856,0.02401482097378872,0.027183510088959494,0.025193923057982525,0.02733585460047656,0.02479738756473391,0.026999625444003177,0.022325372814932486,0.025696991699761713,0.024753143653693396,0.02492332006671961,0.021519251478951548,0.017064342467037325,0.02231112844162034,0.0226124614725973,0.026087819037331216,0.022836023029388402
Fun  ,0.02718030031135822,0.019540537196187452,0.018776100111199366,0.01710669126131851,0.01697274854646546,0.02340501032724384,0.03256901568069896,0.0294094862065131,0.024724481193010333,0.02679451970293885,0.023302204602065127,0.023786408457505962,0.029889412678316133,0.031238901879269265,0.02509750047339158,0.02582496779507545,0.031037385023034162,0.035195378428911836,0.03677373908498808,0.03175766362827641,0.032602554876886417,0.029318978741858615,0.03539995184432089,0.02565943713264495,0.04153549983796664,0.0258621422319301,0.023574036797458293,0.035785447515488476,0.03897043796346307,0.03795897341382048,0.01659738012390786,0.029806148039714063,0.02813127030500397,0.02670966769340747,0.029448127451945985,0.028277577688641777,0.02968652788085782,0.02738038775536139,0.02957584267990469,0.024429706111199365,0.02917607044479746,0.0275126135186656,0.02696449557108816,0.024056356101667977,0.019144545850675137,0.025363275161239072,0.02335823740587768,0.029828319402700556,0.025584641281969814
Books,0.03196906751707704,0.022716099102462268,0.022816687752184275,0.0189137366370135,0.019790706513105633,0.02702851516600476,0.0294094862065131,0.05290042188880063,0.028534515308975373,0.02979146646703733,0.026603300856235104,0.027128354484511508,0.033213088700556,0.035390586752978556,0.029047914306592527,0.029824273326449567,0.03556127082446388,0.040406984046068316,0.04197858687529786,0.03583426544559174,0.037271996687847496,0.03390846371088166,0.04034603504686258,0.029825806060365372,0.048323194814932476,0.029266305790309765,0.024601937645750596,0.0396512737839555,0.04265206517235901,0.041868721442414616,0.01962189213026211,0.03415488213979349,0.032636028481334386,0.0309485340127085,0.03286486047180301,0.03145983938840349,0.033561989955520254,0.031055111110405077,0.034158273580619535,0.02770287744082605,0.0339754336536934,0.031252024797458304,0.030479928727561556,0.026395305070691023,0.022853905196187446,0.02992382245909452,0.025722996725972988,0.03433659410325654,0.02849863586814932
Hshld,0.026144912670373315,0.019306775099285144,0.018560356123907867,0.017371052691024628,0.016888446878474978,0.02335654662589357,0.024724481193010333,0.028534515308975373,0.030195544926131853,0.026913829345512303,0.022520538136616364,0.0230325915234313,0.027435101288324062,0.030313670997617156,0.02479508093407466,0.02638242183796664,0.03055165104368546,0.03490402853216839,0.03567636939475774,0.030814690665607627,0.0318866035186656,0.02874247558061954,0.03447022777760127,0.025610811969817317,0.040437799123113564,0.026266545949166,0.021457659513899927,0.03388882168546465,0.036734971307386795,0.03643173570135028,0.016620922808578235,0.028289044274821283,0.027613053879269264,0.025639964532168394,0.028169614949960283,0.026879685393169185,0.02863623698332009,0.02660938260841938,0.02834584296584591,0.024219696198570298,0.028335145329626693,0.02669155912629071,0.026886908088959494,0.022950776848292297,0.01865713673232724,0.02461974658300238,0.02266065996346307,0.028483613032565514,0.024555369637807783
Clths,0.026346496835583794,0.02035435084193804,0.019587887402700555,0.017385791877680693,0.017417773423351872,0.02507958640667196,0.02679451970293885,0.02979146646703733,0.026913829345512303,0.04196640447815727,0.02382395795234313,0.02451201549166005,0.028812865040508347,0.03193856479586974,0.025802592635424938,0.029264508563939636,0.0314355044257347,0.035419868884829224,0.0378494707895155,0.031905633426528995,0.03369421846703733,0.030022493111993655,0.0369558967084988,0.027295055671167582,0.04300552442255759,0.02772494729944401,0.021081534379666395,0.03477942858300238,0.04180208580460681,0.037147631250198564,0.017303521753772835,0.029971385532962677,0.02850876456076252,0.027066848957903095,0.030435145278792687,0.028842442803812554,0.030412746088959493,0.028114231288324062,0.03001871599841145,0.025038139779189828,0.030184247204130266,0.028315700571882447,0.03144751953296268,0.025308072339952345,0.019104538679904685,0.02584833436378077,0.025180424465448763,0.030073663911040497,0.025665703099285148
Hlth ,0.026032410011119937,0.017198340166799046,0.01691566138204925,0.01611499990945195,0.014887455361397932,0.021094605062748215,0.023302204602065127,0.026603300856235104,0.022520538136616364,0.02382395795234313,0.031257211976171546,0.023505819901509132,0.030050174085782366,0.0278222617172359,0.023090873131056393,0.02351958142811755,0.027302901928514683,0.03152036328355837,0.03292873810643366,0.028051083555202545,0.028539166679904686,0.027456099961874512,0.03156096718347895,0.022835571826846708,0.03680639980301827,0.023746031969817314,0.021530541871326442,0.03067142982843526,0.03391363260683082,0.03297337948848293,0.014565495116759333,0.02649046531691819,0.025766542651310557,0.024215307594916594,0.026406574768864176,0.025299601501191413,0.026863432195393177,0.024924493223193005,0.026410651642573467,0.021724442667196187,0.026032334988085774,0.024532063812549642,0.024141583088165205,0.0210817575567911,0.01740336398888006,0.023534376835583796,0.02073624891024622,0.02648446606513105,0.022867311880857815
MedEq,0.025727756098490873,0.017895083780778392,0.01837784203335981,0.016475032845115173,0.016200278474980144,0.021971520737092933,0.023786408457505962,0.027128354484511508,0.0230325915234313,0.02451201549166005,0.023505819901509132,0.027721792177918987,0.031865935447180305,0.028887817239078642,0.023916491965051623,0.024506317947577443,0.028496091323272445,0.03229768076886417,0.033745643234312936,0.029310158563939634,0.029747054106433676,0.0279189674217633,0.032245965280381254,0.023899365750595716,0.03757125841461478,0.024947429769658455,0.02263359081175536,0.03229203606671962,0.03667384907386814,0.03424019840508339,0.01572843328355838,0.02739372451787132,0.02586613227640985,0.02510928084511516,0.02782769049086576,0.026538316822875295,0.027684162802223997,0.026328842395552023,0.02727480115647339,0.02218099511993646,0.02648778338363781,0.025370866719618745,0.024963958042891185,0.02164286923590151,0.017861666992851463,0.02378767808737093,0.02099925189515488,0.02757257352819698,0.02364536487370929
Drugs,0.03197000671326449,0.021766792779984123,0.023156436187450353,0.02008039014932487,0.01891034594122319,0.02757639833359808,0.029889412678316133,0.033213088700556,0.027435101288324062,0.028812865040508347,0.030050174085782366,0.031865935447180305,0.0511391037505957,0.035339633142176335,0.02862223712152502,0.02977835421286736,0.03461151839872914,0.039259985974583,0.03882298108657663,0.03482689524066719,0.03548439447974583,0.0349351602192216,0.038835330239872914,0.028503635146942017,0.04507666352343132,0.030649002708498806,0.028743591809372523,0.03960338433836378,0.04166565578713264,0.04132578968069894,0.018293466223987292,0.0337945776028594,0.03187916325178713,0.03066362065607625,0.03482770205083399,0.033891618848292296,0.03490130492613185,0.03265599112311358,0.03245698153613979,0.02625081281493249,0.0321020968308181,0.03070664007942812,0.03025033642891183,0.02695863359173948,0.021170879909451948,0.028062818417791895,0.025763271258141388,0.03308101033200952,0.029761306714853053
Chems,0.03356255869420174,0.023794470142970613,0.023209955456711676,0.020275473974583003,0.020434731898332014,0.02850166361080221,0.031238901879269265,0.035390586752978556,0.030313670997617156,0.03193856479586974,0.0278222617172359,0.028887817239078642,0.035339633142176335,0.045836716789515494,0.03180017674980143,0.03145221820651311,0.03909587395710881,0.04394717481016679,0.0488802060714853,0.041097661734710085,0.04177902974583002,0.03785156929944401,0.04441450792374901,0.03232727521048451,0.05294336305639395,0.032424804614773636,0.03712357412549643,0.0500933648816521,0.05755373965687054,0.05358928214773629,0.020393528139793487,0.03577027563621922,0.034339175299444,0.03257365912470215,0.03676181342811754,0.03382176988880064,0.037113305104050844,0.034342292130262096,0.036542106085782386,0.031485175077045284,0.036019440786338355,0.03447689647339158,0.031878133448768865,0.027363319806195396,0.022851600061953924,0.030783607119936454,0.029236176300238285,0.03663779029706115,0.031149221161239082
Rubbr,0.027387883507545667,0.01946392260524225,0.018427511072279582,0.01758842149642574,0.017204499094519467,0.023046154802223988,0.02509750047339158,0.029047914306592527,0.02479508093407466,0.025802592635424938,0.023090873131056393,0.023916491965051623,0.02862223712152502,0.03180017674980143,0.03420992499444003,0.026118162598888,0.032023585283558385,0.0358042512279587,0.03779551823987291,0.03243570006671961,0.033011007974582986,0.029727861642573468,0.03525881113264495,0.026191708784749787,0.04189192115011913,0.025849636187450353,0.02679394406989674,0.03623930533439238,0.03930217220651311,0.03779008916918189,0.017377120165210484,0.028760465175536144,0.027890632050834,0.02664668130897537,0.0289282528482923,0.027339016870532168,0.029414045858617947,0.02736603354408261,0.02987331030341541,0.02532940984273232,0.028916019698173145,0.027528546783161235,0.026243910525814134,0.02257116487370929,0.019153823771247025,0.02541187509451946,0.02327983557744241,0.029618772123907865,0.025174641804606837
Txtls,0.02741079253693407,0.020598786505162833,0.01951317833200953,0.01772357727243844,0.0180899384432089,0.025502500964257345,0.02582496779507545,0.029824273326449567,0.02638242183796664,0.029264508563939636,0.02351958142811755,0.024506317947577443,0.02977835421286736,0.03145221820651311,0.026118162598888,0.042570379823669575,0.032701789903097696,0.03786221149642573,0.03689684682764098,0.03341687669261319,0.03312218413820491,0.030623502058776803,0.03625027971723591,0.02618358054805401,0.04228028101032564,0.027543129110405077,0.021084626255758538,0.03427996331532962,0.038001303933280384,0.0363797412359015,0.016749000057188244,0.030010898025416996,0.028209829911040506,0.027220522543288325,0.029767450273232722,0.028159497116759337,0.030171148366957896,0.027954780784749788,0.030742403397934864,0.025162971229547266,0.029737045949166013,0.027586439348689436,0.028349046916600482,0.024275181162827644,0.019649990311358216,0.025810684571882445,0.024799539887212067,0.029776409861795076,0.02578942945035742
BldMt,0.03281045495154885,0.02373753426528991,0.022608699348689438,0.02054077176806989,0.020152074980142976,0.028481836428911833,0.031037385023034162,0.03556127082446388,0.03055165104368546,0.0314355044257347,0.027302901928514683,0.028496091323272445,0.03461151839872914,0.03909587395710881,0.032023585283558385,0.032701789903097696,0.04473573481175536,0.04651403474503573,0.04741141831294677,0.04083592801906274,0.04128492705321685,0.03668185848451151,0.04376572074980144,0.031819393772835575,0.0525014181985703,0.032279810293884034,0.032507574627482126,0.045858071313741075,0.05195570668149324,0.048467433181890375,0.020484230525814138,0.0353222821477363,0.03441648203971405,0.03249238645909453,0.035370654030182684,0.033205370230341535,0.03627358117871327,0.03368095644797457,0.03652575136457506,0.030441412714853063,0.03592272162033359,0.034081119777601275,0.032317428727561555,0.027617947755361392,0.023511133305798255,0.030842299075456714,0.029227855193010324,0.03640635276886417,0.03094425900555996
Cnstr,0.03697733840508341,0.02648320825258142,0.025460762065131058,0.022846384907069094,0.02189360065131056,0.03255487045432883,0.035195378428911836,0.040406984046068316,0.03490402853216839,0.035419868884829224,0.03152036328355837,0.03229768076886417,0.039259985974583,0.04394717481016679,0.0358042512279587,0.03786221149642573,0.04651403474503573,0.06367538193963461,0.05322506035583796,0.04521402127720413,0.04634361948371724,0.04160675361080221,0.049428496276409835,0.03563575184273233,0.05872474342811755,0.03586736521842733,0.03677840712311357,0.05151969000953137,0.06013864079110405,0.0546865519364575,0.02339581570770453,0.03998185499761715,0.039280930241461474,0.03654506322954725,0.03967141950913423,0.037350891731532956,0.04066920595869738,0.037781668073073864,0.04057205616679904,0.033748134022239876,0.04083587325655282,0.03791824061953933,0.036457658494042894,0.03145998533121526,0.026503847566322472,0.03521664996664019,0.033989383156473395,0.04066198154725973,0.03463183726290708
Steel,0.03932557865607625,0.027526869245432888,0.026376238888006356,0.023979006840349485,0.022562891755361397,0.033724112937251784,0.03677373908498808,0.04197858687529786,0.03567636939475774,0.0378494707895155,0.03292873810643366,0.033745643234312936,0.03882298108657663,0.0488802060714853,0.03779551823987291,0.03689684682764098,0.04741141831294677,0.05322506035583796,0.06899717489436062,0.049533677166004764,0.05083564112787927,0.04455107137728357,0.05298307736934074,0.038088182573471005,0.0641139505512311,0.037763061652104836,0.05023941940587769,0.06237424335822081,0.08096129333121527,0.06682003062112787,0.023931183402700545,0.04248978775853851,0.04123554293566322,0.03847333830341541,0.04313804516918189,0.03949034616362193,0.044005258830818114,0.0403853887974583,0.043602996883240666,0.037532526954725975,0.04309613752184275,0.04163432781572677,0.03752324770135028,0.031970469680698964,0.027499120861000786,0.036603406125496424,0.035170688670373304,0.043752517801429705,0.03666683596187451
FabPr,0.03554739883081811,0.02419691804606831,0.02315560298649722,0.02082521691183479,0.019629710659253372,0.02971288993486895,0.03175766362827641,0.03583426544559174,0.030814690665607627,0.031905633426528995,0.028051083555202545,0.029310158563939634,0.03482689524066719,0.041097661734710085,0.03243570006671961,0.03341687669261319,0.04083592801906274,0.04521402127720413,0.049533677166004764,0.08565410579189835,0.04371889281969817,0.03949119385544082,0.045303246138204925,0.03260253917394759,0.055514038208101676,0.033029839634630645,0.03334188224940429,0.04568089161874504,0.056267137810961085,0.0521397792152502,0.021103757413820496,0.03638756024463862,0.035384141537728356,0.033374187231135825,0.036826202563939654,0.03421007957108816,0.03707174248451152,0.035117757312152505,0.03752865429388403,0.03112644260206513,0.03555505872915013,0.03519691758538522,0.03310914250675139,0.027763725121525015,0.0239714509324861,0.031282701693407466,0.029651469131056384,0.036962458770452726,0.031454606096902295
Mach ,0.03507940474980143,0.02479419171564733,0.023790323590150913,0.020956101517077053,0.02080262540111199,0.02976457579825258,0.032602554876886417,0.037271996687847496,0.0318866035186656,0.03369421846703733,0.028539166679904686,0.029747054106433676,0.03548439447974583,0.04177902974583002,0.033011007974582986,0.03312218413820491,0.04128492705321685,0.04634361948371724,0.05083564112787927,0.04371889281969817,0.04645065467037331,0.039136145242255754,0.04669161393169181,0.03402582941223193,0.05662368019062748,0.03376561422557585,0.03484960222398728,0.04894302245432884,0.05813644827640983,0.054414283749007135,0.02149075415409055,0.03734041060365369,0.03611105764098491,0.03421636143764892,0.03856177498808579,0.03535968517077045,0.039203353939634644,0.0359928793963463,0.038364287108816515,0.03211494116759332,0.03790803409849086,0.036091051072279584,0.03369951760127085,0.02881668328832406,0.024368250524225574,0.03234575347100873,0.029985234209690233,0.03846508641779191,0.03226377505162827
ElcEq,0.032754102379666396,0.022154561223193002,0.022113074376489274,0.019328865928514693,0.018834749864972196,0.028418073642573476,0.029318978741858615,0.03390846371088166,0.02874247558061954,0.030022493111993655,0.027456099961874512,0.0279189674217633,0.0349351602192216,0.03785156929944401,0.029727861642573468,0.030623502058776803,0.03668185848451151,0.04160675361080221,0.04455107137728357,0.03949119385544082,0.039136145242255754,0.04566488127720412,0.04181971759809373,0.03055592430500397,0.049723996257347094,0.03039082171564733,0.02962919080540111,0.043384454611596505,0.051742478290706904,0.04659365466560762,0.018770756225575856,0.033856916216044475,0.03274844417156473,0.03104452405718824,0.03514174646227163,0.03269495957108815,0.03553423726449563,0.03245660876250993,0.03420063219380462,0.028605782884829227,0.03395769193010326,0.03249279958697379,0.030211172447974576,0.026087924555996827,0.022148771809372518,0.02903510483240667,0.02744954714217633,0.034580314903891976,0.029656514767275606
Autos,0.03780486032724384,0.02674388868943606,0.02564647018268467,0.022559591158061953,0.022726375980937248,0.032130492082605246,0.03539995184432089,0.04034603504686258,0.03447022777760127,0.0369558967084988,0.03156096718347895,0.032245965280381254,0.038835330239872914,0.04441450792374901,0.03525881113264495,0.03625027971723591,0.04376572074980144,0.049428496276409835,0.05298307736934074,0.045303246138204925,0.04669161393169181,0.04181971759809373,0.055960414354249394,0.03650209062748213,0.05932773411914217,0.035969217490071474,0.03418585084034947,0.05025173757903098,0.058704331323272435,0.0541760420714853,0.022622718138204927,0.03983032004130262,0.03928891850992851,0.036607898614773635,0.04104697437013502,0.03812634190627481,0.04162602828594122,0.03827652141699762,0.04145398306910247,0.034356172362192204,0.04095337148530581,0.03822235437648928,0.036835482846703745,0.03160842112152502,0.026095833769658457,0.034985941070691015,0.032366057953931694,0.04093158828276409,0.034377206071485304
Aero ,0.027789697458300233,0.020237684297061156,0.01893638973788721,0.017681776084193804,0.017928825083399515,0.02337733408260524,0.02565943713264495,0.029825806060365372,0.025610811969817317,0.027295055671167582,0.022835571826846708,0.023899365750595716,0.028503635146942017,0.03232727521048451,0.026191708784749787,0.02618358054805401,0.031819393772835575,0.03563575184273233,0.038088182573471005,0.03260253917394759,0.03402582941223193,0.03055592430500397,0.03650209062748213,0.034397985631453534,0.04390620590945195,0.0285584350675139,0.022829014837172368,0.03518695379666401,0.03932089034154089,0.03735974115965052,0.017886473613979346,0.0296191431850675,0.029124044106433676,0.02742743702144559,0.029715336386020644,0.027951399864972203,0.030274679023034157,0.028384522541699767,0.031048047521842728,0.025991514829229546,0.030174016560762507,0.028295894916600475,0.02690015947577442,0.023432108196981723,0.019714944853057977,0.026521065750595714,0.02384862826846703,0.03062633089753772,0.025427698069896736
Ships,0.04378522793963461,0.03075213150119142,0.028368349293089762,0.028002872266878472,0.026324297696584596,0.03738260226846703,0.04153549983796664,0.048323194814932476,0.040437799123113564,0.04300552442255759,0.03680639980301827,0.03757125841461478,0.04507666352343132,0.05294336305639395,0.04189192115011913,0.04228028101032564,0.0525014181985703,0.05872474342811755,0.0641139505512311,0.055514038208101676,0.05662368019062748,0.049723996257347094,0.05932773411914217,0.04390620590945195,0.09535723727402702,0.04410849267672756,0.043205796015885624,0.06235583674027007,0.07419209328673554,0.06879292125814139,0.027978672095313736,0.047661660123907865,0.04653243313105641,0.0433977524765687,0.04828316722478158,0.04453997842732327,0.048519595660047654,0.0448852109864972,0.049309575243844314,0.04075110861953932,0.05010761042096901,0.04582925582208103,0.043527184076250995,0.03652682212549641,0.030960007758538518,0.041606556683081816,0.03615675668943607,0.048808474046068306,0.04150103792851468
Guns ,0.027777413486894355,0.020590701803018276,0.020775667259729947,0.01914260636219221,0.018093778443208895,0.024667947267672758,0.0258621422319301,0.029266305790309765,0.026266545949166,0.02772494729944401,0.023746031969817314,0.024947429769658455,0.030649002708498806,0.032424804614773636,0.025849636187450353,0.027543129110405077,0.032279810293884034,0.03586736521842733,0.037763061652104836,0.033029839634630645,0.03376561422557585,0.03039082171564733,0.035969217490071474,0.0285584350675139,0.04410849267672756,0.04622419640190627,0.024633564797458304,0.03566655109610802,0.03902178073073869,0.03776497855440826,0.017064443208895948,0.030119697116759332,0.029201199340746612,0.027520640770452735,0.02989690938046069,0.028350144996028597,0.030880437561556798,0.028802087498014297,0.03088748164416204,0.025497549015091343,0.030380413701350282,0.02812289606036537,0.027979907529785537,0.02388620881652105,0.019453658149324867,0.026487762430500397,0.023902401834789526,0.030542419634630658,0.025954286441620327
Gold ,0.03161635727402701,0.01746065690230341,0.018810489944400318,0.017728645045274032,0.017321645655281968,0.021155663358220812,0.023574036797458293,0.024601937645750596,0.021457659513899927,0.021081534379666395,0.021530541871326442,0.02263359081175536,0.028743591809372523,0.03712357412549643,0.02679394406989674,0.021084626255758538,0.032507574627482126,0.03677840712311357,0.05023941940587769,0.03334188224940429,0.03484960222398728,0.02962919080540111,0.03418585084034947,0.022829014837172368,0.043205796015885624,0.024633564797458304,0.19303508749166004,0.07589332550278,0.08332553247339157,0.06033758000953137,0.019120057048451152,0.028454839053216836,0.025908739234312948,0.024220129137410642,0.0291089620714853,0.026502257728355842,0.03065453134868943,0.027277139806195387,0.027172665175536147,0.02674173621604448,0.025702024813343927,0.027367064209690223,0.021483594865766478,0.01815029338204924,0.015400238430500398,0.021552946077839558,0.022179775517077047,0.029675975370929315,0.025679468447974578
Mines,0.03923847832565529,0.025897494209690234,0.025932039173947572,0.023569738536934077,0.02201567995234313,0.03149913382208102,0.035785447515488476,0.0396512737839555,0.03388882168546465,0.03477942858300238,0.03067142982843526,0.03229203606671962,0.03960338433836378,0.0500933648816521,0.03623930533439238,0.03427996331532962,0.045858071313741075,0.05151969000953137,0.06237424335822081,0.04568089161874504,0.04894302245432884,0.043384454611596505,0.05025173757903098,0.03518695379666401,0.06235583674027007,0.03566655109610802,0.07589332550278,0.08917585933439234,0.08750701423034155,0.0719691530802224,0.023472334436854644,0.04103456424305005,0.039130099820492446,0.03671567757426528,0.04290793056552819,0.03916068812549643,0.042884849628276406,0.038949200273232724,0.04144203778713264,0.036666229891977764,0.04079759196981731,0.039925812343129474,0.03479509703256551,0.029784035275615572,0.02537110546942017,0.03377336767911041,0.03244321443526608,0.041953667647339155,0.035945409193010334
Coal ,0.04356283511993645,0.028167182859412217,0.02658941197776012,0.024365884038125493,0.02142756660841938,0.03877061098967434,0.03897043796346307,0.04265206517235901,0.036734971307386795,0.04180208580460681,0.03391363260683082,0.03667384907386814,0.04166565578713264,0.05755373965687054,0.03930217220651311,0.038001303933280384,0.05195570668149324,0.06013864079110405,0.08096129333121527,0.056267137810961085,0.05813644827640983,0.051742478290706904,0.058704331323272435,0.03932089034154089,0.07419209328673554,0.03902178073073869,0.08332553247339157,0.08750701423034155,0.22197024578872113,0.09866971439555204,0.027153106884829227,0.047051499250198574,0.04432870628435266,0.04089990102303416,0.05019703586656076,0.04343786225575854,0.050238131688641795,0.04407809921525019,0.04666179791262909,0.04042946780937251,0.04697508233518666,0.04601441197776012,0.03976900440984909,0.03185023257823669,0.028211896670373302,0.03710306807307387,0.03852270012073074,0.04723940122637013,0.04143009383002382
Oil  ,0.04075909141223193,0.027481049594916592,0.02628886916600476,0.023870673671167592,0.023015092263701336,0.03416356909293089,0.03795897341382048,0.041868721442414616,0.03643173570135028,0.037147631250198564,0.03297337948848293,0.03424019840508339,0.04132578968069894,0.05358928214773629,0.03779008916918189,0.0363797412359015,0.048467433181890375,0.0546865519364575,0.06682003062112787,0.0521397792152502,0.054414283749007135,0.04659365466560762,0.0541760420714853,0.03735974115965052,0.06879292125814139,0.03776497855440826,0.06033758000953137,0.0719691530802224,0.09866971439555204,0.10282219796028594,0.026572453648927716,0.04372110313582208,0.041516260155679115,0.03848855128196982,0.04511356013343924,0.041298530802223975,0.04507787444638602,0.04134273097378874,0.04295188436536935,0.03711162028276409,0.04292472162033361,0.043674030246227166,0.03770697856711676,0.03018082942652898,0.02713323633359809,0.03577468317077045,0.03569161119618745,0.04405598007307387,0.038246690433677524
Util ,0.018083361474185853,0.014649196346306589,0.013811569563145353,0.012820721575853854,0.01530238474980143,0.015139765286735503,0.01659738012390786,0.01962189213026211,0.016620922808578235,0.017303521753772835,0.014565495116759333,0.01572843328355838,0.018293466223987292,0.020393528139793487,0.017377120165210484,0.016749000057188244,0.020484230525814138,0.02339581570770453,0.023931183402700545,0.021103757413820496,0.02149075415409055,0.018770756225575856,0.022622718138204927,0.017886473613979346,0.027978672095313736,0.017064443208895948,0.019120057048451152,0.023472334436854644,0.027153106884829227,0.026572453648927716,0.019948841213661635,0.019687528622716437,0.018563738325655287,0.017436215065925336,0.017691798710087372,0.017017582017474185,0.018343606017474187,0.017589250922954727,0.020015510525814132,0.01793416466401906,0.019237555901509135,0.01825084279586973,0.01746178776171565,0.01555534110881652,0.012785906344718025,0.01810837212390786,0.015916547380460683,0.01966529777918983,0.0172485365146942
Telcm,0.031008649000794287,0.02231570780778396,0.021487013089753773,0.019757772023828436,0.01981068166799047,0.026763291502779986,0.029806148039714063,0.03415488213979349,0.028289044274821283,0.029971385532962677,0.02649046531691819,0.02739372451787132,0.0337945776028594,0.03577027563621922,0.028760465175536144,0.030010898025416996,0.0353222821477363,0.03998185499761715,0.04248978775853851,0.03638756024463862,0.03734041060365369,0.033856916216044475,0.03983032004130262,0.0296191431850675,0.047661660123907865,0.030119697116759332,0.028454839053216836,0.04103456424305005,0.047051499250198574,0.04372110313582208,0.019687528622716437,0.03822535156632247,0.03209097578554409,0.030567131204130262,0.03382898162192217,0.03207675538522638,0.03427967012073073,0.03144787312470213,0.03349736391898332,0.028182971432883237,0.03318887216044481,0.0313865708816521,0.030181217509134235,0.026333865617156477,0.022156042975377287,0.02924507636854646,0.02669530317235901,0.03419963822716443,0.028834981710881637
PerSv,0.030725278827640982,0.021367473097696585,0.02073392921366164,0.018835133475774424,0.018421278776806986,0.02494241475297856,0.02813127030500397,0.032636028481334386,0.027613053879269264,0.02850876456076252,0.025766542651310557,0.02586613227640985,0.03187916325178713,0.034339175299444,0.027890632050834,0.028209829911040506,0.03441648203971405,0.039280930241461474,0.04123554293566322,0.035384141537728356,0.03611105764098491,0.03274844417156473,0.03928891850992851,0.029124044106433676,0.04653243313105641,0.029201199340746612,0.025908739234312948,0.039130099820492446,0.04432870628435266,0.041516260155679115,0.018563738325655287,0.03209097578554409,0.043247517297855434,0.029743046721207308,0.032162274085782365,0.030361275178713263,0.033049604745035745,0.030387674287529788,0.03224279324702144,0.026571764287529793,0.03282049937251787,0.030276201445591736,0.02947601174583002,0.025319937159650516,0.021131617968228756,0.02802413454805401,0.025766390387609212,0.03250567432565528,0.027437425749007146
BusSv,0.028623829194598892,0.020415579722001583,0.019705717299444002,0.017839706317712464,0.01769870076250993,0.02401482097378872,0.02670966769340747,0.0309485340127085,0.025639964532168394,0.027066848957903095,0.024215307594916594,0.02510928084511516,0.03066362065607625,0.03257365912470215,0.02664668130897537,0.027220522543288325,0.03249238645909453,0.03654506322954725,0.03847333830341541,0.033374187231135825,0.03421636143764892,0.03104452405718824,0.036607898614773635,0.02742743702144559,0.0433977524765687,0.027520640770452735,0.024220129137410642,0.03671567757426528,0.04089990102303416,0.03848855128196982,0.017436215065925336,0.030567131204130262,0.029743046721207308,0.02995040759173947,0.030678073984114373,0.02923081646544877,0.03113632702621128,0.028898339215250195,0.031003312185861786,0.02563268525972994,0.030583234718030178,0.02872275200953138,0.027517833687053215,0.024046653118347895,0.020349666019062754,0.026696933092930888,0.023955742400317705,0.031110457334392373,0.025996025640984896
Hardw,0.03021304286894361,0.02165092239078634,0.021354345385226372,0.018623600681493248,0.01777554273232725,0.027183510088959494,0.029448127451945985,0.03286486047180301,0.028169614949960283,0.030435145278792687,0.026406574768864176,0.02782769049086576,0.03482770205083399,0.03676181342811754,0.0289282528482923,0.029767450273232722,0.035370654030182684,0.03967141950913423,0.04313804516918189,0.036826202563939654,0.03856177498808579,0.03514174646227163,0.04104697437013502,0.029715336386020644,0.04828316722478158,0.02989690938046069,0.0291089620714853,0.04290793056552819,0.05019703586656076,0.04511356013343924,0.017691798710087372,0.03382898162192217,0.032162274085782365,0.030678073984114373,0.04288890797617156,0.03411136510722796,0.037243106498808576,0.032875565960285937,0.03384722676250994,0.027904446794281182,0.03286808146942018,0.031675648562351076,0.0300890770166799,0.026140731606036537,0.02138719487370929,0.027962545979348694,0.026855786476568708,0.034418250776806984,0.02890445510246227
Softw,0.029345770341540907,0.02074310199364575,0.020476823065925336,0.018282683375694997,0.017319830516282757,0.025193923057982525,0.028277577688641777,0.03145983938840349,0.026879685393169185,0.028842442803812554,0.025299601501191413,0.026538316822875295,0.033891618848292296,0.03382176988880064,0.027339016870532168,0.028159497116759337,0.033205370230341535,0.037350891731532956,0.03949034616362193,0.03421007957108816,0.03535968517077045,0.03269495957108815,0.03812634190627481,0.027951399864972203,0.04453997842732327,0.028350144996028597,0.026502257728355842,0.03916068812549643,0.04343786225575854,0.041298530802223975,0.017017582017474185,0.03207675538522638,0.030361275178713263,0.02923081646544877,0.03411136510722796,0.03390063833995234,0.03354417319301033,0.030383722446386017,0.031681792017474196,0.02588952312152501,0.031158229396346306,0.02951469297855441,0.028732561667990465,0.024999143685464666,0.020424302120730743,0.026631802112787928,0.02524588501191422,0.03218078373312152,0.027147842025416993
Chips,0.03186611031930103,0.022206227156473395,0.021994173248610006,0.019709663667990474,0.018615143812549643,0.02733585460047656,0.02968652788085782,0.033561989955520254,0.02863623698332009,0.030412746088959493,0.026863432195393177,0.027684162802223997,0.03490130492613185,0.037113305104050844,0.029414045858617947,0.030171148366957896,0.03627358117871327,0.04066920595869738,0.044005258830818114,0.03707174248451152,0.039203353939634644,0.03553423726449563,0.04162602828594122,0.030274679023034157,0.048519595660047654,0.030880437561556798,0.03065453134868943,0.042884849628276406,0.050238131688641795,0.04507787444638602,0.018343606017474187,0.03427967012073073,0.033049604745035745,0.03113632702621128,0.037243106498808576,0.03354417319301033,0.03985439772994441,0.03353530683399523,0.03401589375218428,0.028124978756155675,0.03380538483717237,0.03201672198570294,0.030630865833200953,0.026310922328832406,0.02201562815409055,0.02885229867196187,0.02693905588085782,0.03502711276250993,0.0290951761985703
LabEq,0.02923374003494837,0.020809135663224784,0.020011846386020656,0.018517294849880857,0.017659980492454323,0.02479738756473391,0.02738038775536139,0.031055111110405077,0.02660938260841938,0.028114231288324062,0.024924493223193005,0.026328842395552023,0.03265599112311358,0.034342292130262096,0.02736603354408261,0.027954780784749788,0.03368095644797457,0.037781668073073864,0.0403853887974583,0.035117757312152505,0.0359928793963463,0.03245660876250993,0.03827652141699762,0.028384522541699767,0.0448852109864972,0.028802087498014297,0.027277139806195387,0.038949200273232724,0.04407809921525019,0.04134273097378874,0.017589250922954727,0.03144787312470213,0.030387674287529788,0.028898339215250195,0.032875565960285937,0.030383722446386017,0.03353530683399523,0.03402870307227959,0.03176506910881652,0.026292527917394753,0.031096430468625896,0.02961616352660842,0.02813109865607625,0.024512722115965044,0.020566745251787127,0.027152860219221604,0.02466125906910245,0.032149784921366165,0.027088161976171563
Paper,0.031058888136616357,0.0226690918903892,0.022731296108022245,0.01943447598570294,0.02029789850675139,0.026999625444003177,0.02957584267990469,0.034158273580619535,0.02834584296584591,0.03001871599841145,0.026410651642573467,0.02727480115647339,0.03245698153613979,0.036542106085782386,0.02987331030341541,0.030742403397934864,0.03652575136457506,0.04057205616679904,0.043602996883240666,0.03752865429388403,0.038364287108816515,0.03420063219380462,0.04145398306910247,0.031048047521842728,0.049309575243844314,0.03088748164416204,0.027172665175536147,0.04144203778713264,0.04666179791262909,0.04295188436536935,0.020015510525814132,0.03349736391898332,0.03224279324702144,0.031003312185861786,0.03384722676250994,0.031681792017474196,0.03401589375218428,0.03176506910881652,0.04510001375536141,0.03098241211914217,0.033941071334392385,0.031902752708498815,0.030522536193804604,0.026273025324860998,0.022414081177124703,0.030188057248609998,0.027087418235107234,0.034542855326449566,0.028621903159650516
