,Agric,Food ,Soda ,Beer ,Smoke,Toys ,Fun  ,Books,Hshld,Clths,Hlth ,MedEq,Drugs,Chems,Rubbr,Txtls,BldMt,Cnstr,Steel,FabPr,Mach ,ElcEq,Autos,Aero ,Ships,Guns ,Gold ,Mines,Coal ,Oil  ,Util ,Telcm,PerSv,BusSv,Hardw,Softw,Chips,LabEq,Paper,Boxes,Trans,Whlsl,Rtail,Meals,Banks,Insur,RlEst,Fin  ,Other
Agric,0.058746138961080226,0.02129855885941223,0.020545979215250195,0.018410214538522637,0.018854965760127084,0.024039748892772043,0.02702348121366163,0.031820843253375704,0.02602176693884035,0.026088294150913426,0.025672659526608427,0.025431406630659247,0.03123257919936457,0.03330540196028593,0.027278367891977764,0.02720329451310563,0.03274589855123114,0.03671552092454329,0.03931332164575061,0.035224627221604445,0.03492531068784749,0.032534412797458306,0.03763161738204926,0.027522164181096105,0.0437395782748213,0.027511799116759328,0.03142940131532962,0.039056683129467834,0.043966827755361405,0.04059211917394757,0.017976914881652102,0.030808484949960285,0.030552085385226368,0.028488415040508343,0.029871214262112786,0.0291715844892772,0.031718167278792696,0.029122626303415403,0.030824369852263712,0.02562270544241461,0.031396186789515494,0.02902591589515488,0.027747122198570295,0.02423111661000794,0.020182859660047656,0.026671016416203334,0.024588247377283552,0.031954618951548844,0.026534664708498804
Food ,0.02129855885941223,0.02058702204765687,0.016155893220015885,0.014305862516282764,0.015380174689436059,0.017654683980937246,0.01955949721683876,0.022707311891977756,0.01914896393328038,0.020202123186656075,0.01699736977601271,0.01779770343606036,0.021489888605242258,0.023692037606036533,0.01947629837331215,0.02052863036060365,0.023688662368546467,0.0262201491644162,0.027599330027005563,0.024155160130262116,0.02479592659412232,0.021997880670373306,0.026697345288324063,0.020134813604447972,0.0306246594090548,0.020172865366163615,0.01761846985861795,0.025921406806989677,0.028425092444797455,0.027494026862589352,0.014450361129467827,0.02220013312470214,0.02119942213661636,0.020359097801429707,0.021643788659253375,0.02068187982843526,0.022223365621922155,0.02075255749166005,0.02249348794122319,0.019065154236695796,0.022036130973788714,0.020897598049245437,0.020138239202541697,0.017980018120730735,0.014605048025416994,0.019856512379666402,0.018436746033359805,0.02271333309769658,0.019036891394757744
Soda ,0.020545979215250195,0.016155893220015885,0.03691404542652899,0.014128491202541699,0.015305710192216045,0.01780633186338364,0.018812561817315332,0.022962964206513108,0.018694462760921366,0.019893040838760916,0.0166368922827641,0.018397819593328032,0.022776016880063542,0.02328598534392375,0.018351511879269262,0.01970842960444797,0.02270248272915012,0.02551164918506751,0.026472870208101677,0.023361704171564728,0.02402447481810961,0.02225614207466243,0.025822919018268463,0.019266658986497223,0.028497590983320095,0.020989165979348686,0.018873494055599682,0.026021692660841932,0.02675815512629071,0.02646156365369341,0.013881005048451156,0.021565593893566326,0.020866254916600473,0.019720604047656867,0.021401240409849087,0.020510347729944402,0.022099410074662425,0.019937154754567116,0.022730670948371723,0.018456947094519453,0.02149034939475775,0.02002362747577442,0.019877584406671957,0.018056233274027004,0.014511861185067516,0.019564861753772842,0.01759053573312153,0.021780857680698967,0.01869819493884035
Beer ,0.018410214538522637,0.014305862516282764,0.014128491202541699,0.02765210949007148,0.014337534967434472,0.01555185365528197,0.017079591116759333,0.018880585505957108,0.017187735688641778,0.017764149731532963,0.015935740212867353,0.01647320743129468,0.019948925594916598,0.020353999138999206,0.017622745220015883,0.017622203132644954,0.02056473484670373,0.022684979752184267,0.024071309471008735,0.021192060066719618,0.021023755148530575,0.01945446502303415,0.022630719545671158,0.017919230125496427,0.028086114738681493,0.01899342174424146,0.018319152781572676,0.023647593216838764,0.023971885248610002,0.023410676187450356,0.012902109969817313,0.019636985023034154,0.018836151755361397,0.017715296387609214,0.01865140061318506,0.01821090921683876,0.019623368759332804,0.018526318484511514,0.019345789601270848,0.017123790996028593,0.019385584127084993,0.018376728533756947,0.017296999663224778,0.01569321376012708,0.01281608618268467,0.017616187129467827,0.01542383902779984,0.019909223399523425,0.01670101365845909
Smoke,0.018854965760127084,0.015380174689436059,0.015305710192216045,0.014337534967434472,0.03282487531532963,0.016059664524225577,0.016933815844320885,0.019748844555996823,0.01677027076727562,0.01744174770135028,0.014873465737887212,0.016168806654487687,0.01869553147100874,0.020458295169181896,0.017211666144559174,0.018099855911040512,0.020121229758538518,0.02165970692136616,0.022730020644956318,0.019695092686258936,0.020838901895154888,0.01886497919936457,0.022720252370135023,0.017916369232724383,0.026169393064336778,0.018088317051628278,0.017325944031771245,0.021999176115965045,0.02219572486417792,0.023212512136616372,0.015157795207307385,0.019792031876092138,0.0183556563542494,0.01763697718506751,0.01767767093407466,0.01720402223351867,0.01855473529308976,0.01755761434948372,0.02012590117077045,0.01836297394122319,0.018877451380460684,0.018229747571088164,0.01783470616997617,0.015997509342335188,0.012551119803018271,0.018177937663224782,0.015971250014297056,0.01952208664813344,0.01665514673391581
Toys ,0.024039748892772043,0.017654683980937246,0.01780633186338364,0.01555185365528197,0.016059664524225577,0.04229190049880858,0.023466381146942016,0.026985555494837166,0.02333578154725973,0.024970664343129462,0.0209311392152502,0.02181415968546466,0.027370499027799842,0.028162728930897538,0.023135525693407464,0.025390884778395545,0.028550995606036536,0.03248663946942018,0.033666010338363785,0.029783632228752983,0.029870821531374103,0.02815775651787134,0.03217591854805401,0.023148884695790316,0.03740068786656076,0.024531643513899918,0.02161427559015091,0.03164160957903098,0.03878445127243845,0.03408982204924543,0.015094072111199367,0.026590128019062742,0.024857198776806987,0.023973243914217637,0.027069336320889596,0.025113190513105635,0.027324611415409056,0.024684257274026997,0.026993774497220013,0.0220461487339158,0.025587820289118345,0.024705776756155668,0.024832564085782365,0.021574647844320886,0.017051332149324857,0.022337978239872915,0.022690169995234308,0.025985032327243838,0.022812391552025416
Fun  ,0.02702348121366163,0.01955949721683876,0.018812561817315332,0.017079591116759333,0.016933815844320885,0.023466381146942016,0.03257852320254169,0.029560958557585386,0.02477990070214456,0.02682316840667196,0.02301668881334393,0.023742319183478945,0.02961801234948372,0.03134443924702145,0.025305045737887208,0.02587586018109611,0.03120759304527402,0.03526369276886419,0.037042354478157256,0.03198331022081016,0.03287865750913423,0.029406806710087368,0.035644373880857824,0.025812475660047657,0.04170441155837968,0.025801092034948365,0.02400483658776807,0.03605796624305004,0.0394223023796664,0.038050270659253364,0.016522721115170766,0.029788287154884834,0.028129701652104842,0.0267387275488483,0.02944977798570295,0.028322333032565525,0.02980876800317711,0.02748116839078634,0.02957436765369341,0.024393462500397145,0.02912871713423352,0.027568922166799046,0.026825594719618748,0.02415689076092137,0.01913865379507546,0.02542264661795075,0.023462544743447177,0.029874836902303414,0.025561038992851465
Books,0.031820843253375704,0.022707311891977756,0.022962964206513108,0.018880585505957108,0.019748844555996823,0.026985555494837166,0.029560958557585386,0.05314711374741858,0.02851297843367752,0.029797113747418592,0.02641449308339952,0.027027892791104045,0.03287605818586179,0.03526187328355838,0.029282719974583003,0.029928742030182684,0.03566986650357426,0.04032156822239872,0.042151886938840345,0.03614953030659253,0.03736234129308976,0.0339232027132645,0.040450706173153286,0.029904940200158856,0.04842935344241461,0.029139657556791113,0.02477286262748212,0.03936816610007942,0.04250794976330421,0.041761034757744245,0.01952918326290706,0.03410538650992851,0.032510772930897526,0.03098173532009531,0.032881236384432085,0.03145860922637013,0.03365679506910246,0.031161602579825268,0.034147079389992036,0.02757816855917394,0.033871441258141385,0.031206635945988874,0.030260415015091344,0.026451578980142967,0.02283991048133439,0.03001627912946783,0.025808877826846707,0.034309970420969026,0.0285839226878475
Hshld,0.02602176693884035,0.01914896393328038,0.018694462760921366,0.017187735688641778,0.01677027076727562,0.02333578154725973,0.02477990070214456,0.02851297843367752,0.029991332015885618,0.026707795463065925,0.02227830839714059,0.02288827884352661,0.027158468225575855,0.030318057779189826,0.024904848838760922,0.026271186891183473,0.03058391632088959,0.03462259545035741,0.03570460773312152,0.030872491005559975,0.03199329487529785,0.028754942411437653,0.03449427074821287,0.025609226268467036,0.04042892627799842,0.02585565075774424,0.02187812982366958,0.03373858637013502,0.03708524479110405,0.03630673458300238,0.01647550059412232,0.02812242927402701,0.027462350087370926,0.025542785423351866,0.028067677019857032,0.02677593262589356,0.028670616800635425,0.026632196606830826,0.02820771427482128,0.02405508865448768,0.028116155666401903,0.026599995278792695,0.026469863942811752,0.022898983968228755,0.01851272995710881,0.024537405102462273,0.022603587469420174,0.028399692009531373,0.024495987374106434
Clths,0.026088294150913426,0.020202123186656075,0.019893040838760916,0.017764149731532963,0.01744174770135028,0.024970664343129462,0.02682316840667196,0.029797113747418592,0.026707795463065925,0.04107432102303417,0.023560447968228742,0.024382809725178707,0.028611570862589364,0.032086377223193005,0.025918142976965847,0.028891834738681493,0.03149610270691025,0.035303643186656075,0.03782589526290707,0.031973044142970614,0.033849104613185056,0.02996032541382049,0.03701935197140588,0.02747465870691025,0.043024865785544084,0.027238553855440824,0.02165783844956314,0.034952918745035734,0.04253367541858618,0.037269428689436064,0.01718795392216044,0.029820146382843523,0.028416619428117556,0.02702040200794281,0.030312743310563935,0.02870881704209691,0.030491260057188243,0.028062421785544085,0.02990427041461477,0.025137066986497224,0.03013512983637808,0.028323803920571877,0.030784601067513913,0.025141598471803014,0.018999375358220816,0.025777359621922163,0.025067375809372516,0.030054351660047655,0.025644656524225568
Hlth ,0.025672659526608427,0.01699736977601271,0.0166368922827641,0.015935740212867353,0.014873465737887212,0.0209311392152502,0.02301668881334393,0.02641449308339952,0.02227830839714059,0.023560447968228742,0.03051080572517871,0.023182837677521842,0.029288029868149327,0.027508346621127867,0.022932385505957113,0.023437481575853857,0.027177960009531373,0.03122792987132645,0.03259133053534551,0.027822259558379664,0.02832434784114376,0.02714813253693408,0.03126831992692613,0.022722842802223992,0.03653663092613184,0.02339341980619539,0.022006446633836375,0.03050057180301826,0.032859507774424146,0.03211851488482923,0.0143652471898332,0.026117056222398728,0.025505973836378083,0.023926836752978548,0.026113218976965842,0.02506225307704527,0.026650555034154085,0.024789810652899123,0.02613237377918983,0.02137846943923749,0.025647364651310563,0.024213295301032566,0.02358663915488483,0.02094437191739475,0.017220757667990465,0.023263928034948374,0.02057091772517872,0.026192874996028594,0.022659690481334392
MedEq,0.025431406630659247,0.01779770343606036,0.018397819593328032,0.01647320743129468,0.016168806654487687,0.02181415968546466,0.023742319183478945,0.027027892791104045,0.02288827884352661,0.024382809725178707,0.023182837677521842,0.02763410003335981,0.031285206066719626,0.028790573329626687,0.023861755428117554,0.02441787212708498,0.028444394959491654,0.032021876843526594,0.03361529767116759,0.02928987236536934,0.029715882187450356,0.027788165200953133,0.032152746772041295,0.023824165795075458,0.037462217642573466,0.024755393226370135,0.022693630297061156,0.03218543125496426,0.03630726493725178,0.03390606244638602,0.01560721680222399,0.0271672797045274,0.025749225424940434,0.02495752321207307,0.02759738059888801,0.026364838513105636,0.027595759893566323,0.026285632354249404,0.027108766660841933,0.02204005767116758,0.026281317769658454,0.025197091412231934,0.02462400359968229,0.021511849895154877,0.017753032158856236,0.0236723654344718,0.020918855561556794,0.027346369110405083,0.02351853418745036
Drugs,0.03123257919936457,0.021489888605242258,0.022776016880063542,0.019948925594916598,0.01869553147100874,0.027370499027799842,0.02961801234948372,0.03287605818586179,0.027158468225575855,0.028611570862589364,0.029288029868149327,0.031285206066719626,0.04992734171723591,0.0349300586163622,0.028336609782366958,0.029505211939634634,0.034361429361397924,0.03875344526926131,0.038366420644956316,0.034411632066719613,0.03512383878157267,0.034564307237490065,0.038419175880857824,0.02839746588085782,0.04466987579666402,0.03039553090389198,0.028477617264495624,0.03927555643367752,0.040947887151707704,0.04071238660841938,0.017994102800635427,0.03337807187609214,0.0315392395949166,0.030307285620333597,0.03433479241143765,0.033454173274027,0.0345521041096108,0.032383066184273224,0.03209569267196187,0.025866545061159655,0.031638492142970605,0.030255595196187438,0.029737473159650522,0.02670276632406672,0.020862202027005554,0.027748631308975376,0.025384676225575848,0.032533062676727564,0.029345350784749803
Chems,0.03330540196028593,0.023692037606036533,0.02328598534392375,0.020353999138999206,0.020458295169181896,0.028162728930897538,0.03134443924702145,0.03526187328355838,0.030318057779189826,0.032086377223193005,0.027508346621127867,0.028790573329626687,0.0349300586163622,0.045324015267672754,0.03163836070214455,0.031479620371723596,0.03905966206036536,0.04365437921048451,0.04872730300873709,0.040905972317712466,0.04164794480857824,0.037532013906274836,0.044294302832406665,0.0323068154217633,0.05273714698332009,0.03228126569658459,0.03684004421286735,0.04970834451945988,0.05681177511993646,0.052879369261318504,0.02017309340270055,0.03554662512152502,0.034061057958697384,0.03251300435583796,0.03663383931215251,0.03379843800476569,0.03706347496902304,0.03435524159968229,0.0364497868355838,0.03120425503415408,0.03568038944559174,0.03423209544718029,0.031789848079428105,0.027434975296266876,0.02269965979984115,0.03071178856393964,0.029146917293089755,0.03640135389197777,0.031056195537728357
Rubbr,0.027278367891977764,0.01947629837331215,0.018351511879269262,0.017622745220015883,0.017211666144559174,0.023135525693407464,0.025305045737887208,0.029282719974583003,0.024904848838760922,0.025918142976965847,0.022932385505957113,0.023861755428117554,0.028336609782366958,0.03163836070214455,0.034444878036536924,0.026185963126290703,0.032142467980937235,0.035749257515488485,0.03794516182366957,0.0325472148816521,0.03313089022081016,0.029695344158856243,0.035365822217633035,0.026356653210484506,0.0419004591135822,0.02597304414932486,0.026802607980937258,0.03607115108816521,0.03940423116123908,0.03759586395552025,0.017306638783161243,0.028864973451945983,0.027779168467037325,0.02668917274662431,0.02903502172200159,0.027441298217633033,0.02955257297220016,0.02742591586020652,0.0299420744177919,0.025223558487688643,0.028857625372517865,0.027455766621127885,0.026273693172359017,0.022681833229547258,0.019134708289118344,0.02548442542017475,0.023398095841143763,0.029649770849880852,0.025142785737887214
Txtls,0.02720329451310563,0.02052863036060365,0.01970842960444797,0.017622203132644954,0.018099855911040512,0.025390884778395545,0.02587586018109611,0.029928742030182684,0.026271186891183473,0.028891834738681493,0.023437481575853857,0.02441787212708498,0.029505211939634634,0.031479620371723596,0.026185963126290703,0.04272726623669579,0.032785833245432876,0.037833535459888795,0.036987466840349474,0.03371517635583796,0.03324087527879269,0.030611252257347087,0.03624208491183479,0.026188814189038918,0.04241817220651311,0.02738702764733916,0.021506540918189036,0.034181512279586976,0.038193689232724384,0.03632410163621923,0.016632545810961078,0.029965876212867358,0.028150075583796664,0.027176364174741858,0.029663340060365362,0.02808938226528991,0.030199049073868157,0.027984286081016684,0.030720386992851473,0.02505850900079428,0.02956529236536934,0.027556028428911833,0.027974735288324063,0.024169198691024622,0.019594639707704524,0.025801587393169182,0.02478381925972994,0.029765092231930097,0.025797306725972993
BldMt,0.03274589855123114,0.023688662368546467,0.02270248272915012,0.02056473484670373,0.020121229758538518,0.028550995606036536,0.03120759304527402,0.03566986650357426,0.03058391632088959,0.03149610270691025,0.027177960009531373,0.028444394959491654,0.034361429361397924,0.03905966206036536,0.032142467980937235,0.032785833245432876,0.04490697432724385,0.046373394981731535,0.047460838074662406,0.04088211214932486,0.04138815461318506,0.03674124774900716,0.04386601413979348,0.03178384475933279,0.05252860820015885,0.03206532306910247,0.03308000820333598,0.0459542158141382,0.052420372527402705,0.04838815401111992,0.0204323984892772,0.0352933394725973,0.034282164138204924,0.03249552647180302,0.03532912657505957,0.03321161030659253,0.03637155615726768,0.03372401553455124,0.036537276538522644,0.03019402282446386,0.03568729050357426,0.03403012820969022,0.032216243561556786,0.027720353952343128,0.02348246419062748,0.030869742266878483,0.029409184737092937,0.036394005202541685,0.031019193021445592
Cnstr,0.03671552092454329,0.0262201491644162,0.02551164918506751,0.022684979752184267,0.02165970692136616,0.03248663946942018,0.03526369276886419,0.04032156822239872,0.03462259545035741,0.035303643186656075,0.03122792987132645,0.032021876843526594,0.03875344526926131,0.04365437921048451,0.035749257515488485,0.037833535459888795,0.046373394981731535,0.06304125092772042,0.05307254791421764,0.0447547254678316,0.0462200840841938,0.041434513045274034,0.049133749672756154,0.03548753840190627,0.058531224619539295,0.0356037727847498,0.036877504616362196,0.050994786886417794,0.05992310915647338,0.05421057637807784,0.022962669596505156,0.03972570573788721,0.03889442131056394,0.036335585744241464,0.039478600033359804,0.03719245688959492,0.04061303764733916,0.037638917745830024,0.04031288832247815,0.03320786918506752,0.04027355540587768,0.03758386330738681,0.03619808101350278,0.03143432766799046,0.02632258089277204,0.035059719274027,0.03383381049722001,0.0404477348768864,0.034392998019062745
Steel,0.03931332164575061,0.027599330027005563,0.026472870208101677,0.024071309471008735,0.022730020644956318,0.033666010338363785,0.037042354478157256,0.042151886938840345,0.03570460773312152,0.03782589526290707,0.03259133053534551,0.03361529767116759,0.038366420644956316,0.04872730300873709,0.03794516182366957,0.036987466840349474,0.047460838074662406,0.05307254791421764,0.068460229223193,0.04912406162986497,0.05088900773312151,0.044507525045274034,0.0530518079618745,0.03825585320413026,0.06408247209531374,0.0375259103796664,0.05046508789197777,0.06199776867355043,0.08016780402223986,0.06586999275615568,0.02388043410325655,0.04228999125655281,0.04119512679904685,0.03842580430182684,0.04291847400794281,0.039429738548054004,0.044099645293089754,0.04045932690706911,0.04370263436378077,0.03735755214614774,0.042901949013502784,0.041476016038125486,0.037349829839555204,0.03207560161397935,0.027402820676727554,0.03664899644797458,0.03516773045909451,0.04362538246227162,0.036768347901509145
FabPr,0.035224627221604445,0.024155160130262116,0.023361704171564728,0.021192060066719618,0.019695092686258936,0.029783632228752983,0.03198331022081016,0.03614953030659253,0.030872491005559975,0.031973044142970614,0.027822259558379664,0.02928987236536934,0.034411632066719613,0.040905972317712466,0.0325472148816521,0.03371517635583796,0.04088211214932486,0.0447547254678316,0.04912406162986497,0.08320944323431292,0.043720900044479746,0.039392279040508335,0.04523233960603652,0.03279600313264495,0.05554219581254964,0.03300353118983319,0.03299057294360603,0.04528834708498809,0.05638632926449564,0.0516526880381255,0.020955799965051626,0.03650310162986497,0.03513891156473392,0.03337836268149324,0.036904172895949175,0.034380462328832406,0.03734926942335187,0.03517408384114376,0.03745161223510722,0.030701344298649718,0.03515859492295472,0.03501051697537727,0.03285578799682287,0.027989241756949956,0.023996676244638603,0.031212046694201752,0.02955465049086576,0.03710350565528197,0.03155324478792692
Mach ,0.03492531068784749,0.02479592659412232,0.02402447481810961,0.021023755148530575,0.020838901895154888,0.029870821531374103,0.03287865750913423,0.03736234129308976,0.03199329487529785,0.033849104613185056,0.02832434784114376,0.029715882187450356,0.03512383878157267,0.04164794480857824,0.03313089022081016,0.03324087527879269,0.04138815461318506,0.0462200840841938,0.05088900773312151,0.043720900044479746,0.04653520212708499,0.03912057632724384,0.04676347738046068,0.0340692703669579,0.05667851110722795,0.03370279109134233,0.035088865645750596,0.04881504598093724,0.05800648661795074,0.05405927312152502,0.02138948819539317,0.0372934268435266,0.03601101168387609,0.03428306270691024,0.03859607061000793,0.035418010751389985,0.03932775890548053,0.036131513024622704,0.038411388262112774,0.03199560732009532,0.03778416602382843,0.035987466541699764,0.03359749935186656,0.028935577193010324,0.024334435469420174,0.03237431737410643,0.03008527865289913,0.03846383092136617,0.032304359772835585
ElcEq,0.032534412797458306,0.021997880670373306,0.02225614207466243,0.01945446502303415,0.01886497919936457,0.02815775651787134,0.029406806710087368,0.0339232027132645,0.028754942411437653,0.02996032541382049,0.02714813253693408,0.027788165200953133,0.034564307237490065,0.037532013906274836,0.029695344158856243,0.030611252257347087,0.03674124774900716,0.041434513045274034,0.044507525045274034,0.039392279040508335,0.03912057632724384,0.04537003862748213,0.04185078583320096,0.030480311949166,0.04967291165051627,0.030155647631453533,0.029935701108816513,0.04328559359809371,0.051487219081810955,0.046201178776806996,0.018580675612390785,0.03367782134392375,0.032554028737092934,0.031039659901509132,0.03511258233200952,0.03270804101032564,0.03555850151231136,0.032445084635424934,0.03415923523749008,0.028379443520254163,0.03370959492295473,0.03233291923113582,0.0300393840889595,0.0261925965146942,0.022112137245432886,0.029017533016679906,0.02746043641620333,0.034480599984114374,0.029535436019062753
Autos,0.03763161738204926,0.026697345288324063,0.025822919018268463,0.022630719545671158,0.022720252370135023,0.03217591854805401,0.035644373880857824,0.040450706173153286,0.03449427074821287,0.03701935197140588,0.03126831992692613,0.032152746772041295,0.038419175880857824,0.044294302832406665,0.035365822217633035,0.03624208491183479,0.04386601413979348,0.049133749672756154,0.0530518079618745,0.04523233960603652,0.04676347738046068,0.04185078583320096,0.05607880657505957,0.036644293477362984,0.059259550846703715,0.03578197532644957,0.03442225464019063,0.05015216223193011,0.0587587454392375,0.0539646962192216,0.0224570761096108,0.039788424085782356,0.039130030555996814,0.03662665878633836,0.04102100629229547,0.0381543722192216,0.041756592405083406,0.03833212063701351,0.04138664384273233,0.034173369550436844,0.04074727241938046,0.03810260437172359,0.036688114246227164,0.03168660547577443,0.02597399944718029,0.03493874040190627,0.03243819162509928,0.040875679658459084,0.03437925298332009
Aero ,0.027522164181096105,0.020134813604447972,0.019266658986497223,0.017919230125496427,0.017916369232724383,0.023148884695790316,0.025812475660047657,0.029904940200158856,0.025609226268467036,0.02747465870691025,0.022722842802223992,0.023824165795075458,0.02839746588085782,0.0323068154217633,0.026356653210484506,0.026188814189038918,0.03178384475933279,0.03548753840190627,0.03825585320413026,0.03279600313264495,0.0340692703669579,0.030480311949166,0.036644293477362984,0.03476414142017475,0.04378041834471803,0.028468912196981735,0.023020652829229545,0.0349107711517077,0.03969519568546465,0.0372610682446386,0.017813432400317714,0.029623676397140593,0.0289379451310564,0.02746530312311358,0.02975458220174741,0.027997808692613185,0.030327690745035742,0.028494819596505162,0.03112147505003971,0.025936058764098487,0.030099664317712466,0.02823354270373312,0.026806509242255756,0.023479944451151702,0.019632478144559175,0.026613369607625094,0.024068405032565535,0.03059170741858618,0.025364361791898327
Ships,0.0437395782748213,0.0306246594090548,0.028497590983320095,0.028086114738681493,0.026169393064336778,0.03740068786656076,0.04170441155837968,0.04842935344241461,0.04042892627799842,0.043024865785544084,0.03653663092613184,0.037462217642573466,0.04466987579666402,0.05273714698332009,0.0419004591135822,0.04241817220651311,0.05252860820015885,0.058531224619539295,0.06408247209531374,0.05554219581254964,0.05667851110722795,0.04967291165051627,0.059259550846703715,0.04378041834471803,0.09540966372676729,0.04400404170929309,0.043626605928514695,0.061998630548054025,0.07415876290389195,0.068372109197776,0.027721130964257344,0.04750568543923749,0.046322122684670376,0.04333457368069897,0.048147780972200155,0.04450154920413026,0.048562332324066725,0.04493879063065926,0.04915186201429706,0.040499371444003174,0.04972234852422558,0.04561840664654487,0.04332437924702144,0.03662309984749801,0.03083607282605242,0.041587211351866556,0.03620576822239873,0.048735175138999214,0.04156580388562351
Guns ,0.027511799116759328,0.020172865366163615,0.020989165979348686,0.01899342174424146,0.018088317051628278,0.024531643513899918,0.025801092034948365,0.029139657556791113,0.02585565075774424,0.027238553855440824,0.02339341980619539,0.024755393226370135,0.03039553090389198,0.03228126569658459,0.02597304414932486,0.02738702764733916,0.03206532306910247,0.0356037727847498,0.0375259103796664,0.03300353118983319,0.03370279109134233,0.030155647631453533,0.03578197532644957,0.028468912196981735,0.04400404170929309,0.046115134068308174,0.02492758908975377,0.03548901121525019,0.038653490306592535,0.03738289674344717,0.016914493490071486,0.029777451698173148,0.02919054665607625,0.027377891329626685,0.029712193283558383,0.0281999343669579,0.030824065588562356,0.02865431213979349,0.030674871402700556,0.025149588123907867,0.030172073957108806,0.027961871872915014,0.027420381852263698,0.023561432571882437,0.019386023421763304,0.02632069464019063,0.023946210795869737,0.03046460225575853,0.02593336145512311
Gold ,0.03142940131532962,0.01761846985861795,0.018873494055599682,0.018319152781572676,0.017325944031771245,0.02161427559015091,0.02400483658776807,0.02477286262748212,0.02187812982366958,0.02165783844956314,0.022006446633836375,0.022693630297061156,0.028477617264495624,0.03684004421286735,0.026802607980937258,0.021506540918189036,0.03308000820333598,0.036877504616362196,0.05046508789197777,0.03299057294360603,0.035088865645750596,0.029935701108816513,0.03442225464019063,0.023020652829229545,0.043626605928514695,0.02492758908975377,0.19278150078474987,0.07641139558379666,0.08399345514853057,0.06028418732327244,0.018763812937251788,0.02872019712152501,0.026313680190627478,0.02457947485941223,0.029173106217633044,0.026672452594122317,0.03097152974741858,0.02771161455758539,0.027251077706115952,0.02671796795552025,0.02575978448292296,0.027368239631453534,0.02193991642891183,0.018450631942811754,0.015311363984114377,0.02171035226687848,0.022158399383637804,0.029702218617950752,0.025482716619539315
Mines,0.039056683129467834,0.025921406806989677,0.026021692660841932,0.023647593216838764,0.021999176115965045,0.03164160957903098,0.03605796624305004,0.03936816610007942,0.03373858637013502,0.034952918745035734,0.03050057180301826,0.03218543125496426,0.03927555643367752,0.04970834451945988,0.03607115108816521,0.034181512279586976,0.0459542158141382,0.050994786886417794,0.06199776867355043,0.04528834708498809,0.04881504598093724,0.04328559359809371,0.05015216223193011,0.0349107711517077,0.061998630548054025,0.03548901121525019,0.07641139558379666,0.08971307849880857,0.08741750854646543,0.07109665872915012,0.023069912287529783,0.040848771517077054,0.03885467759332804,0.036536394519459885,0.0426220330341541,0.03896400467037331,0.04296372979348689,0.038846511826846696,0.04119976772835584,0.036061000984908644,0.040148770675138994,0.03959086169976172,0.03473654149324861,0.029908289285146952,0.02503915882446386,0.033456834257347086,0.03235300413026211,0.04160529829229547,0.035739966028594125
Coal ,0.043966827755361405,0.028425092444797455,0.02675815512629071,0.023971885248610002,0.02219572486417792,0.03878445127243845,0.0394223023796664,0.04250794976330421,0.03708524479110405,0.04253367541858618,0.032859507774424146,0.03630726493725178,0.040947887151707704,0.05681177511993646,0.03940423116123908,0.038193689232724384,0.052420372527402705,0.05992310915647338,0.08016780402223986,0.05638632926449564,0.05800648661795074,0.051487219081810955,0.0587587454392375,0.03969519568546465,0.07415876290389195,0.038653490306592535,0.08399345514853057,0.08741750854646543,0.21652999829070693,0.09607626424146148,0.026816600549642567,0.04654024853375695,0.04437632649722002,0.04081138070849881,0.04991085008101668,0.04334302305321684,0.0504409006417792,0.04422939193963463,0.04703781139634631,0.040755294443208884,0.047098681791898314,0.04576250737410643,0.03995658241143763,0.03225445036060365,0.02810789015409054,0.03718105823351866,0.03830920430182685,0.046889739936457515,0.04181403824940428
Oil  ,0.04059211917394757,0.027494026862589352,0.02646156365369341,0.023410676187450356,0.023212512136616372,0.03408982204924543,0.038050270659253364,0.041761034757744245,0.03630673458300238,0.037269428689436064,0.03211851488482923,0.03390606244638602,0.04071238660841938,0.052879369261318504,0.03759586395552025,0.03632410163621923,0.04838815401111992,0.05421057637807784,0.06586999275615568,0.0516526880381255,0.05405927312152502,0.046201178776806996,0.0539646962192216,0.0372610682446386,0.068372109197776,0.03738289674344717,0.06028418732327244,0.07109665872915012,0.09607626424146148,0.09983999412231931,0.026214918935663217,0.0432702863542494,0.04116323172359016,0.038209090611596504,0.04473642584590945,0.04107957502779984,0.04513164341540905,0.041289803224781575,0.04296129660047656,0.036721355742652895,0.042371560127084984,0.04309726745035743,0.03747052187450358,0.030252067402700557,0.026868886100079432,0.03565442187450358,0.035484106465448764,0.04371745310563939,0.038367497648927724
Util ,0.017976914881652102,0.014450361129467827,0.013881005048451156,0.012902109969817313,0.015157795207307385,0.015094072111199367,0.016522721115170766,0.01952918326290706,0.01647550059412232,0.01718795392216044,0.0143652471898332,0.01560721680222399,0.017994102800635427,0.02017309340270055,0.017306638783161243,0.016632545810961078,0.0204323984892772,0.022962669596505156,0.02388043410325655,0.020955799965051626,0.02138948819539317,0.018580675612390785,0.0224570761096108,0.017813432400317714,0.027721130964257344,0.016914493490071486,0.018763812937251788,0.023069912287529783,0.026816600549642567,0.026214918935663217,0.01956113623351867,0.019545058551231134,0.01835949841938046,0.017324644629070688,0.017571334247815724,0.01690886199841144,0.01830532284511517,0.017451159982525815,0.019779836649721994,0.01777210577918983,0.019014009550436854,0.018010787653693405,0.017291940273232723,0.015495399591739475,0.012645227717235903,0.017976852243050047,0.015845624959491662,0.019545489793486897,0.017008428208101663
Telcm,0.030808484949960285,0.02220013312470214,0.021565593893566326,0.019636985023034154,0.019792031876092138,0.026590128019062742,0.029788287154884834,0.03410538650992851,0.02812242927402701,0.029820146382843523,0.026117056222398728,0.0271672797045274,0.03337807187609214,0.03554662512152502,0.028864973451945983,0.029965876212867358,0.0352933394725973,0.03972570573788721,0.04228999125655281,0.03650310162986497,0.0372934268435266,0.03367782134392375,0.039788424085782356,0.029623676397140593,0.04750568543923749,0.029777451698173148,0.02872019712152501,0.040848771517077054,0.04654024853375695,0.0432702863542494,0.019545058551231134,0.03790755170135029,0.031917640746624294,0.030436201601270845,0.033613258932486095,0.03191288202700557,0.03421774891501191,0.03140897693089754,0.03341509131374106,0.028004115545671164,0.03293763721048451,0.031244168444797462,0.02987743991104051,0.026301564743447185,0.02202539452899126,0.02917668818745036,0.026655426757744245,0.03397769170770453,0.02876584269102463
PerSv,0.030552085385226368,0.02119942213661636,0.020866254916600473,0.018836151755361397,0.0183556563542494,0.024857198776806987,0.028129701652104842,0.032510772930897526,0.027462350087370926,0.028416619428117556,0.025505973836378083,0.025749225424940434,0.0315392395949166,0.034061057958697384,0.027779168467037325,0.028150075583796664,0.034282164138204924,0.03889442131056394,0.04119512679904685,0.03513891156473392,0.03601101168387609,0.032554028737092934,0.039130030555996814,0.0289379451310564,0.046322122684670376,0.02919054665607625,0.026313680190627478,0.03885467759332804,0.04437632649722002,0.04116323172359016,0.01835949841938046,0.031917640746624294,0.042882494352660845,0.02962399912629071,0.03206494993645751,0.030250463256552812,0.03298246664813344,0.030340838895949167,0.032012682057188234,0.026186391898332002,0.03233738411437649,0.03003207666401906,0.029198526592533757,0.02524413432088959,0.020971388562351076,0.027886533240667193,0.02569830185861795,0.03229316957108815,0.027325364233518664
BusSv,0.028488415040508343,0.020359097801429707,0.019720604047656867,0.017715296387609214,0.01763697718506751,0.023973243914217637,0.0267387275488483,0.03098173532009531,0.025542785423351866,0.02702040200794281,0.023926836752978548,0.02495752321207307,0.030307285620333597,0.03251300435583796,0.02668917274662431,0.027176364174741858,0.03249552647180302,0.036335585744241464,0.03842580430182684,0.03337836268149324,0.03428306270691024,0.031039659901509132,0.03662665878633836,0.02746530312311358,0.04333457368069897,0.027377891329626685,0.02457947485941223,0.036536394519459885,0.04081138070849881,0.038209090611596504,0.017324644629070688,0.030436201601270845,0.02962399912629071,0.029831806964257346,0.030537508425734706,0.029117049988880057,0.03113798558538523,0.028874935335980935,0.030898966522637,0.025452972752978552,0.03035893098014298,0.02859592223669579,0.02725063115488483,0.023998049019857026,0.020221255040508347,0.02662878793010326,0.02394013355361398,0.030967074614773625,0.025967576079428113
Hardw,0.029871214262112786,0.021643788659253375,0.021401240409849087,0.01865140061318506,0.01767767093407466,0.027069336320889596,0.02944977798570295,0.032881236384432085,0.028067677019857032,0.030312743310563935,0.026113218976965842,0.02759738059888801,0.03433479241143765,0.03663383931215251,0.02903502172200159,0.029663340060365362,0.03532912657505957,0.039478600033359804,0.04291847400794281,0.036904172895949175,0.03859607061000793,0.03511258233200952,0.04102100629229547,0.02975458220174741,0.048147780972200155,0.029712193283558383,0.029173106217633044,0.0426220330341541,0.04991085008101668,0.04473642584590945,0.017571334247815724,0.033613258932486095,0.03206494993645751,0.030537508425734706,0.042707954533756955,0.03394173596187451,0.03722664845274028,0.0328800402525814,0.03379008756314535,0.027735695580619536,0.03267348650039713,0.031511706732327234,0.029853591806195397,0.026105665278792697,0.02124940150595711,0.027932482822875297,0.026751507945988882,0.034179109062748216,0.028800908732327244
Softw,0.0291715844892772,0.02068187982843526,0.020510347729944402,0.01821090921683876,0.01720402223351867,0.025113190513105635,0.028322333032565525,0.03145860922637013,0.02677593262589356,0.02870881704209691,0.02506225307704527,0.026364838513105636,0.033454173274027,0.03379843800476569,0.027441298217633033,0.02808938226528991,0.03321161030659253,0.03719245688959492,0.039429738548054004,0.034380462328832406,0.035418010751389985,0.03270804101032564,0.0381543722192216,0.027997808692613185,0.04450154920413026,0.0281999343669579,0.026672452594122317,0.03896400467037331,0.04334302305321684,0.04107957502779984,0.01690886199841144,0.03191288202700557,0.030250463256552812,0.029117049988880057,0.03394173596187451,0.03374995802382843,0.033533151917394755,0.030393222443208894,0.03162041596822875,0.025823717070691025,0.030986410617950752,0.029407460073073866,0.028446515590150916,0.024962101343923754,0.020289447459888803,0.026614341579030983,0.025229491062748202,0.03198797756949961,0.027086405471008736
Chips,0.031718167278792696,0.022223365621922155,0.022099410074662425,0.019623368759332804,0.01855473529308976,0.027324611415409056,0.02980876800317711,0.03365679506910246,0.028670616800635425,0.030491260057188243,0.026650555034154085,0.027595759893566323,0.0345521041096108,0.03706347496902304,0.02955257297220016,0.030199049073868157,0.03637155615726768,0.04061303764733916,0.044099645293089754,0.03734926942335187,0.03932775890548053,0.03555850151231136,0.041756592405083406,0.030327690745035742,0.048562332324066725,0.030824065588562356,0.03097152974741858,0.04296372979348689,0.0504409006417792,0.04513164341540905,0.01830532284511517,0.03421774891501191,0.03298246664813344,0.03113798558538523,0.03722664845274028,0.033533151917394755,0.039866355105639406,0.033561480859412234,0.03399823135663225,0.028023933712470212,0.033692066382843514,0.031992195062748204,0.030527231545671163,0.026375176500397137,0.021958440273232717,0.02885117099761715,0.027047040266878476,0.03495793503574265,0.029125335652104838
LabEq,0.029122626303415403,0.02075255749166005,0.019937154754567116,0.018526318484511514,0.01755761434948372,0.024684257274026997,0.02748116839078634,0.031161602579825268,0.026632196606830826,0.028062421785544085,0.024789810652899123,0.026285632354249404,0.032383066184273224,0.03435524159968229,0.02742591586020652,0.027984286081016684,0.03372401553455124,0.037638917745830024,0.04045932690706911,0.03517408384114376,0.036131513024622704,0.032445084635424934,0.03833212063701351,0.028494819596505162,0.04493879063065926,0.02865431213979349,0.02771161455758539,0.038846511826846696,0.04422939193963463,0.041289803224781575,0.017451159982525815,0.03140897693089754,0.030340838895949167,0.028874935335980935,0.0328800402525814,0.030393222443208894,0.033561480859412234,0.034003527401111996,0.031740406165210476,0.026165668765687048,0.03095858708816521,0.029557041156473386,0.028000471202541698,0.024559438749801425,0.020505773007148537,0.027127088478157278,0.02475715903415409,0.03208983576648133,0.027017113370929307
Paper,0.030824369852263712,0.02249348794122319,0.022730670948371723,0.019345789601270848,0.02012590117077045,0.026993774497220013,0.02957436765369341,0.034147079389992036,0.02820771427482128,0.02990427041461477,0.02613237377918983,0.027108766660841933,0.03209569267196187,0.0364497868355838,0.0299420744177919,0.030720386992851473,0.036537276538522644,0.04031288832247815,0.04370263436378077,0.03745161223510722,0.038411388262112774,0.03415923523749008,0.04138664384273233,0.03112147505003971,0.04915186201429706,0.030674871402700556,0.027251077706115952,0.04119976772835584,0.04703781139634631,0.04296129660047656,0.019779836649721994,0.03341509131374106,0.032012682057188234,0.030898966522637,0.03379008756314535,0.03162041596822875,0.03399823135663225,0.031740406165210476,0.04497969947418586,0.030760423434471804,0.03370503162509929,0.031761351154884834,0.03028057013185068,0.026249080169976177,0.02228856440349484,0.03011388000476569,0.027059235183478955,0.034490454876886414,0.028454887010325655
