,Agric,Food ,Soda ,Beer ,Smoke,Toys ,Fun  ,Books,Hshld,Clths,Hlth ,MedEq,Drugs,Chems,Rubbr,Txtls,BldMt,Cnstr,Steel,FabPr,Mach ,ElcEq,Autos,Aero ,Ships,Guns ,Gold ,Mines,Coal ,Oil  ,Util ,Telcm,PerSv,BusSv,Hardw,Softw,Chips,LabEq,Paper,Boxes,Trans,Whlsl,Rtail,Meals,Banks,Insur,RlEst,Fin  ,Other
Agric,0.05875268333598094,0.02113186354249404,0.02048891215250198,0.01830729893566323,0.018978356854646546,0.023764434884829228,0.026893572549642572,0.03188006942017474,0.026080696298649717,0.026339475679110404,0.025621928196981728,0.02539759904686259,0.030817464305003966,0.03332281779189833,0.027398635615567914,0.027243785607625103,0.03274225413820492,0.03672637658459095,0.03927477957108816,0.035632541350278,0.03494017830023828,0.03256341887212073,0.037636588752978546,0.02765999571088166,0.0437280906115965,0.0275569812867355,0.03193969830023828,0.03925362389197775,0.042987049150119146,0.040104412454328824,0.01802595186656076,0.03065476295472597,0.030467154948371728,0.028450385226370133,0.02985971374106434,0.02898347342335186,0.0316471877045274,0.029018309070691018,0.03102151803018268,0.025549365496425742,0.03117063882446386,0.028995763177124705,0.027729052295472595,0.02401215170770453,0.02022548597299444,0.026704420873709292,0.024279115361397933,0.03192973861795076,0.026369312025416994
Food ,0.02113186354249404,0.02025789929150119,0.016159098706910246,0.014051107691818901,0.015133420146147734,0.01739116950913423,0.01929732729785544,0.022463857150119143,0.018966997849086575,0.02015746732327244,0.017242807672756155,0.017818269591739478,0.02128430464813344,0.023454683625099285,0.019456746586179508,0.02031246395869738,0.023467411552025422,0.026072354525814134,0.02736960413343924,0.024043445140587767,0.024656920956314533,0.02180782282764099,0.026647814103256555,0.02004575251787133,0.030586116616362184,0.02013041724543288,0.017781732733915805,0.025905888079428115,0.027893060594122318,0.027094266570293873,0.014257819656870533,0.02203366558538523,0.021153825045274025,0.020280361566322475,0.02159309281652104,0.020568240581413814,0.022151910827640973,0.020647944038125497,0.0224403876664019,0.01897599453534551,0.021964118490865762,0.020768780540111196,0.020021502192216042,0.017877218570293885,0.014583387888800634,0.019849492940428915,0.017918066338363778,0.022592558386020655,0.018828718255758534
Soda ,0.02048891215250198,0.016159098706910246,0.03639125744876886,0.0138034682573471,0.015166126827640982,0.017473994875297848,0.01866871400476568,0.02302354148371723,0.01866109628911835,0.020034557108816527,0.01683084319301033,0.01853726848610008,0.022764751491660042,0.023250061442414618,0.018623887567911043,0.019740197200953137,0.022707492530579826,0.025722205124702142,0.026747667606036536,0.023550796543288326,0.024152985350277992,0.022372931167593323,0.025955407151707702,0.01936881030976966,0.02918706165210485,0.020915884613185064,0.019670816368546465,0.026491370093725174,0.026819230525814138,0.026440084057188243,0.01412646317077045,0.021498628806989672,0.02074145489118348,0.019668852635424935,0.02151262654805401,0.02048337292136616,0.02209701813185068,0.02009883553296267,0.022809951396346305,0.018495159809372518,0.0217364035107228,0.020119721509134235,0.01983571318506751,0.01785922578236696,0.014373788282764099,0.019391783405877678,0.017242291755361395,0.021800074910246225,0.018790369877680693
Beer ,0.01830729893566323,0.014051107691818901,0.0138034682573471,0.027457716181096107,0.014134444727561556,0.015211305683876089,0.01690687808101668,0.018831997153296264,0.016994427812549638,0.017660878570293883,0.016012106306592534,0.01645064334233519,0.019790625016679907,0.02028994013661636,0.017623061585385222,0.017279024044479747,0.020445963488482922,0.02269548354567116,0.023950190811755357,0.020951442204924536,0.020944844378077834,0.019396345830023826,0.02261382094360603,0.017928318252581416,0.02827443726767275,0.018771555088165214,0.018771940822875297,0.023887060632247815,0.02405345711199365,0.023207807542494043,0.012738027564733917,0.01943041551707704,0.01859544360285941,0.01761603505639396,0.018589362738681493,0.018060382093725173,0.019485893356632252,0.018516855974583003,0.019250533896743444,0.016989833328038124,0.019401981445591736,0.018306746020651313,0.017202733629864967,0.015524026751389993,0.012724446652899127,0.01751907810643368,0.01498145308975377,0.019789901718824464,0.016571124600476564
Smoke,0.018978356854646546,0.015133420146147734,0.015166126827640982,0.014134444727561556,0.03255019776171565,0.01581954038602065,0.016818649653693406,0.019586011672756157,0.01669006504050834,0.01750520902303415,0.01510279427323272,0.016384400673550438,0.018803581934868946,0.0205456388101668,0.017130483364575056,0.017894104036536938,0.02001667511675934,0.021700393720413026,0.022914186181096103,0.019981819567911036,0.0208585905655282,0.0187469835822081,0.022762579172359017,0.017946968268467034,0.026323430301826854,0.018062475040508338,0.017532722745035735,0.022412561084988087,0.02223663085305798,0.02334229496902303,0.014976316961080222,0.01961046472279587,0.018218001402700558,0.017620354889594916,0.017787292079428117,0.017235362244638598,0.018576186915011915,0.017662395259729943,0.020008265652104847,0.018252599857029383,0.01897258334392375,0.018304965536139795,0.017879706076250994,0.015940119864972197,0.012529303920571883,0.018098175111993645,0.015602251977760126,0.019507675920571885,0.016539903178713265
Toys ,0.023764434884829228,0.01739116950913423,0.017473994875297848,0.015211305683876089,0.01581954038602065,0.04185075898173153,0.023093455998411432,0.02681879705162828,0.023069780125496427,0.02508200969023034,0.020812273081810957,0.02157280618268467,0.0266441120635425,0.02781027414297061,0.022998578163621924,0.02478409457188244,0.028125470624305003,0.03222638958061953,0.032979092808578234,0.029403976130262115,0.02950621630341541,0.027757958657664807,0.03180589611914217,0.02313536609213661,0.037291642962668785,0.02435845743288324,0.020945467234312953,0.03114840891024622,0.03729967355996822,0.03320988833836376,0.01491677954090548,0.026053902349483717,0.024784166368546464,0.023756308354249404,0.02675442591262907,0.024782130038125492,0.02687099623351866,0.02444370774900715,0.026826702468625903,0.021714450913423347,0.025321641691818907,0.024420630333598096,0.024652444042891183,0.021172112065131057,0.016882663310563942,0.02220621645591739,0.022157244765687048,0.025640549826846708,0.02245611484193804
Fun  ,0.026893572549642572,0.01929732729785544,0.01866871400476568,0.01690687808101668,0.016818649653693406,0.023093455998411432,0.03207924705162828,0.029054537054805395,0.024599201971405877,0.027026388181096102,0.02292394949166005,0.02362610377760127,0.029051016991262914,0.03085409235424941,0.025065947714058782,0.02563239217950754,0.030874123116759328,0.03493142412867354,0.036499904443208886,0.03170790917553613,0.03241744474503574,0.028933242597299447,0.03524825579507545,0.02562991894360604,0.04102359889594917,0.025566545013502782,0.024329223917394758,0.03579820870691024,0.038345267440826045,0.03712902757903098,0.016447530721207308,0.029352739795075456,0.02769646564098491,0.026405227197776014,0.02903041958379665,0.02792492681652104,0.029453574902303423,0.02712163598411438,0.029279378929308965,0.02393073409054805,0.028728652748212867,0.027185078435266085,0.026633259229547263,0.023743987394757745,0.018964563154884827,0.025252534028594124,0.02306419164416203,0.029651745328038128,0.02522126706433678
Books,0.03188006942017474,0.022463857150119143,0.02302354148371723,0.018831997153296264,0.019586011672756157,0.02681879705162828,0.029054537054805395,0.05272988528038125,0.02828815981572676,0.029868465798252582,0.026478388975377288,0.027015543942811755,0.032445975002382846,0.03476094539793487,0.029158496368546467,0.029721098217633038,0.03540534485782367,0.040068830335186656,0.04156964341223194,0.03630960725019857,0.03689528928991262,0.033532453598093724,0.0401234219412232,0.029848576584590947,0.047829913899920556,0.029221818624304993,0.025071346503574263,0.03902767921207307,0.04088447675297856,0.04064663076092137,0.019397732384432095,0.03381523622557585,0.032269819386814926,0.030782298497220008,0.032617538637013506,0.031157405375694995,0.03337534084829229,0.030826431498014305,0.034031470697378864,0.027063090420969018,0.03349142856235107,0.030890238538522637,0.03004310462271644,0.02621072028594122,0.022745144216044483,0.029941083532962667,0.025415114789515483,0.03418583354408261,0.02817219477045274
Hshld,0.026080696298649717,0.018966997849086575,0.01866109628911835,0.016994427812549638,0.01669006504050834,0.023069780125496427,0.024599201971405877,0.02828815981572676,0.029860354279586974,0.026670703224781562,0.022336535051628272,0.02286731496743447,0.02691149541540905,0.03013201163304209,0.024831587123113584,0.025916884389197776,0.030346748654487686,0.034345511471008734,0.03542810874185862,0.03074886356473391,0.03171722664495631,0.028503749142176328,0.03435924981254964,0.02559669605242256,0.0400866162271644,0.02576428335822081,0.02218015752819698,0.03364337658300239,0.03602272433042097,0.03571795707545671,0.016365686816521046,0.027839736138204924,0.02721828797299444,0.02539079863224781,0.02799430600794281,0.026629684398729148,0.028472583636219215,0.026387335358220812,0.02814408976012708,0.023876083606036536,0.027871086600476564,0.02644071362192216,0.026293721199364573,0.022662961358220806,0.01838503423987291,0.02445984678157267,0.022282334583002383,0.02826770807942812,0.024295146819698177
Clths,0.026339475679110404,0.02015746732327244,0.020034557108816527,0.017660878570293883,0.01750520902303415,0.02508200969023034,0.027026388181096102,0.029868465798252582,0.026670703224781562,0.04062707170770453,0.02380593960285941,0.024574404829229544,0.02886197032565528,0.03227320031771247,0.026202347513899917,0.028664142652899117,0.03160319923749007,0.035318554598888004,0.038026594503574256,0.032334945988880065,0.034018002414614765,0.030076655694996027,0.037247550214455916,0.02763667787132645,0.04319274262112787,0.027272584908657662,0.02305238754567116,0.03552866268467037,0.041770690007942805,0.03719661245432884,0.017069332422557586,0.029846092041302622,0.02847181667990468,0.02709341604447974,0.030647736934074653,0.028795947926926135,0.030652168451151696,0.028125135536139795,0.03020017305798252,0.0251149578395552,0.030090178427323266,0.02848085785544083,0.0306062133121525,0.025147470976965854,0.019085423161239085,0.025884610675138996,0.025021611755361394,0.03018614258935663,0.02561099018268467
Hlth ,0.025621928196981728,0.017242807672756155,0.01683084319301033,0.016012106306592534,0.01510279427323272,0.020812273081810957,0.02292394949166005,0.026478388975377288,0.022336535051628272,0.02380593960285941,0.02967023687847497,0.022728095790309762,0.028460084511517075,0.027479446536934068,0.022804790897537727,0.02313872189833201,0.02718579035742653,0.031149452001588557,0.03265643168387609,0.02833045911040508,0.02841729748212867,0.027044149586973786,0.031065361215250203,0.022929714543288317,0.036485312907069106,0.023428557950754565,0.022563000857823666,0.030667036179507536,0.032480714011119925,0.03193957813343924,0.014519323677521843,0.02607067875297855,0.025307423185067512,0.023783760119142173,0.0260326484511517,0.02495124579030977,0.0265882084432089,0.02474478643367752,0.026249676600476567,0.02144275639396346,0.025527607267672753,0.024239949269261315,0.023510720468625897,0.020762233987291503,0.017187592517871324,0.02319073046068308,0.02082448212867355,0.026233529023034156,0.02251263710087371
MedEq,0.02539759904686259,0.017818269591739478,0.01853726848610008,0.01645064334233519,0.016384400673550438,0.02157280618268467,0.02362610377760127,0.027015543942811755,0.02286731496743447,0.024574404829229544,0.022728095790309762,0.027257243297855435,0.030383987247021453,0.028767008012708498,0.023823305880857817,0.024286557401111995,0.028397544756155673,0.03201953145035743,0.0336042948435266,0.02940740230659253,0.029796931444003184,0.02768749766481334,0.03205894525178714,0.023922200635424943,0.037539447561556784,0.024822314745035743,0.023063230741858613,0.0323228133629865,0.035868096787926934,0.03351930229070691,0.0156078986624305,0.02700554543606036,0.025666156746624293,0.024869696953137413,0.02749626833359809,0.02616116675456712,0.027451657747418583,0.02617113306433678,0.027256679891977765,0.02202744832406673,0.026299120254169982,0.025168422462271644,0.024528372073073866,0.02131038287529785,0.017746170948371724,0.02368067261636219,0.020907293026211284,0.027308548320889595,0.02339998593169182
Drugs,0.030817464305003966,0.02128430464813344,0.022764751491660042,0.019790625016679907,0.018803581934868946,0.0266441120635425,0.029051016991262914,0.032445975002382846,0.02691149541540905,0.02886197032565528,0.028460084511517075,0.030383987247021453,0.04803255616203337,0.03440232160127085,0.027896340467037335,0.028949967764892767,0.03390075295949165,0.03833197483081811,0.037838585652104836,0.03391022224622716,0.03487571187926927,0.033906466179507544,0.03782732008260523,0.028156994535345498,0.04435514878474979,0.030224686360603655,0.0280374341604448,0.038763880641779186,0.03969965486258937,0.039750912,0.017779603138999202,0.03279200734551231,0.031044251952343137,0.029779345772835586,0.03383488605559968,0.032772418084193795,0.03396897601906274,0.031783459996822874,0.03183840508975378,0.02548731803018268,0.03124930389197776,0.029843686894360597,0.029360027609213663,0.026162543637807782,0.020589941166004766,0.027445959879269264,0.02500399329626688,0.03206215621286735,0.02890169030659253
Chems,0.03332281779189833,0.023454683625099285,0.023250061442414618,0.02028994013661636,0.0205456388101668,0.02781027414297061,0.03085409235424941,0.03476094539793487,0.03013201163304209,0.03227320031771247,0.027479446536934068,0.028767008012708498,0.03440232160127085,0.0450456308991263,0.031353258900714845,0.031382722400317725,0.038697133321683876,0.04331368302938841,0.04815499135980936,0.04064746341223193,0.041205846038125486,0.03713112366163621,0.04397421469261317,0.03233531054011119,0.0520228819618745,0.032260929274027,0.03687972074344716,0.049390201498014305,0.05526385982843526,0.05148946224463861,0.020052817898332007,0.03514215787609214,0.033712639210484514,0.03236193309451946,0.036317947488482924,0.033504548201747406,0.03673323533439238,0.03405219093884035,0.03640675216521048,0.030843801318506756,0.035320745663224774,0.033891049348689424,0.031605535814138205,0.027141525043685465,0.022609450894360603,0.030687984230341536,0.028729906338363774,0.03623824440349484,0.030650767420174748
Rubbr,0.027398635615567914,0.019456746586179508,0.018623887567911043,0.017623061585385222,0.017130483364575056,0.022998578163621924,0.025065947714058782,0.029158496368546467,0.024831587123113584,0.026202347513899917,0.022804790897537727,0.023823305880857817,0.027896340467037335,0.031353258900714845,0.03440155190468626,0.02601259017950754,0.032043593690230326,0.03557320147100874,0.03776478255440827,0.032585216177918985,0.033014519456711675,0.029439339936457514,0.03521274935980937,0.026429541111993644,0.04179088541699761,0.026030304057188248,0.027122865455123116,0.03611037864019063,0.03883731780142971,0.0369836136838761,0.017213255037331215,0.02865939354090548,0.02770877203177125,0.02663434026052422,0.028925257048451142,0.027242777623510718,0.029459531332803802,0.027326449830023823,0.029950162389197763,0.025017707990468627,0.02874391944400317,0.027333871119936456,0.026229793629864964,0.022572927640984904,0.019270137416997617,0.025602683485305797,0.023287067609213664,0.029685524949960292,0.024930187606036533
Txtls,0.027243785607625103,0.02031246395869738,0.019740197200953137,0.017279024044479747,0.017894104036536938,0.02478409457188244,0.02563239217950754,0.029721098217633038,0.025916884389197776,0.028664142652899117,0.02313872189833201,0.024286557401111995,0.028949967764892767,0.031382722400317725,0.02601259017950754,0.041944585942811745,0.032460698214455935,0.037414441567911044,0.03706395631612391,0.03293184187132644,0.032948996697378864,0.03031621220810166,0.035854191118347895,0.02619764661636219,0.042571141564733905,0.02719900177601271,0.02215731410325655,0.03470455895631453,0.03785684962986497,0.03613344632724384,0.016485011131056392,0.029411575064336778,0.027792734492454316,0.026913753110405086,0.02936574383478951,0.027766961037331218,0.0298582393375695,0.02776881260683081,0.03051774847974583,0.02485907998411438,0.02959944167593328,0.027464295226370145,0.02751295996028594,0.023589787664813348,0.019354475294678312,0.025639732316123907,0.024388465480540102,0.029522303688641782,0.02556869831771246
BldMt,0.03274225413820492,0.023467411552025422,0.022707492530579826,0.020445963488482922,0.02001667511675934,0.028125470624305003,0.030874123116759328,0.03540534485782367,0.030346748654487686,0.03160319923749007,0.02718579035742653,0.028397544756155673,0.03390075295949165,0.038697133321683876,0.032043593690230326,0.032460698214455935,0.04462562458459094,0.04604762780301828,0.04706586917553612,0.040476487351866555,0.04102764182049245,0.036341868641779185,0.04360337609849087,0.03171783922160445,0.0522168967593328,0.03193310800317712,0.03352359896425734,0.04590724914694201,0.05123413685782367,0.04751768260206514,0.020390922227164415,0.03487455059253375,0.03398883453216839,0.03225868828911835,0.035004577766481325,0.03282921419857029,0.03603246067990468,0.033376511161239075,0.03639603311834789,0.02997499990468626,0.03537886768864177,0.03373509955520254,0.03203936217633042,0.027375828292295467,0.023370095294678324,0.03082537807466243,0.029059301159650514,0.036215606500397145,0.030712679342335184
Cnstr,0.03672637658459095,0.026072354525814134,0.025722205124702142,0.02269548354567116,0.021700393720413026,0.03222638958061953,0.03493142412867354,0.040068830335186656,0.034345511471008734,0.035318554598888004,0.031149452001588557,0.03201953145035743,0.03833197483081811,0.04331368302938841,0.03557320147100874,0.037414441567911044,0.04604762780301828,0.06254457699602857,0.05249851786656076,0.04445399667355044,0.045715459725178716,0.0410166524940429,0.04874200856711676,0.03546074552025417,0.058039690508339944,0.035579056117553604,0.037151863949165996,0.05076999229706116,0.05790364040349486,0.05312582200317712,0.02289500832247815,0.039318531931691825,0.038384862162033365,0.03608927150277998,0.03912553313423352,0.03683841267831612,0.04027427464813343,0.037296099621922166,0.0402393771183479,0.032979021493248606,0.0397027956076251,0.03732936712470214,0.03600349403494836,0.03110091366957904,0.02620706917553614,0.035047085370929314,0.03358746567116759,0.040344487186656064,0.03400799766004766
Steel,0.03927477957108816,0.02736960413343924,0.026747667606036536,0.023950190811755357,0.022914186181096103,0.032979092808578234,0.036499904443208886,0.04156964341223194,0.03542810874185862,0.038026594503574256,0.03265643168387609,0.0336042948435266,0.037838585652104836,0.04815499135980936,0.03776478255440827,0.03706395631612391,0.04706586917553612,0.05249851786656076,0.06718255188403498,0.04885368800317714,0.05028645329785544,0.04401812339158063,0.05265881623351865,0.038196884725973,0.06339151854646544,0.037444366255758525,0.0505354248895949,0.06167812338840349,0.07661615209213662,0.06378541050516282,0.023918722505162825,0.04190244961556792,0.04093878782049245,0.03824088564416202,0.04246134291342334,0.03896672454805402,0.04356168688324068,0.03999024596664019,0.04364659721683877,0.037081938220810164,0.042479779007148534,0.04102576911040508,0.0372366719698173,0.0317303371008737,0.027364970544876886,0.036725336494042894,0.03462345633042095,0.04342205441143764,0.03637742395710881
FabPr,0.035632541350278,0.024043445140587767,0.023550796543288326,0.020951442204924536,0.019981819567911036,0.029403976130262115,0.03170790917553613,0.03630960725019857,0.03074886356473391,0.032334945988880065,0.02833045911040508,0.02940740230659253,0.03391022224622716,0.04064746341223193,0.032585216177918985,0.03293184187132644,0.040476487351866555,0.04445399667355044,0.04885368800317714,0.08066714637648928,0.04323328901985705,0.03910337421763303,0.04496480686576647,0.03283660255758539,0.05588668452740268,0.03295223946624304,0.03348636947418586,0.045350549569499604,0.05564866391739474,0.05092087979984115,0.020901726046068308,0.0361895043590151,0.035293228679904684,0.03343583020492453,0.03662194346624305,0.03404596393010325,0.03702409165051628,0.034855618312946784,0.03758122504209689,0.030602229038919775,0.03558289666401905,0.03490047531374106,0.03275857164416203,0.02768546813343923,0.023913628155679108,0.03148314979189832,0.028930157712470216,0.036898472305003975,0.03149785261000795
Mach ,0.03494017830023828,0.024656920956314533,0.024152985350277992,0.020944844378077834,0.0208585905655282,0.02950621630341541,0.03241744474503574,0.03689528928991262,0.03171722664495631,0.034018002414614765,0.02841729748212867,0.029796931444003184,0.03487571187926927,0.041205846038125486,0.033014519456711675,0.032948996697378864,0.04102764182049245,0.045715459725178716,0.05028645329785544,0.04323328901985705,0.04601062864336775,0.03863233822875297,0.04646101712311358,0.03403161657664813,0.05623232347100875,0.03375984898808578,0.03530082183955521,0.048570138257347094,0.05624021248927719,0.05279914661318506,0.02135159618268467,0.03694948065607625,0.03549404240349483,0.03407556748689436,0.038297401849086574,0.03513318329308975,0.039034331585385225,0.03581190506115966,0.03840724639872915,0.031805685607625096,0.03737532988880062,0.03567499370135027,0.03344026539316919,0.028682650365369336,0.024210253658459087,0.032373799877680694,0.02972059320095314,0.038310551027799844,0.03200453255123113
ElcEq,0.03256341887212073,0.02180782282764099,0.022372931167593323,0.019396345830023826,0.0187469835822081,0.027757958657664807,0.028933242597299447,0.033532453598093724,0.028503749142176328,0.030076655694996027,0.027044149586973786,0.02768749766481334,0.033906466179507544,0.03713112366163621,0.029439339936457514,0.03031621220810166,0.036341868641779185,0.0410166524940429,0.04401812339158063,0.03910337421763303,0.03863233822875297,0.04477410934868943,0.04141922667990469,0.030299074432088954,0.04922266850675138,0.030053291199364562,0.03008436524225576,0.04303427543288324,0.05017562470214456,0.04504074320095313,0.01841953354249404,0.03321510494837174,0.031984243343923746,0.030752442994440025,0.034757424050834,0.032260207934868945,0.035245375289912624,0.03216700546465448,0.03402889188244639,0.028025068006354247,0.03330730761715647,0.03195163503574264,0.029810264884829227,0.025810447474185864,0.02188513529785544,0.028898702104845114,0.027019179539316922,0.03418511011914217,0.029045037974583
Autos,0.037636588752978546,0.026647814103256555,0.025955407151707702,0.02261382094360603,0.022762579172359017,0.03180589611914217,0.03524825579507545,0.0401234219412232,0.03435924981254964,0.037247550214455916,0.031065361215250203,0.03205894525178714,0.03782732008260523,0.04397421469261317,0.03521274935980937,0.035854191118347895,0.04360337609849087,0.04874200856711676,0.05265881623351865,0.04496480686576647,0.04646101712311358,0.04141922667990469,0.05577984230500398,0.03666660965051627,0.05875231988085783,0.03567713391898333,0.03529636605559969,0.05031957051151707,0.05748562299920572,0.053207667318506756,0.022554560656076254,0.039474682568705316,0.03873577791421763,0.03637677346624303,0.040683674942017474,0.03777790469737888,0.0414805467466243,0.03799397007783955,0.041358259971405874,0.03401370244638602,0.04037203724384432,0.03782576027799841,0.03658047984908657,0.03133476525019857,0.02585079390309769,0.03492017710405083,0.03213636349483718,0.04077115276886416,0.03407638304845115
Aero ,0.02765999571088166,0.02004575251787133,0.01936881030976966,0.017928318252581416,0.017946968268467034,0.02313536609213661,0.02562991894360604,0.029848576584590947,0.02559669605242256,0.02763667787132645,0.022929714543288317,0.023922200635424943,0.028156994535345498,0.03233531054011119,0.026429541111993644,0.02619764661636219,0.03171783922160445,0.03546074552025417,0.038196884725973,0.03283660255758539,0.03403161657664813,0.030299074432088954,0.03666660965051627,0.03481721549642573,0.04381055816521048,0.028553344670373314,0.02382771345512311,0.035157168490865774,0.039181934440031777,0.03698953675138999,0.017912816211278798,0.02951321220810167,0.028908413828435262,0.02744429544876886,0.02975712752978554,0.027852512239872916,0.030262823232724376,0.028414177505957112,0.0311988399364575,0.025933280301826844,0.030022699515488485,0.028154732096902307,0.026827892144559173,0.023397690047656874,0.019556184638602064,0.02664971583002383,0.023872809150119138,0.030598933343923745,0.02526801462271644
Ships,0.0437280906115965,0.030586116616362184,0.02918706165210485,0.02827443726767275,0.026323430301826854,0.037291642962668785,0.04102359889594917,0.047829913899920556,0.0400866162271644,0.04319274262112787,0.036485312907069106,0.037539447561556784,0.04435514878474979,0.0520228819618745,0.04179088541699761,0.042571141564733905,0.0522168967593328,0.058039690508339944,0.06339151854646544,0.05588668452740268,0.05623232347100875,0.04922266850675138,0.05875231988085783,0.04381055816521048,0.09434026223193011,0.04425428049245431,0.04471804460683081,0.06160260409054803,0.07232712103256556,0.06679045209690229,0.027733989189833205,0.047222159769658455,0.04580248386814932,0.04304542855440826,0.04766746233518667,0.04409585497220016,0.04834902957108816,0.04441058725972995,0.04913995790309769,0.040244462827640985,0.04902883891183479,0.04518792169181891,0.04313267567116759,0.036554247077045264,0.030849976250992846,0.041642833050039726,0.035955708911834784,0.048698635011914224,0.04117381698967434
Guns ,0.0275569812867355,0.02013041724543288,0.020915884613185064,0.018771555088165214,0.018062475040508338,0.02435845743288324,0.025566545013502782,0.029221818624304993,0.02576428335822081,0.027272584908657662,0.023428557950754565,0.024822314745035743,0.030224686360603655,0.032260929274027,0.026030304057188248,0.02719900177601271,0.03193310800317712,0.035579056117553604,0.037444366255758525,0.03295223946624304,0.03375984898808578,0.030053291199364562,0.03567713391898333,0.028553344670373314,0.04425428049245431,0.04611862316759332,0.025741409061159654,0.0357362397045274,0.03817203379825259,0.03723557165051628,0.017040009540905482,0.029561431444003174,0.029121707409054808,0.027339950268467028,0.02972444932803812,0.02805172964892772,0.030733042055599676,0.02862838911517077,0.03069087825893567,0.025057185321683877,0.03017168859412231,0.02795190562351073,0.02737114746624305,0.023299672422557587,0.019332008521048452,0.026319620482922957,0.023567027799841146,0.030358378961080214,0.025802309766481332
Gold ,0.03193969830023828,0.017781732733915805,0.019670816368546465,0.018771940822875297,0.017532722745035735,0.020945467234312953,0.024329223917394758,0.025071346503574263,0.02218015752819698,0.02305238754567116,0.022563000857823666,0.023063230741858613,0.0280374341604448,0.03687972074344716,0.027122865455123116,0.02215731410325655,0.03352359896425734,0.037151863949165996,0.0505354248895949,0.03348636947418586,0.03530082183955521,0.03008436524225576,0.03529636605559969,0.02382771345512311,0.04471804460683081,0.025741409061159654,0.1926650186878475,0.07686356124543287,0.08250862690389198,0.05921901163463065,0.01880947039872914,0.028850898719618746,0.027297227552025412,0.025028925216838756,0.029369471694996048,0.02677906717077045,0.031016801213661644,0.02785185739158062,0.027912322675139,0.02695785045274026,0.02600670386020651,0.02771374217633042,0.022643425639396343,0.01890866411437648,0.015961216146147733,0.022326684581413816,0.022559990373312144,0.030360272273232725,0.02555742155361398
Mines,0.03925362389197775,0.025905888079428115,0.026491370093725174,0.023887060632247815,0.022412561084988087,0.03114840891024622,0.03579820870691024,0.03902767921207307,0.03364337658300239,0.03552866268467037,0.030667036179507536,0.0323228133629865,0.038763880641779186,0.049390201498014305,0.03611037864019063,0.03470455895631453,0.04590724914694201,0.05076999229706116,0.06167812338840349,0.045350549569499604,0.048570138257347094,0.04303427543288324,0.05031957051151707,0.035157168490865774,0.06160260409054803,0.0357362397045274,0.07686356124543287,0.09050012959332804,0.08511954183637808,0.06918838684511518,0.023239532757744232,0.040652614486100073,0.03872084937092932,0.03654797489912629,0.04225128243367752,0.03856491432724384,0.04273977378713263,0.03838920017156473,0.04163700296108022,0.036013893677521835,0.03988676545671167,0.03936389563939633,0.034789222104845106,0.02983646982525814,0.02519762934710087,0.033788278997617154,0.03227885893566323,0.04170798089912627,0.03536557058459094
Coal ,0.042987049150119146,0.027893060594122318,0.026819230525814138,0.02405345711199365,0.02223663085305798,0.03729967355996822,0.038345267440826045,0.04088447675297856,0.03602272433042097,0.041770690007942805,0.032480714011119925,0.035868096787926934,0.03969965486258937,0.05526385982843526,0.03883731780142971,0.03785684962986497,0.05123413685782367,0.05790364040349486,0.07661615209213662,0.05564866391739474,0.05624021248927719,0.05017562470214456,0.05748562299920572,0.039181934440031777,0.07232712103256556,0.03817203379825259,0.08250862690389198,0.08511954183637808,0.20407741789356632,0.09044364998570294,0.026491874208101673,0.045538871717235904,0.043445676228752984,0.04000954091501192,0.04857619724861001,0.04202258078792693,0.04883360680857824,0.04282408710405085,0.04652260545830025,0.04014292390786339,0.04540088589356632,0.04444637523431294,0.03891824071485306,0.031203576632247806,0.027699518945194592,0.036945872098490866,0.03718661963463066,0.04589176394598888,0.04043034297378872
Oil  ,0.040104412454328824,0.027094266570293873,0.026440084057188243,0.023207807542494043,0.02334229496902303,0.03320988833836376,0.03712902757903098,0.04064663076092137,0.03571795707545671,0.03719661245432884,0.03193957813343924,0.03351930229070691,0.039750912,0.05148946224463861,0.0369836136838761,0.03613344632724384,0.04751768260206514,0.05312582200317712,0.06378541050516282,0.05092087979984115,0.05279914661318506,0.04504074320095313,0.053207667318506756,0.03698953675138999,0.06679045209690229,0.03723557165051628,0.05921901163463065,0.06918838684511518,0.09044364998570294,0.0957902547720413,0.02592826800794281,0.042507271102462274,0.04038313064177918,0.03769851135663224,0.0437751231644162,0.04024801812390787,0.04417984003018269,0.04038488604924543,0.04269843803653693,0.036167310770452744,0.041372794177918996,0.04218704223193009,0.036904175305798245,0.029691227220015885,0.02669728755202542,0.0355398784892772,0.034797555234312945,0.04312218261477363,0.037478297351866564
Util ,0.01802595186656076,0.014257819656870533,0.01412646317077045,0.012738027564733917,0.014976316961080222,0.01491677954090548,0.016447530721207308,0.019397732384432095,0.016365686816521046,0.017069332422557586,0.014519323677521843,0.0156078986624305,0.017779603138999202,0.020052817898332007,0.017213255037331215,0.016485011131056392,0.020390922227164415,0.02289500832247815,0.023918722505162825,0.020901726046068308,0.02135159618268467,0.01841953354249404,0.022554560656076254,0.017912816211278798,0.027733989189833205,0.017040009540905482,0.01880947039872914,0.023239532757744232,0.026491874208101673,0.02592826800794281,0.019181209942811757,0.01941350826211279,0.01835228109769658,0.017359131963463063,0.0175671189324861,0.016859962003177124,0.018277983115170766,0.017439883958697375,0.019896595450357425,0.017621613963463064,0.018960509507545666,0.018047279118347893,0.017179763010325658,0.015399390206513106,0.012783576467037336,0.018091521558379668,0.015588835075456716,0.01955506901350278,0.016861932814932486
Telcm,0.03065476295472597,0.02203366558538523,0.021498628806989672,0.01943041551707704,0.01961046472279587,0.026053902349483717,0.029352739795075456,0.03381523622557585,0.027839736138204924,0.029846092041302622,0.02607067875297855,0.02700554543606036,0.03279200734551231,0.03514215787609214,0.02865939354090548,0.029411575064336778,0.03487455059253375,0.039318531931691825,0.04190244961556792,0.0361895043590151,0.03694948065607625,0.03321510494837174,0.039474682568705316,0.02951321220810167,0.047222159769658455,0.029561431444003174,0.028850898719618746,0.040652614486100073,0.045538871717235904,0.042507271102462274,0.01941350826211279,0.03749274824305004,0.03158259161080222,0.030128737726767277,0.03340378206830818,0.0316006592359015,0.033937125494837156,0.031093902347895157,0.033252190506751385,0.02772851553613979,0.032642100135027795,0.030931317212073078,0.02963305768864177,0.025905428776806988,0.021796208949960285,0.028996280617950745,0.026183067418586174,0.03372305940587767,0.028425275270849867
PerSv,0.030467154948371728,0.021153825045274025,0.02074145489118348,0.01859544360285941,0.018218001402700558,0.024784166368546464,0.02769646564098491,0.032269819386814926,0.02721828797299444,0.02847181667990468,0.025307423185067512,0.025666156746624293,0.031044251952343137,0.033712639210484514,0.02770877203177125,0.027792734492454316,0.03398883453216839,0.038384862162033365,0.04093878782049245,0.035293228679904684,0.03549404240349483,0.031984243343923746,0.03873577791421763,0.028908413828435262,0.04580248386814932,0.029121707409054808,0.027297227552025412,0.03872084937092932,0.043445676228752984,0.04038313064177918,0.01835228109769658,0.03158259161080222,0.042414284001588545,0.02924211570929309,0.03166214746942018,0.02985973278633836,0.03263948746465449,0.03004852392057188,0.03187236880698967,0.02590201482128673,0.03179004393169181,0.029731418149324867,0.028937416036536927,0.024826278371723593,0.020800687710881647,0.027607915725178712,0.025686377251787136,0.032149439866560756,0.027034532649722005
BusSv,0.028450385226370133,0.020280361566322475,0.019668852635424935,0.01761603505639396,0.017620354889594916,0.023756308354249404,0.026405227197776014,0.030782298497220008,0.02539079863224781,0.02709341604447974,0.023783760119142173,0.024869696953137413,0.029779345772835586,0.03236193309451946,0.02663434026052422,0.026913753110405086,0.03225868828911835,0.03608927150277998,0.03824088564416202,0.03343583020492453,0.03407556748689436,0.030752442994440025,0.03637677346624303,0.02744429544876886,0.04304542855440826,0.027339950268467028,0.025028925216838756,0.03654797489912629,0.04000954091501192,0.03769851135663224,0.017359131963463063,0.030128737726767277,0.02924211570929309,0.029614831166004767,0.030365530058776798,0.028841021523431293,0.030910759299444007,0.028638141807783953,0.03084235873550437,0.025279829912629073,0.030063701850675133,0.028403105170770448,0.02709989613185067,0.02371375748212867,0.02002896208737093,0.026486614787926924,0.0236479995234313,0.03081467189197775,0.02568762882128673
Hardw,0.02985971374106434,0.02159309281652104,0.02151262654805401,0.018589362738681493,0.017787292079428117,0.02675442591262907,0.02903041958379665,0.032617538637013506,0.02799430600794281,0.030647736934074653,0.0260326484511517,0.02749626833359809,0.03383488605559968,0.036317947488482924,0.028925257048451142,0.02936574383478951,0.035004577766481325,0.03912553313423352,0.04246134291342334,0.03662194346624305,0.038297401849086574,0.034757424050834,0.040683674942017474,0.02975712752978554,0.04766746233518667,0.02972444932803812,0.029369471694996048,0.04225128243367752,0.04857619724861001,0.0437751231644162,0.0175671189324861,0.03340378206830818,0.03166214746942018,0.030365530058776798,0.042511188270055594,0.03371249987609213,0.0370067685019857,0.03257876448610008,0.033778008216044465,0.0275940175694996,0.03249039329626688,0.031245655663224788,0.029754164193804614,0.02587949382049245,0.02113112742176331,0.027928797477362988,0.026443624273232717,0.03397576509610802,0.028578579926926133
Softw,0.02898347342335186,0.020568240581413814,0.02048337292136616,0.018060382093725173,0.017235362244638598,0.024782130038125492,0.02792492681652104,0.031157405375694995,0.026629684398729148,0.028795947926926135,0.02495124579030977,0.02616116675456712,0.032772418084193795,0.033504548201747406,0.027242777623510718,0.027766961037331218,0.03282921419857029,0.03683841267831612,0.03896672454805402,0.03404596393010325,0.03513318329308975,0.032260207934868945,0.03777790469737888,0.027852512239872916,0.04409585497220016,0.02805172964892772,0.02677906717077045,0.03856491432724384,0.04202258078792693,0.04024801812390787,0.016859962003177124,0.0316006592359015,0.02985973278633836,0.028841021523431293,0.03371249987609213,0.033410434660841946,0.033259934311358215,0.030055488305003968,0.03149541306433677,0.025549042684670373,0.03064621684670373,0.02910239077839556,0.02827882834789515,0.024688959817315333,0.020101515097696584,0.026501261571088168,0.02483722903891977,0.031741411749007145,0.026804124500397146
Chips,0.0316471877045274,0.022151910827640973,0.02209701813185068,0.019485893356632252,0.018576186915011915,0.02687099623351866,0.029453574902303423,0.03337534084829229,0.028472583636219215,0.030652168451151696,0.0265882084432089,0.027451657747418583,0.03396897601906274,0.03673323533439238,0.029459531332803802,0.0298582393375695,0.03603246067990468,0.04027427464813343,0.04356168688324068,0.03702409165051628,0.039034331585385225,0.035245375289912624,0.0414805467466243,0.030262823232724376,0.04834902957108816,0.030733042055599676,0.031016801213661644,0.04273977378713263,0.04883360680857824,0.04417984003018269,0.018277983115170766,0.033937125494837156,0.03263948746465449,0.030910759299444007,0.0370067685019857,0.033259934311358215,0.039562678092136615,0.03325200331691818,0.0339753547640985,0.027888329483717233,0.033483348617950735,0.031724831175536136,0.03039608682287529,0.02608638604447974,0.021818396845115166,0.028791503683876087,0.026749377696584586,0.034750260136616355,0.028889245215250197
LabEq,0.029018309070691018,0.020647944038125497,0.02009883553296267,0.018516855974583003,0.017662395259729943,0.02444370774900715,0.02712163598411438,0.030826431498014305,0.026387335358220812,0.028125135536139795,0.02474478643367752,0.02617113306433678,0.031783459996822874,0.03405219093884035,0.027326449830023823,0.02776881260683081,0.033376511161239075,0.037296099621922166,0.03999024596664019,0.034855618312946784,0.03581190506115966,0.03216700546465448,0.03799397007783955,0.028414177505957112,0.04441058725972995,0.02862838911517077,0.02785185739158062,0.03838920017156473,0.04282408710405085,0.04038488604924543,0.017439883958697375,0.031093902347895157,0.03004852392057188,0.028638141807783953,0.03257876448610008,0.030055488305003968,0.03325200331691818,0.03358871805559968,0.031627570751389986,0.02600876854646545,0.03056875787132645,0.02928502522637013,0.02782658592533757,0.024323133979348686,0.020403536597299442,0.027036454627482127,0.02449687491660047,0.03190374578554407,0.02676564806354249
Paper,0.03102151803018268,0.0224403876664019,0.022809951396346305,0.019250533896743444,0.020008265652104847,0.026826702468625903,0.029279378929308965,0.034031470697378864,0.02814408976012708,0.03020017305798252,0.026249676600476567,0.027256679891977765,0.03183840508975378,0.03640675216521048,0.029950162389197763,0.03051774847974583,0.03639603311834789,0.0402393771183479,0.04364659721683877,0.03758122504209689,0.03840724639872915,0.03402889188244639,0.041358259971405874,0.0311988399364575,0.04913995790309769,0.03069087825893567,0.027912322675139,0.04163700296108022,0.04652260545830025,0.04269843803653693,0.019896595450357425,0.033252190506751385,0.03187236880698967,0.03084235873550437,0.033778008216044465,0.03149541306433677,0.0339753547640985,0.031627570751389986,0.045079006297061144,0.03072083539316918,0.0336370970293884,0.03169977445591739,0.03036239402700556,0.026103556949960277,0.022289601817315326,0.030190606138204925,0.02682975437648928,0.03452804799999999,0.02825750133121524
