,Agric,Food ,Soda ,Beer ,Smoke,Toys ,Fun  ,Books,Hshld,Clths,Hlth ,MedEq,Drugs,Chems,Rubbr,Txtls,BldMt,Cnstr,Steel,FabPr,Mach ,ElcEq,Autos,Aero ,Ships,Guns ,Gold ,Mines,Coal ,Oil  ,Util ,Telcm,PerSv,BusSv,Hardw,Softw,Chips,LabEq,Paper,Boxes,Trans,Whlsl,Rtail,Meals,Banks,Insur,RlEst,Fin  ,Other
Agric,0.0515163380714853,0.02247394784432089,0.021574936165210484,0.018636096019062746,0.020407270646544882,0.025434020085782362,0.0295776571310564,0.035952832660841934,0.02926309027482129,0.03126800876886418,0.027011765553613974,0.026963614494042887,0.03219641204130262,0.0356522789706116,0.029935755691818902,0.030376679853852267,0.03623415313105639,0.040502318030182685,0.042697212187450345,0.03986097742970612,0.03851463641620334,0.03446506562668786,0.041503696775218424,0.03126981713741064,0.04755098158538522,0.029981989718824462,0.030316224851469415,0.04094372181731533,0.04653584285305798,0.042074377296266875,0.019726078017474186,0.03326731213979349,0.03207197350277998,0.030465118309769664,0.03276183309928515,0.03094175445909452,0.03397875486576648,0.031106730592533754,0.03506253936775218,0.027860202471803007,0.03368112033677522,0.03142326278633836,0.03064101270849881,0.02605377044003177,0.022501171628276414,0.02924935372835584,0.027440909210484518,0.034392410185861796,0.02868747632724384
Food ,0.02247394784432089,0.021774485979348685,0.018290352324066724,0.014533643656870533,0.016808136562351077,0.019203975046862592,0.02227571310881652,0.026183096568705322,0.021905118386020647,0.023518334551231136,0.019266295199364576,0.01976461445909452,0.0235081389197776,0.026198681026211278,0.022063802293884036,0.023310602833995227,0.02674686474662431,0.0296638725655282,0.030786818976965846,0.028479017690230344,0.028202494792692608,0.024383235402700557,0.030637169594916597,0.023448335320095312,0.034857584486100074,0.022313001166004764,0.019243595348689427,0.028571482322478147,0.032315299266084195,0.03001315743288324,0.01589214630023829,0.02480391392533757,0.023662733629864964,0.0224967703542494,0.024423079599682287,0.02292698472756156,0.02501465784590945,0.022967959275615568,0.02592384607783955,0.020946571291501185,0.024808554306592533,0.0234155210675139,0.023016748435266084,0.02007471197140588,0.01678564891183479,0.022542047253375695,0.02077043120571883,0.025145353702938834,0.02135796920413026
Soda ,0.021574936165210484,0.018290352324066724,0.04376886553772836,0.014638925566322479,0.01719107925655282,0.019495930332009533,0.02187604188085782,0.026628537760127084,0.021818873308975376,0.023831408673550433,0.018886312336775225,0.02080187794122319,0.025177752343129467,0.026244129073868153,0.021425088495631454,0.023357010910246223,0.02665677365528198,0.029747423351866562,0.03088690295790309,0.02829694515011914,0.02866884499444004,0.025632476492454332,0.03056437286735505,0.02293980436536934,0.03389441135504368,0.023235255993645756,0.023382466598888003,0.02986043384273232,0.03332476485464654,0.030598710290706915,0.01590653720730739,0.02469442886735504,0.02327381642573471,0.022101566697378873,0.025099560915011917,0.02313856491183479,0.025663583809372517,0.023213694595710873,0.02663072246544877,0.020842922058776803,0.02459395541223193,0.02303029910087371,0.0227972256076251,0.02035582696108022,0.016690790373312153,0.02212760084511517,0.020959085223193008,0.024803196333598097,0.021656629115170772
Beer ,0.018636096019062746,0.014533643656870533,0.014638925566322479,0.028829954902303414,0.015003528233518668,0.01499496591898332,0.017585470994440033,0.019704484980142965,0.017652131599682288,0.01855855410643368,0.01599177101509134,0.01674548962827641,0.01953331012708499,0.021058441482128674,0.018770894030182686,0.018629921385226372,0.02176606910087371,0.023771409340746626,0.02510487350754567,0.02318916212549642,0.022347488206513107,0.019698053904686253,0.024246302811755355,0.019623653680698967,0.029600185158061947,0.018915918057188244,0.019128691510722794,0.024607760811755367,0.026428800085782363,0.023965220416203338,0.013513716057188244,0.020176904206513108,0.01907171151707704,0.018066284239872915,0.019406627933280386,0.01842313925814139,0.02030520028117554,0.019079965277204125,0.020211778146147736,0.017465762945194602,0.02003810452422557,0.018977560565528195,0.01801183472597299,0.015962919988880064,0.013438433447180303,0.018642708996028594,0.01561957493566323,0.020585751593328035,0.017242927286735505
Smoke,0.020407270646544882,0.016808136562351077,0.01719107925655282,0.015003528233518668,0.036898366861000786,0.01793825788403495,0.01990419822557585,0.023451815051628275,0.020243917944400325,0.02189154810166799,0.017580151901509137,0.01883113616044479,0.021846854273232717,0.023883725637807777,0.02039572514058777,0.021234445934868937,0.023468721154884825,0.02599927663224782,0.027411748799046853,0.025240132508339952,0.024764896422557584,0.021885760808578236,0.027190739380460682,0.021906165617156474,0.03158326020810167,0.021154679842732324,0.020384519075456707,0.025843567153296262,0.02735020534074662,0.027354741312152504,0.016594258417791895,0.022680159640984913,0.020963214614773625,0.02015216825575854,0.021194638970611596,0.019908668401906277,0.02164407682446386,0.02036015047815726,0.02358813461318507,0.020311274316123902,0.022358092317712467,0.021334518042891177,0.02124335437648928,0.018455074327243845,0.014906700929308975,0.02110425056235107,0.01904991260683082,0.022443598036536935,0.019532285227958697
Toys ,0.025434020085782362,0.019203975046862592,0.019495930332009533,0.01499496591898332,0.01793825788403495,0.04631510372676727,0.02714864931850675,0.03175452767275616,0.026685640050833993,0.029785131977760133,0.022806545010325655,0.023353847857029385,0.028505876044479742,0.031217404762509924,0.026478448692613184,0.02906693850992851,0.03224225269896743,0.03714892975377283,0.03633485480222398,0.03402788862271644,0.03370216329785545,0.030229181442414613,0.03697563278792692,0.0275941897251787,0.0425796409245433,0.026580993839555197,0.022458378675139,0.03337788372676726,0.04025394786973789,0.03633267719142177,0.016967259965051627,0.029418300759332796,0.02812766233518665,0.026425178227164423,0.02948459076092137,0.027337958122319296,0.030103890519459883,0.027232667787132642,0.031324930163621915,0.0239353045019857,0.02894463108498808,0.02735427163780777,0.028849912819698162,0.024254208320889592,0.019780208657664812,0.02552483405559969,0.026260442179507546,0.029010866414614773,0.02539293893884034
Fun  ,0.0295776571310564,0.02227571310881652,0.02187604188085782,0.017585470994440033,0.01990419822557585,0.02714864931850675,0.036795087293089744,0.03507112272438443,0.029868533728355837,0.032961107466243054,0.025961490157267668,0.026733789707704524,0.03224100760127084,0.03577440748689436,0.029697566754567112,0.031265508295472595,0.03677644123749006,0.04144210884829229,0.04281061692295472,0.03878022341223193,0.03870150482287529,0.033378052474980144,0.042262929436060366,0.03152974657982526,0.04868631926449564,0.029720465285146946,0.027662877150119145,0.039345302416203334,0.04579176790150914,0.04222365323590151,0.019478580362192213,0.03394258687529786,0.03212473096108021,0.030337127957108814,0.03364779282605242,0.031522816779984114,0.034473620201747414,0.031216563879269268,0.03521771924225575,0.027525638401906277,0.03386494554090548,0.031715678659253364,0.03210509680698967,0.027785970600476568,0.022825011302621132,0.02984501847974582,0.028078887660047656,0.03443918514376488,0.029147899868149318
Books,0.035952832660841934,0.026183096568705322,0.026628537760127084,0.019704484980142965,0.023451815051628275,0.03175452767275616,0.03507112272438443,0.06179136126290706,0.0349252274344718,0.03780564014297061,0.030977707815726774,0.03142934342335187,0.03724228687053218,0.04115991142970612,0.03560051104050834,0.03668301083399522,0.04273952475774424,0.048638139698173155,0.04931119670373311,0.045331634487688635,0.04490383429706116,0.03925046065925337,0.0488773615567911,0.03721316092136616,0.05761981284352662,0.03477569192216044,0.030237781906274814,0.044798308713264484,0.05038524662430499,0.047774452231930116,0.023606982700555997,0.04012904878474979,0.03805016521048451,0.03609967336775219,0.0387467006830818,0.03612784072279588,0.0398607089833201,0.0362557607466243,0.04170264050039714,0.03177359613979348,0.03994289437648927,0.036945286322478156,0.03705744800635425,0.03150145799046862,0.02757398328038125,0.036033988570293884,0.03187783019857029,0.04046993366163622,0.03376151802223987
Hshld,0.02926309027482129,0.021905118386020647,0.021818873308975376,0.017652131599682288,0.020243917944400325,0.026685640050833993,0.029868533728355837,0.0349252274344718,0.03538435876727561,0.03295280988085782,0.02589833383320095,0.026264095634630665,0.030787377426528983,0.03525433983478952,0.029900690363780787,0.03162270218268467,0.03637991183161239,0.040838431739475774,0.041773114608419384,0.03833031894519461,0.0380500720127085,0.03308088372676727,0.04161082389197777,0.03149545576489277,0.04790159036378077,0.029526603326449564,0.02635433482446385,0.038549546563939635,0.043904131577442405,0.04117666869579029,0.019540768317712467,0.033093225378872125,0.031754713296266876,0.029516783189833196,0.032963000139793495,0.030714359247021435,0.0336267559872915,0.030735059132644967,0.034376431653693404,0.0275484683208896,0.03301062210643368,0.031149398430500408,0.0319423796664019,0.027082897706115962,0.0223001592533757,0.02915473573629865,0.02758286338999205,0.033124127046862586,0.02869542566163623
Clths,0.03126800876886418,0.023518334551231136,0.023831408673550433,0.01855855410643368,0.02189154810166799,0.029785131977760133,0.032961107466243054,0.03780564014297061,0.03295280988085782,0.0467282299285147,0.027797746147736283,0.02854762012708499,0.033663867688641776,0.03854889647339158,0.03222993801429706,0.03502773156473391,0.03855152583002383,0.04304220552819697,0.045450072454328826,0.0413989007466243,0.04138490446386021,0.035843311215250195,0.04586724447974582,0.03471097804606831,0.052183610246227155,0.032097404305003976,0.02742354398729151,0.041501786640190635,0.048865467132644946,0.044091884892772035,0.02094902764098491,0.035851977347100876,0.03410479971405877,0.03215396589356632,0.036662518252581405,0.03377454073073867,0.03697147515488484,0.03331806058776807,0.03773534066719618,0.02998637185067513,0.03624742268467036,0.03394068365369341,0.03749394297061159,0.03054127941223192,0.023730862859412227,0.031272200905480545,0.03105976829229548,0.03601428813343923,0.031083009229547258
Hlth ,0.027011765553613974,0.019266295199364576,0.018886312336775225,0.01599177101509134,0.017580151901509137,0.022806545010325655,0.025961490157267668,0.030977707815726774,0.02589833383320095,0.027797746147736283,0.031620058706910245,0.02466260529626688,0.02942579347100873,0.030778660463860207,0.02604658727243844,0.02698120013979348,0.031092858405083402,0.03542715145353455,0.03682326576965845,0.033872616095313744,0.03276846373947578,0.0300083095186656,0.036021629261318494,0.0267669963590151,0.041979905540905485,0.02561553283240667,0.02499785214297062,0.0335967218649722,0.03820662213820492,0.03580380198252582,0.01676383703256553,0.029387117064336773,0.02808325407466243,0.026334676959491658,0.029132958818109612,0.027125090805401108,0.029745626239872914,0.027479808527402696,0.030288972044479737,0.023942979564733916,0.028883560305003966,0.027402967631453532,0.026979574583002385,0.02318735428435266,0.019823833979348685,0.026377811949166004,0.024167685858617952,0.029426874173153292,0.025100021696584585
MedEq,0.026963614494042887,0.01976461445909452,0.02080187794122319,0.01674548962827641,0.01883113616044479,0.023353847857029385,0.026733789707704524,0.03142934342335187,0.026264095634630665,0.02854762012708499,0.02466260529626688,0.029309673917394752,0.031663946616362196,0.03197561156949961,0.02721489380778395,0.028154355126290703,0.032420384192216045,0.036219517077045266,0.03783271177601272,0.03480757394440033,0.03405298209054805,0.03058419155361398,0.036929720444797455,0.027904625785544073,0.042483152830818105,0.02727172970135027,0.025364734370135027,0.03492904959650516,0.039713947949166,0.03675503906592533,0.01780996835266084,0.03026812149007148,0.028538959682287524,0.027456332897537725,0.0306971807847498,0.028526734222398733,0.030659723442414615,0.02884259349007148,0.03140237847974583,0.024589619656870527,0.02955885400794281,0.028245315545671165,0.02801866589356632,0.023741288106433674,0.020352498848292298,0.026821137002382842,0.024317672282764092,0.030491805731532963,0.025978556373312152
Drugs,0.03219641204130262,0.0235081389197776,0.025177752343129467,0.01953331012708499,0.021846854273232717,0.028505876044479742,0.03224100760127084,0.03724228687053218,0.030787377426528983,0.033663867688641776,0.02942579347100873,0.031663946616362196,0.046641477545671176,0.03801607065131057,0.03153418646544876,0.03300982894360604,0.03829640347100874,0.04314738195393169,0.04306324834789516,0.040235884241461475,0.03992815868149324,0.03672508138999205,0.0436266283081811,0.032666853407466244,0.05021538864972199,0.032644458133439226,0.03145990050833994,0.041223508570293874,0.045786057807783956,0.04397138592533757,0.02042618826052422,0.036243208117553605,0.03412961633042097,0.032403676370135026,0.03697407316918189,0.034696887378872124,0.03709254903097696,0.034326536949960275,0.03640500569499602,0.028415765194598885,0.0348363842573471,0.033243979444003174,0.03317542837172358,0.028623516243050044,0.023617843153296264,0.030944136671961872,0.02916576509928515,0.035526839237490074,0.031417113050039705
Chems,0.0356522789706116,0.026198681026211278,0.026244129073868153,0.021058441482128674,0.023883725637807777,0.031217404762509924,0.03577440748689436,0.04115991142970612,0.03525433983478952,0.03854889647339158,0.030778660463860207,0.03197561156949961,0.03801607065131057,0.05009230598729151,0.03621969343288323,0.03698696215409055,0.04449883376806989,0.04979625550436854,0.054045579505957106,0.048346326567116765,0.04728124895631453,0.04157551574106433,0.050951474344718035,0.03829156310722797,0.05928114911993645,0.035549386610007935,0.0397651927212073,0.053201022133439246,0.06201880623034154,0.05583218912787927,0.023363536289118348,0.03997325149166004,0.037943536362192214,0.036370019550436845,0.04108802750119142,0.03754177624940429,0.04163108023987291,0.03801206739634631,0.042593831372517876,0.034570083974583,0.040154147281969824,0.038380277248610005,0.037045094424146156,0.03133388301667991,0.026581378276409853,0.035388201618745035,0.0339532781350278,0.04091563930738681,0.0349513249579031
Rubbr,0.029935755691818902,0.022063802293884036,0.021425088495631454,0.018770894030182686,0.02039572514058777,0.026478448692613184,0.029697566754567112,0.03560051104050834,0.029900690363780787,0.03222993801429706,0.02604658727243844,0.02721489380778395,0.03153418646544876,0.03621969343288323,0.04006316432724385,0.03121524391421763,0.03794978085464655,0.041756639237490074,0.04333563586338363,0.03950614576012708,0.0389183526163622,0.03383419087529786,0.042198700937251796,0.03207937694042891,0.04906313681334392,0.029472303358220802,0.03100007757267673,0.04007773784273232,0.04507794209372517,0.041864059577442415,0.020289209175536147,0.03355330553772836,0.031923603272438435,0.030533507749007146,0.0335461178522637,0.03105525410007942,0.03430401192057187,0.03140758847339158,0.03576228962033359,0.028279700949960275,0.033641920692613174,0.03177685339475773,0.03152910630659254,0.02671168958856235,0.02299426792692614,0.030184206284352665,0.028260290617950767,0.034457446411437644,0.029197591332803814
Txtls,0.030376679853852267,0.023310602833995227,0.023357010910246223,0.018629921385226372,0.021234445934868937,0.02906693850992851,0.031265508295472595,0.03668301083399522,0.03162270218268467,0.03502773156473391,0.02698120013979348,0.028154355126290703,0.03300982894360604,0.03698696215409055,0.03121524391421763,0.0490699327466243,0.03909680214138205,0.044454383923748994,0.044189752654487685,0.040934867857029385,0.03986324078157267,0.03525007945353455,0.04359734973788722,0.03251826338999206,0.05048795282605243,0.03138829392216044,0.026729901718824466,0.04030364141699762,0.045627857073868135,0.04271571282605243,0.019931814100079426,0.03491515386179506,0.0327516785067514,0.03132201523113582,0.03464916382525814,0.0321794006290707,0.03534454202382844,0.03245038529626687,0.037042573178713276,0.02903717097378872,0.0349836457760127,0.03261111001111993,0.03328574814932486,0.0280596836791104,0.02348222579825258,0.030657984044479746,0.029737842484511515,0.03477262096266879,0.030318632984908646
BldMt,0.03623415313105639,0.02674686474662431,0.02665677365528198,0.02176606910087371,0.023468721154884825,0.03224225269896743,0.03677644123749006,0.04273952475774424,0.03637991183161239,0.03855152583002383,0.031092858405083402,0.032420384192216045,0.03829640347100874,0.04449883376806989,0.03794978085464655,0.03909680214138205,0.051843293742652896,0.053687613788721195,0.05416247360921365,0.0489739933629865,0.04809583271485307,0.0414706748482923,0.05166431428117552,0.03847370009213661,0.0607947791151708,0.03631498461159651,0.037942133842732324,0.05123697813979347,0.059585034100079426,0.05370316315806195,0.024227174459094523,0.04062343898649723,0.03913353731532963,0.037033476824463854,0.0406512763081811,0.03759259476886417,0.04180377727243844,0.038203436978554405,0.043276953498014296,0.03459944379030977,0.04111571959015091,0.03908732372359015,0.038265856203335974,0.03221448457029389,0.02796195061953931,0.03635435894678315,0.03509890706592533,0.041854052282764106,0.0357812440079428
Cnstr,0.040502318030182685,0.0296638725655282,0.029747423351866562,0.023771409340746626,0.02599927663224782,0.03714892975377283,0.04144210884829229,0.048638139698173155,0.040838431739475774,0.04304220552819697,0.03542715145353455,0.036219517077045266,0.04314738195393169,0.04979625550436854,0.041756639237490074,0.044454383923748994,0.053687613788721195,0.07143062754567116,0.0600880098490866,0.05381797038919779,0.05376950115965052,0.04673041934868943,0.057814915710881654,0.042797152470214456,0.06776667860206513,0.04064185220015886,0.041071736521048445,0.056451577410643355,0.06645234948371724,0.06000044940428909,0.02706493725178713,0.045637031961874505,0.04397183590150914,0.04125364679904687,0.04549670001588562,0.042064242128673546,0.04676562814932485,0.04269420581413821,0.04798689931691818,0.03758760915011914,0.04617186166799047,0.04321823409054805,0.04307500031771247,0.03659073722001588,0.03126500025416997,0.04096677636219221,0.04047356139793487,0.0466551349324861,0.039308485972994425
Steel,0.042697212187450345,0.030786818976965846,0.03088690295790309,0.02510487350754567,0.027411748799046853,0.03633485480222398,0.04281061692295472,0.04931119670373311,0.041773114608419384,0.045450072454328826,0.03682326576965845,0.03783271177601272,0.04306324834789516,0.054045579505957106,0.04333563586338363,0.044189752654487685,0.05416247360921365,0.0600880098490866,0.0723972254471803,0.05762030772676725,0.05721711971088166,0.04916968771882447,0.06085128276409849,0.04521150369499601,0.07137674422716442,0.04164820665766481,0.05158722757426528,0.06516583430182683,0.08074047612708497,0.06733471411596502,0.027806977401111987,0.04769722934710086,0.045959329245432876,0.04309743534074662,0.04837508030500396,0.04410964941858617,0.049747900446386016,0.04494913243208895,0.05093361281810962,0.041646741226370125,0.04806824831453534,0.046179713563145354,0.04401053111993645,0.036935664017474175,0.03221235702144559,0.042510481078633845,0.041059115116759325,0.04914016956949959,0.041380889501191426
FabPr,0.03986097742970612,0.028479017690230344,0.02829694515011914,0.02318916212549642,0.025240132508339952,0.03402788862271644,0.03878022341223193,0.045331634487688635,0.03833031894519461,0.0413989007466243,0.033872616095313744,0.03480757394440033,0.040235884241461475,0.048346326567116765,0.03950614576012708,0.040934867857029385,0.0489739933629865,0.05381797038919779,0.05762030772676725,0.08525993055440828,0.05171872172835583,0.04540099748054011,0.05491284819698172,0.04136822188403494,0.06670162723749007,0.03884508325019857,0.03871595759809372,0.05295364901985703,0.06433728897855441,0.058599102424146135,0.025822748473391575,0.04326458472438442,0.04222310258935663,0.039568681210484506,0.044156764689436065,0.040176812254169976,0.04477334231294679,0.04127046877839555,0.046208554017474195,0.03687886848610008,0.04318199956155679,0.04158473640667198,0.040552128324066704,0.033845358719618746,0.029268343463065925,0.038583984486100086,0.03575066598252581,0.04416988474027005,0.03766058917553614
Mach ,0.03851463641620334,0.028202494792692608,0.02866884499444004,0.022347488206513107,0.024764896422557584,0.03370216329785545,0.03870150482287529,0.04490383429706116,0.0380500720127085,0.04138490446386021,0.03276846373947578,0.03405298209054805,0.03992815868149324,0.04728124895631453,0.0389183526163622,0.03986324078157267,0.04809583271485307,0.05376950115965052,0.05721711971088166,0.05171872172835583,0.053113474115965044,0.04401257006830819,0.05473058106433677,0.04116132379984114,0.06456796880381255,0.03826531685782367,0.03885712625258141,0.053593090684670365,0.06361985039555203,0.05807166969340745,0.02527617863065925,0.042990494309769645,0.040985344972200154,0.03907451211119936,0.04418835857664813,0.040237519266084196,0.045211123529785534,0.04094639652422558,0.04583930535027799,0.036468174652899116,0.0432634421096108,0.0412740411056394,0.04014285220015884,0.03398663348371724,0.02893919010325656,0.03817888793963464,0.03590489333121526,0.044102187304209686,0.03727085159968229
ElcEq,0.03446506562668786,0.024383235402700557,0.025632476492454332,0.019698053904686253,0.021885760808578236,0.030229181442414613,0.033378052474980144,0.03925046065925337,0.03308088372676727,0.035843311215250195,0.0300083095186656,0.03058419155361398,0.03672508138999205,0.04157551574106433,0.03383419087529786,0.03525007945353455,0.0414706748482923,0.04673041934868943,0.04916968771882447,0.04540099748054011,0.04401257006830819,0.04846959437490071,0.047638366799046865,0.03563365931056395,0.055685140827640985,0.03325522502144559,0.032950739694996026,0.04658556148212868,0.05574537633359809,0.048994759930103264,0.021506567933280377,0.037576354589356646,0.03582061191421763,0.034351739613979346,0.039052026643367765,0.035733179394757744,0.03967906673709294,0.03595337319459889,0.039622111849086566,0.03140941064654487,0.037591280149324856,0.035935301394757736,0.03456072257347102,0.029389841428117555,0.025379488236695783,0.03325174271485305,0.031740647761715646,0.038435396225575846,0.032703968516282766
Autos,0.041503696775218424,0.030637169594916597,0.03056437286735505,0.024246302811755355,0.027190739380460682,0.03697563278792692,0.042262929436060366,0.0488773615567911,0.04161082389197777,0.04586724447974582,0.036021629261318494,0.036929720444797455,0.0436266283081811,0.050951474344718035,0.042198700937251796,0.04359734973788722,0.05166431428117552,0.057814915710881654,0.06085128276409849,0.05491284819698172,0.05473058106433677,0.047638366799046865,0.06563204721207308,0.044661788911834796,0.06916584848292295,0.04092882967434471,0.039776360730738675,0.05632822579825257,0.06708632806989676,0.06015728387609212,0.026868231707704526,0.046376544590945194,0.04482663345512311,0.042059128641779187,0.04729990255758539,0.04349826481334393,0.04853086741858618,0.04391730195393169,0.04970110036536933,0.03913132718030182,0.04728868403494837,0.044288794027005564,0.04433524508339952,0.03743236832406671,0.031183443240667193,0.04142376590945193,0.0393199912946783,0.04731717722001588,0.04026333150119142
Aero ,0.03126981713741064,0.023448335320095312,0.02293980436536934,0.019623653680698967,0.021906165617156474,0.0275941897251787,0.03152974657982526,0.03721316092136616,0.03149545576489277,0.03471097804606831,0.0267669963590151,0.027904625785544073,0.032666853407466244,0.03829156310722797,0.03207937694042891,0.03251826338999206,0.03847370009213661,0.042797152470214456,0.04521150369499601,0.04136822188403494,0.04116132379984114,0.03563365931056395,0.044661788911834796,0.04168023419221604,0.05201218580460684,0.03339873681334391,0.027857345436060357,0.04087601082128674,0.04764147311834791,0.0434851481556791,0.02154075532327244,0.03518296282128674,0.03420382935663225,0.03225259429388404,0.03542503553296266,0.03275870023193011,0.036133443278792685,0.03331824334233519,0.03792260768228753,0.03038597087847497,0.03565306150278,0.0333588970802224,0.03301756581413821,0.028330723583796662,0.023937920095313744,0.03182316599841143,0.029462152953137404,0.03607569168546464,0.030355083215250198
Ships,0.04755098158538522,0.034857584486100074,0.03389441135504368,0.029600185158061947,0.03158326020810167,0.0425796409245433,0.04868631926449564,0.05761981284352662,0.04790159036378077,0.052183610246227155,0.041979905540905485,0.042483152830818105,0.05021538864972199,0.05928114911993645,0.04906313681334392,0.05048795282605243,0.0607947791151708,0.06776667860206513,0.07137674422716442,0.06670162723749007,0.06456796880381255,0.055685140827640985,0.06916584848292295,0.05201218580460684,0.10455054109451942,0.04937791237331215,0.04800512800953136,0.06737320955837968,0.08012680514376488,0.07260843520889596,0.03228853573629864,0.054438627491660035,0.05184557715647338,0.04922335552501986,0.05466233624781573,0.05019998456076252,0.05564334153931693,0.050556359069102455,0.057886680668784746,0.04571134401588562,0.05605634647498013,0.051802049105639396,0.051396235933280375,0.04338005329785543,0.036606495861795076,0.048384879413820484,0.04361402528038125,0.05532755630818109,0.0472895419364575
Guns ,0.029981989718824462,0.022313001166004764,0.023235255993645756,0.018915918057188244,0.021154679842732324,0.026580993839555197,0.029720465285146946,0.03477569192216044,0.029526603326449564,0.032097404305003976,0.02561553283240667,0.02727172970135027,0.032644458133439226,0.035549386610007935,0.029472303358220802,0.03138829392216044,0.03631498461159651,0.04064185220015886,0.04164820665766481,0.03884508325019857,0.03826531685782367,0.03325522502144559,0.04092882967434471,0.03339873681334391,0.04937791237331215,0.05068344371564732,0.028418528772041304,0.03836002779507545,0.04324634668467037,0.040457060911834784,0.019653957436060358,0.033403080263701354,0.03238380069896743,0.030404533984114378,0.0332569055567911,0.03106152867513901,0.03439003840984909,0.031591236463860216,0.035126265100873716,0.027547507987291504,0.03417752811119936,0.031235584864177907,0.03134155755361398,0.026071001129467836,0.022208447378872117,0.029877067499602852,0.02790190642414615,0.03397051643526607,0.028965442206513092
Gold ,0.030316224851469415,0.019243595348689427,0.023382466598888003,0.019128691510722794,0.020384519075456707,0.022458378675139,0.027662877150119145,0.030237781906274814,0.02635433482446385,0.02742354398729151,0.02499785214297062,0.025364734370135027,0.03145990050833994,0.0397651927212073,0.03100007757267673,0.026729901718824466,0.037942133842732324,0.041071736521048445,0.05158722757426528,0.03871595759809372,0.03885712625258141,0.032950739694996026,0.039776360730738675,0.027857345436060357,0.04800512800953136,0.028418528772041304,0.17829355481493242,0.07532437201906275,0.07261751838602067,0.05639820621445591,0.01981538123590151,0.03178423505639396,0.029712481842732334,0.027973579974582996,0.033260939005559965,0.02941791774106434,0.034575943196187446,0.03131591960603654,0.032820640092136616,0.028844486964257347,0.029102606462271634,0.030591684441620325,0.027123705671167602,0.022187055437648928,0.019543275186656075,0.026122024301826845,0.02710355245750596,0.03397224630341541,0.028485934268467034
Mines,0.04094372181731533,0.028571482322478147,0.02986043384273232,0.024607760811755367,0.025843567153296262,0.03337788372676726,0.039345302416203334,0.044798308713264484,0.038549546563939635,0.041501786640190635,0.0335967218649722,0.03492904959650516,0.041223508570293874,0.053201022133439246,0.04007773784273232,0.04030364141699762,0.05123697813979347,0.056451577410643355,0.06516583430182683,0.05295364901985703,0.053593090684670365,0.04658556148212868,0.05632822579825257,0.04087601082128674,0.06737320955837968,0.03836002779507545,0.07532437201906275,0.08944112128832406,0.08537665190468625,0.06922600967752185,0.026406679424940425,0.044642184333598095,0.042445961556791104,0.04007071159491661,0.04612945033200953,0.04158692874185862,0.04687193642096902,0.04212360769181891,0.04721650465925338,0.03901243176171564,0.043902479837966635,0.04300067128832408,0.04036995078633837,0.0339458605448769,0.02904595627482128,0.03873237279269261,0.037739015857029386,0.04624897484988086,0.03874374132962668
Coal ,0.04653584285305798,0.032315299266084195,0.03332476485464654,0.026428800085782363,0.02735020534074662,0.04025394786973789,0.04579176790150914,0.05038524662430499,0.043904131577442405,0.048865467132644946,0.03820662213820492,0.039713947949166,0.045786057807783956,0.06201880623034154,0.04507794209372517,0.045627857073868135,0.059585034100079426,0.06645234948371724,0.08074047612708497,0.06433728897855441,0.06361985039555203,0.05574537633359809,0.06708632806989676,0.04764147311834791,0.08012680514376488,0.04324634668467037,0.07261751838602067,0.08537665190468625,0.16788424317077041,0.08892818018745036,0.0303316868816521,0.05234411604765687,0.05019922586179508,0.04635319838919776,0.05431130992216043,0.04779736308498808,0.05544422681175535,0.0481260106878475,0.05499508178236695,0.04641741498967433,0.052506846945194585,0.05032656381890389,0.04686201000794281,0.03856326481652103,0.03408314203335981,0.044601339637807776,0.04603696271326448,0.05348527471326448,0.045790884158856224
Oil  ,0.042074377296266875,0.03001315743288324,0.030598710290706915,0.023965220416203338,0.027354741312152504,0.03633267719142177,0.04222365323590151,0.047774452231930116,0.04117666869579029,0.044091884892772035,0.03580380198252582,0.03675503906592533,0.04397138592533757,0.05583218912787927,0.041864059577442415,0.04271571282605243,0.05370316315806195,0.06000044940428909,0.06733471411596502,0.058599102424146135,0.05807166969340745,0.048994759930103264,0.06015728387609212,0.0434851481556791,0.07260843520889596,0.040457060911834784,0.05639820621445591,0.06922600967752185,0.08892818018745036,0.09219681687688643,0.0297295700969023,0.04735954881016679,0.04520903351866562,0.042236635405877694,0.04873563334074663,0.044287080343129455,0.049422088679904684,0.044716466725973,0.04949143344876887,0.04026234384114376,0.046367966506751374,0.04642184046386021,0.043052799555202546,0.034824336228752965,0.031278953899920574,0.041275865156473385,0.04052528038760921,0.048262013718824465,0.041332059355043686
Util ,0.019726078017474186,0.01589214630023829,0.01590653720730739,0.013513716057188244,0.016594258417791895,0.016967259965051627,0.019478580362192213,0.023606982700555997,0.019540768317712467,0.02094902764098491,0.01676383703256553,0.01780996835266084,0.02042618826052422,0.023363536289118348,0.020289209175536147,0.019931814100079426,0.024227174459094523,0.02706493725178713,0.027806977401111987,0.025822748473391575,0.02527617863065925,0.021506567933280377,0.026868231707704526,0.02154075532327244,0.03228853573629864,0.019653957436060358,0.01981538123590151,0.026406679424940425,0.0303316868816521,0.0297295700969023,0.020551271618745037,0.022359477274027,0.020905117934868937,0.0199154135694996,0.020657611043685468,0.019609495177124698,0.021610320390786333,0.02014965870691025,0.02351234067355044,0.020041896095313736,0.022060184883240668,0.02096180909928514,0.020490216362192212,0.017730171936457508,0.015342454408260525,0.02107297981572677,0.018677410255758527,0.022673384978554405,0.019502529254964252
Telcm,0.03326731213979349,0.02480391392533757,0.02469442886735504,0.020176904206513108,0.022680159640984913,0.029418300759332796,0.03394258687529786,0.04012904878474979,0.033093225378872125,0.035851977347100876,0.029387117064336773,0.03026812149007148,0.036243208117553605,0.03997325149166004,0.03355330553772836,0.03491515386179506,0.04062343898649723,0.045637031961874505,0.04769722934710086,0.04326458472438442,0.042990494309769645,0.037576354589356646,0.046376544590945194,0.03518296282128674,0.054438627491660035,0.033403080263701354,0.03178423505639396,0.044642184333598095,0.05234411604765687,0.04735954881016679,0.022359477274027,0.04200720731374106,0.035867720603653695,0.03406326014614774,0.03799181533280381,0.035439488123907854,0.03880368220174741,0.03513028641143765,0.039192714430500396,0.03121248650039714,0.03763078761556791,0.035417160997617145,0.03514958891183479,0.030038248949960288,0.025440426830818104,0.03341975214297061,0.031198273766481335,0.03841058145194598,0.03243732178872121
PerSv,0.03207197350277998,0.023662733629864964,0.02327381642573471,0.01907171151707704,0.020963214614773625,0.02812766233518665,0.03212473096108021,0.03805016521048451,0.031754713296266876,0.03410479971405877,0.02808325407466243,0.028538959682287524,0.03412961633042097,0.037943536362192214,0.031923603272438435,0.0327516785067514,0.03913353731532963,0.04397183590150914,0.045959329245432876,0.04222310258935663,0.040985344972200154,0.03582061191421763,0.04482663345512311,0.03420382935663225,0.05184557715647338,0.03238380069896743,0.029712481842732334,0.042445961556791104,0.05019922586179508,0.04520903351866562,0.020905117934868937,0.035867720603653695,0.0460377812867355,0.03273551491660048,0.035868424209690226,0.03354705766481335,0.03693892088959492,0.03369713162827641,0.03735784988085781,0.029066261318506745,0.0359460581731533,0.03388063523431293,0.033914838888006345,0.02844935377283558,0.024392667196187448,0.0316468256076251,0.030296983097696576,0.03636681830023829,0.030865551739475774
BusSv,0.030465118309769664,0.0224967703542494,0.022101566697378873,0.018066284239872915,0.02015216825575854,0.026425178227164423,0.030337127957108814,0.03609967336775219,0.029516783189833196,0.03215396589356632,0.026334676959491658,0.027456332897537725,0.032403676370135026,0.036370019550436845,0.030533507749007146,0.03132201523113582,0.037033476824463854,0.04125364679904687,0.04309743534074662,0.039568681210484506,0.03907451211119936,0.034351739613979346,0.042059128641779187,0.03225259429388404,0.04922335552501986,0.030404533984114378,0.027973579974582996,0.04007071159491661,0.04635319838919776,0.042236635405877694,0.0199154135694996,0.03406326014614774,0.03273551491660048,0.032875960239872916,0.0343271509070691,0.03198459233836378,0.0349304558268467,0.03197643999682287,0.035632797961874504,0.028192264441620336,0.03406135266401907,0.03209167997458301,0.03147865957108817,0.02699751429229547,0.02319489277998411,0.030202486333598087,0.02790392984590945,0.03467509685782366,0.029024465691818897
Hardw,0.03276183309928515,0.024423079599682287,0.025099560915011917,0.019406627933280386,0.021194638970611596,0.02948459076092137,0.03364779282605242,0.0387467006830818,0.032963000139793495,0.036662518252581405,0.029132958818109612,0.0306971807847498,0.03697407316918189,0.04108802750119142,0.0335461178522637,0.03464916382525814,0.0406512763081811,0.04549670001588562,0.04837508030500396,0.044156764689436065,0.04418835857664813,0.039052026643367765,0.04729990255758539,0.03542503553296266,0.05466233624781573,0.0332569055567911,0.033260939005559965,0.04612945033200953,0.05431130992216043,0.04873563334074663,0.020657611043685468,0.03799181533280381,0.035868424209690226,0.0343271509070691,0.04711938404447973,0.03752625641302621,0.04174594616044479,0.03675656531850674,0.039642342068308176,0.03134450636378078,0.03736640271961874,0.03575448867990468,0.035101812517871325,0.030025675952343123,0.02478708120730739,0.03241998489594916,0.031173690465448767,0.03852448306910246,0.03255194606513105
Softw,0.03094175445909452,0.02292698472756156,0.02313856491183479,0.01842313925814139,0.019908668401906277,0.027337958122319296,0.031522816779984114,0.03612784072279588,0.030714359247021435,0.03377454073073867,0.027125090805401108,0.028526734222398733,0.034696887378872124,0.03754177624940429,0.03105525410007942,0.0321794006290707,0.03759259476886417,0.042064242128673546,0.04410964941858617,0.040176812254169976,0.040237519266084196,0.035733179394757744,0.04349826481334393,0.03275870023193011,0.05019998456076252,0.03106152867513901,0.02941791774106434,0.04158692874185862,0.04779736308498808,0.044287080343129455,0.019609495177124698,0.035439488123907854,0.03354705766481335,0.03198459233836378,0.03752625641302621,0.03626033451787133,0.037179641494837164,0.033331526395552015,0.03653698563780778,0.028639654713264493,0.03463849377918984,0.03275104874980143,0.03270467393169183,0.027926550355837954,0.023165248919777597,0.03025827267513899,0.029016221550436854,0.035598020403494836,0.02993758365528196
Chips,0.03397875486576648,0.02501465784590945,0.025663583809372517,0.02030520028117554,0.02164407682446386,0.030103890519459883,0.034473620201747414,0.0398607089833201,0.0336267559872915,0.03697147515488484,0.029745626239872914,0.030659723442414615,0.03709254903097696,0.04163108023987291,0.03430401192057187,0.03534454202382844,0.04180377727243844,0.04676562814932485,0.049747900446386016,0.04477334231294679,0.045211123529785534,0.03967906673709294,0.04853086741858618,0.036133443278792685,0.05564334153931693,0.03439003840984909,0.034575943196187446,0.04687193642096902,0.05544422681175535,0.049422088679904684,0.021610320390786333,0.03880368220174741,0.03693892088959492,0.0349304558268467,0.04174594616044479,0.037179641494837164,0.04444062020492453,0.037425159164416195,0.0402261813836378,0.03171076959173947,0.03842719797617155,0.03639471966957905,0.035977160444797464,0.03031168688006355,0.025691170746624303,0.033428419906274806,0.032003484247815725,0.039473687237490056,0.03305430730579825
LabEq,0.031106730592533754,0.022967959275615568,0.023213694595710873,0.019079965277204125,0.02036015047815726,0.027232667787132642,0.031216563879269268,0.0362557607466243,0.030735059132644967,0.03331806058776807,0.027479808527402696,0.02884259349007148,0.034326536949960275,0.03801206739634631,0.03140758847339158,0.03245038529626687,0.038203436978554405,0.04269420581413821,0.04494913243208895,0.04127046877839555,0.04094639652422558,0.03595337319459889,0.04391730195393169,0.03331824334233519,0.050556359069102455,0.031591236463860216,0.03131591960603654,0.04212360769181891,0.0481260106878475,0.044716466725973,0.02014965870691025,0.03513028641143765,0.03369713162827641,0.03197643999682287,0.03675656531850674,0.033331526395552015,0.037425159164416195,0.03703209652740269,0.036646436832406676,0.02900750800317712,0.0345976707799841,0.03315495182208101,0.03239783183478951,0.027736496276409846,0.023564122271644162,0.030794747491660033,0.028762833620333605,0.03584778817474185,0.03023904529626688
Paper,0.03506253936775218,0.02592384607783955,0.02663072246544877,0.020211778146147736,0.02358813461318507,0.031324930163621915,0.03521771924225575,0.04170264050039714,0.034376431653693404,0.03773534066719618,0.030288972044479737,0.03140237847974583,0.03640500569499602,0.042593831372517876,0.03576228962033359,0.037042573178713276,0.043276953498014296,0.04798689931691818,0.05093361281810962,0.046208554017474195,0.04583930535027799,0.039622111849086566,0.04970110036536933,0.03792260768228753,0.057886680668784746,0.035126265100873716,0.032820640092136616,0.04721650465925338,0.05499508178236695,0.04949143344876887,0.02351234067355044,0.039192714430500396,0.03735784988085781,0.035632797961874504,0.039642342068308176,0.03653698563780778,0.0402261813836378,0.036646436832406676,0.05232170296902302,0.03537860108339952,0.0395742114598888,0.03728136268149326,0.03684713181890389,0.03117336141223193,0.02668611303415409,0.03560181736139793,0.032756113274027,0.04027661868784749,0.03346770778554408
