,Agric,Food ,Soda ,Beer ,Smoke,Toys ,Fun  ,Books,Hshld,Clths,Hlth ,MedEq,Drugs,Chems,Rubbr,Txtls,BldMt,Cnstr,Steel,FabPr,Mach ,ElcEq,Autos,Aero ,Ships,Guns ,Gold ,Mines,Coal ,Oil  ,Util ,Telcm,PerSv,BusSv,Hardw,Softw,Chips,LabEq,Paper,Boxes,Trans,Whlsl,Rtail,Meals,Banks,Insur,RlEst,Fin  ,Other
Agric,0.05274295949166003,0.021219483526608417,0.02086714922954726,0.017734836600476568,0.01943543895154885,0.023796510119142168,0.027822615440826044,0.0337800622398729,0.027240620206513105,0.029024078316123903,0.025983060142970613,0.025560614868943603,0.030847123177124694,0.03366450586179506,0.02832159545671167,0.028248102462271638,0.034150167974583,0.03799173283558379,0.040364447942811764,0.03736230462271643,0.03596544066719621,0.03272987742652899,0.03896398579825257,0.028997586624304995,0.04488262913423352,0.027905990277998415,0.02948152670373313,0.03838630932486099,0.04202285680698965,0.03842562652899126,0.018288282509928516,0.03131341191421763,0.030689191834789516,0.029041226592533755,0.030910870436854643,0.02940186748212868,0.03229346106433678,0.02970148527402701,0.03230667288324068,0.025928851787132643,0.03203449687053217,0.029637219602859404,0.028668905766481335,0.024650034853057987,0.021203291342335184,0.027637158919777603,0.02543604333598094,0.032907086735504375,0.026799708276409852
Food ,0.021219483526608417,0.020309655129467828,0.01644807883081811,0.013525450262112788,0.015396094322478158,0.017297226090548054,0.020173339119936462,0.02387784555996823,0.019787871815726766,0.02112425599364575,0.01755443724861001,0.018117286754567117,0.021312711961874495,0.02383548705321683,0.01995310539793487,0.021072800622716447,0.02441894994122319,0.027022036683081802,0.028354375828435262,0.02578836789197775,0.02561268454964257,0.022257265340746634,0.027780015898332015,0.0210158597426529,0.031844335949166,0.020167914236695787,0.017857265988880065,0.02606593458300238,0.028958772263701353,0.027137697988880067,0.014640542678316121,0.02277324066719619,0.021644551059571086,0.020802460155679114,0.022365848540111203,0.021095971990468622,0.022786374868943606,0.021053246347895155,0.023279945836378074,0.019225487167593328,0.022551975682287534,0.021371269858617953,0.02072612646227164,0.018411435761715653,0.015193971818903895,0.02058648310087371,0.018686456787926922,0.02323921515488483,0.01934089747418585
Soda ,0.02086714922954726,0.01644807883081811,0.03707528219857028,0.013176792057188245,0.015587604886417784,0.017445581070691024,0.0194770832025417,0.024268380047656878,0.019509656597299446,0.021186902888006353,0.01724704201429706,0.018909690948371718,0.02281566424146148,0.02386727771247021,0.019556230417791892,0.02077989237807784,0.024036577105639396,0.026983457556791095,0.02829848248451152,0.025656796994440026,0.025535721531374102,0.023149097270849878,0.02744777526290706,0.02033546743129468,0.030994637204130256,0.021167715316918193,0.02073301362986497,0.026960843780778395,0.02956122243050039,0.027461159084988078,0.014726861185067514,0.022381500524225578,0.021049224991262903,0.02038711613661636,0.022664283297855442,0.021128370433677525,0.023159819380460675,0.020941062233518663,0.023948194160444795,0.01907577790627482,0.022643085960285945,0.020944599898332007,0.02062198339634631,0.01843622746942018,0.015022468308181098,0.02014022213185067,0.01813045227640985,0.022750212581413822,0.019522168355837966
Beer ,0.017734836600476568,0.013525450262112788,0.013176792057188245,0.027266894924543282,0.013890077656870536,0.014038640730738681,0.016304103431294677,0.01823321596505163,0.016336092001588563,0.0170774041938046,0.014939303510722797,0.015714930373312154,0.018352131525019858,0.019470809237490068,0.01711451194598888,0.016911888522637013,0.020194219197776007,0.022110225266084197,0.023510957053216836,0.021000291493248606,0.020584498157267664,0.018554052446386016,0.022124861604447973,0.017937468816521047,0.027575029920571887,0.0177618515567911,0.018328759841143766,0.02271810955520254,0.024427364424146142,0.02184759538522637,0.012542565416997619,0.018961181104050834,0.017819282938840348,0.017043901882446384,0.018204021254964262,0.017404732200158857,0.018998987069102462,0.017945407569499607,0.01875386539316918,0.016638761588562347,0.01863791637013503,0.01767527866560762,0.016546366886417786,0.014938443534551229,0.012436506155679107,0.017227897760127085,0.014433721882446389,0.019342309134233515,0.015895995933280376
Smoke,0.01943543895154885,0.015396094322478158,0.015587604886417784,0.013890077656870536,0.033350258330420976,0.016183772034948366,0.017940706455917388,0.021304326624305,0.017795610543288324,0.0189010074853058,0.015836048978554406,0.01704251526290707,0.019402366775218432,0.02120286459888801,0.018025161083399518,0.01871116623193011,0.021069961949165997,0.023019160989674343,0.02436494552978554,0.022240453911040507,0.022114817928514694,0.01959275147418586,0.02416782893089754,0.01917459490389198,0.02798299250992851,0.018722479353455123,0.01884963288324067,0.023089059436060367,0.023812574511517078,0.024177220684670372,0.015261988489277204,0.020652664932486107,0.01892778550913423,0.018410251496425736,0.019095932873709295,0.018058324689436054,0.019586413343923748,0.018352013532962667,0.021057468833995233,0.01849822272915011,0.019822211871326448,0.019229970681493246,0.018801304713264487,0.01674160823351866,0.01313782706115965,0.018917190671961875,0.016696393434471803,0.020438686036536927,0.017337552533756947
Toys ,0.023796510119142168,0.017297226090548054,0.017445581070691024,0.014038640730738681,0.016183772034948366,0.04378079603494838,0.024050967269261318,0.028749481810961073,0.023750649798252577,0.026507017868149324,0.0208350729912629,0.021478931361397932,0.026071378808578235,0.02796300629070691,0.02354496407942811,0.02574927900238285,0.02896822244320889,0.03320181809690231,0.03313707597140587,0.03058399546942018,0.030190629235901517,0.02775329806513105,0.032986158805401095,0.024222159440826046,0.038340595329626685,0.024036199224781573,0.02034019119936457,0.030209518093725175,0.036453495154884843,0.032469363850675136,0.015209203996822874,0.026815055218427322,0.025474087453534553,0.024215982919777602,0.026984798277998413,0.024975501045274018,0.02721109734710088,0.024691374004765683,0.027580792508339953,0.021663464292295466,0.025970812346306597,0.024831598818109615,0.025575626192216053,0.021936470106433674,0.01748443291501192,0.02301798140111199,0.023351175707704525,0.026419945067513897,0.02272470538522637
Fun  ,0.027822615440826044,0.020173339119936462,0.0194770832025417,0.016304103431294677,0.017940706455917388,0.024050967269261318,0.03302159441461477,0.03159151396346306,0.02660376082922955,0.029343907882446386,0.0235297621477363,0.024478644428911834,0.029312983939634628,0.03229082263701352,0.02658355646068308,0.027730109289912618,0.03327744340270056,0.0372785660969023,0.03909002936616361,0.03495147866878474,0.03485995716600477,0.030370831100873703,0.037887645960285925,0.02801403309293089,0.043951665274027,0.026649910656076265,0.025102790182684673,0.03578902298649721,0.0408569938522637,0.03801963851628276,0.017515065645750595,0.030842847450357414,0.02913671064019062,0.02778715069420174,0.03053102377124703,0.028821716111199363,0.03114508498808578,0.028446731904686256,0.03137181980301827,0.02523573462748213,0.03065901048133439,0.028731719752184286,0.028567957715647335,0.02507829267355044,0.02026298940428911,0.027037118964257343,0.024807251694996018,0.03157814401906274,0.026324029420174738
Books,0.0337800622398729,0.02387784555996823,0.024268380047656878,0.01823321596505163,0.021304326624305,0.028749481810961073,0.03159151396346306,0.05788831590150911,0.03151004471803017,0.03404815583796664,0.02837491437648927,0.02908767148530579,0.034192565162827634,0.03738815270849879,0.032201628848292294,0.03285492678316124,0.03904730562351072,0.04427328036536934,0.045198086814932474,0.04100274934074662,0.04070236873709293,0.03600826752978553,0.04439711075456712,0.03345757928514695,0.05285478162033359,0.031388344130262105,0.027285345067513896,0.040579451961874506,0.04482944055599682,0.042777825274027,0.02136850112787927,0.03685288856235107,0.03490243059571088,0.03340717301032566,0.035518855663224776,0.03326693493248609,0.0363659664177919,0.03320762266878475,0.037512241985702945,0.02899671637807783,0.03660020414614774,0.033729084447974574,0.03339378374900715,0.02884310498808578,0.025018092692613174,0.032994123939634634,0.028455610055599677,0.037466601874503576,0.03058634119142176
Hshld,0.027240620206513105,0.019787871815726766,0.019509656597299446,0.016336092001588563,0.017795610543288324,0.023750649798252577,0.02660376082922955,0.03151004471803017,0.03207229974741858,0.029389239675933283,0.023543946999205714,0.024131681197776006,0.027973087617156472,0.03183857206513105,0.026789479691818895,0.028018533008737096,0.032931562797458305,0.036839199410643376,0.03798541695472596,0.034286742447974576,0.034233508845115175,0.030093910943606035,0.03734225200317712,0.028011794814932482,0.04324357403494838,0.026680658266878484,0.02352160921366164,0.03462571212867355,0.039323498022239875,0.03679741515965051,0.01758147695313741,0.02986174882446387,0.028853699720413024,0.027051996776807,0.02994295846227164,0.028157188301826844,0.030388477426528983,0.027955351194598882,0.030532804087370916,0.025105310093725176,0.02986943380301827,0.02820794298967434,0.028416360208101676,0.024440378822875298,0.019840976846703728,0.026367746662430497,0.024301851407466248,0.030361779698173153,0.025885394662430502
Clths,0.029024078316123903,0.02112425599364575,0.021186902888006353,0.0170774041938046,0.0189010074853058,0.026507017868149324,0.029343907882446386,0.03404815583796664,0.029389239675933283,0.04251047303574265,0.025059543980937248,0.026024970077839556,0.030357888069896748,0.0343426277680699,0.02860947913582209,0.031174415955520247,0.03458502150277998,0.03826560763145353,0.0410122544050834,0.0367354384050834,0.036957392451151705,0.03229878192851468,0.040864333401111994,0.030483346395552023,0.04694993833200954,0.028844394859412228,0.025224389896743447,0.037289993042096896,0.04399631650516283,0.0393148313709293,0.018417809709293093,0.03227198773629864,0.03057298539158061,0.02921010229706116,0.03305307061477363,0.030677304521048443,0.03317219030976964,0.03003446629388403,0.03320429342017474,0.027006567472597307,0.0326111098395552,0.03057640405401112,0.0333211082065131,0.027463453985702945,0.020860981413820496,0.028037162675138994,0.027341337722001594,0.03270971418586179,0.02775501318506751
Hlth ,0.025983060142970613,0.01755443724861001,0.01724704201429706,0.014939303510722797,0.015836048978554406,0.0208350729912629,0.0235297621477363,0.02837491437648927,0.023543946999205714,0.025059543980937248,0.029811824076250982,0.02293746011755361,0.027561755806195385,0.028029465321683867,0.023660407301032565,0.0241566885528197,0.028428977531374112,0.0323780107132645,0.03402427883717237,0.03068067970770452,0.02977113084670373,0.027743294017474177,0.03269243510087371,0.02400331662589356,0.03832286878474981,0.023431099037331204,0.023118344876886417,0.030627728196981716,0.034315862494042886,0.032125720393963456,0.015160648660841937,0.02694087002382843,0.02598081036378078,0.02441526420333598,0.026860923545671163,0.025204109159650517,0.027339835011914216,0.025378925197776014,0.027378094563939633,0.02192948960127085,0.026470779672756156,0.025066888088959495,0.024385452861000797,0.021317921467831614,0.018029809340746626,0.024176420371723586,0.0218689338776807,0.027280093629864974,0.022914251755361395
MedEq,0.025560614868943603,0.018117286754567117,0.018909690948371718,0.015714930373312154,0.01704251526290707,0.021478931361397932,0.024478644428911834,0.02908767148530579,0.024131681197776006,0.026024970077839556,0.02293746011755361,0.027649154814932478,0.029815688212867356,0.029382751787132632,0.024817487218427324,0.025503362741858614,0.02983133396981732,0.03333466707863384,0.03500723933598093,0.03184459690865766,0.03128363032883241,0.02843094174106434,0.03380972115011913,0.025386746757744237,0.03929919693407467,0.02494552350436854,0.023159836664019055,0.03214122266878475,0.03615130733915806,0.033310956571882454,0.016211273690230347,0.027988421842732328,0.026512763806195397,0.025669300355837976,0.028585888336775216,0.026709387710881646,0.028424438379666402,0.02691754566799047,0.028704798160444796,0.022646314910246216,0.0272247202954726,0.02607627038602066,0.025680830681493252,0.022031100025417,0.018706433057982527,0.024862530732327245,0.021938891428117554,0.028486772168387617,0.02392064305003971
Drugs,0.030847123177124694,0.021312711961874495,0.02281566424146148,0.018352131525019858,0.019402366775218432,0.026071378808578235,0.029312983939634628,0.034192565162827634,0.027973087617156472,0.030357888069896748,0.027561755806195385,0.029815688212867356,0.04505426864972199,0.034670372096902304,0.028433521286735503,0.029810314034948375,0.03505624922160445,0.03943461096902304,0.039193236926131844,0.03639640806195392,0.03626626247815727,0.03413466896743447,0.039468451215250194,0.0294823110087371,0.04613344996822873,0.02985616612390786,0.028489672819698175,0.03745937611596505,0.040473126393963464,0.03922615875297856,0.018287294725973,0.033421969634630656,0.0315864253375695,0.03012835751389992,0.03435438328832406,0.032545655281969815,0.03442422427323272,0.031998420659253374,0.03283345243050039,0.025971044829229555,0.032004631636219215,0.030501163939634625,0.03014926874503575,0.026380745965051633,0.02145636629864972,0.028505251088165217,0.026005995941223187,0.033056528864177905,0.028807078443208886
Chems,0.03366450586179506,0.02383548705321683,0.02386727771247021,0.019470809237490068,0.02120286459888801,0.02796300629070691,0.03229082263701352,0.03738815270849879,0.03183857206513105,0.0343426277680699,0.028029465321683867,0.029382751787132632,0.034670372096902304,0.04600488088165212,0.03262077650516284,0.03308226926926132,0.04057902221604447,0.04512120426528991,0.04958510018268466,0.043673483137410644,0.042980942573471015,0.03812490178713264,0.04615001127879268,0.03430148683081811,0.05423686734710087,0.032244812478157275,0.03678830020651311,0.049054063010325645,0.05605997640190626,0.05102415814932486,0.02097614073073868,0.03658263190627483,0.034753226068308184,0.03350119846703734,0.037708951167593326,0.03456417359809371,0.0379978384432089,0.034922270444797454,0.03825010787132645,0.03157679494837171,0.03657269158856236,0.03503660282764098,0.03319372758538523,0.028399467617156476,0.02380337335186656,0.032184709992057185,0.03027177929308975,0.037709269134233524,0.03168504028594123
Rubbr,0.02832159545671167,0.01995310539793487,0.019556230417791892,0.01711451194598888,0.018025161083399518,0.02354496407942811,0.02658355646068308,0.032201628848292294,0.026789479691818895,0.02860947913582209,0.023660407301032565,0.024817487218427324,0.028433521286735503,0.03262077650516284,0.03636985816679905,0.027607618608419385,0.03421849973947577,0.03766040100714853,0.03957861419857028,0.035465867714058776,0.035104812562351075,0.030792402214455894,0.03781848386973789,0.028499820104845107,0.044302717887212066,0.026540623787132647,0.028107615631453538,0.03637068862589357,0.040330405258141376,0.03733088628752979,0.01812799970135028,0.030414673629864972,0.028951257988880055,0.028030374528991264,0.030618296635424938,0.02849409956473392,0.03109900174741859,0.028589621575853857,0.03193393098967434,0.025781266122319308,0.030330073286735496,0.028796482751389987,0.028028420978554406,0.02415076907704527,0.02058440983320095,0.027301999053216845,0.025084760740270058,0.0315861583796664,0.026218974710087373
Txtls,0.028248102462271638,0.021072800622716447,0.02077989237807784,0.016911888522637013,0.01871116623193011,0.02574927900238285,0.027730109289912618,0.03285492678316124,0.028018533008737096,0.031174415955520247,0.0241566885528197,0.025503362741858614,0.029810314034948375,0.03308226926926132,0.027607618608419385,0.044617098984908656,0.0351181539618745,0.039940943972994435,0.03986744750913423,0.03622181043526607,0.035565863386814944,0.03200345248768864,0.0388698272025417,0.02856672925178713,0.0455918208181096,0.028101014870532164,0.02312788724384432,0.03621879223987291,0.04059874328038125,0.03768830992374902,0.01761724854328832,0.031443182740270054,0.02942053405242256,0.028544331864972197,0.03139036592216044,0.029331857830023834,0.03177832911834789,0.029368389456711674,0.03279973488006355,0.02612031182843526,0.031454292868943606,0.029220425080222403,0.0294782615234313,0.02517113034312946,0.020835826425734706,0.02752493149483716,0.02620456590786339,0.031615900651310556,0.027019331691818898
BldMt,0.034150167974583,0.02441894994122319,0.024036577105639396,0.020194219197776007,0.021069961949165997,0.02896822244320889,0.03327744340270056,0.03904730562351072,0.032931562797458305,0.03458502150277998,0.028428977531374112,0.02983133396981732,0.03505624922160445,0.04057902221604447,0.03421849973947577,0.0351181539618745,0.04763503245591739,0.049087853374106434,0.049964093221604444,0.0444905482779984,0.04386117737569499,0.03821285259571088,0.046857717102462275,0.034517390366957904,0.05563863524225576,0.033211804811755355,0.03447723138999207,0.04712143922954724,0.05390494035742653,0.048739140862589354,0.021812574967434467,0.03715031868943605,0.03592269794122319,0.03422331815885623,0.0373378831644162,0.03467651189197776,0.03824576841938046,0.03515685777124702,0.039114525215250204,0.03162566631294678,0.03758638660683082,0.035746608057188226,0.034512551550436844,0.029349949069102457,0.025117307887212073,0.03322106275456712,0.03135789873073868,0.03871474760921367,0.03246775113582207
Cnstr,0.03799173283558379,0.027022036683081802,0.026983457556791095,0.022110225266084197,0.023019160989674343,0.03320181809690231,0.0372785660969023,0.04427328036536934,0.036839199410643376,0.03826560763145353,0.0323780107132645,0.03333466707863384,0.03943461096902304,0.04512120426528991,0.03766040100714853,0.039940943972994435,0.049087853374106434,0.06563170238443207,0.05535397656393963,0.04859795200794282,0.04871852464177919,0.0428141436711676,0.05220194472438442,0.03810402736139794,0.061676908951548856,0.036948504560762506,0.03751545896743446,0.051621968506751395,0.0598045523034154,0.05436397638919777,0.02437079249880858,0.041651936544876894,0.04023951467196188,0.03807498006195392,0.04153311877362985,0.03874164521683877,0.04252991339158061,0.03914665919459889,0.042949952290706916,0.034263800470214455,0.04193709423510724,0.03937126997299444,0.03856664039555203,0.03314130019221604,0.027958475353455123,0.037362461121525005,0.036096700427323256,0.0429828813026211,0.03555561467831613
Steel,0.040364447942811764,0.028354375828435262,0.02829848248451152,0.023510957053216836,0.02436494552978554,0.03313707597140587,0.03909002936616361,0.045198086814932474,0.03798541695472596,0.0410122544050834,0.03402427883717237,0.03500723933598093,0.039193236926131844,0.04958510018268466,0.03957861419857028,0.03986744750913423,0.049964093221604444,0.05535397656393963,0.06813899999841143,0.05263199871803018,0.0526342034853058,0.045496635356632245,0.05566849532644955,0.040770330465448756,0.06586351508339952,0.03807536914535346,0.048958278189038924,0.060796947664813326,0.07479182934868943,0.06257070864019063,0.02540318745988879,0.044207091588562356,0.04265667520571883,0.040180339210484514,0.044825216006354265,0.04094670682764097,0.04574254262112788,0.04168487429864973,0.046329688640190624,0.03853481202859413,0.04423561727879268,0.04272484113741065,0.039753628297061146,0.033899817771247016,0.029184533653693397,0.03906971175853852,0.036884891918983316,0.04572029613979349,0.037967523081810964
FabPr,0.03736230462271643,0.02578836789197775,0.025656796994440026,0.021000291493248606,0.022240453911040507,0.03058399546942018,0.03495147866878474,0.04100274934074662,0.034286742447974576,0.0367354384050834,0.03068067970770452,0.03184459690865766,0.03639640806195392,0.043673483137410644,0.035465867714058776,0.03622181043526607,0.0444905482779984,0.04859795200794282,0.05263199871803018,0.08073958101826845,0.04685699945671168,0.04163539879110405,0.04951242935027801,0.03668210016838762,0.06050764386814933,0.03494398967275616,0.03564229315329627,0.048147807474185844,0.05790248223193011,0.053037479909451936,0.023077322735504367,0.039290081247021436,0.03842971452581414,0.03630198022398729,0.04000109015409056,0.0367627747672756,0.04048836915011914,0.03746755109928516,0.041167595413820486,0.03347863781413821,0.03909188222239873,0.037755497080222404,0.03610034781731533,0.030608555185067512,0.026247794320889598,0.03488134688482924,0.031646842384432085,0.040425688165210465,0.033854827100873716
Mach ,0.03596544066719621,0.02561268454964257,0.025535721531374102,0.020584498157267664,0.022114817928514694,0.030190629235901517,0.03485995716600477,0.04070236873709293,0.034233508845115175,0.036957392451151705,0.02977113084670373,0.03128363032883241,0.03626626247815727,0.042980942573471015,0.035104812562351075,0.035565863386814944,0.04386117737569499,0.04871852464177919,0.0526342034853058,0.04685699945671168,0.0485328709833201,0.04033113630182683,0.04955029475456712,0.03679231769340746,0.059185995822081006,0.03474796194122319,0.03605955834789515,0.04928026479745829,0.05774103223193012,0.05324511201588561,0.022757238500397136,0.03934728138204923,0.03737860516600477,0.036035371911040504,0.040500685553613976,0.03702685936139794,0.04121589308975376,0.037573013512311355,0.041115015749007146,0.03328113978077839,0.039380492743447175,0.03766545375059571,0.03583988174424146,0.030787172679904683,0.025969615107227954,0.03470760071803018,0.031917588400317706,0.04061476270055599,0.03378316654487689
ElcEq,0.03272987742652899,0.022257265340746634,0.023149097270849878,0.018554052446386016,0.01959275147418586,0.02775329806513105,0.030370831100873703,0.03600826752978553,0.030093910943606035,0.03229878192851468,0.027743294017474177,0.02843094174106434,0.03413466896743447,0.03812490178713264,0.030792402214455894,0.03200345248768864,0.03821285259571088,0.0428141436711676,0.045496635356632245,0.04163539879110405,0.04033113630182683,0.04553958235266084,0.04349552610643368,0.032229847726767284,0.051371076814932484,0.030409764020651306,0.030521154440031766,0.042882135893566306,0.05132331231930101,0.04475577974106434,0.01937550598570294,0.03472064833200953,0.03300820960444797,0.0319265774725973,0.036161457073868156,0.03330379511358221,0.03657732174741858,0.03328470645432883,0.03582913168705322,0.02886373648292296,0.03448708236854646,0.03311033831294677,0.031219808513105636,0.026995281558379665,0.023041507013502785,0.03048717457664813,0.02849424554249404,0.035677751199364574,0.02994108177918982
Autos,0.03896398579825257,0.027780015898332015,0.02744777526290706,0.022124861604447973,0.02416782893089754,0.032986158805401095,0.037887645960285925,0.04439711075456712,0.03734225200317712,0.040864333401111994,0.03269243510087371,0.03380972115011913,0.039468451215250194,0.04615001127879268,0.03781848386973789,0.0388698272025417,0.046857717102462275,0.05220194472438442,0.05566849532644955,0.04951242935027801,0.04955029475456712,0.04349552610643368,0.05963743564098491,0.039860747094519464,0.06274300088959493,0.03706757560603653,0.0364288250039714,0.0514108591262907,0.06056783247021446,0.05442730501667991,0.02412748719936458,0.04216489048451152,0.040879264565528185,0.038664229953931706,0.04320618473709293,0.03987877454487688,0.044064276695790314,0.04008477380778395,0.044575346096902294,0.035668938814932494,0.042824359625099284,0.040177621401111994,0.03951397559332804,0.03380913620969022,0.027834289181890386,0.03755939879904687,0.034893650859412234,0.0434575727084988,0.036245344527402704
Aero ,0.028997586624304995,0.0210158597426529,0.02033546743129468,0.017937468816521047,0.01917459490389198,0.024222159440826046,0.02801403309293089,0.03345757928514695,0.028011794814932482,0.030483346395552023,0.02400331662589356,0.025386746757744237,0.0294823110087371,0.03430148683081811,0.028499820104845107,0.02856672925178713,0.034517390366957904,0.03810402736139794,0.040770330465448756,0.03668210016838762,0.03679231769340746,0.032229847726767284,0.039860747094519464,0.03754424301191422,0.046852855758538516,0.02973746799682288,0.024733351389992057,0.03651131084988087,0.04201741007148531,0.038608152038125496,0.019216039224781573,0.03175790077839555,0.03081052156314535,0.02935154903256553,0.03204653739793488,0.02978781749960286,0.032493548212867346,0.0300727843876092,0.03370644782843525,0.02735842094360604,0.032076293254964264,0.030038363704527404,0.02912570687212073,0.025374512222398726,0.021117803653693402,0.02868328429547259,0.02601353896108022,0.03292369610802224,0.027122881556791104
Ships,0.04488262913423352,0.031844335949166,0.030994637204130256,0.027575029920571887,0.02798299250992851,0.038340595329626685,0.043951665274027,0.05285478162033359,0.04324357403494838,0.04694993833200954,0.03832286878474981,0.03929919693407467,0.04613344996822873,0.05423686734710087,0.044302717887212066,0.0455918208181096,0.05563863524225576,0.061676908951548856,0.06586351508339952,0.06050764386814933,0.059185995822081006,0.051371076814932484,0.06274300088959493,0.046852855758538516,0.0978394640111199,0.045497518880063544,0.044493370293884026,0.06204239463860206,0.07338145265289911,0.06683328965051626,0.02926394435266084,0.05008078787132645,0.04788951731532962,0.04558420358220809,0.05029249896743447,0.04633593035742653,0.050989061127879265,0.04664784283558379,0.052484205726767263,0.04202371148530579,0.05152905667196187,0.04749453807783955,0.04631574026211281,0.039401298276409834,0.032972120039714066,0.04433398208101666,0.03877214876092136,0.051385093248610014,0.04308311389992056
Guns ,0.027905990277998415,0.020167914236695787,0.021167715316918193,0.0177618515567911,0.018722479353455123,0.024036199224781573,0.026649910656076265,0.031388344130262105,0.026680658266878484,0.028844394859412228,0.023431099037331204,0.02494552350436854,0.02985616612390786,0.032244812478157275,0.026540623787132647,0.028101014870532164,0.033211804811755355,0.036948504560762506,0.03807536914535346,0.03494398967275616,0.03474796194122319,0.030409764020651306,0.03706757560603653,0.02973746799682288,0.045497518880063544,0.047261842940428914,0.025392762255758542,0.034836319277204125,0.038464324138204914,0.03655073818427323,0.01753802967116759,0.030619019833200947,0.029622190033359804,0.028006489911040502,0.030480512292295484,0.028542231491660054,0.03150268571882447,0.02900381450833996,0.03157256409372518,0.025188898833995235,0.031029883194598894,0.028622927542494042,0.028248074247815728,0.023812028532168388,0.020042484773629857,0.02711730995393169,0.02486921529626687,0.03126492247815727,0.026289929722001587
Gold ,0.02948152670373313,0.017857265988880065,0.02073301362986497,0.018328759841143766,0.01884963288324067,0.02034019119936457,0.025102790182684673,0.027285345067513896,0.02352160921366164,0.025224389896743447,0.023118344876886417,0.023159836664019055,0.028489672819698175,0.03678830020651311,0.028107615631453538,0.02312788724384432,0.03447723138999207,0.03751545896743446,0.048958278189038924,0.03564229315329627,0.03605955834789515,0.030521154440031766,0.0364288250039714,0.024733351389992057,0.044493370293884026,0.025392762255758542,0.17992187297855444,0.07272968073073868,0.0703312833042097,0.05458821788721207,0.018353990659253378,0.029287327720413026,0.027601913010325652,0.025906863097696582,0.0306534596664019,0.027721157903097694,0.03200928949960285,0.0289208970293884,0.02939693607625099,0.026746730007942802,0.026161684416203337,0.02815877156473392,0.02406752247815727,0.020149350373312155,0.017154462335186662,0.023686029801429705,0.023839243844320884,0.031497071294678304,0.025812992915011913
Mines,0.03838630932486099,0.02606593458300238,0.026960843780778395,0.02271810955520254,0.023089059436060367,0.030209518093725175,0.03578902298649721,0.040579451961874506,0.03462571212867355,0.037289993042096896,0.030627728196981716,0.03214122266878475,0.03745937611596505,0.049054063010325645,0.03637068862589357,0.03621879223987291,0.04712143922954724,0.051621968506751395,0.060796947664813326,0.048147807474185844,0.04928026479745829,0.042882135893566306,0.0514108591262907,0.03651131084988087,0.06204239463860206,0.034836319277204125,0.07272968073073868,0.08541234521842733,0.0793757323510723,0.06460081284352659,0.023708102954725963,0.04115196050039713,0.03892194953137411,0.037088612049245434,0.042585886608419395,0.03844745232724384,0.043036917235901494,0.03880557648133439,0.042564734797458315,0.03574389083399524,0.04002357700555997,0.03952474684670373,0.03613458764892773,0.03088322623510723,0.02609133943606036,0.03518788794281175,0.03361027103256553,0.042778102303415395,0.03516098916600477
Coal ,0.04202285680698965,0.028958772263701353,0.02956122243050039,0.024427364424146142,0.023812574511517078,0.036453495154884843,0.0408569938522637,0.04482944055599682,0.039323498022239875,0.04399631650516283,0.034315862494042886,0.03615130733915806,0.040473126393963464,0.05605997640190626,0.040330405258141376,0.04059874328038125,0.05390494035742653,0.0598045523034154,0.07479182934868943,0.05790248223193011,0.05774103223193012,0.05132331231930101,0.06056783247021446,0.04201741007148531,0.07338145265289911,0.038464324138204914,0.0703312833042097,0.0793757323510723,0.16444177034948368,0.08394962428117556,0.026964751596505153,0.04782954864972199,0.04547973663224781,0.04221776156473392,0.049502934519459876,0.04366565496425735,0.050195655853852245,0.04362415757744242,0.04889475935663224,0.04223564123907862,0.04735680375694996,0.045715901127879266,0.04153484706115965,0.03439883366957903,0.029791538228752974,0.03981843723590152,0.040182161294678304,0.048552195869737885,0.04149490271644161
Oil  ,0.03842562652899126,0.027137697988880067,0.027461159084988078,0.02184759538522637,0.024177220684670372,0.032469363850675136,0.03801963851628276,0.042777825274027,0.03679741515965051,0.0393148313709293,0.032125720393963456,0.033310956571882454,0.03922615875297856,0.05102415814932486,0.03733088628752979,0.03768830992374902,0.048739140862589354,0.05436397638919777,0.06257070864019063,0.053037479909451936,0.05324511201588561,0.04475577974106434,0.05442730501667991,0.038608152038125496,0.06683328965051626,0.03655073818427323,0.05458821788721207,0.06460081284352659,0.08394962428117556,0.08895494160285941,0.026761983869737892,0.04331183826052422,0.04104213976489277,0.03846527094996028,0.04443601559332803,0.04050659988562353,0.044720276664019065,0.04081941382208102,0.044010585240667185,0.03619903245750596,0.04170803441938045,0.0423339035361398,0.03805969296743448,0.030964905316918177,0.02783688607625099,0.03710604125814136,0.03607404157744242,0.04403683043685465,0.03737600654487689
Util ,0.018288282509928516,0.014640542678316121,0.014726861185067514,0.012542565416997619,0.015261988489277204,0.015209203996822874,0.017515065645750595,0.02136850112787927,0.01758147695313741,0.018417809709293093,0.015160648660841937,0.016211273690230347,0.018287294725973,0.02097614073073868,0.01812799970135028,0.01761724854328832,0.021812574967434467,0.02437079249880858,0.02540318745988879,0.023077322735504367,0.022757238500397136,0.01937550598570294,0.02412748719936458,0.019216039224781573,0.02926394435266084,0.01753802967116759,0.018353990659253378,0.023708102954725963,0.026964751596505153,0.026761983869737892,0.019527340689436058,0.020417783590150916,0.019058325254964252,0.018211486961080218,0.01863325509769659,0.01778827407783955,0.019407686926131852,0.018234065280381254,0.02106412576012709,0.018263044079428116,0.01994124698649722,0.018981893795075457,0.018218990916600473,0.016213822713264495,0.013651671660047658,0.019162569988880062,0.016751750440031767,0.02075569877680699,0.01760630325655282
Telcm,0.03131341191421763,0.02277324066719619,0.022381500524225578,0.018961181104050834,0.020652664932486107,0.026815055218427322,0.030842847450357414,0.03685288856235107,0.02986174882446387,0.03227198773629864,0.02694087002382843,0.027988421842732328,0.033421969634630656,0.03658263190627483,0.030414673629864972,0.031443182740270054,0.03715031868943605,0.041651936544876894,0.044207091588562356,0.039290081247021436,0.03934728138204923,0.03472064833200953,0.04216489048451152,0.03175790077839555,0.05008078787132645,0.030619019833200947,0.029287327720413026,0.04115196050039713,0.04782954864972199,0.04331183826052422,0.020417783590150916,0.03916612529785543,0.033089244781572685,0.03165030250198571,0.03515210392374902,0.032860654265289904,0.03567793858617951,0.03249414302621128,0.035393888697378875,0.028778523431294677,0.03444231848292295,0.03252163882446387,0.031704531350278,0.027513889110405094,0.02313042159650516,0.030756389070691028,0.028053313606036533,0.03571223418586179,0.029643348562351072
PerSv,0.030689191834789516,0.021644551059571086,0.021049224991262903,0.017819282938840348,0.01892778550913423,0.025474087453534553,0.02913671064019062,0.03490243059571088,0.028853699720413024,0.03057298539158061,0.02598081036378078,0.026512763806195397,0.0315864253375695,0.034753226068308184,0.028951257988880055,0.02942053405242256,0.03592269794122319,0.04023951467196188,0.04265667520571883,0.03842971452581414,0.03737860516600477,0.03300820960444797,0.040879264565528185,0.03081052156314535,0.04788951731532962,0.029622190033359804,0.027601913010325652,0.03892194953137411,0.04547973663224781,0.04104213976489277,0.019058325254964252,0.033089244781572685,0.0436816710341541,0.03043940281810961,0.03319902422239873,0.03100418516918189,0.03404104911834789,0.031137748590945195,0.03376326503891978,0.026563973274027004,0.03321234660206513,0.03111190025099285,0.030675963961874494,0.02603344226528991,0.022074371803018262,0.02906877457664813,0.027407065915806196,0.033759239999999996,0.02825036422557585
BusSv,0.029041226592533755,0.020802460155679114,0.02038711613661636,0.017043901882446384,0.018410251496425736,0.024215982919777602,0.02778715069420174,0.03340717301032566,0.027051996776807,0.02921010229706116,0.02441526420333598,0.025669300355837976,0.03012835751389992,0.03350119846703734,0.028030374528991264,0.028544331864972197,0.03422331815885623,0.03807498006195392,0.040180339210484514,0.03630198022398729,0.036035371911040504,0.0319265774725973,0.038664229953931706,0.02935154903256553,0.04558420358220809,0.028006489911040502,0.025906863097696582,0.037088612049245434,0.04221776156473392,0.03846527094996028,0.018211486961080218,0.03165030250198571,0.03043940281810961,0.030869216220810163,0.0319428681683876,0.029874416864177914,0.03236906535345512,0.0297792394551231,0.032640468328832405,0.026124159593328027,0.0315226493709293,0.029707255586973777,0.028726930088959487,0.025010679950754566,0.021197493097696585,0.027977983930103263,0.02530419310722795,0.032433410230341526,0.026738896298649718
Hardw,0.030910870436854643,0.022365848540111203,0.022664283297855442,0.018204021254964262,0.019095932873709295,0.026984798277998413,0.03053102377124703,0.035518855663224776,0.02994295846227164,0.03305307061477363,0.026860923545671163,0.028585888336775216,0.03435438328832406,0.037708951167593326,0.030618296635424938,0.03139036592216044,0.0373378831644162,0.04153311877362985,0.044825216006354265,0.04000109015409056,0.040500685553613976,0.036161457073868156,0.04320618473709293,0.03204653739793488,0.05029249896743447,0.030480512292295484,0.0306534596664019,0.042585886608419395,0.049502934519459876,0.04443601559332803,0.01863325509769659,0.03515210392374902,0.03319902422239873,0.0319428681683876,0.044207482675139,0.035051972378077834,0.03870304260524226,0.03408200381890389,0.03597348911199363,0.028822363825258133,0.03443746244320889,0.03289521211119937,0.03178639750913424,0.027570373324860994,0.022503394884829223,0.029801143396346295,0.02810364630976966,0.03589806138204925,0.029939859030976967
Softw,0.02940186748212868,0.021095971990468622,0.021128370433677525,0.017404732200158857,0.018058324689436054,0.024975501045274018,0.028821716111199363,0.03326693493248609,0.028157188301826844,0.030677304521048443,0.025204109159650517,0.026709387710881646,0.032545655281969815,0.03456417359809371,0.02849409956473392,0.029331857830023834,0.03467651189197776,0.03874164521683877,0.04094670682764097,0.0367627747672756,0.03702685936139794,0.03330379511358221,0.03987877454487688,0.02978781749960286,0.04633593035742653,0.028542231491660054,0.027721157903097694,0.03844745232724384,0.04366565496425735,0.04050659988562353,0.01778827407783955,0.032860654265289904,0.03100418516918189,0.029874416864177914,0.035051972378077834,0.034041100644956315,0.03455164066719619,0.031124287008737084,0.03324018901985702,0.026493473810961083,0.032049747424940433,0.030291034236695793,0.029774904203335964,0.025801107552025422,0.021138640667196184,0.02793662866401906,0.02626624780937252,0.033266702907069096,0.027593889753772843
Chips,0.03229346106433678,0.022786374868943606,0.023159819380460675,0.018998987069102462,0.019586413343923748,0.02721109734710088,0.03114508498808578,0.0363659664177919,0.030388477426528983,0.03317219030976964,0.027339835011914216,0.028424438379666402,0.03442422427323272,0.0379978384432089,0.03109900174741859,0.03177832911834789,0.03824576841938046,0.04252991339158061,0.04574254262112788,0.04048836915011914,0.04121589308975376,0.03657732174741858,0.044064276695790314,0.032493548212867346,0.050989061127879265,0.03150268571882447,0.03200928949960285,0.043036917235901494,0.050195655853852245,0.044720276664019065,0.019407686926131852,0.03567793858617951,0.03404104911834789,0.03236906535345512,0.03870304260524226,0.03455164066719619,0.04115627984114377,0.034624646799046865,0.03618377725178713,0.028994194821286724,0.03519801089753773,0.03330027145353454,0.03234214996028594,0.02764543285146942,0.023207821509134235,0.030515259666401916,0.028638673868149323,0.03657173070691025,0.03016205715647339
LabEq,0.02970148527402701,0.021053246347895155,0.020941062233518663,0.017945407569499607,0.018352013532962667,0.024691374004765683,0.028446731904686256,0.03320762266878475,0.027955351194598882,0.03003446629388403,0.025378925197776014,0.02691754566799047,0.031998420659253374,0.034922270444797454,0.028589621575853857,0.029368389456711674,0.03515685777124702,0.03914665919459889,0.04168487429864973,0.03746755109928516,0.037573013512311355,0.03328470645432883,0.04008477380778395,0.0300727843876092,0.04664784283558379,0.02900381450833996,0.0289208970293884,0.03880557648133439,0.04362415757744242,0.04081941382208102,0.018234065280381254,0.03249414302621128,0.031137748590945195,0.0297792394551231,0.03408200381890389,0.031124287008737084,0.034624646799046865,0.034714627766481335,0.033271192678316124,0.026798097709293093,0.0318507447386815,0.030512782627482127,0.02936428939952343,0.025486177955520255,0.021439283677521837,0.028393980250992847,0.025860250432088956,0.03338414840349483,0.027768341731532968
Paper,0.03230667288324068,0.023279945836378074,0.023948194160444795,0.01875386539316918,0.021057468833995233,0.027580792508339953,0.03137181980301827,0.037512241985702945,0.030532804087370916,0.03320429342017474,0.027378094563939633,0.028704798160444796,0.03283345243050039,0.03825010787132645,0.03193393098967434,0.03279973488006355,0.039114525215250204,0.042949952290706916,0.046329688640190624,0.041167595413820486,0.041115015749007146,0.03582913168705322,0.044575346096902294,0.03370644782843525,0.052484205726767263,0.03157256409372518,0.02939693607625099,0.042564734797458315,0.04889475935663224,0.044010585240667185,0.02106412576012709,0.035393888697378875,0.03376326503891978,0.032640468328832405,0.03597348911199363,0.03324018901985702,0.03618377725178713,0.033271192678316124,0.047570087845909444,0.032225815555202535,0.03569157905798253,0.033674808571882445,0.032565705501191415,0.028038278994440037,0.023848638339952346,0.03224918168705321,0.02889447403177123,0.036830253979348686,0.029957679682287526
