,Agric,Food ,Soda ,Beer ,Smoke,Toys ,Fun  ,Books,Hshld,Clths,Hlth ,MedEq,Drugs,Chems,Rubbr,Txtls,BldMt,Cnstr,Steel,FabPr,Mach ,ElcEq,Autos,Aero ,Ships,Guns ,Gold ,Mines,Coal ,Oil  ,Util ,Telcm,PerSv,BusSv,Hardw,Softw,Chips,LabEq,Paper,Boxes,Trans,Whlsl,Rtail,Meals,Banks,Insur,RlEst,Fin  ,Other
Agric,0.051931636956314524,0.022432673976171564,0.02188986044797459,0.018614257620333606,0.020545024355837962,0.02581170567116759,0.0299410964511517,0.036446715488482904,0.02963368927720414,0.03160881708657665,0.027378507640984907,0.027248039752184268,0.03255334004130262,0.03626128218586179,0.030504209766481327,0.03065200922001588,0.036717352108022246,0.041007771583796655,0.043573719612390774,0.04050854607783954,0.03905081295631453,0.0350458260714853,0.04188113352819696,0.03175280519142176,0.04774470105798253,0.030517237038919776,0.03261777605718824,0.042289377283558374,0.047771179100873695,0.04285179942176329,0.02000840782208102,0.03349041169181891,0.03207741986973788,0.030742023364575048,0.03323700331691819,0.031213251717235903,0.03456023986656077,0.03165898229070691,0.035376058427323255,0.02837810329467831,0.03407286639555203,0.03172332144876886,0.030985740638602058,0.026036258173153293,0.022545547291501187,0.029618925121525017,0.02774436619539317,0.03467004432724384,0.02890992224940429
Food ,0.022432673976171564,0.02172165950119142,0.0183061648355838,0.01447108712311358,0.016852529378872123,0.01923553874503573,0.02222938721525019,0.026277438665607625,0.021970403939634627,0.023599064038125495,0.019357692136616374,0.019780950322478157,0.023647157985702934,0.02643079633359809,0.022257324187450356,0.023413464381254964,0.026845128012708497,0.029657406868943602,0.030982958271644167,0.028409607930103258,0.028273906452740274,0.024544714954725967,0.030688249931691825,0.023612448127084986,0.034681689105639395,0.022619430551231137,0.020164336419380462,0.02896268092136616,0.03292253148212868,0.030102645388403494,0.01588138098173153,0.024824457283558376,0.023621980136616365,0.022474469191421754,0.02457033146306592,0.02292699798570294,0.025175487389992056,0.023106562007942807,0.026035377442414607,0.02099900125178713,0.02486543509451946,0.023400083183478946,0.023076256845115165,0.02009361842732327,0.016612052168387608,0.022562558614773628,0.020807273042096903,0.025160560076251,0.021351911917394762
Soda ,0.02188986044797459,0.0183061648355838,0.044520171455123096,0.014712765498014299,0.01737265928673551,0.019874236084193808,0.02208119180778396,0.026757721334392366,0.022120703065925326,0.024147216104845114,0.018940134185861796,0.020944628668784746,0.02537016736775218,0.02671401107704527,0.02173200437490072,0.023891402187450356,0.026882281248610005,0.030077063552025413,0.03147480779666402,0.028690975691818905,0.029025703467831603,0.026053291963463066,0.030952889552025423,0.02340545646386021,0.034129648598888,0.023590450799046862,0.024731296980142974,0.03082247935663225,0.034640529216838765,0.03131571205401112,0.015994393029388404,0.024895466806989675,0.023467356185861793,0.022270304811755365,0.02533297412073074,0.023381759742652896,0.02603057009213661,0.02356203915965052,0.02678219859412232,0.02111477804130262,0.024873345326449556,0.02329241586338364,0.023079972900714858,0.02048356124702144,0.016754874019062747,0.02241477638125496,0.021011621604447975,0.02504040197299445,0.02185013330897537
Beer ,0.018614257620333606,0.01447108712311358,0.014712765498014299,0.0289654441477363,0.015042623623510724,0.015203892748212872,0.017723359925337568,0.019856862748212863,0.017804965591739476,0.01863323421445592,0.016133418633836376,0.01676258487212073,0.019673148209690235,0.02146473026687847,0.01883889396981732,0.01868713996346306,0.0219982684765687,0.023910667586973786,0.02566780620810167,0.023394783221604445,0.022510023864972202,0.01998545150277998,0.02444691908339952,0.019852381992057185,0.029681926517871323,0.018926142681493247,0.02036811113423351,0.025514655226370135,0.027408849788721205,0.024347794246227166,0.013429845674344717,0.020272320643367748,0.019032205224781572,0.01823018136457506,0.01945553019698173,0.01846440021922161,0.020442937320095313,0.019172228754567117,0.02032486301032566,0.017613092211278783,0.02007718670849881,0.018964436673550432,0.018117944354249408,0.016042791540905477,0.013280239372517863,0.01857227963780778,0.01559874195393169,0.020570315714058776,0.017398932610007946
Smoke,0.020545024355837962,0.016852529378872123,0.01737265928673551,0.015042623623510724,0.037163674044479754,0.018208254845115165,0.0200787398141382,0.023844000603653697,0.020464395456711665,0.022256740139793497,0.01792332741858618,0.01895981416521048,0.022115785382049242,0.02447889280857824,0.020822528822875302,0.021584944760921362,0.023861607062748213,0.026322354735504365,0.02809462409531374,0.025638975596505163,0.025159424818109608,0.022290593107227967,0.027573763150119144,0.022304647313741058,0.03191071800317712,0.021613786716441614,0.021606662555996827,0.026718700341540905,0.028547483688641778,0.028016344365369334,0.01671805714376489,0.022977833208895945,0.021134887353455124,0.020304257234312947,0.021523196630659252,0.020137613340746627,0.02200417322160445,0.02062763564892772,0.02386133141382049,0.020510740948371714,0.02263781222081017,0.021632153559968226,0.02155284850039713,0.018549364090548047,0.014925815385226365,0.021382747437648925,0.01924025394757744,0.022643566452740266,0.01966045435742653
Toys ,0.02581170567116759,0.01923553874503573,0.019874236084193808,0.015203892748212872,0.018208254845115165,0.04648391300238284,0.027385220738681493,0.03206056095313741,0.0268919200635425,0.03000795623510723,0.022859615996822874,0.0233657448054011,0.028677775424940426,0.031578279467831594,0.026760471405877676,0.02915065141382048,0.032452185909451946,0.0372972882446386,0.03671375815726767,0.0342857779030977,0.03398016667990469,0.030498390969023036,0.03727514183478951,0.027990228339952353,0.04271329357426528,0.027133348228752976,0.02384001503574265,0.03419257422557586,0.0409795148689436,0.03675154918189038,0.017152240444797448,0.029585803963463064,0.028129300007942826,0.026529323073868148,0.029824527474185854,0.02748486730738681,0.03050392404289119,0.027484959864972187,0.03135834658459094,0.02400257433677523,0.029276307633042092,0.027557676330420968,0.029026696910246227,0.02432472010325655,0.0196727177680699,0.025563446417791902,0.026327770007942806,0.029158146703733123,0.02560120319301032
Fun  ,0.0299410964511517,0.02222938721525019,0.02208119180778396,0.017723359925337568,0.0200787398141382,0.027385220738681493,0.03695863005401113,0.03531769140587768,0.03007914217633041,0.03311277660683081,0.026070900635424932,0.026789082368546463,0.03236275624146147,0.036122246019062755,0.029961614967434463,0.03161468390945195,0.03701072053693408,0.04164458207783955,0.043257826376489276,0.039059731841143766,0.03896964624146149,0.03364659056870532,0.04250995524861,0.031951441702938836,0.04863100325496425,0.030174613302621122,0.029133478597299447,0.04001479617950754,0.046614242074662415,0.042442520054011126,0.01973336815885623,0.03404306146942016,0.03218925259253376,0.03048741481652106,0.03387068968546465,0.03165165279428118,0.034845935169181885,0.031510979575853845,0.03540846439237489,0.027777170676727567,0.0341371305146942,0.03180167475456712,0.03227211509610801,0.02782963635424941,0.022748202629070693,0.030090751002382846,0.028233602001588556,0.03462680525178715,0.029315197607625097
Books,0.036446715488482904,0.026277438665607625,0.026757721334392366,0.019856862748212863,0.023844000603653697,0.03206056095313741,0.03531769140587768,0.062176178681493235,0.03521417992057188,0.03811525337569499,0.03128254497220015,0.03162330637013503,0.03754074853057981,0.041657572295472595,0.03610294462271643,0.03695850595710882,0.04305453191421762,0.04899706033359807,0.04983264174741858,0.045740267545671176,0.04528727062748212,0.03967278951548848,0.04924333312152501,0.037794358506751384,0.05783245585385227,0.035283841652104846,0.031891517839555204,0.04571683329626689,0.051499209944400305,0.04792186150913423,0.023877612930897536,0.040280700142970596,0.03829467193010325,0.03631148308181095,0.039082959936457495,0.03634067316918188,0.04033291888800636,0.03659302532168388,0.04211757671167594,0.032179328546465436,0.040278676949960276,0.03707250189038919,0.03734513378872119,0.03165561166004766,0.027579914821286727,0.036310369499602854,0.03203488212867355,0.04079741544082605,0.03399098519459889
Hshld,0.02963368927720414,0.021970403939634627,0.022120703065925326,0.017804965591739476,0.020464395456711665,0.0268919200635425,0.03007914217633041,0.03521417992057188,0.0356911775059571,0.033339815663224776,0.026135945925337564,0.02643392546465449,0.031078747386814938,0.035677235869737874,0.0303284580460683,0.03211548266878476,0.03673230363780778,0.04132274138204926,0.042305896743447174,0.03870922052422558,0.03837141048451152,0.03350027100873708,0.04186517054805401,0.03198608746624305,0.0479714621763304,0.030265518316123903,0.027751505226370144,0.03945512949960285,0.04492146106433677,0.041370921779189815,0.01981951666401906,0.03330592794281176,0.03199655275615568,0.029674359968228748,0.033288535758538525,0.030877451215250203,0.033996343923749,0.03110635434471803,0.03475989448768864,0.02790595752184273,0.03336365801429706,0.031371733598093726,0.03220645254964257,0.027335217791898327,0.022179630881652104,0.02943343879269261,0.027860527911040506,0.03333198074662431,0.028915108943606025
Clths,0.03160881708657665,0.023599064038125495,0.024147216104845114,0.01863323421445592,0.022256740139793497,0.03000795623510723,0.03311277660683081,0.03811525337569499,0.033339815663224776,0.04684089195234314,0.02793585153296267,0.02865359031930103,0.0340185419285147,0.03911777771882446,0.03274550171882446,0.03543325363939634,0.03887048751072277,0.04342213272120731,0.04591897512946784,0.04193558342176331,0.04176245628911834,0.036188947828435264,0.04617179452581414,0.035123962211278795,0.05246144761556792,0.032749649855440835,0.02889232225893566,0.042468023876092144,0.04987583541858618,0.04453926971247021,0.021185044505162825,0.03604060598888007,0.03422083812867355,0.032354363243844324,0.037036337032565536,0.03395205690865766,0.0374010731596505,0.03364895936139793,0.0380668962192216,0.030424997753772828,0.03662853848133439,0.03416826921048451,0.03777885527879269,0.030619805925337567,0.023676023494837172,0.03156831383002383,0.031244320698967435,0.03630869549801429,0.031268031586973784
Hlth ,0.027378507640984907,0.019357692136616374,0.018940134185861796,0.016133418633836376,0.01792332741858618,0.022859615996822874,0.026070900635424932,0.03128254497220015,0.026135945925337564,0.02793585153296267,0.03169008174741859,0.024791704511517073,0.029621673264495628,0.031185734694201744,0.026431343701350276,0.0272338418268467,0.03144302633836379,0.03580111803018268,0.03736996692613184,0.034454471040508326,0.033154702700555996,0.03034781278792692,0.036301655615567904,0.02722041239078634,0.04215946044479747,0.0262376937887212,0.026092873407466244,0.03451350934074662,0.03924715142176329,0.03629618249404289,0.017106491691818906,0.02960366330420969,0.028288389436060355,0.02653267979348689,0.029413392962668775,0.027285752915011917,0.03010887137410643,0.027832220730738672,0.030545227688641777,0.024248741810961077,0.029129305718824463,0.027580708339952346,0.027192255710881647,0.023214796552819696,0.019768474265289913,0.026587067069102455,0.02438802490865766,0.029703866274821286,0.025300239110405087
MedEq,0.027248039752184268,0.019780950322478157,0.020944628668784746,0.01676258487212073,0.01895981416521048,0.0233657448054011,0.026789082368546463,0.03162330637013503,0.02643392546465449,0.02865359031930103,0.024791704511517073,0.02937762938681492,0.031759512447974585,0.03224762878633837,0.027513798440031767,0.028236217806195396,0.03260697360127084,0.03640796839078633,0.03817677025575854,0.03502360445750596,0.034282815633042106,0.03083099711993645,0.037119629834789496,0.028243149782366958,0.04252134287688643,0.027865168015885625,0.026573880592533752,0.035624740198570294,0.040538388679904676,0.037122262598888005,0.01789578424781573,0.03039687833995234,0.02862661697061159,0.027579549075456712,0.030904532220810153,0.02867168487053217,0.030936474092136623,0.02913934260047657,0.03161236774424145,0.024784994327243844,0.029790186451151706,0.028332594856235103,0.028131056929308985,0.023817918768864185,0.020279359229547256,0.026969921245432883,0.02448190169976171,0.03065774588403495,0.026114612305003965
Drugs,0.03255334004130262,0.023647157985702934,0.02537016736775218,0.019673148209690235,0.022115785382049242,0.028677775424940426,0.03236275624146147,0.03754074853057981,0.031078747386814938,0.0340185419285147,0.029621673264495628,0.031759512447974585,0.046350046837172365,0.03839723207942811,0.03196172055917395,0.03330043425893566,0.038634925667990476,0.04364369545353456,0.04384014971247022,0.04085957188880064,0.04041719951389992,0.037172612959491654,0.04405068666243049,0.03331357717553614,0.050414043803018276,0.03324286173788721,0.032663374713264505,0.04216336541699761,0.04718803201906274,0.04447398189674344,0.020624259660047658,0.03650304366957903,0.03438583174265289,0.03268778208419381,0.03718369398252581,0.03489673976806989,0.03758762010166799,0.034697306716441605,0.036804072867355035,0.02884017551389992,0.035192425153296264,0.033495909369340736,0.033478099091342334,0.02869084922954726,0.023633283574265283,0.03133427653057982,0.02936002389197775,0.0359026527974583,0.031639397432883236
Chems,0.03626128218586179,0.02643079633359809,0.02671401107704527,0.02146473026687847,0.02447889280857824,0.031578279467831594,0.036122246019062755,0.041657572295472595,0.035677235869737874,0.03911777771882446,0.031185734694201744,0.03224762878633837,0.03839723207942811,0.05060174859253374,0.03680332565845909,0.037650817777601264,0.04496129003653694,0.050353281077045266,0.054689167822081025,0.04894890477204129,0.04783258979984113,0.042194993253375696,0.05155649337410643,0.0389698233709293,0.05958267844162032,0.036512097146942014,0.04129271311675933,0.054168066791104044,0.06306295727720412,0.05587075395393167,0.02391313877045274,0.040313100691024596,0.03828387459412231,0.036619291718824463,0.04159172592057189,0.037881970443208894,0.04229319574106435,0.03855561870214454,0.043085508189038925,0.03505547000953138,0.04071999639237489,0.03870346846386019,0.037538095254964245,0.03167165733915807,0.026536716386020644,0.03584860711040509,0.03423262970611597,0.041337015005559974,0.035311110935663234
Rubbr,0.030504209766481327,0.022257324187450356,0.02173200437490072,0.01883889396981732,0.020822528822875302,0.026760471405877676,0.029961614967434463,0.03610294462271643,0.0303284580460683,0.03274550171882446,0.026431343701350276,0.027513798440031767,0.03196172055917395,0.03680332565845909,0.04063474750754568,0.031740539694996024,0.03844018723431294,0.04237638307227959,0.04406727439555202,0.04024481698490865,0.039508859288324066,0.03439634130897538,0.042679462878474975,0.0327333210420969,0.04953834046386019,0.03036992090865766,0.032503099199364574,0.04120728509928516,0.04637604242732325,0.04255136503891976,0.02066792226846703,0.03392722203335982,0.032299813639396345,0.030847461868149316,0.03408465379825259,0.03144937285464654,0.03487981515806196,0.03194714143606036,0.03622760700555997,0.028748471450357426,0.03413586761239079,0.03212271374741859,0.031973857083399525,0.026934235218427312,0.02304970041302621,0.03060727133915806,0.02858648606830818,0.03489666882922953,0.029527808946783148
Txtls,0.03065200922001588,0.023413464381254964,0.023891402187450356,0.01868713996346306,0.021584944760921362,0.02915065141382048,0.03161468390945195,0.03695850595710882,0.03211548266878476,0.03543325363939634,0.0272338418268467,0.028236217806195396,0.03330043425893566,0.037650817777601264,0.031740539694996024,0.05102959755202542,0.0394865222907069,0.044978235745830014,0.04488960911199365,0.04121942812708498,0.040356864576648145,0.035724326349483713,0.04402634457664814,0.033042001791898326,0.05061037075615568,0.03237628118506751,0.02905029722478157,0.0418958358776807,0.04707645273073868,0.043236027650516276,0.02026530971247021,0.035145476735504375,0.03303565787609213,0.0314157095361398,0.035085990981731534,0.03245500537887213,0.035866606022239865,0.033022664649722006,0.03743896143764892,0.029451301825258142,0.03535879933439238,0.032723413887212074,0.033543509685464656,0.028253201866560752,0.02318646745830023,0.031410762071485306,0.029836274725972996,0.03499281292136617,0.030328084775218415
BldMt,0.036717352108022246,0.026845128012708497,0.026882281248610005,0.0219982684765687,0.023861607062748213,0.032452185909451946,0.03701072053693408,0.04305453191421762,0.03673230363780778,0.03887048751072277,0.03144302633836379,0.03260697360127084,0.038634925667990476,0.04496129003653694,0.03844018723431294,0.0394865222907069,0.05214215122478155,0.0539960089531374,0.05468583966322478,0.04925269621604447,0.04849726112470215,0.041901419612390786,0.052061041998411446,0.03900637493884034,0.060929041490071494,0.03715593990150914,0.03964786547100875,0.05228309132644957,0.060734614030182675,0.053817197089753785,0.02452443267990468,0.04085182041302621,0.03923334671008736,0.03721268412073074,0.04100873498649722,0.03786033141858618,0.042228052991262886,0.038570020851469426,0.04368757888800636,0.03512976670691025,0.04152916542970612,0.03928334058141383,0.038582348190627475,0.032404389785544094,0.027854011358220816,0.03668544500714854,0.03537370713264495,0.0421886016711676,0.036012673308975375
Cnstr,0.041007771583796655,0.029657406868943602,0.030077063552025413,0.023910667586973786,0.026322354735504365,0.0372972882446386,0.04164458207783955,0.04899706033359807,0.04132274138204926,0.04342213272120731,0.03580111803018268,0.03640796839078633,0.04364369545353456,0.050353281077045266,0.04237638307227959,0.044978235745830014,0.0539960089531374,0.07174574849245433,0.060607303745830024,0.05402101853534551,0.05418037311834789,0.04709503632406671,0.05809448622398727,0.04343289179348688,0.06788453699444004,0.041674940060365366,0.0431393842954726,0.05749821984114376,0.06741268297378872,0.06008147330897536,0.02744916901032565,0.04582098352660842,0.04399138826687847,0.04142052278633837,0.04601281991104051,0.04232125767752184,0.04719395634312946,0.04313777786497219,0.04839804637013504,0.03819624076568706,0.04664369651787131,0.04339550251945988,0.04337890768228752,0.03664985374106433,0.031122997791898324,0.041258274173153295,0.040724807942811754,0.046953003577442406,0.03950167391262908
Steel,0.043573719612390774,0.030982958271644167,0.03147480779666402,0.02566780620810167,0.02809462409531374,0.03671375815726767,0.043257826376489276,0.04983264174741858,0.042305896743447174,0.04591897512946784,0.03736996692613184,0.03817677025575854,0.04384014971247022,0.054689167822081025,0.04406727439555202,0.04488960911199365,0.05468583966322478,0.060607303745830024,0.07301929274662429,0.058252463898332,0.05787098154725974,0.049968323698173146,0.061505351015091324,0.04606773603177125,0.07164332690071484,0.04296237433518663,0.055096133934868945,0.06689105051628273,0.08226219688006355,0.06730632766322478,0.028512047586973784,0.0480306208737093,0.04609455871644162,0.04331529139316918,0.04901961171088165,0.0445100336838761,0.05054654764733916,0.0455957536584591,0.05153474684670375,0.04234287424305004,0.048842761880857816,0.046499537073868155,0.04456226965528196,0.037307059412231926,0.03206820295472596,0.043044308333598104,0.04141762760921365,0.049697453782366965,0.04182796648768864
FabPr,0.04050854607783954,0.028409607930103258,0.028690975691818905,0.023394783221604445,0.025638975596505163,0.0342857779030977,0.039059731841143766,0.045740267545671176,0.03870922052422558,0.04193558342176331,0.034454471040508326,0.03502360445750596,0.04085957188880064,0.04894890477204129,0.04024481698490865,0.04121942812708498,0.04925269621604447,0.05402101853534551,0.058252463898332,0.08500033150754568,0.05218808574106432,0.046010523301032565,0.055274062548054,0.04204665927243844,0.0667594209277204,0.039807342627482124,0.04112977051945989,0.05408727235901508,0.06599436790468625,0.05861522167434471,0.026162130573471006,0.04352535626687848,0.042221631965051624,0.03965800978872119,0.04477653347418586,0.040561977162827646,0.04545794721842733,0.041821686795869714,0.04648627283558381,0.037448180279586976,0.043720716908657656,0.04185280147418585,0.041055454897537716,0.03411457097696584,0.029130682589356638,0.03895725978713263,0.035993118157267676,0.0445810837426529,0.03797302901350278
Mach ,0.03905081295631453,0.028273906452740274,0.029025703467831603,0.022510023864972202,0.025159424818109608,0.03398016667990469,0.03896964624146149,0.04528727062748212,0.03837141048451152,0.04176245628911834,0.033154702700555996,0.034282815633042106,0.04041719951389992,0.04783258979984113,0.039508859288324066,0.040356864576648145,0.04849726112470215,0.05418037311834789,0.05787098154725974,0.05218808574106432,0.05357930792533756,0.04452792240349483,0.055176124764098486,0.04173519487212073,0.06481539558220811,0.03910188758379665,0.04084692598411438,0.05467451416203336,0.06496377719777599,0.05827294474027005,0.025628865124702145,0.04323452127879269,0.041175267350277996,0.03926757820015885,0.0447095901302621,0.040538877575853866,0.04582036660683081,0.0414349484559174,0.04624985452740271,0.03694750257505956,0.04374671273868149,0.04149095980619539,0.040521653062748214,0.03421358111993644,0.028832230222398725,0.0385074554980143,0.036155928419380465,0.04447034186814931,0.03755667045909451
ElcEq,0.0350458260714853,0.024544714954725967,0.026053291963463066,0.01998545150277998,0.022290593107227967,0.030498390969023036,0.03364659056870532,0.03967278951548848,0.03350027100873708,0.036188947828435264,0.03034781278792692,0.03083099711993645,0.037172612959491654,0.042194993253375696,0.03439634130897538,0.035724326349483713,0.041901419612390786,0.04709503632406671,0.049968323698173146,0.046010523301032565,0.04452792240349483,0.04903041857188245,0.04816585241143765,0.03624789462112787,0.05601820373788722,0.034053988845115166,0.0353456188228753,0.047805171207307394,0.05713770901032566,0.04937493133915807,0.02191291137728356,0.03788624628276409,0.03600416536775219,0.03463448876727563,0.039479843223193,0.03605398690706911,0.04023706324543287,0.03640830241620333,0.04011124822081017,0.031968678597299446,0.03815764836060365,0.036263496689436056,0.03496228200317712,0.02953920080222399,0.025315806409849085,0.03365683858935664,0.03208251393169181,0.038889690106433686,0.03294339904368546
Autos,0.04188113352819696,0.030688249931691825,0.030952889552025423,0.02444691908339952,0.027573763150119144,0.03727514183478951,0.04250995524861,0.04924333312152501,0.04186517054805401,0.04617179452581414,0.036301655615567904,0.037119629834789496,0.04405068666243049,0.05155649337410643,0.042679462878474975,0.04402634457664814,0.052061041998411446,0.05809448622398727,0.061505351015091324,0.055274062548054,0.055176124764098486,0.04816585241143765,0.06606070198411435,0.045261445960285945,0.06928598728991264,0.04160136720254171,0.04169796407783955,0.057482938212867346,0.06831534450516284,0.06049645285782367,0.027220008603653676,0.046609099515488486,0.04494775939158061,0.04226257184590945,0.04775193526131852,0.043732197003971414,0.04908330519301033,0.04431603789197776,0.050062432478157254,0.039563344735504366,0.047702922206513086,0.04448578055281969,0.04466840032247816,0.037619479451945985,0.031024185869737885,0.04168390610961079,0.039567275266084195,0.04759276979507544,0.04050459341382049
Aero ,0.03175280519142176,0.023612448127084986,0.02340545646386021,0.019852381992057185,0.022304647313741058,0.027990228339952353,0.031951441702938836,0.037794358506751384,0.03198608746624305,0.035123962211278795,0.02722041239078634,0.028243149782366958,0.03331357717553614,0.0389698233709293,0.0327333210420969,0.033042001791898326,0.03900637493884034,0.04343289179348688,0.04606773603177125,0.04204665927243844,0.04173519487212073,0.03624789462112787,0.045261445960285945,0.04242568040667197,0.0524504015440826,0.03430231925655282,0.029861246379666403,0.04217754204924543,0.04896814209372518,0.04425627185385227,0.021883262379666396,0.03558605023034154,0.03455569368705323,0.03258114236060366,0.035940069636219214,0.033188751949166005,0.03680292179825259,0.03384628845750595,0.038368921397934866,0.030902462570293877,0.03620260713582209,0.03364837131691819,0.03348285891024622,0.028635812517871322,0.02402856028594122,0.0322586181858618,0.029854186560762507,0.03655824099761716,0.030773619463065918
Ships,0.04774470105798253,0.034681689105639395,0.034129648598888,0.029681926517871323,0.03191071800317712,0.04271329357426528,0.04863100325496425,0.05783245585385227,0.0479714621763304,0.05246144761556792,0.04215946044479747,0.04252134287688643,0.050414043803018276,0.05958267844162032,0.04953834046386019,0.05061037075615568,0.060929041490071494,0.06788453699444004,0.07164332690071484,0.0667594209277204,0.06481539558220811,0.05601820373788722,0.06928598728991264,0.0524504015440826,0.1045912850500397,0.04982563398570292,0.04990085786656077,0.06810066259729945,0.08069350021604446,0.07226006191262908,0.03243469946942017,0.05449041519459887,0.051800434689436056,0.0492919129102462,0.05502473046386021,0.05033959150754567,0.05606321826687847,0.05087045685941223,0.05818355355837967,0.04602622842096902,0.056325596614773626,0.05193199917077045,0.05162681169658458,0.043340169046862595,0.03634530898332011,0.0485645059189833,0.043676954440031765,0.05540671518030181,0.04730182715488485
Guns ,0.030517237038919776,0.022619430551231137,0.023590450799046862,0.018926142681493247,0.021613786716441614,0.027133348228752976,0.030174613302621122,0.035283841652104846,0.030265518316123903,0.032749649855440835,0.0262376937887212,0.027865168015885625,0.03324286173788721,0.036512097146942014,0.03036992090865766,0.03237628118506751,0.03715593990150914,0.041674940060365366,0.04296237433518663,0.039807342627482124,0.03910188758379665,0.034053988845115166,0.04160136720254171,0.03430231925655282,0.04982563398570292,0.05209544223034153,0.029782614840349487,0.040065286084193796,0.045419674783161224,0.04150707663860205,0.020099128667196185,0.03400888551231135,0.03293612051151707,0.030827469423351867,0.03397983981254964,0.03154957789356633,0.03515330550277998,0.03238226690706909,0.03594853440826051,0.02834615330579826,0.03476217552660843,0.0318464750881652,0.031996316819698174,0.026565855075456706,0.0224422002700556,0.030684750875297855,0.028399558379666404,0.03451900024781573,0.029480945264495628
Gold ,0.03261777605718824,0.020164336419380462,0.024731296980142974,0.02036811113423351,0.021606662555996827,0.02384001503574265,0.029133478597299447,0.031891517839555204,0.027751505226370144,0.02889232225893566,0.026092873407466244,0.026573880592533752,0.032663374713264505,0.04129271311675933,0.032503099199364574,0.02905029722478157,0.03964786547100875,0.0431393842954726,0.055096133934868945,0.04112977051945989,0.04084692598411438,0.0353456188228753,0.04169796407783955,0.029861246379666403,0.04990085786656077,0.029782614840349487,0.18159358514853052,0.07893003171564733,0.07727319831294678,0.05829416661159649,0.02079290813026211,0.033046429491660055,0.03089933264654487,0.029323885847498007,0.034788909945988884,0.03070922491183478,0.03667793526131851,0.0328299371389992,0.03460618761715647,0.030286614651310564,0.03087077696108023,0.03208117482764099,0.028885003016679907,0.023543363931691815,0.01998633166799047,0.027630559059571087,0.028555864050833987,0.03564583249880858,0.02990479847815727
Mines,0.042289377283558374,0.02896268092136616,0.03082247935663225,0.025514655226370135,0.026718700341540905,0.03419257422557586,0.04001479617950754,0.04571683329626689,0.03945512949960285,0.042468023876092144,0.03451350934074662,0.035624740198570294,0.04216336541699761,0.054168066791104044,0.04120728509928516,0.0418958358776807,0.05228309132644957,0.05749821984114376,0.06689105051628273,0.05408727235901508,0.05467451416203336,0.047805171207307394,0.057482938212867346,0.04217754204924543,0.06810066259729945,0.040065286084193796,0.07893003171564733,0.09162145308181095,0.08760636452740271,0.06966521227958698,0.02723189795075457,0.04539481813343923,0.04305073975377284,0.04076491093725178,0.04706057373312151,0.042308971930103245,0.04807432134233519,0.043170325520254176,0.048330995194598866,0.03996353335186656,0.04506874629864972,0.043738325194598894,0.041320459038919774,0.03467897440031772,0.028993915544082607,0.03966005118347894,0.03850213868149325,0.047097918776806996,0.039430811961874514
Coal ,0.047771179100873695,0.03292253148212868,0.034640529216838765,0.027408849788721205,0.028547483688641778,0.0409795148689436,0.046614242074662415,0.051499209944400305,0.04492146106433677,0.04987583541858618,0.03924715142176329,0.040538388679904676,0.04718803201906274,0.06306295727720412,0.04637604242732325,0.04707645273073868,0.060734614030182675,0.06741268297378872,0.08226219688006355,0.06599436790468625,0.06496377719777599,0.05713770901032566,0.06831534450516284,0.04896814209372518,0.08069350021604446,0.045419674783161224,0.07727319831294678,0.08760636452740271,0.16962890180142973,0.08927031665766483,0.03145616712311358,0.05303294397140588,0.05071455157744241,0.04691693137092931,0.05559549200635427,0.04856044479110405,0.05695066358379667,0.049359934617950754,0.05621212624305002,0.04749206969658457,0.0540282099539317,0.05113885167911039,0.04790331545988879,0.0393439975059571,0.03413200189038919,0.0456320949706116,0.046766187355043676,0.054470803374106425,0.046551788619539326
Oil  ,0.04285179942176329,0.030102645388403494,0.03131571205401112,0.024347794246227166,0.028016344365369334,0.03675154918189038,0.042442520054011126,0.04792186150913423,0.041370921779189815,0.04453926971247021,0.03629618249404289,0.037122262598888005,0.04447398189674344,0.05587075395393167,0.04255136503891976,0.043236027650516276,0.053817197089753785,0.06008147330897536,0.06730632766322478,0.05861522167434471,0.05827294474027005,0.04937493133915807,0.06049645285782367,0.04425627185385227,0.07226006191262908,0.04150707663860205,0.05829416661159649,0.06966521227958698,0.08927031665766483,0.08984790494678319,0.03026269721366163,0.047297252501985694,0.04515329735027799,0.04236015657188244,0.0492244561429706,0.04440010412073075,0.05002755706751389,0.04514319710563939,0.05003494956314535,0.04093362549007149,0.046895817559968245,0.04643035880540111,0.04334470172835582,0.03536063270849881,0.03098847102462271,0.04146349159015091,0.04045196501985703,0.048621050764098485,0.04161745452581413
Util ,0.02000840782208102,0.01588138098173153,0.015994393029388404,0.013429845674344717,0.01671805714376489,0.017152240444797448,0.01973336815885623,0.023877612930897536,0.01981951666401906,0.021185044505162825,0.017106491691818906,0.01789578424781573,0.020624259660047658,0.02391313877045274,0.02066792226846703,0.02026530971247021,0.02452443267990468,0.02744916901032565,0.028512047586973784,0.026162130573471006,0.025628865124702145,0.02191291137728356,0.027220008603653676,0.021883262379666396,0.03243469946942017,0.020099128667196185,0.02079290813026211,0.02723189795075457,0.03145616712311358,0.03026269721366163,0.020282106598888006,0.022606033963463078,0.020861202776806993,0.02005311165687053,0.020924880648133443,0.01982327840508341,0.022002282884829225,0.020444643640984902,0.023914885623510723,0.020338682833995238,0.022336562408260523,0.021221968343129463,0.02070762346624306,0.01776634516282764,0.015400174360603655,0.021316750633836385,0.01874765375694996,0.02297431460524225,0.01969485247974583
Telcm,0.03349041169181891,0.024824457283558376,0.024895466806989675,0.020272320643367748,0.022977833208895945,0.029585803963463064,0.03404306146942016,0.040280700142970596,0.03330592794281176,0.03604060598888007,0.02960366330420969,0.03039687833995234,0.03650304366957903,0.040313100691024596,0.03392722203335982,0.035145476735504375,0.04085182041302621,0.04582098352660842,0.0480306208737093,0.04352535626687848,0.04323452127879269,0.03788624628276409,0.046609099515488486,0.03558605023034154,0.05449041519459887,0.03400888551231135,0.033046429491660055,0.04539481813343923,0.05303294397140588,0.047297252501985694,0.022606033963463078,0.04208452091342335,0.03595192377283559,0.034135965202541696,0.03824144985702938,0.035495691517077044,0.039133430444797446,0.035383458610007947,0.03941939239872913,0.03149819473391581,0.03783691312946783,0.03549827556791105,0.03531508267672756,0.03015119168387609,0.02526065864177919,0.033522860778395544,0.031230412041302617,0.038587848943606035,0.03260690683081811
PerSv,0.03207741986973788,0.023621980136616365,0.023467356185861793,0.019032205224781572,0.021134887353455124,0.028129300007942826,0.03218925259253376,0.03829467193010325,0.03199655275615568,0.03422083812867355,0.028288389436060355,0.02862661697061159,0.03438583174265289,0.03828387459412231,0.032299813639396345,0.03303565787609213,0.03923334671008736,0.04399138826687847,0.04609455871644162,0.042221631965051624,0.041175267350277996,0.03600416536775219,0.04494775939158061,0.03455569368705323,0.051800434689436056,0.03293612051151707,0.03089933264654487,0.04305073975377284,0.05071455157744241,0.04515329735027799,0.020861202776806993,0.03595192377283559,0.04591855900079428,0.032779451804606834,0.03615842186020651,0.03371430411755361,0.037257878311358225,0.033912193739475786,0.0374542307466243,0.02917364345194599,0.03612646603177125,0.033906140768864175,0.03401344042732328,0.028459465043685465,0.02435374286735504,0.03180054946465449,0.030128839777601273,0.03651956705003971,0.030926919907863386
BusSv,0.030742023364575048,0.022474469191421754,0.022270304811755365,0.01823018136457506,0.020304257234312947,0.026529323073868148,0.03048741481652106,0.03631148308181095,0.029674359968228748,0.032354363243844324,0.02653267979348689,0.027579549075456712,0.03268778208419381,0.036619291718824463,0.030847461868149316,0.0314157095361398,0.03721268412073074,0.04142052278633837,0.04331529139316918,0.03965800978872119,0.03926757820015885,0.03463448876727563,0.04226257184590945,0.03258114236060366,0.0492919129102462,0.030827469423351867,0.029323885847498007,0.04076491093725178,0.04691693137092931,0.04236015657188244,0.02005311165687053,0.034135965202541696,0.032779451804606834,0.032815908961080234,0.034515930295472584,0.03205646548371723,0.035180506492454335,0.03221829871167593,0.03581858950754566,0.028450825342335187,0.03422768550754566,0.03212843566957903,0.03164459550277999,0.027038113208895948,0.023073384710087366,0.0303170805528197,0.028080706942017475,0.034808806859412234,0.029170420972200146
Hardw,0.03323700331691819,0.02457033146306592,0.02533297412073074,0.01945553019698173,0.021523196630659252,0.029824527474185854,0.03387068968546465,0.039082959936457495,0.033288535758538525,0.037036337032565536,0.029413392962668775,0.030904532220810153,0.03718369398252581,0.04159172592057189,0.03408465379825259,0.035085990981731534,0.04100873498649722,0.04601281991104051,0.04901961171088165,0.04477653347418586,0.0447095901302621,0.039479843223193,0.04775193526131852,0.035940069636219214,0.05502473046386021,0.03397983981254964,0.034788909945988884,0.04706057373312151,0.05559549200635427,0.0492244561429706,0.020924880648133443,0.03824144985702938,0.03615842186020651,0.034515930295472584,0.04759624878633837,0.03778570691342334,0.04231521554725973,0.037258381872915025,0.04004001900714852,0.03183626869420175,0.037789903029388394,0.0360154978141382,0.03543327037172359,0.03017019738681493,0.024814027172359008,0.03278663788403493,0.031436179062748204,0.038870018392374896,0.03277352813661635
Softw,0.031213251717235903,0.02292699798570294,0.023381759742652896,0.01846440021922161,0.020137613340746627,0.02748486730738681,0.03165165279428118,0.03634067316918188,0.030877451215250203,0.03395205690865766,0.027285752915011917,0.02867168487053217,0.03489673976806989,0.037881970443208894,0.03144937285464654,0.03245500537887213,0.03786033141858618,0.04232125767752184,0.0445100336838761,0.040561977162827646,0.040538877575853866,0.03605398690706911,0.043732197003971414,0.033188751949166005,0.05033959150754567,0.03154957789356633,0.03070922491183478,0.042308971930103245,0.04856044479110405,0.04440010412073075,0.01982327840508341,0.035495691517077044,0.03371430411755361,0.03205646548371723,0.03778570691342334,0.03636901789356632,0.03757253647974583,0.033692741823669575,0.03678919569499602,0.028971619803018267,0.034873803739475774,0.032853492212867354,0.03289071084670374,0.027993385274027015,0.02311472201747419,0.030528922821286733,0.029114022843526603,0.035811085521842735,0.030077391968228742
Chips,0.03456023986656077,0.025175487389992056,0.02603057009213661,0.020442937320095313,0.02200417322160445,0.03050392404289119,0.034845935169181885,0.04033291888800636,0.033996343923749,0.0374010731596505,0.03010887137410643,0.030936474092136623,0.03758762010166799,0.04229319574106435,0.03487981515806196,0.035866606022239865,0.042228052991262886,0.04719395634312946,0.05054654764733916,0.04545794721842733,0.04582036660683081,0.04023706324543287,0.04908330519301033,0.03680292179825259,0.05606321826687847,0.03515330550277998,0.03667793526131851,0.04807432134233519,0.05695066358379667,0.05002755706751389,0.022002282884829225,0.039133430444797446,0.037257878311358225,0.035180506492454335,0.04231521554725973,0.03757253647974583,0.04515281165845911,0.03794953482605242,0.04067295870532168,0.03225567318665607,0.03897493447021445,0.03674400809849086,0.03639275072756156,0.03055448478951549,0.02576496388403494,0.033842369906274816,0.032344928101668,0.039958998865766496,0.033382743818903896
LabEq,0.03165898229070691,0.023106562007942807,0.02356203915965052,0.019172228754567117,0.02062763564892772,0.027484959864972187,0.031510979575853845,0.03659302532168388,0.03110635434471803,0.03364895936139793,0.027832220730738672,0.02913934260047657,0.034697306716441605,0.03855561870214454,0.03194714143606036,0.033022664649722006,0.038570020851469426,0.04313777786497219,0.0455957536584591,0.041821686795869714,0.0414349484559174,0.03640830241620333,0.04431603789197776,0.03384628845750595,0.05087045685941223,0.03238226690706909,0.0328299371389992,0.043170325520254176,0.049359934617950754,0.04514319710563939,0.020444643640984902,0.035383458610007947,0.033912193739475786,0.03221829871167593,0.037258381872915025,0.033692741823669575,0.03794953482605242,0.03752595534710087,0.0370479715567911,0.029533519105639387,0.03503870497696584,0.03343144318665608,0.032745248802223986,0.027988105043685457,0.02365959395552026,0.03122165987609213,0.028975949356632252,0.03622471336298649,0.030476332832406673
Paper,0.035376058427323255,0.026035377442414607,0.02678219859412232,0.02032486301032566,0.02386133141382049,0.03135834658459094,0.03540846439237489,0.04211757671167594,0.03475989448768864,0.0380668962192216,0.030545227688641777,0.03161236774424145,0.036804072867355035,0.043085508189038925,0.03622760700555997,0.03743896143764892,0.04368757888800636,0.04839804637013504,0.05153474684670375,0.04648627283558381,0.04624985452740271,0.04011124822081017,0.050062432478157254,0.038368921397934866,0.05818355355837967,0.03594853440826051,0.03460618761715647,0.048330995194598866,0.05621212624305002,0.05003494956314535,0.023914885623510723,0.03941939239872913,0.0374542307466243,0.03581858950754566,0.04004001900714852,0.03678919569499602,0.04067295870532168,0.0370479715567911,0.05269750842732328,0.03582903641779189,0.03993935436854647,0.03746278752978553,0.03718298015091342,0.03126272445591739,0.02657425918189038,0.035892690230341556,0.033022691437648924,0.04057435318506752,0.033658651993645754
