,Agric,Food ,Soda ,Beer ,Smoke,Toys ,Fun  ,Books,Hshld,Clths,Hlth ,MedEq,Drugs,Chems,Rubbr,Txtls,BldMt,Cnstr,Steel,FabPr,Mach ,ElcEq,Autos,Aero ,Ships,Guns ,Gold ,Mines,Coal ,Oil  ,Util ,Telcm,PerSv,BusSv,Hardw,Softw,Chips,LabEq,Paper,Boxes,Trans,Whlsl,Rtail,Meals,Banks,Insur,RlEst,Fin  ,Other
Agric,0.05195777649563146,0.022606164911834783,0.02175954197934869,0.018686867297855438,0.02067860988721207,0.025430796746624306,0.029656922027005556,0.0359053055694996,0.029148616025416994,0.031265780778395556,0.02717659674027005,0.026994887084988088,0.03214763595869738,0.035712187914217645,0.030008176349483714,0.03023134727879269,0.0362109743796664,0.040386500467037324,0.042704413223193,0.03983985070691025,0.03851717906910246,0.03439364508975378,0.04146065115170771,0.031227819552025415,0.04751660559809373,0.029754019977760116,0.03122089586020651,0.040879420460683075,0.04618232000635425,0.04222068656393964,0.019856137200953135,0.03327754000953138,0.03216692373629864,0.030461885731532964,0.03272118420333597,0.03092789505321684,0.03402251875456712,0.031096932632247807,0.034855728470214446,0.027914058160444788,0.033584359212073076,0.03144052758061953,0.030541898115965048,0.02613947078633836,0.022480493134233524,0.029249690287529783,0.027551223377283558,0.034447239415409045,0.028599984222398726
Food ,0.022606164911834783,0.021838044536934068,0.018377982522637018,0.01458505795393169,0.016870297413820488,0.01922727738840349,0.02229225108498808,0.02620388867037331,0.021895882929308975,0.023537523907863383,0.019307922325655282,0.01979558077839555,0.023455664873709293,0.026274670223987284,0.022058799294678313,0.023309997642573466,0.02679684108975377,0.029751423084988075,0.030793237922160446,0.028475604575059574,0.028267938382843517,0.024442383561556792,0.030707444209690227,0.02350892223034154,0.03486112785067514,0.022264202268467037,0.01927004608737093,0.02853764459094519,0.032112224292295474,0.030003661185067514,0.01596619905321684,0.024847973102462274,0.023695270414614774,0.022570241134233514,0.024495204571882444,0.022949649274027005,0.025045577820492455,0.022987184775218425,0.025928064139793486,0.02103823065289913,0.024861052616362192,0.023451984219221605,0.02300807277521843,0.020221825512311352,0.016810345566322476,0.022567819234312947,0.020918298201747423,0.025198979501191425,0.021388347790309764
Soda ,0.02175954197934869,0.018377982522637018,0.043718660681493236,0.014638343448768862,0.017357150057188245,0.01964594010802224,0.021944691467831602,0.02675356519301033,0.02192371123431294,0.023924130738681493,0.018940176540111202,0.020847059714058782,0.025267953469420172,0.026330505485305793,0.021430279488482917,0.02351972396822876,0.02672446421445592,0.0298267900333598,0.030928268079428112,0.02836080212867355,0.028784080295472594,0.0257472624559174,0.030698815099285136,0.023089348644956313,0.03408333509293089,0.023338888250992854,0.023090935768069906,0.029767941374106432,0.032959685108816535,0.030538929496425726,0.01600591774741858,0.02479766575694996,0.02332216538999205,0.022224754228752974,0.025224686082605235,0.023201502285941217,0.02573860187291501,0.023273728352660845,0.026704314373312155,0.02097631438919778,0.02476801102621128,0.02313763992533756,0.022884945140587767,0.020535116203335976,0.016777041472597298,0.022202510792692618,0.021074468608419383,0.024832160393963455,0.021818630718030183
Beer ,0.018686867297855438,0.01458505795393169,0.014638343448768862,0.028806568163621912,0.015162333818903891,0.014970502497220017,0.017621569945988874,0.01968716938999205,0.017631808130262116,0.018562943161239083,0.016050988606830817,0.016776837664813346,0.019494971518665607,0.021086512306592534,0.018766769026211286,0.018619962608419374,0.021767336675139,0.02388973079269261,0.025100990538522636,0.023036472692613184,0.02234232860047657,0.019733117464654483,0.024284710810166803,0.01966342317394757,0.029710999521842734,0.018935128841938046,0.019177171491660042,0.02440935676727561,0.026259381293089752,0.023907634538522626,0.013586387065925336,0.020250004266878473,0.019078204649722007,0.018112016033359803,0.01943628141540905,0.018455441923749007,0.020320958000000004,0.019051560956314537,0.020245154919777603,0.017489290249404287,0.020112397107227956,0.0189587193121525,0.01798969447815727,0.016100865210484514,0.013473939432883242,0.01868437054169976,0.015729306546465448,0.020606207898332007,0.017274864532168383
Smoke,0.02067860988721207,0.016870297413820488,0.017357150057188245,0.015162333818903891,0.03642767894996028,0.017976082671961872,0.019944817189833198,0.023551766054011124,0.020266614897537727,0.02181843154884829,0.01759650180778396,0.01887577463065925,0.021777481224781573,0.023975677421763295,0.02041442967752184,0.021238270567116763,0.023559022425734707,0.026080415653693408,0.027530539259729942,0.025262563876092135,0.024879353382049246,0.02191906628117554,0.027284553606036543,0.021929839409054804,0.03125351304050832,0.02113730221763304,0.020728485836378076,0.025897681596505153,0.02766838669420174,0.027602487882446385,0.01675496800317712,0.022730864219221603,0.02098203013026211,0.020242143118347895,0.02127837634789515,0.019929654409849087,0.021715539699761716,0.020441968486100075,0.023581465483717236,0.020438136540111198,0.02234724933915806,0.021385189177124706,0.021199479355043686,0.01859070606830818,0.01488255735186656,0.021116585633042095,0.019201728468625893,0.022541196587768063,0.01950016820174742
Toys ,0.025430796746624306,0.01922727738840349,0.01964594010802224,0.014970502497220017,0.017976082671961872,0.04631176069261319,0.026940443968228752,0.031666007876092146,0.02659051736934074,0.029715912724384425,0.022721041308975377,0.023254381000794282,0.02836707634312947,0.031236786760921363,0.026398248508339956,0.028957322471803014,0.032206477340746616,0.0371503843876092,0.03618460217950753,0.034080110818109605,0.03371984678633836,0.03031979099602859,0.036921414344718025,0.027596550983320093,0.04247937515806196,0.02643304983002382,0.022214876397140586,0.033113675313741056,0.04019691385544081,0.03617713079586973,0.016901532905480538,0.029394121950754564,0.028032259866560764,0.026409961928514695,0.029485668876886414,0.02722715192692613,0.030047640155679112,0.027168124568705317,0.031266169652104846,0.023935544934074657,0.028862675491660043,0.027357354481334393,0.028709431091342344,0.024313640667196188,0.019753305661636217,0.02546273087847498,0.02635433410325655,0.028914557579030973,0.025349073000794285
Fun  ,0.029656922027005556,0.02229225108498808,0.021944691467831602,0.017621569945988874,0.019944817189833198,0.026940443968228752,0.03663780895790311,0.03500450641620332,0.02974649722319301,0.03287791691818904,0.02594880866084194,0.026673422954725964,0.03211488239714058,0.035793974746624296,0.02960382385702939,0.03115231329308975,0.0367188542700556,0.041496825966640186,0.04271642804765687,0.03868746789515488,0.03870135085941223,0.03335233394122319,0.042204489444003165,0.031512973776012705,0.04864141598252581,0.029598656606830812,0.02760052795234313,0.03918694505957109,0.04548091773788721,0.04209897928196982,0.019487741957108815,0.03386624961715647,0.0320854486624305,0.030320577771247016,0.03362720303256552,0.0314253542954726,0.03441581655123112,0.031182288130262113,0.035198080600476564,0.02755275950436855,0.03383263460047656,0.03169313342811754,0.03200286501350278,0.027795352867355044,0.022793555340746622,0.0298262367974583,0.028110654025416994,0.03439707902779983,0.029095083680698963
Books,0.0359053055694996,0.02620388867037331,0.02675356519301033,0.01968716938999205,0.023551766054011124,0.031666007876092146,0.03500450641620332,0.06160765454964258,0.03475905376012708,0.037738597267672744,0.030949222513105636,0.031436568371723594,0.037041793834789505,0.041154693078633835,0.035504624683081805,0.03648151342017474,0.04270523147418587,0.04880311549801429,0.049196151860206504,0.04520981814138205,0.044872148254169984,0.03926005721366163,0.048874143121525014,0.03714556891501191,0.05760270174900715,0.03459417892613184,0.029934771669579027,0.04456785023828437,0.05005958274185861,0.0475509084638602,0.02354633725496425,0.04013792949007148,0.03799930237172358,0.03610223256076251,0.03873568133280381,0.03608415923590151,0.039792880617950756,0.0361596371056394,0.041700946970611594,0.03170125856711676,0.03989888195552026,0.03689638008419379,0.036968391335980934,0.031595898633836376,0.027574103728355837,0.03602108810802224,0.03209077254805401,0.04048428779666402,0.03365338059888801
Hshld,0.029148616025416994,0.021895882929308975,0.02192371123431294,0.017631808130262116,0.020266614897537727,0.02659051736934074,0.02974649722319301,0.03475905376012708,0.03523941311517077,0.03286223780778395,0.025821488953137402,0.026213793455123112,0.030647537318506748,0.03522704609054806,0.029800549490071486,0.031450999752184274,0.03632819414455917,0.040885011577442405,0.04164839114853059,0.03823118732327245,0.038003456247815724,0.03305569411914217,0.04152868119142177,0.031417860740270066,0.04781319783637808,0.02937295932009531,0.026152202173153286,0.038366419586973774,0.0437791498141382,0.04100637284193803,0.019539945569499603,0.03302146645274027,0.03165294045115171,0.029486379358220804,0.03291844152819698,0.03064769715965052,0.03355260067037331,0.030671930681493254,0.03428578949007148,0.02752195346147737,0.03293438935345512,0.031088242246227173,0.03181829878951548,0.02709740886417792,0.022250119945988883,0.029091264610007952,0.02759162859729945,0.03307392941064337,0.028622813607625093
Clths,0.031265780778395556,0.023537523907863383,0.023924130738681493,0.018562943161239083,0.02181843154884829,0.029715912724384425,0.03287791691818904,0.037738597267672744,0.03286223780778395,0.0466404842573471,0.027755096521048444,0.028489760921366167,0.033527879428117566,0.03852511615567912,0.032200810865766476,0.03486902849880858,0.03849615583796663,0.04313036911834789,0.0453671823669579,0.041334900810166796,0.04136277826846704,0.0358333478316124,0.04580420988085783,0.0346334822239873,0.0521201865607625,0.03203733045274027,0.02757491885623512,0.041330970357426534,0.048856737188244646,0.04403586443208896,0.020953433709293093,0.0357909008101668,0.03402674401906275,0.03213873960285941,0.03662042983320096,0.03369126509928514,0.036927692359015094,0.03328028559173948,0.03769501334392375,0.029985776902303415,0.03619026176330421,0.033886940397140596,0.03735256088959492,0.03056933804606831,0.02369247888800636,0.031228808768864167,0.031072959745830016,0.0359680767593328,0.031005067863383636
Hlth ,0.02717659674027005,0.019307922325655282,0.018940176540111202,0.016050988606830817,0.01759650180778396,0.022721041308975377,0.02594880866084194,0.030949222513105636,0.025821488953137402,0.027755096521048444,0.03163598915965052,0.02464448254169975,0.02933837472915012,0.030780222818109604,0.02602495336616362,0.026836288806989662,0.031043434223987292,0.03552408153772835,0.03677693071961873,0.03377491393169182,0.03276941777283559,0.029982864889594917,0.03601140216044479,0.026704310017474187,0.04197567864654487,0.02557312071803018,0.025094823555202542,0.0335388543288324,0.03796385507227959,0.03574949662271644,0.016760106776806984,0.02934413555520253,0.02807454726608419,0.026335641582208105,0.02912283128196981,0.027097587183478957,0.029728577397934865,0.0274584735567911,0.030276656876886417,0.02394106901350278,0.028870139806195388,0.027381521118347896,0.02691935445274027,0.02319249267672756,0.019802935498014297,0.026373685515488483,0.024219120241461473,0.029436020562351076,0.02503312431453534
MedEq,0.026994887084988088,0.01979558077839555,0.020847059714058782,0.016776837664813346,0.01887577463065925,0.023254381000794282,0.026673422954725964,0.031436568371723594,0.026213793455123112,0.028489760921366167,0.02464448254169975,0.029268329118347897,0.031585248371723586,0.032014626576648116,0.02714376552819699,0.028034795266084198,0.03239263944400317,0.03635997312152501,0.03775145003971406,0.034785199301032556,0.034072575154884814,0.030650731405877676,0.036926487450357426,0.027956533153296263,0.04252820725972993,0.02721152501985703,0.025244707768069887,0.03493795210484511,0.039646876060365356,0.036639821509134224,0.01781975637807784,0.030239973121525012,0.02853020659253376,0.027490703590150913,0.03074389949166005,0.02851248023828435,0.03066510038125497,0.028864974996028605,0.031411642160444786,0.02460897636219221,0.02959018613185067,0.028231237601270855,0.027969763081810962,0.02379523825258141,0.02033792592533757,0.026849031612390786,0.02435872160444797,0.030503796219221606,0.02600613478951549
Drugs,0.03214763595869738,0.023455664873709293,0.025267953469420172,0.019494971518665607,0.021777481224781573,0.02836707634312947,0.03211488239714058,0.037041793834789505,0.030647537318506748,0.033527879428117566,0.02933837472915012,0.031585248371723586,0.04657885493089754,0.037950929075456705,0.031411406764098496,0.03284174738363781,0.03822000310246228,0.04317776760285942,0.042867195545671165,0.040130478252581425,0.03981567584749801,0.03671189552978554,0.04350915452740269,0.03252178257664814,0.0500492963161239,0.0325705788943606,0.03119213357585386,0.0410366957347101,0.045417822805401104,0.04371928882922954,0.02033495253693407,0.036138202436854644,0.03401173830500397,0.03230808399841144,0.03691805277045275,0.03459647053057983,0.037006045510722785,0.0342240595996823,0.036240495945988875,0.028305073849086582,0.03474724668943605,0.033142354698967424,0.033035117690230334,0.028555206052422562,0.02355853610325655,0.030862596066719625,0.02911705712311358,0.03547449043367753,0.031360239312152496
Chems,0.035712187914217645,0.026274670223987284,0.026330505485305793,0.021086512306592534,0.023975677421763295,0.031236786760921363,0.035793974746624296,0.041154693078633835,0.03522704609054806,0.03852511615567912,0.030780222818109604,0.032014626576648116,0.037950929075456705,0.0501500881509134,0.036212081598093734,0.03693484417156473,0.04454942950119143,0.04997286128991262,0.0540397662779984,0.04830609795075457,0.04734032302144558,0.04165258661159651,0.05099252305798252,0.038323477083399525,0.05936376263224781,0.03553160590627482,0.03966523688959491,0.053195202533756945,0.06175124246544877,0.05578207193963463,0.02338401873550437,0.040022328702144554,0.037972078444797455,0.03643657038760921,0.04116207436536934,0.037573135525019855,0.04165575778077839,0.03801290987450357,0.04262095972359015,0.034572774513105635,0.0401969120841938,0.038399482575059554,0.03702826634154091,0.03141814949960286,0.026605634184273235,0.0354346511008737,0.034083528217633045,0.04095366175694996,0.034966669847498
Rubbr,0.030008176349483714,0.022058799294678313,0.021430279488482917,0.018766769026211286,0.02041442967752184,0.026398248508339956,0.02960382385702939,0.035504624683081805,0.029800549490071486,0.032200810865766476,0.02602495336616362,0.02714376552819699,0.031411406764098496,0.036212081598093734,0.03996085896108024,0.031051234211278787,0.03787828143923748,0.041858110011119935,0.04323035480857824,0.039427329308975384,0.038908204435266075,0.03383795909769659,0.0421621185861795,0.03206243657505956,0.04905060737410643,0.029352676422557577,0.030872397159650514,0.03993481634630659,0.045085113092930895,0.041762461979348686,0.02030027860841938,0.03348657145035743,0.03185366749166005,0.030555160530579824,0.033523112625893574,0.031040335977760132,0.03427739844003177,0.03137755643526609,0.03571673289277204,0.028349652098490864,0.033670430980142954,0.031734247348689425,0.03143910464177918,0.0267739034471803,0.02295704926767275,0.030130584667196203,0.02826368851151707,0.034421130351072284,0.02919950823510722
Txtls,0.03023134727879269,0.023309997642573466,0.02351972396822876,0.018619962608419374,0.021238270567116763,0.028957322471803014,0.03115231329308975,0.03648151342017474,0.031450999752184274,0.03486902849880858,0.026836288806989662,0.028034795266084198,0.03284174738363781,0.03693484417156473,0.031051234211278787,0.048761369397934864,0.03901143209849086,0.044582875189833185,0.04398787382366957,0.040770060301826845,0.03978710750119141,0.03525612414932486,0.04350512122319301,0.03237989071326449,0.05038329382366958,0.03127798358697379,0.026196897016679904,0.04018717377283559,0.04532281031294679,0.04243508371088165,0.01987429195234313,0.034819989337569496,0.03262379651469421,0.0312654300460683,0.03461343310246227,0.03210463723272438,0.03523696266560763,0.03235664272597299,0.03691198274185862,0.02889464015250199,0.03487578265607624,0.03251045510087371,0.033148228803812546,0.028025631834789507,0.02342698499444003,0.030598717915806196,0.029754418868943606,0.03473355268625894,0.030221317861795074
BldMt,0.0362109743796664,0.02679684108975377,0.02672446421445592,0.021767336675139,0.023559022425734707,0.032206477340746616,0.0367188542700556,0.04270523147418587,0.03632819414455917,0.03849615583796663,0.031043434223987292,0.03239263944400317,0.03822000310246228,0.04454942950119143,0.03787828143923748,0.03901143209849086,0.05184885313899921,0.05380480607148531,0.05410546969340747,0.048952696235107215,0.04813007698490866,0.04154028332327245,0.051664965663224774,0.03850184537569499,0.060840348779984114,0.03625973083081811,0.03773460750119142,0.05118099700555996,0.05945077555520256,0.05362131235266083,0.02425926785385226,0.04061905883717236,0.03910321143923749,0.037067800633836384,0.04069638315011914,0.03755977110881652,0.04179671187132645,0.038201510637013505,0.043264025839555194,0.03458871300397139,0.04113324955837967,0.03909322640349484,0.03821252680222397,0.032288283065925336,0.027962970355837963,0.036361990989674346,0.03518423287212072,0.04184741254328831,0.03579173154725973
Cnstr,0.040386500467037324,0.029751423084988075,0.0298267900333598,0.02388973079269261,0.026080415653693408,0.0371503843876092,0.041496825966640186,0.04880311549801429,0.040885011577442405,0.04313036911834789,0.03552408153772835,0.03635997312152501,0.04317776760285942,0.04997286128991262,0.041858110011119935,0.044582875189833185,0.05380480607148531,0.0715351522859412,0.060225402293884026,0.05386058360603652,0.053902495447180294,0.04682769719459889,0.05795297720413025,0.04299952865448768,0.0679451696489277,0.04069936962033359,0.04112989557426529,0.05646815232724384,0.06654670364416203,0.060014181146942014,0.027180096438443203,0.04577966738046067,0.04408285334710087,0.04140047367434472,0.045633081598093726,0.04219270981096108,0.04689206434630659,0.042814974760921345,0.0482043967466243,0.03771671185385227,0.04630703919618746,0.04330536740587768,0.04318045099920573,0.03676388524225575,0.03132005556473391,0.04106038413979349,0.04065676169340748,0.04676225418903891,0.03941205289594916
Steel,0.042704413223193,0.030793237922160446,0.030928268079428112,0.025100990538522636,0.027530539259729942,0.03618460217950753,0.04271642804765687,0.049196151860206504,0.04164839114853059,0.0453671823669579,0.03677693071961873,0.03775145003971406,0.042867195545671165,0.0540397662779984,0.04323035480857824,0.04398787382366957,0.05410546969340747,0.060225402293884026,0.07230497840190628,0.05747357706115966,0.05720217509769658,0.0491562180841938,0.06077905254964256,0.0451629204892772,0.07143272397776013,0.041457746649721995,0.05171076766322477,0.06513708457505957,0.08049921763939635,0.06729107703256552,0.027813250370135028,0.047593445172359,0.045898948835583785,0.0430783374551231,0.04833946166163622,0.04401830426687847,0.049666367173947575,0.044894365642573465,0.0508600810039714,0.041661133204130264,0.048061350220810165,0.04612690743764892,0.043871475145353465,0.03695391834789516,0.03217732436536933,0.042489403996822876,0.041056474497220004,0.049104130535345514,0.04133239998093725
FabPr,0.03983985070691025,0.028475604575059574,0.02836080212867355,0.023036472692613184,0.025262563876092135,0.034080110818109605,0.03868746789515488,0.04520981814138205,0.03823118732327245,0.041334900810166796,0.03377491393169182,0.034785199301032556,0.040130478252581425,0.04830609795075457,0.039427329308975384,0.040770060301826845,0.048952696235107215,0.05386058360603652,0.05747357706115966,0.08549107227958697,0.05170424889594916,0.04548234821286737,0.054868748181096105,0.041344387895154884,0.06676752231930103,0.038754450166799036,0.038685332644956306,0.0527764887688642,0.0640543267672756,0.058332290357426535,0.025680942366957903,0.043241538903891964,0.042152333343923744,0.03956809836378078,0.04414844778395551,0.04015412301826848,0.044732650548054004,0.04120636791104051,0.04612494487688641,0.03682429474185862,0.04317324603653693,0.04157160467037332,0.04044481505957109,0.033878304654487684,0.029239635615567913,0.03855209156473392,0.03579540349483717,0.044118920794281175,0.03759366401906274
Mach ,0.03851717906910246,0.028267938382843517,0.028784080295472594,0.02234232860047657,0.024879353382049246,0.03371984678633836,0.03870135085941223,0.044872148254169984,0.038003456247815724,0.04136277826846704,0.03276941777283559,0.034072575154884814,0.03981567584749801,0.04734032302144558,0.038908204435266075,0.03978710750119141,0.04813007698490866,0.053902495447180294,0.05720217509769658,0.05170424889594916,0.053172058211278794,0.044078826027005566,0.054755712930897524,0.04120106711358221,0.06466230143606035,0.0381695226624305,0.03885038786973788,0.05357972678316126,0.06337031412867355,0.058018045007148515,0.0252918964384432,0.043023582392374894,0.04099567339475774,0.03913288419062749,0.04424354564892771,0.04024494539475774,0.04521902587132644,0.04094952901032567,0.04584518111517076,0.03650617959015092,0.043290706233518654,0.04128493016997617,0.040090492937251775,0.034102351961874514,0.028957279583796663,0.0382045438856235,0.03605259635583795,0.04413177412549644,0.037268877296266885
ElcEq,0.03439364508975378,0.024442383561556792,0.0257472624559174,0.019733117464654483,0.02191906628117554,0.03031979099602859,0.03335233394122319,0.03926005721366163,0.03305569411914217,0.0358333478316124,0.029982864889594917,0.030650731405877676,0.03671189552978554,0.04165258661159651,0.03383795909769659,0.03525612414932486,0.04154028332327245,0.04682769719459889,0.0491562180841938,0.04548234821286737,0.044078826027005566,0.04859274316759332,0.047672827926926134,0.03569962822557584,0.055722710856235105,0.033219005680698965,0.03289204502621128,0.0465198687212073,0.0557164656457506,0.04891657895472598,0.021509050179507546,0.03764733686417791,0.03580768561080221,0.034419326938840346,0.03913024847656871,0.035764172225575847,0.03972808564892771,0.03597737952660841,0.03965806337092931,0.03142244354567116,0.03760514421604449,0.03598614778713265,0.034544095034154086,0.029478675043685454,0.025394037947577445,0.033281112400317704,0.03185680202700556,0.038454505023034144,0.03274282485782367
Autos,0.04146065115170771,0.030707444209690227,0.030698815099285136,0.024284710810166803,0.027284553606036543,0.036921414344718025,0.042204489444003165,0.048874143121525014,0.04152868119142177,0.04580420988085783,0.03601140216044479,0.036926487450357426,0.04350915452740269,0.05099252305798252,0.0421621185861795,0.04350512122319301,0.051664965663224774,0.05795297720413025,0.06077905254964256,0.054868748181096105,0.054755712930897524,0.047672827926926134,0.06561416240667195,0.044689969023034154,0.06922153206513106,0.04087057806195393,0.039740124495631454,0.05621546904686259,0.06687411440826053,0.06003206543288325,0.026929270389197773,0.046366802462271636,0.044813321834789505,0.04210884642573469,0.04733378976171564,0.04344173644956314,0.048511950158856225,0.043924606624304995,0.0497295230341541,0.03915927714058778,0.04727599716441619,0.04428260990468626,0.044254538792692616,0.037539294725973,0.03119871956314535,0.04145500861000794,0.039424386521048446,0.04732797146942017,0.040246258419380475
Aero ,0.031227819552025415,0.02350892223034154,0.023089348644956313,0.01966342317394757,0.021929839409054804,0.027596550983320093,0.031512973776012705,0.03714556891501191,0.031417860740270066,0.0346334822239873,0.026704310017474187,0.027956533153296263,0.03252178257664814,0.038323477083399525,0.03206243657505956,0.03237989071326449,0.03850184537569499,0.04299952865448768,0.0451629204892772,0.041344387895154884,0.04120106711358221,0.03569962822557584,0.044689969023034154,0.04166651255917394,0.052050312832406666,0.03322936043208895,0.027661060250992863,0.04077252066719619,0.04745750571564734,0.04333899381096108,0.021548328285941228,0.03520220125814137,0.03418073366799046,0.03229203710246227,0.03548629431612391,0.03271611366481334,0.036112859177124694,0.033311523723590156,0.03793955409690229,0.030345862405083388,0.035646390894360606,0.03337548289753773,0.03294735658141382,0.028418350405083392,0.023935746617950757,0.03186305749324861,0.029619791377283558,0.036105701515488475,0.030314979818903895
Ships,0.04751660559809373,0.03486112785067514,0.03408333509293089,0.029710999521842734,0.03125351304050832,0.04247937515806196,0.04864141598252581,0.05760270174900715,0.04781319783637808,0.0521201865607625,0.04197567864654487,0.04252820725972993,0.0500492963161239,0.05936376263224781,0.04905060737410643,0.05038329382366958,0.060840348779984114,0.0679451696489277,0.07143272397776013,0.06676752231930103,0.06466230143606035,0.055722710856235105,0.06922153206513106,0.052050312832406666,0.10456455354884826,0.049160610652899124,0.04815700535980937,0.06729319489277205,0.07994357579666403,0.0725754415599682,0.03228710623987291,0.05447264353613981,0.05186929554725972,0.04929227649404288,0.05468945479110404,0.050190285640984905,0.05564542217791896,0.050593170868943604,0.05798807117077045,0.04579919264813344,0.05612669499444002,0.051844703966640183,0.051348419656870536,0.04346814549642572,0.0366180769070691,0.048435083552025415,0.04375819458459095,0.05541351430023828,0.047300696112787935
Guns ,0.029754019977760116,0.022264202268467037,0.023338888250992854,0.018935128841938046,0.02113730221763304,0.02643304983002382,0.029598656606830812,0.03459417892613184,0.02937295932009531,0.03203733045274027,0.02557312071803018,0.02721152501985703,0.0325705788943606,0.03553160590627482,0.029352676422557577,0.03127798358697379,0.03625973083081811,0.04069936962033359,0.041457746649721995,0.038754450166799036,0.0381695226624305,0.033219005680698965,0.04087057806195393,0.03322936043208895,0.049160610652899124,0.050678504978554396,0.027877476752978553,0.038152583971405876,0.04278132520413026,0.04019510171247023,0.019538578637013495,0.03330739018903892,0.0322819436664019,0.03033175669896742,0.033192860482922956,0.030923180578236696,0.0343184259793487,0.03148810606513106,0.035071149750595706,0.027446308575059575,0.03405414167752183,0.031141089464654485,0.03125671383002382,0.02606104498808578,0.022194812425734713,0.029764345010325658,0.027995029982525805,0.033947389019857034,0.028875786023828426
Gold ,0.03122089586020651,0.01927004608737093,0.023090935768069906,0.019177171491660042,0.020728485836378076,0.022214876397140586,0.02760052795234313,0.029934771669579027,0.026152202173153286,0.02757491885623512,0.025094823555202542,0.025244707768069887,0.03119213357585386,0.03966523688959491,0.030872397159650514,0.026196897016679904,0.03773460750119142,0.04112989557426529,0.05171076766322477,0.038685332644956306,0.03885038786973788,0.03289204502621128,0.039740124495631454,0.027661060250992863,0.04815700535980937,0.027877476752978553,0.1818392539539317,0.07570309739475775,0.0729206746370135,0.05711697962192215,0.01986624417474185,0.03163355433836378,0.02950496861318506,0.02790112091818904,0.03290402307545671,0.02960233240031772,0.03452138612549643,0.031163929963463066,0.03249338708816521,0.02909180656393963,0.02912910299285147,0.030564335666401904,0.026924616400317715,0.022110487148530585,0.019343904619539314,0.02605282089912629,0.0268123581350278,0.03386636732644957,0.028244126573471005
Mines,0.040879420460683075,0.02853764459094519,0.029767941374106432,0.02440935676727561,0.025897681596505153,0.033113675313741056,0.03918694505957109,0.04456785023828437,0.038366419586973774,0.041330970357426534,0.0335388543288324,0.03493795210484511,0.0410366957347101,0.053195202533756945,0.03993481634630659,0.04018717377283559,0.05118099700555996,0.05646815232724384,0.06513708457505957,0.0527764887688642,0.05357972678316126,0.0465198687212073,0.05621546904686259,0.04077252066719619,0.06729319489277205,0.038152583971405876,0.07570309739475775,0.08920671262112786,0.0848353822398729,0.06913433876092136,0.02634204681493248,0.044543111628276406,0.04227315610007943,0.03998159640190629,0.04605794256552818,0.041493807664813344,0.046821033383637814,0.042031152962668794,0.047058164654487686,0.039017210230341534,0.04383345233518665,0.0429255431056394,0.04013037021445592,0.03389909266084192,0.028906316115965044,0.03864945988880063,0.03770445557585385,0.04610220610007942,0.038563781008737086
Coal ,0.04618232000635425,0.032112224292295474,0.032959685108816535,0.026259381293089752,0.02766838669420174,0.04019691385544081,0.04548091773788721,0.05005958274185861,0.0437791498141382,0.048856737188244646,0.03796385507227959,0.039646876060365356,0.045417822805401104,0.06175124246544877,0.045085113092930895,0.04532281031294679,0.05945077555520256,0.06654670364416203,0.08049921763939635,0.0640543267672756,0.06337031412867355,0.0557164656457506,0.06687411440826053,0.04745750571564734,0.07994357579666403,0.04278132520413026,0.0729206746370135,0.0848353822398729,0.1697596649785544,0.08893707966957902,0.030225171545671177,0.052128173909451965,0.04992305244162035,0.04616831569181892,0.0541378303034154,0.04765872787291501,0.05526781454487687,0.04785318140111199,0.05482860545194599,0.04630751182208101,0.05236358405718824,0.05014222267196189,0.046555052111199355,0.03841258732327244,0.03379603756632248,0.044391527428117555,0.045605065982525804,0.05310514419698172,0.04560263416679904
Oil  ,0.04222068656393964,0.030003661185067514,0.030538929496425726,0.023907634538522626,0.027602487882446385,0.03617713079586973,0.04209897928196982,0.0475509084638602,0.04100637284193803,0.04403586443208896,0.03574949662271644,0.036639821509134224,0.04371928882922954,0.05578207193963463,0.041762461979348686,0.04243508371088165,0.05362131235266083,0.060014181146942014,0.06729107703256552,0.058332290357426535,0.058018045007148515,0.04891657895472598,0.06003206543288325,0.04333899381096108,0.0725754415599682,0.04019510171247023,0.05711697962192215,0.06913433876092136,0.08893707966957902,0.0923786554344718,0.029734491984114368,0.04723027797934869,0.045100919596505154,0.04214577584432089,0.04860066245909453,0.04423463840826052,0.04931046766957903,0.04454999039872916,0.049275045776012695,0.040249118818109615,0.0462979308689436,0.04634039247974585,0.042849218573470994,0.03474767310563939,0.03115632297696584,0.04117007178395552,0.040402770354249405,0.04812432507704527,0.04116216329467831
Util ,0.019856137200953135,0.01596619905321684,0.01600591774741858,0.013586387065925336,0.01675496800317712,0.016901532905480538,0.019487741957108815,0.02354633725496425,0.019539945569499603,0.020953433709293093,0.016760106776806984,0.01781975637807784,0.02033495253693407,0.02338401873550437,0.02030027860841938,0.01987429195234313,0.02425926785385226,0.027180096438443203,0.027813250370135028,0.025680942366957903,0.0252918964384432,0.021509050179507546,0.026929270389197773,0.021548328285941228,0.03228710623987291,0.019538578637013495,0.01986624417474185,0.02634204681493248,0.030225171545671177,0.029734491984114368,0.020761993258141383,0.022371835348689438,0.020911298830818114,0.019954888174741853,0.020697881718824463,0.019612042227164415,0.02156999577760127,0.020141903485305798,0.0234602591008737,0.020105131158061954,0.022102728257347104,0.020963488632247812,0.020471708130262112,0.017877724861000793,0.015345854401906273,0.021103186103256552,0.018751910916600476,0.02270851991104051,0.019509899580619543
Telcm,0.03327754000953138,0.024847973102462274,0.02479766575694996,0.020250004266878473,0.022730864219221603,0.029394121950754564,0.03386624961715647,0.04013792949007148,0.03302146645274027,0.0357909008101668,0.02934413555520253,0.030239973121525012,0.036138202436854644,0.040022328702144554,0.03348657145035743,0.034819989337569496,0.04061905883717236,0.04577966738046067,0.047593445172359,0.043241538903891964,0.043023582392374894,0.03764733686417791,0.046366802462271636,0.03520220125814137,0.05447264353613981,0.03330739018903892,0.03163355433836378,0.044543111628276406,0.052128173909451965,0.04723027797934869,0.022371835348689438,0.04196242910881652,0.035835540902303405,0.034097164038125495,0.038044229251787125,0.03534266334233519,0.038777652158856236,0.035130824794281174,0.039196953213661644,0.031234367606036532,0.03764258425099284,0.03543660765369339,0.03506456164575059,0.03011400568705321,0.025447358128673544,0.0334363416743447,0.031279192142970605,0.03841178635107227,0.03245594586497221
PerSv,0.03216692373629864,0.023695270414614774,0.02332216538999205,0.019078204649722007,0.02098203013026211,0.028032259866560764,0.0320854486624305,0.03799930237172358,0.03165294045115171,0.03402674401906275,0.02807454726608419,0.02853020659253376,0.03401173830500397,0.037972078444797455,0.03185366749166005,0.03262379651469421,0.03910321143923749,0.04408285334710087,0.045898948835583785,0.042152333343923744,0.04099567339475774,0.03580768561080221,0.044813321834789505,0.03418073366799046,0.05186929554725972,0.0322819436664019,0.02950496861318506,0.04227315610007943,0.04992305244162035,0.045100919596505154,0.020911298830818114,0.035835540902303405,0.04603754213026211,0.032751692405083396,0.03588488397617156,0.03347154472279586,0.03691301136298649,0.033671664536934064,0.03735341122478157,0.029043439961874508,0.03596455168705322,0.03387581965210482,0.033841195205718835,0.02850256592533757,0.024388923795075453,0.031648152228752974,0.030409907741064335,0.036375543281969826,0.03082244244479746
BusSv,0.030461885731532964,0.022570241134233514,0.022224754228752974,0.018112016033359803,0.020242143118347895,0.026409961928514695,0.030320577771247016,0.03610223256076251,0.029486379358220804,0.03213873960285941,0.026335641582208105,0.027490703590150913,0.03230808399841144,0.03643657038760921,0.030555160530579824,0.0312654300460683,0.037067800633836384,0.04140047367434472,0.0430783374551231,0.03956809836378078,0.03913288419062749,0.034419326938840346,0.04210884642573469,0.03229203710246227,0.04929227649404288,0.03033175669896742,0.02790112091818904,0.03998159640190629,0.04616831569181892,0.04214577584432089,0.019954888174741853,0.034097164038125495,0.032751692405083396,0.032934326752978554,0.03439430277521841,0.03196597762827641,0.034942703426528984,0.0319928477426529,0.03568301511358221,0.028223566868943617,0.034089297590150905,0.032115681316918186,0.03144215840826053,0.027120134757744243,0.02321189704686259,0.030236474649721994,0.028060458899126284,0.03470495902144559,0.029022761526608418
Hardw,0.03272118420333597,0.024495204571882444,0.025224686082605235,0.01943628141540905,0.02127837634789515,0.029485668876886414,0.03362720303256552,0.03873568133280381,0.03291844152819698,0.03662042983320096,0.02912283128196981,0.03074389949166005,0.03691805277045275,0.04116207436536934,0.033523112625893574,0.03461343310246227,0.04069638315011914,0.045633081598093726,0.04833946166163622,0.04414844778395551,0.04424354564892771,0.03913024847656871,0.04733378976171564,0.03548629431612391,0.05468945479110404,0.033192860482922956,0.03290402307545671,0.04605794256552818,0.0541378303034154,0.04860066245909453,0.020697881718824463,0.038044229251787125,0.03588488397617156,0.03439430277521841,0.04720703634471801,0.037531432722795875,0.041776498918189034,0.036783238884829234,0.03967747990150913,0.03134526631930104,0.03737452506910246,0.0357795923161239,0.03508552156632247,0.030134714392374893,0.024805685714058775,0.03246080906115966,0.03133189512152502,0.03856035543764892,0.032575561186656075
Softw,0.03092789505321684,0.022949649274027005,0.023201502285941217,0.018455441923749007,0.019929654409849087,0.02722715192692613,0.0314253542954726,0.03608415923590151,0.03064769715965052,0.03369126509928514,0.027097587183478957,0.02851248023828435,0.03459647053057983,0.037573135525019855,0.031040335977760132,0.03210463723272438,0.03755977110881652,0.04219270981096108,0.04401830426687847,0.04015412301826848,0.04024494539475774,0.035764172225575847,0.04344173644956314,0.03271611366481334,0.050190285640984905,0.030923180578236696,0.02960233240031772,0.041493807664813344,0.04765872787291501,0.04423463840826052,0.019612042227164415,0.03534266334233519,0.03347154472279586,0.03196597762827641,0.037531432722795875,0.03609355326290707,0.03716090641620334,0.0333424765019857,0.0365039075742653,0.028674221680698962,0.034609577142176336,0.032732665262907065,0.0325510552279587,0.027973450627482115,0.023133634308181092,0.03023045007783955,0.02905525464495631,0.0355598138649722,0.029920961027799835
Chips,0.03402251875456712,0.025045577820492455,0.02573860187291501,0.020320958000000004,0.021715539699761716,0.030047640155679112,0.03441581655123112,0.039792880617950756,0.03355260067037331,0.036927692359015094,0.029728577397934865,0.03066510038125497,0.037006045510722785,0.04165575778077839,0.03427739844003177,0.03523696266560763,0.04179671187132645,0.04689206434630659,0.049666367173947575,0.044732650548054004,0.04521902587132644,0.03972808564892771,0.048511950158856225,0.036112859177124694,0.05564542217791896,0.0343184259793487,0.03452138612549643,0.046821033383637814,0.05526781454487687,0.04931046766957903,0.02156999577760127,0.038777652158856236,0.03691301136298649,0.034942703426528984,0.041776498918189034,0.03716090641620334,0.04443760613026211,0.03740171739158062,0.04020397407148529,0.03170533678792692,0.03842036216203336,0.03637124583478951,0.03590166958856235,0.03034609742652899,0.025666075912629066,0.03341180343764891,0.03208031175377283,0.03946912385702938,0.033026757167593325
LabEq,0.031096932632247807,0.022987184775218425,0.023273728352660845,0.019051560956314537,0.020441968486100075,0.027168124568705317,0.031182288130262113,0.0361596371056394,0.030671930681493254,0.03328028559173948,0.0274584735567911,0.028864974996028605,0.0342240595996823,0.03801290987450357,0.03137755643526609,0.03235664272597299,0.038201510637013505,0.042814974760921345,0.044894365642573465,0.04120636791104051,0.04094952901032567,0.03597737952660841,0.043924606624304995,0.033311523723590156,0.050593170868943604,0.03148810606513106,0.031163929963463066,0.042031152962668794,0.04785318140111199,0.04454999039872916,0.020141903485305798,0.035130824794281174,0.033671664536934064,0.0319928477426529,0.036783238884829234,0.0333424765019857,0.03740171739158062,0.03700486931850675,0.03663091319459888,0.029015931367752185,0.03461547796981731,0.03312849417950754,0.03234522807307386,0.0277973887847498,0.023545995923749008,0.03080152344400318,0.02883581734392375,0.035848730986497226,0.030213502325655284
Paper,0.034855728470214446,0.025928064139793486,0.026704314373312155,0.020245154919777603,0.023581465483717236,0.031266169652104846,0.035198080600476564,0.041700946970611594,0.03428578949007148,0.03769501334392375,0.030276656876886417,0.031411642160444786,0.036240495945988875,0.04262095972359015,0.03571673289277204,0.03691198274185862,0.043264025839555194,0.0482043967466243,0.0508600810039714,0.04612494487688641,0.04584518111517076,0.03965806337092931,0.0497295230341541,0.03793955409690229,0.05798807117077045,0.035071149750595706,0.03249338708816521,0.047058164654487686,0.05482860545194599,0.049275045776012695,0.0234602591008737,0.039196953213661644,0.03735341122478157,0.03568301511358221,0.03967747990150913,0.0365039075742653,0.04020397407148529,0.03663091319459888,0.05244963240031771,0.03537213864336776,0.039615759780778394,0.037252411129467845,0.03680174298967434,0.03126933096108023,0.026710062420969027,0.03563702514376489,0.032893922729150114,0.040315386617950755,0.0334540188308181
