,Agric,Food ,Soda ,Beer ,Smoke,Toys ,Fun  ,Books,Hshld,Clths,Hlth ,MedEq,Drugs,Chems,Rubbr,Txtls,BldMt,Cnstr,Steel,FabPr,Mach ,ElcEq,Autos,Aero ,Ships,Guns ,Gold ,Mines,Coal ,Oil  ,Util ,Telcm,PerSv,BusSv,Hardw,Softw,Chips,LabEq,Paper,Boxes,Trans,Whlsl,Rtail,Meals,Banks,Insur,RlEst,Fin  ,Other
Agric,0.0529648796123908,0.020784491320095314,0.020321714357426527,0.017848952117553617,0.018704765871326454,0.02315330809849086,0.027159222976965842,0.03238392688482922,0.02640751028435266,0.028000083949166015,0.02559577713105639,0.025102441995234304,0.030340160768864182,0.032927099399523437,0.0276692167466243,0.027338478096902312,0.033282016867355046,0.036990276406671956,0.03961339788403495,0.03622220557267671,0.03509811805242255,0.032134421712470204,0.03795893236536933,0.028131221436060363,0.04357253159968228,0.027455184800635423,0.02886157485941223,0.03802906003177123,0.040212955561556775,0.037954688368546464,0.017606563637807778,0.03067212732962669,0.030389582471803008,0.028500979555202536,0.029992064295472593,0.028821249966640188,0.031468832733915805,0.029041554014297064,0.031270062652899125,0.02544628623987291,0.03137152679269261,0.029119393229547257,0.02790850929308975,0.024091066732327242,0.020567483345512307,0.026903009747418587,0.02465863504686259,0.03219863267990469,0.026137498996028595
Food ,0.020784491320095314,0.019807651423351863,0.015917556597299445,0.013221607042096906,0.014773602805401114,0.01662802301509134,0.019370353143764896,0.022543674549642574,0.018895293493248602,0.02008310649880857,0.016989185057982515,0.017556120406671965,0.020653538592533757,0.023055455857029384,0.01916516441143764,0.020203442743447188,0.023551594301826843,0.02594369388880064,0.027309811402700553,0.02458937221286735,0.024640265320095313,0.021575207034154095,0.026656468012708504,0.020101522476568705,0.03051147038443209,0.019633621353455127,0.017043729879269262,0.02531967052422557,0.027625660223987287,0.026289418217633045,0.014015733065925337,0.021987662540111193,0.02109655944559173,0.02014756104050834,0.021434369291501193,0.02037986549483717,0.021945261161239082,0.020407617874503577,0.022309915710881652,0.018582000187450362,0.021785680867355047,0.020708605501191416,0.01984785787132645,0.017631735088165214,0.014591909262907075,0.019797511701350277,0.017819706651310562,0.022464534157267676,0.01865457325337569
Soda ,0.020321714357426527,0.015917556597299445,0.03673280299285148,0.013010700387609217,0.015016256025417,0.01671117992692613,0.018691604530579827,0.022970390757744246,0.018675429884034946,0.020138356501985713,0.016760003545671164,0.018390370687847494,0.022158467532962668,0.023105584203335975,0.018635500978554407,0.01990741675297856,0.023142098608419388,0.026007359672756157,0.027294412873709296,0.024002053667990474,0.024532440384432096,0.02247623587609214,0.026416472997617162,0.019514696714853053,0.02951752315488483,0.02053460936616362,0.019682832600476576,0.02623681138999205,0.027840025223193007,0.026249099418586195,0.014012942033359808,0.021661069582208103,0.020476148400317706,0.019699153788721203,0.02166843603177125,0.020384721432883245,0.02226062122001588,0.020172753798252577,0.023081678506751392,0.018531968362192223,0.021840119917394752,0.020268087583796657,0.01972842411437649,0.017695798608419376,0.014474286637013502,0.01945301659729944,0.017296008587768072,0.02199340066084194,0.01874702769499603
Beer ,0.017848952117553617,0.013221607042096906,0.013010700387609217,0.026765575947577436,0.013414666112787925,0.0140331530802224,0.016040921194598885,0.017873934339952345,0.016074271901509136,0.016795795111993642,0.015025779733121523,0.015561865397934867,0.01828053457029389,0.019367280104845116,0.016793230200158854,0.016499584211278787,0.01978593683717236,0.02160309383478951,0.023073860355837965,0.020387356765687058,0.020226739026211273,0.018459711523431295,0.021790454840349485,0.01744813711993646,0.027279898683081807,0.017588784123907866,0.018156135912629073,0.02255523038125496,0.023492876112787924,0.02167056966481334,0.012096483613979348,0.018754974371723587,0.01790354003653694,0.01685015514694202,0.017794947366163615,0.01718494368069896,0.018729400195393174,0.017682501026211266,0.018416435361397938,0.016257841579030975,0.018445735850675136,0.017539718711675933,0.01630166895949166,0.014853568250992854,0.01228092816997617,0.01685756023510723,0.014329097078633833,0.01901380399682288,0.015690004144559178
Smoke,0.018704765871326454,0.014773602805401114,0.015016256025417,0.013414666112787925,0.032316846633836376,0.015356152451151713,0.017033237528196982,0.01986859586020652,0.016747477019857026,0.017625978691024616,0.015130524486100085,0.016393299088165204,0.01863064559809373,0.02024089145671168,0.01704868915329627,0.017948759971405874,0.020209582046068313,0.02186685591421764,0.023163864381254964,0.02077550152184273,0.020969760657664805,0.018765703205718815,0.02289477096743447,0.01817432005401112,0.02642498113105639,0.017852685483717243,0.017491530824463856,0.022156545845909446,0.022032125061159653,0.022879974309769662,0.014706355186656075,0.01974522489912629,0.018340975863383638,0.017635425178713266,0.017896077226370127,0.01719139128514694,0.018498235529785554,0.017551285706115964,0.020044226687847496,0.017855511116759336,0.01890632555361398,0.018458558249404285,0.0178931338522637,0.01592760284034949,0.012561304250992849,0.01811125635583797,0.015696609121525016,0.019583509439237493,0.01647153019539317
Toys ,0.02315330809849086,0.01662802301509134,0.01671117992692613,0.0140331530802224,0.015356152451151713,0.042612506535345505,0.022814433950754564,0.02684924132168387,0.022531346135027795,0.02501782787609214,0.019843797445591737,0.02072064255440826,0.02503269533280381,0.026912655021445585,0.022391589445591737,0.02450083688006354,0.02764764966481334,0.031751808648133435,0.03199388305639396,0.028957631332803796,0.02887152688165211,0.02662091107863384,0.03130607763621921,0.02294255134551232,0.03641069314694201,0.023606763583796667,0.019980396428911834,0.02964785690230341,0.03561055308657665,0.03133779006195393,0.014409725718824465,0.025671907787132645,0.024651386192216043,0.023198338808578238,0.025945588708498814,0.02400363747736299,0.02612378933756949,0.023686313003971404,0.026166284606830806,0.021009646551231127,0.024682126589356625,0.023869178592533756,0.02423449858617951,0.020625587170770454,0.016614566049245435,0.021938558583002386,0.021887686665607625,0.025276155355043687,0.021657083818903886
Fun  ,0.027159222976965842,0.019370353143764896,0.018691604530579827,0.016040921194598885,0.017033237528196982,0.022814433950754564,0.031680575084988075,0.029563128667196185,0.025077114814932494,0.027648475272438442,0.022738446252581417,0.023545266185861783,0.02818201301985702,0.0309141503542494,0.0253331033328038,0.026237389972994428,0.03167534175059571,0.03552100300555996,0.037321364054011125,0.032996008565528194,0.03321075932644956,0.029176983116759328,0.036036963393169176,0.026535231288324062,0.041819014341540894,0.02591423102144559,0.023940227094519463,0.03461246277998412,0.03870159244479747,0.036579715920571895,0.016506135059571093,0.029628596530579816,0.02801517373153296,0.026671399396346305,0.029150947253375695,0.02766355545035743,0.029779031332803824,0.027367641378872112,0.029682732867355035,0.024068143053216837,0.02926451927561556,0.027610063148530584,0.027112832025417002,0.023879132664019066,0.01928789217474186,0.025794943262907072,0.023561683539316914,0.030280242681493243,0.025221917699761714
Books,0.03238392688482922,0.022543674549642574,0.022970390757744246,0.017873934339952345,0.01986859586020652,0.02684924132168387,0.029563128667196185,0.05452693593486894,0.029346136784749795,0.031384742047656865,0.026856832702144562,0.027523104088959482,0.032296504679904685,0.03521558214138203,0.030085827296266875,0.03076257828911834,0.036921837723590145,0.04156033340270055,0.042829820876886415,0.03807187350595711,0.03826866087529786,0.03414387093248609,0.04157692375853853,0.031352934870532166,0.049466736192216046,0.029991943729944397,0.025066263893566323,0.03884379657664812,0.04163917748848291,0.040615318779984096,0.019815877609213658,0.034801107626687845,0.03332400281016679,0.03158499806989675,0.033309422638602065,0.03148782114535345,0.03416597804447973,0.03149257303891979,0.035001723145353464,0.027572866849880865,0.034572525200953136,0.03195504104368547,0.03118912605242257,0.026761555396346302,0.023537269895154887,0.03106857306433677,0.026409040767275606,0.03545641627958698,0.028794907445591735
Hshld,0.02640751028435266,0.018895293493248602,0.018675429884034946,0.016074271901509136,0.016747477019857026,0.022531346135027795,0.025077114814932494,0.029346136784749795,0.03040970617315329,0.027484634144559175,0.022495084441620336,0.02309907940270055,0.0266571019158062,0.03033923378554408,0.02531652994122319,0.026499705540905475,0.031248115205718824,0.035043381607625095,0.036181345467831603,0.03202596955043684,0.03247953103415408,0.028750131393169176,0.035302766125496425,0.026405184123907865,0.040903793356632245,0.025840449035742653,0.02243421456076251,0.03352481313741063,0.03705158267513899,0.03533892116282765,0.01650009288324067,0.02849474021604448,0.02774998159491661,0.025801458919777604,0.028413357912629073,0.026901347904686262,0.02887820043526609,0.02670159620015886,0.028692273931691818,0.0239562138395552,0.028399488076250992,0.027003112441620333,0.026848657601270854,0.023009208819698174,0.018796285200953142,0.025030785073868148,0.022816254452740263,0.02895189958379666,0.024533895888800637
Clths,0.028000083949166015,0.02008310649880857,0.020138356501985713,0.016795795111993642,0.017625978691024616,0.02501782787609214,0.027648475272438442,0.031384742047656865,0.027484634144559175,0.04019908386179508,0.0239344642954726,0.024896293051628285,0.028842792381254954,0.03250916070214456,0.026791186063542492,0.02935363325972994,0.03253526103733121,0.03592163210961081,0.038811579186656085,0.034174396327243846,0.034859567893566326,0.030722746001588558,0.03846310350119142,0.028439553310563942,0.04398776098014296,0.027631131440826056,0.024015030895949165,0.03583840191421764,0.041165913043685456,0.03714059826528992,0.017224428522637017,0.030636800792692608,0.029253445942811755,0.02769488563145354,0.03125121779030978,0.029186939029388393,0.03139017647498015,0.028566236778395555,0.031043082509928523,0.025524029607625103,0.03079574949324861,0.02904928608895949,0.03131313370929309,0.025679522411437644,0.019588820795869738,0.026438777308975377,0.025428548922954736,0.031045563545671145,0.026114374476568704
Hlth ,0.02559577713105639,0.016989185057982515,0.016760003545671164,0.015025779733121523,0.015130524486100085,0.019843797445591737,0.022738446252581417,0.026856832702144562,0.022495084441620336,0.0239344642954726,0.02908776094678316,0.022298464216044478,0.02689051220969023,0.02721317602541699,0.022757033960285934,0.023244322252581422,0.027522846039714055,0.03126428076568704,0.03306636777124701,0.029182446405083398,0.028813843218427327,0.026980496381254954,0.03149221902462271,0.023230464632247812,0.03668571535822081,0.022989501235901502,0.022398051764892776,0.029896539078633835,0.03272880593169182,0.0312734245782367,0.014547475504368548,0.026178122487688638,0.025309272079428118,0.023726546036536934,0.025937216848292304,0.024558173258141375,0.02654604764733915,0.024659570020651316,0.02634196231930103,0.02138848427640985,0.025654318926131847,0.024380533029388394,0.023451793645750597,0.02052170013026212,0.017350248727561555,0.02337510513741064,0.020911323332803815,0.026459631974583002,0.022166847914217636
MedEq,0.025102441995234304,0.017556120406671965,0.018390370687847494,0.015561865397934867,0.016393299088165204,0.02072064255440826,0.023545266185861783,0.027523104088959482,0.02309907940270055,0.024896293051628285,0.022298464216044478,0.026969041423351863,0.029123516034948376,0.028510250249404286,0.023845147342335192,0.024448271567911045,0.028792788130262117,0.03211233802700556,0.03389483448451152,0.030370280330420964,0.0302046336203336,0.027550598042891176,0.03252900547100873,0.02434354262748213,0.037865165229547276,0.02451303318824463,0.02242564826687847,0.03143710875297855,0.03511051157426529,0.03243442520730738,0.015532446227164416,0.02715332505798253,0.025926799580619535,0.024919854106433673,0.027547891761715643,0.02592901182525814,0.02750939961239078,0.02611937739793486,0.027450219888800635,0.021926948829229544,0.026407883393169174,0.02529728280857823,0.024708781254964247,0.021231394579825258,0.017978280565528196,0.023948528635424945,0.021110909534551234,0.02756505209213661,0.023130592991262907
Drugs,0.030340160768864182,0.020653538592533757,0.022158467532962668,0.01828053457029389,0.01863064559809373,0.02503269533280381,0.02818201301985702,0.032296504679904685,0.0266571019158062,0.028842792381254954,0.02689051220969023,0.029123516034948376,0.04458501842096902,0.03364421478633836,0.027264884587768063,0.028694296946783167,0.03384767601588562,0.03787911385544083,0.03775379477680699,0.034372425817315325,0.03496726175694996,0.0331795461350278,0.03791167869102461,0.0283052884765687,0.04404693758220809,0.02924342380937252,0.027004272590945195,0.03665839911040508,0.03902672658300239,0.038058849836378084,0.017462809277204137,0.032428381153296264,0.030808193080222385,0.029248994725972994,0.0331186486036537,0.031676243170770446,0.03335964947418587,0.031154232038125503,0.03143016686258934,0.02511345361715648,0.03095934904527403,0.029564476270055595,0.028899385830023827,0.025311764244638598,0.02061358383478952,0.027424132555996822,0.024829111625099293,0.03199456840031771,0.02795731455440826
Chems,0.032927099399523437,0.023055455857029384,0.023105584203335975,0.019367280104845116,0.02024089145671168,0.026912655021445585,0.0309141503542494,0.03521558214138203,0.03033923378554408,0.03250916070214456,0.02721317602541699,0.028510250249404286,0.03364421478633836,0.044589944787926925,0.03129646922001589,0.03160723938681493,0.03902960598252583,0.04339574660206513,0.047968722853057956,0.041551715323272426,0.041362938138204915,0.03692294893725178,0.044311898058776805,0.03269942633518665,0.05205672914058779,0.03177792909293089,0.03572190446068309,0.0482212715647339,0.054095949645750596,0.049870701121525016,0.019902560206513105,0.035356821283558375,0.03373600467355043,0.03235485364575061,0.03629393712152502,0.0334207554853058,0.036687710440031766,0.033839938179507555,0.03649656095313739,0.030469370764098495,0.03523577596822875,0.033927915116759334,0.03168532012708499,0.027080603456711677,0.02279619885941223,0.030859572981731528,0.028880274557585378,0.036420749585385215,0.030477029366163616
Rubbr,0.0276692167466243,0.01916516441143764,0.018635500978554407,0.016793230200158854,0.01704868915329627,0.022391589445591737,0.0253331033328038,0.030085827296266875,0.02531652994122319,0.026791186063542492,0.022757033960285934,0.023845147342335192,0.027264884587768063,0.03129646922001589,0.03505207119777601,0.026313752293884038,0.03278365672915014,0.03600605738046069,0.03803509014455917,0.03353462645909452,0.033579724849880865,0.02948923653057982,0.03590070779666402,0.027054686915011922,0.04213019235742653,0.02590756879110405,0.0264827147466243,0.035410034797458294,0.03852892387132646,0.03611799027164414,0.01713839900714853,0.029138207089753773,0.028011190559173952,0.026896019706115964,0.029235042355837963,0.02732695088641779,0.02966504042414615,0.02750157735345512,0.030251367879269256,0.02483407438602065,0.02897698456235107,0.02769622182843526,0.02660819715647339,0.02276098256711676,0.019606445602859412,0.02601993952660842,0.02376673337410644,0.030274075367752187,0.025015261288324066
Txtls,0.027338478096902312,0.020203442743447188,0.01990741675297856,0.016499584211278787,0.017948759971405874,0.02450083688006354,0.026237389972994428,0.03076257828911834,0.026499705540905475,0.02935363325972994,0.023244322252581422,0.024448271567911045,0.028694296946783167,0.03160723938681493,0.026313752293884038,0.042884536011119925,0.03332327720571882,0.038013957062748224,0.03782675978713265,0.03425974271008737,0.03377586459571087,0.03057290566481334,0.0368601729912629,0.026971175382049246,0.04316334795710882,0.027483663945988883,0.021864921021445587,0.03483468011914218,0.03875225605559969,0.035996437801429707,0.01662893303415409,0.030052786231930105,0.02829223950277998,0.027357072875297855,0.02980829806671962,0.028089609138999203,0.030342226619539312,0.028125091253375693,0.03104601111993646,0.024975786220810165,0.030005607818903886,0.02802701936616362,0.027890476902303413,0.02382435146306593,0.01981175119459888,0.026188855396346307,0.024805411261318504,0.03019162316759333,0.025804897714058767
BldMt,0.033282016867355046,0.023551594301826843,0.023142098608419388,0.01978593683717236,0.020209582046068313,0.02764764966481334,0.03167534175059571,0.036921837723590145,0.031248115205718824,0.03253526103733121,0.027522846039714055,0.028792788130262117,0.03384767601588562,0.03902960598252583,0.03278365672915014,0.03332327720571882,0.04580491624940427,0.04703677529626688,0.04791518712311358,0.042085763151707686,0.04200574480857823,0.036828478767275616,0.04482289226687847,0.03276759027323271,0.053239750597299434,0.032352984028594114,0.03274578585702937,0.04573059181096108,0.051162343722001596,0.04711983949801429,0.020731574003177128,0.03572079959809373,0.03478663531850675,0.03293666536139792,0.03565410015409056,0.03336004191739476,0.03668662681969816,0.033810134449563135,0.0372328756155679,0.030292945693407465,0.03606094417474187,0.03447275562986496,0.032812591151707704,0.027983447075456705,0.02404358504050834,0.03172455457982526,0.029917232042891182,0.03721188148689435,0.031133665304209683
Cnstr,0.036990276406671956,0.02594369388880064,0.026007359672756157,0.02160309383478951,0.02186685591421764,0.031751808648133435,0.03552100300555996,0.04156033340270055,0.035043381607625095,0.03592163210961081,0.03126428076568704,0.03211233802700556,0.03787911385544083,0.04339574660206513,0.03600605738046069,0.038013957062748224,0.04703677529626688,0.06328278662271647,0.05314691833836378,0.04609703441461477,0.04656917033677522,0.04125127568546464,0.04981725290230342,0.036220852719618744,0.05886848494201746,0.03569469532327243,0.036073953688641774,0.05012984542494045,0.057011853380460685,0.052476422754567105,0.02302189862589357,0.039940222489277186,0.03901761957585384,0.036573471953931694,0.03958927306910245,0.037189055912629075,0.040731909123113585,0.03761315757903096,0.04083533099285146,0.032981291205718834,0.04021107526290707,0.03791368152343128,0.036607482779984116,0.03153093768705322,0.026709302737092943,0.03572405335663224,0.034388804290706905,0.041231049588562343,0.034099141666401905
Steel,0.03961339788403495,0.027309811402700553,0.027294412873709296,0.023073860355837965,0.023163864381254964,0.03199388305639396,0.037321364054011125,0.042829820876886415,0.036181345467831603,0.038811579186656085,0.03306636777124701,0.03389483448451152,0.03775379477680699,0.047968722853057956,0.03803509014455917,0.03782675978713265,0.04791518712311358,0.05314691833836378,0.06654952439078633,0.05013131717871328,0.050713245467831576,0.044059448076251,0.053545704133439224,0.03887731453852263,0.06360126707863382,0.037407616641779176,0.04837305862112788,0.060211103113582215,0.07256022010802225,0.061530788759332794,0.02409510441620333,0.04269287349007148,0.04162575446862589,0.038776930214455906,0.04299314707227958,0.039485608200158846,0.04405598179189833,0.040233322884829226,0.04414557988880064,0.03714987114217631,0.04270369898014296,0.04146131560603656,0.03785008371723591,0.03238469446227165,0.027989267478951547,0.03743371899602859,0.035247445092930894,0.044117939818903884,0.03653878747259729
FabPr,0.03622220557267671,0.02458937221286735,0.024002053667990474,0.020387356765687058,0.02077550152184273,0.028957631332803796,0.032996008565528194,0.03807187350595711,0.03202596955043684,0.034174396327243846,0.029182446405083398,0.030370280330420964,0.034372425817315325,0.041551715323272426,0.03353462645909452,0.03425974271008737,0.042085763151707686,0.04609703441461477,0.05013131717871328,0.07878708852104843,0.04452689511040507,0.039743008775218414,0.046768735586973774,0.03426235064654488,0.057500822011119924,0.033820934068308176,0.03393296389515489,0.046193128069896755,0.055176102633836384,0.05108606929944402,0.02164462503574265,0.037345784768864174,0.03677814193486894,0.034564189992057195,0.03772841148848294,0.03500468513423352,0.03826916385702938,0.035682405712470215,0.03872609070691025,0.03190783123749008,0.037017251704527396,0.03608772184908656,0.03403251545671167,0.02877726675774425,0.024835928273232725,0.03290080477839555,0.029909199612390792,0.03848005864336776,0.03207791098332009
Mach ,0.03509811805242255,0.024640265320095313,0.024532440384432096,0.020226739026211273,0.020969760657664805,0.02887152688165211,0.03321075932644956,0.03826866087529786,0.03247953103415408,0.034859567893566326,0.028813843218427327,0.0302046336203336,0.03496726175694996,0.041362938138204915,0.033579724849880865,0.03377586459571087,0.04200574480857823,0.04656917033677522,0.050713245467831576,0.04452689511040507,0.04659599734868944,0.03893175932009532,0.047431236324066726,0.03491142254328833,0.05673372044956314,0.03394131986973789,0.034839214346306595,0.04823559910246227,0.05552987847339158,0.05190298924861001,0.021532545234312937,0.037816389421763304,0.036063024970611576,0.03466693657664813,0.038783822876886406,0.035623632344718034,0.03957265053057982,0.03619386250675139,0.03907651853852264,0.03193584171882446,0.03783783204765686,0.03629235635742652,0.03408405599682287,0.02929685925655282,0.02478739896584592,0.033107964486100074,0.030387986899126283,0.03907637068784751,0.032390474451151716
ElcEq,0.032134421712470204,0.021575207034154095,0.02247623587609214,0.018459711523431295,0.018765703205718815,0.02662091107863384,0.029176983116759328,0.03414387093248609,0.028750131393169176,0.030722746001588558,0.026980496381254954,0.027550598042891176,0.0331795461350278,0.03692294893725178,0.02948923653057982,0.03057290566481334,0.036828478767275616,0.04125127568546464,0.044059448076251,0.039743008775218414,0.03893175932009532,0.04447030338999204,0.041896798112787924,0.03082219582525815,0.0495108771342335,0.02989243707069102,0.029456457016679902,0.04207277347100875,0.04921973472279587,0.043691052238284366,0.018495303224781566,0.03356451862112789,0.03213832843208896,0.030875488991262905,0.03480378982049246,0.032246513791898336,0.03532035098967434,0.03215313518030183,0.03427157709293089,0.027907133731532963,0.03342523178395551,0.03210371393804606,0.029918052644956318,0.02593383959332804,0.02215085176806991,0.029305173197776008,0.027366767205718828,0.034499840120730735,0.028896981737887212
Autos,0.03795893236536933,0.026656468012708504,0.026416472997617162,0.021790454840349485,0.02289477096743447,0.03130607763621921,0.036036963393169176,0.04157692375853853,0.035302766125496425,0.03846310350119142,0.03149221902462271,0.03252900547100873,0.03791167869102461,0.044311898058776805,0.03590070779666402,0.0368601729912629,0.04482289226687847,0.04981725290230342,0.053545704133439224,0.046768735586973774,0.047431236324066726,0.041896798112787924,0.05705834216997615,0.03777356150277999,0.05973870255440826,0.036063805096108,0.03480467924702144,0.05012059868149325,0.05764752637648929,0.052681567167593334,0.02279487188244638,0.04041909227323273,0.039421654827640984,0.037071562589356614,0.041278657324861,0.038281498627482126,0.04214988237331216,0.03848457948848291,0.04225932400317711,0.03429760443526608,0.041061829553613975,0.03859947590468626,0.03744670303415408,0.03200157590468624,0.026476830300238282,0.035759799307386805,0.03303286230023829,0.04169810218903893,0.03458854605559968
Aero ,0.028131221436060363,0.020101522476568705,0.019514696714853053,0.01744813711993646,0.01817432005401112,0.02294255134551232,0.026535231288324062,0.031352934870532166,0.026405184123907865,0.028439553310563942,0.023230464632247812,0.02434354262748213,0.0283052884765687,0.03269942633518665,0.027054686915011922,0.026971175382049246,0.03276759027323271,0.036220852719618744,0.03887731453852263,0.03426235064654488,0.03491142254328833,0.03082219582525815,0.03777356150277999,0.03586530225734711,0.044504429996822865,0.028968839456711682,0.023377435696584584,0.03528727065131058,0.039234960665607624,0.036967471663224775,0.018096490873709292,0.030351574965845913,0.029719393008737088,0.028105034050834,0.030358060430500395,0.02849444959650517,0.030873899426529,0.028772456501985705,0.031924067990468624,0.026174605976171564,0.03059293679745829,0.028842269590150914,0.02752890883240667,0.023960305896743445,0.020143011610802227,0.02733403800476569,0.024624456001588566,0.03146943143447179,0.025811864665607625
Ships,0.04357253159968228,0.03051147038443209,0.02951752315488483,0.027279898683081807,0.02642498113105639,0.03641069314694201,0.041819014341540894,0.049466736192216046,0.040903793356632245,0.04398776098014296,0.03668571535822081,0.037865165229547276,0.04404693758220809,0.05205672914058779,0.04213019235742653,0.04316334795710882,0.053239750597299434,0.05886848494201746,0.06360126707863382,0.057500822011119924,0.05673372044956314,0.0495108771342335,0.05973870255440826,0.044504429996822865,0.09499568339793484,0.04414496319936456,0.04401175987768071,0.06097519656076253,0.07056616051945987,0.06510694137569499,0.027890962486100068,0.04803669517553613,0.04637573881969816,0.043620679166004754,0.04801076580301826,0.04443504237172358,0.04879625000317711,0.044621907965051624,0.049691304972200145,0.04047023473550436,0.04960256429229547,0.0457120190802224,0.04388286193804607,0.03721484884193802,0.031373536548054005,0.04231158121048451,0.036555331261318505,0.049378630951548846,0.04128995210643367
Guns ,0.027455184800635423,0.019633621353455127,0.02053460936616362,0.017588784123907866,0.017852685483717243,0.023606763583796667,0.02591423102144559,0.029991943729944397,0.025840449035742653,0.027631131440826056,0.022989501235901502,0.02451303318824463,0.02924342380937252,0.03177792909293089,0.02590756879110405,0.027483663945988883,0.032352984028594114,0.03569469532327243,0.037407616641779176,0.033820934068308176,0.03394131986973789,0.02989243707069102,0.036063805096108,0.028968839456711682,0.04414496319936456,0.04565597026846703,0.02461048044162033,0.034635818316123904,0.03755794071803016,0.03593068361556792,0.01687036046068308,0.02984117864654488,0.029386482004765683,0.02737066203335981,0.029597310243050044,0.027951265858617954,0.03065315901826846,0.02846755352501986,0.030797335472597304,0.02484213146306593,0.030134890980142975,0.028027390160444813,0.027402876886417786,0.023097028746624303,0.019556635396346306,0.02645838340270056,0.02390986474027005,0.0306151316664019,0.025662980216044483
Gold ,0.02886157485941223,0.017043729879269262,0.019682832600476576,0.018156135912629073,0.017491530824463856,0.019980396428911834,0.023940227094519463,0.025066263893566323,0.02243421456076251,0.024015030895949165,0.022398051764892776,0.02242564826687847,0.027004272590945195,0.03572190446068309,0.0264827147466243,0.021864921021445587,0.03274578585702937,0.036073953688641774,0.04837305862112788,0.03393296389515489,0.034839214346306595,0.029456457016679902,0.03480467924702144,0.023377435696584584,0.04401175987768071,0.02461048044162033,0.1839819102319301,0.07317729543288326,0.07237292174583003,0.05439848780301825,0.017690387680698968,0.028355718953137408,0.026883480729150113,0.024768493558379658,0.029140784783161237,0.026620115585385226,0.030827388957903098,0.02762551489753773,0.02736820022239873,0.02609590662748212,0.025762627663224784,0.02729171098808579,0.022851137204130262,0.019250257096108017,0.0159839478776807,0.02245089783002382,0.02255040748689436,0.030309187939634632,0.02474666949483717
Mines,0.03802906003177123,0.02531967052422557,0.02623681138999205,0.02255523038125496,0.022156545845909446,0.02964785690230341,0.03461246277998412,0.03884379657664812,0.03352481313741063,0.03583840191421764,0.029896539078633835,0.03143710875297855,0.03665839911040508,0.0482212715647339,0.035410034797458294,0.03483468011914218,0.04573059181096108,0.05012984542494045,0.060211103113582215,0.046193128069896755,0.04823559910246227,0.04207277347100875,0.05012059868149325,0.03528727065131058,0.06097519656076253,0.034635818316123904,0.07317729543288326,0.0861490133042097,0.07970935198570293,0.06484069687053218,0.022748118514694198,0.04023282888800635,0.03838913673550438,0.0360938300158856,0.041605490111199364,0.03757451158856235,0.042202541961874486,0.03783353204130264,0.041011091628276417,0.035128429658459095,0.039511722176330435,0.03883623891183479,0.03481241980937251,0.02978874743447181,0.025054339420174748,0.03387172861000794,0.03231412582208102,0.041614522541699776,0.034278155289912626
Coal ,0.040212955561556775,0.027625660223987287,0.027840025223193007,0.023492876112787924,0.022032125061159653,0.03561055308657665,0.03870159244479747,0.04163917748848291,0.03705158267513899,0.041165913043685456,0.03272880593169182,0.03511051157426529,0.03902672658300239,0.054095949645750596,0.03852892387132646,0.03875225605559969,0.051162343722001596,0.057011853380460685,0.07256022010802225,0.055176102633836384,0.05552987847339158,0.04921973472279587,0.05764752637648929,0.039234960665607624,0.07056616051945987,0.03755794071803016,0.07237292174583003,0.07970935198570293,0.17084037142335187,0.08336241024305005,0.02564358081810961,0.04603579407307386,0.043549995410643354,0.04028108510722796,0.047844334501985705,0.04199375474027007,0.048588367404289116,0.04212518298967433,0.046287516981731516,0.040324939790309766,0.04544495184432089,0.04399166812231929,0.039121283510722804,0.032012669575853865,0.028094732805401104,0.037446244822875285,0.03768050198093726,0.0463629979539317,0.04016620457982526
Oil  ,0.037954688368546464,0.026289418217633045,0.026249099418586195,0.02167056966481334,0.022879974309769662,0.03133779006195393,0.036579715920571895,0.040615318779984096,0.03533892116282765,0.03714059826528992,0.0312734245782367,0.03243442520730738,0.038058849836378084,0.049870701121525016,0.03611799027164414,0.035996437801429707,0.04711983949801429,0.052476422754567105,0.061530788759332794,0.05108606929944402,0.05190298924861001,0.043691052238284366,0.052681567167593334,0.036967471663224775,0.06510694137569499,0.03593068361556792,0.05439848780301825,0.06484069687053218,0.08336241024305005,0.08965192912470214,0.025460664876886415,0.042035493903097694,0.04014620967116758,0.03721240765687052,0.04304157037648926,0.039423530916600474,0.04344827435742652,0.03962194518824463,0.041974911421763315,0.03509191352501984,0.04051439788403495,0.041413152381254974,0.03644523879269261,0.029565821737887202,0.026646051259729946,0.03552528827323273,0.034593794592533755,0.04273513397299443,0.0361682437553614
Util ,0.017606563637807778,0.014015733065925337,0.014012942033359808,0.012096483613979348,0.014706355186656075,0.014409725718824465,0.016506135059571093,0.019815877609213658,0.01650009288324067,0.017224428522637017,0.014547475504368548,0.015532446227164416,0.017462809277204137,0.019902560206513105,0.01713839900714853,0.01662893303415409,0.020731574003177128,0.02302189862589357,0.02409510441620333,0.02164462503574265,0.021532545234312937,0.018495303224781566,0.02279487188244638,0.018096490873709292,0.027890962486100068,0.01687036046068308,0.017690387680698968,0.022748118514694198,0.02564358081810961,0.025460664876886415,0.018845185694996026,0.019473133653693405,0.01825066637807784,0.01737229996028594,0.017417869285146947,0.016807158149324864,0.01823068037331216,0.01736324139793487,0.01999243358220811,0.01744004300238284,0.01899142378077839,0.018115857164416205,0.01726086082605242,0.01541042444797458,0.012896094479745827,0.018219439682287522,0.015802771588562355,0.0197742991262907,0.01676189799046862
Telcm,0.03067212732962669,0.021987662540111193,0.021661069582208103,0.018754974371723587,0.01974522489912629,0.025671907787132645,0.029628596530579816,0.034801107626687845,0.02849474021604448,0.030636800792692608,0.026178122487688638,0.02715332505798253,0.032428381153296264,0.035356821283558375,0.029138207089753773,0.030052786231930105,0.03572079959809373,0.039940222489277186,0.04269287349007148,0.037345784768864174,0.037816389421763304,0.03356451862112789,0.04041909227323273,0.030351574965845913,0.04803669517553613,0.02984117864654488,0.028355718953137408,0.04023282888800635,0.04603579407307386,0.042035493903097694,0.019473133653693405,0.03799877402859412,0.03217069259571088,0.030575427998411436,0.033754014314535334,0.03177133876250993,0.03437879176965845,0.03141181504050835,0.03381814494042891,0.027831418112787925,0.033201890506751396,0.031483216579825266,0.030294779046862584,0.026280233299444008,0.02221603393010327,0.029578005693407464,0.026761005850675132,0.03448302021922162,0.028601780297061157
PerSv,0.030389582471803008,0.02109655944559173,0.020476148400317706,0.01790354003653694,0.018340975863383638,0.024651386192216043,0.02801517373153296,0.03332400281016679,0.02774998159491661,0.029253445942811755,0.025309272079428118,0.025926799580619535,0.030808193080222385,0.03373600467355043,0.028011190559173952,0.02829223950277998,0.03478663531850675,0.03901761957585384,0.04162575446862589,0.03677814193486894,0.036063024970611576,0.03213832843208896,0.039421654827640984,0.029719393008737088,0.04637573881969816,0.029386482004765683,0.026883480729150113,0.03838913673550438,0.043549995410643354,0.04014620967116758,0.01825066637807784,0.03217069259571088,0.042995552042891176,0.029672513224781576,0.032031853294678315,0.03012796049086577,0.03295028661000794,0.030221056698967436,0.03238992629070691,0.025807837232724378,0.032280750732327244,0.03028816632724385,0.029597344733915808,0.025090188114376494,0.021290239938046063,0.028109182741858613,0.0263984481604448,0.03277845171088165,0.027365030822875298
BusSv,0.028500979555202536,0.02014756104050834,0.019699153788721203,0.01685015514694202,0.017635425178713266,0.023198338808578238,0.026671399396346305,0.03158499806989675,0.025801458919777604,0.02769488563145354,0.023726546036536934,0.024919854106433673,0.029248994725972994,0.03235485364575061,0.026896019706115964,0.027357072875297855,0.03293666536139792,0.036573471953931694,0.038776930214455906,0.034564189992057195,0.03466693657664813,0.030875488991262905,0.037071562589356614,0.028105034050834,0.043620679166004754,0.02737066203335981,0.024768493558379658,0.0360938300158856,0.04028108510722796,0.03721240765687052,0.01737229996028594,0.030575427998411436,0.029672513224781576,0.029921437704527386,0.030667564805401108,0.02890229157267673,0.031171436703733124,0.028805613979348693,0.031245846862589362,0.025269947434471796,0.03039859798252581,0.028787011334392376,0.027497763129467834,0.02388963664813344,0.02037912861795075,0.026933928610007946,0.024063289666401907,0.03134474868943607,0.025747230651310564
Hardw,0.029992064295472593,0.021434369291501193,0.02166843603177125,0.017794947366163615,0.017896077226370127,0.025945588708498814,0.029150947253375695,0.033309422638602065,0.028413357912629073,0.03125121779030978,0.025937216848292304,0.027547891761715643,0.0331186486036537,0.03629393712152502,0.029235042355837963,0.02980829806671962,0.03565410015409056,0.03958927306910245,0.04299314707227958,0.03772841148848294,0.038783822876886406,0.03480378982049246,0.041278657324861,0.030358060430500395,0.04801076580301826,0.029597310243050044,0.029140784783161237,0.041605490111199364,0.047844334501985705,0.04304157037648926,0.017417869285146947,0.033754014314535334,0.032031853294678315,0.030667564805401108,0.04272846120889595,0.033764697332803795,0.03721647021286734,0.03280457059253376,0.03415297496425734,0.02752186923272439,0.03290143694042891,0.03163471281493247,0.030210801318506748,0.02612952149642573,0.021414627830023823,0.028380314382843528,0.026898005405877678,0.03442157840826052,0.02865210382366957
Softw,0.028821249966640188,0.02037986549483717,0.020384721432883245,0.01718494368069896,0.01719139128514694,0.02400363747736299,0.02766355545035743,0.03148782114535345,0.026901347904686262,0.029186939029388393,0.024558173258141375,0.02592901182525814,0.031676243170770446,0.0334207554853058,0.02732695088641779,0.028089609138999203,0.03336004191739476,0.037189055912629075,0.039485608200158846,0.03500468513423352,0.035623632344718034,0.032246513791898336,0.038281498627482126,0.02849444959650517,0.04443504237172358,0.027951265858617954,0.026620115585385226,0.03757451158856235,0.04199375474027007,0.039423530916600474,0.016807158149324864,0.03177133876250993,0.03012796049086577,0.02890229157267673,0.033764697332803795,0.03304928332168388,0.03333511799682287,0.030107227177124708,0.031750884543288324,0.02548895536457506,0.03086333962509929,0.02932466544400317,0.028507431882446387,0.024663690805401105,0.02029512489118348,0.026823643596505162,0.025123554889594918,0.03212719813820493,0.026616065030976962
Chips,0.031468832733915805,0.021945261161239082,0.02226062122001588,0.018729400195393174,0.018498235529785554,0.02612378933756949,0.029779031332803824,0.03416597804447973,0.02887820043526609,0.03139017647498015,0.02654604764733915,0.02750939961239078,0.03335964947418587,0.036687710440031766,0.02966504042414615,0.030342226619539312,0.03668662681969816,0.040731909123113585,0.04405598179189833,0.03826916385702938,0.03957265053057982,0.03532035098967434,0.04214988237331216,0.030873899426529,0.04879625000317711,0.03065315901826846,0.030827388957903098,0.042202541961874486,0.048588367404289116,0.04344827435742652,0.01823068037331216,0.03437879176965845,0.03295028661000794,0.031171436703733124,0.03721647021286734,0.03333511799682287,0.039737963798252576,0.03343380678633837,0.03439980285941222,0.027845949639396354,0.033779884521048444,0.03210235716123908,0.030783629944400318,0.026237298233518665,0.022149515474185866,0.029169080787926936,0.027256736913423354,0.03521325952660843,0.028978337939634627
LabEq,0.029041554014297064,0.020407617874503577,0.020172753798252577,0.017682501026211266,0.017551285706115964,0.023686313003971404,0.027367641378872112,0.03149257303891979,0.02670159620015886,0.028566236778395555,0.024659570020651316,0.02611937739793486,0.031154232038125503,0.033839938179507555,0.02750157735345512,0.028125091253375693,0.033810134449563135,0.03761315757903096,0.040233322884829226,0.035682405712470215,0.03619386250675139,0.03215313518030183,0.03848457948848291,0.028772456501985705,0.044621907965051624,0.02846755352501986,0.02762551489753773,0.03783353204130264,0.04212518298967433,0.03962194518824463,0.01736324139793487,0.03141181504050835,0.030221056698967436,0.028805613979348693,0.03280457059253376,0.030107227177124708,0.03343380678633837,0.03371604413661635,0.031858217156473384,0.025813002757744234,0.03072848141699762,0.0295584442827641,0.028122113232724382,0.024385628301826844,0.020629579558379667,0.027293309471008744,0.0247601194980143,0.0322123209912629,0.026800801772835576
Paper,0.031270062652899125,0.022309915710881652,0.023081678506751392,0.018416435361397938,0.020044226687847496,0.026166284606830806,0.029682732867355035,0.035001723145353464,0.028692273931691818,0.031043082509928523,0.02634196231930103,0.027450219888800635,0.03143016686258934,0.03649656095313739,0.030251367879269256,0.03104601111993646,0.0372328756155679,0.04083533099285146,0.04414557988880064,0.03872609070691025,0.03907651853852264,0.03427157709293089,0.04225932400317711,0.031924067990468624,0.049691304972200145,0.030797335472597304,0.02736820022239873,0.041011091628276417,0.046287516981731516,0.041974911421763315,0.01999243358220811,0.03381814494042891,0.03238992629070691,0.031245846862589362,0.03415297496425734,0.031750884543288324,0.03439980285941222,0.031858217156473384,0.04552801563145355,0.030898681334392383,0.03395979021445591,0.032208730484511526,0.030802397490071482,0.026434080571882443,0.022713736489277207,0.03072314401906274,0.027360240190627477,0.035236211532962664,0.02848792060365369
