,Agric,Food ,Soda ,Beer ,Smoke,Toys ,Fun  ,Books,Hshld,Clths,Hlth ,MedEq,Drugs,Chems,Rubbr,Txtls,BldMt,Cnstr,Steel,FabPr,Mach ,ElcEq,Autos,Aero ,Ships,Guns ,Gold ,Mines,Coal ,Oil  ,Util ,Telcm,PerSv,BusSv,Hardw,Softw,Chips,LabEq,Paper,Boxes,Trans,Whlsl,Rtail,Meals,Banks,Insur,RlEst,Fin  ,Other
Agric,0.051520481042096895,0.022487082757744237,0.021523305855440825,0.018639000438443215,0.020409133953931687,0.025419772327243843,0.029577406570293875,0.0359631365528197,0.02926439180301827,0.031254841353455125,0.027027363698173153,0.02696148606195393,0.03219059553931692,0.035653540022239874,0.029924055231135824,0.03035651332803813,0.036235779221604446,0.04049291102144559,0.04269521636854645,0.03983636458141382,0.03851025245432882,0.034465541623510725,0.04149505931056394,0.03125980193804607,0.04754120896584592,0.029986671803018266,0.030301271123113583,0.04094956809531373,0.04651005763939635,0.04205952133439237,0.019728360343129466,0.03327085065607625,0.03206077450675139,0.03046621614614774,0.03276545493884035,0.030937631752184273,0.03398069659729944,0.031097294125496423,0.03505567466878474,0.027854944984908644,0.03367856944241462,0.03141279606671961,0.03064079996187451,0.026057937798252585,0.022501302004765685,0.029244128711675935,0.02744439930738682,0.03438827677839555,0.028687585086576643
Food ,0.022487082757744237,0.02179483541064336,0.01821155103415409,0.014552371590150916,0.01680770174583002,0.019181096703733122,0.02228609129626688,0.026206837299444005,0.021909847323272443,0.023501917604447968,0.019291232991262904,0.01977065202700556,0.023514081647339157,0.02620671205559968,0.022065928463860206,0.023289588967434473,0.026756880675139007,0.029657336279586985,0.03079475169023034,0.02845496004606831,0.028200964162033354,0.024384649574265293,0.030635404735504367,0.0234443623034154,0.034847886130262115,0.022327306417791893,0.01920161549960286,0.02856217931850674,0.0322807576711676,0.030003408840349483,0.015899273170770455,0.024817284301826847,0.023668760575059563,0.0225027398395552,0.024433967893566326,0.022925113579030976,0.025020519766481335,0.022963610932486094,0.025928785478951548,0.020937355715647338,0.02481053364416202,0.023414963215250193,0.02301383053375695,0.020086805431294683,0.016794576262112785,0.0225412266624305,0.02078588642414615,0.02514812061477363,0.021358560583002378
Soda ,0.021523305855440825,0.01821155103415409,0.04407388069261318,0.014564779437648922,0.01719314215091343,0.01958461645750596,0.021834624489277202,0.026535716314535343,0.02180025134233518,0.023894527199364572,0.018789654913423347,0.02077743255917395,0.025153032902303418,0.026212336019062744,0.021414543491660044,0.023437217633042098,0.02661713226370135,0.029771817137410648,0.030854925947577445,0.028388499799841132,0.028674171723590148,0.025626923005559958,0.03056988123272438,0.022953872025417,0.03393134621763304,0.023179055409054804,0.023547176857823666,0.029898554433677515,0.033457906916600486,0.03063494656076251,0.01587852920730739,0.024641752991262904,0.023247809486894356,0.0220779632152502,0.025056794700556,0.023145295326449565,0.02564055836060365,0.023229360845115173,0.026609817480540112,0.0208787306878475,0.024585613636219215,0.023030672222398726,0.022808820327243844,0.020308352762509925,0.016655224165210484,0.02212994825099285,0.020898089474185852,0.024791435030976954,0.021654290789515487
Beer ,0.018639000438443215,0.014552371590150916,0.014564779437648922,0.02882773505321684,0.015007669934868939,0.014975011088165211,0.01758030042255759,0.019715699412231925,0.01765277464654487,0.018537999224781568,0.016013665842732325,0.016738281455123113,0.019518331393169178,0.021057522516282765,0.018745156740270056,0.01859659444003177,0.021765036060365367,0.02375440331691819,0.02509709900555997,0.023147776686258933,0.022338885337569506,0.019698430042891187,0.024228793861795078,0.019604213280381255,0.029583818274821285,0.018919441334392377,0.01911578082922955,0.02462430490230342,0.026389618115965054,0.0239381072279587,0.013515364822875298,0.02017842285623511,0.01904529263224781,0.01806594116600476,0.019409432762509927,0.018415242077839556,0.02030669303891977,0.01906191868467038,0.02019502742494042,0.01745874527084988,0.020031815701350278,0.01895563682922954,0.0180126885401112,0.015966341674344717,0.01343471849404289,0.018632006964257347,0.015620058942017472,0.02057575820810167,0.017242893299444003
Smoke,0.020409133953931687,0.01680770174583002,0.01719314215091343,0.015007669934868939,0.03689731585544082,0.01793848982525814,0.019907413262907066,0.023453790405083396,0.02024468277998412,0.021893170274821284,0.017579865531374105,0.018833987051628278,0.02185150084670373,0.023885494012708498,0.020402144864177917,0.02123816032565528,0.02347090019857029,0.026001982036536943,0.027415098571882447,0.02524513923907863,0.024766608610007942,0.021885946613185072,0.027194485367752184,0.021909935266084198,0.03158520460841938,0.021156625115170774,0.02037941080698967,0.025837905002382845,0.02735266923907863,0.027359184710087373,0.016595252420969025,0.022682392012708504,0.020970548177918977,0.020153403321683874,0.021196090851469417,0.01991014996346306,0.02164486250516283,0.02036352212549642,0.02359300073232724,0.020311129558379663,0.022359943401111994,0.021339528190627483,0.021242590498808576,0.018456615378872113,0.014909295445591742,0.02110659017633042,0.01905278989038919,0.02244646632724385,0.019532407582208096
Toys ,0.025419772327243843,0.019181096703733122,0.01958461645750596,0.014975011088165211,0.01793848982525814,0.04634076301032565,0.02713781413026212,0.03172843812549642,0.026680533232724384,0.02980389718824464,0.022778567815726763,0.023347782009531373,0.028500351429706115,0.031208845742652903,0.02647762481334393,0.029091355067513893,0.03223157189038919,0.037156900015885626,0.0363267889833201,0.034056024598888006,0.03370429108816521,0.030227643868149315,0.03697851549642574,0.027599549308975378,0.04259096545671167,0.026565456219221604,0.022504120452740268,0.03338692274027005,0.0402932002700556,0.03634466345512312,0.016959525154884827,0.029403878919777606,0.02812269453534551,0.026418797053216838,0.02947275749801429,0.027340411104050822,0.03009752083399523,0.027238350961080224,0.031320581564733926,0.023945582549642574,0.02894286453534551,0.02735610989674345,0.028852993145353452,0.024241047966640193,0.019770846743447174,0.025526319269261313,0.026243843463065922,0.02900846496425734,0.025392306775218424
Fun  ,0.029577406570293875,0.02228609129626688,0.021834624489277202,0.01758030042255759,0.019907413262907066,0.02713781413026212,0.03678924030341541,0.03507518338363781,0.029868138856235103,0.032948613839555205,0.025973409448768865,0.026727209961874502,0.03222856561874503,0.035772215153296254,0.029677695262907065,0.031244207013502782,0.036773792605242245,0.041430458884829234,0.042803255391580614,0.038753391690230336,0.038695280413026216,0.0333780734980143,0.04225000953296266,0.03151577675933281,0.048675742333598095,0.029720464861000787,0.02766093267196187,0.039359555235901504,0.04576855770293884,0.042204954034948367,0.01947849954090548,0.033941243825258136,0.0321036166195393,0.030335755661636224,0.03364788566957903,0.03151718983002383,0.0344736571135822,0.031203718700555997,0.035204123429706115,0.027522045945988872,0.03385981790150913,0.0316991931437649,0.03210628676886417,0.027786305574265292,0.022820536198570288,0.02983707330262113,0.028076373096108016,0.03443110749324861,0.029147763918983317
Books,0.0359631365528197,0.026206837299444005,0.026535716314535343,0.019715699412231925,0.023453790405083396,0.03172843812549642,0.03507518338363781,0.06181324549642574,0.034928717045274026,0.03778351037331215,0.031006224432088964,0.03142940988085782,0.03723804292295472,0.041164738490865764,0.03558785369340746,0.03665084921366164,0.042745606640190614,0.04862450656076252,0.049312211215250194,0.04529304816521048,0.0448981161556791,0.03925160470214456,0.04886661982525813,0.0371998981096108,0.057604430722795856,0.03478711072279587,0.030202867037331216,0.04480117842732327,0.050340907609213656,0.04775316273232724,0.0236126133121525,0.04013875145353455,0.03803972384432088,0.036103447180301826,0.03875545928514694,0.03612228235107227,0.03986541490071485,0.0362430107386815,0.041696762160444795,0.031763644765687056,0.03994077032565528,0.03693293239078633,0.037055978395552025,0.031511353518665595,0.027577876822875293,0.03602759418586179,0.031888350818109604,0.04046630729150119,0.03376189188244639
Hshld,0.02926439180301827,0.021909847323272443,0.02180025134233518,0.01765277464654487,0.02024468277998412,0.026680533232724384,0.029868138856235103,0.034928717045274026,0.035384750595710876,0.03294795653693408,0.02590392775218427,0.026263065178713258,0.030784860158856234,0.03525462187450356,0.029895904749801434,0.031615152200158855,0.0363802851310564,0.040834817505957105,0.04177208408260524,0.038321059364575055,0.038048344781572686,0.03308103594916601,0.04160738543288325,0.03149152336775218,0.04789791795075455,0.029528089467831618,0.026349483415409047,0.038552170945194586,0.04389469518665608,0.041170944702144566,0.019541488403494834,0.033094276123907855,0.03175001982525814,0.02951705764892772,0.032964154773629864,0.03071274716441619,0.03362737431294676,0.030731371088165205,0.03437351944400319,0.027546605766481335,0.033009535869737885,0.03114518703733121,0.03194237631453536,0.027084238554408255,0.02229995928514695,0.029152648737092928,0.027583835583796665,0.03312237939634631,0.02869545285146942
Clths,0.031254841353455125,0.023501917604447968,0.023894527199364572,0.018537999224781568,0.021893170274821284,0.02980389718824464,0.032948613839555205,0.03778351037331215,0.03294795653693408,0.0467399498395552,0.02777733197140588,0.028539176158856233,0.033653349490071476,0.03854009122795869,0.03222047046227164,0.035040769086576634,0.03854057598093724,0.04304440215409055,0.04543945281652104,0.04141292220492454,0.04138412546465448,0.03584191130103257,0.0458642217505957,0.03470976495631453,0.05218935140270054,0.03208316444797458,0.027464612142970603,0.041516319606036536,0.048891264222398714,0.04409467135822081,0.020941903529785543,0.03583817139952344,0.03409098949007147,0.032147516104845106,0.03665171419857029,0.033774321709293086,0.03696565375059571,0.03331763714694202,0.03772539435742652,0.02999421622875298,0.03624355553296267,0.03393514040984908,0.037497287707704524,0.030529365286735503,0.023720320927720407,0.03127007855123114,0.031043453674344718,0.036008545709293086,0.031082370268467024
Hlth ,0.027027363698173153,0.019291232991262904,0.018789654913423347,0.016013665842732325,0.017579865531374105,0.022778567815726763,0.025973409448768865,0.031006224432088964,0.02590392775218427,0.02777733197140588,0.03165056213502779,0.02466931146624305,0.02943196644320889,0.03078805132962669,0.02604768988721207,0.026954688991262906,0.03110457639396346,0.03541854491501191,0.036832169010325655,0.03384208955043687,0.03276619755361398,0.030009992336775218,0.036018604397140594,0.026761270913423344,0.04196761657188246,0.025632540333598096,0.024947802789515486,0.0335866837299444,0.03816389094837172,0.03579087075456711,0.016772304381254967,0.0294029167974583,0.028088905188244633,0.026341675666401904,0.029145910583002387,0.027122462627482122,0.029752598131850674,0.027473717515488483,0.030293869407466235,0.023931765502779985,0.02888554578554408,0.02740112205242256,0.026976190830818106,0.023201756238284348,0.019834126760921365,0.02637626651628276,0.024185880241461486,0.029429584425734706,0.025100715037331207
MedEq,0.02696148606195393,0.01977065202700556,0.02077743255917395,0.016738281455123113,0.018833987051628278,0.023347782009531373,0.026727209961874502,0.03142940988085782,0.026263065178713258,0.028539176158856233,0.02466931146624305,0.029303090406671964,0.03165229400635425,0.031972542142970614,0.02719735470691023,0.028138943280381253,0.03241663031771246,0.036210366938840347,0.03782517466084193,0.034787809768069895,0.03404780787926926,0.030584004014297055,0.036918774934074666,0.027893091231135824,0.04247539316759333,0.027269647863383626,0.02536915662748213,0.03494276124066719,0.039698849299444,0.036740244233518654,0.01780886128832406,0.030265011545671173,0.028519775380460684,0.027454274454328836,0.030695676996028595,0.028522127590150912,0.030658902514694202,0.028832088676727558,0.031389871420174735,0.024587845691818905,0.02955412004606831,0.028231102818109612,0.02802012222557585,0.023739818902303415,0.020347319709293085,0.02681436747259729,0.024313243215250198,0.030484399343923746,0.02597835244956315
Drugs,0.03219059553931692,0.023514081647339157,0.025153032902303418,0.019518331393169178,0.02185150084670373,0.028500351429706115,0.03222856561874503,0.03723804292295472,0.030784860158856234,0.033653349490071476,0.02943196644320889,0.03165229400635425,0.04662172203177124,0.03800968202223987,0.031505700644956315,0.032988991143764884,0.03828855468625895,0.04313392193169181,0.043049720862589354,0.04020863212549643,0.03992015050039713,0.036724521825258136,0.043609417898332004,0.03264910403494837,0.05020473549324862,0.032638501810961076,0.0314746772660842,0.04124717824781573,0.04576820063224781,0.04394947220810168,0.020423108859412235,0.03623577616521048,0.03409778022875298,0.032399285024622713,0.036969668980142964,0.03468985081175536,0.037090159795075454,0.03431050591580619,0.03638406527879269,0.028414612169976167,0.03482843813026212,0.03322131403971406,0.03317829599205719,0.02861894661318507,0.023607910689436056,0.030933442808578227,0.029155837979348686,0.03551446778236694,0.0314166780127085
Chems,0.035653540022239874,0.02620671205559968,0.026212336019062744,0.021057522516282765,0.023885494012708498,0.031208845742652903,0.035772215153296254,0.041164738490865764,0.03525462187450356,0.03854009122795869,0.03078805132962669,0.031972542142970614,0.03800968202223987,0.05009192599046862,0.036208703529785544,0.03697269438443209,0.04449840814138203,0.04978898149642573,0.05404227113741064,0.04832861201111993,0.047277572009531366,0.04157567860683081,0.05094399296108023,0.038283253296266875,0.059274143178713254,0.03555091382049246,0.03975961269737888,0.05320807413661636,0.062002016498808564,0.05582059301826846,0.02336425164257347,0.0399739210039714,0.03793226141064336,0.03636988232088958,0.04108924251151708,0.0375384001938046,0.041631726984908635,0.03800435233995233,0.042586684306592536,0.03456707213185067,0.04015146421127879,0.038370912050834,0.037045454565528185,0.031335363385226384,0.0265798054217633,0.035383629159650515,0.03395350896902303,0.04091137512787926,0.034951311362986494
Rubbr,0.029924055231135824,0.022065928463860206,0.021414543491660044,0.018745156740270056,0.020402144864177917,0.02647762481334393,0.029677695262907065,0.03558785369340746,0.029895904749801434,0.03222047046227164,0.02604768988721207,0.02719735470691023,0.031505700644956315,0.036208703529785544,0.040023965216838764,0.031193137696584584,0.037936235679110406,0.04174031171405877,0.0433150059285147,0.03947623804924543,0.03890795205718824,0.0338330214392375,0.042175905334392375,0.03205649404289118,0.04905153110722794,0.0294600729150119,0.03103230852422557,0.0401125028562351,0.04506380983637809,0.04183721753772836,0.02028296433359809,0.03353934863224781,0.03187873136775218,0.0305258228943606,0.0335369840381255,0.031046268568705317,0.03429906996664019,0.031387142074662436,0.035732491011914225,0.028280821420174736,0.03363058264019063,0.031746318430500395,0.03153383934551231,0.026701980956314535,0.022978217499602858,0.03016996167116759,0.028242347564733917,0.034439885617156475,0.029196830017474185
Txtls,0.03035651332803813,0.023289588967434473,0.023437217633042098,0.01859659444003177,0.02123816032565528,0.029091355067513893,0.031244207013502782,0.03665084921366164,0.031615152200158855,0.035040769086576634,0.026954688991262906,0.028138943280381253,0.032988991143764884,0.03697269438443209,0.031193137696584584,0.04908157641779189,0.039079089316918184,0.04445323196187451,0.04417072267672756,0.04094587498808578,0.03985964911834788,0.03524795382843525,0.04358775190627483,0.03251101825258142,0.050492617911040504,0.03136658940428912,0.026791746600476576,0.040331297990468626,0.04565821148530579,0.04271273697378871,0.019920924328832412,0.03489359208895949,0.032722473121525014,0.031311654400317704,0.03463273217633042,0.03217689326449563,0.035335683312152505,0.03244477815726768,0.037022161358220805,0.029047739690230348,0.0349757708101668,0.03259629312152501,0.03329130583796664,0.028041653590150917,0.023464429205718826,0.03065168015885623,0.029712004479745823,0.03476074820492453,0.03031760656870532
BldMt,0.036235779221604446,0.026756880675139007,0.02661713226370135,0.021765036060365367,0.02347090019857029,0.03223157189038919,0.036773792605242245,0.042745606640190614,0.0363802851310564,0.03854057598093724,0.03110457639396346,0.03241663031771246,0.03828855468625895,0.04449840814138203,0.037936235679110406,0.039079089316918184,0.05184282248610009,0.053678605845909444,0.054158435162827645,0.048952012414614755,0.04809128880063543,0.041470883343923744,0.05165507614773629,0.038463428196981723,0.060786084868943595,0.03631694530579825,0.037935025218427315,0.05124562718824463,0.05956413768069897,0.05368880644162032,0.024228095146942016,0.040624336648133454,0.039119661461477356,0.037033339594916594,0.04065283354249404,0.037588420190627476,0.041804606536934075,0.03819389672756156,0.04326816375694996,0.0345956790548054,0.041112420516282756,0.039075768292295456,0.03826628478951549,0.03221637560762511,0.027960058355837966,0.036348714185861795,0.03509927478951549,0.041848807061159655,0.035781230413026215
Cnstr,0.04049291102144559,0.029657336279586985,0.029771817137410648,0.02375440331691819,0.026001982036536943,0.037156900015885626,0.041430458884829234,0.04862450656076252,0.040834817505957105,0.04304440215409055,0.03541854491501191,0.036210366938840347,0.04313392193169181,0.04978898149642573,0.04174031171405877,0.04445323196187451,0.053678605845909444,0.0714265183542494,0.060076945785544074,0.05381482623034154,0.05376592873709294,0.046729442376489266,0.057806509178713245,0.04278951212073074,0.06776559007466243,0.040631810420969035,0.04109975230500397,0.056468748034948384,0.06645926810484509,0.05999333245432883,0.027059874262112784,0.045626644073073874,0.04395184240826053,0.041248432076250986,0.04548912637331214,0.04206135476409848,0.04676154097537728,0.04268766852422558,0.04797328217950754,0.03759139600317712,0.046166644244638615,0.043206318398729154,0.043077936883240665,0.03658249838284353,0.03125539287688642,0.04096142089277203,0.040460835475774413,0.046647162344718024,0.03930796936616362
Steel,0.04269521636854645,0.03079475169023034,0.030854925947577445,0.02509709900555997,0.027415098571882447,0.0363267889833201,0.042803255391580614,0.049312211215250194,0.04177208408260524,0.04543945281652104,0.036832169010325655,0.03782517466084193,0.043049720862589354,0.05404227113741064,0.0433150059285147,0.04417072267672756,0.054158435162827645,0.060076945785544074,0.07238863684034949,0.057596017618745034,0.05721094859412231,0.049169521990468625,0.06083828647974584,0.04519772468625894,0.07136719765051629,0.04164631200953137,0.05159079514376488,0.06518166103097697,0.0807212826783161,0.06731685698967434,0.027805950943606033,0.04769408364098491,0.04593691011596505,0.043095239667990455,0.04837373361556791,0.044104135189833193,0.04974716204447974,0.04493655475456712,0.05091903666560762,0.0416442828228753,0.04806273552184274,0.04616290626846703,0.04401213601111993,0.03693440568864177,0.03220659241143765,0.0425024538776807,0.041054493718824456,0.04913153168069897,0.041380671982525805
FabPr,0.03983636458141382,0.02845496004606831,0.028388499799841132,0.023147776686258933,0.02524513923907863,0.034056024598888006,0.038753391690230336,0.04529304816521048,0.038321059364575055,0.04141292220492454,0.03384208955043687,0.034787809768069895,0.04020863212549643,0.04832861201111993,0.03947623804924543,0.04094587498808578,0.048952012414614755,0.05381482623034154,0.057596017618745034,0.08526933580778395,0.05171341499602859,0.045398410282764104,0.05489922198411438,0.0413573058776807,0.06670573216997618,0.038818633534551235,0.03879103279269261,0.05298948117394757,0.06437081230500398,0.0585926825655282,0.02580946586020651,0.043238108390786324,0.0421843579952343,0.039555850247815716,0.0441367545528197,0.04017291612708498,0.04476255238602066,0.04126171688324068,0.046181648643367754,0.03689121111517077,0.04317163693566322,0.0415642174678316,0.04055907882287529,0.033823436856235116,0.029245987582208102,0.038575115513899916,0.03571880352025416,0.044154209615567916,0.03765931805083399
Mach ,0.03851025245432882,0.028200964162033354,0.028674171723590148,0.022338885337569506,0.024766608610007942,0.03370429108816521,0.038695280413026216,0.0448981161556791,0.038048344781572686,0.04138412546465448,0.03276619755361398,0.03404780787926926,0.03992015050039713,0.047277572009531366,0.03890795205718824,0.03985964911834788,0.04809128880063543,0.05376592873709294,0.05721094859412231,0.05171341499602859,0.05311092899126291,0.04401212152501986,0.05472484,0.041155786084193804,0.06456594665607625,0.03826067542494043,0.03886979606036537,0.05360307399523432,0.06361971485305795,0.05806569467831614,0.025273826878474983,0.0429855000794281,0.0409730714853058,0.03907190474980141,0.04418487132644957,0.04023537658459094,0.04520923971405877,0.04094153016679906,0.04583105884034948,0.03646940902303415,0.04326029416997616,0.041266166004765674,0.040144380397140585,0.03398287355043685,0.028934106814932487,0.03817527154884829,0.03589865019857028,0.044097342239872925,0.037270593296266884
ElcEq,0.034465541623510725,0.024384649574265293,0.025626923005559958,0.019698430042891187,0.021885946613185072,0.030227643868149315,0.0333780734980143,0.03925160470214456,0.03308103594916601,0.03584191130103257,0.030009992336775218,0.030584004014297055,0.036724521825258136,0.04157567860683081,0.0338330214392375,0.03524795382843525,0.041470883343923744,0.046729442376489266,0.049169521990468625,0.045398410282764104,0.04401212152501986,0.04846964864019063,0.04763748863701352,0.03563263248610006,0.0556841129197776,0.03325576055599681,0.03294904582843527,0.04658610906592534,0.055742624270055594,0.048993219610802205,0.02150682966957903,0.03757677073232725,0.03581951039555203,0.03435187684352661,0.039052440115965044,0.03573275565687054,0.03967928851628275,0.0359524030087371,0.039621442196981736,0.0314088398268467,0.03759103195075456,0.035934244301826845,0.03456068812867356,0.02939031523907864,0.025379541173947584,0.03325121259412232,0.03174106832088959,0.03843499208737094,0.032703982111199355
Autos,0.04149505931056394,0.030635404735504367,0.03056988123272438,0.024228793861795078,0.027194485367752184,0.03697851549642574,0.04225000953296266,0.04886661982525813,0.04160738543288325,0.0458642217505957,0.036018604397140594,0.036918774934074666,0.043609417898332004,0.05094399296108023,0.042175905334392375,0.04358775190627483,0.05165507614773629,0.057806509178713245,0.06083828647974584,0.05489922198411438,0.05472484,0.04763748863701352,0.06561923096266879,0.04464924643367753,0.069160614025417,0.04091971658459093,0.03980100436378078,0.05634953062907067,0.06708328786973788,0.060143317545671156,0.026863604592533757,0.04636657834471802,0.044800011980937256,0.04205384530420969,0.047293066749801424,0.04349338531850676,0.0485271731262907,0.04390621204447974,0.04968328411278793,0.03913332138681494,0.04728189048292294,0.04427136162668784,0.04433838778554408,0.03742502606671962,0.031172927795075456,0.04141571584432089,0.03930743292136615,0.04730669893089754,0.04026280809690231
Aero ,0.03125980193804607,0.0234443623034154,0.022953872025417,0.019604213280381255,0.021909935266084198,0.027599549308975378,0.03151577675933281,0.0371998981096108,0.03149152336775218,0.03470976495631453,0.026761270913423344,0.027893091231135824,0.03264910403494837,0.038283253296266875,0.03205649404289118,0.03251101825258142,0.038463428196981723,0.04278951212073074,0.04519772468625894,0.0413573058776807,0.041155786084193804,0.03563263248610006,0.04464924643367753,0.04166820457505957,0.05200804227164416,0.03338812136616362,0.027886411167593328,0.04089819512311359,0.04764221938046069,0.04347233361397933,0.021535380285941225,0.03517160158856235,0.034176719428117563,0.03224669342335186,0.03541705558379666,0.032754055758538514,0.036129133105639394,0.03330769801429705,0.03790436573471008,0.03038895750595711,0.035646095170770456,0.03334163609213662,0.03302100681493248,0.028322108959491662,0.023926497712470213,0.031815256489277216,0.029447988657664802,0.03606497809372519,0.03035449863383638
Ships,0.04754120896584592,0.034847886130262115,0.03393134621763304,0.029583818274821285,0.03158520460841938,0.04259096545671167,0.048675742333598095,0.057604430722795856,0.04789791795075455,0.05218935140270054,0.04196761657188246,0.04247539316759333,0.05020473549324862,0.059274143178713254,0.04905153110722794,0.050492617911040504,0.060786084868943595,0.06776559007466243,0.07136719765051629,0.06670573216997618,0.06456594665607625,0.0556841129197776,0.069160614025417,0.05200804227164416,0.10455231709451947,0.04936740671961874,0.04803497415885623,0.06738724573312152,0.08014043978713267,0.07260614259729944,0.03228326107863383,0.054428129741064354,0.051830478598888,0.04921827803177124,0.05465438707069102,0.050198514474980145,0.05563905534074661,0.05055305963145353,0.057876181113582205,0.045716295864972195,0.05605230106592532,0.051794125966640174,0.05139898025258141,0.04337134146306594,0.03659767782843527,0.0483814660460683,0.04360140431453535,0.05532144140270056,0.04728903892454329
Guns ,0.029986671803018266,0.022327306417791893,0.023179055409054804,0.018919441334392377,0.021156625115170774,0.026565456219221604,0.029720464861000787,0.03478711072279587,0.029528089467831618,0.03208316444797458,0.025632540333598096,0.027269647863383626,0.032638501810961076,0.03555091382049246,0.0294600729150119,0.03136658940428912,0.03631694530579825,0.040631810420969035,0.04164631200953137,0.038818633534551235,0.03826067542494043,0.03325576055599681,0.04091971658459093,0.03338812136616362,0.04936740671961874,0.05068872142970612,0.028401766560762508,0.0383659303415409,0.04321840079428118,0.040441217013502784,0.01965653399523431,0.03340713369340746,0.032372195456711675,0.030405837664813345,0.03326098365369341,0.031057152915011908,0.03439222536934076,0.0315812191262907,0.03511918289118348,0.02754175496425734,0.03417490003177124,0.031224581795075448,0.03134126034948372,0.026075682462271647,0.02220881018268467,0.029871561016679895,0.02790596177918982,0.03396624681493249,0.028965571358220796
Gold ,0.030301271123113583,0.01920161549960286,0.023547176857823666,0.01911578082922955,0.02037941080698967,0.022504120452740268,0.02766093267196187,0.030202867037331216,0.026349483415409047,0.027464612142970603,0.024947802789515486,0.02536915662748213,0.0314746772660842,0.03975961269737888,0.03103230852422557,0.026791746600476576,0.037935025218427315,0.04109975230500397,0.05159079514376488,0.03879103279269261,0.03886979606036537,0.03294904582843527,0.03980100436378078,0.027886411167593328,0.04803497415885623,0.028401766560762508,0.1783461446528991,0.07531036868467038,0.07269855065607625,0.056442303661636224,0.019807171162827642,0.031770914370135024,0.029742313540905476,0.027968982784749807,0.03324801782843526,0.029429942598888013,0.03456900967593329,0.031343460006354254,0.03283860869420174,0.02886156308339952,0.02910924683558379,0.030621144063542487,0.027125045602859423,0.022172298956314538,0.019540633644162034,0.0261368688610008,0.027089835787132647,0.0339831184892772,0.02848547883876092
Mines,0.04094956809531373,0.02856217931850674,0.029898554433677515,0.02462430490230342,0.025837905002382845,0.03338692274027005,0.039359555235901504,0.04480117842732327,0.038552170945194586,0.041516319606036536,0.0335866837299444,0.03494276124066719,0.04124717824781573,0.05320807413661636,0.0401125028562351,0.040331297990468626,0.05124562718824463,0.056468748034948384,0.06518166103097697,0.05298948117394757,0.05360307399523432,0.04658610906592534,0.05634953062907067,0.04089819512311359,0.06738724573312152,0.0383659303415409,0.07531036868467038,0.08941297717394756,0.08540198280222398,0.06925387643367752,0.026409757539316916,0.044649990830818095,0.04248445538046068,0.04007551462907069,0.04613378411278793,0.04159575268943606,0.046874291887212066,0.0421437192406672,0.0472417280841938,0.039014756144559175,0.04391204085623511,0.043028554700556,0.040366717666401895,0.033950278616362184,0.029057270988085783,0.038745583548848286,0.037749680324066726,0.04626389159173946,0.038744217151707706
Coal ,0.04651005763939635,0.0322807576711676,0.033457906916600486,0.026389618115965054,0.02735266923907863,0.0402932002700556,0.04576855770293884,0.050340907609213656,0.04389469518665608,0.048891264222398714,0.03816389094837172,0.039698849299444,0.04576820063224781,0.062002016498808564,0.04506380983637809,0.04565821148530579,0.05956413768069897,0.06645926810484509,0.0807212826783161,0.06437081230500398,0.06361971485305795,0.055742624270055594,0.06708328786973788,0.04764221938046069,0.08014043978713267,0.04321840079428118,0.07269855065607625,0.08540198280222398,0.1679400657601271,0.08893783426528988,0.030317723771247026,0.05231732224305004,0.05017684922637012,0.046340847729944394,0.054290085982525806,0.04779819277521842,0.055432793934868926,0.048128054913423354,0.05497860522001588,0.04643361385544083,0.05250040534710087,0.05031937518030182,0.04686830775853852,0.03853980814297062,0.03406345499285147,0.04459895290865767,0.046005507825258134,0.05347581318189038,0.0457896606163622
Oil  ,0.04205952133439237,0.030003408840349483,0.03063494656076251,0.0239381072279587,0.027359184710087373,0.03634466345512312,0.042204954034948367,0.04775316273232724,0.041170944702144566,0.04409467135822081,0.03579087075456711,0.036740244233518654,0.04394947220810168,0.05582059301826846,0.04183721753772836,0.04271273697378871,0.05368880644162032,0.05999333245432883,0.06731685698967434,0.0585926825655282,0.05806569467831614,0.048993219610802205,0.060143317545671156,0.04347233361397933,0.07260614259729944,0.040441217013502784,0.056442303661636224,0.06925387643367752,0.08893783426528988,0.09218457098490865,0.029721577339158048,0.047343085814138194,0.045176339745830026,0.04222833301826848,0.04872368872915012,0.044282218697378875,0.0494156419618745,0.04470545374106434,0.04946920909451946,0.040268123375694985,0.046359455655281975,0.0464021435107228,0.04305749756155679,0.03481135524225576,0.03126355208101668,0.041266983288324066,0.040505064749801444,0.04824899536934074,0.04133123686258935
Util ,0.019728360343129466,0.015899273170770455,0.01587852920730739,0.013515364822875298,0.016595252420969025,0.016959525154884827,0.01947849954090548,0.0236126133121525,0.019541488403494834,0.020941903529785543,0.016772304381254967,0.01780886128832406,0.020423108859412235,0.02336425164257347,0.02028296433359809,0.019920924328832412,0.024228095146942016,0.027059874262112784,0.027805950943606033,0.02580946586020651,0.025273826878474983,0.02150682966957903,0.026863604592533757,0.021535380285941225,0.03228326107863383,0.01965653399523431,0.019807171162827642,0.026409757539316916,0.030317723771247026,0.029721577339158048,0.020552528373312156,0.022361437629864978,0.020899161178713266,0.019916031102462275,0.02065960323907863,0.019607281362986503,0.021611388567116765,0.020144591170770453,0.02350869570929309,0.020039037955520256,0.022058831166004763,0.020956210141382048,0.020490087674344716,0.01773246196822876,0.015342569828435265,0.021070182023828436,0.018679355399523433,0.022671189193010324,0.019502590432088962
Telcm,0.03327085065607625,0.024817284301826847,0.024641752991262904,0.02017842285623511,0.022682392012708504,0.029403878919777606,0.033941243825258136,0.04013875145353455,0.033094276123907855,0.03583817139952344,0.0294029167974583,0.030265011545671173,0.03623577616521048,0.0399739210039714,0.03353934863224781,0.03489359208895949,0.040624336648133454,0.045626644073073874,0.04769408364098491,0.043238108390786324,0.0429855000794281,0.03757677073232725,0.04636657834471802,0.03517160158856235,0.054428129741064354,0.03340713369340746,0.031770914370135024,0.044649990830818095,0.05231732224305004,0.047343085814138194,0.022361437629864978,0.04201001211119935,0.035853958468625886,0.03406394629388403,0.03799496881969818,0.035434835145353456,0.038805370363780775,0.03511964282128674,0.03918415277521843,0.031207242929308963,0.03762759159968228,0.03540492433995234,0.03514963391262906,0.030041921353455122,0.0254396778014297,0.03341369835107227,0.031200811011914218,0.03840544720571882,0.03243738976330421
PerSv,0.03206077450675139,0.023668760575059563,0.023247809486894356,0.01904529263224781,0.020970548177918977,0.02812269453534551,0.0321036166195393,0.03803972384432088,0.03175001982525814,0.03409098949007147,0.028088905188244633,0.028519775380460684,0.03409778022875298,0.03793226141064336,0.03187873136775218,0.032722473121525014,0.039119661461477356,0.04395184240826053,0.04593691011596505,0.0421843579952343,0.0409730714853058,0.03581951039555203,0.044800011980937256,0.034176719428117563,0.051830478598888,0.032372195456711675,0.029742313540905476,0.04248445538046068,0.05017684922637012,0.045176339745830026,0.020899161178713266,0.035853958468625886,0.045987046487688636,0.032727692832406674,0.03585979329308975,0.033536357674344715,0.03693424588721207,0.03367276810802223,0.03732432234789515,0.02906593659412232,0.035933318853057984,0.03384529259412233,0.0339197896457506,0.02844027097378872,0.024375708552819696,0.03163023982208102,0.030278986033359805,0.036347034716441615,0.030864776829229546
BusSv,0.03046621614614774,0.0225027398395552,0.0220779632152502,0.01806594116600476,0.020153403321683874,0.026418797053216838,0.030335755661636224,0.036103447180301826,0.02951705764892772,0.032147516104845106,0.026341675666401904,0.027454274454328836,0.032399285024622713,0.03636988232088958,0.0305258228943606,0.031311654400317704,0.037033339594916594,0.041248432076250986,0.043095239667990455,0.039555850247815716,0.03907190474980141,0.03435187684352661,0.04205384530420969,0.03224669342335186,0.04921827803177124,0.030405837664813345,0.027968982784749807,0.04007551462907069,0.046340847729944394,0.04222833301826848,0.019916031102462275,0.03406394629388403,0.032727692832406674,0.03287596023987293,0.034328180128673544,0.03198219082128674,0.034931004745035736,0.03197095081493248,0.03562785769817314,0.02819000015409054,0.034059500065131046,0.03208509295631454,0.031478865415409056,0.026998749358220813,0.023193932173153294,0.030199261439237485,0.027904341534551232,0.03467214642255759,0.029024465691818907
Hardw,0.03276545493884035,0.024433967893566326,0.025056794700556,0.019409432762509927,0.021196090851469417,0.02947275749801429,0.03364788566957903,0.03875545928514694,0.032964154773629864,0.03665171419857029,0.029145910583002387,0.030695676996028595,0.036969668980142964,0.04108924251151708,0.0335369840381255,0.03463273217633042,0.04065283354249404,0.04548912637331214,0.04837373361556791,0.0441367545528197,0.04418487132644957,0.039052440115965044,0.047293066749801424,0.03541705558379666,0.05465438707069102,0.03326098365369341,0.03324801782843526,0.04613378411278793,0.054290085982525806,0.04872368872915012,0.02065960323907863,0.03799496881969818,0.03585979329308975,0.034328180128673544,0.04712253371088166,0.037522964927720406,0.04174763543606037,0.03674902960762509,0.03963708629229547,0.031340118247815726,0.03736445371088164,0.03574624930262112,0.03510156390627481,0.03002928788085782,0.024787432856235112,0.03241585664177918,0.03117686410802224,0.038521312649722,0.03255204802700556
Softw,0.030937631752184273,0.022925113579030976,0.023145295326449565,0.018415242077839556,0.01991014996346306,0.027340411104050822,0.03151718983002383,0.03612228235107227,0.03071274716441619,0.033774321709293086,0.027122462627482122,0.028522127590150912,0.03468985081175536,0.0375384001938046,0.031046268568705317,0.03217689326449563,0.037588420190627476,0.04206135476409848,0.044104135189833193,0.04017291612708498,0.04023537658459094,0.03573275565687054,0.04349338531850676,0.032754055758538514,0.050198514474980145,0.031057152915011908,0.029429942598888013,0.04159575268943606,0.04779819277521842,0.044282218697378875,0.019607281362986503,0.035434835145353456,0.033536357674344715,0.03198219082128674,0.037522964927720406,0.03625854659888801,0.037177863977760135,0.033327468460683074,0.03652977198093725,0.028640966630659258,0.03463573754090548,0.03274430445115171,0.032706065572676725,0.0279229918061954,0.023160641185067513,0.03025519102779984,0.029010439478951544,0.03559378587132644,0.029937345744241454
Chips,0.03398069659729944,0.025020519766481335,0.02564055836060365,0.02030669303891977,0.02164486250516283,0.03009752083399523,0.0344736571135822,0.03986541490071485,0.03362737431294676,0.03696565375059571,0.029752598131850674,0.030658902514694202,0.037090159795075454,0.041631726984908635,0.03429906996664019,0.035335683312152505,0.041804606536934075,0.04676154097537728,0.04974716204447974,0.04476255238602066,0.04520923971405877,0.03967928851628275,0.0485271731262907,0.036129133105639394,0.05563905534074661,0.03439222536934076,0.03456900967593329,0.046874291887212066,0.055432793934868926,0.0494156419618745,0.021611388567116765,0.038805370363780775,0.03693424588721207,0.034931004745035736,0.04174763543606037,0.037177863977760135,0.0444415261938046,0.03742108969976172,0.040223332926131845,0.031708408465448756,0.03842614148848292,0.03639026483240665,0.0359770297426529,0.030313624586179505,0.025691349469420165,0.03342618854964256,0.03200518063860207,0.039471969247021454,0.03305436168546466
LabEq,0.031097294125496423,0.022963610932486094,0.023229360845115173,0.01906191868467038,0.02036352212549642,0.027238350961080224,0.031203718700555997,0.0362430107386815,0.030731371088165205,0.03331763714694202,0.027473717515488483,0.028832088676727558,0.03431050591580619,0.03800435233995233,0.031387142074662436,0.03244477815726768,0.03819389672756156,0.04268766852422558,0.04493655475456712,0.04126171688324068,0.04094153016679906,0.0359524030087371,0.04390621204447974,0.03330769801429705,0.05055305963145353,0.0315812191262907,0.031343460006354254,0.0421437192406672,0.048128054913423354,0.04470545374106434,0.020144591170770453,0.03511964282128674,0.03367276810802223,0.03197095081493248,0.03674902960762509,0.033327468460683074,0.03742108969976172,0.037022886932486086,0.0366300075901509,0.02901053376648133,0.03459139297537728,0.033139615104050835,0.0324010102652899,0.027728347669579028,0.0235536018014297,0.030787742316123908,0.028749612530579824,0.03583814454964257,0.030238501499602857
Paper,0.03505567466878474,0.025928785478951548,0.026609817480540112,0.02019502742494042,0.02359300073232724,0.031320581564733926,0.035204123429706115,0.041696762160444795,0.03437351944400319,0.03772539435742652,0.030293869407466235,0.031389871420174735,0.03638406527879269,0.042586684306592536,0.035732491011914225,0.037022161358220805,0.04326816375694996,0.04797328217950754,0.05091903666560762,0.046181648643367754,0.04583105884034948,0.039621442196981736,0.04968328411278793,0.03790436573471008,0.057876181113582205,0.03511918289118348,0.03283860869420174,0.0472417280841938,0.05497860522001588,0.04946920909451946,0.02350869570929309,0.03918415277521843,0.03732432234789515,0.03562785769817314,0.03963708629229547,0.03652977198093725,0.040223332926131845,0.0366300075901509,0.05229959010484511,0.03537796627005559,0.03956581398093725,0.037257790907069106,0.0368502976791104,0.03116785930262112,0.026675220004765684,0.0355907300969023,0.03274482483876092,0.04026356384908657,0.033467218368546464
