,Agric,Food ,Soda ,Beer ,Smoke,Toys ,Fun  ,Books,Hshld,Clths,Hlth ,MedEq,Drugs,Chems,Rubbr,Txtls,BldMt,Cnstr,Steel,FabPr,Mach ,ElcEq,Autos,Aero ,Ships,Guns ,Gold ,Mines,Coal ,Oil  ,Util ,Telcm,PerSv,BusSv,Hardw,Softw,Chips,LabEq,Paper,Boxes,Trans,Whlsl,Rtail,Meals,Banks,Insur,RlEst,Fin  ,Other
Agric,0.06166685501985703,0.02150567335186656,0.01973224665607625,0.018417644392374904,0.01772541150119142,0.024876566020651306,0.027217515845909448,0.03231822459888799,0.02653010521048451,0.026661666767275615,0.02751031758538523,0.026215870389197777,0.033348993312152506,0.03423936231135821,0.027134308451151706,0.027736262406671958,0.03291593247021445,0.037461475115170756,0.040656900309769636,0.034194841048451156,0.03544491502779984,0.032840570516282766,0.038292200921366155,0.027839395043685468,0.04389144226370134,0.02806768451151707,0.030449408482922956,0.039892210341540904,0.047320961747418594,0.04426022830818111,0.018022138498808574,0.03111882648133439,0.031255210293884034,0.02891973888800635,0.030517459062748203,0.029861793121525017,0.03224048790309769,0.029517330309769663,0.03127231122319302,0.026859106965845914,0.033034129920571885,0.029750299205718818,0.028723369038919772,0.02531674687053216,0.02065569440826052,0.0271707054090548,0.024707790500397144,0.03271816644162033,0.02703046975377283
Food ,0.02150567335186656,0.02138562359173948,0.016288059523431295,0.015029091877680697,0.015542671847498012,0.018082712174741857,0.019924872471803013,0.02331383004447974,0.01960057573629865,0.020722825636219223,0.01787637270849881,0.01800512089277205,0.022254006440031768,0.024360044884829228,0.01956134450516283,0.020680128122319296,0.02389310679904686,0.027089401297855434,0.028017207232724384,0.0240712473709293,0.024944876857823668,0.022411114433677524,0.027137988270055598,0.020402880279586966,0.030784066104845118,0.021181691590150906,0.016646000495631454,0.02621815049722001,0.02993709803335981,0.029412728660841936,0.015234644659253374,0.022573691694996022,0.022052794764098493,0.020858479164416206,0.02193655838602065,0.021109460057188247,0.02241641561080223,0.021200476571882444,0.02313598304527403,0.02005718080222398,0.02285423522319301,0.021486547790309764,0.021029907930103262,0.01870037579507545,0.015007123237490066,0.020352126066719618,0.01862698672597299,0.023234913955520256,0.019450021880857822
Soda ,0.01973224665607625,0.016288059523431295,0.03814466538522637,0.015440111596505162,0.015159899539316917,0.01722284524225576,0.018678811072279596,0.022717596934074658,0.01814881629864972,0.019085552247815725,0.016724467609213662,0.017832665194598897,0.022730872978554407,0.02263748557585386,0.01765705410643368,0.01911347086576648,0.02186840619539317,0.025032581588562353,0.025654973169181892,0.021146408991262904,0.02255345629864972,0.02144820508339952,0.0249545508816521,0.01838360451151708,0.02662206775218428,0.020505228467037326,0.01582268737092931,0.024028837331215244,0.02608947456711675,0.025176611945988876,0.013802106481334392,0.021112821540905477,0.020413257918983317,0.019338758538522637,0.020590778268467037,0.020178695186656073,0.021317145464654488,0.019609024654487692,0.02214625647339158,0.01849649285146942,0.021037766465448773,0.019315375154884823,0.01957088098490866,0.018243020127084987,0.01437324578236696,0.019474556711675937,0.017298126735504366,0.021362061969817315,0.018355579030976964
Beer ,0.018417644392374904,0.015029091877680697,0.015440111596505162,0.03132682722637013,0.014682770223987293,0.016104380775218426,0.017835708319301032,0.01995161078792692,0.018349703037331216,0.018481948667196185,0.017154232915011912,0.016972349347100877,0.021530884953137413,0.021599871175536137,0.01820683612708499,0.01865131321842732,0.02133401167593328,0.024509059569499603,0.024800889675933278,0.021405936806989673,0.021678527297855438,0.020632952584590938,0.023391588231930105,0.018233305690230336,0.028143425720413014,0.02006842210007943,0.015518886455917391,0.024316359691818903,0.02621425360444797,0.026657417353455126,0.013586361669579028,0.020536855558379672,0.019918399123113585,0.01878442779666402,0.019351055485305798,0.01916239206036537,0.02044977675774424,0.01961210397776013,0.020687089355043688,0.018367961723590148,0.0207998142827641,0.019226277677521844,0.0187644936203336,0.016867929310563936,0.013773920772041297,0.018561004627482124,0.016418573197776006,0.021198772684670374,0.01733972650992851
Smoke,0.01772541150119142,0.015542671847498012,0.015159899539316917,0.014682770223987293,0.03036994062589356,0.015279485229547253,0.016433554198570288,0.018643946058776808,0.015895589528196988,0.016782003437648928,0.01406815698173153,0.015060061057982532,0.01717040738999205,0.019430925623510727,0.015598173960285943,0.017041731539316915,0.01896839253375695,0.021023192241461482,0.020949847726767272,0.018120870945194607,0.019395923774424145,0.017984200934074657,0.021408065874503578,0.016927120902303413,0.024337697734710086,0.017730741998411435,0.014693044092136618,0.020463503135822077,0.021451955069102465,0.02242685749960286,0.015327802865766479,0.01883781050992851,0.017242867151707707,0.016729658160444798,0.016702079923749003,0.016213460505162827,0.01767943097061159,0.01706575980301826,0.019073338833995233,0.017851676473391583,0.018103231904686257,0.01731879226687848,0.017404246125496417,0.01572789728991263,0.012134040546465446,0.017655345150119135,0.014766007104050832,0.018607806862589362,0.015962249741064336
Toys ,0.024876566020651306,0.018082712174741857,0.01722284524225576,0.016104380775218426,0.015279485229547253,0.04300078417156473,0.02373217762351073,0.02716875571405878,0.024009713175536126,0.025305352044479746,0.022347053312152504,0.022637215072279587,0.029655353988880057,0.029955108260524225,0.023217682389197775,0.02578799917712471,0.029054320349483707,0.0336569395361398,0.03567863962192216,0.030792652359015092,0.030838975517077056,0.029068343517077044,0.033316110792692616,0.024060245534551234,0.038337465706115965,0.025416629776012698,0.020912267272438445,0.03358125253693408,0.04307595159332804,0.038242593849086584,0.015378809947577442,0.02727815426211279,0.025976537658459094,0.024767563361397935,0.027930691653693406,0.026079538147736295,0.028298543571088165,0.025675801347100867,0.027485298169976167,0.023207203224781557,0.0273237192406672,0.02582886931850675,0.025840028479745827,0.022012248359015097,0.017594447358220813,0.022754844171564727,0.023021720279586974,0.0271461016203336,0.023463152527402695
Fun  ,0.027217515845909448,0.019924872471803013,0.018678811072279596,0.017835708319301032,0.016433554198570288,0.02373217762351073,0.03335766031930104,0.029966126168387612,0.02515628064495631,0.027198809718824463,0.024580109356632247,0.02426292197299444,0.03139013365210484,0.03207903781572676,0.025200327030976966,0.026373434063542492,0.031450380381254965,0.03639823229070691,0.037692761180301806,0.03155474335186657,0.033046393648927724,0.029775318881652114,0.03611502515647339,0.02594444526767276,0.04143762100555998,0.0267124767212073,0.021269754395552027,0.03626373772517871,0.04167019550754567,0.040427865626687834,0.016633602800635427,0.03034386783478952,0.02883179298490866,0.027296462420969028,0.029980954922954727,0.02907414015250198,0.03007209807307387,0.027941646357426523,0.029927157803018276,0.025303771286735506,0.03015621998888006,0.02822947652740269,0.027725581925337577,0.02487807169658459,0.019681323364575058,0.02597206076092137,0.024051109934868947,0.030536965472597294,0.0260464402446386
Books,0.03231822459888799,0.02331383004447974,0.022717596934074658,0.01995161078792692,0.018643946058776808,0.02716875571405878,0.029966126168387612,0.05280665248451151,0.02914312377760126,0.03041255055440825,0.028000145003971414,0.027753986602065125,0.03512797398252581,0.03682945303415408,0.028889966001588555,0.03065250001429706,0.03605276411437648,0.04148904103415407,0.043339832945194584,0.03641031059571088,0.03793023632406672,0.03446531340428913,0.041506885763304205,0.029917155564733906,0.04865047030818111,0.02975897154567117,0.023195888826052415,0.04115316294519459,0.04634227039872915,0.046440156562351065,0.020091660204924547,0.03484572353613978,0.03366955131374105,0.03173804213185068,0.0334665397172359,0.0325335650802224,0.03401237579189833,0.03170622510881652,0.03455353709451947,0.028468570746624296,0.035190251976171566,0.032308751170770464,0.031609331447180304,0.02763290965687054,0.023445774891183477,0.030497412767275616,0.026041517032565523,0.03515342847498014,0.029188966579825254
Hshld,0.02653010521048451,0.01960057573629865,0.01814881629864972,0.018349703037331216,0.015895589528196988,0.024009713175536126,0.02515628064495631,0.02914312377760126,0.03119873467196187,0.027810054119142173,0.02392647259729945,0.023612839891977756,0.02958172454964257,0.03174862737092931,0.02500107761080222,0.027329995739475768,0.03125328524225575,0.03638314252899125,0.03757157807466243,0.03200256447974583,0.03286082623034154,0.029679808508339955,0.035757136832406666,0.026232959961874497,0.04135636072756157,0.02693918407625099,0.020606111409054804,0.0354438351517077,0.04062874152819698,0.04054048786656076,0.01679600247498015,0.028724177366163617,0.02870910103891978,0.026453905010325664,0.028832836861000792,0.027864360724384436,0.029261806770452734,0.027427084117553607,0.02900285229864971,0.025413804400317704,0.030037019027799847,0.027790041912629068,0.028031189756949956,0.023944982935663217,0.019265308193804603,0.025204051872915016,0.02335759838602065,0.029502568880063543,0.0252009962573471
Clths,0.026661666767275615,0.020722825636219223,0.019085552247815725,0.018481948667196185,0.016782003437648928,0.025305352044479746,0.027198809718824463,0.03041255055440825,0.027810054119142173,0.04373187133280381,0.02503076590945194,0.025060792146147738,0.030624026643367757,0.03293059242255759,0.025679018630659262,0.03003749152343129,0.03179482602065131,0.03690697119301032,0.039497931872915004,0.03278888533756949,0.034207359771247024,0.030402095517077045,0.03776788207783956,0.027507925922160437,0.0436887117934869,0.028639176152501975,0.01929715837331215,0.03596239206354249,0.04594071815091342,0.0409245046163622,0.017598848282764094,0.0302551125274027,0.029891505308975372,0.027628862100079428,0.03077652345035742,0.029537931037331218,0.030668402011119932,0.028772601391580614,0.03074539581572677,0.025965051993645745,0.03164264669420175,0.02908336078157268,0.03272039402065131,0.02660902232565528,0.0196663834853058,0.02638024067037332,0.025412920590945184,0.030809356965845906,0.026270817366163615
Hlth ,0.02751031758538523,0.01787637270849881,0.016724467609213662,0.017154232915011912,0.01406815698173153,0.022347053312152504,0.024580109356632247,0.028000145003971414,0.02392647259729945,0.02503076590945194,0.03457406061953932,0.025487125877680695,0.034228887339158055,0.029979743002382847,0.023956180841938044,0.02496384235107228,0.028692581445591735,0.03403708311358221,0.03539576876886417,0.029022876250992844,0.03024640886417792,0.028967876600476575,0.033836206576648126,0.02399391790309769,0.03846093677521843,0.024992774868943603,0.01958710176330421,0.03320016578236697,0.04005522897537729,0.038685821922160434,0.014903263987291497,0.027710325655281965,0.027847374201747415,0.025957216521048446,0.027974146370135025,0.027416514249404285,0.0283939615567911,0.026455251119936452,0.02763351424940429,0.023517653471008735,0.028663581318506753,0.026365568165210483,0.025943986910246228,0.02288024136616362,0.01855616489277204,0.0247376490548054,0.021926565146942013,0.028388617315329625,0.02433009204130262
MedEq,0.026215870389197777,0.01800512089277205,0.017832665194598897,0.016972349347100877,0.015060061057982532,0.022637215072279587,0.02426292197299444,0.027753986602065125,0.023612839891977756,0.025060792146147738,0.025487125877680695,0.028976566360603653,0.03486968366640191,0.029773089864972204,0.023912186897537727,0.0250976509706116,0.028855072279586978,0.033550998147736294,0.03465550542652898,0.029679972104845118,0.03017680292930897,0.028604231313741058,0.03321650928038126,0.02427505488800636,0.03789795851628276,0.025420242338363784,0.020192905486894362,0.03338395411596505,0.04033262767911041,0.03751875587609212,0.015579980692613191,0.02787044820333598,0.02682787270532169,0.025911833976171562,0.028613464413026205,0.02774329746147736,0.028354759005559973,0.027011304057188247,0.027399178036536933,0.022899614725973,0.02776826622081017,0.026187659170770445,0.025946116384432096,0.02271941891342335,0.01838408574424146,0.02423931786814932,0.02147271172041303,0.02839958664019063,0.024298113817315326
Drugs,0.033348993312152506,0.022254006440031768,0.022730872978554407,0.021530884953137413,0.01717040738999205,0.029655353988880057,0.03139013365210484,0.03512797398252581,0.02958172454964257,0.030624026643367757,0.034228887339158055,0.03486968366640191,0.05945235411596505,0.03810921920571883,0.02984604556632248,0.031705063259729944,0.03647260730738681,0.04237031748689436,0.04215291078951549,0.036315726322478155,0.037782466509928524,0.037069394700556,0.04180750656711676,0.029933537448768862,0.04745792273550436,0.03192621725814138,0.027065121061159648,0.043121117572676726,0.04900925742335185,0.04775246164892771,0.018164210011119928,0.03550234539793487,0.03439786039078635,0.03302545867513899,0.03729627837331216,0.03697413522478157,0.037090895056393965,0.03449512452422558,0.033988888606830824,0.028347934598888014,0.035332625229547256,0.03313676094678315,0.03259449059253375,0.029262413887212062,0.02266618054328832,0.029534926903891975,0.027797769080222395,0.03577069281969818,0.03164950363145353
Chems,0.03423936231135821,0.024360044884829228,0.02263748557585386,0.021599871175536137,0.019430925623510727,0.029955108260524225,0.03207903781572676,0.03682945303415408,0.03174862737092931,0.03293059242255759,0.029979743002382847,0.029773089864972204,0.03810921920571883,0.048778609046862584,0.03258510104845116,0.03250234612390786,0.04027394181096107,0.04615459521048452,0.0523854571008737,0.04267558125496425,0.04358540913423351,0.039136685464654486,0.046254790786338366,0.033155379094519453,0.05473132880857823,0.03354832670373313,0.03694901925337571,0.053516774980142984,0.06448482516282764,0.06078397023034154,0.021072701008737087,0.03671356007942812,0.03611889995234312,0.03387302772041303,0.03769866281175536,0.03523441212073074,0.03809400564733915,0.03547544023828435,0.03782836685464655,0.03356637028594122,0.038753154320889584,0.036503915377283556,0.0334364908181096,0.028644717323272433,0.023860955377283558,0.03172465937251787,0.03004581776012707,0.03812341527402701,0.03248616945194599
Rubbr,0.027134308451151706,0.01956134450516283,0.01765705410643368,0.01820683612708499,0.015598173960285943,0.023217682389197775,0.025200327030976966,0.028889966001588555,0.02500107761080222,0.025679018630659262,0.023956180841938044,0.023912186897537727,0.02984604556632248,0.03258510104845116,0.03340894537887211,0.02612595148212867,0.03190203593328038,0.03638851831930103,0.03852684317394757,0.03277880006354249,0.033003926563939634,0.02975774474344718,0.03582377791262908,0.026144700104845108,0.04136851789992057,0.026036671510722798,0.024549705436060363,0.03682361812231931,0.04269189256870532,0.04117816405401112,0.017147252387609214,0.028618071154884822,0.028427304438443206,0.026795377830023837,0.02899768826687848,0.027690470907069102,0.029379397239078637,0.02756531906592535,0.029729604038125496,0.025830972629070695,0.029884720060365366,0.02801582300873709,0.026521245864972197,0.023141229512311363,0.019446485318506748,0.02541858871167593,0.023325479656870533,0.030013477791898332,0.025230304851469414
Txtls,0.027736262406671958,0.020680128122319296,0.01911347086576648,0.01865131321842732,0.017041731539316915,0.02578799917712471,0.026373434063542492,0.03065250001429706,0.027329995739475768,0.03003749152343129,0.02496384235107228,0.0250976509706116,0.031705063259729944,0.03250234612390786,0.02612595148212867,0.043410621729944386,0.03315517374106434,0.03931781542652899,0.03791318490706911,0.033340573216838754,0.033679381423351876,0.031066570052422544,0.03734570193486894,0.02654232716123908,0.04315507380301827,0.02818671267355044,0.019852654163621922,0.03490737495472597,0.039709108587768084,0.03908212253534553,0.01655364911675933,0.030482925664813337,0.029511924784749795,0.02796236286258935,0.03032367814455917,0.02934438401588562,0.030712541065925344,0.0285136738776807,0.031270826594122315,0.026248927315329622,0.031215002,0.02845344372041302,0.02936404188403495,0.02540627289753773,0.020408952937251784,0.026392710495631452,0.02527586683399524,0.03074912690230342,0.026286120289118347
BldMt,0.03291593247021445,0.02389310679904686,0.02186840619539317,0.02133401167593328,0.01896839253375695,0.029054320349483707,0.031450380381254965,0.03605276411437648,0.03125328524225575,0.03179482602065131,0.028692581445591735,0.028855072279586978,0.03647260730738681,0.04027394181096107,0.03190203593328038,0.03315517374106434,0.04515243663224783,0.0477209278316124,0.04910666638602065,0.04120124514694201,0.04196638119142176,0.03709947663224781,0.044844235297855445,0.03220894795869737,0.05291273097696585,0.03292041035742652,0.03107285362986497,0.04712191069102461,0.05581928975377282,0.05280062424146147,0.02057868243050039,0.035693987895154884,0.03535599847498015,0.03307231323272438,0.035938367752184286,0.034022351167593314,0.03672160894360603,0.03428872339952343,0.03699324856235107,0.031678978856235114,0.03754256103256552,0.03507427173947578,0.03320552451151707,0.028669083161239072,0.024004041938046068,0.03125288745035742,0.029436822430500394,0.03723756271644162,0.031470172104845116
Cnstr,0.037461475115170756,0.027089401297855434,0.025032581588562353,0.024509059569499603,0.021023192241461482,0.0336569395361398,0.03639823229070691,0.04148904103415407,0.03638314252899125,0.03690697119301032,0.03403708311358221,0.033550998147736294,0.04237031748689436,0.04615459521048452,0.03638851831930103,0.03931781542652899,0.0477209278316124,0.06630821423193008,0.05589782632406673,0.04646770115965051,0.04785675703574265,0.04316657476092136,0.05169293545988878,0.03655179534868943,0.06060924230500397,0.03698249920889596,0.03554826062589357,0.054699807952343124,0.06667515975218427,0.06155012623351865,0.023761711057982533,0.040878702548054015,0.041174942856235096,0.03789647824940429,0.04115716811437649,0.03926217544400317,0.04181058682922956,0.03907004075297854,0.04183338066560762,0.035697070031771236,0.04344212278157268,0.039833384270055595,0.03833914632883241,0.03322633944559174,0.02742278342494043,0.03618841549324862,0.035202675247021455,0.04225568699761714,0.03596903122795869
Steel,0.040656900309769636,0.028017207232724384,0.025654973169181892,0.024800889675933278,0.020949847726767272,0.03567863962192216,0.037692761180301806,0.043339832945194584,0.03757157807466243,0.039497931872915004,0.03539576876886417,0.03465550542652898,0.04215291078951549,0.0523854571008737,0.03852684317394757,0.03791318490706911,0.04910666638602065,0.05589782632406673,0.07706398865607625,0.052722373089753784,0.05372966542652899,0.046378399504368534,0.056008623046862605,0.03920289783637806,0.06689466223828436,0.0393046805528197,0.05353658471167594,0.06903250108657666,0.09186528784114374,0.07693705009690227,0.024753030848292293,0.043563451701350286,0.04363777209213664,0.03992746570611597,0.04456670461000795,0.04107780485782368,0.045383966673550435,0.04174057166957903,0.04550122624463861,0.040032206044479754,0.04694805124543289,0.04433368511834789,0.03950627711834789,0.033889609545671155,0.028648046122319297,0.037477903410643366,0.03595322267196187,0.04567441856235107,0.038127645880857826
FabPr,0.034194841048451156,0.0240712473709293,0.021146408991262904,0.021405936806989673,0.018120870945194607,0.030792652359015092,0.03155474335186657,0.03641031059571088,0.03200256447974583,0.03278888533756949,0.029022876250992844,0.029679972104845118,0.036315726322478155,0.04267558125496425,0.03277880006354249,0.033340573216838754,0.04120124514694201,0.04646770115965051,0.052722373089753784,0.09844873861795075,0.04459704549642573,0.03974748746624305,0.046532975186656084,0.03322384104845116,0.056115150532168374,0.03333321455123114,0.03562084676727562,0.04983349092930899,0.06244186652899126,0.05873536816521049,0.02139878802223986,0.0366762234471803,0.036320647974583,0.0336345318189039,0.03706937623510721,0.03495557343923749,0.0373842895949166,0.03519186370135028,0.03775834687847497,0.031405650643367755,0.03716062309769658,0.03616070617950755,0.034042559872915004,0.028845565274027006,0.024246896012708494,0.0315376473073868,0.029748083939634636,0.0370586928991263,0.031781608610007936
Mach ,0.03544491502779984,0.024944876857823668,0.02255345629864972,0.021678527297855438,0.019395923774424145,0.030838975517077056,0.033046393648927724,0.03793023632406672,0.03286082623034154,0.034207359771247024,0.03024640886417792,0.03017680292930897,0.037782466509928524,0.04358540913423351,0.033003926563939634,0.033679381423351876,0.04196638119142176,0.04785675703574265,0.05372966542652899,0.04459704549642573,0.04754743269896742,0.03975684503891977,0.0480696804003177,0.034377482910246226,0.057740993401111995,0.03451722683399522,0.03432993423987291,0.051801293941223174,0.06389219597140587,0.06065518589992058,0.021713988953137406,0.03781645252422557,0.037339365382049246,0.03494940976648134,0.039221104508339946,0.03637256230659254,0.03977333670214456,0.03667395860841937,0.03896063557426529,0.033489939078633846,0.040103605061159654,0.03744340652581413,0.03478715797299444,0.03002071047815726,0.025038938929308977,0.03283505988562352,0.03024992598570293,0.03953380465448768,0.03292514355520254
ElcEq,0.032840570516282766,0.022411114433677524,0.02144820508339952,0.020632952584590938,0.017984200934074657,0.029068343517077044,0.029775318881652114,0.03446531340428913,0.029679808508339955,0.030402095517077045,0.028967876600476575,0.028604231313741058,0.037069394700556,0.039136685464654486,0.02975774474344718,0.031066570052422544,0.03709947663224781,0.04316657476092136,0.046378399504368534,0.03974748746624305,0.03975684503891977,0.04734501073232724,0.042547502455917395,0.030823548397140587,0.05002136293566321,0.03103581670532168,0.02814733094837173,0.04518382174424146,0.055920028581413816,0.051439330630659245,0.018835227907863385,0.03413288532486101,0.03356586472438444,0.03161251069737886,0.03533779219062748,0.033403774195393164,0.03577474143288324,0.032895318875297855,0.034684993823669574,0.02985708648133439,0.035319897232724384,0.0335097584813344,0.031235723482128663,0.027048359377283553,0.02255585551707704,0.029323732460683073,0.02793304680540111,0.03527932927720413,0.030235508346306585
Autos,0.038292200921366155,0.027137988270055598,0.0249545508816521,0.023391588231930105,0.021408065874503578,0.033316110792692616,0.03611502515647339,0.041506885763304205,0.035757136832406666,0.03776788207783956,0.033836206576648126,0.03321650928038126,0.04180750656711676,0.046254790786338366,0.03582377791262908,0.03734570193486894,0.044844235297855445,0.05169293545988878,0.056008623046862605,0.046532975186656084,0.0480696804003177,0.042547502455917395,0.05816526947736299,0.037393185029388404,0.06126499886894361,0.03702877606989675,0.03387758874027005,0.05298293519936458,0.06428632055917394,0.060327308231930096,0.022827953880857822,0.04052120074980142,0.041357442007942814,0.03779805989515488,0.04210193979984114,0.03956575128832406,0.042457683164416185,0.03932465831930102,0.04241242521366163,0.036212560317712465,0.043596175389992047,0.03994370113423351,0.038429354967434465,0.03318292633518666,0.027028749877680693,0.03583719644797458,0.033275235844320884,0.04255282799046862,0.035354800387609214
Aero ,0.027839395043685468,0.020402880279586966,0.01838360451151708,0.018233305690230336,0.016927120902303413,0.024060245534551234,0.02594444526767276,0.029917155564733906,0.026232959961874497,0.027507925922160437,0.02399391790309769,0.02427505488800636,0.029933537448768862,0.033155379094519453,0.026144700104845108,0.02654232716123908,0.03220894795869737,0.03655179534868943,0.03920289783637806,0.03322384104845116,0.034377482910246226,0.030823548397140587,0.037393185029388404,0.03504417406830819,0.044106954039714055,0.029040189922160446,0.02190423140905481,0.03640514955996822,0.04219883814455917,0.040893072902303415,0.017865615517077046,0.02976506813661636,0.03019410555043686,0.02790152416838761,0.030064246074662432,0.02854165934233519,0.030566531742652895,0.028768821337569497,0.03125261688959491,0.02686378465448769,0.031516163412231936,0.029036656082605243,0.027679136381254965,0.024167584635424934,0.020172439694996026,0.02682636499444003,0.024052625645750593,0.031333109451945985,0.02582671975218427
Ships,0.04389144226370134,0.030784066104845118,0.02662206775218428,0.028143425720413014,0.024337697734710086,0.038337465706115965,0.04143762100555998,0.04865047030818111,0.04135636072756157,0.0436887117934869,0.03846093677521843,0.03789795851628276,0.04745792273550436,0.05473132880857823,0.04136851789992057,0.04315507380301827,0.05291273097696585,0.06060924230500397,0.06689466223828436,0.056115150532168374,0.057740993401111995,0.05002136293566321,0.06126499886894361,0.044106954039714055,0.09717992892613186,0.04483185205401112,0.044826101725178716,0.06589120494678316,0.08209951904050831,0.07669724482287531,0.02805420940270056,0.047583654338363784,0.048082044816521056,0.04380012314853057,0.048613616730738676,0.04521254649404289,0.048992493154884804,0.04546435267037331,0.049947339382049254,0.04230973818109609,0.05269541759968229,0.04693704022557586,0.04470647349642573,0.03768171839396345,0.03152002413661635,0.04196528310881652,0.036609672044479735,0.049588224471803014,0.04164745204447975
Guns ,0.02806768451151707,0.021181691590150906,0.020505228467037326,0.02006842210007943,0.017730741998411435,0.025416629776012698,0.0267124767212073,0.02975897154567117,0.02693918407625099,0.028639176152501975,0.024992774868943603,0.025420242338363784,0.03192621725814138,0.03354832670373313,0.026036671510722798,0.02818671267355044,0.03292041035742652,0.03698249920889596,0.0393046805528197,0.03333321455123114,0.03451722683399522,0.03103581670532168,0.03702877606989675,0.029040189922160446,0.04483185205401112,0.04903229028752978,0.023408037159650518,0.03637151340428912,0.04375380373629865,0.04101800885146942,0.01741949831294678,0.030754388644956308,0.030468155113582213,0.028165803660047648,0.030715268854646555,0.02898175154249404,0.03176683989197776,0.02948456303733121,0.031397127517077045,0.026951621890389202,0.03172033999682287,0.0290405824050834,0.02926187849404289,0.02482321494519459,0.019925840425734708,0.027027015669579026,0.023895223072279592,0.03139358268467037,0.026504430729150114
Gold ,0.030449408482922956,0.016646000495631454,0.01582268737092931,0.015518886455917391,0.014693044092136618,0.020912267272438445,0.021269754395552027,0.023195888826052415,0.020606111409054804,0.01929715837331215,0.01958710176330421,0.020192905486894362,0.027065121061159648,0.03694901925337571,0.024549705436060363,0.019852654163621922,0.03107285362986497,0.03554826062589357,0.05353658471167594,0.03562084676727562,0.03432993423987291,0.02814733094837173,0.03387758874027005,0.02190423140905481,0.044826101725178716,0.023408037159650518,0.2095095495853852,0.07873664425099283,0.0893643221350278,0.06409318742494043,0.019040201328038128,0.027346995431294673,0.024532255485305795,0.022429649544082605,0.027533618440031774,0.024392107914217625,0.028793693127879265,0.025922718258935665,0.025796694525814134,0.02584964978554408,0.025971623250198562,0.027341728368546463,0.020139173350277997,0.017279302011119938,0.013999953162827638,0.019598907717235905,0.02047775391262907,0.028051933343923755,0.024637885699761712
Mines,0.039892210341540904,0.02621815049722001,0.024028837331215244,0.024316359691818903,0.020463503135822077,0.03358125253693408,0.03626373772517871,0.04115316294519459,0.0354438351517077,0.03596239206354249,0.03320016578236697,0.03338395411596505,0.043121117572676726,0.053516774980142984,0.03682361812231931,0.03490737495472597,0.04712191069102461,0.054699807952343124,0.06903250108657666,0.04983349092930899,0.051801293941223174,0.04518382174424146,0.05298293519936458,0.03640514955996822,0.06589120494678316,0.03637151340428912,0.07873664425099283,0.09767113608260523,0.09935160838125495,0.08471719722954728,0.02453999856076251,0.04198719703891979,0.04087195287053216,0.03783957215567912,0.044269140257347094,0.040874680806989666,0.043535009699761706,0.040069805362986495,0.04251789014455917,0.03858521008737093,0.04482754772676726,0.04264233536457506,0.03633071789674344,0.031535452730738676,0.026291391872915012,0.03422800276727561,0.03316413040826052,0.04328964891183479,0.03727475976489278
Coal ,0.047320961747418594,0.02993709803335981,0.02608947456711675,0.02621425360444797,0.021451955069102465,0.04307595159332804,0.04167019550754567,0.04634227039872915,0.04062874152819698,0.04594071815091342,0.04005522897537729,0.04033262767911041,0.04900925742335185,0.06448482516282764,0.04269189256870532,0.039709108587768084,0.05581928975377282,0.06667515975218427,0.09186528784114374,0.06244186652899126,0.06389219597140587,0.055920028581413816,0.06428632055917394,0.04219883814455917,0.08209951904050831,0.04375380373629865,0.0893643221350278,0.09935160838125495,0.2541933350023828,0.11767908286576646,0.02947139348054011,0.05036063022081015,0.048998579679110386,0.044234398996028594,0.05398333199046864,0.04670736634154092,0.053699413000794276,0.04751943689277204,0.050424906249404294,0.0447231161556791,0.05424469324225576,0.05179246476250992,0.0446355216584591,0.03535730039078633,0.030835291876092134,0.03963435658141383,0.042036897963463056,0.050864933185067504,0.04505936255440826
Oil  ,0.04426022830818111,0.029412728660841936,0.025176611945988876,0.026657417353455126,0.02242685749960286,0.038242593849086584,0.040427865626687834,0.046440156562351065,0.04054048786656076,0.0409245046163622,0.038685821922160434,0.03751875587609212,0.04775246164892771,0.06078397023034154,0.04117816405401112,0.03908212253534553,0.05280062424146147,0.06155012623351865,0.07693705009690227,0.05873536816521049,0.06065518589992058,0.051439330630659245,0.060327308231930096,0.040893072902303415,0.07669724482287531,0.04101800885146942,0.06409318742494043,0.08471719722954728,0.11767908286576646,0.12747304105480542,0.029304125871326452,0.04747044308816522,0.04663942326926131,0.04240839403971407,0.049091465461477364,0.045468256,0.04841696105480539,0.04496253395393168,0.047320788727561555,0.04225914910246228,0.05104468301191421,0.04952392913105638,0.04221904184908656,0.034406145537728354,0.030084095243844318,0.03861624512787927,0.03905049745512311,0.04830254230341539,0.04237145218109609
Util ,0.018022138498808574,0.015234644659253374,0.013802106481334392,0.013586361669579028,0.015327802865766479,0.015378809947577442,0.016633602800635427,0.020091660204924547,0.01679600247498015,0.017598848282764094,0.014903263987291497,0.015579980692613191,0.018164210011119928,0.021072701008737087,0.017147252387609214,0.01655364911675933,0.02057868243050039,0.023761711057982533,0.024753030848292293,0.02139878802223986,0.021713988953137406,0.018835227907863385,0.022827953880857822,0.017865615517077046,0.02805420940270056,0.01741949831294678,0.019040201328038128,0.02453999856076251,0.02947139348054011,0.029304125871326452,0.021150264366957904,0.01988526015250198,0.01904887827164416,0.01763943409372518,0.017868440273232727,0.01714445616838761,0.018490915172359013,0.017898071590150912,0.020293142654487683,0.018741935194598883,0.019983065447180298,0.01865851831930103,0.017877926173153293,0.01595470190468626,0.01281038277045274,0.018233717675933278,0.01581172081334392,0.01973528585385227,0.01750403949483717
Telcm,0.03111882648133439,0.022573691694996022,0.021112821540905477,0.020536855558379672,0.01883781050992851,0.02727815426211279,0.03034386783478952,0.03484572353613978,0.028724177366163617,0.0302551125274027,0.027710325655281965,0.02787044820333598,0.03550234539793487,0.03671356007942812,0.028618071154884822,0.030482925664813337,0.035693987895154884,0.040878702548054015,0.043563451701350286,0.0366762234471803,0.03781645252422557,0.03413288532486101,0.04052120074980142,0.02976506813661636,0.047583654338363784,0.030754388644956308,0.027346995431294673,0.04198719703891979,0.05036063022081015,0.04747044308816522,0.01988526015250198,0.038881296972200156,0.032638701998411436,0.031127429242255762,0.03434567206989673,0.03300331217156474,0.03473903646386022,0.03194614621763303,0.0336696210548054,0.028966894598888,0.034198710700556,0.032178754961080205,0.03085088029229547,0.027204697896743443,0.02250110388562351,0.02961343132327245,0.02680155734392375,0.0348071757426529,0.02929075689912629
PerSv,0.031255210293884034,0.022052794764098493,0.020413257918983317,0.019918399123113585,0.017242867151707707,0.025976537658459094,0.02883179298490866,0.03366955131374105,0.02870910103891978,0.029891505308975372,0.027847374201747415,0.02682787270532169,0.03439786039078635,0.03611889995234312,0.028427304438443206,0.029511924784749795,0.03535599847498015,0.041174942856235096,0.04363777209213664,0.036320647974583,0.037339365382049246,0.03356586472438444,0.041357442007942814,0.03019410555043686,0.048082044816521056,0.030468155113582213,0.024532255485305795,0.04087195287053216,0.048998579679110386,0.04663942326926131,0.01904887827164416,0.032638701998411436,0.04474843529150119,0.030824629350277997,0.03355322693566322,0.031822838195393166,0.034152477788721214,0.0314353482573471,0.03344893891660049,0.028480482605242257,0.03542453352184274,0.031793906204924546,0.031049076994440032,0.026782067278792697,0.02200684437172359,0.028867296610007937,0.026128900454328835,0.033921442255758535,0.028292927459888796
BusSv,0.02891973888800635,0.020858479164416206,0.019338758538522637,0.01878442779666402,0.016729658160444798,0.024767563361397935,0.027296462420969028,0.03173804213185068,0.026453905010325664,0.027628862100079428,0.025957216521048446,0.025911833976171562,0.03302545867513899,0.03387302772041303,0.026795377830023837,0.02796236286258935,0.03307231323272438,0.03789647824940429,0.03992746570611597,0.0336345318189039,0.03494940976648134,0.03161251069737886,0.03779805989515488,0.02790152416838761,0.04380012314853057,0.028165803660047648,0.022429649544082605,0.03783957215567912,0.044234398996028594,0.04240839403971407,0.01763943409372518,0.031127429242255762,0.030824629350277997,0.03078053756314535,0.03141064151866561,0.030367315145353457,0.03178012473073867,0.02961941119618745,0.03156815853534551,0.026815973328038135,0.032202455253375686,0.029798778039714056,0.028605565350277997,0.02518567294996028,0.020993509026211273,0.027331534465448767,0.0245039306370135,0.03217412211278793,0.026761996657664808
Hardw,0.030517459062748203,0.02193655838602065,0.020590778268467037,0.019351055485305798,0.016702079923749003,0.027930691653693406,0.029980954922954727,0.0334665397172359,0.028832836861000792,0.03077652345035742,0.027974146370135025,0.028613464413026205,0.03729627837331216,0.03769866281175536,0.02899768826687848,0.03032367814455917,0.035938367752184286,0.04115716811437649,0.04456670461000795,0.03706937623510721,0.039221104508339946,0.03533779219062748,0.04210193979984114,0.030064246074662432,0.048613616730738676,0.030715268854646555,0.027533618440031774,0.044269140257347094,0.05398333199046864,0.049091465461477364,0.017868440273232727,0.03434567206989673,0.03355322693566322,0.03141064151866561,0.043697562090548044,0.03513237439872915,0.03765224290389197,0.03346220385702939,0.03409215867831613,0.028968391358220807,0.034528143307386815,0.032731358087370925,0.031093516899126282,0.027213892632247817,0.021884692536934064,0.02851960609372518,0.027019722471803013,0.03532140257347101,0.029645742900714853
Softw,0.029861793121525017,0.021109460057188247,0.020178695186656073,0.01916239206036537,0.016213460505162827,0.026079538147736295,0.02907414015250198,0.0325335650802224,0.027864360724384436,0.029537931037331218,0.027416514249404285,0.02774329746147736,0.03697413522478157,0.03523441212073074,0.027690470907069102,0.02934438401588562,0.034022351167593314,0.03926217544400317,0.04107780485782368,0.03495557343923749,0.03637256230659254,0.033403774195393164,0.03956575128832406,0.02854165934233519,0.04521254649404289,0.02898175154249404,0.024392107914217625,0.040874680806989666,0.04670736634154092,0.045468256,0.01714445616838761,0.03300331217156474,0.031822838195393166,0.030367315145353457,0.03513237439872915,0.035776665410643366,0.03437544368864177,0.03132940354567117,0.03224142465766481,0.027004253137410637,0.032834544746624304,0.030825435749007143,0.029901179907863385,0.02648946639872914,0.021231456184273228,0.027493413397934867,0.026051966424146148,0.0335078684511517,0.028022968806989682
Chips,0.03224048790309769,0.02241641561080223,0.021317145464654488,0.02044977675774424,0.01767943097061159,0.028298543571088165,0.03007209807307387,0.03401237579189833,0.029261806770452734,0.030668402011119932,0.0283939615567911,0.028354759005559973,0.037090895056393965,0.03809400564733915,0.029379397239078637,0.030712541065925344,0.03672160894360603,0.04181058682922956,0.045383966673550435,0.0373842895949166,0.03977333670214456,0.03577474143288324,0.042457683164416185,0.030566531742652895,0.048992493154884804,0.03176683989197776,0.028793693127879265,0.043535009699761706,0.053699413000794276,0.04841696105480539,0.018490915172359013,0.03473903646386022,0.034152477788721214,0.03178012473073867,0.03765224290389197,0.03437544368864177,0.04018629632883239,0.03393979538363782,0.03428218833836378,0.029193893399523423,0.03534260228911835,0.03288545607307387,0.031451595860206516,0.027230295521842737,0.022434378595710878,0.029408831013502786,0.0271295877807784,0.03586870915806196,0.029630630306592534
LabEq,0.029517330309769663,0.021200476571882444,0.019609024654487692,0.01961210397776013,0.01706575980301826,0.025675801347100867,0.027941646357426523,0.03170622510881652,0.027427084117553607,0.028772601391580614,0.026455251119936452,0.027011304057188247,0.03449512452422558,0.03547544023828435,0.02756531906592535,0.0285136738776807,0.03428872339952343,0.03907004075297854,0.04174057166957903,0.03519186370135028,0.03667395860841937,0.032895318875297855,0.03932465831930102,0.028768821337569497,0.04546435267037331,0.02948456303733121,0.025922718258935665,0.040069805362986495,0.04751943689277204,0.04496253395393168,0.017898071590150912,0.03194614621763303,0.0314353482573471,0.02961941119618745,0.03346220385702939,0.03132940354567117,0.03393979538363782,0.03479680248451151,0.032310176829229535,0.02746093262907069,0.032727893448768856,0.03064400763780778,0.029173239180301833,0.025618249159650518,0.02117596329785544,0.027765907320095318,0.025101934595710893,0.033186027498014296,0.027662476390786336
Paper,0.03127231122319302,0.02313598304527403,0.02214625647339158,0.020687089355043688,0.019073338833995233,0.027485298169976167,0.029927157803018276,0.03455353709451947,0.02900285229864971,0.03074539581572677,0.02763351424940429,0.027399178036536933,0.033988888606830824,0.03782836685464655,0.029729604038125496,0.031270826594122315,0.03699324856235107,0.04183338066560762,0.04550122624463861,0.03775834687847497,0.03896063557426529,0.034684993823669574,0.04241242521366163,0.03125261688959491,0.049947339382049254,0.031397127517077045,0.025796694525814134,0.04251789014455917,0.050424906249404294,0.047320788727561555,0.020293142654487683,0.0336696210548054,0.03344893891660049,0.03156815853534551,0.03409215867831613,0.03224142465766481,0.03428218833836378,0.032310176829229535,0.04581988374741859,0.032387171556791106,0.035520511169181895,0.032858280854646545,0.03157045644797459,0.027159101272438445,0.023019507428117557,0.030716129123113577,0.02745340798729149,0.03526192367752184,0.029050060648133442
