,Agric,Food ,Soda ,Beer ,Smoke,Toys ,Fun  ,Books,Hshld,Clths,Hlth ,MedEq,Drugs,Chems,Rubbr,Txtls,BldMt,Cnstr,Steel,FabPr,Mach ,ElcEq,Autos,Aero ,Ships,Guns ,Gold ,Mines,Coal ,Oil  ,Util ,Telcm,PerSv,BusSv,Hardw,Softw,Chips,LabEq,Paper,Boxes,Trans,Whlsl,Rtail,Meals,Banks,Insur,RlEst,Fin  ,Other
Agric,0.050581723810961085,0.014463009197776011,0.013084840841938047,0.012267788068308179,0.010524219069102461,0.017021665429706116,0.017254419907863378,0.02117290649404289,0.01823940989833201,0.016542932015885622,0.019048496902303414,0.01766550714376489,0.024468347528196974,0.022625441752184273,0.01844258755520254,0.018834825559968228,0.021935831299444,0.02562903867831612,0.02656238645909451,0.02259189254964257,0.02335719172517871,0.022595123447180294,0.02548260650516283,0.018355835037331215,0.027572190786338366,0.01904995171882446,0.02181296153613979,0.02732576037331215,0.032270584050833995,0.03182711117871326,0.011217918557585384,0.019844188041302623,0.021950242093725186,0.01933636624146148,0.020453873537728356,0.020413310573471004,0.022131500001588558,0.019564178263701347,0.020322635032565525,0.017425656691024617,0.023306826071485303,0.019735616583002383,0.019152999974583,0.01679149043685465,0.013884276033359812,0.017322623504368546,0.01706013706274821,0.021353666616362187,0.017089870332009535
Food ,0.014463009197776011,0.016982803590150912,0.012074877172359012,0.011255059682287532,0.010935399269261318,0.012237110563939634,0.012704579634630658,0.01565517674344718,0.01389107102462271,0.013436379253375695,0.011915624114376489,0.012026766719618744,0.015412195694996023,0.01624776144559174,0.01363648676727561,0.014360288006354246,0.016144204781572673,0.018436943733121523,0.017859161270849876,0.015546289690230341,0.016205114773629868,0.015176132803812548,0.018086787307386814,0.013430134551231135,0.01913113998411437,0.014822957505957112,0.012000232644956314,0.01717371725178713,0.018998504876886417,0.01934541361397935,0.010864206322478155,0.014676667100873706,0.015284705830023825,0.014030677633042096,0.014642747355043683,0.014464927656870533,0.015410235186656074,0.01421341116759333,0.01531022416203336,0.013494845988880066,0.01546460324066719,0.014293422859412232,0.01406253957108816,0.012413304019062746,0.009835030357426531,0.013119373947577442,0.013066810722795868,0.015034445416997617,0.012511839841143764
Soda ,0.013084840841938047,0.012074877172359012,0.03824521318506752,0.01260359909451946,0.011171605305798249,0.010738001652104843,0.01175617388403495,0.014995226973788724,0.012307511278792692,0.011892227926926131,0.011450889181890389,0.012004921382049245,0.015993022859412228,0.014479097839555201,0.012335047116759331,0.013121704432088958,0.014359154455917391,0.01656516705321684,0.01582953845909452,0.013046174519459889,0.01369439299444003,0.015178613153296265,0.016150441096108015,0.011186112152501983,0.015046836282764098,0.01407654349483717,0.01093977548848292,0.014745884876886422,0.015269760603653688,0.014896505401111992,0.010017035869737886,0.013462320762509927,0.014200492009531374,0.012847747561556789,0.013410177315329626,0.013756392660841934,0.014442521922160443,0.01306316379666402,0.014339195790309768,0.012137715091342335,0.013606011787132647,0.012097001477362986,0.012545879110405085,0.012118620428911835,0.009361072867355042,0.012572207307386812,0.012822251485305795,0.013857615901509131,0.011714843018268466
Beer ,0.012267788068308179,0.011255059682287532,0.01260359909451946,0.028244234501985703,0.010201836066719618,0.011227877471008734,0.011639803958697379,0.013715666049245432,0.013418668818109611,0.012779300625893565,0.011787508403494833,0.011890408732327244,0.015823401078633836,0.014648958019062745,0.013165486903891976,0.013466183876092136,0.014864179115170774,0.01725037723272438,0.016184474020651308,0.013924465544082606,0.014483886705321681,0.014581790897537729,0.015914262438443204,0.01249895958061954,0.018113686417791895,0.014492474911834788,0.009720378295472596,0.015804900881652102,0.01623732915011914,0.017936928891183476,0.009648571234312947,0.01388993959015091,0.014322791227958695,0.013024017917394761,0.0132483845146942,0.013829102344718028,0.014531301574265288,0.01382426873232724,0.014167070092136615,0.01301016495154885,0.014520099240667194,0.012982764557585385,0.01296509045909452,0.011608044019062746,0.00929555585861795,0.012149004219221604,0.011882064767275616,0.014164386886417794,0.011531457464654489
Smoke,0.010524219069102461,0.010935399269261318,0.011171605305798249,0.010201836066719618,0.025503267774424146,0.009319339329626688,0.009360908168387609,0.010881567764892772,0.00970327573629865,0.008485793652104846,0.007755005718824464,0.008720447389992055,0.010489790125496428,0.010943900282764098,0.009265844664019062,0.01025398379666402,0.01131298034630659,0.012695484810166798,0.011838054481334388,0.009423224273232726,0.010822870208101668,0.010573866147736297,0.01218970665607625,0.009856704266878473,0.012645435965051627,0.011359678208101666,0.011043898637013501,0.011984977124702145,0.01068430312946783,0.012566192902303416,0.010927662100079425,0.010578011361397932,0.01031356830500397,0.009907672413026212,0.00923211957426529,0.009698274910246225,0.010296711574265292,0.010077024800635425,0.011025118837172358,0.01025309387132645,0.010445230074662429,0.0097552069324861,0.009934386853057982,0.009640324193804605,0.006854370910246227,0.009751942646544876,0.00901065994598888,0.010475038760921361,0.009246334017474187
Toys ,0.017021665429706116,0.012237110563939634,0.010738001652104843,0.011227877471008734,0.009319339329626688,0.03633513775377284,0.015500884803812552,0.01793124634789515,0.017093070614773633,0.016977725127879265,0.01558165782366958,0.015640035526608413,0.02219137094201747,0.020718344902303416,0.01631071884352661,0.0184679877045274,0.0206228548308181,0.024094877261318506,0.025329166913423354,0.021339454360603652,0.020976045197776006,0.020453673359809365,0.023220166131850673,0.016212248692613188,0.025093512343129464,0.01810713783002383,0.01515795778236696,0.02381509172359015,0.030346070468625898,0.026840819037331213,0.00990013748054011,0.017884443374106433,0.018561382455917395,0.01676669707386815,0.0194777104432089,0.01841319804924543,0.020215937366163624,0.017665115876092135,0.018747964250992847,0.016079103135822077,0.019428702119142174,0.0175500330548054,0.0180473903542494,0.014858560222398728,0.011967641328038126,0.01448044853375695,0.016847888883240663,0.018012774710087373,0.015198127891977761
Fun  ,0.017254419907863378,0.012704579634630658,0.01175617388403495,0.011639803958697379,0.009360908168387609,0.015500884803812552,0.023058167459888805,0.018890158989674343,0.016604791879269255,0.017020215999999998,0.01613452343129467,0.015884040915011916,0.0226355572867355,0.02084447911675933,0.016531125572676723,0.017838129436060363,0.02076234383478951,0.024435699259729948,0.024020748352660843,0.019981876505162827,0.02099621697855441,0.01934872578236696,0.023700108752978552,0.016416876009531373,0.025328862779984113,0.017215563996822877,0.012245142297061161,0.023856281620333594,0.026191817696584588,0.02722816107386815,0.0096927514471803,0.018998967936457504,0.019730225931691818,0.017631342163621916,0.019658457976171564,0.019600052308181095,0.019875443729944403,0.018177811971405874,0.01884781662271644,0.01616610560127085,0.020237855339158062,0.018191449232724383,0.018066518271644162,0.016086642414614775,0.012806592317712468,0.015913347590150912,0.016305765731532963,0.019097632915011913,0.01617044084511517
Books,0.02117290649404289,0.01565517674344718,0.014995226973788724,0.013715666049245432,0.010881567764892772,0.01793124634789515,0.018890158989674343,0.039084000247815734,0.019806576905480544,0.019554334913423354,0.018984356949960285,0.018185186487688642,0.025743093626687846,0.02449880569658459,0.019486375777601275,0.02090125029388403,0.024062787650516282,0.028152984838760914,0.028562545086576643,0.02411004495631454,0.024491577159650516,0.02324031869737887,0.0278900519618745,0.019690293617156473,0.030223002509928515,0.01926143064972201,0.01395599798888006,0.027504123669579026,0.029263158729150127,0.03160012526449562,0.012226506376489277,0.021905758322478153,0.02343675579984114,0.020943488416203335,0.022214201118347893,0.02212364284670373,0.022938630662430504,0.020787399736298645,0.022276191717235896,0.018561178894360607,0.024366269108816518,0.021354214389197775,0.021026881601270846,0.017921453375695,0.015515802328832401,0.019072233092930897,0.01827028962986497,0.022370789594916604,0.01835119804289118
Hshld,0.01823940989833201,0.01389107102462271,0.012307511278792692,0.013418668818109611,0.00970327573629865,0.017093070614773633,0.016604791879269255,0.019806576905480544,0.0239661982192216,0.019257083107227957,0.016856886227164414,0.016501567248610006,0.022399011534551233,0.022244227969817315,0.017876393382049247,0.01972407083399523,0.021943895706115962,0.026179804975377283,0.025966194223987275,0.022354776012708497,0.022480833517077036,0.02088931216838761,0.025209594972200162,0.018020875939634626,0.02723485645750595,0.019084608964257344,0.013871110187450353,0.02474785359015091,0.027582702494042887,0.02872418084670373,0.011025440362192211,0.018897861712470217,0.020823111456711674,0.01821691993804607,0.019987529893566322,0.019696046471803022,0.02062842109451946,0.019047388138204925,0.019629785857029392,0.01769382065607625,0.021695461871326444,0.019118215712470212,0.01999337359173947,0.01650368592533756,0.013415628668784749,0.016722079942811763,0.01716015442255759,0.019977275416997613,0.016796255799841144
Clths,0.016542932015885622,0.013436379253375695,0.011892227926926131,0.012779300625893565,0.008485793652104846,0.016977725127879265,0.017020215999999998,0.019554334913423354,0.019257083107227957,0.03340604756791103,0.016627113105639392,0.016403213490071483,0.021725390538522633,0.02157573888482923,0.017189807777601266,0.021218667450357425,0.021375698503574268,0.025460029782366955,0.02589184161397935,0.02160790163621922,0.022076445331215246,0.020086929404289116,0.025435854614773632,0.017869314624304997,0.027312610643367752,0.019238672584590947,0.009692169677521841,0.02370367818903892,0.03098789941223192,0.027473393791898334,0.010254454506751389,0.01882681955837967,0.020850290560762513,0.018048794700555995,0.020060402052422557,0.0198991317172359,0.020384739691818903,0.01881219696902303,0.01988239232406672,0.01691406562668785,0.021954577270849873,0.018959565375694997,0.023106744025417004,0.017629774932486103,0.013256490401906277,0.016779733051628276,0.01760197282922954,0.01977972994440032,0.016269744247815725
Hlth ,0.019048496902303414,0.011915624114376489,0.011450889181890389,0.011787508403494833,0.007755005718824464,0.01558165782366958,0.01613452343129467,0.018984356949960285,0.016856886227164414,0.016627113105639392,0.027862761810961076,0.01880501328038126,0.027775460333598092,0.020674954853057984,0.01728054478157267,0.017800804003177125,0.019845678506751393,0.02433151882446386,0.023971680476568707,0.019957511040508333,0.020314345925337568,0.02022587158061954,0.023716114598888012,0.01603068705321684,0.024647930865766474,0.017426077521842727,0.012587653661636217,0.022432453661636216,0.026510166894360605,0.02728785347100873,0.009182755075456708,0.01814721693407466,0.02026599056393963,0.018108108784749798,0.019715254678316124,0.019652785671167586,0.020169343351866556,0.018374188562351068,0.018527466814932482,0.01576839091342335,0.020930910532168386,0.01807307205718824,0.01814045791898332,0.015698117299444002,0.013004784368546464,0.016419714217633045,0.015338745702938838,0.019262697982525813,0.016131824559173946
MedEq,0.01766550714376489,0.012026766719618744,0.012004921382049245,0.011890408732327244,0.008720447389992055,0.015640035526608413,0.015884040915011916,0.018185186487688642,0.016501567248610006,0.016403213490071483,0.01880501328038126,0.022169182289118346,0.028306876341540905,0.020353546241461476,0.016947822586179506,0.017878694440031772,0.01982074138046068,0.02352134853693407,0.02312953637490071,0.020241036981731533,0.019977731442414614,0.020114652343129466,0.02266901177918983,0.016113570147736296,0.023966536393963466,0.017495041987291505,0.013136954521048452,0.022922879928514692,0.02736911618745036,0.026281397285146932,0.009747704139793485,0.018201096514694204,0.019145429918983322,0.01784384234630659,0.019986370065131064,0.01991401203812549,0.01992698783637808,0.01875597172517872,0.0178806753121525,0.014868382670373312,0.019489703885623513,0.017661213069102465,0.01761016605559968,0.015276016822875304,0.012675970927720413,0.01569806104527403,0.015236943912629069,0.018946303915806192,0.016015568168387607
Drugs,0.024468347528196974,0.015412195694996023,0.015993022859412228,0.015823401078633836,0.010489790125496428,0.02219137094201747,0.0226355572867355,0.025743093626687846,0.022399011534551233,0.021725390538522633,0.027775460333598092,0.028306876341540905,0.05527713273868151,0.028316414794281177,0.02282907505321684,0.024290072073073866,0.027418430489277203,0.03244247540587767,0.031009659374106435,0.02730753448768863,0.027615028532168382,0.028222579936457503,0.031008184598888006,0.022103449048451147,0.03361690271644162,0.023444608795869737,0.0190391307339158,0.03266261929308976,0.037562630786338355,0.0362440507974583,0.01153648732644956,0.02521566406989674,0.027139493658459093,0.024780875455123117,0.028784533299444005,0.02897795746783161,0.02845092025575854,0.02605328903415409,0.02405168178395551,0.01991580879586974,0.02724633441143764,0.024606823493248605,0.02449154974424146,0.02164260071485306,0.017146960243050034,0.02094686162986497,0.021258109024622714,0.02643426615567911,0.02308842089594916
Chems,0.022625441752184273,0.01624776144559174,0.014479097839555201,0.014648958019062745,0.010943900282764098,0.020718344902303416,0.02084447911675933,0.02449880569658459,0.022244227969817315,0.02157573888482923,0.020674954853057984,0.020353546241461476,0.028316414794281177,0.036053184513105636,0.022925571567911043,0.02288420468625893,0.028089284147736298,0.0328482271262907,0.03712652456235107,0.03012255771247021,0.030181178787926918,0.027368538093725175,0.032386822041302624,0.022409747628276404,0.03630576441620334,0.022996332389197773,0.02580496663860206,0.03920264224781572,0.046966106274821284,0.04645526544718029,0.013062175097696582,0.02383189261953932,0.026017437849086573,0.023033581116759332,0.02592864610643367,0.02435040956632248,0.026561328049245433,0.024434906543288327,0.02535982506910246,0.023053934422557584,0.02809453001429706,0.025189334619539313,0.022658599218427323,0.01856825523431294,0.016462947753772838,0.020530704578236695,0.02133431980460683,0.025620100452740272,0.021237356120730737
Rubbr,0.01844258755520254,0.01363648676727561,0.012335047116759331,0.013165486903891976,0.009265844664019062,0.01631071884352661,0.016531125572676723,0.019486375777601275,0.017876393382049247,0.017189807777601266,0.01728054478157267,0.016947822586179506,0.02282907505321684,0.022925571567911043,0.0263352122700556,0.019004137696584586,0.022684808962668786,0.02647725285464654,0.026706937448768862,0.023115059253375696,0.022568348616362185,0.02089107463065925,0.02515018975377284,0.01801577732168388,0.027022088228752968,0.01791509133915806,0.016263111513899916,0.025786945845909452,0.029516042065131056,0.029470379345512315,0.011197912228752976,0.018941123285146938,0.02059796554725973,0.01860609510087371,0.02007675273709293,0.019633200482922948,0.020634027504368543,0.019183826843526607,0.020481402290706902,0.01818289200635425,0.02141566975059571,0.019374327444003175,0.018316616038125497,0.015659600063542493,0.013743103513899924,0.01694132988721208,0.017179018703733118,0.020426065178713263,0.016688926570293878
Txtls,0.018834825559968228,0.014360288006354246,0.013121704432088958,0.013466183876092136,0.01025398379666402,0.0184679877045274,0.017838129436060363,0.02090125029388403,0.01972407083399523,0.021218667450357425,0.017800804003177125,0.017878694440031772,0.024290072073073866,0.02288420468625893,0.019004137696584586,0.03459709429706116,0.02402792325655282,0.028837049118347897,0.026361884130262112,0.023725143288324063,0.023494397918983313,0.022044007720413025,0.026512330246227164,0.01847461210484511,0.028607341000794283,0.019669286020651315,0.0113203474980143,0.02432948621127879,0.02583787205718824,0.027479431405877677,0.010480374138204922,0.02051927742652899,0.021700998347895156,0.01965119613979349,0.021339551389992054,0.0211779205401112,0.022136004209690228,0.019955838872120726,0.021866089896743445,0.01859384325655282,0.022630085909451942,0.019729524114376493,0.021025980333598093,0.01786858227164416,0.014757983018268465,0.017802622589356637,0.018891340698967432,0.021315125861795077,0.017496096934074664
BldMt,0.021935831299444,0.016144204781572673,0.014359154455917391,0.014864179115170774,0.01131298034630659,0.0206228548308181,0.02076234383478951,0.024062787650516282,0.021943895706115962,0.021375698503574268,0.019845678506751393,0.01982074138046068,0.027418430489277203,0.028089284147736298,0.022684808962668786,0.02402792325655282,0.033102879953931685,0.03480308631612391,0.03454909098014296,0.029173798824463852,0.02889232159968228,0.02575635534551232,0.031514987251787134,0.022162862830818107,0.03520839710881653,0.022818616106433674,0.020233820046068312,0.03342555220810167,0.03915957070691024,0.03865950967275616,0.013074508695790308,0.023406117559968225,0.025686830795869732,0.022593949726767273,0.024636316829229545,0.023647406293884038,0.02562291279904686,0.023494251038919774,0.024943573281969812,0.02157423844162033,0.027127683914217632,0.024326115143764888,0.022951398074662427,0.01932091315329626,0.016666160366957904,0.020435614347895148,0.021340124125496428,0.024881251016679908,0.02067092199841143
Cnstr,0.02562903867831612,0.018436943733121523,0.01656516705321684,0.01725037723272438,0.012695484810166798,0.024094877261318506,0.024435699259729948,0.028152984838760914,0.026179804975377283,0.025460029782366955,0.02433151882446386,0.02352134853693407,0.03244247540587767,0.0328482271262907,0.02647725285464654,0.028837049118347897,0.03480308631612391,0.051462591669579026,0.040219082306592525,0.03362980727561557,0.0335603147132645,0.03073200810166799,0.03706175351866561,0.025552615682287522,0.041175893471008744,0.02624828038760921,0.024499674509928508,0.03967706125496426,0.047984802128673544,0.04561684798093725,0.015473911777601273,0.0271817141604448,0.030586767745830024,0.02639760531850675,0.02878795819539317,0.027834097620333592,0.029725935650516285,0.0273826895694996,0.02879848485464655,0.024957141864972193,0.031934233810961075,0.02804776792374901,0.027163162427323268,0.022883699380460677,0.019407175053216832,0.02434715191739475,0.026393877064336768,0.028860256489277203,0.02397768779666402
Steel,0.02656238645909451,0.017859161270849876,0.01582953845909452,0.016184474020651308,0.011838054481334388,0.025329166913423354,0.024020748352660843,0.028562545086576643,0.025966194223987275,0.02589184161397935,0.023971680476568707,0.02312953637490071,0.031009659374106435,0.03712652456235107,0.026706937448768862,0.026361884130262112,0.03454909098014296,0.040219082306592525,0.060392587424940435,0.038125179412231924,0.037612556034948355,0.03196249172359015,0.03953414830818109,0.02669291765528197,0.04525579796664018,0.026511973515488483,0.04160333145035742,0.051940123653693396,0.07180554586179508,0.05953526647815726,0.015377024921366162,0.027969759822081008,0.03184758893089754,0.026728101312152506,0.030079217328038123,0.027612196575059568,0.031185770745035743,0.028281724079428115,0.03031464364098491,0.027488174945194604,0.034103965572676725,0.030994941026211288,0.026862187062748212,0.02183001741064336,0.020028250503574263,0.0239441914598888,0.025385486011119927,0.030375310722795864,0.02443621101826846
FabPr,0.02259189254964257,0.015546289690230341,0.013046174519459889,0.013924465544082606,0.009423224273232726,0.021339454360603652,0.019981876505162827,0.02411004495631454,0.022354776012708497,0.02160790163621922,0.019957511040508333,0.020241036981731533,0.02730753448768863,0.03012255771247021,0.023115059253375696,0.023725143288324063,0.029173798824463852,0.03362980727561557,0.038125179412231924,0.08503058471803021,0.03144891774424146,0.02771936784749801,0.03265578214455918,0.02281971774424146,0.037713152565528194,0.022044978363780773,0.025131296743447187,0.03661359234312947,0.04607894405083399,0.04467407339158061,0.013028624590945191,0.023136864400317717,0.026851984876886413,0.022792704813343924,0.02558794907069102,0.024093084384432084,0.026103360984908664,0.023883070881652105,0.025129436759332796,0.020942126576648134,0.026755946528991263,0.025104222811755356,0.023468880730738682,0.01888892196981732,0.01729984848292295,0.020419997998411436,0.021121113741064335,0.02473511498014297,0.02030446389197776
Mach ,0.02335719172517871,0.016205114773629868,0.01369439299444003,0.014483886705321681,0.010822870208101668,0.020976045197776006,0.02099621697855441,0.024491577159650516,0.022480833517077036,0.022076445331215246,0.020314345925337568,0.019977731442414614,0.027615028532168382,0.030181178787926918,0.022568348616362185,0.023494397918983313,0.02889232159968228,0.0335603147132645,0.037612556034948355,0.03144891774424146,0.033035216868943604,0.027215228673550432,0.03322694051628277,0.02308668299285147,0.03814388177918983,0.0227833123796664,0.022330133285146943,0.036879180548054,0.04561619561556792,0.045745520068308176,0.013171228384432087,0.02388843124384432,0.02656960839078633,0.02324403091501191,0.026378596136616365,0.024640153477362984,0.027242414835583803,0.024685744103256545,0.02553436898649722,0.022486153396346305,0.028601983301032568,0.025399723067513893,0.02317869041461477,0.019159038300238282,0.01705577522954726,0.020849751936457505,0.021132857552025413,0.025934448252581416,0.020786916038125495
ElcEq,0.022595123447180294,0.015176132803812548,0.015178613153296265,0.014581790897537729,0.010573866147736297,0.020453673359809365,0.01934872578236696,0.02324031869737887,0.02088931216838761,0.020086929404289116,0.02022587158061954,0.020114652343129466,0.028222579936457503,0.027368538093725175,0.02089107463065925,0.022044007720413025,0.02575635534551232,0.03073200810166799,0.03196249172359015,0.02771936784749801,0.027215228673550432,0.036514010833995234,0.02952250241461477,0.02087336301826847,0.032696882509928506,0.021419570119142174,0.017380586608419384,0.03146180150913423,0.03889791637807783,0.03745697965051627,0.011614956854646549,0.022416509356632253,0.024047880508339954,0.02170969917394758,0.024394373343923748,0.023482695504368545,0.025071910929308973,0.022639736219221607,0.02312087299444003,0.020072201382049244,0.025273436822875292,0.023024217458300234,0.021281760031771246,0.017955666624305002,0.015622429976171566,0.0190447414138205,0.019907794455917394,0.023642267529785547,0.019980215218427317
Autos,0.02548260650516283,0.018086787307386814,0.016150441096108015,0.015914262438443204,0.01218970665607625,0.023220166131850673,0.023700108752978552,0.0278900519618745,0.025209594972200162,0.025435854614773632,0.023716114598888012,0.02266901177918983,0.031008184598888006,0.032386822041302624,0.02515018975377284,0.026512330246227164,0.031514987251787134,0.03706175351866561,0.03953414830818109,0.03265578214455918,0.03322694051628277,0.02952250241461477,0.042548011048451156,0.025702609181890382,0.04077565620333599,0.025322790810166796,0.022402432779984115,0.0378728889197776,0.04459302814932486,0.04448104091342335,0.01406315752184273,0.026430386211278786,0.02991999903097696,0.02594128153296267,0.02936829559968229,0.027654575075456708,0.029892024042891183,0.027127218467037337,0.028848770492454323,0.0250942660127085,0.03163303672756155,0.02749425590945195,0.026578686481334393,0.022140431914217634,0.018847737021445595,0.02351186535345512,0.023703162962668778,0.028855824519459883,0.02303358247815727
Aero ,0.018355835037331215,0.013430134551231135,0.011186112152501983,0.01249895958061954,0.009856704266878473,0.016212248692613188,0.016416876009531373,0.019690293617156473,0.018020875939634626,0.017869314624304997,0.01603068705321684,0.016113570147736296,0.022103449048451147,0.022409747628276404,0.01801577732168388,0.01847461210484511,0.022162862830818107,0.025552615682287522,0.02669291765528197,0.02281971774424146,0.02308668299285147,0.02087336301826847,0.025702609181890382,0.02611747123749007,0.02861844562351073,0.019866449480540112,0.013187926779984113,0.02483126792692613,0.028525299984114374,0.02840219902779985,0.011148505906274822,0.019002620759332803,0.02202371754090548,0.018706555386814934,0.02029173958379666,0.019431394541699766,0.021006464311358216,0.019492084937251786,0.020637614602065132,0.01803300894042891,0.022375507081810964,0.019600223504368543,0.018508472749801424,0.015688958697378876,0.01397885673073868,0.017479066217633038,0.016898735923749006,0.02080755650516283,0.01644309413185067
Ships,0.027572190786338366,0.01913113998411437,0.015046836282764098,0.018113686417791895,0.012645435965051627,0.025093512343129464,0.025328862779984113,0.030223002509928515,0.02723485645750595,0.027312610643367752,0.024647930865766474,0.023966536393963466,0.03361690271644162,0.03630576441620334,0.027022088228752968,0.028607341000794283,0.03520839710881653,0.041175893471008744,0.04525579796664018,0.037713152565528194,0.03814388177918983,0.032696882509928506,0.04077565620333599,0.02861844562351073,0.06922403374106435,0.028712212073073864,0.029191949134233522,0.045840583669579035,0.057744847402700555,0.0565205284511517,0.01641709579030977,0.029149327148530576,0.033705185035742664,0.027783911262907066,0.03124098773629865,0.02930039072279587,0.03210613893566323,0.02917657575853852,0.03150423631453534,0.026635738109610806,0.037291115520254166,0.030625454614773624,0.02896864845115171,0.02342210592533757,0.02060622036536934,0.025505682001588557,0.02413243491660048,0.03116645753772835,0.025714547418586184
Guns ,0.01904995171882446,0.014822957505957112,0.01407654349483717,0.014492474911834788,0.011359678208101666,0.01810713783002383,0.017215563996822877,0.01926143064972201,0.019084608964257344,0.019238672584590947,0.017426077521842727,0.017495041987291505,0.023444608795869737,0.022996332389197773,0.01791509133915806,0.019669286020651315,0.022818616106433674,0.02624828038760921,0.026511973515488483,0.022044978363780773,0.0227833123796664,0.021419570119142174,0.025322790810166796,0.019866449480540112,0.028712212073073864,0.04041779077204131,0.01770487467990469,0.02497112367752185,0.028980667545671163,0.02807168770611596,0.011495186999205717,0.020047786617950755,0.02160487341382049,0.018979595324861,0.02089066182049245,0.019975196374900715,0.022255276605242257,0.0202627814471803,0.020877359728355836,0.0180438382700556,0.022371448857823672,0.019313500344718033,0.020091325642573474,0.016549875917394756,0.013272261062748212,0.01758782673232724,0.01664785330103256,0.020403718752978556,0.017453677429706122
Gold ,0.02181296153613979,0.012000232644956314,0.01093977548848292,0.009720378295472596,0.011043898637013501,0.01515795778236696,0.012245142297061161,0.01395599798888006,0.013871110187450353,0.009692169677521841,0.012587653661636217,0.013136954521048452,0.0190391307339158,0.02580496663860206,0.016263111513899916,0.0113203474980143,0.020233820046068312,0.024499674509928508,0.04160333145035742,0.025131296743447187,0.022330133285146943,0.017380586608419384,0.022402432779984115,0.013187926779984113,0.029191949134233522,0.01770487467990469,0.2121250095806195,0.06630152612390787,0.07674747329626687,0.05107990508498808,0.015478617944400317,0.01702966490230342,0.015449384994440036,0.013782868335186656,0.01699201066878475,0.015298983539316914,0.018956136970611596,0.016764096173153293,0.01528362578077839,0.01723421806354249,0.016279433893566318,0.018540377739475776,0.011669202020651309,0.008643698697378873,0.006801253564733918,0.01033558295154885,0.013337229726767274,0.017397413335980945,0.0157003383669579
Mines,0.02732576037331215,0.01717371725178713,0.014745884876886422,0.015804900881652102,0.011984977124702145,0.02381509172359015,0.023856281620333594,0.027504123669579026,0.02474785359015091,0.02370367818903892,0.022432453661636216,0.022922879928514692,0.03266261929308976,0.03920264224781572,0.025786945845909452,0.02432948621127879,0.03342555220810167,0.03967706125496426,0.051940123653693396,0.03661359234312947,0.036879180548054,0.03146180150913423,0.0378728889197776,0.02483126792692613,0.045840583669579035,0.02497112367752185,0.06630152612390787,0.08078224342335184,0.08047962799046864,0.0695831983717236,0.015931546878474985,0.027336537760127084,0.030050361604447972,0.025795466409849085,0.030880188498808577,0.028509763351866557,0.03048746588562351,0.027490429269261322,0.02827236150119142,0.026687011747418582,0.033139094042891185,0.030316380706910246,0.024652905480540117,0.020533176791104054,0.018166201898332013,0.021524742303415403,0.02364613379666402,0.02922693050833996,0.024619138379666398
Coal ,0.032270584050833995,0.018998504876886417,0.015269760603653688,0.01623732915011914,0.01068430312946783,0.030346070468625898,0.026191817696584588,0.029263158729150127,0.027582702494042887,0.03098789941223192,0.026510166894360605,0.02736911618745036,0.037562630786338355,0.046966106274821284,0.029516042065131056,0.02583787205718824,0.03915957070691024,0.047984802128673544,0.07180554586179508,0.04607894405083399,0.04561619561556792,0.03889791637807783,0.04459302814932486,0.028525299984114374,0.057744847402700555,0.028980667545671163,0.07674747329626687,0.08047962799046864,0.24243947907863383,0.09894090497220016,0.0187872922954726,0.03303517420174741,0.03549881010325655,0.029210939984114385,0.0372664330420969,0.031615796123907865,0.037486100238284345,0.03173285353455124,0.03306407208895949,0.030660362795869735,0.03960355237490071,0.036734101540905485,0.03015440336775219,0.021844697823669577,0.02082572546465449,0.02444972552819698,0.03065534058776806,0.03421364095313741,0.029891308498808583
Oil  ,0.03182711117871326,0.01934541361397935,0.014896505401111992,0.017936928891183476,0.012566192902303416,0.026840819037331213,0.02722816107386815,0.03160012526449562,0.02872418084670373,0.027473393791898334,0.02728785347100873,0.026281397285146932,0.0362440507974583,0.04645526544718029,0.029470379345512315,0.027479431405877677,0.03865950967275616,0.04561684798093725,0.05953526647815726,0.04467407339158061,0.045745520068308176,0.03745697965051627,0.04448104091342335,0.02840219902779985,0.0565205284511517,0.02807168770611596,0.05107990508498808,0.0695831983717236,0.09894090497220016,0.11644495321842731,0.01956411405242255,0.03207908612549643,0.0352643582748213,0.02949250976489276,0.034907427952343126,0.032223082919777594,0.03440360098967435,0.03184232927879269,0.032827456503574264,0.030089704195393165,0.03979535792851469,0.03672116623828435,0.029735997286735507,0.022225971326449562,0.021676611181890387,0.02536946320571883,0.02829407204606831,0.03403803592533757,0.028950489312152505
Util ,0.011217918557585384,0.010864206322478155,0.010017035869737886,0.009648571234312947,0.010927662100079425,0.00990013748054011,0.0096927514471803,0.012226506376489277,0.011025440362192211,0.010254454506751389,0.009182755075456708,0.009747704139793485,0.01153648732644956,0.013062175097696582,0.011197912228752976,0.010480374138204922,0.013074508695790308,0.015473911777601273,0.015377024921366162,0.013028624590945191,0.013171228384432087,0.011614956854646549,0.01406315752184273,0.011148505906274822,0.01641709579030977,0.011495186999205717,0.015478617944400317,0.015931546878474985,0.0187872922954726,0.01956411405242255,0.01741492240826053,0.01216186785702939,0.012769563151707705,0.011062133807783953,0.010758590081016678,0.010780336311358222,0.01140100862271644,0.011254092225575857,0.012665685407466244,0.012169350398729151,0.012925991288324067,0.011520169073868146,0.01103628542017474,0.009687615059571084,0.007510878258935663,0.010859399536139795,0.010304057518665607,0.011446211088165209,0.011015288216044479
Telcm,0.019844188041302623,0.014676667100873706,0.013462320762509927,0.01388993959015091,0.010578011361397932,0.017884443374106433,0.018998967936457504,0.021905758322478153,0.018897861712470217,0.01882681955837967,0.01814721693407466,0.018201096514694204,0.02521566406989674,0.02383189261953932,0.018941123285146938,0.02051927742652899,0.023406117559968225,0.0271817141604448,0.027969759822081008,0.023136864400317717,0.02388843124384432,0.022416509356632253,0.026430386211278786,0.019002620759332803,0.029149327148530576,0.020047786617950755,0.01702966490230342,0.027336537760127084,0.03303517420174741,0.03207908612549643,0.01216186785702939,0.026035004187450354,0.0221778095694996,0.02014129250516283,0.022537267158061952,0.022229288559173947,0.0230793194725973,0.02057321505321684,0.021153772365369337,0.0182945259030977,0.02292880819062748,0.02059329504686259,0.019770850598888005,0.017028081207307384,0.01464487905321684,0.01811215184749801,0.018067785683876087,0.021741128959491658,0.018100795253375695
PerSv,0.021950242093725186,0.015284705830023825,0.014200492009531374,0.014322791227958695,0.01031356830500397,0.018561382455917395,0.019730225931691818,0.02343675579984114,0.020823111456711674,0.020850290560762513,0.02026599056393963,0.019145429918983322,0.027139493658459093,0.026017437849086573,0.02059796554725973,0.021700998347895156,0.025686830795869732,0.030586767745830024,0.03184758893089754,0.026851984876886413,0.02656960839078633,0.024047880508339954,0.02991999903097696,0.02202371754090548,0.033705185035742664,0.02160487341382049,0.015449384994440036,0.030050361604447972,0.03549881010325655,0.0352643582748213,0.012769563151707705,0.0221778095694996,0.037521396975377284,0.022064567272438444,0.024094365756949964,0.023031760019062743,0.02482606507069102,0.022420190490865764,0.023334154036536933,0.02019558982366958,0.02702979212708499,0.022962202125496427,0.022444983968228745,0.018957946656076252,0.016302136625893568,0.01990730896266879,0.019354161178713258,0.023827520841938045,0.01913505148212867
BusSv,0.01933636624146148,0.014030677633042096,0.012847747561556789,0.013024017917394761,0.009907672413026212,0.01676669707386815,0.017631342163621916,0.020943488416203335,0.01821691993804607,0.018048794700555995,0.018108108784749798,0.01784384234630659,0.024780875455123117,0.023033581116759332,0.01860609510087371,0.01965119613979349,0.022593949726767273,0.02639760531850675,0.026728101312152506,0.022792704813343924,0.02324403091501191,0.02170969917394758,0.02594128153296267,0.018706555386814934,0.027783911262907066,0.018979595324861,0.013782868335186656,0.025795466409849085,0.029210939984114385,0.02949250976489276,0.011062133807783953,0.02014129250516283,0.022064567272438444,0.021465080252581415,0.021500618509928515,0.02131325703891978,0.022034786467037326,0.02018565894678316,0.020836991585385222,0.018001637707704528,0.022724319320095315,0.020079958648133438,0.01928566570929309,0.016755803447180303,0.014394651204130261,0.017673289366163622,0.017433779270849877,0.021209969126290702,0.017291789251787135
Hardw,0.020453873537728356,0.014642747355043683,0.013410177315329626,0.0132483845146942,0.00923211957426529,0.0194777104432089,0.019658457976171564,0.022214201118347893,0.019987529893566322,0.020060402052422557,0.019715254678316124,0.019986370065131064,0.028784533299444005,0.02592864610643367,0.02007675273709293,0.021339551389992054,0.024636316829229545,0.02878795819539317,0.030079217328038123,0.02558794907069102,0.026378596136616365,0.024394373343923748,0.02936829559968229,0.02029173958379666,0.03124098773629865,0.02089066182049245,0.01699201066878475,0.030880188498808577,0.0372664330420969,0.034907427952343126,0.010758590081016678,0.022537267158061952,0.024094365756949964,0.021500618509928515,0.03268216479110406,0.02505221653375695,0.026831717407466236,0.023104045331215246,0.022614163596505164,0.01956499100238284,0.024456926729150116,0.022165250503574267,0.020966274173153294,0.017874521175536135,0.01504435987926926,0.018339920362192213,0.01913609878951549,0.023663643081810962,0.019306301814138206
Softw,0.020413310573471004,0.014464927656870533,0.013756392660841934,0.013829102344718028,0.009698274910246225,0.01841319804924543,0.019600052308181095,0.02212364284670373,0.019696046471803022,0.0198991317172359,0.019652785671167586,0.01991401203812549,0.02897795746783161,0.02435040956632248,0.019633200482922948,0.0211779205401112,0.023647406293884038,0.027834097620333592,0.027612196575059568,0.024093084384432084,0.024640153477362984,0.023482695504368545,0.027654575075456708,0.019431394541699766,0.02930039072279587,0.019975196374900715,0.015298983539316914,0.028509763351866557,0.031615796123907865,0.032223082919777594,0.010780336311358222,0.022229288559173947,0.023031760019062743,0.02131325703891978,0.02505221653375695,0.026729550951548855,0.024661308489277202,0.021905982745035746,0.021709490487688644,0.0181983986624305,0.02340601535822081,0.02111331457664813,0.020629308111199368,0.017981174106433677,0.014804217890389198,0.01810301182525814,0.018866786106433674,0.022767822255758536,0.018547810351072277
Chips,0.022131500001588558,0.015410235186656074,0.014442521922160443,0.014531301574265288,0.010296711574265292,0.020215937366163624,0.019875443729944403,0.022938630662430504,0.02062842109451946,0.020384739691818903,0.020169343351866556,0.01992698783637808,0.02845092025575854,0.026561328049245433,0.020634027504368543,0.022136004209690228,0.02562291279904686,0.029725935650516285,0.031185770745035743,0.026103360984908664,0.027242414835583803,0.025071910929308973,0.029892024042891183,0.021006464311358216,0.03210613893566323,0.022255276605242257,0.018956136970611596,0.03048746588562351,0.037486100238284345,0.03440360098967435,0.01140100862271644,0.0230793194725973,0.02482606507069102,0.022034786467037326,0.026831717407466236,0.024661308489277202,0.029654064779984106,0.023838999957108812,0.02311284962192216,0.019911666470214456,0.025275373833200953,0.022518282559173947,0.02153462433042097,0.018022176505162826,0.015635066794281175,0.019351105232724382,0.01936490851310564,0.02428382235901509,0.01934029945353455
LabEq,0.019564178263701347,0.01421341116759333,0.01306316379666402,0.01382426873232724,0.010077024800635425,0.017665115876092135,0.018177811971405874,0.020787399736298645,0.019047388138204925,0.01881219696902303,0.018374188562351068,0.01875597172517872,0.02605328903415409,0.024434906543288327,0.019183826843526607,0.019955838872120726,0.023494251038919774,0.0273826895694996,0.028281724079428115,0.023883070881652105,0.024685744103256545,0.022639736219221607,0.027127218467037337,0.019492084937251786,0.02917657575853852,0.0202627814471803,0.016764096173153293,0.027490429269261322,0.03173285353455124,0.03184232927879269,0.011254092225575857,0.02057321505321684,0.022420190490865764,0.02018565894678316,0.023104045331215246,0.021905982745035746,0.023838999957108812,0.02512610708657665,0.021403246384432088,0.018497526196981733,0.023137094799046867,0.02065960282287529,0.0196216394471803,0.016717180984908653,0.014519237726767274,0.01798509030659254,0.017600176970611593,0.021952087760127078,0.017886856937251786
Paper,0.020322635032565525,0.01531022416203336,0.014339195790309768,0.014167070092136615,0.011025118837172358,0.018747964250992847,0.01884781662271644,0.022276191717235896,0.019629785857029392,0.01988239232406672,0.018527466814932482,0.0178806753121525,0.02405168178395551,0.02535982506910246,0.020481402290706902,0.021866089896743445,0.024943573281969812,0.02879848485464655,0.03031464364098491,0.025129436759332796,0.02553436898649722,0.02312087299444003,0.028848770492454323,0.020637614602065132,0.03150423631453534,0.020877359728355836,0.01528362578077839,0.02827236150119142,0.03306407208895949,0.032827456503574264,0.012665685407466244,0.021153772365369337,0.023334154036536933,0.020836991585385222,0.022614163596505164,0.021709490487688644,0.02311284962192216,0.021403246384432088,0.033402201955520246,0.022103419744241466,0.02468149519301032,0.021781631061159653,0.02082881421445592,0.017289429340746624,0.015593745355043681,0.019521117254964256,0.019032399693407465,0.02261214726767275,0.018034901442414614
