,Agric,Food ,Soda ,Beer ,Smoke,Toys ,Fun  ,Books,Hshld,Clths,Hlth ,MedEq,Drugs,Chems,Rubbr,Txtls,BldMt,Cnstr,Steel,FabPr,Mach ,ElcEq,Autos,Aero ,Ships,Guns ,Gold ,Mines,Coal ,Oil  ,Util ,Telcm,PerSv,BusSv,Hardw,Softw,Chips,LabEq,Paper,Boxes,Trans,Whlsl,Rtail,Meals,Banks,Insur,RlEst,Fin  ,Other
Agric,0.06117375961080222,0.0216885329706116,0.02005189230341541,0.018460282247815724,0.018501838665607624,0.02468365437648928,0.02759240391580619,0.03265935842732327,0.02686492637807783,0.026901106338363782,0.027509980301826845,0.026335672930897534,0.03364934379666402,0.0347391167593328,0.027571845552025402,0.027949006679904676,0.03355023531374105,0.03788107530579825,0.04095834628276409,0.034932358602065124,0.036010714876886424,0.03352391610007943,0.0387174396584591,0.028377076552819704,0.0449849935822081,0.028444686656076246,0.03184521567116759,0.040330284543288325,0.04739549171564734,0.04484209131056394,0.018437759205718822,0.03143432123907863,0.03178382037331216,0.029321789332803803,0.030970240222398724,0.030220477942811748,0.032579119086576645,0.029850766401906273,0.03188869102462271,0.027182398133439232,0.033299351842732326,0.030262566393963453,0.02898043746624306,0.025358588824463856,0.020786095226370135,0.027424721342335184,0.02499191239078634,0.03312776633836378,0.027442253756949957
Food ,0.0216885329706116,0.02134050557426529,0.016362774568705322,0.01493066856393964,0.01557962731691819,0.018043407247021446,0.01996686685146942,0.023221037264495634,0.019713095563145357,0.020934131965051627,0.017964396759332802,0.01826178902303415,0.022609822106433683,0.024602515202541694,0.019672798368546462,0.020988961262907068,0.024116759971405874,0.027178279216838762,0.028176770400317713,0.02429871584432089,0.025235348710087365,0.022650688004765687,0.0272160435313741,0.0206408706370135,0.031119049137410638,0.02120392946465449,0.016946508891183484,0.026420199974582996,0.02987309192851469,0.029595955418586176,0.015073310138204924,0.0226744852867355,0.022029460637013498,0.02091191480063543,0.02217131761715647,0.02131397636060365,0.02269848865925337,0.021319593280381254,0.02316329091024622,0.01997822430341541,0.02295231519459889,0.02160241457505957,0.020985925234312943,0.018651312983320092,0.015088888926131852,0.020365179722001584,0.018819073318506747,0.023444342675139,0.019681475399523436
Soda ,0.02005189230341541,0.016362774568705322,0.038062827734710085,0.015369235598093726,0.015411875113582203,0.017352797931691817,0.018892769034154086,0.022866932679904684,0.01838411627164416,0.019547344667196185,0.016960887815726768,0.01811733968228753,0.023138718449563146,0.023020186401906277,0.01794380526926132,0.019619159833200957,0.02228020015567911,0.02536730586656075,0.025998966263701347,0.021375574544876888,0.023107881266084193,0.02175861657029388,0.02531244055123114,0.018813932317712476,0.02764227759809372,0.020880798065131056,0.01667383177601271,0.02464652688800635,0.026174508818109614,0.025603295415409056,0.013841551783955519,0.021301912425734704,0.020907625701350272,0.019619886867355045,0.021090825416997618,0.020530576983320094,0.02184476327084988,0.01993654978554408,0.022494680336775215,0.018811480366957904,0.021298888093725175,0.01975316240667196,0.019738222803812544,0.01816193211596505,0.014537227912629071,0.01957611157267673,0.017302401280381255,0.02175659031930103,0.018644376800635423
Beer ,0.018460282247815724,0.01493066856393964,0.015369235598093726,0.030957489911040505,0.01481939155520254,0.015903412419380456,0.01771115116282764,0.019877298779984114,0.018333307073868144,0.018515373706115962,0.01715586630659253,0.017056895710881655,0.021587811062748208,0.02156871294678316,0.01830560156791104,0.018616239722001587,0.0213778082573471,0.02428940075138999,0.02499666232406672,0.02158093765845909,0.02178442901826846,0.020402824624305003,0.023424575753772835,0.018464157734710086,0.028642656851469418,0.020093611440826057,0.016837057367752182,0.024238563202541707,0.026295850057188243,0.026858921531374105,0.01360442460365369,0.020612132822875297,0.0199008555822081,0.018771563737887215,0.019455858490865775,0.019212250676727553,0.020639117694996028,0.01955695359809372,0.020600457620333596,0.01836582649880858,0.020771999499602862,0.019290650079428116,0.01849741093725179,0.016580787604447974,0.013745607849086575,0.01856624413820492,0.01632806863542494,0.021156571478951548,0.017485670239872922
Smoke,0.018501838665607624,0.01557962731691819,0.015411875113582203,0.01481939155520254,0.031600356447974584,0.015700733166004763,0.01698349269579031,0.019305891869737888,0.01652999931374106,0.017538924714853056,0.014794053979348692,0.01580189785544082,0.01831272203971406,0.020437148625893572,0.01648594982049245,0.01795237791898332,0.01983931508816521,0.021793672832406664,0.022130274643367746,0.01904981676886418,0.020449169232724378,0.018798673448768857,0.02233603207625099,0.017571477750595702,0.02596620703415409,0.018277134729150116,0.01638762765369341,0.021625350176330417,0.022219005998411433,0.02370200925178713,0.015621729131056392,0.019743512521048456,0.018105496241461478,0.01744417618427323,0.017493083399523424,0.01711845394122319,0.0185714820714853,0.01778127078633836,0.020033046976965847,0.018445445776012707,0.018916765305798257,0.01807994382843527,0.017938633010325652,0.01615076713582208,0.012658300803812549,0.018173741604447975,0.015450514846703733,0.019583978706910244,0.016640551987291502
Toys ,0.02468365437648928,0.018043407247021446,0.017352797931691817,0.015903412419380456,0.015700733166004763,0.04309223923113582,0.023801170633836376,0.02738495352501985,0.023884615418586174,0.025536976228752985,0.02216143409054806,0.022562864305003972,0.029244060473391575,0.02976807215250199,0.023236733620333596,0.025705583685464654,0.02906279805559969,0.033449795783955516,0.03546002456870533,0.03062362804130261,0.03070843935504368,0.029084097000794278,0.03297143230182686,0.02406161551707705,0.037993781534551234,0.02535407025258141,0.02116167136775218,0.03336538124225576,0.04227704101985703,0.03780781748689435,0.015475626840349487,0.02711408995075456,0.025753975882446385,0.024580747301032574,0.02787363259729944,0.025812311965051626,0.028086950973788716,0.02547953083399523,0.02750562853693408,0.023165195110405077,0.027083862414614777,0.025639053105639395,0.025653066195393173,0.021946059434471803,0.017464188025416997,0.0226900952025417,0.022994175618745036,0.02691701123431294,0.023525773839555206
Fun  ,0.02759240391580619,0.01996686685146942,0.018892769034154086,0.01771115116282764,0.01698349269579031,0.023801170633836376,0.03376754803971407,0.0301100369912629,0.02539013888641779,0.027498971221604444,0.0246468576330421,0.024526826608419382,0.03145203360127084,0.03254031037331215,0.025446238730738677,0.026557999134233515,0.031863378481334394,0.036550186972200145,0.03811898611437648,0.03198103705798252,0.03351876111358222,0.03010516438919777,0.036269621844320886,0.02629980171882447,0.042198697575853844,0.026769505521842724,0.022416462524225578,0.0370315024432089,0.041908578034948366,0.04093410781890389,0.016870785772835583,0.030657714115965046,0.029018072354249403,0.02751054020492454,0.03045119694996029,0.029406617224781575,0.03045804823987292,0.028272234583002383,0.030289524918189044,0.02538997481016681,0.030315144710087366,0.028518374765687055,0.027801274241461477,0.024964556427323276,0.01977965522319301,0.026040790174741854,0.024206414452740275,0.030774098074662432,0.02641573484988086
Books,0.03265935842732327,0.023221037264495634,0.022866932679904684,0.019877298779984114,0.019305891869737888,0.02738495352501985,0.0301100369912629,0.0534264005655282,0.029153576861000792,0.030624103294678313,0.028030175567911042,0.027836673518665603,0.034960193378872115,0.03699111523431295,0.02914150850833995,0.030516482716441615,0.0362428624050834,0.041594328664019055,0.04341713187291502,0.03675110644638602,0.03818468439396346,0.03465610751072279,0.04122617859571088,0.03020658429229547,0.04917583708339952,0.029799723075456717,0.0242801790214456,0.04150389367434472,0.04621706115647339,0.046482176285941236,0.020241912222398722,0.03493648244003178,0.033740042735504364,0.031755856575059555,0.03372265334392375,0.03254873651787133,0.03419345248927721,0.03174452212867355,0.03485778661795075,0.028639627923749002,0.03522891731532963,0.032371718236695796,0.03127908119142177,0.027513289636219216,0.023404707129467826,0.030515156616362196,0.026148070544876882,0.035300431307386804,0.029441979488482924
Hshld,0.02686492637807783,0.019713095563145357,0.01838411627164416,0.018333307073868144,0.01652999931374106,0.023884615418586174,0.02539013888641779,0.029153576861000792,0.031215702575059567,0.027898264934074657,0.023956217855440828,0.023714654757744237,0.029410347113582203,0.03196920241461477,0.025133066813343923,0.02725077652899126,0.03139994193169183,0.036219119493248596,0.037392015061159654,0.03183663607942812,0.03298656555837967,0.029727543505957105,0.03549392411278792,0.026403790052422552,0.04173209711834789,0.02691267957744242,0.021408561812549638,0.03568691372835584,0.04065446209213662,0.040473826033359805,0.01704690255123114,0.028948204930897534,0.02863453253852264,0.02647575777760127,0.028968403463065916,0.027972065888800638,0.029454350711675938,0.027466281953931696,0.02913794068943605,0.02538810048768864,0.02988482790309769,0.02788899861000795,0.027856687601270844,0.023796593945988875,0.019217148430500392,0.02524451902303415,0.023327177572676727,0.02948841836695791,0.025446173966640187
Clths,0.026901106338363782,0.020934131965051627,0.019547344667196185,0.018515373706115962,0.017538924714853056,0.025536976228752985,0.027498971221604444,0.030624103294678313,0.027898264934074657,0.04357928606195392,0.02506789264495631,0.025198125814138207,0.030350180028594128,0.03339408625893567,0.02610529560603654,0.029885920698967432,0.032198704298649725,0.03684737587926926,0.0397204464432089,0.032826565483717235,0.034622819450357424,0.03079131410961079,0.0378169152406672,0.027795403475774423,0.04402565279745829,0.028495628632247822,0.020870246983320094,0.03672778562668784,0.046646973680698964,0.041494869210484495,0.01796301359173947,0.030663738783161233,0.02983747794757744,0.02779727481493249,0.031211586433677514,0.029814412600476556,0.031078539679110406,0.02891885362986497,0.031020491507545666,0.026049814506751392,0.03154110976965846,0.029334546878474973,0.032545939920571886,0.026397037559968233,0.019770599764892777,0.026476275011914224,0.02559073777918983,0.030954290027005556,0.026615682052422554
Hlth ,0.027509980301826845,0.017964396759332802,0.016960887815726768,0.01715586630659253,0.014794053979348692,0.02216143409054806,0.0246468576330421,0.028030175567911042,0.023956217855440828,0.02506789264495631,0.03410620244638602,0.02525847119936457,0.033617076282764106,0.03001867027799841,0.024053518824463854,0.02489939857029388,0.028793113391580628,0.033734912819698176,0.03544254468625894,0.028957589197776013,0.03025984285941223,0.028983191898332015,0.03351333982525815,0.024081376076250993,0.03881323974583002,0.024892611024622716,0.021067521874503572,0.033454888737092923,0.03955984721207308,0.03850108171564733,0.015157005242255758,0.02778006293884034,0.02774264673550436,0.02581946449563145,0.02801162611596505,0.027264572676727564,0.02834196333598094,0.0264505658776807,0.027794732231930096,0.023480408641779183,0.02842328158856235,0.026376191517077045,0.025751094138204925,0.022699222335186654,0.018425365655281967,0.024714128006354242,0.021827152057188243,0.028248436473391585,0.024409193995234307
MedEq,0.026335672930897534,0.01826178902303415,0.01811733968228753,0.017056895710881655,0.01580189785544082,0.022562864305003972,0.024526826608419382,0.027836673518665603,0.023714654757744237,0.025198125814138207,0.02525847119936457,0.02885903583796664,0.03437678074662431,0.030137739253375696,0.024273209706115968,0.025249618951548848,0.029203089912629068,0.033588371421763304,0.03496877405877681,0.029671301254964262,0.030482715409054804,0.028762460476568708,0.03323748637013502,0.024546121874503578,0.038435486036536924,0.025555810992851476,0.021668844972200153,0.03397931866560762,0.04059018613185068,0.03785482605242256,0.015938562478157267,0.028110571723590147,0.026852583621922155,0.02600209901509134,0.028788490675138993,0.027814789404289116,0.028454342668784747,0.027137852104845102,0.02780165782366958,0.023044801445591744,0.02778306076250993,0.0263840695313741,0.02589593237490071,0.022672470007942817,0.018399506513105637,0.024331494185861797,0.021526605623510726,0.02852304832406671,0.024593230913423348
Drugs,0.03364934379666402,0.022609822106433683,0.023138718449563146,0.021587811062748208,0.01831272203971406,0.029244060473391575,0.03145203360127084,0.034960193378872115,0.029410347113582203,0.030350180028594128,0.033617076282764106,0.03437678074662431,0.057146367186656076,0.03837519437648928,0.030168312965845916,0.03133397051628276,0.03660500061636219,0.04203410816203336,0.04241594641461477,0.03626273111358219,0.03781847128196981,0.03698006919142176,0.04136846839078634,0.030073630506751405,0.04743622857505958,0.03180284071803017,0.028863926716441626,0.043767958150913416,0.04902115789674345,0.04819072400953138,0.018742656470214454,0.035471266738681485,0.03427979250833994,0.03288944404765687,0.037115668212867346,0.03659542944559174,0.03685538853693407,0.03447774401906274,0.03418636227482129,0.028283895529785538,0.035176240508339944,0.03317593617156474,0.03229876746624304,0.028924390424146146,0.022444759199364575,0.029501979507545677,0.027322277388403492,0.0354736250293884,0.03178634969976171
Chems,0.0347391167593328,0.024602515202541694,0.023020186401906277,0.02156871294678316,0.020437148625893572,0.02976807215250199,0.03254031037331215,0.03699111523431295,0.03196920241461477,0.03339408625893567,0.03001867027799841,0.030137739253375696,0.03837519437648928,0.04897229502779983,0.03300036530579825,0.03264551285146942,0.04069077683876091,0.046142514884829226,0.052138810643367756,0.04310893947577442,0.043954366195393176,0.03951567091342335,0.046340570357426523,0.033546306306592534,0.05543276508339951,0.033831164162033356,0.03741928060365369,0.0534572859412232,0.06396186637013501,0.06069386713264495,0.02147081057982526,0.03715514366957902,0.036239672120730745,0.03407640104845116,0.03827138478157268,0.03558852260524224,0.03862741925337569,0.03581992778395552,0.038243488133439245,0.03358782420969022,0.03864687526608418,0.03660785779189834,0.0335525935186656,0.028779710881652102,0.023873700683081818,0.0319640970929309,0.030293654741858623,0.03834670173153294,0.03280890357426529
Rubbr,0.027571845552025402,0.019672798368546462,0.01794380526926132,0.01830560156791104,0.01648594982049245,0.023236733620333596,0.025446238730738677,0.02914150850833995,0.025133066813343923,0.02610529560603654,0.024053518824463854,0.024273209706115968,0.030168312965845916,0.03300036530579825,0.03381072039872915,0.026429559626687846,0.032308947250198575,0.036416497107227955,0.038872025812549636,0.033222189051628284,0.033502548579825264,0.03029271033042096,0.03588477121683876,0.026567327660047657,0.04212192340587768,0.026199746284352662,0.026050402460683093,0.037496309051628283,0.04286008972676727,0.04170728535663225,0.017577400196981736,0.028945927364575054,0.028471712020651307,0.02700143172200158,0.029382955138999207,0.02795260662907068,0.029731261567911036,0.027819395281969812,0.030161337944400304,0.026092835826846707,0.029972293891977767,0.028265024789515487,0.02663323651310564,0.02313412794440032,0.01949477917871326,0.025583983486894356,0.0235358610293884,0.030255021347100872,0.025657289766481333
Txtls,0.027949006679904676,0.020988961262907068,0.019619159833200957,0.018616239722001587,0.01795237791898332,0.025705583685464654,0.026557999134233515,0.030516482716441615,0.02725077652899126,0.029885920698967432,0.02489939857029388,0.025249618951548848,0.03133397051628276,0.03264551285146942,0.026429559626687846,0.04330015484511516,0.033387248530579824,0.03904799783161237,0.037851231731532965,0.03334504575059572,0.033884992351072285,0.03129768907863384,0.037137632525814146,0.02690323220015885,0.04328637941223192,0.028132033439237484,0.02020700409054805,0.03501935971405878,0.04047385789515487,0.03930446087370928,0.016999136806989674,0.03070885181890389,0.029349585250198564,0.02804496126290707,0.03053420949960286,0.029404233764892766,0.03086033254169977,0.028653146735504363,0.031436927084988096,0.02626037034948371,0.03106011481334392,0.02853691198570294,0.029193779594916605,0.025320202756155676,0.020334601644162034,0.026453809872915006,0.025312397347100876,0.030735907434471795,0.02656673499602859
BldMt,0.03355023531374105,0.024116759971405874,0.02228020015567911,0.0213778082573471,0.01983931508816521,0.02906279805559969,0.031863378481334394,0.0362428624050834,0.03139994193169183,0.032198704298649725,0.028793113391580628,0.029203089912629068,0.03660500061636219,0.04069077683876091,0.032308947250198575,0.033387248530579824,0.04552185022398728,0.0476400300333598,0.049301507237490064,0.041703021178713266,0.042432236177918976,0.03755097347418586,0.04489611620969024,0.03265482727243844,0.05361235640349483,0.033046287154884835,0.03233907556155678,0.04775998000317714,0.05605163425258142,0.053154221776012714,0.020993503853852263,0.036044764327243836,0.03549725416679906,0.033323385617156476,0.036327743542494045,0.03432784657982525,0.03712061797934868,0.03455931173947576,0.03743586752025417,0.03178294138522636,0.03758364843526609,0.03534351712470214,0.033299432263701356,0.028725694255758542,0.024123782115965057,0.0314755990627482,0.02974486515011915,0.037500398907069105,0.0318439828308181
Cnstr,0.03788107530579825,0.027178279216838762,0.02536730586656075,0.02428940075138999,0.021793672832406664,0.033449795783955516,0.036550186972200145,0.041594328664019055,0.036219119493248596,0.03684737587926926,0.033734912819698176,0.033588371421763304,0.04203410816203336,0.046142514884829226,0.036416497107227955,0.03904799783161237,0.0476400300333598,0.0656227579523431,0.05558038432247817,0.046460901591739476,0.04788570060206513,0.043024914069896746,0.05113400968864178,0.03661222760603654,0.06050921635583796,0.03685915655917393,0.03641057803177125,0.05473488087688643,0.0659785050627482,0.06098647581890387,0.02396688021604448,0.04108231098332009,0.040848953809372514,0.03778116189197775,0.041148185957108806,0.039181831909451945,0.04182966653375694,0.03896581666401905,0.041795585200953125,0.03548239702462272,0.043014845837966637,0.03966739964257347,0.03794951706910247,0.033011189355043685,0.027331106127084986,0.03614940955520253,0.035065890773629864,0.04209536912152502,0.035974434586179514
Steel,0.04095834628276409,0.028176770400317713,0.025998966263701347,0.02499666232406672,0.022130274643367746,0.03546002456870533,0.03811898611437648,0.04341713187291502,0.037392015061159654,0.0397204464432089,0.03544254468625894,0.03496877405877681,0.04241594641461477,0.052138810643367756,0.038872025812549636,0.037851231731532965,0.049301507237490064,0.05558038432247817,0.07528794721366162,0.05212352643685464,0.053632640776807,0.046568654498808586,0.055442359807783954,0.03941170900397141,0.06686500078792693,0.03951272926767275,0.05170474101826846,0.06743796020969023,0.09012475040031769,0.07587803324543288,0.025072395196187446,0.04375694383478951,0.04353375307863383,0.04002765510881653,0.044758053598093726,0.041211899486894354,0.04570413007625097,0.04189594810166799,0.045746308187450346,0.03992137256076251,0.04645344202541699,0.04418733149324861,0.03942371754567116,0.033854144875297844,0.028611518962668777,0.03780068084988086,0.03610884000317712,0.04570228626211278,0.03844919944718029
FabPr,0.034932358602065124,0.02429871584432089,0.021375574544876888,0.02158093765845909,0.01904981676886418,0.03062362804130261,0.03198103705798252,0.03675110644638602,0.03183663607942812,0.032826565483717235,0.028957589197776013,0.029671301254964262,0.03626273111358219,0.04310893947577442,0.033222189051628284,0.03334504575059572,0.041703021178713266,0.046460901591739476,0.05212352643685464,0.09712931606671962,0.04508318635107228,0.04014189376330422,0.04613250473073869,0.03348295103415409,0.05659634534074662,0.033614412212867345,0.03526244065448768,0.050095961880857826,0.06287349814773631,0.058487057849086574,0.02174353723907864,0.03701429138681494,0.03627840920730739,0.03381055274344718,0.037541069166004776,0.035153007949166,0.037863124441620336,0.035515455186656074,0.03832204245909452,0.03150038240508339,0.037099218109610796,0.036523453852263695,0.034036955075456704,0.028627605382049236,0.02422331047498014,0.03171518697378872,0.030035082706910233,0.037345605629864984,0.032150643374106426
Mach ,0.036010714876886424,0.025235348710087365,0.023107881266084193,0.02178442901826846,0.020449169232724378,0.03070843935504368,0.03351876111358222,0.03818468439396346,0.03298656555837967,0.034622819450357424,0.03025984285941223,0.030482715409054804,0.03781847128196981,0.043954366195393176,0.033502548579825264,0.033884992351072285,0.042432236177918976,0.04788570060206513,0.053632640776807,0.04508318635107228,0.04796190959650516,0.04023504545353456,0.04811377801588562,0.03484098653216838,0.05843280759968227,0.034686615704527406,0.03522602012549643,0.0518898553582208,0.06369004753455122,0.06063526918506751,0.022169721372517867,0.038256726125496424,0.03746308917712469,0.03520995871167593,0.03964983545671166,0.03661188059253376,0.04023053089277204,0.03702806012708499,0.03946360774583002,0.033620054571882454,0.04008981081016678,0.03766347625893565,0.0348776208181096,0.03009653661795075,0.025064960147736296,0.033064001437648934,0.030505521553613985,0.03973422147418585,0.033400208368546465
ElcEq,0.03352391610007943,0.022650688004765687,0.02175861657029388,0.020402824624305003,0.018798673448768857,0.029084097000794278,0.03010516438919777,0.03465610751072279,0.029727543505957105,0.03079131410961079,0.028983191898332015,0.028762460476568708,0.03698006919142176,0.03951567091342335,0.03029271033042096,0.03129768907863384,0.03755097347418586,0.043024914069896746,0.046568654498808586,0.04014189376330422,0.04023504545353456,0.0470874569960286,0.04286361611278793,0.0312700402319301,0.05093858210007942,0.03116062957585386,0.029214822886417784,0.04553275114217633,0.05575949170611595,0.05117392539475773,0.01924545110722795,0.03452149821763304,0.03387284567275616,0.03193749897855441,0.035882662970611594,0.03372089337410644,0.036319010025416994,0.03322858158856234,0.0351429824432089,0.029952939537728356,0.03552660764892771,0.03376436698173153,0.03120933457505956,0.02700721280857824,0.022660044478157264,0.029598164725972986,0.02806003925972994,0.0355861832152502,0.030681230602065134
Autos,0.0387174396584591,0.0272160435313741,0.02531244055123114,0.023424575753772835,0.02233603207625099,0.03297143230182686,0.036269621844320886,0.04122617859571088,0.03549392411278792,0.0378169152406672,0.03351333982525815,0.03323748637013502,0.04136846839078634,0.046340570357426523,0.03588477121683876,0.037137632525814146,0.04489611620969024,0.05113400968864178,0.055442359807783954,0.04613250473073869,0.04811377801588562,0.04286361611278793,0.05740584802382842,0.03756889623828435,0.06111217134868944,0.03684897545035742,0.03419255100714853,0.05292946863860206,0.0636959184003177,0.05988243954249403,0.02307860140428912,0.040643233194598886,0.04092961920095314,0.03767399358061953,0.04216029521842732,0.039471792665607616,0.04259094580937251,0.0393230530420969,0.04243177336934074,0.035888744436854636,0.04309059252581413,0.03974374108816522,0.038049919324861,0.03288347753931691,0.02680969493725178,0.03576094296266878,0.03306804924225577,0.04230482369817314,0.035510165032565516
Aero ,0.028377076552819704,0.0206408706370135,0.018813932317712476,0.018464157734710086,0.017571477750595702,0.02406161551707705,0.02629980171882447,0.03020658429229547,0.026403790052422552,0.027795403475774423,0.024081376076250993,0.024546121874503578,0.030073630506751405,0.033546306306592534,0.026567327660047657,0.02690323220015885,0.03265482727243844,0.03661222760603654,0.03941170900397141,0.03348295103415409,0.03484098653216838,0.0312700402319301,0.03756889623828435,0.035362228568705315,0.04467479143447181,0.029236582100079424,0.022402978265289912,0.03688325467196186,0.04236586587132645,0.040952655701350274,0.018275904794281178,0.03014437342652899,0.03025908589992057,0.02815327904368546,0.030463460683081815,0.028807975164416195,0.030990296416203347,0.029110830373312146,0.031690798144559176,0.027020159183478953,0.031620873216838756,0.02929987474185861,0.027838614090548053,0.024264878922954727,0.020246355339158063,0.02707087534551231,0.024362470811755358,0.03156749845274027,0.026213505092930897
Ships,0.0449849935822081,0.031119049137410638,0.02764227759809372,0.028642656851469418,0.02596620703415409,0.037993781534551234,0.042198697575853844,0.04917583708339952,0.04173209711834789,0.04402565279745829,0.03881323974583002,0.038435486036536924,0.04743622857505958,0.05543276508339951,0.04212192340587768,0.04328637941223192,0.05361235640349483,0.06050921635583796,0.06686500078792693,0.05659634534074662,0.05843280759968227,0.05093858210007942,0.06111217134868944,0.04467479143447181,0.0987286506370135,0.04481406272279586,0.0447177984686259,0.06584634130579826,0.08173083754090546,0.07646826577918983,0.028780108206513104,0.048442506725972986,0.048159125223193,0.04433056504527402,0.049325912883240675,0.045757576285941216,0.049650448432088955,0.04602715774424146,0.05063391447815728,0.04251325692136615,0.0526447850039714,0.04744797070691025,0.04463449429706118,0.03768684296108022,0.03173244033677522,0.042403614614773634,0.036805120845115176,0.05002183423669578,0.04248393676250993
Guns ,0.028444686656076246,0.02120392946465449,0.020880798065131056,0.020093611440826057,0.018277134729150116,0.02535407025258141,0.026769505521842724,0.029799723075456717,0.02691267957744242,0.028495628632247822,0.024892611024622716,0.025555810992851476,0.03180284071803017,0.033831164162033356,0.026199746284352662,0.028132033439237484,0.033046287154884835,0.03685915655917393,0.03951272926767275,0.033614412212867345,0.034686615704527406,0.03116062957585386,0.03684897545035742,0.029236582100079424,0.04481406272279586,0.04866276695154884,0.02480248650357426,0.03687974962351072,0.04340341349960285,0.04087941472915011,0.017647602897537723,0.030912748492454324,0.030304746405083405,0.028249900927720416,0.030833275520254156,0.029101454929308976,0.03186802262430501,0.0296049583161239,0.03158877619698172,0.026764133277204127,0.03170368293884035,0.029136694344718033,0.02907041637807784,0.02472302310722796,0.019938547669579032,0.026972021556791098,0.024303662760921368,0.03137917316600477,0.02682799184749801
Gold ,0.03184521567116759,0.016946508891183484,0.01667383177601271,0.016837057367752182,0.01638762765369341,0.02116167136775218,0.022416462524225578,0.0242801790214456,0.021408561812549638,0.020870246983320094,0.021067521874503572,0.021668844972200153,0.028863926716441626,0.03741928060365369,0.026050402460683093,0.02020700409054805,0.03233907556155678,0.03641057803177125,0.05170474101826846,0.03526244065448768,0.03522602012549643,0.029214822886417784,0.03419255100714853,0.022402978265289912,0.0447177984686259,0.02480248650357426,0.20113686470373307,0.07639640961397934,0.08683389559491658,0.06335019191104051,0.01935756186814932,0.028305554287529792,0.02563803460365369,0.023557049485305806,0.028987297791898334,0.02574062844638602,0.03050365878157267,0.026755629245432882,0.02694076931532962,0.026621194069896745,0.02658314308975378,0.02784462102462272,0.021660742422557583,0.01809199707545671,0.014940280074662434,0.02108342194598888,0.02092633455440826,0.029590883275615577,0.02559344122637013
Mines,0.040330284543288325,0.026420199974582996,0.02464652688800635,0.024238563202541707,0.021625350176330417,0.03336538124225576,0.0370315024432089,0.04150389367434472,0.03568691372835584,0.03672778562668784,0.033454888737092923,0.03397931866560762,0.043767958150913416,0.0534572859412232,0.037496309051628283,0.03501935971405878,0.04775998000317714,0.05473488087688643,0.06743796020969023,0.050095961880857826,0.0518898553582208,0.04553275114217633,0.05292946863860206,0.03688325467196186,0.06584634130579826,0.03687974962351072,0.07639640961397934,0.09532354068943606,0.09726950062589354,0.0835988722732327,0.024888718398729158,0.04252641424622716,0.04124941254328832,0.03825771509451945,0.044920329054805405,0.0411277428181096,0.04429389994598888,0.04040004476568704,0.04312874066401906,0.03868478148371725,0.044351381223193,0.04270184559173947,0.03680857286735505,0.03174422552501986,0.0264332672025417,0.03481716381254965,0.03339228651945988,0.04366452127720414,0.037946250014297064
Coal ,0.04739549171564734,0.02987309192851469,0.026174508818109614,0.026295850057188243,0.022219005998411433,0.04227704101985703,0.041908578034948366,0.04621706115647339,0.04065446209213662,0.046646973680698964,0.03955984721207308,0.04059018613185068,0.04902115789674345,0.06396186637013501,0.04286008972676727,0.04047385789515487,0.05605163425258142,0.0659785050627482,0.09012475040031769,0.06287349814773631,0.06369004753455122,0.05575949170611595,0.0636959184003177,0.04236586587132645,0.08173083754090546,0.04340341349960285,0.08683389559491658,0.09726950062589354,0.2474764513089754,0.1150797291437649,0.029280368756155674,0.05036736601747417,0.048486376141382036,0.04420208463383638,0.05402584231930101,0.046847685034154096,0.05374526710246227,0.04758024093725179,0.05065626771723591,0.04422363877521841,0.0534868262192216,0.05118491495631453,0.04447271149324861,0.035265903181890386,0.03085635305639398,0.0399253281731533,0.041488039545671165,0.05092482960127085,0.04501264302462271
Oil  ,0.04484209131056394,0.029595955418586176,0.025603295415409056,0.026858921531374105,0.02370200925178713,0.03780781748689435,0.04093410781890389,0.046482176285941236,0.040473826033359805,0.041494869210484495,0.03850108171564733,0.03785482605242256,0.04819072400953138,0.06069386713264495,0.04170728535663225,0.03930446087370928,0.053154221776012714,0.06098647581890387,0.07587803324543288,0.058487057849086574,0.06063526918506751,0.05117392539475773,0.05988243954249403,0.040952655701350274,0.07646826577918983,0.04087941472915011,0.06335019191104051,0.0835988722732327,0.1150797291437649,0.12452933296902301,0.0295976005528197,0.047983896921366176,0.04658221805242257,0.04262069669261318,0.04972572019062748,0.04573513012867354,0.04890494653534551,0.04528677785544083,0.047720839828435266,0.04199272603018268,0.050408169054805385,0.04923469645750596,0.0421396874344718,0.03433398184590945,0.02994874436219222,0.03885370665607625,0.03897872844479747,0.04852270753931692,0.04278131500555996
Util ,0.018437759205718822,0.015073310138204924,0.013841551783955519,0.01360442460365369,0.015621729131056392,0.015475626840349487,0.016870785772835583,0.020241912222398722,0.01704690255123114,0.01796301359173947,0.015157005242255758,0.015938562478157267,0.018742656470214454,0.02147081057982526,0.017577400196981736,0.016999136806989674,0.020993503853852263,0.02396688021604448,0.025072395196187446,0.02174353723907864,0.022169721372517867,0.01924545110722795,0.02307860140428912,0.018275904794281178,0.028780108206513104,0.017647602897537723,0.01935756186814932,0.024888718398729158,0.029280368756155674,0.0295976005528197,0.020984141788721204,0.020256162039714056,0.01919748064813344,0.017904863980937248,0.018201729150119132,0.01754247449086576,0.018941561728355837,0.018174464718030185,0.020608733254964255,0.018815840019062748,0.02014916768864177,0.01898986119142176,0.01802523869737887,0.016026896241461478,0.013110129868149327,0.018538484606830812,0.016022336857823668,0.020260838112787928,0.017930308327243842
Telcm,0.03143432123907863,0.0226744852867355,0.021301912425734704,0.020612132822875297,0.019743512521048456,0.02711408995075456,0.030657714115965046,0.03493648244003178,0.028948204930897534,0.030663738783161233,0.02778006293884034,0.028110571723590147,0.035471266738681485,0.03715514366957902,0.028945927364575054,0.03070885181890389,0.036044764327243836,0.04108231098332009,0.04375694383478951,0.03701429138681494,0.038256726125496424,0.03452149821763304,0.040643233194598886,0.03014437342652899,0.048442506725972986,0.030912748492454324,0.028305554287529792,0.04252641424622716,0.05036736601747417,0.047983896921366176,0.020256162039714056,0.039165882027005564,0.03286909345830024,0.03133865303256553,0.034702912660841946,0.033274581077045264,0.03504057495154886,0.03223889102462271,0.03410109638760921,0.029131109401111993,0.03442671793486895,0.0324202836536934,0.031000375949166,0.02733761889753773,0.02258386727243844,0.029764179126290705,0.02703718250675138,0.035087608082605234,0.02965796442891183
PerSv,0.03178382037331216,0.022029460637013498,0.020907625701350272,0.0199008555822081,0.018105496241461478,0.025753975882446385,0.029018072354249403,0.033740042735504364,0.02863453253852264,0.02983747794757744,0.02774264673550436,0.026852583621922155,0.03427979250833994,0.036239672120730745,0.028471712020651307,0.029349585250198564,0.03549725416679906,0.040848953809372514,0.04353375307863383,0.03627840920730739,0.03746308917712469,0.03387284567275616,0.04092961920095314,0.03025908589992057,0.048159125223193,0.030304746405083405,0.02563803460365369,0.04124941254328832,0.048486376141382036,0.04658221805242257,0.01919748064813344,0.03286909345830024,0.044609912277998424,0.030868129186656077,0.03365380937251788,0.03181592147895155,0.034260423254964256,0.03150465545671168,0.03348222769181889,0.028189059493248608,0.03508959567116759,0.031791470587768066,0.03086096161239078,0.02662871470532168,0.021953185243844327,0.02886930150119142,0.02627114240826052,0.033936209604447966,0.02858871751548848
BusSv,0.029321789332803803,0.02091191480063543,0.019619886867355045,0.018771563737887215,0.01744417618427323,0.024580747301032574,0.02751054020492454,0.031755856575059555,0.02647575777760127,0.02779727481493249,0.02581946449563145,0.02600209901509134,0.03288944404765687,0.03407640104845116,0.02700143172200158,0.02804496126290707,0.033323385617156476,0.03778116189197775,0.04002765510881653,0.03381055274344718,0.03520995871167593,0.03193749897855441,0.03767399358061953,0.02815327904368546,0.04433056504527402,0.028249900927720416,0.023557049485305806,0.03825771509451945,0.04420208463383638,0.04262069669261318,0.017904863980937248,0.03133865303256553,0.030868129186656077,0.030870473218427327,0.031610649817315324,0.030460351210484515,0.031990287502779984,0.029793301334392373,0.0318238686957903,0.026776679947577445,0.03212165845115171,0.029887551636219225,0.02850035440031771,0.02510106392216045,0.020979320583002378,0.027391903820492454,0.024537438414614778,0.03224605064654488,0.02696590962986497
Hardw,0.030970240222398724,0.02217131761715647,0.021090825416997618,0.019455858490865775,0.017493083399523424,0.02787363259729944,0.03045119694996029,0.03372265334392375,0.028968403463065916,0.031211586433677514,0.02801162611596505,0.028788490675138993,0.037115668212867346,0.03827138478157268,0.029382955138999207,0.03053420949960286,0.036327743542494045,0.041148185957108806,0.044758053598093726,0.037541069166004776,0.03964983545671166,0.035882662970611594,0.04216029521842732,0.030463460683081815,0.049325912883240675,0.030833275520254156,0.028987297791898334,0.044920329054805405,0.05402584231930101,0.04972572019062748,0.018201729150119132,0.034702912660841946,0.03365380937251788,0.031610649817315324,0.04396309134233518,0.035415670341540896,0.037982642954725976,0.03378225598093724,0.03454151523431295,0.029085753264495633,0.034535437077045275,0.03295320200158857,0.031224705512311355,0.027311636568705323,0.02192049655281969,0.028621417410643363,0.027100877966640194,0.035454463129467824,0.029974827545671157
Softw,0.030220477942811748,0.02131397636060365,0.020530576983320094,0.019212250676727553,0.01711845394122319,0.025812311965051626,0.029406617224781575,0.03254873651787133,0.027972065888800638,0.029814412600476556,0.027264572676727564,0.027814789404289116,0.03659542944559174,0.03558852260524224,0.02795260662907068,0.029404233764892766,0.03432784657982525,0.039181831909451945,0.041211899486894354,0.035153007949166,0.03661188059253376,0.03372089337410644,0.039471792665607616,0.028807975164416195,0.045757576285941216,0.029101454929308976,0.02574062844638602,0.0411277428181096,0.046847685034154096,0.04573513012867354,0.01754247449086576,0.033274581077045264,0.03181592147895155,0.030460351210484515,0.035415670341540896,0.03576321731374106,0.034615491169181875,0.03151306683081811,0.032621701521842725,0.027092711038919772,0.03279750397934869,0.030943394876886417,0.029949941342335185,0.02648323085464655,0.021172606352660835,0.027561178927720413,0.026056485232724382,0.033576285963463064,0.028371502341540903
Chips,0.032579119086576645,0.02269848865925337,0.02184476327084988,0.020639117694996028,0.0185714820714853,0.028086950973788716,0.03045804823987292,0.03419345248927721,0.029454350711675938,0.031078539679110406,0.02834196333598094,0.028454342668784747,0.03685538853693407,0.03862741925337569,0.029731261567911036,0.03086033254169977,0.03712061797934868,0.04182966653375694,0.04570413007625097,0.037863124441620336,0.04023053089277204,0.036319010025416994,0.04259094580937251,0.030990296416203347,0.049650448432088955,0.03186802262430501,0.03050365878157267,0.04429389994598888,0.05374526710246227,0.04890494653534551,0.018941561728355837,0.03504057495154886,0.034260423254964256,0.031990287502779984,0.037982642954725976,0.034615491169181875,0.04056897146783161,0.03427600389197776,0.03473673294996029,0.029309080303415416,0.03540725463860207,0.03312908714058777,0.03162862772835584,0.027345389876092134,0.02245919931850676,0.02948987058776806,0.027287312511517076,0.03601815232088959,0.030046064711675934
LabEq,0.029850766401906273,0.021319593280381254,0.01993654978554408,0.01955695359809372,0.01778127078633836,0.02547953083399523,0.028272234583002383,0.03174452212867355,0.027466281953931696,0.02891885362986497,0.0264505658776807,0.027137852104845102,0.03447774401906274,0.03581992778395552,0.027819395281969812,0.028653146735504363,0.03455931173947576,0.03896581666401905,0.04189594810166799,0.035515455186656074,0.03702806012708499,0.03322858158856234,0.0393230530420969,0.029110830373312146,0.04602715774424146,0.0296049583161239,0.026755629245432882,0.04040004476568704,0.04758024093725179,0.04528677785544083,0.018174464718030185,0.03223889102462271,0.03150465545671168,0.029793301334392373,0.03378225598093724,0.03151306683081811,0.03427600389197776,0.03500240238284352,0.03257794910246228,0.027470913375694996,0.032740262764098485,0.030784440460683075,0.029172286370135025,0.025569682811755357,0.021220165416997613,0.02791780961080222,0.025213250103256556,0.03331295726767275,0.028033500428911833
Paper,0.03188869102462271,0.02316329091024622,0.022494680336775215,0.020600457620333596,0.020033046976965847,0.02750562853693408,0.030289524918189044,0.03485778661795075,0.02913794068943605,0.031020491507545666,0.027794732231930096,0.02780165782366958,0.03418636227482129,0.038243488133439245,0.030161337944400304,0.031436927084988096,0.03743586752025417,0.041795585200953125,0.045746308187450346,0.03832204245909452,0.03946360774583002,0.0351429824432089,0.04243177336934074,0.031690798144559176,0.05063391447815728,0.03158877619698172,0.02694076931532962,0.04312874066401906,0.05065626771723591,0.047720839828435266,0.020608733254964255,0.03410109638760921,0.03348222769181889,0.0318238686957903,0.03454151523431295,0.032621701521842725,0.03473673294996029,0.03257794910246228,0.04628879703891978,0.03256760741540906,0.03556602443208895,0.03313204819698173,0.03148472597299444,0.02719932726926132,0.023094170433677525,0.0308851429706116,0.02762925627958697,0.03555997910722796,0.029488406049245432
