,Agric,Food ,Soda ,Beer ,Smoke,Toys ,Fun  ,Books,Hshld,Clths,Hlth ,MedEq,Drugs,Chems,Rubbr,Txtls,BldMt,Cnstr,Steel,FabPr,Mach ,ElcEq,Autos,Aero ,Ships,Guns ,Gold ,Mines,Coal ,Oil  ,Util ,Telcm,PerSv,BusSv,Hardw,Softw,Chips,LabEq,Paper,Boxes,Trans,Whlsl,Rtail,Meals,Banks,Insur,RlEst,Fin  ,Other
Agric,0.061624982142970595,0.02203789304845115,0.020418846363780777,0.018877726856235105,0.01918328534392374,0.02506158827640985,0.028040256208101674,0.033263516317712474,0.02720690763463066,0.027150522659253367,0.027553807072279585,0.026659856579825256,0.033758584965845904,0.03496828968705321,0.028108482598888,0.028428034791104055,0.033963210619539316,0.03829029954249404,0.04136600255758538,0.03544868018109611,0.03637596815726767,0.033968313247021445,0.039113760751389996,0.028965432911834794,0.045336556473391576,0.028961488103256553,0.03184525582049244,0.04050867220174741,0.04643735263542495,0.043553983091342334,0.018715861343923744,0.03197168194281176,0.032113039493248605,0.029770651833200955,0.03122306763939635,0.03056726237172358,0.03296797586814933,0.030205244312946786,0.03233932236378077,0.027418060916600484,0.0334776961429706,0.030556900938840347,0.02925615111199364,0.025680770292295468,0.021004195785544078,0.027815772845115168,0.025516620236695788,0.033459865688641774,0.027850153642573473
Food ,0.02203789304845115,0.02151671384273233,0.01652357257505957,0.015061582837172358,0.015872086265289912,0.018253289594916594,0.020264235898332008,0.023598771869737887,0.01996991147895154,0.02102700146783161,0.018129974125496426,0.018521986818109605,0.022875224997617148,0.024742572276409847,0.020039764060365367,0.02124462958856235,0.02442171159650516,0.0274031177633042,0.028389750976965843,0.02443025732168387,0.02550471626687848,0.02284957466878475,0.02750495307069102,0.020939047034154088,0.03147059694996028,0.021417751558379668,0.01676316532803812,0.02645298377442414,0.02967946478792692,0.028831914528991257,0.015133955704527406,0.023016678376489273,0.02218975683240667,0.02119486083240667,0.022389287933280384,0.021559914786338362,0.02294314807625099,0.021528980921366164,0.023454358455917396,0.02015777277521843,0.02310726921683875,0.02179694479110405,0.02114047515488483,0.01881799986338364,0.0152403228943606,0.020606559898332013,0.01909175312787927,0.023619272797458297,0.01989977735980937
Soda ,0.020418846363780777,0.01652357257505957,0.037909538433677524,0.015506079879269259,0.015669027793486893,0.017660008610007945,0.019131956127084983,0.023156728940428906,0.01869198920413026,0.019842947316918182,0.017346643062748208,0.01848221038602065,0.02367319066560762,0.023232806373312154,0.018327901960285945,0.01980597524066719,0.022574513375694993,0.025574776883240658,0.026325845559968232,0.021783932956314537,0.02348570603653693,0.02213057446544877,0.025571362290706907,0.019148504895949166,0.027988458268467048,0.02102040570929309,0.017315919914217635,0.025154934414614773,0.026455477674344717,0.0259012069324861,0.013930537925337569,0.021688225356632243,0.02101906906115965,0.019966862598888007,0.021366632575059566,0.020810123974582997,0.022124758452740267,0.020228781620333595,0.02278724716759332,0.018837906811755366,0.021499529289912625,0.020008065915806197,0.01989103308975377,0.018398511907863388,0.014732742363780778,0.019777370776806993,0.017670762106433674,0.022024434112787927,0.01896467827164416
Beer ,0.018877726856235105,0.015061582837172358,0.015506079879269259,0.030868575669579026,0.015034301185067512,0.016079092517871325,0.017971554872120727,0.02002716884511517,0.01857596496266878,0.018714756848292293,0.017253624953137404,0.017253473499602857,0.021693519879269256,0.02169557911358221,0.018552418274821285,0.018833620784749802,0.021588217505957106,0.024504598360603654,0.02511118417791899,0.021518947062748206,0.021990826370135032,0.02057905444956314,0.023642717795075454,0.01868887550754567,0.02900158046068308,0.02009254326290707,0.016592953544082606,0.023963235240667197,0.026439232050833986,0.02624520632883241,0.013613639275615567,0.020882074141382045,0.019933739895154883,0.01898418534710087,0.019602622169976172,0.019352478176330425,0.0207852127339158,0.019693102112787925,0.020841493934868945,0.01840225589833201,0.020890089035742652,0.01942475593963463,0.018609860397140587,0.016727559040508343,0.013925320775218429,0.018801683437648927,0.016663835799841147,0.021346905455123116,0.017740579558379665
Smoke,0.01918328534392374,0.015872086265289912,0.015669027793486893,0.015034301185067512,0.0331924171310564,0.016193693852263703,0.017457143618745025,0.020281281226370136,0.017110969620333594,0.017736292365369343,0.0152819706624305,0.016422264800635425,0.019055612416203332,0.020825198964257347,0.017278961232724387,0.01842416869896743,0.02044182424146148,0.022431677032565524,0.02294682061953932,0.01965225468467037,0.021117076441620326,0.019216868854646546,0.02295964382525814,0.018334026700556002,0.026540098141382043,0.018593047872915016,0.016812554954725976,0.022049897404289115,0.022760184152501986,0.023789951828435265,0.01587193683240667,0.020310986573471013,0.018591237579030976,0.018057621674344715,0.017970098497220015,0.017718522204924547,0.018948990538522635,0.018249678729150114,0.02057354438125496,0.01886531315647338,0.019436035253375693,0.01861700745988879,0.018260940810166798,0.016516291253375694,0.01302804211596505,0.01867626620492454,0.016087615034154085,0.02004713791262907,0.017082299552025414
Toys ,0.02506158827640985,0.018253289594916594,0.017660008610007945,0.016079092517871325,0.016193693852263703,0.04329312775218428,0.02408020120730739,0.027771770389197772,0.02412761054805401,0.02567669715647339,0.022131503256552824,0.022768214074662434,0.02932576565528197,0.02990744854646545,0.02356428889594916,0.025935926227164417,0.029298520984908653,0.03371760501985702,0.03570288702144559,0.03072346821286735,0.030946526576648134,0.02935847434471803,0.033220192216044477,0.024368814201747416,0.038377039046862585,0.025603334201747412,0.02099303364575059,0.033329232533756956,0.04188870179507547,0.03689775316918189,0.01564292930897538,0.02741655065925338,0.025848496934074656,0.024808807561556793,0.02801682570293883,0.025995347768069898,0.028257557140587773,0.02565140765687053,0.02780630312946783,0.02336612019062748,0.02711356984908657,0.025811726227164416,0.02581762061953931,0.02206208702144559,0.01753874252581414,0.0229133898649722,0.02332387266084194,0.027061918252581415,0.02377582945194598
Fun  ,0.028040256208101674,0.020264235898332008,0.019131956127084983,0.017971554872120727,0.017457143618745025,0.02408020120730739,0.033933905402700554,0.03063618858459094,0.02559974283081811,0.027734871990468618,0.024710205788721195,0.024794718616362184,0.03169075817633042,0.03259162733280381,0.02582335058300239,0.02676652609531374,0.03214683676727561,0.03680604043526608,0.038439323701350274,0.03223962735186656,0.0338093764177919,0.030424228328832417,0.0365976129324861,0.026679670605242258,0.042769955869737884,0.026977603648927716,0.02260989420651311,0.03720208798570294,0.04163129891660048,0.040262973521842736,0.01712283480857824,0.031023011391580615,0.02928825642096902,0.02783686483399523,0.03063899269737887,0.02964237812708499,0.030714111124702157,0.028495221056393964,0.030664275609213656,0.025576983667990463,0.030484809521842727,0.028703108779984114,0.028020287601270854,0.02518748645432883,0.019897658648133434,0.026289449725178715,0.024398130870532164,0.030998299455123113,0.026711199691818902
Books,0.033263516317712474,0.023598771869737887,0.023156728940428906,0.02002716884511517,0.020281281226370136,0.027771770389197772,0.03063618858459094,0.0543796454900715,0.02961123349960285,0.030945339653693404,0.028144258770452738,0.02829996614138205,0.035202756486100065,0.03714686481969817,0.029818198900714847,0.030928300997617147,0.03672780900714852,0.04209328097855441,0.04384149515488482,0.03699726651628276,0.038699362652899125,0.035180657731532956,0.04166838953772836,0.03091549560603653,0.04975084085782366,0.03039347688324067,0.024505539447180306,0.04178346388880063,0.04582679550754567,0.045373982888006356,0.02053291098967434,0.03550886223034155,0.03400348809849086,0.0322562744432089,0.03411727190150913,0.032969634208101666,0.03471128524543288,0.03216899226370135,0.03536772292930897,0.029001123885623512,0.03559411020810166,0.03272066436536934,0.03169855413820493,0.02781681137728355,0.023686588190627474,0.030970958233518663,0.026766741766481333,0.035690322284352656,0.029809516543288325
Hshld,0.02720690763463066,0.01996991147895154,0.01869198920413026,0.01857596496266878,0.017110969620333594,0.02412761054805401,0.02559974283081811,0.02961123349960285,0.03135943870373313,0.02803840263065925,0.02393561554884829,0.02398971788403494,0.02945560435901509,0.03199792176648132,0.025498523755361397,0.027383880101667986,0.03163132069896743,0.03637596862271644,0.03755576832406671,0.031955933655281966,0.0332125531056394,0.029936143631453527,0.03575016033677522,0.02670685466560762,0.042023441969817305,0.027373188791104047,0.02150286957267673,0.035555589426528984,0.04042959449722001,0.039466989903097695,0.017310513016679897,0.029298056222398724,0.028819820975377285,0.026759399231135815,0.029166552908657665,0.028164199955520244,0.02972632612549643,0.02767241839555203,0.029421503053216835,0.025484737042096903,0.029965716772041302,0.0280271300460683,0.02803680120730739,0.023983710462271643,0.019296990227164412,0.025465061420174736,0.02348440107386815,0.02966327609849086,0.025727363640984907
Clths,0.027150522659253367,0.02102700146783161,0.019842947316918182,0.018714756848292293,0.017736292365369343,0.02567669715647339,0.027734871990468618,0.030945339653693404,0.02803840263065925,0.04357531775059571,0.02497874651628276,0.025305461512311354,0.03029718162986497,0.03344802975059572,0.026336896514694196,0.030102543138999207,0.03241430988085783,0.03687857171088165,0.03969244501985704,0.03284363447815727,0.034787115790309776,0.031044831348689433,0.037915159393169175,0.028130286398729155,0.04414149795075457,0.028881297483717237,0.020246785979348696,0.036389049350277994,0.04531877023669579,0.040057065569499596,0.018103109604447973,0.031017732546465452,0.0297810956409849,0.02801237705162828,0.03135645069737888,0.02994048539793487,0.03132137333439238,0.029106002081016685,0.031245223523431297,0.026200412108022243,0.03145130918506751,0.02940566377442415,0.03265781478951549,0.026498666773629862,0.01974779002700556,0.026691408984908658,0.02581488053057983,0.031054513146942016,0.026737286017474184
Hlth ,0.027553807072279585,0.018129974125496426,0.017346643062748208,0.017253624953137404,0.0152819706624305,0.022131503256552824,0.024710205788721195,0.028144258770452738,0.02393561554884829,0.02497874651628276,0.033488782169976174,0.025071909826846706,0.03299400789197776,0.029822026217633045,0.024046639091342328,0.02486643658141382,0.028706171532962666,0.033565214830818105,0.03529722395552025,0.02881657298173154,0.030146335949166006,0.029031358017474185,0.033316167631453536,0.024147791142176335,0.038747566894360604,0.025140946160444783,0.02057319061477363,0.032744184476568704,0.03796633498332009,0.03642569945671167,0.015384910131850678,0.027840714319301022,0.027435683094519454,0.025781533077045275,0.027784085833200946,0.027093529029388396,0.028289272489277206,0.02632288946783161,0.02784874183320095,0.0234567130675139,0.0279939397553614,0.026206846970611593,0.025621146243050043,0.02257075112311358,0.018257126983320097,0.02472003553296267,0.021990900924543293,0.028095879345512307,0.02448060871167593
MedEq,0.026659856579825256,0.018521986818109605,0.01848221038602065,0.017253473499602857,0.016422264800635425,0.022768214074662434,0.024794718616362184,0.02829996614138205,0.02398971788403494,0.025305461512311354,0.025071909826846706,0.028958916999205723,0.03417698581096107,0.03025582960127085,0.024591907526608416,0.025447151331215247,0.029443868745035743,0.03376960798411437,0.03528886273232725,0.029769195999999998,0.030782779197776007,0.02904090021763303,0.0334355849706116,0.024876607075456712,0.03877690386020651,0.025982788408260522,0.021683749478951547,0.033765653618745034,0.039792349026211274,0.03665786476250993,0.01621675318189039,0.028482100888006345,0.027003921911040497,0.026280811702938837,0.028970460392374893,0.028002089450357426,0.028737889002382836,0.027341595877680695,0.028188971316918193,0.023346820748212867,0.027842536022239874,0.02656356766163622,0.026001731016679894,0.022779764792692607,0.01845031425099285,0.024578869957108812,0.021859907858617952,0.028695048217633037,0.024779820196981724
Drugs,0.033758584965845904,0.022875224997617148,0.02367319066560762,0.021693519879269256,0.019055612416203332,0.02932576565528197,0.03169075817633042,0.035202756486100065,0.02945560435901509,0.03029718162986497,0.03299400789197776,0.03417698581096107,0.05601245570135028,0.038231856285941224,0.030201303612390783,0.031479683723590154,0.036554588435266086,0.04200895594598887,0.04236846138204925,0.035969199135822076,0.03778215078633837,0.037124563329626686,0.041363872965845906,0.030245105213661635,0.047489537633042096,0.032380763247021445,0.028504076435266083,0.042737869172359014,0.047368066141382045,0.04612544086417792,0.01900483628911835,0.035777115984114385,0.03412512671008736,0.03289553857982525,0.036969415243844325,0.036514166659253375,0.03693340037490071,0.034399718983320095,0.034395812854646546,0.028488635723590144,0.03488226708181097,0.0331241434217633,0.03231670150913424,0.028907871383637807,0.0222826949451946,0.02960396820333598,0.02746526312311358,0.03541554914058777,0.03190456500714852
Chems,0.03496828968705321,0.024742572276409847,0.023232806373312154,0.02169557911358221,0.020825198964257347,0.02990744854646545,0.03259162733280381,0.03714686481969817,0.03199792176648132,0.03344802975059572,0.029822026217633045,0.03025582960127085,0.038231856285941224,0.04869525451310563,0.033130481480540125,0.03268251199682288,0.04073729590150913,0.04615321414455916,0.051870804543288324,0.042904382602065146,0.04393004602065132,0.03960916882922954,0.04635367101826846,0.03376847309928515,0.05559271224781572,0.03401284657982527,0.03704184479428119,0.052893779447180295,0.06269616693884036,0.058805646691024616,0.021573536826052415,0.03732612220174742,0.03617441220333598,0.0342160338014297,0.0382780124511517,0.03559181719777601,0.038755580902303424,0.03589483820492455,0.03837152317077045,0.03346449311199364,0.03848093350913424,0.036526563974583016,0.03354067525019856,0.028817102173153298,0.02387087627323273,0.032141848184273236,0.030430636088959486,0.03840477490389196,0.03297703649880858
Rubbr,0.028108482598888,0.020039764060365367,0.018327901960285945,0.018552418274821285,0.017278961232724387,0.02356428889594916,0.02582335058300239,0.029818198900714847,0.025498523755361397,0.026336896514694196,0.024046639091342328,0.024591907526608416,0.030201303612390783,0.033130481480540125,0.03435388496266879,0.026725089537728362,0.0326896698014297,0.03678841338840349,0.03923361166004764,0.033397749667990466,0.03394116708498809,0.030706448127084982,0.03624205129785543,0.027087569391580617,0.042767783860206514,0.026714398513105638,0.02605393124066718,0.037343585042096894,0.042197887332803816,0.04028973230182685,0.01785714256393963,0.029485617366163615,0.028691918322478156,0.02741118337728355,0.029673408603653695,0.028273807517077046,0.030160752622716436,0.02813490916600476,0.0306599370802224,0.02643756983002383,0.030131022824463862,0.028548401467831618,0.02689250103256553,0.023341451304209688,0.019640873150119142,0.02595575400158856,0.02394139233677522,0.03054096124543288,0.025991502417791898
Txtls,0.028428034791104055,0.02124462958856235,0.01980597524066719,0.018833620784749802,0.01842416869896743,0.025935926227164417,0.02676652609531374,0.030928300997617147,0.027383880101667986,0.030102543138999207,0.02486643658141382,0.025447151331215247,0.031479683723590154,0.03268251199682288,0.026725089537728362,0.043451467289912636,0.033606281389992054,0.039263693531374114,0.038026692660841944,0.033431898087370925,0.03409669166799046,0.03157000872279587,0.03735974622239873,0.02714124190945194,0.0436424992533757,0.028472293977760126,0.020289722289118343,0.03502804929150119,0.040151432908657664,0.03859388191262908,0.01727609884670373,0.031012226142970608,0.029469868401906275,0.028278951852263697,0.030687067674344714,0.02952257168705321,0.03108211467990469,0.02882688172359015,0.03169482982049244,0.026343670838760914,0.031102692705321677,0.028649499410643365,0.029391764853057976,0.02546676270214456,0.020376019655281973,0.026627535558379666,0.025481107864972197,0.030858162079428115,0.026861373633042095
BldMt,0.033963210619539316,0.02442171159650516,0.022574513375694993,0.021588217505957106,0.02044182424146148,0.029298520984908653,0.03214683676727561,0.03672780900714852,0.03163132069896743,0.03241430988085783,0.028706171532962666,0.029443868745035743,0.036554588435266086,0.04073729590150913,0.0326896698014297,0.033606281389992054,0.045789891969817316,0.047942774344718046,0.04944842787926926,0.04177015267672757,0.04265929084193804,0.037894026076250996,0.04513535868943604,0.033049290405083386,0.05411545038919777,0.033537452668784766,0.03217425138204924,0.04743294984114377,0.0554467035107228,0.05164978675138999,0.021222977061159654,0.036450423645750595,0.0355949528435266,0.03362013819698173,0.036455782851469415,0.03451486205718824,0.037392045488482926,0.03472130018268466,0.03776839586973788,0.0319346769579031,0.03762993374106433,0.035488137783955515,0.03350994235901509,0.028908129602859406,0.02422504906274822,0.031753359030976966,0.030085081024622713,0.03769176540905479,0.03217745428117554
Cnstr,0.03829029954249404,0.0274031177633042,0.025574776883240658,0.024504598360603654,0.022431677032565524,0.03371760501985702,0.03680604043526608,0.04209328097855441,0.03637596862271644,0.03687857171088165,0.033565214830818105,0.03376960798411437,0.04200895594598887,0.04615321414455916,0.03678841338840349,0.039263693531374114,0.047942774344718046,0.06554112209054806,0.05568112254169976,0.04654487684193805,0.04812410146147735,0.04326922379984115,0.051282089744241456,0.03704980639237488,0.06084671968228754,0.037151780902303415,0.03598145617474186,0.05417758878157267,0.06497899738204925,0.059192305525019855,0.024210562617950758,0.04157226960127084,0.04071158541382049,0.03809349658776807,0.041188703863383636,0.03932074105480539,0.042144255285146946,0.03916852030182685,0.042100545010325646,0.03555795400476569,0.04300203093884035,0.039763432721207304,0.03809281094519459,0.033187674252581414,0.027396416498808574,0.03640895067196188,0.035346467358220814,0.04229641750277999,0.03622748273868149
Steel,0.04136600255758538,0.028389750976965843,0.026325845559968232,0.02511118417791899,0.02294682061953932,0.03570288702144559,0.038439323701350274,0.04384149515488482,0.03755576832406671,0.03969244501985704,0.03529722395552025,0.03528886273232725,0.04236846138204925,0.051870804543288324,0.03923361166004764,0.038026692660841944,0.04944842787926926,0.05568112254169976,0.07467138837172357,0.05175580762509928,0.05363622768864178,0.04676475153296267,0.05547736347895155,0.03988044775218427,0.06696054916600476,0.040014929928514686,0.05067492277998411,0.06654982670373312,0.08838549394757746,0.07312760740270055,0.025118856743447167,0.04411973907863384,0.04335162184273232,0.04031938686258934,0.044812467847498004,0.04136701790309769,0.04596937822081016,0.04209534136616362,0.045848000285941215,0.039813307021445594,0.04630548295472599,0.04415396185861796,0.03954511490071485,0.03392638641779191,0.028714748260524215,0.03816001270849882,0.036585315123113575,0.04586545008737093,0.03869463123113582
FabPr,0.03544868018109611,0.02443025732168387,0.021783932956314537,0.021518947062748206,0.01965225468467037,0.03072346821286735,0.03223962735186656,0.03699726651628276,0.031955933655281966,0.03284363447815727,0.02881657298173154,0.029769195999999998,0.035969199135822076,0.042904382602065146,0.033397749667990466,0.033431898087370925,0.04177015267672757,0.04654487684193805,0.05175580762509928,0.09625007778236694,0.045181122398729144,0.040159830554408256,0.046105544238284356,0.03362656684352661,0.0571587664177919,0.03403591521207306,0.0348541618649722,0.04883455483081811,0.062089235145353465,0.056216348301826854,0.021791843456711677,0.03734299586656077,0.03617305398888006,0.03396677768705321,0.03759263773471008,0.035169803301032566,0.03802262852104846,0.03562480624305003,0.03858791546942016,0.031565385896743445,0.036987996524225575,0.0365292465861795,0.03404507667990468,0.028585010030182684,0.024279224181096116,0.03203243630818108,0.0303946531437649,0.03751008026370135,0.032217377931691805
Mach ,0.03637596815726767,0.02550471626687848,0.02348570603653693,0.021990826370135032,0.021117076441620326,0.030946526576648134,0.0338093764177919,0.038699362652899125,0.0332125531056394,0.034787115790309776,0.030146335949166006,0.030782779197776007,0.03778215078633837,0.04393004602065132,0.03394116708498809,0.03409669166799046,0.04265929084193804,0.04812410146147735,0.05363622768864178,0.045181122398729144,0.048225719579030955,0.04054563311358219,0.04830350488482922,0.03530265914217634,0.058857750150913414,0.03512636194598888,0.03502050992057188,0.05148175608419381,0.06270910764098492,0.05874454160444796,0.022374086354249405,0.0386782301429706,0.037541065679110405,0.03554471705321684,0.03983101025416997,0.03683620640984908,0.040558830413026215,0.03727530232724384,0.03980585915806195,0.03373438375694996,0.04003615229547259,0.03778996512311357,0.035042129158061944,0.030223529142176332,0.025167229380460676,0.033404643828435256,0.030909245583796662,0.039961404725972996,0.033709036521048445
ElcEq,0.033968313247021445,0.02284957466878475,0.02213057446544877,0.02057905444956314,0.019216868854646546,0.02935847434471803,0.030424228328832417,0.035180657731532956,0.029936143631453527,0.031044831348689433,0.029031358017474185,0.02904090021763303,0.037124563329626686,0.03960916882922954,0.030706448127084982,0.03157000872279587,0.037894026076250996,0.04326922379984115,0.04676475153296267,0.040159830554408256,0.04054563311358219,0.047291979124702135,0.04312757658935663,0.031648996883240674,0.05136852540111201,0.03162474718189037,0.029127963604447974,0.04527410433836378,0.055493044200158846,0.04990015068467038,0.0194561119872915,0.03495524748689436,0.0340229880079428,0.0322857524050834,0.036195018473391585,0.03397079541382048,0.036718466813343925,0.03353667155679112,0.035552451672756155,0.03015402725496425,0.03571906157585384,0.03396130943764892,0.03142164920571883,0.027218171166004754,0.022842390559173937,0.029969839628276408,0.028406624827640982,0.03588732606989674,0.03096482992533757
Autos,0.039113760751389996,0.02750495307069102,0.025571362290706907,0.023642717795075454,0.02295964382525814,0.033220192216044477,0.0365976129324861,0.04166838953772836,0.03575016033677522,0.037915159393169175,0.033316167631453536,0.0334355849706116,0.041363872965845906,0.04635367101826846,0.03624205129785543,0.03735974622239873,0.04513535868943604,0.051282089744241456,0.05547736347895155,0.046105544238284356,0.04830350488482922,0.04312757658935663,0.057559133679110405,0.03793362126449564,0.061410888165210474,0.03720108280698967,0.03386618896425735,0.052634473196187456,0.06261913297537729,0.057907835094519446,0.023280152425734706,0.04104097896902304,0.04082920700079428,0.03795221465131056,0.042269585374106425,0.03964810913582209,0.042917197304209696,0.03952938084988085,0.04271679633995235,0.036043282873709295,0.043038620292295465,0.03985173341858617,0.03818827109610801,0.03300535439714059,0.026887410403494832,0.03602953318824464,0.033416334794281174,0.04244714179030977,0.03576424054964256
Aero ,0.028965432911834794,0.020939047034154088,0.019148504895949166,0.01868887550754567,0.018334026700556002,0.024368814201747416,0.026679670605242258,0.03091549560603653,0.02670685466560762,0.028130286398729155,0.024147791142176335,0.024876607075456712,0.030245105213661635,0.03376847309928515,0.027087569391580617,0.02714124190945194,0.033049290405083386,0.03704980639237488,0.03988044775218427,0.03362656684352661,0.03530265914217634,0.031648996883240674,0.03793362126449564,0.03577932962033359,0.04530667860206512,0.029722754792692617,0.0226268579158062,0.03688035275933281,0.0424173193455123,0.04005204449880858,0.01856630527720413,0.03065497805559968,0.030401855602859414,0.028530121521842745,0.030826870243050034,0.02912968445750595,0.031362088638602056,0.02939326559173948,0.03216536663383638,0.027307160498808578,0.03182292794916601,0.029600891440826047,0.028128314614773626,0.024476170703733122,0.02038922883876092,0.027407980130262112,0.02471919135504369,0.03186277877998411,0.026549768698967427
Ships,0.045336556473391576,0.03147059694996028,0.027988458268467048,0.02900158046068308,0.026540098141382043,0.038377039046862585,0.042769955869737884,0.04975084085782366,0.042023441969817305,0.04414149795075457,0.038747566894360604,0.03877690386020651,0.047489537633042096,0.05559271224781572,0.042767783860206514,0.0436424992533757,0.05411545038919777,0.06084671968228754,0.06696054916600476,0.0571587664177919,0.058857750150913414,0.05136852540111201,0.061410888165210474,0.04530667860206512,0.0993262014932486,0.045554960540111204,0.04354119081810961,0.06544694049245432,0.08038214309769658,0.07420883342335186,0.02896630455917395,0.0490744556632248,0.048065229166004766,0.04478007901509134,0.04958680768864178,0.046069132390786346,0.05008574891183479,0.046340454011119935,0.050981965274027,0.04268794135027801,0.05270133617156472,0.04766182605242257,0.04496975005559968,0.037958921270849905,0.03187988705321684,0.04281379459888799,0.03737599351866561,0.05026438996028591,0.04300595755361398
Guns ,0.028961488103256553,0.021417751558379668,0.02102040570929309,0.02009254326290707,0.018593047872915016,0.025603334201747412,0.026977603648927716,0.03039347688324067,0.027373188791104047,0.028881297483717237,0.025140946160444783,0.025982788408260522,0.032380763247021445,0.03401284657982527,0.026714398513105638,0.028472293977760126,0.033537452668784766,0.037151780902303415,0.040014929928514686,0.03403591521207306,0.03512636194598888,0.03162474718189037,0.03720108280698967,0.029722754792692617,0.045554960540111204,0.04795484927561557,0.0247764849579031,0.03705224141223193,0.042489947475774434,0.0399295903796664,0.017777761849086575,0.031319958629070686,0.03050216555837966,0.028679028357426528,0.031096544592533745,0.029501297532962673,0.03211960182843527,0.029927172271644157,0.032069144578236695,0.026943532093725176,0.03193389581890388,0.029422781761715654,0.029299293240667202,0.024906478317712467,0.02024347601747418,0.027369960467037328,0.02459175120095314,0.03171923219857029,0.02718991650833994
Gold ,0.03184525582049244,0.01676316532803812,0.017315919914217635,0.016592953544082606,0.016812554954725976,0.02099303364575059,0.02260989420651311,0.024505539447180306,0.02150286957267673,0.020246785979348696,0.02057319061477363,0.021683749478951547,0.028504076435266083,0.03704184479428119,0.02605393124066718,0.020289722289118343,0.03217425138204924,0.03598145617474186,0.05067492277998411,0.0348541618649722,0.03502050992057188,0.029127963604447974,0.03386618896425735,0.0226268579158062,0.04354119081810961,0.0247764849579031,0.19951715027640987,0.07606145898490863,0.08502540845750593,0.060862627825258135,0.019145178929308972,0.028379585548848292,0.02516783618903892,0.023584700443208893,0.028757835486894368,0.025540660624305003,0.030509438171564728,0.026748619150119148,0.026655763507545685,0.026158878517871336,0.02580494008260524,0.0273748016536934,0.021346438895949164,0.018104103350277997,0.014915235944400316,0.02114986834948372,0.021245555455123112,0.029420151185067512,0.025402534325655274
Mines,0.04050867220174741,0.02645298377442414,0.025154934414614773,0.023963235240667197,0.022049897404289115,0.033329232533756956,0.03720208798570294,0.04178346388880063,0.035555589426528984,0.036389049350277994,0.032744184476568704,0.033765653618745034,0.042737869172359014,0.052893779447180295,0.037343585042096894,0.03502804929150119,0.04743294984114377,0.05417758878157267,0.06654982670373312,0.04883455483081811,0.05148175608419381,0.04527410433836378,0.052634473196187456,0.03688035275933281,0.06544694049245432,0.03705224141223193,0.07606145898490863,0.0935093916743447,0.09514408914376488,0.07953192080063541,0.024786180085782362,0.042848936945194586,0.04049271089594916,0.03822688969181891,0.044615181335980934,0.04098064445909452,0.04448699288482922,0.04031136002382844,0.043133927485305784,0.03839180969499603,0.0435663058903892,0.04231337472438443,0.03646201227164417,0.03159846441779189,0.026269578305003965,0.034948706678316115,0.03345595595075457,0.043595620236695797,0.03785582217950754
Coal ,0.04643735263542495,0.02967946478792692,0.026455477674344717,0.026439232050833986,0.022760184152501986,0.04188870179507547,0.04163129891660048,0.04582679550754567,0.04042959449722001,0.04531877023669579,0.03796633498332009,0.039792349026211274,0.047368066141382045,0.06269616693884036,0.042197887332803816,0.040151432908657664,0.0554467035107228,0.06497899738204925,0.08838549394757746,0.062089235145353465,0.06270910764098492,0.055493044200158846,0.06261913297537729,0.0424173193455123,0.08038214309769658,0.042489947475774434,0.08502540845750593,0.09514408914376488,0.2380865358284353,0.10921130007307388,0.029272095307386815,0.049987436994440027,0.04723365381413821,0.043828381928514695,0.053078841658459094,0.04634367616838762,0.05331902265925337,0.04723094961080223,0.04996619527879268,0.043993628295472584,0.05183142759650515,0.05038191891342336,0.04352808387609214,0.03443843832247815,0.03020144135345512,0.03987639109769658,0.04126593986338364,0.05033546385385226,0.044658024889594916
Oil  ,0.043553983091342334,0.028831914528991257,0.0259012069324861,0.02624520632883241,0.023789951828435265,0.03689775316918189,0.040262973521842736,0.045373982888006356,0.039466989903097695,0.040057065569499596,0.03642569945671167,0.03665786476250993,0.04612544086417792,0.058805646691024616,0.04028973230182685,0.03859388191262908,0.05164978675138999,0.059192305525019855,0.07312760740270055,0.056216348301826854,0.05874454160444796,0.04990015068467038,0.057907835094519446,0.04005204449880858,0.07420883342335186,0.0399295903796664,0.060862627825258135,0.07953192080063541,0.10921130007307388,0.11639601516123907,0.029083885534551226,0.04698317568228752,0.044660079783955524,0.041474801518665616,0.04791372920730738,0.0445541556028594,0.04795425708657665,0.0442209456076251,0.046432381687053215,0.04060506193486895,0.047539924841938044,0.047563697385226374,0.04064389639396345,0.03307641775377284,0.02896323496108023,0.038294525471008735,0.03837918496584592,0.047288311968228754,0.041591416984908654
Util ,0.018715861343923744,0.015133955704527406,0.013930537925337569,0.013613639275615567,0.01587193683240667,0.01564292930897538,0.01712283480857824,0.02053291098967434,0.017310513016679897,0.018103109604447973,0.015384910131850678,0.01621675318189039,0.01900483628911835,0.021573536826052415,0.01785714256393963,0.01727609884670373,0.021222977061159654,0.024210562617950758,0.025118856743447167,0.021791843456711677,0.022374086354249405,0.0194561119872915,0.023280152425734706,0.01856630527720413,0.02896630455917395,0.017777761849086575,0.019145178929308972,0.024786180085782362,0.029272095307386815,0.029083885534551226,0.02096009694042891,0.020513794046068307,0.01934100737728356,0.01815182598252581,0.018371540073073865,0.01776028557903097,0.01909762118506752,0.01834790497220016,0.020807515729944402,0.01884345643844321,0.020197107621922162,0.019092574779984113,0.018101348149324858,0.016167890573471008,0.013274084587768065,0.01877101786179507,0.016390629350277998,0.020438311396346307,0.018130128819698176
Telcm,0.03197168194281176,0.023016678376489273,0.021688225356632243,0.020882074141382045,0.020310986573471013,0.02741655065925338,0.031023011391580615,0.03550886223034155,0.029298056222398724,0.031017732546465452,0.027840714319301022,0.028482100888006345,0.035777115984114385,0.03732612220174742,0.029485617366163615,0.031012226142970608,0.036450423645750595,0.04157226960127084,0.04411973907863384,0.03734299586656077,0.0386782301429706,0.03495524748689436,0.04104097896902304,0.03065497805559968,0.0490744556632248,0.031319958629070686,0.028379585548848292,0.042848936945194586,0.049987436994440027,0.04698317568228752,0.020513794046068307,0.03963726788085783,0.03316129737410644,0.0317659520460683,0.035025143324861,0.03359092900873709,0.035424910076250996,0.03260364281969816,0.03457385022398728,0.02940995993486894,0.03468640211914218,0.032720267445591734,0.03131537119142176,0.027613283690230334,0.02281746684511517,0.030158854459094515,0.027539850521048452,0.03543789405401112,0.03005570895313741
PerSv,0.032113039493248605,0.02218975683240667,0.02101906906115965,0.019933739895154883,0.018591237579030976,0.025848496934074656,0.02928825642096902,0.03400348809849086,0.028819820975377285,0.0297810956409849,0.027435683094519454,0.027003921911040497,0.03412512671008736,0.03617441220333598,0.028691918322478156,0.029469868401906275,0.0355949528435266,0.04071158541382049,0.04335162184273232,0.03617305398888006,0.037541065679110405,0.0340229880079428,0.04082920700079428,0.030401855602859414,0.048065229166004766,0.03050216555837966,0.02516783618903892,0.04049271089594916,0.04723365381413821,0.044660079783955524,0.01934100737728356,0.03316129737410644,0.04451599596346307,0.031027120462271632,0.03356895698332009,0.03187001864495632,0.03442358702303414,0.03160627063542495,0.033635842783161236,0.028091164976965843,0.0346898044765687,0.031720870054011106,0.03078777613185067,0.026572058492454333,0.021926176605242254,0.02899044335822081,0.026595063194598884,0.033903128624304994,0.028696493887212068
BusSv,0.029770651833200955,0.02119486083240667,0.019966862598888007,0.01898418534710087,0.018057621674344715,0.024808807561556793,0.02783686483399523,0.0322562744432089,0.026759399231135815,0.02801237705162828,0.025781533077045275,0.026280811702938837,0.03289553857982525,0.0342160338014297,0.02741118337728355,0.028278951852263697,0.03362013819698173,0.03809349658776807,0.04031938686258934,0.03396677768705321,0.03554471705321684,0.0322857524050834,0.03795221465131056,0.028530121521842745,0.04478007901509134,0.028679028357426528,0.023584700443208893,0.03822688969181891,0.043828381928514695,0.041474801518665616,0.01815182598252581,0.0317659520460683,0.031027120462271632,0.031179291277204126,0.031828631150119156,0.03067668430976966,0.03230425972835583,0.03003323575059571,0.03221830584273233,0.027003275483717244,0.03221415447498013,0.03009430174900716,0.028707557386814936,0.025287008211278782,0.02110004819221604,0.027675230827640986,0.024866484017474186,0.032464905132644946,0.027265653944400305
Hardw,0.03122306763939635,0.022389287933280384,0.021366632575059566,0.019602622169976172,0.017970098497220015,0.02801682570293883,0.03063899269737887,0.03411727190150913,0.029166552908657665,0.03135645069737888,0.027784085833200946,0.028970460392374893,0.036969415243844325,0.0382780124511517,0.029673408603653695,0.030687067674344714,0.036455782851469415,0.041188703863383636,0.044812467847498004,0.03759263773471008,0.03983101025416997,0.036195018473391585,0.042269585374106425,0.030826870243050034,0.04958680768864178,0.031096544592533745,0.028757835486894368,0.044615181335980934,0.053078841658459094,0.04791372920730738,0.018371540073073865,0.035025143324861,0.03356895698332009,0.031828631150119156,0.04407830020492454,0.03556247682764098,0.03827885284988085,0.03394685384432089,0.034872773038919766,0.02918840995552025,0.03444985569817315,0.033027225513899916,0.03132936251787132,0.02739376381096107,0.02194561294201747,0.028825546252581415,0.027388161586973787,0.03559561272597298,0.03018216444479746
Softw,0.03056726237172358,0.021559914786338362,0.020810123974582997,0.019352478176330425,0.017718522204924547,0.025995347768069898,0.02964237812708499,0.032969634208101666,0.028164199955520244,0.02994048539793487,0.027093529029388396,0.028002089450357426,0.036514166659253375,0.03559181719777601,0.028273807517077046,0.02952257168705321,0.03451486205718824,0.03932074105480539,0.04136701790309769,0.035169803301032566,0.03683620640984908,0.03397079541382048,0.03964810913582209,0.02912968445750595,0.046069132390786346,0.029501297532962673,0.025540660624305003,0.04098064445909452,0.04634367616838762,0.0445541556028594,0.01776028557903097,0.03359092900873709,0.03187001864495632,0.03067668430976966,0.03556247682764098,0.03588586734074661,0.03484565654169976,0.03167072593328038,0.032931906332009535,0.027258500046068307,0.032854463628276404,0.031070381536139797,0.03011926857029389,0.026618916795869738,0.021225604795869737,0.02776406707227958,0.02635160108498808,0.03370245967752184,0.028611160390786344
Chips,0.03296797586814933,0.02294314807625099,0.022124758452740267,0.0207852127339158,0.018948990538522635,0.028257557140587773,0.030714111124702157,0.03471128524543288,0.02972632612549643,0.03132137333439238,0.028289272489277206,0.028737889002382836,0.03693340037490071,0.038755580902303424,0.030160752622716436,0.03108211467990469,0.037392045488482926,0.042144255285146946,0.04596937822081016,0.03802262852104846,0.040558830413026215,0.036718466813343925,0.042917197304209696,0.031362088638602056,0.05008574891183479,0.03211960182843527,0.030509438171564728,0.04448699288482922,0.05331902265925337,0.04795425708657665,0.01909762118506752,0.035424910076250996,0.03442358702303414,0.03230425972835583,0.03827885284988085,0.03484565654169976,0.040979698902303414,0.0345761344638602,0.0351481454932486,0.029508347826846693,0.035540612806989676,0.033352230644956314,0.03184920142176329,0.0275191846370135,0.02260960959015091,0.029757723980937248,0.027605091706115963,0.03626964629229549,0.03035957048133438
LabEq,0.030205244312946786,0.021528980921366164,0.020228781620333595,0.019693102112787925,0.018249678729150114,0.02565140765687053,0.028495221056393964,0.03216899226370135,0.02767241839555203,0.029106002081016685,0.02632288946783161,0.027341595877680695,0.034399718983320095,0.03589483820492455,0.02813490916600476,0.02882688172359015,0.03472130018268466,0.03916852030182685,0.04209534136616362,0.03562480624305003,0.03727530232724384,0.03353667155679112,0.03952938084988085,0.02939326559173948,0.046340454011119935,0.029927172271644157,0.026748619150119148,0.04031136002382844,0.04723094961080223,0.0442209456076251,0.01834790497220016,0.03260364281969816,0.03160627063542495,0.03003323575059571,0.03394685384432089,0.03167072593328038,0.0345761344638602,0.03521488818903892,0.032923340619539304,0.02761511942017474,0.03270572049245433,0.03092859403494837,0.02930798469420174,0.025690109189833197,0.021276684535345508,0.028127707561556786,0.02549498477362986,0.03346310845909451,0.02827365361397935
Paper,0.03233932236378077,0.023454358455917396,0.02278724716759332,0.020841493934868945,0.02057354438125496,0.02780630312946783,0.030664275609213656,0.03536772292930897,0.029421503053216835,0.031245223523431297,0.02784874183320095,0.028188971316918193,0.034395812854646546,0.03837152317077045,0.0306599370802224,0.03169482982049244,0.03776839586973788,0.042100545010325646,0.045848000285941215,0.03858791546942016,0.03980585915806195,0.035552451672756155,0.04271679633995235,0.03216536663383638,0.050981965274027,0.032069144578236695,0.026655763507545685,0.043133927485305784,0.04996619527879268,0.046432381687053215,0.020807515729944402,0.03457385022398728,0.033635842783161236,0.03221830584273233,0.034872773038919766,0.032931906332009535,0.0351481454932486,0.032923340619539304,0.04664609508498808,0.032673858687847494,0.035706016622716455,0.033349359796664015,0.03177487437648927,0.027459235787132642,0.02326814202382843,0.031225609804606824,0.02801422736775218,0.03583752157585385,0.029836904012708505
