,Agric,Food ,Soda ,Beer ,Smoke,Toys ,Fun  ,Books,Hshld,Clths,Hlth ,MedEq,Drugs,Chems,Rubbr,Txtls,BldMt,Cnstr,Steel,FabPr,Mach ,ElcEq,Autos,Aero ,Ships,Guns ,Gold ,Mines,Coal ,Oil  ,Util ,Telcm,PerSv,BusSv,Hardw,Softw,Chips,LabEq,Paper,Boxes,Trans,Whlsl,Rtail,Meals,Banks,Insur,RlEst,Fin  ,Other
Agric,0.05759486249404288,0.017889097267672755,0.016215867640984913,0.015492706942017473,0.013296722478157264,0.020318334376489274,0.02220053628276409,0.026906266846703737,0.02263326219221605,0.021177374630659256,0.02290077988880063,0.021549795297855435,0.028118070786338357,0.028998257204130275,0.023264380841938038,0.022835475107227953,0.02794600069896743,0.03195779642573472,0.034176695933280384,0.028076163717235904,0.029765732311358213,0.02762629467831613,0.0318584996664019,0.022815514932486104,0.03590800470214455,0.023587574583002386,0.02822655798252581,0.035479796854646535,0.041425148339952346,0.03902452455917395,0.014315434265289913,0.025449309150119132,0.026818936870532165,0.02416047926926132,0.025652331707704527,0.025273201000794287,0.02741637741064336,0.024518872470214458,0.026209173836378087,0.022160021509134233,0.028928866894360597,0.024879180047656876,0.023827926528991256,0.020662318046068308,0.017417355583796663,0.022313906544876878,0.02033970800635425,0.027502281874503574,0.022189254948371727
Food ,0.017889097267672755,0.01889106975536139,0.013606028578236692,0.01307406712946783,0.012303091672756153,0.014438272675138997,0.01599292618427323,0.019336129134233517,0.016477609138999205,0.01644510208260524,0.014617882894360605,0.014559523148530576,0.01821609533280381,0.020239770238284355,0.01663243477362986,0.01702700732644956,0.02017467444638602,0.022774866648133437,0.023032787833200955,0.019570804413026215,0.020474257539316917,0.01848973742335187,0.022244462220810165,0.016511759299444005,0.024632463745830023,0.017650440457505957,0.014807452017474182,0.022459335440826053,0.024763153839555203,0.024258739896743445,0.012588264671961875,0.018283970959491656,0.01875542665925338,0.01721750485782367,0.018028733447180298,0.017529162676727564,0.018697370411437646,0.017430255564733915,0.019121996030182685,0.016315404447974587,0.019392237450357428,0.017694492447974584,0.0171277678522637,0.015056122031771245,0.01249216799046863,0.016553211626687842,0.015484634120730735,0.019259627018268468,0.015725328376489274
Soda ,0.016215867640984913,0.013606028578236692,0.039399365369340744,0.014015741223193011,0.0123454287847498,0.012874466258935664,0.01447420719618745,0.018187940651310564,0.014568519888800636,0.014529795186656074,0.013294460937251791,0.013902241429706114,0.01785991158061954,0.017922636076250987,0.01486867485305798,0.015381083971405876,0.01758413455123114,0.020144923002382843,0.020018162239872912,0.016265475424940425,0.017302363129467837,0.01797080819698173,0.01969226907069102,0.013582331167593326,0.01965861064336775,0.016337929181890393,0.012906044908657663,0.01920441750595711,0.021205401270849886,0.01893195178713264,0.01115903610802224,0.016457604495631457,0.017092325337569502,0.015415763971405866,0.01617197399523431,0.01617084637013503,0.01723413842732327,0.01556945969817315,0.01752876141382049,0.014474920635424939,0.01710031318506751,0.014922136743447176,0.015085468768864175,0.014437786100079425,0.011543418014297062,0.015382407227958698,0.014730699237490073,0.017295592438443207,0.014255411008737095
Beer ,0.015492706942017473,0.01307406712946783,0.014015741223193011,0.030278846201747416,0.011630603532962667,0.013172983005559965,0.014582872746624303,0.016792792279586972,0.01584628335822081,0.015266815882446385,0.014144167396346307,0.014198468969023036,0.017984027666401906,0.018392723256552813,0.016028563272438442,0.015782447809372522,0.018356804625893564,0.021017742128673546,0.02088287059253376,0.017583356034948365,0.01821776800317712,0.017485552413026212,0.019800530077839558,0.015168169153296267,0.023162590951548847,0.016928839529785543,0.013561041540905481,0.021231173280381252,0.022225967809372516,0.022765872009531375,0.011395485874503576,0.017162537604447976,0.017488048603653692,0.015864312667196186,0.01623327140587768,0.01648969567911041,0.017470127104050836,0.016674873016679907,0.017569085938046066,0.015600349992057186,0.01802695200953137,0.016122497899920575,0.015550635478951549,0.01379962300555997,0.011692302748212865,0.015357450233518661,0.013892494713264498,0.017922339545671174,0.014243195637807782
Smoke,0.013296722478157264,0.012303091672756153,0.0123454287847498,0.011630603532962667,0.025726860403494832,0.010933032552819699,0.011806045661636216,0.014070749483717237,0.012065339323272441,0.011412142538522635,0.01001067039872915,0.010863620644956313,0.012649265537728351,0.014267154948371719,0.011983130675139002,0.012378052861000792,0.014439115126290706,0.01627486773629865,0.015602053229547252,0.012692160196981732,0.014165854818109615,0.01332722088006354,0.015801997496425736,0.01231627325178713,0.017015986408260523,0.014048048902303415,0.012980242192216043,0.01610177270849881,0.015846889366163623,0.01670894821286735,0.012293399250198572,0.013468241003971405,0.01306659551389992,0.012438272635424942,0.012043026433677523,0.012038565909451944,0.012934291742652896,0.01264828270691024,0.014113134659253374,0.012796277458300238,0.01397259456711676,0.012563142570293886,0.012567165280381256,0.011516774729150116,0.008984067069102463,0.012676370185861796,0.010862208565528197,0.013830365502779985,0.01166553611437649
Toys ,0.020318334376489274,0.014438272675138997,0.012874466258935664,0.013172983005559965,0.010933032552819699,0.038262693202541706,0.01858099057505957,0.02167855220015886,0.019676687032565525,0.01980330935504368,0.018092864015885623,0.018069847463065922,0.024472807606036536,0.02479838604447975,0.019544012406671963,0.020954670576648127,0.0241666490802224,0.028052053606036537,0.029483472309769658,0.024719324196981727,0.02498397613820492,0.02354963687370929,0.02708250130579825,0.018867329056393965,0.030130008819698174,0.02067703245750596,0.019774910587768074,0.029265856584590938,0.03723684107704528,0.032295866425734704,0.011790662826052425,0.02141586713423352,0.021692070528991265,0.01985812653216838,0.022721129428117555,0.021309009841143766,0.023441492845115167,0.020615755396346306,0.022331776360603656,0.018544797235901505,0.023174706981731533,0.020835959275615566,0.020776938390786332,0.01710996031930103,0.01409360411437649,0.01757823024781572,0.019055594473391578,0.021846793124702144,0.018248658533756946
Fun  ,0.02220053628276409,0.01599292618427323,0.01447420719618745,0.014582872746624303,0.011806045661636216,0.01858099057505957,0.027793582492454325,0.02420657545671168,0.020579977758538523,0.021323219162827638,0.019875193051628277,0.01950407743606036,0.026191858484511523,0.026469703725178713,0.020995999793486892,0.021502039834789512,0.026191731933280376,0.03040456737887212,0.03076739628752978,0.025142831729944394,0.026773587169181882,0.024062251793486897,0.029422642675139003,0.020365737596505163,0.03263619168228752,0.02152646443844321,0.01790250019857029,0.031172746084193795,0.03507397919936457,0.033847670587768074,0.012449084119142176,0.02421473975694996,0.02421989433836378,0.022170799148530585,0.02448993714853058,0.024096053749007147,0.024767308406671962,0.022655504994440034,0.024303054301826842,0.020262943574265287,0.025563445631453532,0.022905595532962668,0.02234201907704527,0.019797290447974583,0.016174296886417788,0.02061042865289913,0.019777894387609213,0.024932593461477366,0.020642950975377283
Books,0.026906266846703737,0.019336129134233517,0.018187940651310564,0.016792792279586972,0.014070749483717237,0.02167855220015886,0.02420657545671168,0.04573154042891183,0.02427215861795075,0.024214768848292295,0.022881701636219214,0.022512615822081014,0.02935819081810961,0.031027264479745822,0.024768513328038123,0.025392617537728368,0.030372194694201743,0.03511629329626688,0.03630897698173153,0.03006250090548054,0.03128313421763305,0.0284940687847498,0.034501766354249404,0.0239337122319301,0.03908610471803019,0.024118475647339162,0.020734912168387614,0.03609374049245432,0.03935349782366957,0.03953647315329627,0.015619608403494838,0.028150263145353453,0.028784921175536125,0.02633106300238285,0.027756755504368548,0.027180685416997617,0.02860581124702144,0.026129370706910255,0.02861314095313742,0.02322298872120731,0.03046990791104052,0.026708795011914217,0.02582661008737093,0.022139770468625888,0.019598692517871323,0.024582795377283553,0.021847297680698968,0.02913137569499603,0.023272790135027796
Hshld,0.02263326219221605,0.016477609138999205,0.014568519888800636,0.01584628335822081,0.012065339323272441,0.019676687032565525,0.020579977758538523,0.02427215861795075,0.027390017694996025,0.022816643404289117,0.01983650145512311,0.01955822888959492,0.02527702919142176,0.02722345413026211,0.021737580762509923,0.023127327936457505,0.026748989756949955,0.031229057895154885,0.03197250367434471,0.02676282785385227,0.027602966930897532,0.02489866736139794,0.030207279974583,0.021459821218427322,0.03403201261953932,0.022565536241461473,0.018995856862589356,0.03157803021445592,0.03535452992216045,0.035321212922954724,0.013411644405083401,0.023441940900714848,0.02480221249563145,0.022116269680698967,0.02420468027799841,0.023608471953931693,0.024813148088959482,0.02300698702779984,0.02439242173629865,0.021380653629864976,0.026272231620333597,0.023277053451945993,0.023579907655281968,0.019537595642573468,0.016351786894360607,0.020729098994440035,0.019719071671167588,0.024933617385226377,0.02060035421604448
Clths,0.021177374630659256,0.01644510208260524,0.014529795186656074,0.015266815882446385,0.011412142538522635,0.01980330935504368,0.021323219162827638,0.024214768848292295,0.022816643404289117,0.03724190222557585,0.019886984498808574,0.019682206389197775,0.02490681962192216,0.02680506884034948,0.021219155631453532,0.024615328851469425,0.02603711806830818,0.03052688057982525,0.031980733615567906,0.02637792949642573,0.027384657364575054,0.024212577296266875,0.030517014881652104,0.021477322047656868,0.03409817450039714,0.02288578377760127,0.015565273193010331,0.030548066687847507,0.03886190233836377,0.03405047182684671,0.012920731121525024,0.023628969640984904,0.025088913235901508,0.022148159027799836,0.02473049168387609,0.02406335633836378,0.024851551507545668,0.02297612631930103,0.02472424938999206,0.020696799491660044,0.026670420150913428,0.023247819628276406,0.026853737907863388,0.020903518648133442,0.016008775234312947,0.020601934438443204,0.020637015804606834,0.02483067426211279,0.020277863261318505
Hlth ,0.02290077988880063,0.014617882894360605,0.013294460937251791,0.014144167396346307,0.01001067039872915,0.018092864015885623,0.019875193051628277,0.022881701636219214,0.01983650145512311,0.019886984498808574,0.030409709045274024,0.02137959539952343,0.030012913239078634,0.02527211490071485,0.02075032428911835,0.020744441308975375,0.024195249957108818,0.02894970918189039,0.02978788591262907,0.02431317114535346,0.02490205026528991,0.024032382964257342,0.028238602789515482,0.019321571402700556,0.03058736288482922,0.020617166030182685,0.01803303582208102,0.029062612231930088,0.034478785804606824,0.03306693860206513,0.011390358255758539,0.022456191640984908,0.023912066630659246,0.02160733721366163,0.02339405104050834,0.023146497680698964,0.023988736501985696,0.02192229095472597,0.022907731250198567,0.01914385531374106,0.024875247704527398,0.021855519606036534,0.02131954024781573,0.018541308146147736,0.015655565051628278,0.020113978297061155,0.017971707415409054,0.023787125426528985,0.01963476601429706
MedEq,0.021549795297855435,0.014559523148530576,0.013902241429706114,0.014198468969023036,0.010863620644956313,0.018069847463065922,0.01950407743606036,0.022512615822081014,0.01955822888959492,0.019682206389197775,0.02137959539952343,0.02480401481175536,0.030447636447974574,0.024836107911040503,0.020433860397140586,0.020670627774424143,0.024223632038125494,0.028287443447180295,0.02872968130579825,0.024271339215250196,0.024614382338363768,0.023577678691024624,0.027349768508339953,0.019328168797458297,0.030032018420969014,0.020853792114376483,0.0176990568228753,0.028999956123907863,0.03483633192057188,0.03176758908657663,0.01193627044003177,0.022410935342335188,0.02274548677362987,0.021393222233518663,0.02382264557585385,0.02333128579825258,0.023736050115965048,0.022349818198570296,0.022326054395552016,0.01829501204130262,0.023686458252581415,0.021421536285941224,0.02101761132009531,0.018159066938840347,0.015312348943606032,0.019464442665607627,0.0176634375822081,0.023521876022239877,0.019488804934074663
Drugs,0.028118070786338357,0.01821609533280381,0.01785991158061954,0.017984027666401906,0.012649265537728351,0.024472807606036536,0.026191858484511523,0.02935819081810961,0.02527702919142176,0.02490681962192216,0.030012913239078634,0.030447636447974574,0.055514924835583804,0.03275327980937252,0.026143697442414612,0.026889054462271644,0.03143862422239872,0.03669232184273232,0.03604554368864178,0.030760919104050835,0.031849468899126286,0.031629612543288325,0.03563418772994441,0.0246193365655282,0.039021365394757736,0.02696929425893566,0.02463401232724384,0.03866483723590149,0.04338967142811756,0.04205713382049244,0.013952379812549641,0.02936862889277204,0.03013191701985703,0.028173033607625096,0.03239513556791104,0.03230277216838761,0.03218061558061954,0.029479596181096104,0.028577089677521848,0.02336924492454329,0.03111168257347101,0.028015823847498008,0.027408322598888007,0.02432719871008737,0.01939230157267673,0.02431198778077839,0.02369506701826847,0.030636256355837974,0.026385174100079425
Chems,0.028998257204130275,0.020239770238284355,0.017922636076250987,0.018392723256552813,0.014267154948371719,0.02479838604447975,0.026469703725178713,0.031027264479745822,0.02722345413026211,0.02680506884034948,0.02527211490071485,0.024836107911040503,0.03275327980937252,0.04315590950754567,0.02867144973788721,0.0276153792533757,0.034917549674344725,0.04019813001588562,0.04567582258141382,0.03667513186656077,0.03736417889594917,0.033253311135822076,0.03951944949960286,0.027467147776012703,0.04561108698967434,0.028163629801429713,0.03362178283558379,0.04859750316123908,0.058070686942017474,0.05436538791898333,0.016639442930897533,0.03033728042096902,0.03153249879269261,0.028723864432088964,0.03216703818109609,0.030046421628276407,0.03269249637807785,0.030026335043685452,0.03223306105639395,0.028397209944400318,0.03437670879269262,0.031085231485305804,0.02790637961080221,0.02329740245432883,0.020578819110405086,0.026302815988880058,0.025539283725178708,0.03270295739475774,0.026849113891977753
Rubbr,0.023264380841938038,0.01663243477362986,0.01486867485305798,0.016028563272438442,0.011983130675139002,0.019544012406671963,0.020995999793486892,0.024768513328038123,0.021737580762509923,0.021219155631453532,0.02075032428911835,0.020433860397140586,0.026143697442414612,0.02867144973788721,0.030840001366163626,0.022655388085782366,0.028090230722795866,0.03229086835583795,0.03370114603653692,0.028438925750595714,0.02843522158856235,0.02558405131056394,0.0309308031135822,0.022199020667196187,0.034698780428911835,0.022263553200953138,0.022489475949165998,0.03330048800635426,0.0384428400635425,0.0361985522954726,0.013995780063542495,0.024101476203335973,0.025065347132644956,0.0231219711517077,0.024912856060365366,0.024025408435266078,0.02554181267672756,0.023673306179507546,0.025811125003971404,0.022409923685464656,0.026563079888800634,0.02412175002382843,0.022393405289912627,0.019160088816521047,0.017031714948371725,0.021566000555996827,0.02029138333598094,0.02607962589356633,0.02113930012708498
Txtls,0.022835475107227953,0.01702700732644956,0.015381083971405876,0.015782447809372522,0.012378052861000792,0.020954670576648127,0.021502039834789512,0.025392617537728368,0.023127327936457505,0.024615328851469425,0.020744441308975375,0.020670627774424143,0.026889054462271644,0.0276153792533757,0.022655388085782366,0.037880310824463866,0.02839395381731533,0.03370906246227165,0.03179828256076252,0.027811743631453525,0.028224318938840347,0.02591332094678316,0.03126771770611596,0.0216924527847498,0.03483740765051629,0.023337406665607623,0.016960961461477353,0.030832503955520254,0.034185139958697375,0.03352462513105638,0.012866949788721205,0.0249721925146942,0.025463610014297065,0.02331200050198571,0.02538721486894361,0.024893357394757745,0.026118173261318503,0.023665965331215243,0.026336383053216835,0.021847313613979343,0.026998643685464657,0.023620861782366956,0.024405739024622723,0.02074163016362192,0.017440327243844325,0.021722212689436065,0.021259403094519458,0.025927447205718816,0.021294438119142174
BldMt,0.02794600069896743,0.02017467444638602,0.01758413455123114,0.018356804625893564,0.014439115126290706,0.0241666490802224,0.026191731933280376,0.030372194694201743,0.026748989756949955,0.02603711806830818,0.024195249957108818,0.024223632038125494,0.03143862422239872,0.034917549674344725,0.028090230722795866,0.02839395381731533,0.039899510366957894,0.04184744937251787,0.04274889716282765,0.03524606835901509,0.03589616448610007,0.0314830331564734,0.03835264700873709,0.026951970764098488,0.0443442282319301,0.02795655814455918,0.02815838036536934,0.04233294490865767,0.04975057863065925,0.046509426243050045,0.016656724867355047,0.02974732352025418,0.030925343523431285,0.02819941555520254,0.030662858268467038,0.029164204416203335,0.03161853438602066,0.029128141528196982,0.03164464515329626,0.026823403304209688,0.03329425423351866,0.02997494221445591,0.02793310642096902,0.02359611538681493,0.020677782938840348,0.02609998058141381,0.025209754719618747,0.03193774959809372,0.026150365992057185
Cnstr,0.03195779642573472,0.022774866648133437,0.020144923002382843,0.021017742128673546,0.01627486773629865,0.028052053606036537,0.03040456737887212,0.03511629329626688,0.031229057895154885,0.03052688057982525,0.02894970918189039,0.028287443447180295,0.03669232184273232,0.04019813001588562,0.03229086835583795,0.03370906246227165,0.04184744937251787,0.059503023153296274,0.04873999422557583,0.039917223018268465,0.041081157498014303,0.03676150214455918,0.044353178649722005,0.03043977250992852,0.050730241525019856,0.03141872292295472,0.032643169761715635,0.04944625515488485,0.05918498562351072,0.05440276887212072,0.01933174042096902,0.03405683583002383,0.036090005861795074,0.032401676378077844,0.035216931350277994,0.033745976656076246,0.03612717281969818,0.033224286497220014,0.03592891981731532,0.030337354662430496,0.03860190242255758,0.034074509483717236,0.03247049555996823,0.027662888633836376,0.023701827402700555,0.03044556768069896,0.0306197186576648,0.036337553550436844,0.029856853224781578
Steel,0.034176695933280384,0.023032787833200955,0.020018162239872912,0.02088287059253376,0.015602053229547252,0.029483472309769658,0.03076739628752978,0.03630897698173153,0.03197250367434471,0.031980733615567906,0.02978788591262907,0.02872968130579825,0.03604554368864178,0.04567582258141382,0.03370114603653692,0.03179828256076252,0.04274889716282765,0.04873999422557583,0.06981912484670373,0.04536065921842732,0.04613326483081811,0.03933882698649722,0.04791299407148531,0.03239765748848293,0.056050376597299445,0.032886106255758545,0.05095253092136617,0.06322481699761716,0.0846167740460683,0.06907124437648927,0.01966381452104845,0.035830812023828436,0.03793248454646545,0.03362788296743447,0.03758693082605243,0.03475683109610801,0.038748193096108025,0.035244534548054,0.03865287039078635,0.03396996266878475,0.041641124964257356,0.03779266070849881,0.032896832649722006,0.027195026416203336,0.02456478142970612,0.03084106752819698,0.03045908894201748,0.03892666511199365,0.03135277811437648
FabPr,0.028076163717235904,0.019570804413026215,0.016265475424940425,0.017583356034948365,0.012692160196981732,0.024719324196981727,0.025142831729944394,0.03006250090548054,0.02676282785385227,0.02637792949642573,0.02431317114535346,0.024271339215250196,0.030760919104050835,0.03667513186656077,0.028438925750595714,0.027811743631453525,0.03524606835901509,0.039917223018268465,0.04536065921842732,0.09150389611437648,0.03779497556473391,0.03321215616203335,0.03917726272279587,0.02725502176648133,0.045911800451151716,0.0273335578141382,0.03297448138204923,0.04510347745830024,0.05598081028752979,0.051763965798252584,0.016543639774424142,0.029340062211278783,0.03130906766640191,0.02807199454169976,0.03132312957903097,0.029497909690230344,0.03178793831930103,0.029248858020651303,0.03160993283240668,0.026045921397934865,0.03227891426528991,0.03027839184749801,0.028057175145353448,0.02286251765210484,0.020617196568705316,0.025654137509134225,0.02518789385544083,0.03116172810802224,0.025415068393963458
Mach ,0.029765732311358213,0.020474257539316917,0.017302363129467837,0.01821776800317712,0.014165854818109615,0.02498397613820492,0.026773587169181882,0.03128313421763305,0.027602966930897532,0.027384657364575054,0.02490205026528991,0.024614382338363768,0.031849468899126286,0.03736417889594917,0.02843522158856235,0.028224318938840347,0.03589616448610007,0.041081157498014303,0.04613326483081811,0.03779497556473391,0.04036735957267673,0.03322682304686259,0.04052999311834789,0.028080225812549646,0.04765530698649722,0.028314767351866558,0.0306261139872915,0.04614372171564733,0.05657237487212073,0.05350107795869738,0.01694487520413026,0.030648522238284348,0.0320780161429706,0.029159279599682276,0.032811865949166,0.030521614098490864,0.0336157245655282,0.030571124349483718,0.03270208783320095,0.027963981445591743,0.03512691752978555,0.03133866248768864,0.028527787725178708,0.023917670196981725,0.02120588678316124,0.026762250085782372,0.025320687702938837,0.03321795438919777,0.026537452141382038
ElcEq,0.02762629467831613,0.01848973742335187,0.01797080819698173,0.017485552413026212,0.01332722088006354,0.02354963687370929,0.024062251793486897,0.0284940687847498,0.02489866736139794,0.024212577296266875,0.024032382964257342,0.023577678691024624,0.031629612543288325,0.033253311135822076,0.02558405131056394,0.02591332094678316,0.0314830331564734,0.03676150214455918,0.03933882698649722,0.03321215616203335,0.03322682304686259,0.04143352238919778,0.03547204607466242,0.025051760813343923,0.04053039749642573,0.025746816495631448,0.02458329938046068,0.03966148641779191,0.04897317133598094,0.044506094583002385,0.014514939361397935,0.02774088802541699,0.028762892892772042,0.026402785772835582,0.029555709864972208,0.028113128991262903,0.0301657935694996,0.027320777131056396,0.028901417550436858,0.024598654106433675,0.030627247752184273,0.02785848395234312,0.02553521592374901,0.021653890090548047,0.01901600578236696,0.02377858264019062,0.023311776540111195,0.0295641088228753,0.02462952194440032
Autos,0.0318584996664019,0.022244462220810165,0.01969226907069102,0.019800530077839558,0.015801997496425736,0.02708250130579825,0.029422642675139003,0.034501766354249404,0.030207279974583,0.030517014881652104,0.028238602789515482,0.027349768508339953,0.03563418772994441,0.03951944949960286,0.0309308031135822,0.03126771770611596,0.03835264700873709,0.044353178649722005,0.04791299407148531,0.03917726272279587,0.04052999311834789,0.03547204607466242,0.04991546081652105,0.030706967866560755,0.05026944032406671,0.03053489198411437,0.030362982748212863,0.047150652295472606,0.056708111923749,0.05279435714058776,0.017572302443208898,0.03293457209213662,0.03567011281334391,0.03170319921207307,0.035458166258935664,0.03335735637807784,0.036087852409849096,0.03283880820333599,0.035709901077045275,0.030209295059571088,0.03809157197776013,0.0334263104177919,0.0318510239618745,0.02667546626211278,0.022984400730738676,0.029391959065925344,0.027808291329626686,0.03604985379507546,0.028658935701350283
Aero ,0.022815514932486104,0.016511759299444005,0.013582331167593326,0.015168169153296267,0.01231627325178713,0.018867329056393965,0.020365737596505163,0.0239337122319301,0.021459821218427322,0.021477322047656868,0.019321571402700556,0.019328168797458297,0.0246193365655282,0.027467147776012703,0.022199020667196187,0.0216924527847498,0.026951970764098488,0.03043977250992852,0.03239765748848293,0.02725502176648133,0.028080225812549646,0.025051760813343923,0.030706967866560755,0.0293542078649722,0.03512261920889594,0.02374377838284353,0.018763686584590943,0.03118593912629071,0.03539959450039714,0.034534013733121524,0.01375335307227959,0.02352106359173947,0.025592808352660836,0.022726017969817314,0.024701935830023832,0.02346224953931692,0.02535188792057188,0.023448335920571876,0.025674782984908648,0.02177150522637013,0.026835547188244626,0.023644386408260516,0.02212261449880858,0.018938435378872125,0.01668599356632248,0.021466682209690228,0.019715605513899923,0.025750331393169186,0.020299107540905484
Ships,0.03590800470214455,0.024632463745830023,0.01965861064336775,0.023162590951548847,0.017015986408260523,0.030130008819698174,0.03263619168228752,0.03908610471803019,0.03403201261953932,0.03409817450039714,0.03058736288482922,0.030032018420969014,0.039021365394757736,0.04561108698967434,0.034698780428911835,0.03483740765051629,0.0443442282319301,0.050730241525019856,0.056050376597299445,0.045911800451151716,0.04765530698649722,0.04053039749642573,0.05026944032406671,0.03512261920889594,0.08251122418427324,0.03615414885464654,0.04040133283558378,0.05788178821286734,0.07204525454487687,0.06691751084988085,0.021510028193804605,0.0376723433709293,0.04073589127243843,0.03557310971247021,0.03962711180301826,0.036971853312152504,0.0403650298522637,0.03675561763939634,0.040759975358220804,0.0339406298649722,0.04566581985702939,0.03838409917077045,0.0359430021350278,0.02937463131374106,0.02594943107227959,0.03328993040826052,0.02927220001906275,0.040608992158856244,0.03294032734551231
Guns ,0.023587574583002386,0.017650440457505957,0.016337929181890393,0.016928839529785543,0.014048048902303415,0.02067703245750596,0.02152646443844321,0.024118475647339162,0.022565536241461473,0.02288578377760127,0.020617166030182685,0.020853792114376483,0.02696929425893566,0.028163629801429713,0.022263553200953138,0.023337406665607623,0.02795655814455918,0.03141872292295472,0.032886106255758545,0.0273335578141382,0.028314767351866558,0.025746816495631448,0.03053489198411437,0.02374377838284353,0.03615414885464654,0.04457934752025416,0.021810175949166,0.03170972473391582,0.03754976917553613,0.03448896791104051,0.013776366366957903,0.02480568773947577,0.025945394783161237,0.023284540880063546,0.025452315965051632,0.024151926767275612,0.02682400901032566,0.024416510697378876,0.02590699127561557,0.021834852104845114,0.02724084886417792,0.023890422252581412,0.024045665804606833,0.019959170725972995,0.016435632438443207,0.02182204291024623,0.019672174951548844,0.025888223008737096,0.02142474599523431
Gold ,0.02822655798252581,0.014807452017474182,0.012906044908657663,0.013561041540905481,0.012980242192216043,0.019774910587768074,0.01790250019857029,0.020734912168387614,0.018995856862589356,0.015565273193010331,0.01803303582208102,0.0176990568228753,0.02463401232724384,0.03362178283558379,0.022489475949165998,0.016960961461477353,0.02815838036536934,0.032643169761715635,0.05095253092136617,0.03297448138204923,0.0306261139872915,0.02458329938046068,0.030362982748212863,0.018763686584590943,0.04040133283558378,0.021810175949166,0.21706968253375689,0.07708666084193803,0.08724666117553613,0.05969807964257349,0.017643063296266883,0.0236239035822081,0.021651430675139,0.019658035234312945,0.023619881485305798,0.021450216163621916,0.025440947498014295,0.023018587212073068,0.02276248030976965,0.02305362583002382,0.023275886679904684,0.02453949868149324,0.01729234316918189,0.013776676640190626,0.011749952644956313,0.016282583169181887,0.017834158196981732,0.02477234548054011,0.02167941848292295
Mines,0.035479796854646535,0.022459335440826053,0.01920441750595711,0.021231173280381252,0.01610177270849881,0.029265856584590938,0.031172746084193795,0.03609374049245432,0.03157803021445592,0.030548066687847507,0.029062612231930088,0.028999956123907863,0.03866483723590149,0.04859750316123908,0.03330048800635426,0.030832503955520254,0.04233294490865767,0.04944625515488485,0.06322481699761716,0.04510347745830024,0.04614372171564733,0.03966148641779191,0.047150652295472606,0.03118593912629071,0.05788178821286734,0.03170972473391582,0.07708666084193803,0.09363188130262114,0.0939621743923749,0.07931063266084191,0.020662182366957906,0.03603369845909453,0.036878276473391584,0.03327109591739476,0.039084385067513897,0.03625867262907069,0.03858672676727562,0.03513146316123908,0.03743675161239079,0.03405718169976172,0.04127566694201747,0.03789482592533756,0.03152417166004765,0.02664720295472597,0.023370722478157278,0.0291759876409849,0.029174821000794278,0.03838791526608419,0.03216528543288324
Coal ,0.041425148339952346,0.024763153839555203,0.021205401270849886,0.022225967809372516,0.015846889366163623,0.03723684107704528,0.03507397919936457,0.03935349782366957,0.03535452992216045,0.03886190233836377,0.034478785804606824,0.03483633192057188,0.04338967142811756,0.058070686942017474,0.0384428400635425,0.034185139958697375,0.04975057863065925,0.05918498562351072,0.0846167740460683,0.05598081028752979,0.05657237487212073,0.04897317133598094,0.056708111923749,0.03539959450039714,0.07204525454487687,0.03754976917553613,0.08724666117553613,0.0939621743923749,0.25083061408101676,0.11102274772041305,0.02460605652422557,0.04295379415091341,0.04382151377918982,0.038192478595710885,0.04729125450357427,0.040700735424940425,0.04714333793169183,0.04105145292454329,0.043965461544082596,0.03912911301032565,0.04915662959491661,0.045368710201747424,0.03832700318665607,0.028960408034948374,0.027025703542494048,0.03323897915488482,0.036878769782366955,0.04467712012073073,0.03840247187609214
Oil  ,0.03902452455917395,0.024258739896743445,0.01893195178713264,0.022765872009531375,0.01670894821286735,0.032295866425734704,0.033847670587768074,0.03953647315329627,0.035321212922954724,0.03405047182684671,0.03306693860206513,0.03176758908657663,0.04205713382049244,0.05436538791898333,0.0361985522954726,0.03352462513105638,0.046509426243050045,0.05440276887212072,0.06907124437648927,0.051763965798252584,0.05350107795869738,0.044506094583002385,0.05279435714058776,0.034534013733121524,0.06691751084988085,0.03448896791104051,0.05969807964257349,0.07931063266084191,0.11102274772041305,0.12208650884034948,0.024176153780778392,0.039993367982525806,0.041328053042096906,0.036328836123907866,0.04239671497220015,0.039346165043685453,0.041755502573471,0.03853105148530579,0.040927964440031765,0.03655057953931692,0.046602954829229534,0.04328809763304207,0.03617028693407466,0.027935590889594915,0.02631292999205719,0.032242419293089755,0.0335886694598888,0.042088649690230344,0.035722264074662426
Util ,0.014315434265289913,0.012588264671961875,0.01115903610802224,0.011395485874503576,0.012293399250198572,0.011790662826052425,0.012449084119142176,0.015619608403494838,0.013411644405083401,0.012920731121525024,0.011390358255758539,0.01193627044003177,0.013952379812549641,0.016639442930897533,0.013995780063542495,0.012866949788721205,0.016656724867355047,0.01933174042096902,0.01966381452104845,0.016543639774424142,0.01694487520413026,0.014514939361397935,0.017572302443208898,0.01375335307227959,0.021510028193804605,0.013776366366957903,0.017643063296266883,0.020662182366957906,0.02460605652422557,0.024176153780778392,0.018477339048451148,0.015291411150119142,0.01560754433995234,0.01377142377760127,0.013649094305003972,0.01335790640984909,0.014342140864177922,0.013902212737092925,0.016035571407466243,0.01462027326449563,0.016358577180301818,0.014600505791898333,0.013793136049245428,0.01204972498649722,0.009874531072279587,0.01393996003018268,0.012417742397140583,0.015297989750595709,0.01363824948848292
Telcm,0.025449309150119132,0.018283970959491656,0.016457604495631457,0.017162537604447976,0.013468241003971405,0.02141586713423352,0.02421473975694996,0.028150263145353453,0.023441940900714848,0.023628969640984904,0.022456191640984908,0.022410935342335188,0.02936862889277204,0.03033728042096902,0.024101476203335973,0.0249721925146942,0.02974732352025418,0.03405683583002383,0.035830812023828436,0.029340062211278783,0.030648522238284348,0.02774088802541699,0.03293457209213662,0.02352106359173947,0.0376723433709293,0.02480568773947577,0.0236239035822081,0.03603369845909453,0.04295379415091341,0.039993367982525806,0.015291411150119142,0.03200798514853057,0.02740786287212073,0.025366332695790316,0.028031516449563143,0.027318726934074656,0.028643545553613967,0.025841519590150908,0.02733466638443208,0.023081981223193004,0.028952415083399508,0.02610885477998411,0.024658133323272435,0.02135804891342336,0.018540177712470213,0.02350004862748212,0.021855741907863376,0.028456497588562352,0.02323261391104051
PerSv,0.026818936870532165,0.01875542665925338,0.017092325337569502,0.017488048603653692,0.01306659551389992,0.021692070528991265,0.02421989433836378,0.028784921175536125,0.02480221249563145,0.025088913235901508,0.023912066630659246,0.02274548677362987,0.03013191701985703,0.03153249879269261,0.025065347132644956,0.025463610014297065,0.030925343523431285,0.036090005861795074,0.03793248454646545,0.03130906766640191,0.0320780161429706,0.028762892892772042,0.03567011281334391,0.025592808352660836,0.04073589127243843,0.025945394783161237,0.021651430675139,0.036878276473391584,0.04382151377918982,0.041328053042096906,0.01560754433995234,0.02740786287212073,0.041535735669579035,0.02658211611755361,0.028938377966640186,0.02761795200953137,0.02980157164098491,0.02693498617315329,0.02869787549166005,0.024284361302621127,0.0319528924384432,0.02735096351389992,0.026476369191421774,0.022403497153296262,0.01917587494837172,0.02434011214932486,0.02252843831294678,0.02922110054964257,0.023556205601270853
BusSv,0.02416047926926132,0.01721750485782367,0.015415763971405866,0.015864312667196186,0.012438272635424942,0.01985812653216838,0.022170799148530585,0.02633106300238285,0.022116269680698967,0.022148159027799836,0.02160733721366163,0.021393222233518663,0.028173033607625096,0.028723864432088964,0.0231219711517077,0.02331200050198571,0.02819941555520254,0.032401676378077844,0.03362788296743447,0.02807199454169976,0.029159279599682276,0.026402785772835582,0.03170319921207307,0.022726017969817314,0.03557310971247021,0.023284540880063546,0.019658035234312945,0.03327109591739476,0.038192478595710885,0.036328836123907866,0.01377142377760127,0.025366332695790316,0.02658211611755361,0.026006046805401115,0.02636337102462271,0.025727009499602858,0.026902658764098482,0.02470672569340747,0.026346646875297856,0.022194189960285944,0.027975448546465446,0.024847319027799842,0.023508059799841143,0.020415534252581413,0.017800519682287533,0.022395022989674343,0.020636511631453528,0.02704653563780778,0.021720156447974575
Hardw,0.025652331707704527,0.018028733447180298,0.01617197399523431,0.01623327140587768,0.012043026433677523,0.022721129428117555,0.02448993714853058,0.027756755504368548,0.02420468027799841,0.02473049168387609,0.02339405104050834,0.02382264557585385,0.03239513556791104,0.03216703818109609,0.024912856060365366,0.02538721486894361,0.030662858268467038,0.035216931350277994,0.03758693082605243,0.03132312957903097,0.032811865949166,0.029555709864972208,0.035458166258935664,0.024701935830023832,0.03962711180301826,0.025452315965051632,0.023619881485305798,0.039084385067513897,0.04729125450357427,0.04239671497220015,0.013649094305003972,0.028031516449563143,0.028938377966640186,0.02636337102462271,0.03792796834789514,0.029919087903097684,0.032065403351866556,0.02794193008737093,0.028596650349483718,0.02416731421763304,0.0300801941938046,0.02728597286735504,0.02548227705321684,0.02191582463065925,0.018568573677521842,0.02322407521048451,0.022644484932486098,0.029851028625893568,0.02406980409054804
Softw,0.025273201000794287,0.017529162676727564,0.01617084637013503,0.01648969567911041,0.012038565909451944,0.021309009841143766,0.024096053749007147,0.027180685416997617,0.023608471953931693,0.02406335633836378,0.023146497680698964,0.02333128579825258,0.03230277216838761,0.030046421628276407,0.024025408435266078,0.024893357394757745,0.029164204416203335,0.033745976656076246,0.03475683109610801,0.029497909690230344,0.030521614098490864,0.028113128991262903,0.03335735637807784,0.02346224953931692,0.036971853312152504,0.024151926767275612,0.021450216163621916,0.03625867262907069,0.040700735424940425,0.039346165043685453,0.01335790640984909,0.027318726934074656,0.02761795200953137,0.025727009499602858,0.029919087903097684,0.03108461552819698,0.029437351183478937,0.026359451517077043,0.027139721993645744,0.02243818201747419,0.02868645036536934,0.025867254011119938,0.02483527454328832,0.021654326679904683,0.018120607005559966,0.022648505138999204,0.022053804392374903,0.028453500587768063,0.0229440542573471
Chips,0.02741637741064336,0.018697370411437646,0.01723413842732327,0.017470127104050836,0.012934291742652896,0.023441492845115167,0.024767308406671962,0.02860581124702144,0.024813148088959482,0.024851551507545668,0.023988736501985696,0.023736050115965048,0.03218061558061954,0.03269249637807785,0.02554181267672756,0.026118173261318503,0.03161853438602066,0.03612717281969818,0.038748193096108025,0.03178793831930103,0.0336157245655282,0.0301657935694996,0.036087852409849096,0.02535188792057188,0.0403650298522637,0.02682400901032566,0.025440947498014295,0.03858672676727562,0.04714333793169183,0.041755502573471,0.014342140864177922,0.028643545553613967,0.02980157164098491,0.026902658764098482,0.032065403351866556,0.029437351183478937,0.03488896202700555,0.028699792743447184,0.028945059942811758,0.024473553709293088,0.03097060548054011,0.027609577385226364,0.026068926992851463,0.022060285537728357,0.019225664177918978,0.02428532572835584,0.02296710657029388,0.03049560948689436,0.024231413918983317
LabEq,0.024518872470214458,0.017430255564733915,0.01556945969817315,0.016674873016679907,0.01264828270691024,0.020615755396346306,0.022655504994440034,0.026129370706910255,0.02300698702779984,0.02297612631930103,0.02192229095472597,0.022349818198570296,0.029479596181096104,0.030026335043685452,0.023673306179507546,0.023665965331215243,0.029128141528196982,0.033224286497220014,0.035244534548054,0.029248858020651303,0.030571124349483718,0.027320777131056396,0.03283880820333599,0.023448335920571876,0.03675561763939634,0.024416510697378876,0.023018587212073068,0.03513146316123908,0.04105145292454329,0.03853105148530579,0.013902212737092925,0.025841519590150908,0.02693498617315329,0.02470672569340747,0.02794193008737093,0.026359451517077043,0.028699792743447184,0.029644578751389997,0.02693899040190628,0.022676313772835584,0.02834127181890389,0.02542952287212073,0.023858979911040506,0.0204354727593328,0.017857714503574266,0.022643441401111988,0.020828119050039718,0.027775768171564737,0.02232801635266085
Paper,0.026209173836378087,0.019121996030182685,0.01752876141382049,0.017569085938046066,0.014113134659253374,0.022331776360603656,0.024303054301826842,0.02861314095313742,0.02439242173629865,0.02472424938999206,0.022907731250198567,0.022326054395552016,0.028577089677521848,0.03223306105639395,0.025811125003971404,0.026336383053216835,0.03164464515329626,0.03592891981731532,0.03865287039078635,0.03160993283240668,0.03270208783320095,0.028901417550436858,0.035709901077045275,0.025674782984908648,0.040759975358220804,0.02590699127561557,0.02276248030976965,0.03743675161239079,0.043965461544082596,0.040927964440031765,0.016035571407466243,0.02733466638443208,0.02869787549166005,0.026346646875297856,0.028596650349483718,0.027139721993645744,0.028945059942811758,0.02693899040190628,0.04005655798411438,0.027195563050039707,0.030932212049245428,0.027467301756949968,0.025924039575853847,0.021732298028594124,0.01959256922954726,0.0252154038268467,0.022998753818903893,0.029686173166004765,0.023466524516282762
