,Agric,Food ,Soda ,Beer ,Smoke,Toys ,Fun  ,Books,Hshld,Clths,Hlth ,MedEq,Drugs,Chems,Rubbr,Txtls,BldMt,Cnstr,Steel,FabPr,Mach ,ElcEq,Autos,Aero ,Ships,Guns ,Gold ,Mines,Coal ,Oil  ,Util ,Telcm,PerSv,BusSv,Hardw,Softw,Chips,LabEq,Paper,Boxes,Trans,Whlsl,Rtail,Meals,Banks,Insur,RlEst,Fin  ,Other
Agric,0.061374043266084186,0.021686647231135822,0.020091238430500393,0.01842822248133439,0.018477751383637806,0.024742598833995235,0.027642016721207315,0.03265875659412232,0.026884127361397933,0.026955303857029385,0.02757801881175536,0.02638811140587767,0.03364146409531374,0.03480294837807784,0.027571564918189045,0.028001675720413035,0.03351871136139793,0.03787004877521843,0.04098428300873709,0.035045976060365365,0.03602686993486894,0.033597848778395556,0.03879453228594122,0.02838757761080222,0.04498112596346306,0.028526447250198567,0.03189773850675139,0.04038446392057188,0.04757265109134234,0.044933572787926916,0.01836891157426528,0.031483330046068306,0.031757403405877675,0.029336612673550425,0.03095736426052424,0.030244793175536133,0.032612995310563934,0.029858368142970614,0.03188021542494043,0.02716674433677521,0.033282524327243844,0.030277773814138202,0.029050938246227162,0.025453987796664013,0.020841230287529783,0.027500375148530574,0.025058022916600486,0.03318509559332803,0.027446217134233515
Food ,0.021686647231135822,0.02135126961715647,0.01634648588403495,0.014898264025416995,0.015555944228752979,0.018047548772041302,0.019961081258141382,0.023225238525814134,0.019735295294678313,0.02094823691183479,0.018014630602065138,0.018285960635424935,0.022663986427323268,0.02458155572359014,0.019687240813343925,0.020977930725972992,0.024118489505957106,0.027201203761715653,0.028237540346306596,0.024416602891183477,0.025227787558379657,0.022627250630659245,0.02733992249086577,0.020648287199364578,0.03121150692295473,0.021231192482922948,0.01705514970611597,0.02639563424305004,0.029910179132644956,0.029570660555996827,0.015091062131850677,0.022696599154884825,0.022068310386020647,0.02094176288482923,0.02221484925178714,0.02133991689912629,0.022730397102462274,0.02135233015409055,0.02317297458300238,0.019973851405877686,0.02296914654169976,0.02163379258459094,0.020985280781572677,0.01868919999364575,0.015087956111199365,0.020369849550436858,0.018823906325655282,0.02346980564257347,0.019661508549642583
Soda ,0.020091238430500393,0.01634648588403495,0.038065447313741056,0.015357880196981734,0.015347595952343127,0.017373487342335184,0.01891457433200953,0.02287081253693407,0.01839250820969023,0.019538298849880863,0.016977172984908657,0.018127484876886424,0.0231528884765687,0.023005684555996816,0.017918771456711675,0.019627322227164415,0.0222572478061954,0.025390393658459097,0.02601065597776012,0.02144068173153297,0.02309253796346307,0.02176434773947578,0.025359062109610808,0.01877037115488483,0.027633937439237494,0.020891885826846705,0.016658223749007144,0.02464627479904686,0.026194554176330414,0.025590415742652896,0.01381756306910246,0.02130376754249404,0.02090175842414614,0.01961489719777601,0.02108686922001589,0.020524652435266088,0.02184207313105639,0.019935247755361388,0.022479868832406668,0.01880191072279587,0.021282202967434466,0.01975020141699761,0.01975796502303415,0.018198564552819697,0.01455160486417792,0.019595441639396347,0.01731468136934074,0.021760407771247013,0.018632600066719615
Beer ,0.01842822248133439,0.014898264025416995,0.015357880196981734,0.030974404168387617,0.014774713664813343,0.01587740116282764,0.01765081139316918,0.019809668104845114,0.01826207226052422,0.018438543123113587,0.017113442992851467,0.01701481127879269,0.021553297912629072,0.02149052776489277,0.01821432573788721,0.018552748772041303,0.02132150644003177,0.024257706128673555,0.02487735753455123,0.02142917407466243,0.021694720012708498,0.020359776571882444,0.023250227335980936,0.018357321289912625,0.028433849003971404,0.02000618994122319,0.01667525416997617,0.02417730769817315,0.026178495002382843,0.026771315297855435,0.013561059018268465,0.020534449258141383,0.019849629591739467,0.018715063472597295,0.019371696686258932,0.019127630830818105,0.020549438659253377,0.019479655269261317,0.020526847815726775,0.01831684460683082,0.02069579165687053,0.019238459653693404,0.018418429947577433,0.01653122884193805,0.01371585142494043,0.018527384927720412,0.01630377530103256,0.02108802194122319,0.017441811329626685
Smoke,0.018477751383637806,0.015555944228752979,0.015347595952343127,0.014774713664813343,0.03143126811119936,0.015644791431294682,0.01693748833359809,0.01919433314694202,0.016462155193010333,0.0174534685909452,0.014759090583002383,0.015754249864972203,0.018217711084988084,0.02032042535980937,0.016374714910246228,0.017848402392374896,0.019744020019062752,0.02173109817950754,0.021970979084988084,0.01894262498808578,0.020341054970611592,0.018723165378872118,0.022250641674344717,0.01746706927084988,0.02583617527243845,0.018235338973788724,0.015922940222398735,0.021388549671167587,0.021993239876092138,0.02352139922160445,0.015576518691024626,0.019660140181096106,0.01803257843367752,0.017373476883240667,0.017398968009531373,0.01701644562986497,0.018469152133439238,0.017696308254169978,0.019938332406671956,0.018362375599682287,0.01884241045909452,0.018023990081016676,0.017878241629864965,0.01611842052104845,0.01266131715011914,0.018174509064336777,0.01537210336139794,0.019501853464654488,0.016574865299444002
Toys ,0.024742598833995235,0.018047548772041302,0.017373487342335184,0.01587740116282764,0.015644791431294682,0.04304904497378872,0.023868361685464655,0.02736512472756156,0.02397684263542494,0.025620288678316123,0.022248297088165208,0.02265467915011914,0.029420208463860203,0.029844141245432877,0.023257889795075454,0.025729037968228747,0.02912090711199364,0.03346142572517871,0.03570646176171565,0.030867361485305795,0.03079020270691024,0.02916297467990469,0.0331993603161239,0.024105345084988083,0.03830165772676727,0.025416130173153292,0.021384588379666395,0.03347611045750595,0.042644185253375676,0.038009985377283555,0.01547798690389198,0.027212740260524223,0.025851870189038915,0.024652310330420965,0.02798362007466243,0.02593125501826846,0.028240153658459086,0.025617169469420168,0.02752719514694202,0.023164407593328037,0.027130213397934862,0.025742354703733122,0.02578688865925337,0.022050135969817315,0.01748511091501191,0.02273343343288324,0.023075115823669577,0.02702480175694995,0.02352250557744242
Fun  ,0.027642016721207315,0.019961081258141382,0.01891457433200953,0.01765081139316918,0.01693748833359809,0.023868361685464655,0.03368229714217633,0.030119288190627477,0.0253797424765687,0.02747325152184274,0.024696696405083398,0.024530308935663225,0.0314841348816521,0.03246570213502781,0.025449619548848293,0.026524018857823666,0.03185694528514694,0.03653601844956313,0.03815094282605242,0.03212869573471009,0.033451423358220794,0.030055395378872116,0.03637361532803811,0.026253615442414613,0.042287552420968995,0.026741934017474177,0.02254758915806195,0.03697207927402701,0.04197353141699761,0.04088838615567911,0.016861068397140584,0.030659531523431295,0.029030257194598886,0.027511579162827635,0.030413395753772842,0.029381069823669573,0.03041555073550436,0.028233788389197774,0.030254226457505952,0.02534824594122319,0.030294177718824464,0.028516012972200157,0.02772494742017474,0.024940962705321687,0.019762188262112786,0.026032688270055594,0.02421274179666402,0.030748256403494843,0.026336086911834793
Books,0.03265875659412232,0.023225238525814134,0.02287081253693407,0.019809668104845114,0.01919433314694202,0.02736512472756156,0.030119288190627477,0.05334485651469419,0.0291894165274027,0.030627209830023823,0.028084302481334377,0.027867468308181098,0.03508327000476568,0.036973062405083405,0.02908900294837172,0.030482904997617157,0.03626679166322478,0.04157847139634631,0.04352261856076251,0.03697239777601271,0.03816355514535346,0.034633944648133436,0.041402384247815734,0.030158465696584584,0.04927006059412232,0.029800863072279592,0.02435316899126291,0.04144728118824463,0.046441853204130266,0.04654825995234313,0.020230803456711674,0.03496654879110404,0.03381835860841937,0.03176034469896744,0.03375769946306592,0.03258059412867355,0.03421875715329626,0.031796976482922956,0.03482172095313741,0.02859947828435266,0.03521861366799047,0.03239230305957109,0.03132315697537727,0.027552070513105636,0.023398391637807787,0.030517933655281968,0.026210046125496423,0.03531519862748212,0.02935826029547259
Hshld,0.026884127361397933,0.019735295294678313,0.01839250820969023,0.01826207226052422,0.016462155193010333,0.02397684263542494,0.0253797424765687,0.0291894165274027,0.031253758555996825,0.027929580281175533,0.024021943563145354,0.023785349999999997,0.029583752044479748,0.03197023225734709,0.025177486789515483,0.027261642714853058,0.03144553601747418,0.03628829014455917,0.037554961224781566,0.03206871309769658,0.03302166058141383,0.029752727861795076,0.03570961361556792,0.02642081867990468,0.041788980414614776,0.026938152209690227,0.021755991111993642,0.035830623950754564,0.04093003153772834,0.0406237262192216,0.017082469077045276,0.028990453639396348,0.028748349445591733,0.0265178455234313,0.02902421304686259,0.02802177827799841,0.02949006292613185,0.027519047861795067,0.02915354523431295,0.025423034440031772,0.029921544505162823,0.02796215617791898,0.02785639707545671,0.023860799328038123,0.019227948004765686,0.025256783342335193,0.023454817853852252,0.029546032937251797,0.025409889545671166
Clths,0.026955303857029385,0.02094823691183479,0.019538298849880863,0.018438543123113587,0.0174534685909452,0.025620288678316123,0.02747325152184274,0.030627209830023823,0.027929580281175533,0.04361795389833201,0.025150026943606036,0.02526330094519459,0.030486520864177916,0.03338791955837966,0.02612935065607625,0.0298615841350278,0.03219912074821286,0.036875533315329626,0.03988025989992057,0.03303203027005559,0.03463346089277205,0.030806743277204146,0.038013137548848296,0.027808764293884028,0.0441121897172359,0.02853068805718824,0.021107458276409852,0.03678844465289913,0.04693107196346308,0.04159952043685465,0.01796351581890389,0.030708530773629863,0.02990908011437649,0.027837700665607628,0.03125448031930103,0.029857999653693408,0.03111185036378078,0.02895715747895155,0.031017449857029384,0.02604809566322478,0.031556456714853055,0.02940972234789515,0.03255451193486894,0.02647110149166005,0.019789877923749005,0.026495513864972203,0.025692504913423352,0.031004481648927724,0.02657185031453534
Hlth ,0.02757801881175536,0.018014630602065138,0.016977172984908657,0.017113442992851467,0.014759090583002383,0.022248297088165208,0.024696696405083398,0.028084302481334377,0.024021943563145354,0.025150026943606036,0.03422717887053216,0.02536970471008737,0.03377800018427323,0.03005490598570294,0.024141051250198567,0.024958038486100082,0.028854806654487683,0.0338445639364575,0.03559865600158856,0.02923511949960286,0.030332667717235907,0.029022295896743447,0.033793263245432886,0.024129937691818905,0.038925632745035736,0.02497497796346307,0.02136964062748213,0.03359541062907069,0.03974902957744241,0.0386267222954726,0.015207522338363779,0.02786291573947577,0.027850320838760923,0.02590063433042096,0.028117955423351874,0.02735382083876092,0.02841958699920571,0.026546177199364567,0.02785467538522637,0.02353468946783161,0.028488240219221604,0.026477056555996817,0.025803629923749006,0.02282215795234313,0.01846232868467038,0.024778287755361394,0.021945603807783955,0.028352847850675142,0.02442310498332009
MedEq,0.02638811140587767,0.018285960635424935,0.018127484876886424,0.01701481127879269,0.015754249864972203,0.02265467915011914,0.024530308935663225,0.027867468308181098,0.023785349999999997,0.02526330094519459,0.02536970471008737,0.02895126239078634,0.0345663029706116,0.030164766338363777,0.02431394015885623,0.02526595300238284,0.02921951454328832,0.03366941285146941,0.035140809030976966,0.029921278578236687,0.03052169566322478,0.028798148077839546,0.033488357688641765,0.024578620405083396,0.038572770524225586,0.025615597776012713,0.021992377561556788,0.0340776814853058,0.04086339366957903,0.03799016531374107,0.0159546330420969,0.028176921254964255,0.026959452803812543,0.02606685724384432,0.028886650794281182,0.027892372946783157,0.028524232374900715,0.027217581628276408,0.0278373362907069,0.0230698282446386,0.027826407323272427,0.02647330438443209,0.02593026834789515,0.02277665511517077,0.018420098482922954,0.02436417237490071,0.02164035339952343,0.028606291326449554,0.024577066997617154
Drugs,0.03364146409531374,0.022663986427323268,0.0231528884765687,0.021553297912629072,0.018217711084988084,0.029420208463860203,0.0314841348816521,0.03508327000476568,0.029583752044479748,0.030486520864177916,0.03377800018427323,0.0345663029706116,0.057571699418586156,0.03846188980460683,0.030301473150119135,0.03139057907545671,0.036697177849086576,0.042251739717235906,0.04280752262430499,0.03669089181890389,0.03798483928832405,0.0370953941985703,0.041853691869737884,0.030189843920571887,0.04779632341858617,0.031900616222398724,0.02947435393169182,0.04407458504209691,0.04953268066084195,0.04855501550436853,0.01884226504845115,0.035603182131850666,0.034537133648927715,0.03302773681334393,0.0373549487466243,0.0367772649912629,0.03701889906910246,0.034674430735504365,0.03430838420969023,0.028401872883240656,0.03532412116282763,0.03338544963939634,0.03238827111675933,0.02909449147577442,0.022485524969023032,0.02955920674821286,0.02755155194281175,0.03564749310246227,0.031816700727561556
Chems,0.03480294837807784,0.02458155572359014,0.023005684555996816,0.02149052776489277,0.02032042535980937,0.029844141245432877,0.03246570213502781,0.036973062405083405,0.03197023225734709,0.03338791955837966,0.03005490598570294,0.030164766338363777,0.03846188980460683,0.048938978230341545,0.03297066456552819,0.03258391128514694,0.04063321661318506,0.04612249749960286,0.05222853742017475,0.04320462142970613,0.043918920629070685,0.039533512460683075,0.046430101677521846,0.03352875201588562,0.05547740245591739,0.03383357114535345,0.03753052532168386,0.053466655062748204,0.06420759786814934,0.060771521699761716,0.021428172238284353,0.03715336142335185,0.03626529479904686,0.03407338491183479,0.038247114023828445,0.03557761311517078,0.03861670372041302,0.035798150840349485,0.03819477631453535,0.03355018341540905,0.038623770795869726,0.03664246135663224,0.03351732875933281,0.028808384054011118,0.023886159355043683,0.03196561242891183,0.03035870153137412,0.03835246164257346,0.03274151646386021
Rubbr,0.027571564918189045,0.019687240813343925,0.017918771456711675,0.01821432573788721,0.016374714910246228,0.023257889795075454,0.025449619548848293,0.02908900294837172,0.025177486789515483,0.02612935065607625,0.024141051250198567,0.02431394015885623,0.030301473150119135,0.03297066456552819,0.03379126823828436,0.02638358946147736,0.032317972012708494,0.03642273887847496,0.03904080056235106,0.03350292700555996,0.03348177077680699,0.03024850780937252,0.036132630014297056,0.026541305490071485,0.04224207783002383,0.026230113588562344,0.026219469626687843,0.03743187091024622,0.04312277468149325,0.04173179013502779,0.017577641328038126,0.028996451285146944,0.028553883564733915,0.02703338681175536,0.029449860876886412,0.02800433017315329,0.029770382030182684,0.027882069302621125,0.030145245798252587,0.02606203043685465,0.029975036988085776,0.028316140231930097,0.02667694361556791,0.023208412832406662,0.019496830160444796,0.025585073575853857,0.023605637023034157,0.03028503999364576,0.025577584536934074
Txtls,0.028001675720413035,0.020977930725972992,0.019627322227164415,0.018552748772041303,0.017848402392374896,0.025729037968228747,0.026524018857823666,0.030482904997617157,0.027261642714853058,0.0298615841350278,0.024958038486100082,0.02526595300238284,0.03139057907545671,0.03258391128514694,0.02638358946147736,0.043271490279586974,0.03335990077362985,0.039045462738681494,0.037866473056393964,0.03352335616362192,0.03381840528038125,0.03126111363145353,0.037280841571088165,0.02683717969976171,0.04336228138046068,0.02813548690071485,0.02024303103256553,0.034925732300238294,0.040531984665607625,0.03926543365369341,0.016972097626687842,0.03071021107863383,0.029377248806989668,0.028039223261318517,0.030522470988085772,0.029388383628276407,0.030844019456711676,0.028645893234312946,0.031392770730738685,0.0262089850675139,0.03103365638443209,0.02853027873868149,0.029168711486894355,0.02534495066401906,0.020332042527402703,0.026467453099285145,0.02532202195552026,0.030728830096902304,0.026484878555996818
BldMt,0.03351871136139793,0.024118489505957106,0.0222572478061954,0.02132150644003177,0.019744020019062752,0.02912090711199364,0.03185694528514694,0.03626679166322478,0.03144553601747418,0.03219912074821286,0.028854806654487683,0.02921951454328832,0.036697177849086576,0.04063321661318506,0.032317972012708494,0.03335990077362985,0.04552466055440826,0.04769058112470215,0.04943880124384432,0.04194652234312947,0.042407717375694994,0.03749013912152503,0.04512110831294679,0.03261841643685465,0.05376112909134233,0.033059151116759326,0.032476754511517075,0.047692406006354236,0.056157122587768074,0.05309609892772041,0.021013799065925334,0.036078985286735504,0.03555230409531374,0.03335119876250993,0.036386734088959496,0.03435798512787928,0.037131327364575056,0.03459371341858619,0.037443350444797456,0.031775618459094525,0.037597766287529776,0.03537621051945987,0.03331055194122319,0.028766744592533762,0.02412067500714853,0.03146887660365368,0.029763821456711675,0.037502546945194594,0.031792616802223984
Cnstr,0.03787004877521843,0.027201203761715653,0.025390393658459097,0.024257706128673555,0.02173109817950754,0.03346142572517871,0.03653601844956313,0.04157847139634631,0.03628829014455917,0.036875533315329626,0.0338445639364575,0.03366941285146941,0.042251739717235906,0.04612249749960286,0.03642273887847496,0.039045462738681494,0.04769058112470215,0.06569283665766482,0.05571194002541699,0.04673555080222398,0.04788964514058775,0.04301471617791898,0.051395296498808564,0.03659581228594122,0.06071889694360605,0.03687081155837966,0.03667202216044481,0.05475482923272439,0.06614318090230342,0.06106984579825259,0.024004810141382046,0.041130197070691016,0.040985476594122314,0.03783567199682286,0.04124679129150118,0.03924611433836379,0.041892832965845915,0.03905783970452739,0.041809597220015884,0.03547898249404288,0.04305181692772041,0.0397351290929309,0.03795630165845908,0.03307060362509928,0.027314120244638602,0.0361631979412232,0.03513408704368546,0.042154659640984894,0.03591906966481334
Steel,0.04098428300873709,0.028237540346306596,0.02601065597776012,0.02487735753455123,0.021970979084988084,0.03570646176171565,0.03815094282605242,0.04352261856076251,0.037554961224781566,0.03988025989992057,0.03559865600158856,0.035140809030976966,0.04280752262430499,0.05222853742017475,0.03904080056235106,0.037866473056393964,0.04943880124384432,0.05571194002541699,0.07586211572835583,0.05268715370135028,0.053815519930103244,0.04666134711517077,0.05599157345671168,0.0395254547084988,0.06726762070055597,0.03959044819062747,0.0523371809451946,0.06773205950277997,0.09097114842414612,0.07630560450357426,0.025154114382843522,0.043943157722001594,0.043763618230341535,0.040161976484511516,0.044957259464654495,0.04141480108975378,0.04583840408578237,0.042076630451151696,0.045841123343923755,0.04001802233518664,0.0465834311771247,0.04441962547100873,0.039571393167593324,0.03400408727084988,0.028669131579030976,0.03784770766322478,0.036407974517871325,0.04584529695631453,0.03843178972041302
FabPr,0.035045976060365365,0.024416602891183477,0.02144068173153297,0.02142917407466243,0.01894262498808578,0.030867361485305795,0.03212869573471009,0.03697239777601271,0.03206871309769658,0.03303203027005559,0.02923511949960286,0.029921278578236687,0.03669089181890389,0.04320462142970613,0.03350292700555996,0.03352335616362192,0.04194652234312947,0.04673555080222398,0.05268715370135028,0.09805237120730738,0.04530835510722795,0.04022013214455917,0.047023424138204914,0.033632225472597296,0.05718317969023033,0.033820915266084196,0.036190220023828434,0.05044649227164417,0.06349838694996027,0.05883410645750594,0.02192147529785544,0.03727648112787927,0.03660263745830024,0.034026449380460684,0.03784238552025418,0.0354241085146942,0.03809332689436061,0.035794704535345515,0.03850683514694202,0.03166129286735504,0.03731680004765686,0.03677561148530579,0.03421616078633837,0.028884315464654486,0.02430362494837172,0.031853639062748226,0.030316296735504362,0.037591130818109615,0.03215925293884035
Mach ,0.03602686993486894,0.025227787558379657,0.02309253796346307,0.021694720012708498,0.020341054970611592,0.03079020270691024,0.033451423358220794,0.03816355514535346,0.03302166058141383,0.03463346089277205,0.030332667717235907,0.03052169566322478,0.03798483928832405,0.043918920629070685,0.03348177077680699,0.03381840528038125,0.042407717375694994,0.04788964514058775,0.053815519930103244,0.04530835510722795,0.04792954480698965,0.04022040947418586,0.04831335951707705,0.03482152311993646,0.05854972838125494,0.03469009683240666,0.03550110586179507,0.05188880360921368,0.06403979054487689,0.06072041747418585,0.022150622563939636,0.038286209938046066,0.037545266268467034,0.0352328032279587,0.039686443920571884,0.03664238788880063,0.04024855598411437,0.037053682103256554,0.03943442316123908,0.033588658236695795,0.040084289747418574,0.03771998977601271,0.034864122548054016,0.030143687675933284,0.02505953989515488,0.033044550824463864,0.030597979958697372,0.039753545995234334,0.03331054440667195
ElcEq,0.033597848778395556,0.022627250630659245,0.02176434773947578,0.020359776571882444,0.018723165378872118,0.02916297467990469,0.030055395378872116,0.034633944648133436,0.029752727861795076,0.030806743277204146,0.029022295896743447,0.028798148077839546,0.0370953941985703,0.039533512460683075,0.03024850780937252,0.03126111363145353,0.03749013912152503,0.04301471617791898,0.04666134711517077,0.04022013214455917,0.04022040947418586,0.04713921406036537,0.04293210101509134,0.03126523018427323,0.05096581021286735,0.031174560705321683,0.029369383153296267,0.04557747908339952,0.05606716693725178,0.05131540934868945,0.019184999485305797,0.034531166630659256,0.033908725248610015,0.031936600322478165,0.03588410520571882,0.03373167954567117,0.03633075524702144,0.03322826772200159,0.03511045794281176,0.02992628644956314,0.03550668609054805,0.033795551590150914,0.03121091345671168,0.027052832888006355,0.0226742025274027,0.029600878770452737,0.02814971269420174,0.035609364838760926,0.030634019747418584
Autos,0.03879453228594122,0.02733992249086577,0.025359062109610808,0.023250227335980936,0.022250641674344717,0.0331993603161239,0.03637361532803811,0.041402384247815734,0.03570961361556792,0.038013137548848296,0.033793263245432886,0.033488357688641765,0.041853691869737884,0.046430101677521846,0.036132630014297056,0.037280841571088165,0.04512110831294679,0.051395296498808564,0.05599157345671168,0.047023424138204914,0.04831335951707705,0.04293210101509134,0.058273518365369315,0.03772794903733121,0.061601188389197765,0.03704764717394758,0.03525286647339157,0.05329168638125496,0.06438749390468625,0.06026432421763305,0.023255478735504372,0.040881286141382034,0.04129660526767275,0.03788513851787133,0.04246877600158855,0.03973658974741858,0.042822138605242255,0.03960335569340747,0.04259940321683875,0.03604185607625099,0.043298860533756936,0.03999757787768069,0.03818407453375694,0.03314217283081811,0.026868479918983317,0.035864555320095304,0.033381967655281966,0.04255628898173153,0.03548647305639397
Aero ,0.02838757761080222,0.020648287199364578,0.01877037115488483,0.018357321289912625,0.01746706927084988,0.024105345084988083,0.026253615442414613,0.030158465696584584,0.02642081867990468,0.027808764293884028,0.024129937691818905,0.024578620405083396,0.030189843920571887,0.03352875201588562,0.026541305490071485,0.02683717969976171,0.03261841643685465,0.03659581228594122,0.0395254547084988,0.033632225472597296,0.03482152311993646,0.03126523018427323,0.03772794903733121,0.03538040884988085,0.04470403812390787,0.02927266761556791,0.022570432795869736,0.036864578447974576,0.04264155421286736,0.04103511849880857,0.01826335653057983,0.030156995161239077,0.030332884009531373,0.028164249202541694,0.030490739661636217,0.0288282296330421,0.031010167034154087,0.029132302654487685,0.03166136890389197,0.026996205274027008,0.03162144126131851,0.02934656210643367,0.02782910749960286,0.024320140608419378,0.020257025418586178,0.02706358202700555,0.0244442472613185,0.031594338246227156,0.026140195331215255
Ships,0.04498112596346306,0.03121150692295473,0.027633937439237494,0.028433849003971404,0.02583617527243845,0.03830165772676727,0.042287552420968995,0.04927006059412232,0.041788980414614776,0.0441121897172359,0.038925632745035736,0.038572770524225586,0.04779632341858617,0.05547740245591739,0.04224207783002383,0.04336228138046068,0.05376112909134233,0.06071889694360605,0.06726762070055597,0.05718317969023033,0.05854972838125494,0.05096581021286735,0.061601188389197765,0.04470403812390787,0.09840756551389991,0.04489979052581413,0.045672446330420974,0.0662897579618745,0.08249517031453533,0.07683917397140588,0.028881036543288316,0.0485510001683876,0.04843033425893566,0.04440703672279587,0.04946517774900714,0.045881916133439234,0.04967753615885622,0.046144596138204916,0.05069853243050039,0.04267350414614775,0.0527184934169976,0.04758875522478155,0.04470045442255759,0.03789201378395552,0.03178315731374105,0.0424098818649722,0.03723564825893567,0.050146402246227156,0.04241826959332804
Guns ,0.028526447250198567,0.021231192482922948,0.020891885826846705,0.02000618994122319,0.018235338973788724,0.025416130173153292,0.026741934017474177,0.029800863072279592,0.026938152209690227,0.02853068805718824,0.02497497796346307,0.025615597776012713,0.031900616222398724,0.03383357114535345,0.026230113588562344,0.02813548690071485,0.033059151116759326,0.03687081155837966,0.03959044819062747,0.033820915266084196,0.03469009683240666,0.031174560705321683,0.03704764717394758,0.02927266761556791,0.04489979052581413,0.04871796971564733,0.02503774697378872,0.03691244824781572,0.04359557545353455,0.0409702256076251,0.017656507297855437,0.03095112034312947,0.030380178961080227,0.028283255904686257,0.030859184254169978,0.02913325654646545,0.03189866461000794,0.029633794605242254,0.03158869906274821,0.02676054881652104,0.031727140390786335,0.029182784756155683,0.029055855796664014,0.0247794468181096,0.01995574698014297,0.027003619450357425,0.02438092137251787,0.031431249061159655,0.026778423072279584
Gold ,0.03189773850675139,0.01705514970611597,0.016658223749007144,0.01667525416997617,0.015922940222398735,0.021384588379666395,0.02254758915806195,0.02435316899126291,0.021755991111993642,0.021107458276409852,0.02136964062748213,0.021992377561556788,0.02947435393169182,0.03753052532168386,0.026219469626687843,0.02024303103256553,0.032476754511517075,0.03667202216044481,0.0523371809451946,0.036190220023828434,0.03550110586179507,0.029369383153296267,0.03525286647339157,0.022570432795869736,0.045672446330420974,0.02503774697378872,0.2013627914138205,0.07649729346306591,0.08760410918983319,0.06387075212867353,0.01949598154090548,0.028567450055599682,0.026025520826052417,0.023752024360603655,0.029367677704527407,0.02604342495631454,0.03075816962668785,0.027102782136616356,0.0270938201985703,0.02672077038919778,0.026833572978554415,0.028182751564733915,0.021948405949166,0.018388982549642576,0.015085722724384425,0.021299788514694204,0.02121898202541699,0.029845877887212078,0.02558394877680699
Mines,0.04038446392057188,0.02639563424305004,0.02464627479904686,0.02417730769817315,0.021388549671167587,0.03347611045750595,0.03697207927402701,0.04144728118824463,0.035830623950754564,0.03678844465289913,0.03359541062907069,0.0340776814853058,0.04407458504209691,0.053466655062748204,0.03743187091024622,0.034925732300238294,0.047692406006354236,0.05475482923272439,0.06773205950277997,0.05044649227164417,0.05188880360921368,0.04557747908339952,0.05329168638125496,0.036864578447974576,0.0662897579618745,0.03691244824781572,0.07649729346306591,0.09522539218268466,0.09781070162192215,0.0838043973709293,0.02482363235583797,0.04260578103574264,0.04137162537251787,0.038299342555996825,0.045034922177919,0.041216976714853054,0.044365911459888815,0.040491852999205734,0.043107852414614775,0.03861873636219221,0.04436705785861794,0.042809673229547256,0.036893284405083396,0.03183993146783161,0.02645677010802225,0.03484795478633836,0.03350541263383637,0.043714791196187444,0.037851125119936456
Coal ,0.04757265109134234,0.029910179132644956,0.026194554176330414,0.026178495002382843,0.021993239876092138,0.042644185253375676,0.04197353141699761,0.046441853204130266,0.04093003153772834,0.04693107196346308,0.03974902957744241,0.04086339366957903,0.04953268066084195,0.06420759786814934,0.04312277468149325,0.040531984665607625,0.056157122587768074,0.06614318090230342,0.09097114842414612,0.06349838694996027,0.06403979054487689,0.05606716693725178,0.06438749390468625,0.04264155421286736,0.08249517031453533,0.04359557545353455,0.08760410918983319,0.09781070162192215,0.24877579269102457,0.11584713900714852,0.029330360559173946,0.05064993810643368,0.04874352569976172,0.044404629183478955,0.05430114030023828,0.04716119669261318,0.054023628810166806,0.04783895470532169,0.05081589657664812,0.04437546805401112,0.05370048040984908,0.051556690932486084,0.044753913069102466,0.035519167801429705,0.031004895388403484,0.04005682433995234,0.04188693244956313,0.05118918097220016,0.045091997532962655
Oil  ,0.044933572787926916,0.029570660555996827,0.025590415742652896,0.026771315297855435,0.02352139922160445,0.038009985377283555,0.04088838615567911,0.04654825995234313,0.0406237262192216,0.04159952043685465,0.0386267222954726,0.03799016531374107,0.04855501550436853,0.060771521699761716,0.04173179013502779,0.03926543365369341,0.05309609892772041,0.06106984579825259,0.07630560450357426,0.05883410645750594,0.06072041747418585,0.05131540934868945,0.06026432421763305,0.04103511849880857,0.07683917397140588,0.0409702256076251,0.06387075212867353,0.0838043973709293,0.11584713900714852,0.12490318823669579,0.02955883583796664,0.04808677644162033,0.0467460289118348,0.0427038527799841,0.04987038984114377,0.04586684525814137,0.049042575345512304,0.04540110723590151,0.04774933646544875,0.042014354725973,0.05047134673550437,0.049409352549642564,0.04222616822081017,0.03449321840349483,0.030001332081016678,0.03888250324066719,0.0391922105401112,0.048648319221604445,0.042746055162827645
Util ,0.01836891157426528,0.015091062131850677,0.01381756306910246,0.013561059018268465,0.015576518691024626,0.01547798690389198,0.016861068397140584,0.020230803456711674,0.017082469077045276,0.01796351581890389,0.015207522338363779,0.0159546330420969,0.01884226504845115,0.021428172238284353,0.017577641328038126,0.016972097626687842,0.021013799065925334,0.024004810141382046,0.025154114382843522,0.02192147529785544,0.022150622563939636,0.019184999485305797,0.023255478735504372,0.01826335653057983,0.028881036543288316,0.017656507297855437,0.01949598154090548,0.02482363235583797,0.029330360559173946,0.02955883583796664,0.0210226218522637,0.02027572102303415,0.01927603616203336,0.01793064350754567,0.01826974581731533,0.017573386789515484,0.01896305955202542,0.018222063949166006,0.020619732200158856,0.018813114185861794,0.020171482706910243,0.01901557476727561,0.01802044520413026,0.016052635882446382,0.013091602503574265,0.01852022572835584,0.01603553746783161,0.020270938992851473,0.017883310748212873
Telcm,0.031483330046068306,0.022696599154884825,0.02130376754249404,0.020534449258141383,0.019660140181096106,0.027212740260524223,0.030659531523431295,0.03496654879110404,0.028990453639396348,0.030708530773629863,0.02786291573947577,0.028176921254964255,0.035603182131850666,0.03715336142335185,0.028996451285146944,0.03071021107863383,0.036078985286735504,0.041130197070691016,0.043943157722001594,0.03727648112787927,0.038286209938046066,0.034531166630659256,0.040881286141382034,0.030156995161239077,0.0485510001683876,0.03095112034312947,0.028567450055599682,0.04260578103574264,0.05064993810643368,0.04808677644162033,0.02027572102303415,0.03922799510087371,0.032947467030976965,0.0313860258014297,0.03475633241938047,0.03333075846862589,0.03507519071008736,0.03228847709928514,0.03411521857029388,0.029147734837172357,0.0344556805019857,0.032496425709293085,0.031029369045274018,0.027412116190627483,0.02260695554249404,0.029790193048451142,0.02714554769499603,0.03513891978395553,0.02962242499444003
PerSv,0.031757403405877675,0.022068310386020647,0.02090175842414614,0.019849629591739467,0.01803257843367752,0.025851870189038915,0.029030257194598886,0.03381835860841937,0.028748349445591733,0.02990908011437649,0.027850320838760923,0.026959452803812543,0.034537133648927715,0.03626529479904686,0.028553883564733915,0.029377248806989668,0.03555230409531374,0.040985476594122314,0.043763618230341535,0.03660263745830024,0.037545266268467034,0.033908725248610015,0.04129660526767275,0.030332884009531373,0.04843033425893566,0.030380178961080227,0.026025520826052417,0.04137162537251787,0.04874352569976172,0.0467460289118348,0.01927603616203336,0.032947467030976965,0.04478576015250199,0.030954231154884836,0.03381139899602859,0.03192427278157267,0.034361762878474984,0.03162851180937252,0.033558820651310564,0.02825519189833201,0.035190297023034146,0.03191033385861795,0.030898279084988087,0.026730465817315332,0.021972444390786338,0.028900195621922156,0.02638342589992057,0.0340369008482923,0.028585142309769662
BusSv,0.029336612673550425,0.02094176288482923,0.01961489719777601,0.018715063472597295,0.017373476883240667,0.024652310330420965,0.027511579162827635,0.03176034469896744,0.0265178455234313,0.027837700665607628,0.02590063433042096,0.02606685724384432,0.03302773681334393,0.03407338491183479,0.02703338681175536,0.028039223261318517,0.03335119876250993,0.03783567199682286,0.040161976484511516,0.034026449380460684,0.0352328032279587,0.031936600322478165,0.03788513851787133,0.028164249202541694,0.04440703672279587,0.028283255904686257,0.023752024360603655,0.038299342555996825,0.044404629183478955,0.0427038527799841,0.01793064350754567,0.0313860258014297,0.030954231154884836,0.030912833580619543,0.03167676913582209,0.030511546341540904,0.03201972556632248,0.029848029965051624,0.03184138944400317,0.02679218621127879,0.03215146738999206,0.029954758027005556,0.028521225469420177,0.02517024539952343,0.02099437687529785,0.027413558916600474,0.024631338162033355,0.03229359052899125,0.026935454778395554
Hardw,0.03095736426052424,0.02221484925178714,0.02108686922001589,0.019371696686258932,0.017398968009531373,0.02798362007466243,0.030413395753772842,0.03375769946306592,0.02902421304686259,0.03125448031930103,0.028117955423351874,0.028886650794281182,0.0373549487466243,0.038247114023828445,0.029449860876886412,0.030522470988085772,0.036386734088959496,0.04124679129150118,0.044957259464654495,0.03784238552025418,0.039686443920571884,0.03588410520571882,0.04246877600158855,0.030490739661636217,0.04946517774900714,0.030859184254169978,0.029367677704527407,0.045034922177919,0.05430114030023828,0.04987038984114377,0.01826974581731533,0.03475633241938047,0.03381139899602859,0.03167676913582209,0.04405725594757743,0.035482513038919784,0.03802346369499604,0.033858176945194586,0.03457104183478952,0.0291238484511517,0.03459561391262907,0.03306156664336776,0.031203285650516294,0.027383959858617947,0.021926010781572677,0.02863648753296267,0.02723852396664019,0.035523501702938845,0.029925511972994447
Softw,0.030244793175536133,0.02133991689912629,0.020524652435266088,0.019127630830818105,0.01701644562986497,0.02593125501826846,0.029381069823669573,0.03258059412867355,0.02802177827799841,0.029857999653693408,0.02735382083876092,0.027892372946783157,0.0367772649912629,0.03557761311517078,0.02800433017315329,0.029388383628276407,0.03435798512787928,0.03924611433836379,0.04141480108975378,0.0354241085146942,0.03664238788880063,0.03373167954567117,0.03973658974741858,0.0288282296330421,0.045881916133439234,0.02913325654646545,0.02604342495631454,0.041216976714853054,0.04716119669261318,0.04586684525814137,0.017573386789515484,0.03333075846862589,0.03192427278157267,0.030511546341540904,0.035482513038919784,0.03582124790468625,0.03464720961397934,0.0315668322700556,0.03263806622716442,0.02711496867355044,0.032836439294678305,0.03103525366799047,0.029956480498808568,0.026555587834789517,0.021191289140587773,0.027579633683876083,0.026183076590945188,0.033630406741858625,0.028326731332803806
Chips,0.032612995310563934,0.022730397102462274,0.02184207313105639,0.020549438659253377,0.018469152133439238,0.028240153658459086,0.03041555073550436,0.03421875715329626,0.02949006292613185,0.03111185036378078,0.02841958699920571,0.028524232374900715,0.03701889906910246,0.03861670372041302,0.029770382030182684,0.030844019456711676,0.037131327364575056,0.041892832965845915,0.04583840408578237,0.03809332689436061,0.04024855598411437,0.03633075524702144,0.042822138605242255,0.031010167034154087,0.04967753615885622,0.03189866461000794,0.03075816962668785,0.044365911459888815,0.054023628810166806,0.049042575345512304,0.01896305955202542,0.03507519071008736,0.034361762878474984,0.03201972556632248,0.03802346369499604,0.03464720961397934,0.04055981741699762,0.03429778368228752,0.034746488578236694,0.02933383138999205,0.0354372047847498,0.03319722107704528,0.03160747470691024,0.027404331984114388,0.022483270036536936,0.029510644937251786,0.027426934055599678,0.036055481823669557,0.02999568836854646
LabEq,0.029858368142970614,0.02135233015409055,0.019935247755361388,0.019479655269261317,0.017696308254169978,0.025617169469420168,0.028233788389197774,0.031796976482922956,0.027519047861795067,0.02895715747895155,0.026546177199364567,0.027217581628276408,0.034674430735504365,0.035798150840349485,0.027882069302621125,0.028645893234312946,0.03459371341858619,0.03905783970452739,0.042076630451151696,0.035794704535345515,0.037053682103256554,0.03322826772200159,0.03960335569340747,0.029132302654487685,0.046144596138204916,0.029633794605242254,0.027102782136616356,0.040491852999205734,0.04783895470532169,0.04540110723590151,0.018222063949166006,0.03228847709928514,0.03162851180937252,0.029848029965051624,0.033858176945194586,0.0315668322700556,0.03429778368228752,0.03505336567275615,0.032607004408260525,0.02750562042891183,0.03278898264336775,0.030872676355837965,0.029151960764098494,0.02563535600158856,0.02123158073232724,0.02793200687212073,0.025337058746624307,0.03336520216997617,0.027990133202541696
Paper,0.03188021542494043,0.02317297458300238,0.022479868832406668,0.020526847815726775,0.019938332406671956,0.02752719514694202,0.030254226457505952,0.03482172095313741,0.02915354523431295,0.031017449857029384,0.02785467538522637,0.0278373362907069,0.03430838420969023,0.03819477631453535,0.030145245798252587,0.031392770730738685,0.037443350444797456,0.041809597220015884,0.045841123343923755,0.03850683514694202,0.03943442316123908,0.03511045794281176,0.04259940321683875,0.03166136890389197,0.05069853243050039,0.03158869906274821,0.0270938201985703,0.043107852414614775,0.05081589657664812,0.04774933646544875,0.020619732200158856,0.03411521857029388,0.033558820651310564,0.03184138944400317,0.03457104183478952,0.03263806622716442,0.034746488578236694,0.032607004408260525,0.04626385384432089,0.032544835234312945,0.035565875218427315,0.03317061221604448,0.03146533265289913,0.02723514969817315,0.023085728506751387,0.030880108355837967,0.02768576566322478,0.03557643159650515,0.02941531465448769
