,Agric,Food ,Soda ,Beer ,Smoke,Toys ,Fun  ,Books,Hshld,Clths,Hlth ,MedEq,Drugs,Chems,Rubbr,Txtls,BldMt,Cnstr,Steel,FabPr,Mach ,ElcEq,Autos,Aero ,Ships,Guns ,Gold ,Mines,Coal ,Oil  ,Util ,Telcm,PerSv,BusSv,Hardw,Softw,Chips,LabEq,Paper,Boxes,Trans,Whlsl,Rtail,Meals,Banks,Insur,RlEst,Fin  ,Other
Agric,0.061421430760921374,0.021899532085782363,0.020343138281175534,0.018751087231135822,0.019001968330420966,0.0249301114725973,0.027923932746624303,0.03306352022239873,0.02703733342017474,0.027011845845909453,0.02745816658300238,0.026497805903097693,0.033622390805401116,0.03484330980142969,0.027898677667990465,0.02824445825575854,0.03377168927084988,0.038012677693407465,0.04114076562986496,0.03519697300714852,0.036167066376489275,0.03375042664336775,0.038828585042096894,0.028744111548848286,0.04499686575377284,0.02885059706433677,0.03154688536934074,0.04024644463224781,0.04638705119618743,0.043524629051628266,0.018643609791898327,0.031744891945988875,0.031892101585385225,0.029578379742652903,0.031108096343129478,0.030414050173153295,0.032798426287529804,0.030052835914217625,0.03213345235901509,0.027270130420969024,0.03333519159332804,0.030410171463065922,0.029102569239078637,0.025492123202541704,0.02090459868467037,0.02768618585544082,0.02536251261000794,0.03327911042414614,0.02762991502462272
Food ,0.021899532085782363,0.021470560398729147,0.01643958098649722,0.01502926202382843,0.01576953214932486,0.018186444533756948,0.02016657674821287,0.023477760643367755,0.019833175601270847,0.021004961699761713,0.018012052189038914,0.018430258065131055,0.022758090300238284,0.02464842245432883,0.01990959346942017,0.021114848401906278,0.02427908515806195,0.027268009501191414,0.02829450148212868,0.02443351189992057,0.025342952387609204,0.022748428965845908,0.027316074095313742,0.020811576052422558,0.031242971642573475,0.02135271237331214,0.016827766751389993,0.026318896555996823,0.02959298633995234,0.02881419153455123,0.015169556073073869,0.022843667704527403,0.022144272424146145,0.021076539183478946,0.0222592084050834,0.021462677542494046,0.022814697459888806,0.021411171550436852,0.023314280683081813,0.020025305003971403,0.02298309062907069,0.021701611996822877,0.021062218374900715,0.01869960974106433,0.015176302984908656,0.020518092981731528,0.01899534084352661,0.023514755280381255,0.019820763274027008
Soda ,0.020343138281175534,0.01643958098649722,0.03794963445750597,0.015401831142176331,0.015587666096902302,0.017567185343923746,0.0190477193375695,0.023002449412231934,0.018527176808578235,0.019718725448768865,0.01719760465925338,0.018356260193804607,0.023467866757744236,0.023061631382049246,0.0181443078776807,0.01965620846544876,0.022447658501985702,0.02542443749166004,0.026069948535345517,0.021480231169181886,0.023289458630659253,0.021896700133439237,0.025387376811755364,0.018984042200158854,0.02777634635266085,0.020942699823669586,0.017123944098490863,0.02467842144876886,0.026113227483717236,0.02551343045432883,0.013938147621922161,0.021483465035742652,0.020957123671167595,0.019831140200158852,0.021257581463065923,0.020685504166799047,0.02196660351231136,0.02011108287688642,0.022616780826052424,0.018709676282764095,0.021414335871326448,0.019862567008737095,0.01980403238602065,0.018263497906274826,0.014661074073073864,0.019734257175536143,0.017514884735504367,0.02193041872756155,0.018805424306592537
Beer ,0.018751087231135822,0.01502926202382843,0.015401831142176331,0.03088974833359809,0.014927923450357424,0.01602867919936457,0.01787993558697378,0.019924461731532967,0.018479029648927718,0.018723195996822876,0.01718633638125496,0.017188231307386812,0.021697836784749798,0.021645045655281973,0.018460594814932486,0.018699310875297855,0.021464998455917393,0.024359635590150905,0.02501748097220016,0.021547385645750598,0.0218653109324861,0.02050845727720413,0.023425345181890392,0.018552600381254964,0.028751809207307376,0.020043916657664813,0.01673779857029389,0.023988364460683077,0.026308832635424946,0.026336677687053212,0.013680725928514695,0.020721109356632246,0.019919857226370137,0.018897526741858617,0.019507744692613183,0.0192753141731533,0.02069323752819698,0.019625703612390785,0.020704617188244637,0.018301771564733917,0.02079718977601271,0.01936573221286736,0.0185571375822081,0.016586576152501982,0.013876136673550437,0.018725706541699756,0.016598907456711675,0.0212428635361398,0.017628512381254964
Smoke,0.019001968330420966,0.01576953214932486,0.015587666096902302,0.014927923450357424,0.033067065200953136,0.016054307278792687,0.017269401626687844,0.020056140905480534,0.016865923444003183,0.01760056076250993,0.01505719616203336,0.01625520780937252,0.018801841512311353,0.02057272737092931,0.01701241358538522,0.01818336783478951,0.02019736628435266,0.02216134431771247,0.02268192661477363,0.019405813388403494,0.020819810681493252,0.01899214743764893,0.022651785455123113,0.018131619793486896,0.026243328660841937,0.018469955412231925,0.016696167847498014,0.021667157451945987,0.02242656722478158,0.023454150957903097,0.01587719651151708,0.020028414773629866,0.018452378948371727,0.017829618471803012,0.017731020949960284,0.01749920944241461,0.018704704508339956,0.018033236263701354,0.020343988212867353,0.01865098964257347,0.019223114293884038,0.018407475704527405,0.018112257626687844,0.016318571367752183,0.012889903815726769,0.018533180327243846,0.015877303618745037,0.019850623847498014,0.016879366462271644
Toys ,0.0249301114725973,0.018186444533756948,0.017567185343923746,0.01602867919936457,0.016054307278792687,0.04322241473550437,0.024030328041302625,0.027666746068308185,0.024036062230341538,0.025638985798252578,0.022082193490071483,0.022682796136616373,0.02926783599046863,0.029878980285941218,0.023465197308975373,0.025846239278792697,0.029190501092930896,0.033595248378077834,0.035602001242255765,0.030692692762509934,0.030822761798252576,0.029238610351072274,0.03305779078951548,0.024221958395552027,0.03811391022398729,0.025528804139793488,0.021000341191421766,0.03319602174424146,0.041895877258141374,0.03701358461318507,0.01563945142494043,0.027260539888800627,0.02580959287370929,0.02472414752025417,0.02794269298490865,0.025929514760921358,0.028147673127879264,0.02556331271485305,0.027664291977760123,0.023244912279586975,0.027029919704527405,0.025740457264495628,0.02573250684352661,0.021945919250198564,0.01750522256711676,0.02284535442096902,0.023279561293089748,0.026969424155679104,0.023695215399523427
Fun  ,0.027923932746624303,0.02016657674821287,0.0190477193375695,0.01787993558697378,0.017269401626687844,0.024030328041302625,0.03396899739316917,0.030528690619539313,0.025579445961874506,0.027729942795869735,0.024784935073868156,0.024772339310563937,0.031702941941223195,0.032639523169181894,0.02576911167116759,0.02676330233042097,0.03209585946147737,0.03676501415885623,0.03831724438284352,0.03222734483399523,0.03373965697220015,0.030348208422557584,0.0364709199030977,0.026560565885623506,0.04249399996346306,0.026910167699761713,0.022439649864972194,0.037085890303415414,0.041674719131056394,0.040517481402700554,0.017037119180301832,0.030928985003971402,0.029247108185861792,0.02778571718506751,0.030643461640984915,0.029645475884034947,0.03063918805877681,0.028466289536139788,0.030538119316918196,0.025472414297061156,0.030426621831612388,0.028669000279586958,0.027955655299444004,0.02509787576806989,0.019913916595710884,0.02626514016838761,0.024440383753772832,0.030944488541699768,0.02665602286417792
Books,0.03306352022239873,0.023477760643367755,0.023002449412231934,0.019924461731532967,0.020056140905480534,0.027666746068308185,0.030528690619539313,0.054205508745035734,0.029430818292295477,0.030865494090548045,0.028069546584590942,0.028138871771247024,0.035108656679904676,0.03706929957903097,0.02964481946783161,0.030798103439237494,0.03654540579030976,0.04185309991262906,0.043731376942017466,0.03693579328832407,0.038494442478157274,0.034971255965051636,0.04141279079428117,0.030701468745035727,0.04934668987291501,0.030259728490865757,0.024477023876092133,0.04160774702144559,0.045933603741064345,0.04567628852263701,0.02051188327243845,0.03528623961874503,0.03397226094519459,0.03211002814932486,0.03395837125496426,0.03281404339158061,0.03450727022239873,0.032003901421763306,0.035150348101667984,0.02877460632247815,0.03541532556791104,0.03258349458300237,0.031523398069896735,0.027633530039714055,0.023620414861000794,0.030849044034948373,0.02669392749007148,0.03552003833995235,0.0296769743208896
Hshld,0.02703733342017474,0.019833175601270847,0.018527176808578235,0.018479029648927718,0.016865923444003183,0.024036062230341538,0.025579445961874506,0.029430818292295477,0.031270786927720416,0.027973050214455914,0.02396985703415409,0.023899133871326448,0.0294231045655282,0.03200964884034948,0.025347850260524222,0.0273242163288324,0.03150498642891183,0.03622013593486895,0.037422002816521055,0.03189023150277999,0.03306333767752184,0.029812618036536943,0.03553252179984114,0.026519877736298648,0.04166459377124701,0.027232461269261318,0.02138446632247816,0.03549127565051629,0.04055444233677522,0.039817545640984914,0.01722013894837172,0.029139493820492458,0.028685446546465446,0.02662640555361398,0.029072258587768067,0.028076159051628278,0.029565122511517078,0.027550499604447967,0.029228008975377286,0.02532889191421763,0.029816858397140586,0.027932659558379664,0.02789763859729944,0.023831277636219225,0.019258597901509127,0.02536355372835584,0.02344374775377283,0.02953002573312152,0.025610376633836376
Clths,0.027011845845909453,0.021004961699761713,0.019718725448768865,0.018723195996822876,0.01760056076250993,0.025638985798252578,0.027729942795869735,0.030865494090548045,0.027973050214455914,0.04359691618745035,0.024961391374106433,0.02526017772835584,0.030266720571882445,0.03348848277998411,0.026269493010325648,0.030064916425734715,0.03232996656076251,0.03682460490865766,0.03965952138204924,0.03295837847498014,0.03467637604447973,0.03098751107227958,0.03780886212867356,0.028011163320095317,0.04390714705321685,0.02880332208101668,0.020479574805401114,0.0364103733121525,0.04540741415409054,0.04030619995234313,0.018131885909451948,0.03088083434471803,0.029748837061159654,0.02795717699761716,0.03128822447974583,0.029914633534551226,0.03122091731532962,0.029025290087370925,0.031115120921366164,0.02608447316918188,0.031382073248610004,0.02936217143764893,0.0326003815567911,0.026404198888006353,0.019739553979348685,0.026630821413820484,0.025799673566322484,0.030992903177124692,0.026746234583002383
Hlth ,0.02745816658300238,0.018012052189038914,0.01719760465925338,0.01718633638125496,0.01505719616203336,0.022082193490071483,0.024784935073868156,0.028069546584590942,0.02396985703415409,0.024961391374106433,0.03360391825099285,0.02508922067672756,0.0330863733629865,0.029905578848292286,0.024012317215250198,0.024879353656870527,0.02869869372676728,0.03359651260206513,0.03518757580460681,0.028786591204130258,0.030099916733915807,0.029005586087370933,0.03322514327084988,0.024055940039714053,0.03851943098808579,0.025053086031771244,0.020387692025416997,0.032741403059571086,0.03795720782049245,0.03667122343606036,0.015263257448768863,0.02776055936457505,0.027381576096902303,0.02575195813820492,0.027820846692613185,0.027125095629864975,0.028227630362192217,0.02631055820969023,0.02773943566322478,0.023385408768864174,0.02798623338046068,0.02621050760285941,0.02558125680857823,0.022512298420969024,0.018301978946783162,0.02472105406830818,0.02207987187132645,0.02807246269579031,0.02445005474662431
MedEq,0.026497805903097693,0.018430258065131055,0.018356260193804607,0.017188231307386812,0.01625520780937252,0.022682796136616373,0.024772339310563937,0.028138871771247024,0.023899133871326448,0.02526017772835584,0.02508922067672756,0.028908275050039713,0.03413197796346306,0.0302106067672756,0.024468868702144556,0.025398835310563944,0.029310387297855442,0.03367525361715647,0.03509938471167594,0.029713723545671162,0.03060828237648928,0.028933387653693406,0.033254201899920566,0.024745767688641774,0.03846767639078634,0.025852277121525016,0.021693493598093718,0.03372556207148531,0.03970554435583796,0.036865360146147726,0.016149922217633044,0.028309629356632244,0.026894604022239872,0.0261673679618745,0.028873420257347102,0.027924141026211276,0.02857126305321684,0.027228157763304218,0.02800040244638601,0.023199819920571883,0.0277228085019857,0.026475288235107232,0.025895496972200158,0.022649701293089755,0.018438046303415407,0.02451221080857823,0.021850360463860203,0.028596677884034954,0.02473109498332009
Drugs,0.033622390805401116,0.022758090300238284,0.023467866757744236,0.021697836784749798,0.018801841512311353,0.02926783599046863,0.031702941941223195,0.035108656679904676,0.0294231045655282,0.030266720571882445,0.0330863733629865,0.03413197796346306,0.05618179376648133,0.03828956444797458,0.03013731900873709,0.031429953702938836,0.03649295797934869,0.041935989839555196,0.04227403636536934,0.03594530933121524,0.037678793982525806,0.037033299660047654,0.04117679592057187,0.03009318729150119,0.04714401286100079,0.032248742265289905,0.028574611056393966,0.04293391318189039,0.047355693064336776,0.04659747740111198,0.018969153664813346,0.03561680324066718,0.03411356102303416,0.03284550084829229,0.036950747679110406,0.03647276522954726,0.03681896915647338,0.03435206863224781,0.03421958249404289,0.028386580333598088,0.034855349235901514,0.03311478520730738,0.032233197312152496,0.02877227152978554,0.022316507380460683,0.029576944826052415,0.027523448965845902,0.03534598172517871,0.03183067584432089
Chems,0.03484330980142969,0.02464842245432883,0.023061631382049246,0.021645045655281973,0.02057272737092931,0.029878980285941218,0.032639523169181894,0.03706929957903097,0.03200964884034948,0.03348848277998411,0.029905578848292286,0.0302106067672756,0.03828956444797458,0.04887439084193803,0.033092035401112,0.03268206450357426,0.04071342016679905,0.046092997148530566,0.05192830572676727,0.043072940277998406,0.04392862865766481,0.03959455782366958,0.04622682416997617,0.03360943393963463,0.05529746704527403,0.033956330063542504,0.036988641540905476,0.052912492470214456,0.06310958990468625,0.05933988193010325,0.021527662875297858,0.037268593010325646,0.03614317794281176,0.0341787216838761,0.03828923611596506,0.03562541735504368,0.03872758725178712,0.03586911462271645,0.03827502285941222,0.03337894360603653,0.03840852593328038,0.03653104451151708,0.03347425565528196,0.028731519269261315,0.023868580818109615,0.03207081950754567,0.03045475803812549,0.03833916350277998,0.03291751927720413
Rubbr,0.027898677667990465,0.01990959346942017,0.0181443078776807,0.018460594814932486,0.01701241358538522,0.023465197308975373,0.02576911167116759,0.02964481946783161,0.025347850260524222,0.026269493010325648,0.024012317215250198,0.024468868702144556,0.03013731900873709,0.033092035401112,0.034186027594916596,0.026622980668784758,0.032533234270055604,0.03661993337410642,0.03910191659571089,0.0333475502446386,0.033730508867355034,0.030523967761715648,0.03601058963780779,0.026881431731532957,0.042364410470214435,0.02656125709451945,0.02603194676727561,0.03721124114058777,0.042246800983320065,0.04058973847339158,0.017810626293884038,0.029255435520254166,0.028631605256552818,0.027273495669579022,0.029543478616362192,0.028155187525019863,0.029952932659253386,0.027979601189833198,0.030430810055599684,0.02621588638602065,0.02998460843367753,0.028429283062748223,0.026739649806195396,0.023169229369340745,0.01960398975536139,0.025857686398729148,0.02389987815567911,0.03039899658617951,0.025897721301032562
Txtls,0.02824445825575854,0.021114848401906278,0.01965620846544876,0.018699310875297855,0.01818336783478951,0.025846239278792697,0.02676330233042097,0.030798103439237494,0.0273242163288324,0.030064916425734715,0.024879353656870527,0.025398835310563944,0.031429953702938836,0.03268206450357426,0.026622980668784758,0.043392639445591734,0.03350684640667197,0.03918864549483717,0.03788404631771248,0.03339970910087371,0.033967059717235897,0.0314746515107228,0.03719720177442415,0.026997877100873702,0.043334599572676734,0.028380877110405076,0.020024533010325654,0.03481902131532962,0.04017950636854647,0.0387431105146942,0.01715037838284352,0.03086072787926926,0.029381570625893555,0.028181425296266875,0.030646471563145358,0.029491294975377284,0.03095984103097697,0.028740937996822875,0.031540059936457504,0.026179318856235107,0.031008145463065916,0.02857784280857824,0.02929701441302621,0.0253635429197776,0.020364618095313737,0.02656462215726767,0.025506914787926927,0.03076208195552025,0.02679297880698967
BldMt,0.03377168927084988,0.02427908515806195,0.022447658501985702,0.021464998455917393,0.02019736628435266,0.029190501092930896,0.03209585946147737,0.03654540579030976,0.03150498642891183,0.03232996656076251,0.02869869372676728,0.029310387297855442,0.03649295797934869,0.04071342016679905,0.032533234270055604,0.03350684640667197,0.04564059427958696,0.04773619348212865,0.049281506864177926,0.041654232528991274,0.042489967396346306,0.03769373998093725,0.04488681129626688,0.03282374694996028,0.05369702778872123,0.03340952588244639,0.03200739312152502,0.04723155344559175,0.055545654038125496,0.051948332592533744,0.021152206951548846,0.036248558983320085,0.03549936213979348,0.033484910868943604,0.03636737189356632,0.03441011345671167,0.037224013482128664,0.034597324808578224,0.03755211483717236,0.031753834598888,0.037492304125496416,0.03537659832247815,0.033353743382049245,0.02872912912470214,0.02418087026687847,0.031654012460683084,0.030032123204130262,0.037543403737887206,0.03202572943129466
Cnstr,0.038012677693407465,0.027268009501191414,0.02542443749166004,0.024359635590150905,0.02216134431771247,0.033595248378077834,0.03676501415885623,0.04185309991262906,0.03622013593486895,0.03682460490865766,0.03359651260206513,0.03367525361715647,0.041935989839555196,0.046092997148530566,0.03661993337410642,0.03918864549483717,0.04773619348212865,0.06534281825416996,0.05539202016362192,0.04646055032724384,0.04786563130738681,0.0430517147799841,0.05100117975059571,0.03682233038125497,0.06032680082446385,0.03698879464495631,0.03588644776806989,0.053985283911040516,0.06491543827005561,0.05955102789674346,0.0241056954853058,0.0413102224940429,0.040599137539316925,0.03794021066878475,0.041068556347895156,0.039205793999999995,0.04190165293248609,0.039020701796664004,0.041810650150913425,0.03528390573471008,0.0428212379364575,0.039612805833200954,0.037918956119142165,0.03296581520571882,0.02737641127720413,0.036310880686258935,0.035353463496425735,0.042123654263701335,0.036125063655281967
Steel,0.04114076562986496,0.02829450148212868,0.026069948535345517,0.02501748097220016,0.02268192661477363,0.035602001242255765,0.03831724438284352,0.043731376942017466,0.037422002816521055,0.03965952138204924,0.03518757580460681,0.03509938471167594,0.04227403636536934,0.05192830572676727,0.03910191659571089,0.03788404631771248,0.049281506864177926,0.05539202016362192,0.07477557556632247,0.05191845936934075,0.053525121054805426,0.04662747247339158,0.05525059040349483,0.03962395365369341,0.06656237518189038,0.03992823683399523,0.05073097796664019,0.06638912884193804,0.08897172043367751,0.07364171847974584,0.025126759529785544,0.04394818637013503,0.04335504429388403,0.0402057183288324,0.04465554300714853,0.041249265240667195,0.04583588492930897,0.041931616303415395,0.04569356544876886,0.03958088082605243,0.04610124467513899,0.044047910430500395,0.03936472611755362,0.0337638902239873,0.028608935404289115,0.03796378147100875,0.03651388723272438,0.04565827948689437,0.03855912043367751
FabPr,0.03519697300714852,0.02443351189992057,0.021480231169181886,0.021547385645750598,0.019405813388403494,0.030692692762509934,0.03222734483399523,0.03693579328832407,0.03189023150277999,0.03295837847498014,0.028786591204130258,0.029713723545671162,0.03594530933121524,0.043072940277998406,0.0333475502446386,0.03339970910087371,0.041654232528991274,0.04646055032724384,0.05191845936934075,0.09670598565687054,0.045076525731532965,0.04017610655123115,0.045994480179507545,0.033459605552025415,0.05682835427958697,0.03395350568546465,0.035338402811755355,0.04898058793010325,0.06261665784114376,0.05686470789674345,0.02184915858300238,0.0371946741858618,0.03618796060524225,0.03392019217791899,0.037472019953931686,0.03516340975853852,0.0379105473884035,0.03550055202700555,0.03845055741064337,0.031345261826846695,0.036840631423351866,0.03648989333121525,0.033958538930897536,0.028475167199364576,0.0242520276076251,0.03188676548371722,0.0304224740127085,0.03739283964892772,0.03229352074821287
Mach ,0.036167066376489275,0.025342952387609204,0.023289458630659253,0.0218653109324861,0.020819810681493252,0.030822761798252576,0.03373965697220015,0.038494442478157274,0.03306333767752184,0.03467637604447973,0.030099916733915807,0.03060828237648928,0.037678793982525806,0.04392862865766481,0.033730508867355034,0.033967059717235897,0.042489967396346306,0.04786563130738681,0.053525121054805426,0.045076525731532965,0.04803713840190628,0.04034104643685465,0.04802980702779984,0.03502984679904687,0.05842329698490864,0.03496629298173153,0.034882611723590154,0.05127293066878475,0.06295727902779984,0.05908272932168387,0.02230847126926131,0.038458874027005555,0.037402083348689434,0.035371362776806976,0.03968824665289913,0.03669633354090547,0.040358915818903884,0.03709768420651311,0.03957340079428116,0.03352541769658459,0.039847697200953124,0.03764991853216839,0.03485255929467832,0.030024895593328035,0.025080504895949162,0.033250803170770435,0.03079628531850674,0.03977071067831612,0.03352506523907863
ElcEq,0.03375042664336775,0.022748428965845908,0.021896700133439237,0.02050845727720413,0.01899214743764893,0.029238610351072274,0.030348208422557584,0.034971255965051636,0.029812618036536943,0.03098751107227958,0.029005586087370933,0.028933387653693406,0.037033299660047654,0.03959455782366958,0.030523967761715648,0.0314746515107228,0.03769373998093725,0.0430517147799841,0.04662747247339158,0.04017610655123115,0.04034104643685465,0.04717827456076251,0.04286880912152503,0.03143204420969023,0.05096531019221604,0.03145890263065926,0.029254385003971397,0.04524598882922955,0.05564477803653694,0.05027842245274028,0.01940738480063542,0.03474852657664813,0.03387404215091342,0.03212182116600477,0.03600493381096107,0.0338359601938046,0.03650434779030977,0.033351323389992055,0.035322857442414625,0.029941301127879266,0.035490249903097695,0.03382527486576647,0.03125280155361397,0.02702908249086577,0.022764475243844312,0.029802533642573473,0.028337953286735506,0.035695977388403494,0.030856327329626693
Autos,0.038828585042096894,0.027316074095313742,0.025387376811755364,0.023425345181890392,0.022651785455123113,0.03305779078951548,0.0364709199030977,0.04141279079428117,0.03553252179984114,0.03780886212867356,0.03322514327084988,0.033254201899920566,0.04117679592057187,0.04622682416997617,0.03601058963780779,0.03719720177442415,0.04488681129626688,0.05100117975059571,0.05525059040349483,0.045994480179507545,0.04802980702779984,0.04286880912152503,0.05722100336616361,0.037666312827640984,0.06087455237013504,0.037041385301032556,0.03357746015885624,0.052220698341540916,0.06268465196664018,0.05814599714535344,0.02316681630500397,0.04075526725972994,0.040739961307386816,0.03774206218903891,0.04208095835266084,0.03947235013343923,0.04265402735980938,0.03931773951231136,0.04243447744241462,0.03573023123113582,0.04278647800317712,0.03965889060524225,0.03796416541858618,0.03278333610166799,0.026801817183478953,0.03587285810325655,0.03334826845591739,0.04222396946306591,0.0355878892660842
Aero ,0.028744111548848286,0.020811576052422558,0.018984042200158854,0.018552600381254964,0.018131619793486896,0.024221958395552027,0.026560565885623506,0.030701468745035727,0.026519877736298648,0.028011163320095317,0.024055940039714053,0.024745767688641774,0.03009318729150119,0.03360943393963463,0.026881431731532957,0.026997877100873702,0.03282374694996028,0.03682233038125497,0.03962395365369341,0.033459605552025415,0.03502984679904687,0.03143204420969023,0.037666312827640984,0.035578185726767284,0.04490788301032565,0.029558178562351083,0.02255002679904686,0.03661186889594916,0.04226940250198571,0.040120315591739474,0.018490553899920572,0.03038982243050039,0.030306923375694985,0.02835265753772835,0.030628610587768078,0.02894916745830024,0.03110234504368546,0.029193946441620332,0.031912540127084985,0.027046177982525815,0.0316186306036537,0.029421433582208098,0.02794703225575854,0.024284007974583004,0.020317687648927718,0.027282751930103256,0.02465792647339158,0.031673244185861794,0.026421727648927716
Ships,0.04499686575377284,0.031242971642573475,0.02777634635266085,0.028751809207307376,0.026243328660841937,0.03811391022398729,0.04249399996346306,0.04934668987291501,0.04166459377124701,0.04390714705321685,0.03851943098808579,0.03846767639078634,0.04714401286100079,0.05529746704527403,0.042364410470214435,0.043334599572676734,0.05369702778872123,0.06032680082446385,0.06656237518189038,0.05682835427958697,0.05842329698490864,0.05096531019221604,0.06087455237013504,0.04490788301032565,0.09863623531532961,0.04530451221763305,0.043321366147736295,0.06488530554090545,0.08030257683717236,0.07429452087212073,0.028884870233518663,0.048644461826846695,0.047856295042096895,0.044424126710087365,0.049210090371723574,0.04571308779507545,0.04967289456552819,0.04598049875933279,0.05056775347100873,0.042292737887212065,0.052285327035742686,0.04732954917871325,0.044627859369340744,0.03760240188721208,0.0316792392867355,0.04253642311040509,0.03713204339793486,0.0498935719952343,0.04266241280222398
Guns ,0.02885059706433677,0.02135271237331214,0.020942699823669586,0.020043916657664813,0.018469955412231925,0.025528804139793488,0.026910167699761713,0.030259728490865757,0.027232461269261318,0.02880332208101668,0.025053086031771244,0.025852277121525016,0.032248742265289905,0.033956330063542504,0.02656125709451945,0.028380877110405076,0.03340952588244639,0.03698879464495631,0.03992823683399523,0.03395350568546465,0.03496629298173153,0.03145890263065926,0.037041385301032556,0.029558178562351083,0.04530451221763305,0.047843939588562354,0.02486545135822081,0.03688467710563938,0.0425506742954726,0.04003870957744242,0.017800259208895948,0.0311522127084988,0.030443135884034942,0.028562333127879265,0.030960200665607618,0.029381578422557578,0.031960832087370925,0.029785438250992852,0.031908016727561564,0.0268045514853058,0.03180709623351866,0.029309471720413028,0.02917824963145353,0.024777662284352662,0.02018090062112788,0.027277967987291506,0.024476557313741064,0.03160870014455917,0.027103278902303414
Gold ,0.03154688536934074,0.016827766751389993,0.017123944098490863,0.01673779857029389,0.016696167847498014,0.021000341191421766,0.022439649864972194,0.024477023876092133,0.02138446632247816,0.020479574805401114,0.020387692025416997,0.021693493598093718,0.028574611056393966,0.036988641540905476,0.02603194676727561,0.020024533010325654,0.03200739312152502,0.03588644776806989,0.05073097796664019,0.035338402811755355,0.034882611723590154,0.029254385003971397,0.03357746015885624,0.02255002679904686,0.043321366147736295,0.02486545135822081,0.19984491110405084,0.07635277820492453,0.08477986270055599,0.06083423375694996,0.01933329798252582,0.02816771965051628,0.025176846783161243,0.023500926576648137,0.02868575502779984,0.025547934185861793,0.03051524868943606,0.02673064436854647,0.026572414741858622,0.026047327974582996,0.02574153749007149,0.027386317013502776,0.02141927938046068,0.017971973502779983,0.014853336028594124,0.021044652803812552,0.021200351882446383,0.02932022222398729,0.025363013359809373
Mines,0.04024644463224781,0.026318896555996823,0.02467842144876886,0.023988364460683077,0.021667157451945987,0.03319602174424146,0.037085890303415414,0.04160774702144559,0.03549127565051629,0.0364103733121525,0.032741403059571086,0.03372556207148531,0.04293391318189039,0.052912492470214456,0.03721124114058777,0.03481902131532962,0.04723155344559175,0.053985283911040516,0.06638912884193804,0.04898058793010325,0.05127293066878475,0.04524598882922955,0.052220698341540916,0.03661186889594916,0.06488530554090545,0.03688467710563938,0.07635277820492453,0.09373920928355838,0.09494239078951547,0.08000802669102464,0.0247980965146942,0.04254935494837171,0.040546951329626685,0.03810646877204131,0.04443107148848292,0.04086884093089753,0.04427910325972993,0.040186473140587764,0.0428501206036537,0.03812889884034948,0.04337084346624306,0.04224150199205719,0.03634699147577442,0.03133766872756156,0.02622580473073868,0.034798039053216843,0.03352451511040507,0.04337648733598093,0.03767136292613185
Coal ,0.04638705119618743,0.02959298633995234,0.026113227483717236,0.026308832635424946,0.02242656722478158,0.041895877258141374,0.041674719131056394,0.045933603741064345,0.04055444233677522,0.04540741415409054,0.03795720782049245,0.03970554435583796,0.047355693064336776,0.06310958990468625,0.042246800983320065,0.04017950636854647,0.055545654038125496,0.06491543827005561,0.08897172043367751,0.06261665784114376,0.06295727902779984,0.05564477803653694,0.06268465196664018,0.04226940250198571,0.08030257683717236,0.0425506742954726,0.08477986270055599,0.09494239078951547,0.23949103823828433,0.1099254519793487,0.02920344122001588,0.05014623955520255,0.047382248135027796,0.04388381276568705,0.0530957568562351,0.046452218082605246,0.05344832572041304,0.047214666371723585,0.050098694440031774,0.04388711752184274,0.0517107530754567,0.05043994162351072,0.043460975594916615,0.03450573800158856,0.03011922744876886,0.039704992393963474,0.041316053837966625,0.05024598068149325,0.04462052977124702
Oil  ,0.043524629051628266,0.02881419153455123,0.02551343045432883,0.026336677687053212,0.023454150957903097,0.03701358461318507,0.040517481402700554,0.04567628852263701,0.039817545640984914,0.04030619995234313,0.03667122343606036,0.036865360146147726,0.04659747740111198,0.05933988193010325,0.04058973847339158,0.0387431105146942,0.051948332592533744,0.05955102789674346,0.07364171847974584,0.05686470789674345,0.05908272932168387,0.05027842245274028,0.05814599714535344,0.040120315591739474,0.07429452087212073,0.04003870957744242,0.06083423375694996,0.08000802669102464,0.1099254519793487,0.11708181834948372,0.028998891450357417,0.04717617559968228,0.04488987067672757,0.041734241042096894,0.04822410413185067,0.044906532633836364,0.04823124961239081,0.044446756046068306,0.04663375963463065,0.04067084454328832,0.047790714457505955,0.04786251042414613,0.04082101910563939,0.03325854969340746,0.029126210339952347,0.038378156873709296,0.03876185159809372,0.04743854546306592,0.04179614443367751
Util ,0.018643609791898327,0.015169556073073869,0.013938147621922161,0.013680725928514695,0.01587719651151708,0.01563945142494043,0.017037119180301832,0.02051188327243845,0.01722013894837172,0.018131885909451948,0.015263257448768863,0.016149922217633044,0.018969153664813346,0.021527662875297858,0.017810626293884038,0.01715037838284352,0.021152206951548846,0.0241056954853058,0.025126759529785544,0.02184915858300238,0.02230847126926131,0.01940738480063542,0.02316681630500397,0.018490553899920572,0.028884870233518663,0.017800259208895948,0.01933329798252582,0.0247980965146942,0.02920344122001588,0.028998891450357417,0.0210908298395552,0.020410773979348693,0.019333800362192226,0.01810649898014297,0.018326929448768858,0.01771994138840349,0.019085818789515492,0.018318798042891188,0.02075914808578237,0.018825405274027006,0.02018355639078634,0.01906856650675139,0.01810420047021446,0.01609240904845115,0.013224031663224778,0.0187255508435266,0.016280302093725173,0.020393020956314525,0.018066741235901507
Telcm,0.031744891945988875,0.022843667704527403,0.021483465035742652,0.020721109356632246,0.020028414773629866,0.027260539888800627,0.030928985003971402,0.03528623961874503,0.029139493820492458,0.03088083434471803,0.02776055936457505,0.028309629356632244,0.03561680324066718,0.037268593010325646,0.029255435520254166,0.03086072787926926,0.036248558983320085,0.0413102224940429,0.04394818637013503,0.0371946741858618,0.038458874027005555,0.03474852657664813,0.04075526725972994,0.03038982243050039,0.048644461826846695,0.0311522127084988,0.02816771965051628,0.04254935494837171,0.05014623955520255,0.04717617559968228,0.020410773979348693,0.03939632610007942,0.03298649334392375,0.03156762214455918,0.03485559272438442,0.03343441172359014,0.03520221664813343,0.0323988831135822,0.034332993645750605,0.029183596505162824,0.034473931247021444,0.03255684517871327,0.031115450325655287,0.02741923561556791,0.022717572486100086,0.02999082522637014,0.027426162859412233,0.035231161302621126,0.02986924559173947
PerSv,0.031892101585385225,0.022144272424146145,0.020957123671167595,0.019919857226370137,0.018452378948371727,0.02580959287370929,0.029247108185861792,0.03397226094519459,0.028685446546465446,0.029748837061159654,0.027381576096902303,0.026894604022239872,0.03411356102303416,0.03614317794281176,0.028631605256552818,0.029381570625893555,0.03549936213979348,0.040599137539316925,0.04335504429388403,0.03618796060524225,0.037402083348689434,0.03387404215091342,0.040739961307386816,0.030306923375694985,0.047856295042096895,0.030443135884034942,0.025176846783161243,0.040546951329626685,0.047382248135027796,0.04488987067672757,0.019333800362192226,0.03298649334392375,0.044416105370929305,0.030961753258141385,0.03356685984273232,0.03181822289594916,0.03433735375853852,0.03152377742811756,0.033521677124702144,0.027989141064336778,0.034714140096902296,0.03168822699285146,0.030708425428117553,0.02649087706433677,0.021932806622716444,0.02895144723113582,0.026570848706910243,0.03384756547895154,0.02871274351231136
BusSv,0.029578379742652903,0.021076539183478946,0.019831140200158852,0.018897526741858617,0.017829618471803012,0.02472414752025417,0.02778571718506751,0.03211002814932486,0.02662640555361398,0.02795717699761716,0.02575195813820492,0.0261673679618745,0.03284550084829229,0.0341787216838761,0.027273495669579022,0.028181425296266875,0.033484910868943604,0.03794021066878475,0.0402057183288324,0.03392019217791899,0.035371362776806976,0.03212182116600477,0.03774206218903891,0.02835265753772835,0.044424126710087365,0.028562333127879265,0.023500926576648137,0.03810646877204131,0.04388381276568705,0.041734241042096894,0.01810649898014297,0.03156762214455918,0.030961753258141385,0.03105864549007149,0.03173971278157268,0.03058273418268467,0.032143420708498814,0.029911613432883236,0.03202662424146147,0.026827705067513898,0.03210258849245433,0.030001233664813342,0.028578845451945983,0.025139591504368543,0.02107061951389992,0.027594748041302623,0.02482783764257347,0.03234666256393962,0.027174560787926922
Hardw,0.031108096343129478,0.0222592084050834,0.021257581463065923,0.019507744692613183,0.017731020949960284,0.02794269298490865,0.030643461640984915,0.03395837125496426,0.029072258587768067,0.03128822447974583,0.027820846692613185,0.028873420257347102,0.036950747679110406,0.03828923611596506,0.029543478616362192,0.030646471563145358,0.03636737189356632,0.041068556347895156,0.04465554300714853,0.037472019953931686,0.03968824665289913,0.03600493381096107,0.04208095835266084,0.030628610587768078,0.049210090371723574,0.030960200665607618,0.02868575502779984,0.04443107148848292,0.0530957568562351,0.04822410413185067,0.018326929448768858,0.03485559272438442,0.03356685984273232,0.03173971278157268,0.04400924589515488,0.03548480097378872,0.0381143838776807,0.033854886657664805,0.03466749355043685,0.029020795488482923,0.03434797622081017,0.032936542735504365,0.031202719629864973,0.027238958176330423,0.02193944322319301,0.028781505086576644,0.027371387134233514,0.03550028023669579,0.03007230383002382
Softw,0.030414050173153295,0.021462677542494046,0.020685504166799047,0.0192753141731533,0.01749920944241461,0.025929514760921358,0.029645475884034947,0.03281404339158061,0.028076159051628278,0.029914633534551226,0.027125095629864975,0.027924141026211276,0.03647276522954726,0.03562541735504368,0.028155187525019863,0.029491294975377284,0.03441011345671167,0.039205793999999995,0.041249265240667195,0.03516340975853852,0.03669633354090547,0.0338359601938046,0.03947235013343923,0.02894916745830024,0.04571308779507545,0.029381578422557578,0.025547934185861793,0.04086884093089753,0.046452218082605246,0.044906532633836364,0.01771994138840349,0.03343441172359014,0.03181822289594916,0.03058273418268467,0.03548480097378872,0.035826323461477357,0.034695405993645755,0.03157193705003971,0.032742743590150905,0.027091108117553612,0.03273223611278792,0.030984917166004766,0.030003676570293885,0.026474557801429703,0.021210008239872916,0.02769305486258935,0.02633250872597299,0.033600237564733904,0.028541312411437647
Chips,0.032798426287529804,0.022814697459888806,0.02196660351231136,0.02069323752819698,0.018704704508339956,0.028147673127879264,0.03063918805877681,0.03450727022239873,0.029565122511517078,0.03122091731532962,0.028227630362192217,0.02857126305321684,0.03681896915647338,0.03872758725178712,0.029952932659253386,0.03095984103097697,0.037224013482128664,0.04190165293248609,0.04583588492930897,0.0379105473884035,0.040358915818903884,0.03650434779030977,0.04265402735980938,0.03110234504368546,0.04967289456552819,0.031960832087370925,0.03051524868943606,0.04427910325972993,0.05344832572041304,0.04823124961239081,0.019085818789515492,0.03520221664813343,0.03433735375853852,0.032143420708498814,0.0381143838776807,0.034695405993645755,0.04076884621286735,0.034402057205718824,0.03491110765687053,0.029303198697378862,0.03535267061318507,0.03320507344241461,0.03167380198093725,0.027317149915806194,0.022527042905480535,0.029622571615567906,0.027480609755361398,0.036094812023828436,0.030190834060365365
LabEq,0.030052835914217625,0.021411171550436852,0.02011108287688642,0.019625703612390785,0.018033236263701354,0.02556331271485305,0.028466289536139788,0.032003901421763306,0.027550499604447967,0.029025290087370925,0.02631055820969023,0.027228157763304218,0.03435206863224781,0.03586911462271645,0.027979601189833198,0.028740937996822875,0.034597324808578224,0.039020701796664004,0.041931616303415395,0.03550055202700555,0.03709768420651311,0.033351323389992055,0.03931773951231136,0.029193946441620332,0.04598049875933279,0.029785438250992852,0.02673064436854647,0.040186473140587764,0.047214666371723585,0.044446756046068306,0.018318798042891188,0.0323988831135822,0.03152377742811756,0.029911613432883236,0.033854886657664805,0.03157193705003971,0.034402057205718824,0.03509286946942018,0.03271038905480539,0.02746228031771247,0.032602435220015887,0.030829469375694994,0.0291805572152502,0.02552722867672757,0.021248748386020654,0.028057162560762506,0.02543081359968229,0.03335239817156474,0.028162295442414616
Paper,0.03213345235901509,0.023314280683081813,0.022616780826052424,0.020704617188244637,0.020343988212867353,0.027664291977760123,0.030538119316918196,0.035150348101667984,0.029228008975377286,0.031115120921366164,0.02773943566322478,0.02800040244638601,0.03421958249404289,0.03827502285941222,0.030430810055599684,0.031540059936457504,0.03755211483717236,0.041810650150913425,0.04569356544876886,0.03845055741064337,0.03957340079428116,0.035322857442414625,0.04243447744241462,0.031912540127084985,0.05056775347100873,0.031908016727561564,0.026572414741858622,0.0428501206036537,0.050098694440031774,0.04663375963463065,0.02075914808578237,0.034332993645750605,0.033521677124702144,0.03202662424146147,0.03466749355043685,0.032742743590150905,0.03491110765687053,0.03271038905480539,0.04640710617950753,0.03243391482128674,0.03547602409849087,0.03317005982525814,0.031568254884829235,0.02725746443208896,0.02316008602065131,0.031058517140587764,0.027883264479745824,0.03562633977760127,0.029658899046862593
