,Agric,Food ,Soda ,Beer ,Smoke,Toys ,Fun  ,Books,Hshld,Clths,Hlth ,MedEq,Drugs,Chems,Rubbr,Txtls,BldMt,Cnstr,Steel,FabPr,Mach ,ElcEq,Autos,Aero ,Ships,Guns ,Gold ,Mines,Coal ,Oil  ,Util ,Telcm,PerSv,BusSv,Hardw,Softw,Chips,LabEq,Paper,Boxes,Trans,Whlsl,Rtail,Meals,Banks,Insur,RlEst,Fin  ,Other
Agric,0.045628709293089764,0.012402719523431296,0.010961716664019065,0.010817446799046867,0.00844654136616362,0.014532603145353453,0.013868638109610802,0.018124114297061157,0.015601529213661635,0.013658482748212863,0.016609985067513895,0.015089064622716442,0.021637522795869734,0.018290773598093724,0.014863902954725968,0.016610570468625893,0.01738097853852264,0.020177265337569496,0.02152801483717235,0.01936788795869738,0.018991536664019062,0.01914280606830818,0.02045547394757744,0.014410185226370132,0.02288697644162033,0.01489832838760921,0.016006771342335184,0.022459921699761715,0.025070812343129464,0.026377379682287535,0.009253936123907867,0.01635976055599682,0.018227528435266076,0.016147252311358218,0.016819031771247016,0.01726586039714059,0.01814750600476569,0.01608213880857823,0.016740539793486893,0.014291504225575853,0.019554266957903094,0.016644401445591733,0.01661405016679905,0.014253811914217637,0.011771281985702941,0.014009515599682288,0.013467666020651307,0.017294476314535345,0.013436297680698964
Food ,0.012402719523431296,0.015942483850675135,0.011344081105639397,0.010664267876092138,0.010035577429706117,0.011282250166799047,0.010412148371723592,0.013408237896743447,0.012552715615567912,0.011666105461477363,0.010700002484511516,0.01037675424305004,0.013614789464654484,0.014044726741858617,0.011859072381254965,0.012684415224781573,0.013273888565528197,0.015459719123113584,0.015307560991262906,0.01457320849563145,0.01366085979984114,0.013483954446386021,0.015390999612390785,0.011199988594122322,0.016188897855440823,0.012155789604447976,0.008140113073868147,0.01438699074185862,0.014631529544082604,0.016132165267672756,0.00988363794757744,0.01270733124066719,0.013103091107227958,0.012247242528991262,0.012603920711675931,0.012639036181096108,0.013174807663224779,0.012241813744241463,0.013531330503574268,0.011939825938046067,0.013399438970611594,0.01272008711675933,0.012822846100079423,0.011131209988880064,0.008607310494042893,0.011250558424146148,0.010795544082605241,0.012534714204924543,0.010372235590150913
Soda ,0.010961716664019065,0.011344081105639397,0.03654791997458301,0.011944644943606033,0.010031522459094517,0.009734272946783161,0.009896119173947577,0.013335989140587765,0.010896951707704524,0.009711320908657665,0.009591048254169975,0.010103922675138998,0.013733692600476568,0.011738034211278793,0.01063210515647339,0.011458070239872916,0.011615391275615568,0.013782502671961875,0.013455567332803812,0.01180115372835584,0.011197472527402703,0.013260797864972203,0.013275661483717232,0.009363285178713264,0.012335402891183478,0.011357131285146942,0.006809557966640192,0.010999307431294673,0.011418621242255757,0.010976761626687849,0.008998140225575853,0.011885935415409053,0.012582675850675141,0.011065352514694201,0.011513443386814934,0.011897414525814137,0.012419566220810163,0.011104318328832404,0.012210182443208895,0.010618703275615567,0.011742828861000794,0.010545930675139,0.011051996981731538,0.011005845420174742,0.00817154570929309,0.010540229884034948,0.011093365369340745,0.011729387749007147,0.010054671764892774
Beer ,0.010817446799046867,0.010664267876092138,0.011944644943606033,0.02798835932644956,0.009593792492454326,0.010251169849086576,0.010063860381254964,0.0122051858649722,0.012138431961874504,0.010921598897537731,0.010643532752978555,0.010638870328832406,0.01469065206671962,0.013123368305003973,0.01177267589833201,0.012047204730738684,0.012958815907863382,0.014556871749007149,0.014069845477362985,0.01299030167752184,0.012958952244638599,0.013603191307386813,0.01388513267990469,0.010985638189038919,0.015721678903891978,0.011527718621127878,0.007638484956314532,0.013275695590150911,0.012798791876092137,0.01571468155996823,0.008886916355837967,0.01242157750913423,0.012839678878474986,0.011734574478157265,0.011896264679904687,0.012661841480540111,0.012951372133439236,0.01240863282605242,0.012955828441620335,0.011832151367752184,0.012944841007148529,0.011712123288324062,0.011700523939634628,0.010252361518665608,0.00847528934392375,0.010917625934868941,0.010402404924543291,0.012174156733915805,0.009974164317712472
Smoke,0.00844654136616362,0.010035577429706117,0.010031522459094517,0.009593792492454326,0.023987435633042096,0.008134669086576651,0.007453140786338366,0.009159010060365371,0.008488054694201745,0.006821288401906273,0.006174602830818109,0.00687931956791104,0.008438887138999205,0.009036007501191424,0.007544487540905481,0.008497758581413823,0.008790559000794281,0.0101886707847498,0.009638752870532166,0.008298161999999998,0.008932841837966637,0.008831587358220809,0.010147632443208893,0.008226701842732328,0.00988433139793487,0.009691070544876886,0.009006479332803814,0.009273557428117554,0.008670261412231931,0.010088444897537727,0.009812681666401904,0.009154087105639397,0.008547131566322478,0.008230658730738681,0.007939906312946783,0.00857197975853852,0.009026865412231931,0.008887944076250995,0.009320447999999997,0.00898302096743447,0.00845527199523431,0.00835932836378078,0.008153523955520253,0.00811363595552025,0.005268897526608419,0.007817054787926927,0.007398991739475773,0.008432795847498013,0.007541658200158856
Toys ,0.014532603145353453,0.011282250166799047,0.009734272946783161,0.010251169849086576,0.008134669086576651,0.034980216076250986,0.013918814344718032,0.01648280592533757,0.015912679110405083,0.016199222192216048,0.014968616521048451,0.014674157490071489,0.02114826100079428,0.01871997579030977,0.014648745655281967,0.0175461485146942,0.01814377548848292,0.02156885180301827,0.02319989328038126,0.021343302128673552,0.018864159221604452,0.018959960921366162,0.02081034181096108,0.014525540206513109,0.022486620857823665,0.015992753995234314,0.011825098332009534,0.021842865941223186,0.026677638395552032,0.02345829936457506,0.00869701806195393,0.01633128233518666,0.01773005847498014,0.015741179332803813,0.01762505413820492,0.017159256457505954,0.01868542603653693,0.016118527148530577,0.016937201556791105,0.01481484281175536,0.018091538697378867,0.01630867372517871,0.017315305639396348,0.014114311167593324,0.011500785941223193,0.013225340635424939,0.014552690420969022,0.0164150885146942,0.013612098252581415
Fun  ,0.013868638109610802,0.010412148371723592,0.009896119173947577,0.010063860381254964,0.007453140786338366,0.013918814344718032,0.019917458038125495,0.01630764771247021,0.0141077560127085,0.013956876846703731,0.014073664892772043,0.013619064177918982,0.020358317664813344,0.01738710918189039,0.013638877656870529,0.015483115496425734,0.016769439467831618,0.019821041564733913,0.019788696203335985,0.017324870349483715,0.0172989939872915,0.016607896791104047,0.01926422011914217,0.013241872994440029,0.021133711683876094,0.01342928470214456,0.007263449086576649,0.02015281772041303,0.020287950031771244,0.022662207410643367,0.007999783375694998,0.016002081517077042,0.016893957545671162,0.015082806235107226,0.016508985035742652,0.017106944606830817,0.0165844505401112,0.015243647783955525,0.015769981064336778,0.013622913431294676,0.01703402115170771,0.01535463954725973,0.015439329737887215,0.013837564114376488,0.011091152589356631,0.013047929491660046,0.013539963177124699,0.01557624341540905,0.013110159007148535
Books,0.018124114297061157,0.013408237896743447,0.013335989140587765,0.0122051858649722,0.009159010060365371,0.01648280592533757,0.01630764771247021,0.02940328994281175,0.017906818379666397,0.017293735293089755,0.01695756893725179,0.016238106122319303,0.023370458779984112,0.02136034062907069,0.016765277491660048,0.018366365370929307,0.020357731807783955,0.02376181406989674,0.024991123202541696,0.02295985105162827,0.02132269701509134,0.020530122360603652,0.023813501015091342,0.01677446349483717,0.02558667231930103,0.01587819933915806,0.008736848895949166,0.024146182149324864,0.025255429574265284,0.02795268560603654,0.010435774085782362,0.019291999458300235,0.02074675663701351,0.018456916525814143,0.01958246737410643,0.019578227409054808,0.019983417110405077,0.017850533706115963,0.019699127955520254,0.016462155007148527,0.02142191936934074,0.019200635607625093,0.019428246274821287,0.015862937445591738,0.014124641078633834,0.016116591687053216,0.015712639841143763,0.019029223507545667,0.01533246270214456
Hshld,0.015601529213661635,0.012552715615567912,0.010896951707704524,0.012138431961874504,0.008488054694201745,0.015912679110405083,0.0141077560127085,0.017906818379666397,0.02197503107227959,0.016943759952343134,0.015445205909451948,0.014926028816521043,0.02052978872120731,0.019424554980142967,0.01588682339952343,0.01815596821286735,0.018755100667196184,0.022798980381254958,0.02305873124702144,0.020946774853057987,0.019569167609213664,0.01882973528196982,0.021888547529785543,0.015345910150913423,0.02405819556791103,0.01602686020651311,0.00908934910246227,0.021478434424146143,0.02307787258141382,0.02489204897537728,0.009658986957903098,0.01674546848292295,0.018325096441620333,0.016244770722795867,0.017536385766481335,0.017354377315329628,0.017923173073868152,0.016512949324861005,0.01742313436060365,0.015747017776012708,0.019341660571882444,0.01714065860206513,0.01868193855440826,0.014633004543288324,0.012225008435266081,0.014524434233518664,0.01461145448768864,0.017355560063542493,0.014240194169976171
Clths,0.013658482748212863,0.011666105461477363,0.009711320908657665,0.010921598897537731,0.006821288401906273,0.016199222192216048,0.013956876846703731,0.017293735293089755,0.016943759952343134,0.03167955738046068,0.015070251720413026,0.01458843277521842,0.019206161598093727,0.017751934325655284,0.014580576922954723,0.019020175715647344,0.01719625901350278,0.021241959048451158,0.022051235469420172,0.019265932932486095,0.018436722260524223,0.017288475961874505,0.021016817469420176,0.01444145475774424,0.022841702088959488,0.015661222767275614,0.004699039841143765,0.019610585606036537,0.026093232884829235,0.02303930252104845,0.00862332230500397,0.016323275690230336,0.017785169084988086,0.01576867880698967,0.016922230208101668,0.016959021607625097,0.017045710219221605,0.015818354986497217,0.017098042166799048,0.014547921050039709,0.018937003683876092,0.016238388077839554,0.0220191223669579,0.015536697261318507,0.011909167636219218,0.01413379763463066,0.014299156568705318,0.016651746074662434,0.013108852427323273
Hlth ,0.016609985067513895,0.010700002484511516,0.009591048254169975,0.010643532752978555,0.006174602830818109,0.014968616521048451,0.014073664892772043,0.01695756893725179,0.015445205909451948,0.015070251720413026,0.029991845026211265,0.018341373814138202,0.027161983428117556,0.01854564445432883,0.015350389156473389,0.016855565328038124,0.01724519895472597,0.021274335787132642,0.021240485216838762,0.01896642884511517,0.018171711062748206,0.01803922485146942,0.020798724679904693,0.01392820584590945,0.022021750548054015,0.014616198754567121,0.00969660616362192,0.02047488051151707,0.02230185232406672,0.024094347015091333,0.008074241140587766,0.016409106824463858,0.018317686675138996,0.016543265515488483,0.017852476899126293,0.018253072432088954,0.018021720530579828,0.01655883684193805,0.01672351709610802,0.014478140139793486,0.019332584594122317,0.016606663145353456,0.016855734583002387,0.014543605350277995,0.01203067823034154,0.014354860266878473,0.013738449277204128,0.016895182449563145,0.013864995955520251
MedEq,0.015089064622716442,0.01037675424305004,0.010103922675138998,0.010638870328832406,0.00687931956791104,0.014674157490071489,0.013619064177918982,0.016238106122319303,0.014926028816521043,0.01458843277521842,0.018341373814138202,0.021475982691024617,0.027539166754567117,0.01763277857982526,0.014764493687053215,0.0159497333375695,0.016841769194598885,0.02018753574583003,0.020214681709293088,0.018620030106433677,0.017352995005559965,0.01830597425893566,0.019622178401906273,0.01374728168387609,0.020960444733915805,0.014350946185861791,0.008554166576648134,0.019661392387609212,0.02245509520571883,0.022093018338363777,0.008089371552025415,0.015805628854646543,0.016967093833200952,0.015931002427323277,0.017696704737092936,0.018232140085782365,0.01773247081175536,0.0166189018395552,0.0157248427132645,0.013072207358220813,0.017248306573471008,0.01574518049245433,0.015887708562351076,0.013479086595710881,0.011455922643367748,0.013406063783955521,0.013409634249404287,0.016341016629070695,0.013492430716441616
Drugs,0.021637522795869734,0.013614789464654484,0.013733692600476568,0.01469065206671962,0.008438887138999205,0.02114826100079428,0.020358317664813344,0.023370458779984112,0.02052978872120731,0.019206161598093727,0.027161983428117556,0.027539166754567117,0.05565818915965052,0.025661325286735506,0.020287984206513107,0.022172426144559176,0.02411599103097696,0.028521195243844322,0.02837237291183479,0.026083603567911045,0.024854525493248607,0.026331890751389985,0.02787601744559174,0.01999196549642573,0.030323861429706122,0.020255125483717232,0.014186364797458295,0.029534907027799834,0.03266555260683082,0.03214957220333596,0.009805093671167593,0.022654997652104842,0.02519394070532168,0.02280298156314535,0.026741407205718826,0.02741349580937252,0.026215461633042093,0.024010404708498807,0.02173919238125496,0.018088732146147733,0.02495898200794281,0.022763620381254963,0.022541420079428116,0.019713301502779987,0.015799672314535346,0.018425567348689435,0.019249396282764095,0.024016776432088955,0.02078956701826847
Chems,0.018290773598093724,0.014044726741858617,0.011738034211278793,0.013123368305003973,0.009036007501191424,0.01871997579030977,0.01738710918189039,0.02136034062907069,0.019424554980142967,0.017751934325655284,0.01854564445432883,0.01763277857982526,0.025661325286735506,0.03174094691660048,0.019643125804606837,0.019807008314535343,0.02351670634154091,0.027706001712470212,0.032509322738681484,0.027759090290706914,0.026213709887212073,0.02377610850516283,0.02747613621286736,0.018890418395552024,0.031125655011914215,0.018697823853852266,0.01805802420969023,0.03421160524543289,0.039838746208101655,0.04115505383002382,0.011315828972200157,0.02047973662589356,0.02236255746147736,0.020099492489277195,0.022081365159650514,0.021189526951548847,0.022627435860206515,0.02082668173471008,0.021868594204924537,0.020347816327243848,0.024990695729944397,0.022264760555996823,0.01977056937251787,0.01596333268943606,0.014811431749007146,0.01745194512787927,0.017926914598888007,0.021680247834789515,0.017622701404289117
Rubbr,0.014863902954725968,0.011859072381254965,0.01063210515647339,0.01177267589833201,0.007544487540905481,0.014648745655281967,0.013638877656870529,0.016765277491660048,0.01588682339952343,0.014580576922954723,0.015350389156473389,0.014764493687053215,0.020287984206513107,0.019643125804606837,0.023744752182684667,0.0166626617299444,0.01879600658776807,0.022240779639396344,0.02331995892613185,0.021785489694996028,0.019459865240667198,0.017849077607625097,0.021260007610802226,0.015219565734710089,0.022654572954725966,0.014526712400317714,0.010110837585385222,0.021668344872120732,0.0237346623081811,0.02516472335345512,0.00951263455599682,0.01595350773788721,0.017698924093725178,0.016173282044479743,0.017018781235901507,0.017057360454328836,0.017502681761715645,0.01635220818427323,0.0177170843081811,0.016007927756949963,0.018584387953931688,0.016952771000794287,0.016134683987291502,0.013545372768864177,0.012256566673550436,0.014364707248610005,0.014157042827640982,0.016999853855440828,0.013859077758538521
Txtls,0.016610570468625893,0.012684415224781573,0.011458070239872916,0.012047204730738684,0.008497758581413823,0.0175461485146942,0.015483115496425734,0.018366365370929307,0.01815596821286735,0.019020175715647344,0.016855565328038124,0.0159497333375695,0.022172426144559176,0.019807008314535343,0.0166626617299444,0.03060925950595712,0.020245605507545672,0.024793342880063535,0.022697135065925345,0.022154084992851462,0.020498662317712465,0.01958934737728356,0.022767327674344716,0.01618860767275616,0.02451890356632248,0.01664632733280381,0.006768455123113582,0.020748329304209688,0.02058487940111199,0.023485192551231136,0.009188154238284353,0.018363645307386812,0.01937460171088165,0.017848514864177916,0.0188538149451946,0.018950332146147733,0.019429878171564732,0.01742131293407466,0.019234156365369345,0.016312209726767272,0.02048017848610007,0.017812215226370134,0.019400346290706912,0.016113761776012706,0.013915843496425733,0.015653165294678313,0.016061536203335978,0.0184078909324861,0.014775036805401107
BldMt,0.01738097853852264,0.013273888565528197,0.011615391275615568,0.012958815907863382,0.008790559000794281,0.01814377548848292,0.016769439467831618,0.020357731807783955,0.018755100667196184,0.01719625901350278,0.01724519895472597,0.016841769194598885,0.02411599103097696,0.02351670634154091,0.01879600658776807,0.020245605507545672,0.027456239254964265,0.02851448606671962,0.02963948068625894,0.026359520220810163,0.02433795329150119,0.02203576588085782,0.025936508185861785,0.018422241826846705,0.029563804948371714,0.018410972594122315,0.012958080635424946,0.028757019509134233,0.03143022547895156,0.03274322167275615,0.010731877218427326,0.01957270966322478,0.021777064084193803,0.019305160366957903,0.0204928496330421,0.02009658093407466,0.02129953406989674,0.019510864235107225,0.020997129366163624,0.018429088227164412,0.023397696745035734,0.020777264503574262,0.019828474328832404,0.01626711398570294,0.014669810250992852,0.016940598997617157,0.016925734011119936,0.020399381073868145,0.016541061059571087
Cnstr,0.020177265337569496,0.015459719123113584,0.013782502671961875,0.014556871749007149,0.0101886707847498,0.02156885180301827,0.019821041564733913,0.02376181406989674,0.022798980381254958,0.021241959048451158,0.021274335787132642,0.02018753574583003,0.028521195243844322,0.027706001712470212,0.022240779639396344,0.024793342880063535,0.02851448606671962,0.04373806915170771,0.03451006276092136,0.03039240303574265,0.02835259147418586,0.025822039583796662,0.03080521437172359,0.021201695170770453,0.03450332758538523,0.021065479383637807,0.016187988721207306,0.03389554282605242,0.039909721542494045,0.03876146304527401,0.012813819000794284,0.02291831542017474,0.026305296376489276,0.022624181634630657,0.024284080946783165,0.02390269646068308,0.02501696027482129,0.022989660689436062,0.02443414199205719,0.021591727229547265,0.02759753907704527,0.02413855714853058,0.02385495575853852,0.019594985077045275,0.017044487239078636,0.020046379254964258,0.021280218999205715,0.02396771659094519,0.01935352408737093
Steel,0.02152801483717235,0.015307560991262906,0.013455567332803812,0.014069845477362985,0.009638752870532166,0.02319989328038126,0.019788696203335985,0.024991123202541696,0.02305873124702144,0.022051235469420172,0.021240485216838762,0.020214681709293088,0.02837237291183479,0.032509322738681484,0.02331995892613185,0.022697135065925345,0.02963948068625894,0.03451006276092136,0.05686753865607625,0.03709364967116759,0.03333203835424941,0.027866346725972987,0.033868914846703735,0.02321466433677522,0.0392728420333598,0.022010613051628276,0.03254901699761716,0.04748192624622716,0.06207446260206513,0.053230398436854655,0.013054241664813344,0.02433337006513105,0.02757956894678316,0.023403329582208098,0.025557774214455913,0.023951334862589352,0.026476525693407468,0.024433932632247822,0.02608160786656076,0.024238847447180297,0.03084302743764893,0.028047358919777606,0.024309075361397935,0.01905269456393963,0.018550904584590945,0.0203751701477363,0.021514830150913426,0.026061879320095307,0.02020763393804606
FabPr,0.01936788795869738,0.01457320849563145,0.01180115372835584,0.01299030167752184,0.008298161999999998,0.021343302128673552,0.017324870349483715,0.02295985105162827,0.020946774853057987,0.019265932932486095,0.01896642884511517,0.018620030106433677,0.026083603567911045,0.027759090290706914,0.021785489694996028,0.022154084992851462,0.026359520220810163,0.03039240303574265,0.03709364967116759,0.07772757682446385,0.02948999166481334,0.02580439189515488,0.03033941847021445,0.020852585814138205,0.033627062549642574,0.019132054760921367,0.01873098319301032,0.03414598991104051,0.04143563664972201,0.041382839375695,0.011976941447180305,0.021232717834789517,0.024833785939634635,0.021602297599682286,0.02321270598252581,0.022243090646544877,0.02366910343606037,0.022010811221604445,0.023356619990468622,0.019553585275615567,0.024849811992057186,0.023963757116759334,0.02177501580619539,0.017388414147736297,0.017207702425734703,0.0186758875949166,0.0191676916918189,0.022378357925337572,0.017693902451151704
Mach ,0.018991536664019062,0.01366085979984114,0.011197472527402703,0.012958952244638599,0.008932841837966637,0.018864159221604452,0.0172989939872915,0.02132269701509134,0.019569167609213664,0.018436722260524223,0.018171711062748206,0.017352995005559965,0.024854525493248607,0.026213709887212073,0.019459865240667198,0.020498662317712465,0.02433795329150119,0.02835259147418586,0.03333203835424941,0.02948999166481334,0.028955382270055598,0.023845830745035747,0.028160992916600475,0.019727103717235902,0.032765135162827634,0.018844493305798248,0.01496754478157268,0.03257969948689437,0.03820543280857824,0.040499673424940416,0.01113647593804607,0.020597192487688643,0.022865957056393955,0.02032743780301827,0.022567635088165207,0.021498407094519462,0.023264740490865764,0.021363558208101662,0.021884778096902303,0.019592873380460677,0.025477679629864976,0.02248494899920572,0.020418395281969814,0.016599730671961875,0.015512151280381256,0.01761548861477363,0.01757571167593328,0.02189046205242256,0.016994229259729945
ElcEq,0.01914280606830818,0.013483954446386021,0.013260797864972203,0.013603191307386813,0.008831587358220809,0.018959960921366162,0.016607896791104047,0.020530122360603652,0.01882973528196982,0.017288475961874505,0.01803922485146942,0.01830597425893566,0.026331890751389985,0.02377610850516283,0.017849077607625097,0.01958934737728356,0.02203576588085782,0.025822039583796662,0.027866346725972987,0.02580439189515488,0.023845830745035747,0.033685121722001596,0.025428508667196186,0.017809401016679906,0.02843347976171565,0.01785677289277204,0.011660251056393964,0.028124343005559972,0.03230260212549642,0.033185612908657666,0.010090992721207307,0.019603257960285943,0.02105368982049245,0.019229141988880063,0.020968198360603655,0.020875288222398727,0.02172544977601271,0.01957431144082605,0.02024482470532168,0.017516321204130263,0.022403125690230338,0.020581961826846705,0.019243452327243844,0.01585533389674345,0.013916917404289117,0.01625545902779984,0.017054625480540108,0.0201575296457506,0.017107938481334392
Autos,0.02045547394757744,0.015390999612390785,0.013275661483717232,0.01388513267990469,0.010147632443208893,0.02081034181096108,0.01926422011914217,0.023813501015091342,0.021888547529785543,0.021016817469420176,0.020798724679904693,0.019622178401906273,0.02787601744559174,0.02747613621286736,0.021260007610802226,0.022767327674344716,0.025936508185861785,0.03080521437172359,0.033868914846703735,0.03033941847021445,0.028160992916600475,0.025428508667196186,0.035902465542494044,0.02146630174741859,0.03422430909451946,0.020939415828435268,0.01449826833995234,0.03222590232406671,0.0354590212025417,0.03741077594757745,0.011751266524225576,0.02249091489912628,0.02533129530262113,0.02244666936139793,0.02461478861318507,0.023895447107227956,0.024955860049245427,0.02284184493725178,0.024650538630659254,0.021494590765687056,0.027561783308975376,0.023734308697378866,0.023161564972200156,0.019061362576648137,0.016752837980937248,0.019464402949960283,0.01946461766481334,0.024044431037331216,0.01866773169340747
Aero ,0.014410185226370132,0.011199988594122322,0.009363285178713264,0.010985638189038919,0.008226701842732328,0.014525540206513109,0.013241872994440029,0.01677446349483717,0.015345910150913423,0.01444145475774424,0.01392820584590945,0.01374728168387609,0.01999196549642573,0.018890418395552024,0.015219565734710089,0.01618860767275616,0.018422241826846705,0.021201695170770453,0.02321466433677522,0.020852585814138205,0.019727103717235902,0.017809401016679906,0.02146630174741859,0.02373527780778396,0.024050966211278793,0.016442835583796663,0.007081248038125496,0.020866826544876885,0.023553876266878486,0.02350042470214456,0.009436111119936459,0.016382143844320886,0.01885475166004766,0.016140827752184273,0.017336387037331213,0.016810913995234312,0.017793524845115167,0.016716791008737093,0.01746185833200953,0.015517558236695792,0.019469211326449565,0.017017675949166002,0.01567862678316124,0.013210222875297854,0.012665829817315328,0.014772464034948377,0.01376414907069102,0.01747526697378872,0.013302499682287527
Ships,0.02288697644162033,0.016188897855440823,0.012335402891183478,0.015721678903891978,0.00988433139793487,0.022486620857823665,0.021133711683876094,0.02558667231930103,0.02405819556791103,0.022841702088959488,0.022021750548054015,0.020960444733915805,0.030323861429706122,0.031125655011914215,0.022654572954725966,0.02451890356632248,0.029563804948371714,0.03450332758538523,0.0392728420333598,0.033627062549642574,0.032765135162827634,0.02843347976171565,0.03422430909451946,0.024050966211278793,0.05932963697378873,0.023501862017474187,0.019553195965051628,0.03956048922160445,0.048855860293884036,0.04927433651310563,0.01367532194598888,0.0247034433121525,0.029476846108022228,0.024174173526608417,0.026394455313741065,0.02532710921366163,0.026914212208101675,0.024697732009531372,0.027006660937251795,0.023395104233518663,0.03234221376489277,0.02703697573471008,0.025379410659253372,0.019958729769658453,0.01863012115170771,0.02149999664019063,0.02114395860206513,0.026222954837172355,0.020913574813343917
Guns ,0.01489832838760921,0.012155789604447976,0.011357131285146942,0.011527718621127878,0.009691070544876886,0.015992753995234314,0.01342928470214456,0.01587819933915806,0.01602686020651311,0.015661222767275614,0.014616198754567121,0.014350946185861791,0.020255125483717232,0.018697823853852266,0.014526712400317714,0.01664632733280381,0.018410972594122315,0.021065479383637807,0.022010613051628276,0.019132054760921367,0.018844493305798248,0.01785677289277204,0.020939415828435268,0.016442835583796663,0.023501862017474187,0.03587004826687847,0.01240894592533757,0.020514900918189027,0.023890077509134234,0.023256434827640986,0.009524142544876888,0.016505452555996822,0.018220894055599682,0.015776346827640984,0.017570050217633044,0.016672860562351073,0.018367799040508333,0.016863959758538518,0.017861115596505165,0.01538392548371724,0.01852984280857823,0.016345306497220012,0.016879432501985703,0.013460018605242255,0.011176686169976172,0.014011738192216041,0.013442056266878475,0.016659931164416202,0.01347290550595711
Gold ,0.016006771342335184,0.008140113073868147,0.006809557966640192,0.007638484956314532,0.009006479332803814,0.011825098332009534,0.007263449086576649,0.008736848895949166,0.00908934910246227,0.004699039841143765,0.00969660616362192,0.008554166576648134,0.014186364797458295,0.01805802420969023,0.010110837585385222,0.006768455123113582,0.012958080635424946,0.016187988721207306,0.03254901699761716,0.01873098319301032,0.01496754478157268,0.011660251056393964,0.01449826833995234,0.007081248038125496,0.019553195965051628,0.01240894592533757,0.205753658776807,0.05712456784749801,0.06477280476568707,0.042590914757744236,0.013160788848292297,0.011843346814932487,0.009154177220015885,0.008707820524225574,0.010133585861795075,0.01030154516282764,0.012920721429706109,0.011458563208895944,0.009693680285941223,0.012875191739475773,0.01067015259729944,0.013306304114376487,0.0063845333121524996,0.0044859871961874485,0.0013002561715647338,0.004023478125496426,0.008717529118347894,0.010180480190627481,0.011448244575059571
Mines,0.022459921699761715,0.01438699074185862,0.010999307431294673,0.013275695590150911,0.009273557428117554,0.021842865941223186,0.02015281772041303,0.024146182149324864,0.021478434424146143,0.019610585606036537,0.02047488051151707,0.019661392387609212,0.029534907027799834,0.03421160524543289,0.021668344872120732,0.020748329304209688,0.028757019509134233,0.03389554282605242,0.04748192624622716,0.03414598991104051,0.03257969948689437,0.028124343005559972,0.03222590232406671,0.020866826544876885,0.03956048922160445,0.020514900918189027,0.05712456784749801,0.07868123782525814,0.0724857672263701,0.0648950300127085,0.013725183699761714,0.023703760227164423,0.025504144227164415,0.022450936268467035,0.02606281090389198,0.024646796883240663,0.0257184659364575,0.02322297600635425,0.02412539532327244,0.022982997536139794,0.030275505911040515,0.027232943884034952,0.021947179142176327,0.017773742643367754,0.015957000417791894,0.017447359680698965,0.020018381667990467,0.02433514301191422,0.02065358959015091
Coal ,0.025070812343129464,0.014631529544082604,0.011418621242255757,0.012798791876092137,0.008670261412231931,0.026677638395552032,0.020287950031771244,0.025255429574265284,0.02307787258141382,0.026093232884829235,0.02230185232406672,0.02245509520571883,0.03266555260683082,0.039838746208101655,0.0237346623081811,0.02058487940111199,0.03143022547895156,0.039909721542494045,0.06207446260206513,0.04143563664972201,0.03820543280857824,0.03230260212549642,0.0354590212025417,0.023553876266878486,0.048855860293884036,0.023890077509134234,0.06477280476568707,0.0724857672263701,0.22696537545830034,0.08977860074185863,0.015357206038125498,0.02727377527720413,0.028373394295472594,0.024008377440826054,0.029776742201747412,0.0258648557299444,0.029958604881652102,0.02542033484352661,0.026344796765687045,0.025203509437648916,0.03351574330262112,0.03181659235107227,0.026330894884829228,0.01822992493407466,0.01711816895472597,0.018637916951548848,0.02472340216044479,0.02712237333439237,0.023359228360603647
Oil  ,0.026377379682287535,0.016132165267672756,0.010976761626687849,0.01571468155996823,0.010088444897537727,0.02345829936457506,0.022662207410643367,0.02795268560603654,0.02489204897537728,0.02303930252104845,0.024094347015091333,0.022093018338363777,0.03214957220333596,0.04115505383002382,0.02516472335345512,0.023485192551231136,0.03274322167275615,0.03876146304527401,0.053230398436854655,0.041382839375695,0.040499673424940416,0.033185612908657666,0.03741077594757745,0.02350042470214456,0.04927433651310563,0.023256434827640986,0.042590914757744236,0.0648950300127085,0.08977860074185863,0.1141140940730739,0.017287045618745035,0.028287571706115972,0.030460603324861005,0.025419744754567115,0.02910119925655281,0.027410248632247818,0.02869374328991262,0.026398506446386024,0.0277054212359015,0.02606638460206513,0.03630857901985703,0.03302833328832407,0.0264198264177919,0.018900804959491656,0.018831601602859408,0.020856968541699765,0.023952503097696583,0.02841882353931692,0.02449340152660841
Util ,0.009253936123907867,0.00988363794757744,0.008998140225575853,0.008886916355837967,0.009812681666401904,0.00869701806195393,0.007999783375694998,0.010435774085782362,0.009658986957903098,0.00862332230500397,0.008074241140587766,0.008089371552025415,0.009805093671167593,0.011315828972200157,0.00951263455599682,0.009188154238284353,0.010731877218427326,0.012813819000794284,0.013054241664813344,0.011976941447180305,0.01113647593804607,0.010090992721207307,0.011751266524225576,0.009436111119936459,0.01367532194598888,0.009524142544876888,0.013160788848292297,0.013725183699761714,0.015357206038125498,0.017287045618745035,0.01694509898490865,0.010357848652899126,0.01109935059412232,0.009531391626687846,0.009008985855440825,0.009274712949960287,0.00968363463542494,0.009647036924543289,0.010973075558379662,0.010829641177124705,0.011268110308181093,0.010180960500397138,0.009499972152501987,0.008580683663224785,0.006190848335186657,0.00921989161397935,0.008862577918983318,0.009190005868149324,0.00929945052104845
Telcm,0.01635976055599682,0.01270733124066719,0.011885935415409053,0.01242157750913423,0.009154087105639397,0.01633128233518666,0.016002081517077042,0.019291999458300235,0.01674546848292295,0.016323275690230336,0.016409106824463858,0.015805628854646543,0.022654997652104842,0.02047973662589356,0.01595350773788721,0.018363645307386812,0.01957270966322478,0.02291831542017474,0.02433337006513105,0.021232717834789517,0.020597192487688643,0.019603257960285943,0.02249091489912628,0.016382143844320886,0.0247034433121525,0.016505452555996822,0.011843346814932487,0.023703760227164423,0.02727377527720413,0.028287571706115972,0.010357848652899126,0.023943985034154094,0.019069941259729946,0.017659970568705323,0.019436542227164413,0.019526489013502783,0.019862883226370132,0.017579713277204125,0.01850974206195393,0.01578185603971406,0.020022022212867356,0.01828391630659253,0.017857694821286737,0.014955148184273232,0.012888001491660047,0.015206234101667987,0.015443620079428119,0.018160381124702144,0.015164639699761714
PerSv,0.018227528435266076,0.013103091107227958,0.012582675850675141,0.012839678878474986,0.008547131566322478,0.01773005847498014,0.016893957545671162,0.02074675663701351,0.018325096441620333,0.017785169084988086,0.018317686675138996,0.016967093833200952,0.02519394070532168,0.02236255746147736,0.017698924093725178,0.01937460171088165,0.021777064084193803,0.026305296376489276,0.02757956894678316,0.024833785939634635,0.022865957056393955,0.02105368982049245,0.02533129530262113,0.01885475166004766,0.029476846108022228,0.018220894055599682,0.009154177220015885,0.025504144227164415,0.028373394295472594,0.030460603324861005,0.01109935059412232,0.019069941259729946,0.03336626200317712,0.019373629739475772,0.020879794065131057,0.02013594951231136,0.021285422092136623,0.019241377563145357,0.020251172988085778,0.017887758362192217,0.023886794616362197,0.020340607553613978,0.02003766676727561,0.01678992027640985,0.014841768424146149,0.017110911102462267,0.016250859793486894,0.02027212661795075,0.015982375610802225
BusSv,0.016147252311358218,0.012247242528991262,0.011065352514694201,0.011734574478157265,0.008230658730738681,0.015741179332803813,0.015082806235107226,0.018456916525814143,0.016244770722795867,0.01576867880698967,0.016543265515488483,0.015931002427323277,0.02280298156314535,0.020099492489277195,0.016173282044479743,0.017848514864177916,0.019305160366957903,0.022624181634630657,0.023403329582208098,0.021602297599682286,0.02032743780301827,0.019229141988880063,0.02244666936139793,0.016140827752184273,0.024174173526608417,0.015776346827640984,0.008707820524225574,0.022450936268467035,0.024008377440826054,0.025419744754567115,0.009531391626687846,0.017659970568705323,0.019373629739475772,0.019354522463860206,0.01882662189674344,0.01913032473073868,0.01934723907386815,0.017638092892772034,0.01841036825416998,0.0157978180127085,0.020412543830023822,0.017940726775218428,0.017558402652899128,0.014857162563939633,0.013149776128673548,0.015215105717235902,0.014804082668784746,0.01824217265448769,0.0147323772152502
Hardw,0.016819031771247016,0.012603920711675931,0.011513443386814934,0.011896264679904687,0.007939906312946783,0.01762505413820492,0.016508985035742652,0.01958246737410643,0.017536385766481335,0.016922230208101668,0.017852476899126293,0.017696704737092936,0.026741407205718826,0.022081365159650514,0.017018781235901507,0.0188538149451946,0.0204928496330421,0.024284080946783165,0.025557774214455913,0.02321270598252581,0.022567635088165207,0.020968198360603655,0.02461478861318507,0.017336387037331213,0.026394455313741065,0.017570050217633044,0.010133585861795075,0.02606281090389198,0.029776742201747412,0.02910119925655281,0.009008985855440825,0.019436542227164413,0.020879794065131057,0.01882662189674344,0.029491749350278,0.022243690122319304,0.02326376023510723,0.020039413763304204,0.019409154223987292,0.01683800869896743,0.021521596765687052,0.019361203367752183,0.018265533788721207,0.01573212034312947,0.013558922783161237,0.015335165299444002,0.016191999459888803,0.019955150888006354,0.01606572617633042
Softw,0.01726586039714059,0.012639036181096108,0.011897414525814137,0.012661841480540111,0.00857197975853852,0.017159256457505954,0.017106944606830817,0.019578227409054808,0.017354377315329628,0.016959021607625097,0.018253072432088954,0.018232140085782365,0.02741349580937252,0.021189526951548847,0.017057360454328836,0.018950332146147733,0.02009658093407466,0.02390269646068308,0.023951334862589352,0.022243090646544877,0.021498407094519462,0.020875288222398727,0.023895447107227956,0.016810913995234312,0.02532710921366163,0.016672860562351073,0.01030154516282764,0.024646796883240663,0.0258648557299444,0.027410248632247818,0.009274712949960287,0.019526489013502783,0.02013594951231136,0.01913032473073868,0.022243690122319304,0.024439855510722804,0.021845349111993644,0.019453457518665604,0.018903231498014296,0.016002850074662425,0.020608631990468626,0.018877008085782365,0.01825751542494042,0.016098764530579828,0.013405406344718028,0.015499393839555205,0.016251500683081805,0.019565518455917398,0.01584271578395552
Chips,0.01814750600476569,0.013174807663224779,0.012419566220810163,0.012951372133439236,0.009026865412231931,0.01868542603653693,0.0165844505401112,0.019983417110405077,0.017923173073868152,0.017045710219221605,0.018021720530579828,0.01773247081175536,0.026215461633042093,0.022627435860206515,0.017502681761715645,0.019429878171564732,0.02129953406989674,0.02501696027482129,0.026476525693407468,0.02366910343606037,0.023264740490865764,0.02172544977601271,0.024955860049245427,0.017793524845115167,0.026914212208101675,0.018367799040508333,0.012920721429706109,0.0257184659364575,0.029958604881652102,0.02869374328991262,0.00968363463542494,0.019862883226370132,0.021285422092136623,0.01934723907386815,0.02326376023510723,0.021845349111993644,0.026127593040508337,0.020878603164416195,0.01969703252104845,0.017114185119936454,0.021928217135822083,0.019605664773629863,0.01862427105639396,0.015672951005559967,0.013791488214455916,0.016048068217633046,0.016288489150119143,0.020323350821286727,0.015974984525814133
LabEq,0.01608213880857823,0.012241813744241463,0.011104318328832404,0.01240863282605242,0.008887944076250995,0.016118527148530577,0.015243647783955525,0.017850533706115963,0.016512949324861005,0.015818354986497217,0.01655883684193805,0.0166189018395552,0.024010404708498807,0.02082668173471008,0.01635220818427323,0.01742131293407466,0.019510864235107225,0.022989660689436062,0.024433932632247822,0.022010811221604445,0.021363558208101662,0.01957431144082605,0.02284184493725178,0.016716791008737093,0.024697732009531372,0.016863959758538518,0.011458563208895944,0.02322297600635425,0.02542033484352661,0.026398506446386024,0.009647036924543289,0.017579713277204125,0.019241377563145357,0.017638092892772034,0.020039413763304204,0.019453457518665604,0.020878603164416195,0.02268897216203336,0.018480168730738683,0.016152773413820487,0.020365012447974583,0.018021651818903885,0.01698086455917395,0.01447161408101668,0.012746458376489278,0.015030207123113582,0.014679517490071481,0.018370819723590153,0.01469626229070691
