,Agric,Food ,Soda ,Beer ,Smoke,Toys ,Fun  ,Books,Hshld,Clths,Hlth ,MedEq,Drugs,Chems,Rubbr,Txtls,BldMt,Cnstr,Steel,FabPr,Mach ,ElcEq,Autos,Aero ,Ships,Guns ,Gold ,Mines,Coal ,Oil  ,Util ,Telcm,PerSv,BusSv,Hardw,Softw,Chips,LabEq,Paper,Boxes,Trans,Whlsl,Rtail,Meals,Banks,Insur,RlEst,Fin  ,Other
Agric,0.04646651684829229,0.012910138675139,0.011487238366957902,0.011159237849086576,0.008983082957903095,0.015043867860206513,0.014516543539316917,0.018659833899920573,0.01620903335663225,0.014512583917394755,0.017062526624305,0.015701536190627474,0.02234936943606037,0.019288957909451947,0.015589560969023033,0.016764769372517866,0.018276963297855435,0.021144700476568704,0.022771301347100873,0.020296267281969815,0.01981433961556791,0.019346533010325653,0.02168216994440032,0.01542969561556791,0.023797198430500398,0.015504429642573474,0.017538072273232723,0.02376892916282764,0.02706888760285941,0.02734956615726767,0.009856274255758536,0.01703965830341541,0.01909995664495632,0.016753022220810165,0.017311791742652897,0.017914006821286733,0.01891197674027005,0.016724689899920573,0.017429458430500398,0.015146991202541695,0.020370758354249407,0.01725328807942812,0.01706869245432883,0.014987568806989671,0.012173863218427321,0.014803913324861001,0.014486569750595714,0.01823985980301827,0.014338963942811755
Food ,0.012910138675139,0.015994431193010323,0.011346910551231134,0.010882904092136615,0.010208885023034152,0.011495890989674348,0.011007835644162032,0.01395365366163622,0.012832461760127083,0.012386897404289117,0.011045322462271646,0.010749898732327243,0.014092287688641776,0.014684778719618746,0.012207684305003972,0.013121237680698965,0.01392316332962669,0.015914956584590946,0.016135762760921366,0.015138324343129462,0.014274391148530578,0.013727792073073867,0.01617438548054011,0.011950101874503573,0.0168647024177919,0.012692071739475773,0.009493328254169979,0.015354165445591738,0.015847664378077844,0.017139355863383634,0.010270758862589355,0.013131482544876885,0.013746043825258143,0.01268580169658459,0.012919409566322477,0.013044618004765687,0.013760390211278794,0.012585622322478162,0.013905396762509924,0.01256591034471803,0.014074985423351867,0.01311193583161239,0.01314879421763304,0.011581675272438445,0.008912596022239873,0.011804850195393167,0.011645453690230343,0.013263624886417793,0.01116916314853058
Soda ,0.011487238366957902,0.011346910551231134,0.03737329903733122,0.012059424260524228,0.010488539482128675,0.010068150684670374,0.010213858992851469,0.01355512181096108,0.01114460167752184,0.010271880463860204,0.009826596664019065,0.010653474827640983,0.014506627640984907,0.012534974436854645,0.010868056997617158,0.011913771374106433,0.012389679478951547,0.014274611945988882,0.01400938976330421,0.012719387018268465,0.011812174163621922,0.01366087062748213,0.013905211437648928,0.010011290357426528,0.012746248648133443,0.012328009023034154,0.008469837382049246,0.012113115450357424,0.012786958335186654,0.011829340098490864,0.00935469351548848,0.011903866090548052,0.012819597706115963,0.011450751097696584,0.011944157178713262,0.012486594039714059,0.013031013496425733,0.011406589426528991,0.01280291829070691,0.010583978115965047,0.012009865239078633,0.010695044308181094,0.011353129976171562,0.011220293483717237,0.008506739558379665,0.011190900422557586,0.011555711955520256,0.012340211552025419,0.010546699640984907
Beer ,0.011159237849086576,0.010882904092136615,0.012059424260524228,0.028453402654487692,0.009993466667196188,0.010530369424940426,0.010512303753772836,0.012768626608419383,0.01263743336457506,0.011628794179507547,0.011052546139793486,0.011142931885623512,0.015257490563939631,0.01374006806036537,0.012276481294678315,0.01250900778395552,0.013576674338363778,0.015337275830023827,0.014887450536934074,0.013799983334392377,0.013501101982525812,0.013571910524225569,0.01475460555996823,0.011776878117553614,0.01669171457029388,0.012459822637013502,0.008580793242255759,0.013936539011914216,0.014187975553613978,0.016486575116759328,0.009329914049245436,0.013051611099285144,0.013592571577442415,0.012173835374106434,0.012365009288324064,0.013057233628276411,0.013461109742652902,0.012929491679110405,0.013325122838760924,0.012528996881652106,0.013644422706910244,0.012219967864972201,0.012180802859412232,0.010936769664813342,0.008848348476568705,0.011436752443208893,0.010885117637807782,0.013035613758538523,0.010614800789515485
Smoke,0.008983082957903095,0.010208885023034152,0.010488539482128675,0.009993466667196188,0.02379538131691819,0.0086207515822081,0.0081272721223193,0.009422782573471008,0.008739449548848293,0.007410148930897538,0.006683925806195395,0.00764848161080222,0.009404891707704527,0.009610333928514696,0.0081203918903892,0.009201706942017473,0.00952185800158856,0.010683002374900713,0.01031091425099285,0.008493885612390785,0.009424301486894363,0.009312989380460681,0.010581052867355046,0.008852688602065131,0.010198037512311357,0.010054162366957903,0.010322839431294676,0.01007805098649722,0.009549101043685462,0.01088156951866561,0.010337569369340745,0.009498019442414615,0.008949905982525813,0.008749705982525814,0.008415672563939634,0.008914932665607625,0.009539192455917396,0.009273349204130263,0.009765700649722,0.009631600808578236,0.00912114388880063,0.00862115654805401,0.008543085432883242,0.00872494860683082,0.005750790408260524,0.008536399540905478,0.007810358603653691,0.008940679200953136,0.008258445701350278
Toys ,0.015043867860206513,0.011495890989674348,0.010068150684670374,0.010530369424940426,0.0086207515822081,0.03508755002223987,0.014224781793486891,0.01682859108816521,0.016206776376489276,0.016191126049245438,0.01498078050039714,0.014777934751389991,0.021353905274027002,0.019168234586179507,0.014961285949166,0.017713464305003975,0.018652589814138202,0.022292053351866563,0.023774069895154886,0.0214902393121525,0.019448469887212078,0.019105593621922157,0.021557027736298646,0.015072120103256552,0.02284922342494043,0.01622399750595711,0.012894237868149326,0.022404861102462266,0.027623121482128667,0.024441090910246228,0.00920756711993646,0.016574151709293085,0.017873352794281174,0.015767092937251787,0.017696866435266082,0.017413145301032572,0.01901139979189833,0.01631766121683876,0.01732109461636219,0.01484421587132645,0.018178412997617154,0.016561577558379663,0.017272917648927723,0.014110245896743446,0.011330036470214456,0.013480641920571884,0.01540717420015885,0.016620385072279583,0.014135865942811755
Fun  ,0.014516543539316917,0.011007835644162032,0.010213858992851469,0.010512303753772836,0.0081272721223193,0.014224781793486891,0.02085807812390786,0.016831954519459888,0.014779710451151706,0.014944004460683082,0.014345400135027797,0.01404831206671962,0.02081913761715647,0.018112282147736296,0.014202512700555997,0.015755074027005562,0.017567825747418584,0.020662230794281176,0.02077145829864972,0.018361390098490867,0.01813532723431295,0.016845243121525015,0.020495046703733123,0.014263159308975377,0.021847823710881654,0.014205991723590149,0.008714541601270848,0.02124965427164416,0.02200587658935663,0.0236686773121525,0.008550657286735505,0.016676556030182685,0.017688395526608416,0.015524315113582212,0.016932106721207305,0.017604620598888007,0.017259884652899127,0.01573108958856235,0.016548719810961083,0.014364435664813343,0.017797866405083396,0.016048068201747413,0.016039138268467035,0.014462636238284355,0.011369701283558378,0.013779697647339157,0.014288806416203333,0.016390655032565527,0.013851239667990466
Books,0.018659833899920573,0.01395365366163622,0.01355512181096108,0.012768626608419383,0.009422782573471008,0.01682859108816521,0.016831954519459888,0.030589416012708495,0.018295382255758542,0.018215150309769657,0.017267531803018266,0.016577837362986497,0.023866485687053216,0.02229035107227958,0.017594511437648924,0.019285768165210486,0.02125345210484511,0.02451247855440826,0.02620782200158856,0.0234384242573471,0.02213798856235107,0.02083492913423352,0.02512762538522637,0.018105815329626688,0.026785330325655284,0.016383944622716445,0.01058256606830818,0.02546866055599683,0.026925884718030185,0.02899452733915807,0.011132846989674346,0.019900068832406675,0.021713863955520253,0.019016368641779184,0.02009204970611596,0.020279830992851463,0.020831856092136617,0.018445495694996025,0.020392056346306586,0.017126865274027,0.022378007466243053,0.01967195950754567,0.019634864050833995,0.016562384527402704,0.014486296616362193,0.01703617545671168,0.0166865010802224,0.019986221175536143,0.01618017672756156
Hshld,0.01620903335663225,0.012832461760127083,0.01114460167752184,0.01263743336457506,0.008739449548848293,0.016206776376489276,0.014779710451151706,0.018295382255758542,0.02256798261953932,0.01779850050516283,0.015870455210484514,0.01534943184432089,0.021132934948371717,0.02018581666719619,0.016288061755361394,0.018473079173947575,0.019458939202541697,0.02337185314535345,0.023911601761715643,0.0217728886370135,0.02033120256393963,0.01910309435266085,0.022962072088959493,0.016345144392374902,0.02479625287688642,0.016666269753772837,0.0108451714344718,0.022640195876092138,0.024029335223193,0.02600516795552025,0.010207282640190628,0.01718111861953931,0.019115991110405087,0.016702546789515486,0.01798168243208896,0.018028389923749007,0.018675996408260523,0.017084201200953136,0.018059988802223988,0.016427829993645747,0.020027163974583,0.01758407282446386,0.019014439046862588,0.015268778033359812,0.012471131434471802,0.015195405367752183,0.015370018949960287,0.018067451680698968,0.014899599556791104
Clths,0.014512583917394755,0.012386897404289117,0.010271880463860204,0.011628794179507547,0.007410148930897538,0.016191126049245438,0.014944004460683082,0.018215150309769657,0.01779850050516283,0.0327736661731533,0.015957964320889598,0.01517575957426529,0.020098046004765682,0.019115959942811754,0.015512593550436857,0.01985012606830818,0.018526619437648932,0.022351509928514698,0.023723940409849088,0.020591166328832407,0.01975459286417791,0.01785029652104845,0.022931348022239874,0.016010147958697374,0.024455280050833993,0.016682147005559964,0.006959959612390785,0.021377269019857027,0.027820251590150915,0.024581361169181887,0.009339186535345512,0.016974498922954728,0.01904160500079428,0.01653488909928515,0.017860843164416204,0.018127004200158857,0.018240923825258146,0.016610968978554408,0.01812282305321684,0.015457686786338364,0.020129308727561558,0.01730131452899126,0.02232247078633836,0.016331149807783957,0.012356601582208103,0.015069467749007148,0.016011363571088164,0.01785157263860206,0.014278284117553618
Hlth ,0.017062526624305,0.011045322462271646,0.009826596664019065,0.011052546139793486,0.006683925806195395,0.01498078050039714,0.014345400135027797,0.017267531803018266,0.015870455210484514,0.015957964320889598,0.02945895732327243,0.018353098157267673,0.027205696568705327,0.019066969976171563,0.015857681644162035,0.01700590274821287,0.017733840190627483,0.02178512062748213,0.022120308157267673,0.01948797748212867,0.018636874328832403,0.018356855623510724,0.021715207688641776,0.014576810317712472,0.022317430230341544,0.014896367577442412,0.01118028859412232,0.02130524625893566,0.023360440786338366,0.02502951822081017,0.00838704420969023,0.01680061130262113,0.018683552374900717,0.016880841207307384,0.018051870301826842,0.0185563856791104,0.01852966960285941,0.016745586846703735,0.017067628840349486,0.014866241914217636,0.019605383685464658,0.0169073102700556,0.01737977887212073,0.014948105353455119,0.01222645809372518,0.014935816862589359,0.01423367346306593,0.01756653042891183,0.014394006775218427
MedEq,0.015701536190627474,0.010749898732327243,0.010653474827640983,0.011142931885623512,0.00764848161080222,0.014777934751389991,0.01404831206671962,0.016577837362986497,0.01534943184432089,0.01517575957426529,0.018353098157267673,0.021523171857029386,0.027669490929308968,0.018259811672756157,0.015238788546465449,0.016284832470214457,0.01734521158379666,0.02053310171564733,0.02089289843685465,0.019428834976965844,0.017879708810166803,0.018325778506751392,0.020316300460683077,0.01448081002382843,0.021366984787926924,0.014884973216838758,0.010189858192216043,0.020672924949960283,0.02341314624622717,0.022955975332803812,0.008658273944400318,0.016324235606036536,0.017563848127084992,0.01629130795234313,0.017947350046068306,0.018650707193010325,0.018196063456711677,0.016996973667990467,0.016028200181096106,0.0135108514598888,0.017674407478951548,0.016102325944400316,0.016234897251787127,0.014001294627482131,0.011691050789515486,0.013971916864177918,0.013807170684670373,0.016958867866560767,0.014105536829229546
Drugs,0.02234936943606037,0.014092287688641776,0.014506627640984907,0.015257490563939631,0.009404891707704527,0.021353905274027002,0.02081913761715647,0.023866485687053216,0.021132934948371717,0.020098046004765682,0.027205696568705327,0.027669490929308968,0.055681036664019065,0.026449034948371718,0.021093569134233523,0.02259387965051628,0.02486749639396346,0.029352682652899125,0.029157837283558384,0.026985817648927712,0.02548297197776012,0.026433432390786344,0.028908444702144553,0.02066129615567911,0.03099782290706911,0.02085364266878475,0.015801532772041302,0.030692334328832404,0.033639797887212074,0.03296073312152502,0.010426471040508338,0.023376279062748213,0.025722746274821285,0.023225180969023037,0.027141192930897534,0.02783773266084193,0.026769204940428906,0.024434235996822876,0.02227312058776807,0.018698180349483718,0.025534308467037335,0.02314202886417792,0.02301446494042891,0.020385637521842734,0.01616919758538523,0.019251166052422553,0.019516661906274813,0.024753895043685463,0.021423417362986495
Chems,0.019288957909451947,0.014684778719618746,0.012534974436854645,0.01374006806036537,0.009610333928514696,0.019168234586179507,0.018112282147736296,0.02229035107227958,0.02018581666719619,0.019115959942811754,0.019066969976171563,0.018259811672756157,0.026449034948371718,0.03272088866719619,0.02050311237490072,0.02056446100079428,0.024377997274027008,0.028484633582208093,0.0338520825607625,0.028888165648927717,0.027094433887212076,0.024496754630659253,0.028832611945988882,0.01993505448768864,0.03210557681969817,0.01936294700555997,0.020937308441620336,0.03598485714376489,0.04213343638443209,0.04258372550277999,0.011992639803018268,0.02128938854328832,0.023378955094519458,0.020710354046068306,0.02277545837648928,0.021927924536934075,0.02359771614297061,0.02152534867037331,0.022793520775218422,0.021233424762509927,0.025676358691024623,0.022949584501985698,0.020566239332803812,0.01679497899285147,0.015130800260524222,0.01820188983637808,0.018812768088959497,0.022645818624304998,0.018735881855440825
Rubbr,0.015589560969023033,0.012207684305003972,0.010868056997617158,0.012276481294678315,0.0081203918903892,0.014961285949166,0.014202512700555997,0.017594511437648924,0.016288061755361394,0.015512593550436857,0.015857681644162035,0.015238788546465449,0.021093569134233523,0.02050311237490072,0.02447756364575059,0.017222364543288324,0.019686685210484514,0.023230229030976966,0.02418037169976171,0.022489587045274026,0.020153267402700552,0.018385151985702935,0.022407757299443998,0.0159478856791104,0.023663130087370927,0.015148830579825261,0.012114059173947575,0.023109839809372514,0.025265146997617154,0.026160569118347892,0.010141905210484511,0.016599969904686256,0.01853342881652105,0.01662946684670373,0.017452391731532964,0.017676376147736296,0.01827165098490865,0.016932566227164412,0.01843226191421763,0.016774642613185068,0.019253533010325653,0.01747928091342335,0.01661789416997617,0.01418609235901509,0.012540905210484512,0.015024780865766488,0.015216111143764893,0.017842389745830023,0.014616221739475773
Txtls,0.016764769372517866,0.013121237680698965,0.011913771374106433,0.01250900778395552,0.009201706942017473,0.017713464305003975,0.015755074027005562,0.019285768165210486,0.018473079173947575,0.01985012606830818,0.01700590274821287,0.016284832470214457,0.02259387965051628,0.02056446100079428,0.017222364543288324,0.031814305448768856,0.021105590468625892,0.025385471199364573,0.023727201111993647,0.022838725972994446,0.0212395968228753,0.019793879428117552,0.023863885591739475,0.01708337023034154,0.025199975980937244,0.01705775389992057,0.007711488228752977,0.021943663606036532,0.021951746020651308,0.02430365861795075,0.009674802414614776,0.018657401461477357,0.019646904781572674,0.018101071930103255,0.019092644892772036,0.019385901636219224,0.019892111389992063,0.017769378681493246,0.019882525782366958,0.0170278101350278,0.021028197045274026,0.018322885972994432,0.01963513744241461,0.016700394281175538,0.0139738623669579,0.01614807593328038,0.017189682605242253,0.01908489674344718,0.015574660841938046
BldMt,0.018276963297855435,0.01392316332962669,0.012389679478951547,0.013576674338363778,0.00952185800158856,0.018652589814138202,0.017567825747418584,0.02125345210484511,0.019458939202541697,0.018526619437648932,0.017733840190627483,0.01734521158379666,0.02486749639396346,0.024377997274027008,0.019686685210484514,0.021105590468625892,0.02837309810325655,0.029707202001588558,0.030922189305798254,0.027419164041302617,0.025209561760127085,0.022474188943606033,0.02720330535345512,0.01953395285146942,0.030371265722001592,0.019030829261318504,0.015397820549642574,0.030134055517077048,0.03348918162986496,0.033871429572676734,0.01152307667037331,0.02026348767593328,0.022691961664813343,0.019865930783161238,0.020949688851469417,0.02076895209531374,0.022109942030182683,0.020124511949166007,0.021891295015091343,0.01931843220333598,0.024110162135027792,0.02153920437807784,0.020308673423351867,0.017133146535345513,0.015001006760921367,0.017739399631453538,0.018322170433677523,0.021342174290706912,0.01756402696108022
Cnstr,0.021144700476568704,0.015914956584590946,0.014274611945988882,0.015337275830023827,0.010683002374900713,0.022292053351866563,0.020662230794281176,0.02451247855440826,0.02337185314535345,0.022351509928514698,0.02178512062748213,0.02053310171564733,0.029352682652899125,0.028484633582208093,0.023230229030976966,0.025385471199364573,0.029707202001588558,0.04503563023828435,0.03583533366957902,0.03119786637807784,0.02926853507545672,0.026675785853852264,0.03222714379666402,0.022188583947577434,0.03553703448768864,0.021437106608419375,0.018873663272438435,0.035682079777601274,0.0418624487926926,0.04014953347100873,0.01365368366957903,0.023554181787132648,0.027006088482922956,0.02316564629070691,0.02451596107227958,0.024376528395552027,0.025600837132644955,0.02337296231930103,0.025361834241461476,0.022289475464654485,0.02839589685464655,0.024842167140587765,0.02429866735504369,0.02035737553613979,0.017370677029388396,0.02100820694996029,0.02275177115965052,0.024884056370135025,0.020394296179507544
Steel,0.022771301347100873,0.016135762760921366,0.01400938976330421,0.014887450536934074,0.01031091425099285,0.023774069895154886,0.02077145829864972,0.02620782200158856,0.023911601761715643,0.023723940409849088,0.022120308157267673,0.02089289843685465,0.029157837283558384,0.0338520825607625,0.02418037169976171,0.023727201111993647,0.030922189305798254,0.03583533366957902,0.0581065427466243,0.03781161411755362,0.03452738076886418,0.02877145713264495,0.03581923367752184,0.02439938895154885,0.04074997602223987,0.022796218951548847,0.035298700870532156,0.049422310856235094,0.06542837523907863,0.05487240226846703,0.013939554824463858,0.025132379604447974,0.02899480483558379,0.024283984088959487,0.02650907450516283,0.02490867569023034,0.02777906060206513,0.02517253626052423,0.027436582050833998,0.025317639922160445,0.03185280254487687,0.028880216192216042,0.02511848702144559,0.020128963768069896,0.01898624104527402,0.021483541301032565,0.02283257010166799,0.02723908184749802,0.021483575585385224
FabPr,0.020296267281969815,0.015138324343129462,0.012719387018268465,0.013799983334392377,0.008493885612390785,0.0214902393121525,0.018361390098490867,0.0234384242573471,0.0217728886370135,0.020591166328832407,0.01948797748212867,0.019428834976965844,0.026985817648927712,0.028888165648927717,0.022489587045274026,0.022838725972994446,0.027419164041302617,0.03119786637807784,0.03781161411755362,0.07983867172517872,0.03036066383161238,0.026618151016679907,0.031469694614773634,0.021719243661636217,0.03519098328514694,0.020028731485305797,0.021673998052422556,0.03618527287053217,0.044046550546465446,0.043196531761715645,0.012722814338363777,0.02202873155361398,0.026022071504368544,0.02221257742970612,0.02395025390468626,0.022963309882446388,0.02460504838284352,0.022728941776012708,0.023958302959491664,0.020041712220810165,0.02584167546624305,0.0246003617299444,0.02249382090548054,0.01845949425893566,0.0176389122700556,0.01951758071008737,0.019902062854646543,0.023433699474185863,0.01873904769340747
Mach ,0.01981433961556791,0.014274391148530578,0.011812174163621922,0.013501101982525812,0.009424301486894363,0.019448469887212078,0.01813532723431295,0.02213798856235107,0.02033120256393963,0.01975459286417791,0.018636874328832403,0.017879708810166803,0.02548297197776012,0.027094433887212076,0.020153267402700552,0.0212395968228753,0.025209561760127085,0.02926853507545672,0.03452738076886418,0.03036066383161238,0.02985595412867355,0.02428290810166799,0.02962175764892773,0.02074602403494837,0.03404538493407466,0.019355323018268467,0.017265667590150916,0.034105743517077035,0.04038759084670373,0.04172265643844321,0.011853891710881652,0.02133075695949166,0.023823114160444796,0.020866259895154882,0.023207626888006348,0.02220833217156473,0.024266785566322478,0.021972710017474185,0.022853209350277993,0.020438686427323275,0.026251407135822077,0.023180032467037325,0.021040369023034154,0.017391009010325652,0.015805544127084986,0.01844572129308975,0.018627515860206514,0.022797808289118347,0.018139370494042885
ElcEq,0.019346533010325653,0.013727792073073867,0.01366087062748213,0.013571910524225569,0.009312989380460681,0.019105593621922157,0.016845243121525015,0.02083492913423352,0.01910309435266085,0.01785029652104845,0.018356855623510724,0.018325778506751392,0.026433432390786344,0.024496754630659253,0.018385151985702935,0.019793879428117552,0.022474188943606033,0.026675785853852264,0.02877145713264495,0.026618151016679907,0.02428290810166799,0.03363023630659253,0.026261274662430497,0.01856314267672756,0.02878796449563146,0.01840438403494837,0.013209472803812551,0.029006717204130256,0.034675708427323274,0.03381539075456712,0.010597220444797457,0.01988550855440826,0.021757562859412233,0.01943393604447974,0.02122313778395551,0.021175803026211276,0.022091605615567906,0.01984888127084988,0.020736023280381252,0.01795780057982526,0.0228654333121525,0.02084441130262113,0.019354591167593325,0.016282329150119144,0.01421755610802224,0.016823559769658457,0.017502330619539323,0.02074029548054011,0.01769202955520254
Autos,0.02168216994440032,0.01617438548054011,0.013905211437648928,0.01475460555996823,0.010581052867355046,0.021557027736298646,0.020495046703733123,0.02512762538522637,0.022962072088959493,0.022931348022239874,0.021715207688641776,0.020316300460683077,0.028908444702144553,0.028832611945988882,0.022407757299443998,0.023863885591739475,0.02720330535345512,0.03222714379666402,0.03581923367752184,0.031469694614773634,0.02962175764892773,0.026261274662430497,0.03824612886417792,0.023037661699761715,0.03598700108022239,0.02170567485305798,0.017473058204924542,0.03439602509928515,0.03826092432088959,0.03946314700555997,0.012646728737092931,0.023620392311358217,0.026889485178713264,0.023391800349483717,0.025824405401111996,0.024974368705321683,0.02656139450357426,0.023939418935663224,0.025864708752978555,0.022730769912629067,0.02885211021445591,0.024884017760127084,0.024182475234312942,0.02013208339952343,0.01732015326449563,0.020709787418586173,0.02112320324066719,0.025458885941223187,0.020070257696584593
Aero ,0.01542969561556791,0.011950101874503573,0.010011290357426528,0.011776878117553614,0.008852688602065131,0.015072120103256552,0.014263159308975377,0.018105815329626688,0.016345144392374902,0.016010147958697374,0.014576810317712472,0.01448081002382843,0.02066129615567911,0.01993505448768864,0.0159478856791104,0.01708337023034154,0.01953395285146942,0.022188583947577434,0.02439938895154885,0.021719243661636217,0.02074602403494837,0.01856314267672756,0.023037661699761715,0.024730229698173147,0.025022509340746624,0.017153568117553614,0.009391225814138201,0.02263760501985703,0.025668448983320095,0.025179648038125495,0.010082153979348687,0.017202432430500392,0.019935335631453534,0.016870551040508337,0.01796180793486895,0.01762525624305004,0.01888927277998411,0.017436453375694994,0.018524144360603647,0.016402513844320888,0.0204696936457506,0.017822108522637013,0.016769284797458296,0.014303214646544877,0.013096855107227958,0.015597444408260523,0.015039811699761716,0.018509175226370137,0.014472612716441619
Ships,0.023797198430500398,0.0168647024177919,0.012746248648133443,0.01669171457029388,0.010198037512311357,0.02284922342494043,0.021847823710881654,0.026785330325655284,0.02479625287688642,0.024455280050833993,0.022317430230341544,0.021366984787926924,0.03099782290706911,0.03210557681969817,0.023663130087370927,0.025199975980937244,0.030371265722001592,0.03553703448768864,0.04074997602223987,0.03519098328514694,0.03404538493407466,0.02878796449563146,0.03598700108022239,0.025022509340746624,0.06251940721842732,0.024431562764098486,0.022549150042891174,0.041825383281969816,0.05166050834312947,0.051070838049245434,0.014581938821286734,0.025727642405083403,0.030488403933280384,0.024870873131056397,0.027161617845909446,0.02603597496108023,0.02820723505321684,0.025552489537728363,0.02806274785385226,0.023931705312152503,0.033826658725972986,0.02773448759650516,0.0263716378395552,0.02107412887688641,0.018968206087370928,0.02241954488641779,0.021645539167593326,0.027314269772835582,0.02215669908498809
Guns ,0.015504429642573474,0.012692071739475773,0.012328009023034154,0.012459822637013502,0.010054162366957903,0.01622399750595711,0.014205991723590149,0.016383944622716445,0.016666269753772837,0.016682147005559964,0.014896367577442412,0.014884973216838758,0.02085364266878475,0.01936294700555997,0.015148830579825261,0.01705775389992057,0.019030829261318504,0.021437106608419375,0.022796218951548847,0.020028731485305797,0.019355323018268467,0.01840438403494837,0.02170567485305798,0.017153568117553614,0.024431562764098486,0.03613261613979348,0.014388353359809376,0.021813955329626687,0.024619510135027795,0.0240146522954726,0.010074991008737093,0.0170109063542494,0.018745388943606035,0.016237530357426526,0.01763900138204924,0.01716412976965846,0.01914847356632247,0.017375263955520255,0.01836179772835583,0.015939330881652107,0.01930067971405878,0.01663210629070691,0.017497901350277997,0.0143625237172359,0.011363296266878476,0.014775047640984905,0.013782893931691817,0.01726133294678316,0.014480897362986495
Gold ,0.017538072273232723,0.009493328254169979,0.008469837382049246,0.008580793242255759,0.010322839431294676,0.012894237868149326,0.008714541601270848,0.01058256606830818,0.0108451714344718,0.006959959612390785,0.01118028859412232,0.010189858192216043,0.015801532772041302,0.020937308441620336,0.012114059173947575,0.007711488228752977,0.015397820549642574,0.018873663272438435,0.035298700870532156,0.021673998052422556,0.017265667590150916,0.013209472803812551,0.017473058204924542,0.009391225814138201,0.022549150042891174,0.014388353359809376,0.20922344272597296,0.05987448970293885,0.06882188286894361,0.044986777753772834,0.014003613191421758,0.013662097826846702,0.011307596962668786,0.010264160616362194,0.012110820622716446,0.012193881928514692,0.01490718020333598,0.013154993220015884,0.011610747580619538,0.015078712536934075,0.012368786725972995,0.014962445791898331,0.007870543161239077,0.006478221134233518,0.0031912717331215247,0.006376218360603656,0.01054625734392375,0.012592003472597297,0.012956619161239078
Mines,0.02376892916282764,0.015354165445591738,0.012113115450357424,0.013936539011914216,0.01007805098649722,0.022404861102462266,0.02124965427164416,0.02546866055599683,0.022640195876092138,0.021377269019857027,0.02130524625893566,0.020672924949960283,0.030692334328832404,0.03598485714376489,0.023109839809372514,0.021943663606036532,0.030134055517077048,0.035682079777601274,0.049422310856235094,0.03618527287053217,0.034105743517077035,0.029006717204130256,0.03439602509928515,0.02263760501985703,0.041825383281969816,0.021813955329626687,0.05987448970293885,0.08031085557426527,0.0759418996155679,0.06608793233995233,0.014630918907069102,0.024780667729944392,0.02710920671008737,0.02349973938681493,0.027513622074662434,0.025905151377283556,0.027421072222398722,0.024679029064336767,0.0255754885401112,0.024753300676727565,0.03114704427640985,0.028468198741858616,0.022750016235107227,0.019223621909451948,0.016874207161239076,0.018823584819698168,0.02131505617791898,0.025985501013502776,0.021949899088165203
Coal ,0.02706888760285941,0.015847664378077844,0.012786958335186654,0.014187975553613978,0.009549101043685462,0.027623121482128667,0.02200587658935663,0.026925884718030185,0.024029335223193,0.027820251590150915,0.023360440786338366,0.02341314624622717,0.033639797887212074,0.04213343638443209,0.025265146997617154,0.021951746020651308,0.03348918162986496,0.0418624487926926,0.06542837523907863,0.044046550546465446,0.04038759084670373,0.034675708427323274,0.03826092432088959,0.025668448983320095,0.05166050834312947,0.024619510135027795,0.06882188286894361,0.0759418996155679,0.23562379407625098,0.09178594738046067,0.016844452349483716,0.028956967159650522,0.03095903686735504,0.025167875818903892,0.03145433335504369,0.02744667515329626,0.03215734526290707,0.026938384324066717,0.028560479439237483,0.026966354244638592,0.03522219678157267,0.03313959178872121,0.0271530085146942,0.01960574046703733,0.0180853927974583,0.02036167781254964,0.026561588233518667,0.029041409342335192,0.025375291369340743
Oil  ,0.02734956615726767,0.017139355863383634,0.011829340098490864,0.016486575116759328,0.01088156951866561,0.024441090910246228,0.0236686773121525,0.02899452733915807,0.02600516795552025,0.024581361169181887,0.02502951822081017,0.022955975332803812,0.03296073312152502,0.04258372550277999,0.026160569118347892,0.02430365861795075,0.033871429572676734,0.04014953347100873,0.05487240226846703,0.043196531761715645,0.04172265643844321,0.03381539075456712,0.03946314700555997,0.025179648038125495,0.051070838049245434,0.0240146522954726,0.044986777753772834,0.06608793233995233,0.09178594738046067,0.11353143265448766,0.018289281722001585,0.02911929819221604,0.03163933980619539,0.026098332848292282,0.030311901655281963,0.028589095224781567,0.030062017105639396,0.027681947723590145,0.02926389266401906,0.027214291901509133,0.037019916829229546,0.033924350239872905,0.027003212168387608,0.020003606011119935,0.019557497690230345,0.022093327891977765,0.025041881156473392,0.029760870366957896,0.025649693394757738
Util ,0.009856274255758536,0.010270758862589355,0.00935469351548848,0.009329914049245436,0.010337569369340745,0.00920756711993646,0.008550657286735505,0.011132846989674346,0.010207282640190628,0.009339186535345512,0.00838704420969023,0.008658273944400318,0.010426471040508338,0.011992639803018268,0.010141905210484511,0.009674802414614776,0.01152307667037331,0.01365368366957903,0.013939554824463858,0.012722814338363777,0.011853891710881652,0.010597220444797457,0.012646728737092931,0.010082153979348687,0.014581938821286734,0.010074991008737093,0.014003613191421758,0.014630918907069102,0.016844452349483716,0.018289281722001585,0.017259878309769654,0.011100264587768067,0.011654285293089754,0.010005603926926131,0.009542823539316918,0.009795526204924541,0.010332031170770452,0.010139891958697378,0.011598510115965053,0.011463435612390785,0.01189170334551231,0.010641753318506749,0.010165055154884832,0.00914265883399523,0.006700253572676727,0.009849161559968228,0.009426360289118346,0.009923890093725178,0.010021442760921366
Telcm,0.01703965830341541,0.013131482544876885,0.011903866090548052,0.013051611099285144,0.009498019442414615,0.016574151709293085,0.016676556030182685,0.019900068832406675,0.01718111861953931,0.016974498922954728,0.01680061130262113,0.016324235606036536,0.023376279062748213,0.02128938854328832,0.016599969904686256,0.018657401461477357,0.02026348767593328,0.023554181787132648,0.025132379604447974,0.02202873155361398,0.02133075695949166,0.01988550855440826,0.023620392311358217,0.017202432430500392,0.025727642405083403,0.0170109063542494,0.013662097826846702,0.024780667729944392,0.028956967159650522,0.02911929819221604,0.011100264587768067,0.024311818235107228,0.019905430748212865,0.018166229985702935,0.019979199013502782,0.02024916875774424,0.020690588961080225,0.01819949783002383,0.019120492325655276,0.016503272230341537,0.020871874150913426,0.018773841472597298,0.018134498427323276,0.015569650243050041,0.013221015825258139,0.01595032208260524,0.015895111836378078,0.018997395579030976,0.0158520118649722
PerSv,0.01909995664495632,0.013746043825258143,0.012819597706115963,0.013592571577442415,0.008949905982525813,0.017873352794281174,0.017688395526608416,0.021713863955520253,0.019115991110405087,0.01904160500079428,0.018683552374900717,0.017563848127084992,0.025722746274821285,0.023378955094519458,0.01853342881652105,0.019646904781572674,0.022691961664813343,0.027006088482922956,0.02899480483558379,0.026022071504368544,0.023823114160444796,0.021757562859412233,0.026889485178713264,0.019935335631453534,0.030488403933280384,0.018745388943606035,0.011307596962668786,0.02710920671008737,0.03095903686735504,0.03163933980619539,0.011654285293089754,0.019905430748212865,0.034796785423351864,0.020152701579030975,0.02152731430659253,0.020982308136616366,0.022345741928514695,0.019953067126290712,0.02111314134392375,0.018737969652104842,0.024804947151707703,0.021104604301826844,0.02085167726767275,0.017542146961080217,0.015208466255758534,0.017945327154884828,0.017357454875297856,0.02131439998093725,0.016849201550436847
BusSv,0.016753022220810165,0.01268580169658459,0.011450751097696584,0.012173835374106434,0.008749705982525814,0.015767092937251787,0.015524315113582212,0.019016368641779184,0.016702546789515486,0.01653488909928515,0.016880841207307384,0.01629130795234313,0.023225180969023037,0.020710354046068306,0.01662946684670373,0.018101071930103255,0.019865930783161238,0.02316564629070691,0.024283984088959487,0.02221257742970612,0.020866259895154882,0.01943393604447974,0.023391800349483717,0.016870551040508337,0.024870873131056397,0.016237530357426526,0.010264160616362194,0.02349973938681493,0.025167875818903892,0.026098332848292282,0.010005603926926131,0.018166229985702935,0.020152701579030975,0.01966846326290707,0.019178319803018262,0.019617625944400318,0.019950445343923748,0.017987953067513898,0.018911759104050834,0.016391986427323268,0.020881439256552815,0.018377783714058776,0.017916478856235103,0.01544949190150913,0.013334976915011917,0.01580844833042097,0.01552348445432883,0.018918523158061955,0.015340821312152503
Hardw,0.017311791742652897,0.012919409566322477,0.011944157178713262,0.012365009288324064,0.008415672563939634,0.017696866435266082,0.016932106721207305,0.02009204970611596,0.01798168243208896,0.017860843164416204,0.018051870301826842,0.017947350046068306,0.027141192930897534,0.02277545837648928,0.017452391731532964,0.019092644892772036,0.020949688851469417,0.02451596107227958,0.02650907450516283,0.02395025390468626,0.023207626888006348,0.02122313778395551,0.025824405401111996,0.01796180793486895,0.027161617845909446,0.01763900138204924,0.012110820622716446,0.027513622074662434,0.03145433335504369,0.030311901655281963,0.009542823539316918,0.019979199013502782,0.02152731430659253,0.019178319803018262,0.029616116185861796,0.022667205389992062,0.023881668198570294,0.02040693770293884,0.0199302771389992,0.01736286082446387,0.022029044826052425,0.01984895152819698,0.01872978675138999,0.01628927048133439,0.013614570392374903,0.015960920081016676,0.01677908927879269,0.02052771764416203,0.016821733898332008
Softw,0.017914006821286733,0.013044618004765687,0.012486594039714059,0.013057233628276411,0.008914932665607625,0.017413145301032572,0.017604620598888007,0.020279830992851463,0.018028389923749007,0.018127004200158857,0.0185563856791104,0.018650707193010325,0.02783773266084193,0.021927924536934075,0.017676376147736296,0.019385901636219224,0.02076895209531374,0.024376528395552027,0.02490867569023034,0.022963309882446388,0.02220833217156473,0.021175803026211276,0.024974368705321683,0.01762525624305004,0.02603597496108023,0.01716412976965846,0.012193881928514692,0.025905151377283556,0.02744667515329626,0.028589095224781567,0.009795526204924541,0.02024916875774424,0.020982308136616366,0.019617625944400318,0.022667205389992062,0.024984518905480545,0.02255481966163621,0.01986350317394758,0.019586285993645744,0.016581856970611594,0.021396283377283557,0.019391032897537727,0.0188774138522637,0.016759064489277203,0.01368152103891978,0.016219097977760125,0.01699989866084193,0.020386197488482923,0.016634284135027797
Chips,0.01891197674027005,0.013760390211278794,0.013031013496425733,0.013461109742652902,0.009539192455917396,0.01901139979189833,0.017259884652899127,0.020831856092136617,0.018675996408260523,0.018240923825258146,0.01852966960285941,0.018196063456711677,0.026769204940428906,0.02359771614297061,0.01827165098490865,0.019892111389992063,0.022109942030182683,0.025600837132644955,0.02777906060206513,0.02460504838284352,0.024266785566322478,0.022091605615567906,0.02656139450357426,0.01888927277998411,0.02820723505321684,0.01914847356632247,0.01490718020333598,0.027421072222398722,0.03215734526290707,0.030062017105639396,0.010332031170770452,0.020690588961080225,0.022345741928514695,0.019950445343923748,0.023881668198570294,0.02255481966163621,0.027079198568705314,0.021447347920571888,0.02059243687212073,0.017930455124702146,0.02293789150436855,0.020338803308975376,0.0193139205401112,0.016476645324861,0.014178257629864972,0.016955110339952346,0.01708987972835584,0.021321506549642575,0.01696044676886418
LabEq,0.016724689899920573,0.012585622322478162,0.011406589426528991,0.012929491679110405,0.009273349204130263,0.01631766121683876,0.01573108958856235,0.018445495694996025,0.017084201200953136,0.016610968978554408,0.016745586846703735,0.016996973667990467,0.024434235996822876,0.02152534867037331,0.016932566227164412,0.017769378681493246,0.020124511949166007,0.02337296231930103,0.02517253626052423,0.022728941776012708,0.021972710017474185,0.01984888127084988,0.023939418935663224,0.017436453375694994,0.025552489537728363,0.017375263955520255,0.013154993220015884,0.024679029064336767,0.026938384324066717,0.027681947723590145,0.010139891958697378,0.01819949783002383,0.019953067126290712,0.017987953067513898,0.02040693770293884,0.01986350317394758,0.021447347920571888,0.022981696940428908,0.019009282135027797,0.01667227657505957,0.02085472782843526,0.01853558244956315,0.017472810706910247,0.015092749750595711,0.013025913982525816,0.015698719040508336,0.015271040470214456,0.019074165864972195,0.015456951682287532
Paper,0.017429458430500398,0.013905396762509924,0.01280291829070691,0.013325122838760924,0.009765700649722,0.01732109461636219,0.016548719810961083,0.020392056346306586,0.018059988802223988,0.01812282305321684,0.017067628840349486,0.016028200181096106,0.02227312058776807,0.022793520775218422,0.01843226191421763,0.019882525782366958,0.021891295015091343,0.025361834241461476,0.027436582050833998,0.023958302959491664,0.022853209350277993,0.020736023280381252,0.025864708752978555,0.018524144360603647,0.02806274785385226,0.01836179772835583,0.011610747580619538,0.0255754885401112,0.028560479439237483,0.02926389266401906,0.011598510115965053,0.019120492325655276,0.02111314134392375,0.018911759104050834,0.0199302771389992,0.019586285993645744,0.02059243687212073,0.019009282135027797,0.030963958664019055,0.020518673342335193,0.022533804857823664,0.019956352735504366,0.019329790309769657,0.01603553265766481,0.014396626182684672,0.017463510549642576,0.016976105005559967,0.0200983585019857,0.015987836138204918
