,Agric,Food ,Soda ,Beer ,Smoke,Toys ,Fun  ,Books,Hshld,Clths,Hlth ,MedEq,Drugs,Chems,Rubbr,Txtls,BldMt,Cnstr,Steel,FabPr,Mach ,ElcEq,Autos,Aero ,Ships,Guns ,Gold ,Mines,Coal ,Oil  ,Util ,Telcm,PerSv,BusSv,Hardw,Softw,Chips,LabEq,Paper,Boxes,Trans,Whlsl,Rtail,Meals,Banks,Insur,RlEst,Fin  ,Other
Agric,0.048512503218427316,0.013911165274027006,0.012608078277998409,0.012032105397934869,0.010139229903097693,0.016036138916600474,0.015999218586179507,0.019830017423351866,0.017232950500397137,0.015713094894360603,0.01825559370929309,0.016972693394757744,0.023659512057188244,0.021318781858617946,0.01734491177760127,0.018049533687053216,0.020531214131850675,0.02371812331691818,0.02492168725655282,0.02118476707227959,0.02202481370611596,0.02112107079269261,0.024014875132644956,0.01725938655440826,0.026200973502779983,0.017410222424146145,0.019333147405877677,0.02606099287053217,0.029456926805401108,0.030172536228752978,0.01064853005242256,0.01857440369817315,0.020928334837172363,0.01828483542494043,0.019107718214455918,0.019423729239078633,0.02077880941064337,0.018443947272438442,0.019262684193804603,0.016295772054011115,0.02206210280540111,0.018771499253375692,0.01834432558538523,0.016089802999205715,0.013138072533756952,0.016294949204130257,0.015791385918983318,0.020036228327243846,0.015966509166004766
Food ,0.013911165274027006,0.01659811310563939,0.011994161175536137,0.011312701000794283,0.010753220301826846,0.01190285137410643,0.012097565909451947,0.014916230277998408,0.013473904241461476,0.013059239142176328,0.011620254424146149,0.011467317712470212,0.014859062907069101,0.0157763429070691,0.01327440390786338,0.01401682913423352,0.01538581362986497,0.017515513200953136,0.017217618109610804,0.015223266624305003,0.015446685274027006,0.014591002160444797,0.017521178363780778,0.012845847116759332,0.01829495647339158,0.013809611342335187,0.010803656330420967,0.016631359491660048,0.017617949833200957,0.01861743374106433,0.010707379920571882,0.01406584203335981,0.014827239650516284,0.013531331818903891,0.014097453788721208,0.014016666338363779,0.01481829588562351,0.013579765591739474,0.014824134519459886,0.013066321429706113,0.015017014265289909,0.013843602986497219,0.013781186783161236,0.012219650135027798,0.009472317045274027,0.012680954249404283,0.012537265544082604,0.014376833518665606,0.01201631475774424
Soda ,0.012608078277998409,0.011994161175536137,0.03736673183637808,0.012547714770452741,0.011130592603653691,0.010469295731532963,0.011184519769658455,0.014118124460683076,0.01191067958697379,0.011074126355837967,0.010550554956314535,0.011452987239078637,0.015387475782366954,0.013862952343129469,0.011927496733915808,0.012705246395552027,0.013666780017474183,0.01583272925814138,0.01518799689912628,0.012867581933280381,0.013057752395552027,0.014552210673550437,0.015450933011914218,0.010846143250198571,0.014168028633836377,0.013491607658459094,0.010441997699761715,0.014142197866560761,0.014984884398729154,0.014356310096902303,0.009908072649722,0.012900315111993643,0.013593156219221605,0.012255370150913422,0.01289124417950754,0.013284890764098493,0.013839776082605242,0.012323359544082603,0.013959889610802221,0.011624859512311358,0.01293290841302621,0.011693231342335186,0.012089546411437647,0.011796279226370136,0.009146897275615566,0.012172690165210484,0.01226650085146942,0.013249168946783161,0.011334193391580618
Beer ,0.012032105397934869,0.011312701000794283,0.012547714770452741,0.028785286392374904,0.010111308772041304,0.010985587075456714,0.011344972644956314,0.013529614017474184,0.013400804447974583,0.012516336946783162,0.011445023637807783,0.011737916657664816,0.01587892098490866,0.014706430818109609,0.013091559320095316,0.013359253547259729,0.014694296819698173,0.017031078481334394,0.01595691765528197,0.01402837066878475,0.01423765204765687,0.01429669279110405,0.015701431180301827,0.012381975421763303,0.017676716409849087,0.013871922459094521,0.009268977340746623,0.015331655466243052,0.015633798049245435,0.017733148670373313,0.009644324835583796,0.013736741102462272,0.014240396664019063,0.012848397553613979,0.013075149242255758,0.013736665810961082,0.014243392552819699,0.01354226453375695,0.013992210516282761,0.012716125788721208,0.014322238455917397,0.012840456648133441,0.013002367288324067,0.011602436511517074,0.009212197140587767,0.011979426357426527,0.01185774647815727,0.013882213369340746,0.011285440031771244
Smoke,0.010139229903097693,0.010753220301826846,0.011130592603653691,0.010111308772041304,0.024370170891183474,0.008866185722001589,0.00892633877680699,0.010474778859412233,0.009369262589356634,0.008413713302621128,0.00741457801429706,0.008432235660047659,0.010155497918983318,0.010640637521842732,0.009062339056393965,0.009886767822081016,0.01091915574900715,0.012256549248610004,0.011391604975377286,0.009065270354249401,0.010352623053216837,0.010224653718824464,0.01176366656711676,0.009536858020651311,0.011924627227958697,0.01104611231771247,0.010615650433677523,0.0113863818395552,0.01020867980301827,0.012455127536139792,0.01068213800158856,0.01034179369658459,0.00984155189833201,0.009532706592533757,0.009035498306592534,0.0095125455822081,0.010051208826052425,0.009855128787926926,0.010713127529785545,0.00993008132168388,0.01003824766322478,0.009425726449563144,0.009722735447180303,0.009458222068308179,0.0065014243367752175,0.009393095752184276,0.008588734875297852,0.010012816756155679,0.008888502366957903
Toys ,0.016036138916600474,0.01190285137410643,0.010469295731532963,0.010985587075456714,0.008866185722001589,0.0351867988864178,0.015059512049245433,0.01718531794122319,0.016764820301826848,0.016735317987291498,0.015230617291501193,0.015218155823669578,0.021735122263701348,0.020149052644956315,0.015672343990468622,0.01822181257823669,0.01971474594598888,0.023483943517077048,0.024715792285941222,0.020627624386020647,0.020280968973788716,0.01986164677839555,0.022430369536139787,0.015855337200953133,0.024059319753772835,0.01754604964733916,0.014128795196187443,0.023548507992057193,0.02882408260047657,0.02565185721683876,0.009608492754567117,0.01730250500238284,0.01830381216838761,0.016316516171564734,0.018798660783161236,0.01807528172835584,0.019712589756949964,0.017076722587768066,0.01821527200953137,0.015488494867355044,0.019102983698173155,0.017098992295472598,0.017785661982525812,0.014694346479745832,0.01161726099285147,0.014038593974583003,0.016371831227958693,0.017454841359809372,0.014767143288324066
Fun  ,0.015999218586179507,0.012097565909451947,0.011184519769658455,0.011344972644956314,0.00892633877680699,0.015059512049245433,0.022052007934868945,0.017699139793486893,0.015789870532168387,0.016298545456711673,0.015381307458300238,0.01506811840349484,0.021922667108816518,0.01982153814138205,0.015682897108816516,0.0172011352025417,0.019576902660841937,0.022897007466243048,0.02273096994440031,0.018893183216838763,0.019823492811755362,0.01823034598093725,0.02258407306592534,0.015548345671167592,0.02406527791104051,0.015920650619539317,0.010367589197776014,0.023041569030976962,0.024281790063542495,0.025835143367752188,0.00918497411437649,0.0179567806115965,0.018963790818109606,0.016725938824463864,0.018526718212867357,0.018778146814932485,0.018709209880857818,0.01706621258935663,0.01795017189833201,0.015338642565528195,0.01937524818109611,0.017285642716441618,0.017394054725972996,0.015516911366163622,0.012159806441620334,0.015031535909451945,0.015479200905480533,0.017884375917394755,0.015194206227164414
Books,0.019830017423351866,0.014916230277998408,0.014118124460683076,0.013529614017474184,0.010474778859412233,0.01718531794122319,0.017699139793486893,0.03537238669420174,0.018789996695790307,0.018483972562351073,0.01834873220015885,0.017276737467831614,0.02474419224781572,0.02346613620333598,0.018429348295472596,0.019556217264495628,0.022540696184273238,0.026277773890389197,0.026918149553613976,0.02288494757108816,0.02310717897378872,0.021685660098490867,0.02644274133121525,0.01875055213343924,0.028521084066719615,0.017293182061953932,0.011876641963463068,0.02645092371088165,0.027515536698967436,0.030022465810961074,0.011725475590150915,0.02071808115011914,0.022288990246227162,0.01984935860206513,0.02088016973471009,0.0212853893375695,0.02169106610325655,0.01951517045909452,0.021242415917394755,0.017479215478951548,0.023451962268467037,0.020345652200158857,0.019999689798252576,0.01723371892613185,0.01477278900714853,0.018008233505957108,0.017654756454328832,0.021183430017474178,0.017143081620333598
Hshld,0.017232950500397137,0.013473904241461476,0.01191067958697379,0.013400804447974583,0.009369262589356634,0.016764820301826848,0.015789870532168387,0.018789996695790307,0.023350798602065126,0.018766800508339947,0.01660457223193011,0.015991965591739477,0.021840022017474182,0.02157390548054011,0.017293830818109607,0.019309252359015087,0.02111484536934075,0.02510544962668784,0.025077597299444,0.021672933629864975,0.021572994090548053,0.020016885083399518,0.024486642732327243,0.017351192787926926,0.02625784044479745,0.01795504781572677,0.012419381318506752,0.02410492289118347,0.02621312918189039,0.02775441531374107,0.010733579380460682,0.018210367561556796,0.0201537263542494,0.01758793556791104,0.019278582239872916,0.019091136362192215,0.01979713512311358,0.018191491024622718,0.019070208196981724,0.017283989229547256,0.021108130484511513,0.018510711707704523,0.019755461382049245,0.01612463733121525,0.013015156600476568,0.016074432819698174,0.016481862621127878,0.019135624781572675,0.01602216133439237
Clths,0.015713094894360603,0.013059239142176328,0.011074126355837967,0.012516336946783162,0.008413713302621128,0.016735317987291498,0.016298545456711673,0.018483972562351073,0.018766800508339947,0.0336781448943606,0.01664732208895949,0.0160388118141382,0.021129386521048458,0.020852157235901503,0.016672482341540906,0.021106959024622715,0.02055167639555202,0.024442616597299446,0.025087122745035745,0.020957829415409048,0.02123966993328038,0.019044783588562347,0.024702347483717236,0.017251837420174745,0.026209282978554405,0.018425740509928512,0.009036974983320097,0.023033128589356633,0.029929759331215233,0.02647328645909452,0.009960931982525813,0.018280180926131855,0.020088655853852267,0.01747053968228753,0.019327572964257345,0.01942464739634631,0.01956747479586974,0.018022826120730733,0.019324680873709296,0.01637354232406672,0.021321317880857827,0.01835933027799841,0.02310993872279587,0.01729443498490866,0.012782314447974584,0.016177714803812547,0.01722796525178713,0.0189572847847498,0.015722429451945987
Hlth ,0.01825559370929309,0.011620254424146149,0.010550554956314535,0.011445023637807783,0.00741457801429706,0.015230617291501193,0.015381307458300238,0.01834873220015885,0.01660457223193011,0.01664732208895949,0.029840360468625888,0.018918654019062748,0.0277993134471803,0.020345357966640196,0.01691605872915012,0.017817710611596503,0.019256234654487687,0.023785352406671956,0.023485736902303416,0.019499134146147734,0.019895279833200955,0.01944591133439237,0.02333031590945195,0.015511019761715646,0.02397766725178713,0.01625950200953137,0.011959546274821282,0.022517192430500398,0.025119596401906273,0.026675336473391577,0.008946267283558379,0.01791109293884035,0.019745390659253376,0.017814480905480542,0.01918697297061159,0.01947025629864972,0.01971132962668784,0.017863093844320888,0.01818516424146148,0.015671546092136612,0.020809564527402694,0.017846259269261318,0.0182161245274027,0.01564924024622717,0.012788694972200157,0.01596674809372518,0.015268045925337568,0.018718329531374107,0.015476426878474982
MedEq,0.016972693394757744,0.011467317712470212,0.011452987239078637,0.011737916657664816,0.008432235660047659,0.015218155823669578,0.01506811840349484,0.017276737467831614,0.015991965591739477,0.0160388118141382,0.018918654019062748,0.021965047337569495,0.028160325631453535,0.019668297378872122,0.016393531656870526,0.017346766420969023,0.01894377867672756,0.02241401047815727,0.02218197619698173,0.0196144302446386,0.01921065506115965,0.019256158289118357,0.02190408074185862,0.015546123736298642,0.023134260532168386,0.01633237826370135,0.011742241563145354,0.022443668449563144,0.025865583690230343,0.025258008295472593,0.00934686637172359,0.017481381463065927,0.018512358252581417,0.017236684273232723,0.019260395944400314,0.01946942956632248,0.019215804587768066,0.01803874392533757,0.01725914136616362,0.01433265755520254,0.018827045499602853,0.017118446592533754,0.017217350503574272,0.014915490962668785,0.012261592271644162,0.015039792633836375,0.014684353235901509,0.018082573064336773,0.015224466243050041
Drugs,0.023659512057188244,0.014859062907069101,0.015387475782366954,0.01587892098490866,0.010155497918983318,0.021735122263701348,0.021922667108816518,0.02474419224781572,0.021840022017474182,0.021129386521048458,0.0277993134471803,0.028160325631453535,0.05575617943606036,0.027794108816521043,0.022365716235107223,0.023715563542494045,0.026568185027799836,0.03121877080222399,0.03041479005559969,0.026804885885623513,0.02693627649722002,0.02750348966640191,0.030364322835583785,0.021816330548054014,0.03297694734710087,0.02231132723590151,0.017084451088165212,0.032334030428911836,0.03589226976171565,0.03529461059571088,0.011195822073073871,0.02456509427323272,0.026727101985702943,0.02424291207307387,0.02806282691818904,0.028557734868943606,0.02767653083399523,0.025372367299444008,0.02351098784749801,0.019427229269261315,0.026741830675139,0.0241675495949166,0.02420240058776807,0.021317873447180297,0.016793398927720412,0.020385854749801428,0.0205565810802224,0.02573621690230342,0.022511011882446384
Chems,0.021318781858617946,0.0157763429070691,0.013862952343129469,0.014706430818109609,0.010640637521842732,0.020149052644956315,0.01982153814138205,0.02346613620333598,0.02157390548054011,0.020852157235901503,0.020345357966640196,0.019668297378872122,0.027794108816521043,0.03524925674344719,0.02229983532962669,0.02210848918189039,0.027014015599682282,0.031519160063542495,0.03610215173947578,0.029195271040508345,0.029204831008737085,0.02623515097696584,0.03151181442414615,0.021679222303415412,0.0351395029706116,0.02150781321683876,0.02357282602065131,0.03850922373312152,0.04544266255758538,0.04518355138999205,0.01275404969023034,0.023016748308181095,0.025267872152501984,0.022296197299444005,0.024942230373312148,0.023664859920571876,0.025620344559173946,0.02339291151707704,0.024659759332803812,0.02255261270849881,0.027611563939634633,0.02455617845909452,0.02221451294678316,0.018148978236695788,0.016033069610802225,0.019795007752184277,0.020547354662430496,0.024630965337569498,0.020446951739475763
Rubbr,0.01734491177760127,0.01327440390786338,0.011927496733915808,0.013091559320095316,0.009062339056393965,0.015672343990468622,0.015682897108816516,0.018429348295472596,0.017293830818109607,0.016672482341540906,0.01691605872915012,0.016393531656870526,0.022365716235107223,0.02229983532962669,0.025670484060365376,0.018491798862589354,0.02184148405718824,0.025529292695790306,0.02584742619857029,0.02250009432565528,0.021810078509928516,0.019914248969023034,0.02442224332644956,0.01738211298490866,0.02597125704527402,0.016958755860206506,0.014458312260524223,0.02515372215726767,0.02802357633995234,0.028326365185067513,0.010878188692613184,0.0180779277553614,0.02012753699761716,0.01793936066719619,0.019119397798252585,0.019021523342335183,0.019777488826052424,0.01830775126608419,0.019857506846703725,0.01774995482446386,0.02087752826687848,0.01882757232724384,0.018004783993645752,0.015281012616362189,0.013288564686258936,0.016315659612390784,0.016546880546465446,0.019499177010325653,0.015990296044479744
Txtls,0.018049533687053216,0.01401682913423352,0.012705246395552027,0.013359253547259729,0.009886767822081016,0.01822181257823669,0.0172011352025417,0.019556217264495628,0.019309252359015087,0.021106959024622715,0.017817710611596503,0.017346766420969023,0.023715563542494045,0.02210848918189039,0.018491798862589354,0.033723100740270046,0.023234482868943605,0.027733077216838764,0.025359266827640982,0.022861063895154875,0.022733647558379665,0.02098220529626688,0.025799841629864966,0.018031395545671167,0.027572311437648923,0.01869142768228753,0.00967429536457506,0.023885204482922952,0.024151152015885625,0.026527406983320092,0.010283471037331212,0.020028591672756155,0.021115918856235105,0.019198871135822075,0.020534130430500397,0.020629385251787136,0.021341070792692613,0.019030252451151707,0.021241922732327244,0.01791451834471803,0.0223286863796664,0.019307126068308183,0.020773660486100076,0.017756255723590148,0.014483628578236696,0.017227345915806193,0.018208754751389992,0.020503620416203332,0.016873907323272437
BldMt,0.020531214131850675,0.01538581362986497,0.013666780017474183,0.014694296819698173,0.01091915574900715,0.01971474594598888,0.019576902660841937,0.022540696184273238,0.02111484536934075,0.02055167639555202,0.019256234654487687,0.01894377867672756,0.026568185027799836,0.027014015599682282,0.02184148405718824,0.023234482868943605,0.03175818378236696,0.033209780664019056,0.03326512388880063,0.028106103982525818,0.027649643213661635,0.02444907270691024,0.03027702916759332,0.021360288095313738,0.033865076338363775,0.021454845227958697,0.018032452250992856,0.03273811295790309,0.03734694465289911,0.03700493290865766,0.01255801115647339,0.02229586931374106,0.024795873741064338,0.02165488792692613,0.02326774675297856,0.022737032273232725,0.02433271940270056,0.022178960640190624,0.024084981556791105,0.020786381243844323,0.026384242074662435,0.023434400111199363,0.022266267809372516,0.018764195461477357,0.0160470001350278,0.0195271270675139,0.020321048746624302,0.023606485293089757,0.019658006926131847
Cnstr,0.02371812331691818,0.017515513200953136,0.01583272925814138,0.017031078481334394,0.012256549248610004,0.023483943517077048,0.022897007466243048,0.026277773890389197,0.02510544962668784,0.024442616597299446,0.023785352406671956,0.02241401047815727,0.03121877080222399,0.031519160063542495,0.025529292695790306,0.027733077216838764,0.033209780664019056,0.04926188267513901,0.038795970014297056,0.03218679608578236,0.03205112162668785,0.02893087198093725,0.035601940060365364,0.024433608781572677,0.039363246195393164,0.024379552927720413,0.02164266849245433,0.038920033258141376,0.045840376698967435,0.043855183872915,0.014980945010325653,0.025848352317712465,0.029348320031771236,0.025182420142970615,0.027076293769658456,0.026620895008737093,0.02813925218745036,0.025747427552025415,0.027756769086576653,0.02394881198411437,0.031039263936457503,0.026955321683876092,0.02635530012390786,0.02218957528832407,0.018642662811755358,0.023135120177918984,0.025030952196981725,0.027321365871326445,0.022628919459888795
Steel,0.02492168725655282,0.017217618109610804,0.01518799689912628,0.01595691765528197,0.011391604975377286,0.024715792285941222,0.02273096994440031,0.026918149553613976,0.025077597299444,0.025087122745035745,0.023485736902303416,0.02218197619698173,0.03041479005559969,0.03610215173947578,0.02584742619857029,0.025359266827640982,0.03326512388880063,0.038795970014297056,0.0594850303161239,0.03736353800794282,0.03652375552660842,0.030466637318506753,0.03840957202223987,0.025792173864972196,0.043594887466243036,0.02480367003653693,0.038487387793486885,0.05140505028752977,0.06959514000317711,0.05777861535822081,0.014919312571882445,0.026796784724384428,0.031026554058776804,0.025774748212867352,0.028697582157267674,0.026721971990468617,0.029912253648927727,0.026957825423351865,0.029322043399523427,0.02670407864019063,0.03349915022716442,0.030192777569499594,0.026464731100873704,0.021322794795869734,0.01946494173153297,0.02292226905798252,0.024445498630659257,0.028957548079428116,0.02338995612390786
FabPr,0.02118476707227959,0.015223266624305003,0.012867581933280381,0.01402837066878475,0.009065270354249401,0.020627624386020647,0.018893183216838763,0.02288494757108816,0.021672933629864975,0.020957829415409048,0.019499134146147734,0.0196144302446386,0.026804885885623513,0.029195271040508345,0.02250009432565528,0.022861063895154875,0.028106103982525818,0.03218679608578236,0.03736353800794282,0.08393530932327245,0.030553007213661634,0.026456542594122313,0.03158573078157268,0.0220161589706116,0.03632982710881652,0.0208249639030977,0.022601591809372514,0.03605684398570294,0.04441455490548054,0.04327256527720412,0.012650451979348687,0.022344949628276413,0.02615385807783955,0.02205368691024623,0.024183358867355037,0.023294372378077837,0.024837746255758533,0.022763320446386022,0.024249992041302616,0.020188382193804612,0.02615219711199364,0.024460821588562345,0.022951444895949163,0.018448566133439242,0.016929048411437646,0.01972607361874503,0.020269172584590944,0.023623376336775217,0.019381471453534548
Mach ,0.02202481370611596,0.015446685274027006,0.013057752395552027,0.01423765204765687,0.010352623053216837,0.020280968973788716,0.019823492811755362,0.02310717897378872,0.021572994090548053,0.02123966993328038,0.019895279833200955,0.01921065506115965,0.02693627649722002,0.029204831008737085,0.021810078509928516,0.022733647558379665,0.027649643213661635,0.03205112162668785,0.03652375552660842,0.030553007213661634,0.03191010106274821,0.02592805743764893,0.03216204805877681,0.02229187184749801,0.03685790204130262,0.021248835016679905,0.019881535911040502,0.03622970286100079,0.04376323009849087,0.0442257421096108,0.012660927369340746,0.022900126527402698,0.025708510722795876,0.02238414514694202,0.02520815404765687,0.023806370687847498,0.026157410725973,0.023578593326449564,0.024650806179507545,0.021739749974583004,0.02796351786814933,0.02459169193010325,0.022547927971405878,0.018555292865766477,0.016562767029388397,0.01997112571405878,0.020134383888800633,0.024746227539316917,0.019814069451945988
ElcEq,0.02112107079269261,0.014591002160444797,0.014552210673550437,0.01429669279110405,0.010224653718824464,0.01986164677839555,0.01823034598093725,0.021685660098490867,0.020016885083399518,0.019044783588562347,0.01944591133439237,0.019256158289118357,0.02750348966640191,0.02623515097696584,0.019914248969023034,0.02098220529626688,0.02444907270691024,0.02893087198093725,0.030466637318506753,0.026456542594122313,0.02592805743764893,0.03508742915170769,0.028342949513899915,0.020017339291501193,0.031082916576648127,0.020077999124702144,0.015308189242255757,0.030723539432883237,0.03714012918347895,0.03582284691660048,0.011155399677521844,0.021326876802223987,0.02320943904686259,0.020670210309769656,0.023065419378872118,0.02256568493089754,0.023725579215250203,0.02128568044003177,0.02219983553613979,0.019226875086576643,0.024468921579030977,0.022121167768069893,0.02049271633677522,0.017259018390786335,0.014944219181890388,0.018084392678316127,0.018818019783955524,0.022380684238284355,0.018971857029388407
Autos,0.024014875132644956,0.017521178363780778,0.015450933011914218,0.015701431180301827,0.01176366656711676,0.022430369536139787,0.02258407306592534,0.02644274133121525,0.024486642732327243,0.024702347483717236,0.02333031590945195,0.02190408074185862,0.030364322835583785,0.03151181442414615,0.02442224332644956,0.025799841629864966,0.03027702916759332,0.035601940060365364,0.03840957202223987,0.03158573078157268,0.03216204805877681,0.028342949513899915,0.04141663417156472,0.024911463059571082,0.03943162370929309,0.024013176173153294,0.020218080305003973,0.03726575818427322,0.042546343111993644,0.04306490784114375,0.013684339496425736,0.025570458241461477,0.029094495631453533,0.025146819205718825,0.02817655458459093,0.026863781756949957,0.02874583482764098,0.025987467979348686,0.028044988514694204,0.024365786851469413,0.03107463460841937,0.026752597029388404,0.026110377070691023,0.02165913631930103,0.018332878276409847,0.02267787809213661,0.02292869154249404,0.027669711027799835,0.022056134201747422
Aero ,0.01725938655440826,0.012845847116759332,0.010846143250198571,0.012381975421763303,0.009536858020651311,0.015855337200953133,0.015548345671167592,0.01875055213343924,0.017351192787926926,0.017251837420174745,0.015511019761715646,0.015546123736298642,0.021816330548054014,0.021679222303415412,0.01738211298490866,0.018031395545671167,0.021360288095313738,0.024433608781572677,0.025792173864972196,0.0220161589706116,0.02229187184749801,0.020017339291501193,0.024911463059571082,0.025836550684670376,0.027435104463860188,0.018865445204130266,0.011500259304209687,0.02432930880381255,0.027455245820492448,0.027245626427323272,0.010739798964257344,0.018396765064336774,0.021321613057982525,0.018076682859412233,0.01954434572835584,0.0188956709070691,0.02030305347736299,0.018709899583796662,0.01994570363780778,0.01725167797934869,0.021777212702144562,0.018934747291501196,0.018021026459094522,0.015353704222398727,0.013616199650516279,0.01675398532803812,0.016250040343129463,0.019963471567911038,0.015696063193010323
Ships,0.026200973502779983,0.01829495647339158,0.014168028633836377,0.017676716409849087,0.011924627227958697,0.024059319753772835,0.02406527791104051,0.028521084066719615,0.02625784044479745,0.026209282978554405,0.02397766725178713,0.023134260532168386,0.03297694734710087,0.0351395029706116,0.02597125704527402,0.027572311437648923,0.033865076338363775,0.039363246195393164,0.043594887466243036,0.03632982710881652,0.03685790204130262,0.031082916576648127,0.03943162370929309,0.027435104463860188,0.06712302544082603,0.026900912398729146,0.025980827799841143,0.04481290515488483,0.05534328447180301,0.05453518832406674,0.015614887362986496,0.027990709618745044,0.03279625239078633,0.02685483248610008,0.0299837014853058,0.02836911011914217,0.030901894042891183,0.027905246568705324,0.030429385178713252,0.025599967188244636,0.03630448408260524,0.029608840174741854,0.028182113248610016,0.022526661088165208,0.02000245919777601,0.024499906632247815,0.023305565162827637,0.02981008619539317,0.02440799275615568
Guns ,0.017410222424146145,0.013809611342335187,0.013491607658459094,0.013871922459094521,0.01104611231771247,0.01754604964733916,0.015920650619539317,0.017293182061953932,0.01795504781572677,0.018425740509928512,0.01625950200953137,0.01633237826370135,0.02231132723590151,0.02150781321683876,0.016958755860206506,0.01869142768228753,0.021454845227958697,0.024379552927720413,0.02480367003653693,0.0208249639030977,0.021248835016679905,0.020077999124702144,0.024013176173153294,0.018865445204130266,0.026900912398729146,0.03897944313105639,0.016525882084193796,0.0238754628228753,0.02716948698808578,0.0263249095567911,0.010936007375694994,0.018784753030976962,0.02033122427323272,0.017843386957903096,0.019355712312946784,0.018793009334392378,0.02086802933121525,0.019034429742652903,0.02006692258935663,0.017035464389197775,0.021117155847498015,0.018186842907069106,0.019115535100873705,0.015587126549642574,0.012348700659253375,0.016266211229547255,0.015384137483717232,0.018897386262112785,0.016253478252581416
Gold ,0.019333147405877677,0.010803656330420967,0.010441997699761715,0.009268977340746623,0.010615650433677523,0.014128795196187443,0.010367589197776014,0.011876641963463068,0.012419381318506752,0.009036974983320097,0.011959546274821282,0.011742241563145354,0.017084451088165212,0.02357282602065131,0.014458312260524223,0.00967429536457506,0.018032452250992856,0.02164266849245433,0.038487387793486885,0.022601591809372514,0.019881535911040502,0.015308189242255757,0.020218080305003973,0.011500259304209687,0.025980827799841143,0.016525882084193796,0.21351152867990467,0.06372223657505958,0.07334868303097695,0.04807777364892772,0.014803055942811755,0.015312774004765689,0.013597722700555993,0.012090405941223195,0.015187966532168386,0.014156086246227162,0.017213114992851466,0.01521582839714059,0.013875375822081017,0.01621533927879269,0.014216499335980935,0.016536700651310566,0.010386910455917397,0.007719454608419379,0.004950371056393961,0.00856775369023034,0.011852996587768068,0.015111770459094518,0.014370857442414614
Mines,0.02606099287053217,0.016631359491660048,0.014142197866560761,0.015331655466243052,0.0113863818395552,0.023548507992057193,0.023041569030976962,0.02645092371088165,0.02410492289118347,0.023033128589356633,0.022517192430500398,0.022443668449563144,0.032334030428911836,0.03850922373312152,0.02515372215726767,0.023885204482922952,0.03273811295790309,0.038920033258141376,0.05140505028752977,0.03605684398570294,0.03622970286100079,0.030723539432883237,0.03726575818427322,0.02432930880381255,0.04481290515488483,0.0238754628228753,0.06372223657505958,0.08253376543129468,0.07906177925814137,0.06831170961397935,0.015540017618745036,0.02657503828594122,0.029491501667990465,0.02530200738681493,0.030061149669579037,0.027934764562351073,0.02974101929785545,0.026684592233518656,0.027620312454328836,0.026309037745830027,0.032979283434471804,0.029915640142970622,0.024232635936457504,0.02033508236854646,0.017917643566322482,0.020715984929308977,0.02287291193328038,0.028220243532962673,0.023983096203335975
Coal ,0.029456926805401108,0.017617949833200957,0.014984884398729154,0.015633798049245435,0.01020867980301827,0.02882408260047657,0.024281790063542495,0.027515536698967436,0.02621312918189039,0.029929759331215233,0.025119596401906273,0.025865583690230343,0.03589226976171565,0.04544266255758538,0.02802357633995234,0.024151152015885625,0.03734694465289911,0.045840376698967435,0.06959514000317711,0.04441455490548054,0.04376323009849087,0.03714012918347895,0.042546343111993644,0.027455245820492448,0.05534328447180301,0.02716948698808578,0.07334868303097695,0.07906177925814137,0.2397305821938046,0.0954373826115965,0.0178426399158062,0.031009958851469413,0.03421090274821287,0.02762552160444797,0.035217950514694195,0.030202921277204118,0.035453338897537726,0.02962201252899126,0.031532353089753766,0.02955533969340746,0.03821227300079427,0.035369806465448766,0.028989825248610008,0.021131880805401106,0.01965843956314535,0.02277552003335981,0.02889812284988086,0.032047733769658464,0.028373751517077044
Oil  ,0.030172536228752978,0.01861743374106433,0.014356310096902303,0.017733148670373313,0.012455127536139792,0.02565185721683876,0.025835143367752188,0.030022465810961074,0.02775441531374107,0.02647328645909452,0.026675336473391577,0.025258008295472593,0.03529461059571088,0.04518355138999205,0.028326365185067513,0.026527406983320092,0.03700493290865766,0.043855183872915,0.05777861535822081,0.04327256527720412,0.0442257421096108,0.03582284691660048,0.04306490784114375,0.027245626427323272,0.05453518832406674,0.0263249095567911,0.04807777364892772,0.06831170961397935,0.0954373826115965,0.11475911414773632,0.01919500701826847,0.030850302109610796,0.034352446703733115,0.02845045944400317,0.033428169350278,0.031205262138204928,0.03315814964892772,0.030425671100873703,0.03168797947577442,0.029168951990468622,0.03905252126449563,0.03563093280381256,0.028799068746624305,0.02161245620015886,0.02089911845909452,0.02433173098332009,0.027182122027005564,0.03249794727879269,0.027823600222398732
Util ,0.01064853005242256,0.010707379920571882,0.009908072649722,0.009644324835583796,0.01068213800158856,0.009608492754567117,0.00918497411437649,0.011725475590150915,0.010733579380460682,0.009960931982525813,0.008946267283558379,0.00934686637172359,0.011195822073073871,0.01275404969023034,0.010878188692613184,0.010283471037331212,0.01255801115647339,0.014980945010325653,0.014919312571882445,0.012650451979348687,0.012660927369340746,0.011155399677521844,0.013684339496425736,0.010739798964257344,0.015614887362986496,0.010936007375694994,0.014803055942811755,0.015540017618745036,0.0178426399158062,0.01919500701826847,0.017379520856235113,0.01174439705957109,0.012360216552819698,0.010671574884829229,0.010431896573471008,0.010495750417791895,0.011048118938840348,0.01083373264336775,0.012331909849086577,0.011918782413026213,0.012594105922160445,0.01120843687053217,0.010797918853057979,0.009537495598093726,0.0072690988165210494,0.010499897437648925,0.010096010354249401,0.010918512876886418,0.010564882827640983
Telcm,0.01857440369817315,0.01406584203335981,0.012900315111993643,0.013736741102462272,0.01034179369658459,0.01730250500238284,0.0179567806115965,0.02071808115011914,0.018210367561556796,0.018280180926131855,0.01791109293884035,0.017481381463065927,0.02456509427323272,0.023016748308181095,0.0180779277553614,0.020028591672756155,0.02229586931374106,0.025848352317712465,0.026796784724384428,0.022344949628276413,0.022900126527402698,0.021326876802223987,0.025570458241461477,0.018396765064336774,0.027990709618745044,0.018784753030976962,0.015312774004765689,0.02657503828594122,0.031009958851469413,0.030850302109610796,0.01174439705957109,0.02531804711517077,0.02139638602065131,0.0194235709451946,0.021501191077045272,0.021524390544876884,0.022123806849880856,0.019586254851469417,0.020380843860206516,0.017464859124702144,0.022243356057188243,0.019895719062748212,0.019314760123907856,0.01662285847339158,0.014127100357426531,0.017262669907863376,0.017050834976965842,0.020621065664813344,0.017235117998411438
PerSv,0.020928334837172363,0.014827239650516284,0.013593156219221605,0.014240396664019063,0.00984155189833201,0.01830381216838761,0.018963790818109606,0.022288990246227162,0.0201537263542494,0.020088655853852267,0.019745390659253376,0.018512358252581417,0.026727101985702943,0.025267872152501984,0.02012753699761716,0.021115918856235105,0.024795873741064338,0.029348320031771236,0.031026554058776804,0.02615385807783955,0.025708510722795876,0.02320943904686259,0.029094495631453533,0.021321613057982525,0.03279625239078633,0.02033122427323272,0.013597722700555993,0.029491501667990465,0.03421090274821287,0.034352446703733115,0.012360216552819698,0.02139638602065131,0.036622486036536936,0.02138647987291501,0.023238626592533753,0.022428258776806986,0.02397435650516282,0.0214760058776807,0.0226893669579031,0.019597812772041298,0.02647466563939635,0.022392760889594916,0.021960745258141377,0.018504014297061153,0.015920064209690235,0.0192290560127085,0.018482270277998408,0.022908476568705326,0.018365015409054802
BusSv,0.01828483542494043,0.013531331818903891,0.012255370150913422,0.012848397553613979,0.009532706592533757,0.016316516171564734,0.016725938824463864,0.01984935860206513,0.01758793556791104,0.01747053968228753,0.017814480905480542,0.017236684273232723,0.02424291207307387,0.022296197299444005,0.01793936066719619,0.019198871135822075,0.02165488792692613,0.025182420142970615,0.025774748212867352,0.02205368691024623,0.02238414514694202,0.020670210309769656,0.025146819205718825,0.018076682859412233,0.02685483248610008,0.017843386957903096,0.012090405941223195,0.02530200738681493,0.02762552160444797,0.02845045944400317,0.010671574884829229,0.0194235709451946,0.02138647987291501,0.020720720857823675,0.020563619586973787,0.020712180047656868,0.021195055059571085,0.019224965099285143,0.020207619952343124,0.01737107525019857,0.022204312470214458,0.01947705235901509,0.01886653007148531,0.016322080174741856,0.013990464130262111,0.01698810467037331,0.01665517178713265,0.02032235310563939,0.0165294719618745
Hardw,0.019107718214455918,0.014097453788721208,0.01289124417950754,0.013075149242255758,0.009035498306592534,0.018798660783161236,0.018526718212867357,0.02088016973471009,0.019278582239872916,0.019327572964257345,0.01918697297061159,0.019260395944400314,0.02806282691818904,0.024942230373312148,0.019119397798252585,0.020534130430500397,0.02326774675297856,0.027076293769658456,0.028697582157267674,0.024183358867355037,0.02520815404765687,0.023065419378872118,0.02817655458459093,0.01954434572835584,0.0299837014853058,0.019355712312946784,0.015187966532168386,0.030061149669579037,0.035217950514694195,0.033428169350278,0.010431896573471008,0.021501191077045272,0.023238626592533753,0.020563619586973787,0.03144702444956315,0.02418939103415409,0.025643636352660846,0.021993830616362193,0.021628874519459884,0.018702569917394756,0.023646775482128672,0.02133900490865766,0.020348754989674343,0.017442703086576646,0.014483570857823671,0.017466649243844317,0.018256456816521046,0.02239832964575059,0.01830601525019857
Softw,0.019423729239078633,0.014016666338363779,0.013284890764098493,0.013736665810961082,0.0095125455822081,0.01807528172835584,0.018778146814932485,0.0212853893375695,0.019091136362192215,0.01942464739634631,0.01947025629864972,0.01946942956632248,0.028557734868943606,0.023664859920571876,0.019021523342335183,0.020629385251787136,0.022737032273232725,0.026620895008737093,0.026721971990468617,0.023294372378077837,0.023806370687847498,0.02256568493089754,0.026863781756949957,0.0188956709070691,0.02836911011914217,0.018793009334392378,0.014156086246227162,0.027934764562351073,0.030202921277204118,0.031205262138204928,0.010495750417791895,0.021524390544876884,0.022428258776806986,0.020712180047656868,0.02418939103415409,0.026048104870532163,0.023821912984908655,0.02108897430976966,0.021021231707704528,0.017637627335980934,0.022825170414614772,0.020565350563939634,0.020242617531374102,0.017737031180301826,0.014418004765687052,0.01745832346942017,0.01813884558538522,0.021909060447974582,0.017839870627482126
Chips,0.02077880941064337,0.01481829588562351,0.013839776082605242,0.014243392552819699,0.010051208826052425,0.019712589756949964,0.018709209880857818,0.02169106610325655,0.01979713512311358,0.01956747479586974,0.01971132962668784,0.019215804587768066,0.02767653083399523,0.025620344559173946,0.019777488826052424,0.021341070792692613,0.02433271940270056,0.02813925218745036,0.029912253648927727,0.024837746255758533,0.026157410725973,0.023725579215250203,0.02874583482764098,0.02030305347736299,0.030901894042891183,0.02086802933121525,0.017213114992851466,0.02974101929785545,0.035453338897537726,0.03315814964892772,0.011048118938840348,0.022123806849880856,0.02397435650516282,0.021195055059571085,0.025643636352660846,0.023821912984908655,0.028450551129467823,0.022769681671167594,0.02222091606036537,0.019143749026211278,0.024563821896743446,0.0217175343288324,0.020888530649722,0.01749441542811755,0.015061327561556792,0.018437455625099283,0.018408488743447183,0.023112706478157264,0.018341711580619535
LabEq,0.018443947272438442,0.013579765591739474,0.012323359544082603,0.01354226453375695,0.009855128787926926,0.017076722587768066,0.01706621258935663,0.01951517045909452,0.018191491024622718,0.018022826120730733,0.017863093844320888,0.01803874392533757,0.025372367299444008,0.02339291151707704,0.01830775126608419,0.019030252451151707,0.022178960640190624,0.025747427552025415,0.026957825423351865,0.022763320446386022,0.023578593326449564,0.02128568044003177,0.025987467979348686,0.018709899583796662,0.027905246568705324,0.019034429742652903,0.01521582839714059,0.026684592233518656,0.02962201252899126,0.030425671100873703,0.01083373264336775,0.019586254851469417,0.0214760058776807,0.019224965099285143,0.021993830616362193,0.02108897430976966,0.022769681671167594,0.024135817281969816,0.020549167672756156,0.017740416376489276,0.02229990293566322,0.019833180762509933,0.01901537540587768,0.01614556466878475,0.01385034393169182,0.017074065888800644,0.01665555681969817,0.02079843799205719,0.016876750246227163
Paper,0.019262684193804603,0.014824134519459886,0.013959889610802221,0.013992210516282761,0.010713127529785545,0.01821527200953137,0.01795017189833201,0.021242415917394755,0.019070208196981724,0.019324680873709296,0.01818516424146148,0.01725914136616362,0.02351098784749801,0.024659759332803812,0.019857506846703725,0.021241922732327244,0.024084981556791105,0.027756769086576653,0.029322043399523427,0.024249992041302616,0.024650806179507545,0.02219983553613979,0.028044988514694204,0.01994570363780778,0.030429385178713252,0.02006692258935663,0.013875375822081017,0.027620312454328836,0.031532353089753766,0.03168797947577442,0.012331909849086577,0.020380843860206516,0.0226893669579031,0.020207619952343124,0.021628874519459884,0.021021231707704528,0.02222091606036537,0.020549167672756156,0.03276016397140588,0.021610342382843525,0.02406957083399523,0.021186330166799043,0.020468508212867356,0.016947330119142172,0.015127012978554408,0.018786443828435265,0.01827169394757744,0.021642174074662433,0.017297901159650513
