,Agric,Food ,Soda ,Beer ,Smoke,Toys ,Fun  ,Books,Hshld,Clths,Hlth ,MedEq,Drugs,Chems,Rubbr,Txtls,BldMt,Cnstr,Steel,FabPr,Mach ,ElcEq,Autos,Aero ,Ships,Guns ,Gold ,Mines,Coal ,Oil  ,Util ,Telcm,PerSv,BusSv,Hardw,Softw,Chips,LabEq,Paper,Boxes,Trans,Whlsl,Rtail,Meals,Banks,Insur,RlEst,Fin  ,Other
Agric,0.04654326268308181,0.012908093070691027,0.011516094319301035,0.01114987887212073,0.0089813421350278,0.015094219658459097,0.01454559095313741,0.018722319674344717,0.01622455687053217,0.014493865534551231,0.017092387820492456,0.01575442676092137,0.022411167779189837,0.019310217326449556,0.015626767448768866,0.0167590864050834,0.018335329391580616,0.021206434937251783,0.022810430039714058,0.020360208762509928,0.01989218753613979,0.019387650328832405,0.021757780403494832,0.015505395693407469,0.02386963033200953,0.015550152571882447,0.017676974773629863,0.023835050339952348,0.02714518403971405,0.027426746602065132,0.0098464982573471,0.0170591610166799,0.019101549140587766,0.016770932449563142,0.0173913102319301,0.01796355103891977,0.018955856211278793,0.016771455159650516,0.01744208004924544,0.015165569027799843,0.020403822895949164,0.017280915788721207,0.017074911078633837,0.015003717440826049,0.012166689445591742,0.014847309941223187,0.014548596652899124,0.01827973070373312,0.014368736149324863
Food ,0.012908093070691027,0.016037279707704525,0.011320068988085782,0.01093133620333598,0.010175047987291503,0.011535581286735506,0.011053469038919779,0.01399861397934869,0.012854024400317712,0.012413009416997616,0.011037330096902304,0.0106985087720413,0.014095271650516283,0.014747319212073074,0.012243411768069895,0.013212564772041302,0.013963971126290706,0.015967873226370135,0.016203687148530575,0.015233990424146145,0.014329045477362983,0.013731750030182685,0.016253492276409844,0.01197643111675933,0.016974670163621922,0.012688992832406671,0.009564159364575059,0.015407045858617952,0.016065829000794278,0.017191260066719616,0.010255830335186655,0.013138824972200156,0.0138356495440826,0.012700710347895154,0.01298925101191422,0.013100053642573474,0.013802715806195395,0.012615975148530582,0.013933687644162036,0.012581220168387612,0.014058059342335186,0.013133613356632245,0.013163342570293883,0.011593179297855439,0.008932001099285145,0.011784214290706913,0.011663262583002383,0.01329381978713264,0.011199869153296267
Soda ,0.011516094319301035,0.011320068988085782,0.03716955381096108,0.011949405687053218,0.010483856082605242,0.010067867021445593,0.010169399507545671,0.013565022065131058,0.01112414532168387,0.01021976350119142,0.009853279552025414,0.010704421566322479,0.014512018176330417,0.012470443529785545,0.010830778195393171,0.01174800325972994,0.012349646754567116,0.014229042379666402,0.01400007123113582,0.012545620486100079,0.011783965248610005,0.013630734856235104,0.013921199434471803,0.010056521896743447,0.01270845255599682,0.012386863326449562,0.0084303365528197,0.012221641070691023,0.012709921553613977,0.011864302360603651,0.009290407208895946,0.011973013057982526,0.012723423771247022,0.011379943196187448,0.011884456054011117,0.012430395733121522,0.012956446910246227,0.011395341537728356,0.012779606554408258,0.010531689782366956,0.011992120918189037,0.010699664200158856,0.01140319165051628,0.011162989124702146,0.008437232463860207,0.011205408813343922,0.011490011116759331,0.012306711180301827,0.010446263059571085
Beer ,0.01114987887212073,0.01093133620333598,0.011949405687053218,0.02850193928514694,0.009932771914217634,0.01055270447974583,0.010552444177918981,0.012815353756949963,0.012674262907069102,0.011633510055599683,0.011054800206513105,0.011059414773629865,0.015238339555202539,0.01379007845909452,0.012297502795869737,0.012563149801429703,0.013615501000794283,0.015357434996028587,0.0149819578395552,0.013809417633042097,0.013554121334392374,0.013586351898332008,0.01485325769658459,0.01180291245432883,0.01679117734710087,0.012446749388403495,0.008593970420969023,0.01402617510722796,0.014484920683081815,0.016593534519459885,0.009306156775218427,0.013078382335186654,0.01369193696584591,0.012183882843526606,0.012438132946783163,0.01311582225575854,0.013496763065925338,0.012975541397934868,0.013354990007942807,0.012562594678316122,0.013626790675139,0.012258052883240668,0.01224504565528197,0.010921428610007942,0.008869984718030185,0.011415260428911833,0.010900792549642572,0.013093645464654488,0.010619724193804605
Smoke,0.0089813421350278,0.010175047987291503,0.010483856082605242,0.009932771914217634,0.023756207218427323,0.008622333741064338,0.00810358775218427,0.009391510770452737,0.008722649976171566,0.007417244168387608,0.006670171720413025,0.007612744108022238,0.009389780845115173,0.009583846484511514,0.008073296130262112,0.009193307818903892,0.00950967490389198,0.010668114691024624,0.010302472088959493,0.008457191923749007,0.009373158100079429,0.009268628359015091,0.010562020880063543,0.00883330388244639,0.01017152181731533,0.010034565121525018,0.010196371787132648,0.010074254573471008,0.00949728326926132,0.010868558182684672,0.010302561712470215,0.009485458141382047,0.008947852651310564,0.008723320956314534,0.00839067737251787,0.008875160530579825,0.0094907437172359,0.009226527621922158,0.009760958420969022,0.00961296069579031,0.009045756057188242,0.00861020176965846,0.0085923588943606,0.008716298926131847,0.00574662315488483,0.00852845898014297,0.007762896676727562,0.008937198996028595,0.008206422424146148
Toys ,0.015094219658459097,0.011535581286735506,0.010067867021445593,0.01055270447974583,0.008622333741064338,0.03513587462271643,0.014271673780778392,0.016904316370135022,0.016224684082605245,0.016216853296266875,0.01498841195393169,0.014823455583796663,0.021427856751389994,0.01921618496425735,0.015018586409849086,0.017764048927720412,0.01872964327243844,0.02237958996822875,0.023823220953137405,0.021547753836378077,0.019529975933280375,0.01915123051628276,0.021630932041302616,0.015111684201747418,0.0229182108816521,0.016260736171564732,0.013025896108022243,0.022481921850675136,0.02773215428911834,0.02453506975377283,0.009210838387609216,0.016576580683081807,0.01793281054805401,0.015799573796664017,0.017766296195393168,0.01745945861000794,0.019062394543288324,0.016367985123113583,0.01736446391580619,0.014862272938840352,0.018259594861000795,0.016583657164416205,0.017289044447974584,0.014131473050039716,0.011328862637013501,0.013509097823669583,0.015458510762509927,0.016663431437648923,0.014166255806195393
Fun  ,0.01454559095313741,0.011053469038919779,0.010169399507545671,0.010552444177918981,0.00810358775218427,0.014271673780778392,0.02090802706115965,0.016902398324066713,0.014806768848292292,0.014955144606830818,0.014355037609213656,0.014036578697378874,0.02085077984908657,0.01817311327243844,0.014249835671167591,0.015805517394757745,0.017626568673550436,0.020724670873709293,0.020850677601270847,0.018425620619539316,0.018218182541699757,0.016874792581413823,0.020595410007942818,0.014320092764098489,0.02196220710087371,0.014228496235107226,0.008835553010325655,0.021342846155679107,0.022227655496425736,0.02376109434471802,0.008537941532962669,0.016704009817315325,0.017764748117553613,0.015544295909451942,0.017019411191421762,0.017672108760921363,0.017316658991262904,0.01578607123907863,0.016581588157267676,0.014386181993645749,0.017820417021445593,0.01608243455917395,0.016067000476568706,0.014470069348689434,0.011376685448768865,0.013783783733121524,0.014326298800635425,0.01643512719618745,0.013882240873709291
Books,0.018722319674344717,0.01399861397934869,0.013565022065131058,0.012815353756949963,0.009391510770452737,0.016904316370135022,0.016902398324066713,0.030684837672756156,0.018329959412231936,0.01822849517077045,0.01728444687053217,0.01657488570293884,0.023925431429706115,0.022374641389992053,0.01765883975377283,0.019361901350277995,0.02134678065131056,0.02461250879269261,0.02631198921366164,0.023564031389992048,0.022259018411437653,0.020880722938840354,0.02526274548054011,0.018195416656076248,0.026947989880857823,0.016415641874503575,0.010766337664813344,0.025579294749801428,0.027201521437648927,0.029114538538522642,0.011119862438443208,0.01992754417791898,0.02181256447974583,0.019053310698967436,0.020231170254169973,0.02038011049245433,0.020920285822081015,0.018518148363780778,0.020434633415409055,0.01716264015091342,0.022399999467831607,0.019718976465448762,0.019667129340746624,0.016587809380460682,0.014501378792692615,0.017056438697378874,0.01675678323272438,0.020054967895154884,0.016237654154090547
Hshld,0.01622455687053217,0.012854024400317712,0.01112414532168387,0.012674262907069102,0.008722649976171566,0.016224684082605245,0.014806768848292292,0.018329959412231936,0.02259143507545671,0.01778229915806195,0.01588779146942017,0.015325840571882443,0.021130251739475768,0.02022283791898332,0.016307799158061954,0.01847381070691024,0.01948164057188245,0.023382549690230334,0.02396995771247021,0.021800335409054808,0.020385733057982528,0.019125978935663226,0.023027523749007146,0.016399747942811755,0.024878278983320092,0.016673411183478946,0.01092490474980143,0.022694761159650516,0.024196769070691022,0.026055435869737888,0.010204278363780777,0.017217926354249402,0.01915250738681493,0.01671438629070691,0.01804946822875298,0.018087527640984907,0.01872486098490866,0.017127182986497222,0.018065901207307382,0.016452363733121526,0.020018415869737884,0.01761521872915012,0.019035058490865762,0.015266323320095313,0.012481088578236696,0.015197519491660044,0.015398206338363777,0.018099186084193804,0.014928540873709296
Clths,0.014493865534551231,0.012413009416997616,0.01021976350119142,0.011633510055599683,0.007417244168387608,0.016216853296266875,0.014955144606830818,0.01822849517077045,0.01778229915806195,0.032796982373312154,0.015941373594916597,0.015174037864972198,0.020099799177124702,0.01914674456235107,0.015526995701350273,0.01987656812073074,0.018514711281969812,0.022371853150119143,0.0237362805401112,0.020629012988085782,0.019760649188244637,0.017818144228752976,0.02294650453375695,0.016022907949166002,0.02450583276250992,0.016699497258141377,0.007015477172359016,0.02141154353296267,0.02786506973471009,0.02455247996187451,0.009319243269261318,0.01699536571882446,0.01906158860047656,0.01651550027323272,0.01785287425893566,0.018127231380460684,0.01823769291501191,0.01660186824146147,0.018127880740270053,0.015419266557585387,0.020104503221604446,0.01729468885464654,0.022299857544082608,0.016332077099285146,0.012338610414614773,0.015040025239078632,0.015976225254964255,0.017812088400317713,0.01427563017633042
Hlth ,0.017092387820492456,0.011037330096902304,0.009853279552025414,0.011054800206513105,0.006670171720413025,0.01498841195393169,0.014355037609213656,0.01728444687053217,0.01588779146942017,0.015941373594916597,0.02947699769817314,0.018349393299444006,0.02721276651151708,0.019072217647339157,0.015860986629070692,0.016994653953931693,0.017756518608419383,0.02179465460047657,0.02214360039714059,0.01950561882764098,0.018664716533756946,0.018377507345512314,0.02174991454805401,0.014611488297061158,0.02234849194281175,0.014899783269261316,0.011207777728355838,0.02132357579507545,0.023409272487688648,0.02506509166322479,0.008385755283558376,0.016809913868149326,0.018688383428117555,0.016891351801429706,0.018096617850675137,0.018586566787926924,0.01855479430500397,0.016767698174741857,0.017068274816521047,0.01489087107386815,0.019602600652899125,0.016926193142176332,0.017403075787132644,0.014950800481334391,0.0122358557299444,0.014955730382843528,0.01425972049404289,0.01759918091501191,0.014408294109610798
MedEq,0.01575442676092137,0.0106985087720413,0.010704421566322479,0.011059414773629865,0.007612744108022238,0.014823455583796663,0.014036578697378874,0.01657488570293884,0.015325840571882443,0.015174037864972198,0.018349393299444006,0.02154120350119142,0.027711323586973785,0.018234468209690227,0.015214433972994438,0.016294331799841143,0.01737264760603653,0.020566184657664806,0.020888192851469423,0.019446587043685466,0.0178671258395552,0.018304782189038922,0.020317561169181892,0.014483730811755365,0.02135482487053216,0.014893608921366161,0.01013625788721207,0.020681699803018264,0.023361288962668782,0.02298422644003177,0.008619840956314536,0.016297877490071486,0.01755082315488483,0.016281502808578232,0.01795762219857029,0.018621265807783956,0.018157626544876883,0.016963140940428917,0.016030681801429702,0.013495656365369337,0.017621643879269257,0.01609420512470214,0.016261539310563934,0.014014828317712471,0.011680591301032568,0.013995083069102462,0.013818289471008735,0.01697383576171564,0.014071304533756946
Drugs,0.022411167779189837,0.014095271650516283,0.014512018176330417,0.015238339555202539,0.009389780845115173,0.021427856751389994,0.02085077984908657,0.023925431429706115,0.021130251739475768,0.020099799177124702,0.02721276651151708,0.027711323586973785,0.055750223941223184,0.026476082511517073,0.021133606397140584,0.02264237028752978,0.02492763398888006,0.029431721586973787,0.029197438840349484,0.02706928604924543,0.02554944664336775,0.026452518516282764,0.02897563420492454,0.020703901170770457,0.031067459764892776,0.02089467712787927,0.015914028371723586,0.03075717847021446,0.03374582999046862,0.033040157899920576,0.010401455820492452,0.02337524911834789,0.02574802365687054,0.023238298698967434,0.02720406855123114,0.02786592250516282,0.026787342613185067,0.024460215486894366,0.022295794365369343,0.018696062413026213,0.025548290959491668,0.023155238136616362,0.02300467204447974,0.020407509526608417,0.016158511768069896,0.01927364197617156,0.01957599100714853,0.02478109431930103,0.02143970773312152
Chems,0.019310217326449556,0.014747319212073074,0.012470443529785545,0.01379007845909452,0.009583846484511514,0.01921618496425735,0.01817311327243844,0.022374641389992053,0.02022283791898332,0.01914674456235107,0.019072217647339157,0.018234468209690227,0.026476082511517073,0.032795848722795874,0.020561748938840343,0.0206424154980143,0.024442343313741066,0.028567765796664014,0.03393657469420175,0.028989906795869737,0.02718188918506751,0.024518053353455128,0.028954794300238285,0.019996067699761713,0.03224887021763305,0.019387611869737885,0.02107332314535345,0.036088438184273236,0.04237187620174741,0.04267070166481334,0.01197210606671962,0.021314666401906275,0.023474139145353453,0.02072543231294678,0.022866280322478155,0.022001702759332803,0.023658698721207308,0.021582614835583797,0.022835387709293088,0.02125247529626688,0.025702672103256555,0.02298517419698173,0.020598351250198575,0.016803678438443208,0.015140121998411433,0.01819716194440032,0.018829324017474176,0.02268746420015886,0.018768933817315328
Rubbr,0.015626767448768866,0.012243411768069895,0.010830778195393171,0.012297502795869737,0.008073296130262112,0.015018586409849086,0.014249835671167591,0.01765883975377283,0.016307799158061954,0.015526995701350273,0.015860986629070692,0.015214433972994438,0.021133606397140584,0.020561748938840343,0.024508966702144554,0.017276785944400318,0.019757794999205717,0.02329301106115965,0.02427332328832407,0.022524053655281966,0.02022910826687847,0.018410012870532167,0.022505464025416998,0.015996279839555202,0.023768098640190624,0.015160784438443205,0.01218581204130262,0.023214817536139788,0.025507991680698967,0.026279186506751383,0.01012034504050834,0.016621855281969817,0.018629846328832408,0.01665200239396346,0.01754713601429706,0.017736740919777595,0.018319533749007154,0.0169772630548054,0.018472684322478155,0.016798286279586978,0.019254628503574265,0.017514859569499604,0.016679021324860998,0.014193612833995235,0.012550230509928515,0.015031703396346307,0.015256042228752983,0.017903472308181092,0.01462998860365369
Txtls,0.0167590864050834,0.013212564772041302,0.01174800325972994,0.012563149801429703,0.009193307818903892,0.017764048927720412,0.015805517394757745,0.019361901350277995,0.01847381070691024,0.01987656812073074,0.016994653953931693,0.016294331799841143,0.02264237028752978,0.0206424154980143,0.017276785944400318,0.031844349064336766,0.021153754465448767,0.025429027901509128,0.023827254614773634,0.022774721442414606,0.021321985753772837,0.019823089429706113,0.023941149407466236,0.017110854538522634,0.025283774411437657,0.017090852092136614,0.007829747799841144,0.022097551472597298,0.02223488610643368,0.024428475850675136,0.009668992508339953,0.01871516930897537,0.01975663979666402,0.018118694258935662,0.019141324746624305,0.019432276651310566,0.01993753096108022,0.01782842786973789,0.01993526295154885,0.01701961147577442,0.02109390914058777,0.01835148097220016,0.01967126756473391,0.016688280781572674,0.013953752578236696,0.01612869239714058,0.017212331571088167,0.019105829680698967,0.015576268479745827
BldMt,0.018335329391580616,0.013963971126290706,0.012349646754567116,0.013615501000794283,0.00950967490389198,0.01872964327243844,0.017626568673550436,0.02134678065131056,0.01948164057188245,0.018514711281969812,0.017756518608419383,0.01737264760603653,0.02492763398888006,0.024442343313741066,0.019757794999205717,0.021153754465448767,0.02844455481493248,0.029788257607625098,0.031008882319301028,0.027518025969817308,0.02532924011437649,0.022523174354249404,0.027323936158856234,0.019617011552025415,0.030507686373312144,0.019081047612390788,0.01560504467037331,0.030243994903891982,0.03375044744082605,0.03398965608895949,0.011509090903891976,0.02029980295472597,0.022747787723590148,0.019892992432088964,0.021060742093725184,0.020852527834789514,0.022178289340746622,0.020200284295472597,0.021919667876092144,0.019339138370135022,0.024148019037331214,0.02157912659571088,0.020297138287529787,0.017148548073073866,0.014998197502779982,0.017756966678316125,0.01840832677362986,0.02138841925972994,0.01761558298332009
Cnstr,0.021206434937251783,0.015967873226370135,0.014229042379666402,0.015357434996028587,0.010668114691024624,0.02237958996822875,0.020724670873709293,0.02461250879269261,0.023382549690230334,0.022371853150119143,0.02179465460047657,0.020566184657664806,0.029431721586973787,0.028567765796664014,0.02329301106115965,0.025429027901509128,0.029788257607625098,0.04513606953296267,0.035933756965845914,0.031274154935663226,0.02938200431771247,0.026704355955520252,0.03234994326926133,0.022282696557585385,0.03568884552501986,0.021493630481334392,0.019074367053216842,0.035830347105639385,0.04209920576806989,0.04026073369658458,0.013628203957108816,0.02360354163621922,0.027091286398729143,0.023183723747418585,0.024624832973788723,0.024452838559173948,0.025669466870532166,0.023433904814932485,0.02540651847021445,0.022288466181096107,0.02842478238443209,0.024880247884034944,0.024328674293884033,0.020374448964257347,0.017355200702144562,0.02102341600635425,0.02279317107386815,0.024920095164416203,0.02042510135345512
Steel,0.022810430039714058,0.016203687148530575,0.01400007123113582,0.0149819578395552,0.010302472088959493,0.023823220953137405,0.020850677601270847,0.02631198921366164,0.02396995771247021,0.0237362805401112,0.02214360039714059,0.020888192851469423,0.029197438840349484,0.03393657469420175,0.02427332328832407,0.023827254614773634,0.031008882319301028,0.035933756965845914,0.05819457496425734,0.037972684606830814,0.03465887923749008,0.028840379348689438,0.03595862138204924,0.02447189126290706,0.04090758436854647,0.022825735694996033,0.03551789042096901,0.049500983939634625,0.06570983709293088,0.05498389410643369,0.013950120397140593,0.025146240667196184,0.02908534630659254,0.024332148419380462,0.026638559539316917,0.02502038619539317,0.027880929420174748,0.025269012470214455,0.02747796252581414,0.025372800873709293,0.03193068433677522,0.028927251675933286,0.025108700270055594,0.02015326127084988,0.01901429880857823,0.021498225480540114,0.022919419269261315,0.027307441938046073,0.021569552374900713
FabPr,0.020360208762509928,0.015233990424146145,0.012545620486100079,0.013809417633042097,0.008457191923749007,0.021547753836378077,0.018425620619539316,0.023564031389992048,0.021800335409054808,0.020629012988085782,0.01950561882764098,0.019446587043685466,0.02706928604924543,0.028989906795869737,0.022524053655281966,0.022774721442414606,0.027518025969817308,0.031274154935663226,0.037972684606830814,0.07971192512152502,0.030477903345512314,0.02665455111675933,0.03162964765051628,0.02185457899285147,0.03535111386179506,0.02008982572835584,0.02181696038125496,0.036467494767275614,0.04433606375218427,0.0433838010548054,0.012687464927720413,0.022150270913423344,0.026165432305003972,0.02221857872597299,0.02406991168228752,0.023050873766481333,0.02469405334392374,0.022812944800635424,0.024035011539316913,0.020046489423351865,0.02590184808895949,0.024671689683876095,0.022684037515488482,0.01843470525178713,0.017604409220015885,0.019544942036536932,0.019864988041302625,0.023502564784749803,0.0187093152406672
Mach ,0.01989218753613979,0.014329045477362983,0.011783965248610005,0.013554121334392374,0.009373158100079429,0.019529975933280375,0.018218182541699757,0.022259018411437653,0.020385733057982528,0.019760649188244637,0.018664716533756946,0.0178671258395552,0.02554944664336775,0.02718188918506751,0.02022910826687847,0.021321985753772837,0.02532924011437649,0.02938200431771247,0.03465887923749008,0.030477903345512314,0.030002576654487682,0.024350967803018264,0.02979704143606036,0.020846150554408253,0.034225893254964244,0.01939050713899921,0.017454518220810167,0.03425071357267673,0.040743804095313745,0.04190616120095314,0.011834713038919774,0.021360380683081805,0.023942069490071483,0.02091194246544877,0.023375043059571086,0.022326576924543283,0.02436561183478951,0.02207101632724384,0.022908508984908656,0.020497140266878478,0.026295854611596503,0.023243719005559965,0.021100743517077036,0.01741021686100079,0.015827057499602858,0.018476703745830027,0.018720810767275615,0.02290235912311358,0.018195683742652898
ElcEq,0.019387650328832405,0.013731750030182685,0.013630734856235104,0.013586351898332008,0.009268628359015091,0.01915123051628276,0.016874792581413823,0.020880722938840354,0.019125978935663226,0.017818144228752976,0.018377507345512314,0.018304782189038922,0.026452518516282764,0.024518053353455128,0.018410012870532167,0.019823089429706113,0.022523174354249404,0.026704355955520252,0.028840379348689438,0.02665455111675933,0.024350967803018264,0.03366693101826845,0.026343928438443208,0.018603983291501185,0.028859770185861798,0.018413911822081016,0.013268243876092132,0.02906853855758539,0.03490056094360604,0.03393007585067514,0.010579349283558378,0.019898545162827644,0.021796175491660044,0.019454581582208103,0.021307454643367748,0.02122931641302621,0.022122889388403493,0.019897013620333602,0.02074825499285147,0.017994532921366154,0.022856880085782363,0.02087805979666402,0.019373612028594122,0.01628335422081017,0.014231043698173153,0.01683759104686259,0.017581150745035745,0.02080297497061159,0.017712957439237488
Autos,0.021757780403494832,0.016253492276409844,0.013921199434471803,0.01485325769658459,0.010562020880063543,0.021630932041302616,0.020595410007942818,0.02526274548054011,0.023027523749007146,0.02294650453375695,0.02174991454805401,0.020317561169181892,0.02897563420492454,0.028954794300238285,0.022505464025416998,0.023941149407466236,0.027323936158856234,0.03234994326926133,0.03595862138204924,0.03162964765051628,0.02979704143606036,0.026343928438443208,0.03843230542335187,0.023173530617950754,0.036211786344718014,0.02174942427958697,0.01775921823669579,0.03454182939475775,0.038621911339158065,0.03961293613343924,0.012653373833200948,0.02367311952343129,0.027018428695790308,0.023450271917394766,0.026017264648133434,0.02513094974424146,0.02671031335980937,0.02406051594598888,0.025920178389197777,0.022795451958697387,0.028920784127084986,0.024956710252581414,0.024225612206513106,0.020162040038125495,0.017346406284352658,0.02074257735980937,0.02121415448451152,0.025553539552025415,0.020168982011119937
Aero ,0.015505395693407469,0.01197643111675933,0.010056521896743447,0.01180291245432883,0.00883330388244639,0.015111684201747418,0.014320092764098489,0.018195416656076248,0.016399747942811755,0.016022907949166002,0.014611488297061158,0.014483730811755365,0.020703901170770457,0.019996067699761713,0.015996279839555202,0.017110854538522634,0.019617011552025415,0.022282696557585385,0.02447189126290706,0.02185457899285147,0.020846150554408253,0.018603983291501185,0.023173530617950754,0.024844752818109606,0.02517669867196187,0.017188423771247026,0.009557947291501192,0.02272738201588562,0.025805377987291496,0.02525583861159651,0.01006865563621922,0.017231020746624307,0.019991963469420178,0.01689266396664019,0.018090569787132645,0.017721127766481333,0.01897773022239873,0.017502946359015094,0.018554089787132636,0.0164459308228753,0.020496640799046867,0.017871328100079426,0.01682762945830024,0.01432396314376489,0.013112869334392374,0.015638545207307387,0.015064965342335184,0.01857512946465449,0.014523379040508337
Ships,0.02386963033200953,0.016974670163621922,0.01270845255599682,0.01679117734710087,0.01017152181731533,0.0229182108816521,0.02196220710087371,0.026947989880857823,0.024878278983320092,0.02450583276250992,0.02234849194281175,0.02135482487053216,0.031067459764892776,0.03224887021763305,0.023768098640190624,0.025283774411437657,0.030507686373312144,0.03568884552501986,0.04090758436854647,0.03535111386179506,0.034225893254964244,0.028859770185861798,0.036211786344718014,0.02517669867196187,0.06278242796505164,0.024483760196981733,0.02284049728355838,0.04202162006989673,0.05203061559650516,0.05123088815885625,0.01457306716123908,0.025793428308181092,0.030653777702938836,0.024917692393963457,0.02735954399682287,0.02619928615409055,0.028364110706910244,0.025679249464654486,0.028140447793486897,0.023991085493248604,0.033912703825258135,0.027815743088165215,0.02646622208737092,0.021096811205718827,0.018989545791898328,0.022448677026211283,0.021682281490071488,0.02741242466719618,0.02223840231294678
Guns ,0.015550152571882447,0.012688992832406671,0.012386863326449562,0.012446749388403495,0.010034565121525018,0.016260736171564732,0.014228496235107226,0.016415641874503575,0.016673411183478946,0.016699497258141377,0.014899783269261316,0.014893608921366161,0.02089467712787927,0.019387611869737885,0.015160784438443205,0.017090852092136614,0.019081047612390788,0.021493630481334392,0.022825735694996033,0.02008982572835584,0.01939050713899921,0.018413911822081016,0.02174942427958697,0.017188423771247026,0.024483760196981733,0.03614321973629864,0.014431035107227954,0.02184716359650516,0.024657315755361398,0.02405464971564734,0.010063515151707704,0.017004659094519457,0.018781797496425737,0.01625189777918983,0.01769536701509134,0.017190913652104848,0.01917462246227164,0.01738528395234313,0.018382352273232722,0.015950519091342336,0.019296824921366165,0.016645044454328836,0.017531396956314536,0.014383237972994437,0.011369556181096106,0.014797638773629865,0.01380134978236696,0.01729423435742653,0.014493187316918186
Gold ,0.017676974773629863,0.009564159364575059,0.0084303365528197,0.008593970420969023,0.010196371787132648,0.013025896108022243,0.008835553010325655,0.010766337664813344,0.01092490474980143,0.007015477172359016,0.011207777728355838,0.01013625788721207,0.015914028371723586,0.02107332314535345,0.01218581204130262,0.007829747799841144,0.01560504467037331,0.019074367053216842,0.03551789042096901,0.02181696038125496,0.017454518220810167,0.013268243876092132,0.01775921823669579,0.009557947291501192,0.02284049728355838,0.014431035107227954,0.20940043996822874,0.06014706843526607,0.06930780190627481,0.045274848133439245,0.013931080794281177,0.013707210738681492,0.011534488260524226,0.010309291405877679,0.012371077839555199,0.012351945893566321,0.015035162573471011,0.013265079745830025,0.011718843812549644,0.015151813057982518,0.012378589706115967,0.015062050389197777,0.00808424787926926,0.006503672787926925,0.0032184540428911836,0.006430143097696586,0.010600574392374898,0.012767628943606038,0.012981393645750596
Mines,0.023835050339952348,0.015407045858617952,0.012221641070691023,0.01402617510722796,0.010074254573471008,0.022481921850675136,0.021342846155679107,0.025579294749801428,0.022694761159650516,0.02141154353296267,0.02132357579507545,0.020681699803018264,0.03075717847021446,0.036088438184273236,0.023214817536139788,0.022097551472597298,0.030243994903891982,0.035830347105639385,0.049500983939634625,0.036467494767275614,0.03425071357267673,0.02906853855758539,0.03454182939475775,0.02272738201588562,0.04202162006989673,0.02184716359650516,0.06014706843526607,0.08035844673391579,0.07617885350754566,0.06616465716600477,0.014642005628276406,0.024769186751389994,0.027207415097696593,0.02355896916123908,0.02767390433836378,0.02603131385067514,0.027541780166799038,0.02476419633518666,0.025619954664019062,0.02480638559650515,0.031204961275615565,0.028508999712470215,0.022715780085782362,0.0192818430166799,0.016912424092136613,0.01884877516759333,0.021413689313741067,0.026052033261318504,0.022067934656076253
Coal ,0.02714518403971405,0.016065829000794278,0.012709921553613977,0.014484920683081815,0.00949728326926132,0.02773215428911834,0.022227655496425736,0.027201521437648927,0.024196769070691022,0.02786506973471009,0.023409272487688648,0.023361288962668782,0.03374582999046862,0.04237187620174741,0.025507991680698967,0.02223488610643368,0.03375044744082605,0.04209920576806989,0.06570983709293088,0.04433606375218427,0.040743804095313745,0.03490056094360604,0.038621911339158065,0.025805377987291496,0.05203061559650516,0.024657315755361398,0.06930780190627481,0.07617885350754566,0.23651006267037328,0.09218407193328039,0.016903753949166007,0.028985762573471012,0.03128524401588562,0.02533526579666402,0.03180886531691819,0.02775115296743447,0.03244452698173153,0.02721984460841938,0.02870644650833995,0.027155172138204925,0.035485738127084984,0.03327900057664813,0.027198369321683874,0.01965610789992057,0.018183739510722795,0.020397175148530577,0.026826357316918185,0.029283129636219225,0.025591227326449563
Oil  ,0.027426746602065132,0.017191260066719616,0.011864302360603651,0.016593534519459885,0.010868558182684672,0.02453506975377283,0.02376109434471802,0.029114538538522642,0.026055435869737888,0.02455247996187451,0.02506509166322479,0.02298422644003177,0.033040157899920576,0.04267070166481334,0.026279186506751383,0.024428475850675136,0.03398965608895949,0.04026073369658458,0.05498389410643369,0.0433838010548054,0.04190616120095314,0.03393007585067514,0.03961293613343924,0.02525583861159651,0.05123088815885625,0.02405464971564734,0.045274848133439245,0.06616465716600477,0.09218407193328039,0.1137158860746624,0.01831394017791898,0.029122789324861002,0.03172706093089754,0.026182015119936456,0.030489647552025413,0.028726901137410644,0.030183655806195392,0.02780927377601271,0.02930375446227165,0.02729304359332804,0.03711425430023828,0.033980512765687046,0.02694369613343923,0.020045296880063544,0.019592717146942017,0.022128237540905482,0.025245021321683873,0.029863481099285143,0.02577295628911835
Util ,0.0098464982573471,0.010255830335186655,0.009290407208895946,0.009306156775218427,0.010302561712470215,0.009210838387609216,0.008537941532962669,0.011119862438443208,0.010204278363780777,0.009319243269261318,0.008385755283558376,0.008619840956314536,0.010401455820492452,0.01197210606671962,0.01012034504050834,0.009668992508339953,0.011509090903891976,0.013628203957108816,0.013950120397140593,0.012687464927720413,0.011834713038919774,0.010579349283558378,0.012653373833200948,0.01006865563621922,0.01457306716123908,0.010063515151707704,0.013931080794281177,0.014642005628276406,0.016903753949166007,0.01831394017791898,0.017232461717235904,0.011101929722001589,0.011650233785544082,0.009987914025416997,0.009532637993645747,0.009779459496425735,0.010298417815726768,0.010128192916600475,0.011590076754567117,0.011460444894360603,0.011843415712470213,0.010642959687053215,0.010182099234312948,0.00912455419062748,0.00669896794598888,0.009835136800635424,0.009421596236695787,0.009930352733915807,0.009990183768069896
Telcm,0.0170591610166799,0.013138824972200156,0.011973013057982526,0.013078382335186654,0.009485458141382047,0.016576580683081807,0.016704009817315325,0.01992754417791898,0.017217926354249402,0.01699536571882446,0.016809913868149326,0.016297877490071486,0.02337524911834789,0.021314666401906275,0.016621855281969817,0.01871516930897537,0.02029980295472597,0.02360354163621922,0.025146240667196184,0.022150270913423344,0.021360380683081805,0.019898545162827644,0.02367311952343129,0.017231020746624307,0.025793428308181092,0.017004659094519457,0.013707210738681492,0.024769186751389994,0.028985762573471012,0.029122789324861002,0.011101929722001589,0.02429191930103257,0.019937272565528193,0.018182222335186654,0.020033616362192214,0.02029135958697379,0.02073004975377284,0.018219090929308977,0.019132940873709287,0.016536014487688638,0.020877773661636217,0.018788662303415412,0.018148386147736294,0.015589680762509928,0.013249563526608417,0.01596260139793487,0.015901502907069102,0.01903071707704528,0.015889419316918188
PerSv,0.019101549140587766,0.0138356495440826,0.012723423771247022,0.01369193696584591,0.008947852651310564,0.01793281054805401,0.017764748117553613,0.02181256447974583,0.01915250738681493,0.01906158860047656,0.018688383428117555,0.01755082315488483,0.02574802365687054,0.023474139145353453,0.018629846328832408,0.01975663979666402,0.022747787723590148,0.027091286398729143,0.02908534630659254,0.026165432305003972,0.023942069490071483,0.021796175491660044,0.027018428695790308,0.019991963469420178,0.030653777702938836,0.018781797496425737,0.011534488260524226,0.027207415097696593,0.03128524401588562,0.03172706093089754,0.011650233785544082,0.019937272565528193,0.03489274863224782,0.020179360813343924,0.02162193467196187,0.021075931666401905,0.02242453042096902,0.0200358682573471,0.021151670144559168,0.018755528622716438,0.02486100693884035,0.021139566868943607,0.020811353429706112,0.017554835113582214,0.015217486093725176,0.017923032578236693,0.01741614600158856,0.021339901871326453,0.01691906995393169
BusSv,0.016770932449563142,0.012700710347895154,0.011379943196187448,0.012183882843526606,0.008723320956314534,0.015799573796664017,0.015544295909451942,0.019053310698967436,0.01671438629070691,0.01651550027323272,0.016891351801429706,0.016281502808578232,0.023238298698967434,0.02072543231294678,0.01665200239396346,0.018118694258935662,0.019892992432088964,0.023183723747418585,0.024332148419380462,0.02221857872597299,0.02091194246544877,0.019454581582208103,0.023450271917394766,0.01689266396664019,0.024917692393963457,0.01625189777918983,0.010309291405877679,0.02355896916123908,0.02533526579666402,0.026182015119936456,0.009987914025416997,0.018182222335186654,0.020179360813343924,0.019675005069102462,0.01922107916282764,0.019646017596505163,0.019962184551231135,0.018022006527402698,0.018922956748212868,0.016405822889594916,0.02088612987926926,0.018398380598888004,0.017923917826846703,0.015442544316123907,0.01333451869420175,0.015809333985702934,0.01556813934710087,0.0189503528101668,0.015344878598888001
Hardw,0.0173913102319301,0.01298925101191422,0.011884456054011117,0.012438132946783163,0.00839067737251787,0.017766296195393168,0.017019411191421762,0.020231170254169973,0.01804946822875298,0.01785287425893566,0.018096617850675137,0.01795762219857029,0.02720406855123114,0.022866280322478155,0.01754713601429706,0.019141324746624305,0.021060742093725184,0.024624832973788723,0.026638559539316917,0.02406991168228752,0.023375043059571086,0.021307454643367748,0.026017264648133434,0.018090569787132645,0.02735954399682287,0.01769536701509134,0.012371077839555199,0.02767390433836378,0.03180886531691819,0.030489647552025413,0.009532637993645747,0.020033616362192214,0.02162193467196187,0.01922107916282764,0.029785997679110398,0.022802866228752973,0.023999287760127087,0.02053088646068308,0.0199784947720413,0.01742402056711676,0.022109138740270054,0.01992140718189039,0.01877076170929309,0.016300821383637806,0.0136278711898332,0.015997581305798255,0.016872980138204922,0.020622885308975377,0.0168937367974583
Softw,0.01796355103891977,0.013100053642573474,0.012430395733121522,0.01311582225575854,0.008875160530579825,0.01745945861000794,0.017672108760921363,0.02038011049245433,0.018087527640984907,0.018127231380460684,0.018586566787926924,0.018621265807783956,0.02786592250516282,0.022001702759332803,0.017736740919777595,0.019432276651310566,0.020852527834789514,0.024452838559173948,0.02502038619539317,0.023050873766481333,0.022326576924543283,0.02122931641302621,0.02513094974424146,0.017721127766481333,0.02619928615409055,0.017190913652104848,0.012351945893566321,0.02603131385067514,0.02775115296743447,0.028726901137410644,0.009779459496425735,0.02029135958697379,0.021075931666401905,0.019646017596505163,0.022802866228752973,0.025091793262907072,0.022643458435266085,0.019952949710881653,0.019625606339952344,0.016634529313741063,0.021430532411437647,0.019450758997617154,0.018937075431294675,0.016762544668784744,0.01370094777760127,0.0162375023796664,0.017052785215250197,0.020468209814138206,0.016680820247815725
Chips,0.018955856211278793,0.013802715806195395,0.012956446910246227,0.013496763065925338,0.0094907437172359,0.019062394543288324,0.017316658991262904,0.020920285822081015,0.01872486098490866,0.01823769291501191,0.01855479430500397,0.018157626544876883,0.026787342613185067,0.023658698721207308,0.018319533749007154,0.01993753096108022,0.022178289340746622,0.025669466870532166,0.027880929420174748,0.02469405334392374,0.02436561183478951,0.022122889388403493,0.02671031335980937,0.01897773022239873,0.028364110706910244,0.01917462246227164,0.015035162573471011,0.027541780166799038,0.03244452698173153,0.030183655806195392,0.010298417815726768,0.02073004975377284,0.02242453042096902,0.019962184551231135,0.023999287760127087,0.022643458435266085,0.02714233721207307,0.021517928395552017,0.020623219038919775,0.017967174845115168,0.022939012446386024,0.020390518085782364,0.01936742265289912,0.016475522216044477,0.014190777045274027,0.016963763653693408,0.017126436973788725,0.02138846181096108,0.01698935353455123
LabEq,0.016771455159650516,0.012615975148530582,0.011395341537728356,0.012975541397934868,0.009226527621922158,0.016367985123113583,0.01578607123907863,0.018518148363780778,0.017127182986497222,0.01660186824146147,0.016767698174741857,0.016963140940428917,0.024460215486894366,0.021582614835583797,0.0169772630548054,0.01782842786973789,0.020200284295472597,0.023433904814932485,0.025269012470214455,0.022812944800635424,0.02207101632724384,0.019897013620333602,0.02406051594598888,0.017502946359015094,0.025679249464654486,0.01738528395234313,0.013265079745830025,0.02476419633518666,0.02721984460841938,0.02780927377601271,0.010128192916600475,0.018219090929308977,0.0200358682573471,0.018022006527402698,0.02053088646068308,0.019952949710881653,0.021517928395552017,0.02305104535504368,0.01903941144876886,0.01672449679269261,0.020862886927720415,0.018583454508339946,0.017513919218427317,0.015103369806195392,0.013051769471008737,0.015715149890389194,0.015346094203335981,0.019155244616362196,0.015501831361397938
Paper,0.01744208004924544,0.013933687644162036,0.012779606554408258,0.013354990007942807,0.009760958420969022,0.01736446391580619,0.016581588157267676,0.020434633415409055,0.018065901207307382,0.018127880740270053,0.017068274816521047,0.016030681801429702,0.022295794365369343,0.022835387709293088,0.018472684322478155,0.01993526295154885,0.021919667876092144,0.02540651847021445,0.02747796252581414,0.024035011539316913,0.022908508984908656,0.02074825499285147,0.025920178389197777,0.018554089787132636,0.028140447793486897,0.018382352273232722,0.011718843812549644,0.025619954664019062,0.02870644650833995,0.02930375446227165,0.011590076754567117,0.019132940873709287,0.021151670144559168,0.018922956748212868,0.0199784947720413,0.019625606339952344,0.020623219038919775,0.01903941144876886,0.030978736741858623,0.020519490019062746,0.022540896929308978,0.019969473869737884,0.019304606125496428,0.016047223734710087,0.014396869601270852,0.017456258382843523,0.017012493116759324,0.02010751164733916,0.016018643961874506
