,Agric,Food ,Soda ,Beer ,Smoke,Toys ,Fun  ,Books,Hshld,Clths,Hlth ,MedEq,Drugs,Chems,Rubbr,Txtls,BldMt,Cnstr,Steel,FabPr,Mach ,ElcEq,Autos,Aero ,Ships,Guns ,Gold ,Mines,Coal ,Oil  ,Util ,Telcm,PerSv,BusSv,Hardw,Softw,Chips,LabEq,Paper,Boxes,Trans,Whlsl,Rtail,Meals,Banks,Insur,RlEst,Fin  ,Other
Agric,0.048481253660047664,0.01389478508816521,0.012550890962668784,0.012052058637013505,0.010130446838760923,0.01596355022398729,0.015956419559968228,0.019767422420969023,0.017193954333598094,0.01566120396822875,0.018205487790309772,0.01690816785385226,0.023596403204130256,0.0212528798141382,0.017295478166799043,0.017989144135027797,0.020442310470214452,0.0235797876330421,0.0248215063669579,0.021034197729944394,0.0219428827084988,0.021072086130262114,0.023926160424146144,0.01723739745671167,0.026089273216838755,0.017375553787132642,0.019336097796664016,0.02597248666878474,0.029405255469420175,0.030104132951548852,0.010647500986497221,0.01850050278316124,0.020900346162033356,0.01823167186179507,0.019053385191421763,0.019379281307386812,0.020721370360603654,0.01839234274344718,0.019205607475774423,0.016215115358220813,0.021989782956314537,0.018702526473391583,0.01828037579030977,0.016043213185067514,0.013074372997617153,0.016247282281175536,0.015746371776012704,0.019983212748212867,0.015922409064336774
Food ,0.01389478508816521,0.01658693021604448,0.011963931512311357,0.011294129728355837,0.01074517489277204,0.011873648835583797,0.012075397825258145,0.014885511640984906,0.013453504513105638,0.013042121471008736,0.011606694405083398,0.01143675229229547,0.01482867208737093,0.015737927880857826,0.013246897858617953,0.013998840843526606,0.01534063229070691,0.017446132398729147,0.017161205823669576,0.015131813942811753,0.015408388046068307,0.014568284945194597,0.017476372818109612,0.012836359448768866,0.018250803097696583,0.013803568837172361,0.01080215202700556,0.01659065062112788,0.01758374307545671,0.018582628579825258,0.010702958978554408,0.01403603684511517,0.014810135890389198,0.013508472595710886,0.01407378101032566,0.013999659159650516,0.014796673763304208,0.013562677138999207,0.014798269105639396,0.013033177706115964,0.014982665189833202,0.013811018149324858,0.01376277950754567,0.012204577029388403,0.009441230173153297,0.012654345340746626,0.012514064163621922,0.014354041262907064,0.011997911075456709
Soda ,0.012550890962668784,0.011963931512311357,0.03731908076092137,0.012550849925337572,0.011129788713264498,0.010377063755361397,0.011126676643367752,0.014020427237490073,0.011839482457505959,0.011028217191421762,0.010527466046068308,0.01137766728514694,0.015323031235901506,0.013795979566322478,0.011833313223193009,0.012648491480540109,0.013537947131056396,0.015663823582208098,0.015034928644956312,0.012667662667196183,0.012943563836378076,0.014474907293089753,0.015326346104845113,0.010820128579825257,0.014031834710087369,0.013463033599682286,0.01038488549166005,0.014003038446386019,0.014897996158856236,0.014275335007148528,0.009896719505957108,0.012807046255758538,0.013553300859412235,0.012183663102462269,0.012827775888800637,0.013230669193010325,0.013758368797458299,0.012262810870532168,0.013877623691818905,0.011538509518665608,0.012836283254964258,0.01160203041302621,0.012032962637013502,0.011726555075456708,0.009053897566322478,0.012104203691818902,0.012202323950754566,0.013182211239078635,0.01128129015726767
Beer ,0.012052058637013505,0.011294129728355837,0.012550849925337572,0.02846857019221605,0.010078021985702937,0.011103861077045274,0.011356726297061158,0.013567805166004764,0.01342190443844321,0.012632811285146942,0.011583091996822873,0.011787038748212866,0.01591932758697379,0.014668398608419378,0.013098225906274819,0.013507264629070691,0.014725114198570297,0.01708035739475774,0.015947397019857024,0.013910293293089755,0.014307056584590944,0.014347350519459888,0.01574202264654488,0.012413503275615568,0.017838677235901504,0.014004186611596503,0.009261540784749799,0.015426908822875297,0.015591744978554404,0.017766732270055603,0.009608760711675934,0.013849600501985705,0.014230392362192213,0.012916651844320889,0.013137619482128675,0.013817297798252581,0.014351893591739474,0.013660742169976172,0.014051006748212866,0.012829987996822875,0.01437237091024623,0.01289499456711676,0.01316775104050834,0.011717536298649722,0.009255113416997618,0.011974013229547262,0.011883268409849088,0.013949037108816523,0.011345663205718826
Smoke,0.010130446838760923,0.01074517489277204,0.011129788713264498,0.010078021985702937,0.02438242642573471,0.008857630706910246,0.008905896131850674,0.010433781016679905,0.00935051058776807,0.008418791215250198,0.007436022843526606,0.008419142366957903,0.010150016068308178,0.010616798133439237,0.009028362779984114,0.009873410794281175,0.01086033895949166,0.012189757847498013,0.011341177299444003,0.008964945647339156,0.01031519227164416,0.010204396417791898,0.011723119531374105,0.009541403312152504,0.0118652941223193,0.01104760498014297,0.010586389046862588,0.011350765607625098,0.010204134058776806,0.01245274890389198,0.01067857100079428,0.010321098570293886,0.00984410814138205,0.00951569511517077,0.009023160810166799,0.009508298467037327,0.010032169324861001,0.009847320849880856,0.01068707588562351,0.009921995123113581,0.01000037611596505,0.009400075083399522,0.00971667742652899,0.009440106243050037,0.006472163193010324,0.009368383574265289,0.008585556211278792,0.009999294225575854,0.008878537331215249
Toys ,0.01596355022398729,0.011873648835583797,0.010377063755361397,0.011103861077045274,0.008857630706910246,0.03502344521683876,0.014983729756949964,0.017066402916600477,0.016679861575853848,0.016618841830023826,0.01511771233677522,0.015094553702938843,0.021618486128673543,0.02005751314058777,0.015572634351072276,0.018092168613185064,0.01955908345353455,0.023249853677521845,0.024535981528196978,0.020418816988085786,0.02012105586973789,0.019755996324066716,0.022264878344718034,0.015804092876886416,0.02384413747418586,0.01745773904050834,0.014109146405083402,0.02335651290230342,0.02872188503891978,0.025517697286735502,0.009609871793486892,0.017145534722795872,0.01824767190786338,0.016204605302621126,0.018690228200158858,0.01797433420492454,0.019580813070691025,0.016956965906274817,0.01809935435107228,0.015322142926131849,0.01897039690865766,0.01696545180301827,0.017644091691818905,0.014579803653693409,0.011492615612390785,0.013956840387609217,0.016275733092930903,0.017344831183478952,0.014675795081810961
Fun  ,0.015956419559968228,0.012075397825258145,0.011126676643367752,0.011356726297061158,0.008905896131850674,0.014983729756949964,0.022014439604447975,0.017648566637013505,0.01574406403653693,0.01625023918347895,0.015335297709293086,0.015005051545671166,0.021859151833200953,0.01976536276568705,0.015630335507545667,0.017163419048451152,0.019510080233518662,0.022789975385226365,0.02262953618109611,0.018775533561556788,0.01975237343129468,0.018180390171564732,0.02250280897378872,0.015519047741064336,0.02399725132644956,0.015897455000794283,0.010358259858617953,0.022951056721207307,0.024198369127879274,0.025753929262907066,0.009176536643367749,0.017891402214455916,0.018919850711675932,0.016676511102462266,0.018477121153296264,0.018733159652104845,0.018657395542494043,0.017021160506751388,0.017899817350278003,0.015262320676727559,0.019319078311358217,0.017222842962668787,0.017349270373312155,0.01547787212073074,0.012100597671167595,0.014986912457505955,0.015420215077045274,0.0178346200714853,0.015153937540905478
Books,0.019767422420969023,0.014885511640984906,0.014020427237490073,0.013567805166004764,0.010433781016679905,0.017066402916600477,0.017648566637013505,0.035313085629864974,0.018728049845909447,0.01839996894042891,0.018257273270849875,0.01717954431135822,0.02464109382366958,0.02338364743129468,0.0183653584050834,0.019498582141382045,0.02246330135980937,0.02613530368546465,0.026781738757744238,0.022743662058776808,0.023011483415409054,0.021616734795869737,0.026332266214455915,0.018700391761715646,0.028438911231135816,0.017252573080222405,0.0118853154853058,0.026325424413026214,0.027385160616362182,0.029890545636219224,0.011714975132644957,0.020621949693407467,0.022216839069102455,0.019778035396346306,0.02080474187132645,0.021214060965845907,0.021617615523431288,0.019445139955520264,0.021174870176330424,0.017356655580619537,0.02337994085146942,0.020256668482922954,0.01992627183478951,0.017180961111993645,0.014692725960285936,0.0179489242827641,0.01756142557267673,0.021109143621922163,0.01708205514853058
Hshld,0.017193954333598094,0.013453504513105638,0.011839482457505959,0.01342190443844321,0.00935051058776807,0.016679861575853848,0.01574406403653693,0.018728049845909447,0.02330628189197776,0.018705625172359013,0.016541901807783962,0.015917236517871323,0.02176410640031771,0.021499746467037322,0.017241088708498806,0.01924898276568705,0.0210275928943606,0.02496193103256553,0.024966125347100875,0.02151826455440826,0.02148666207307387,0.019962949281969816,0.024390809323272436,0.017321560846703724,0.02615273046862589,0.01791907654169976,0.012427675553613978,0.02400725309928515,0.02613978501350277,0.027667384417791895,0.010730042473391578,0.018130214192216047,0.02011336766163622,0.01752976924384432,0.019217716069896747,0.0190395061810961,0.01973611023669579,0.01813518268308181,0.01901019676250993,0.017190744219221597,0.021034713545671165,0.018435447760127083,0.019688332327243846,0.01607764432088959,0.012946626233518665,0.016022563100873712,0.016423643003971408,0.019076481231135818,0.015973069391580618
Clths,0.01566120396822875,0.013042121471008736,0.011028217191421762,0.012632811285146942,0.008418791215250198,0.016618841830023826,0.01625023918347895,0.01839996894042891,0.018705625172359013,0.03359647757903097,0.016571459742652898,0.015959765286735508,0.021059331555202537,0.020810105839555205,0.016601338795869735,0.021010972177918977,0.020447473267672756,0.024296622382843528,0.024973374830818105,0.02084971368069897,0.02112911302621128,0.018968367812549642,0.02459298521683876,0.01721732215726767,0.026054025575853842,0.018355886795869733,0.009005398262112788,0.022893970668784753,0.02987084425099284,0.026391250652899115,0.009964643402700557,0.018167931571088165,0.020056624841938046,0.017391076622716443,0.019254605490071488,0.019352107173947575,0.019467744819698173,0.017933284978554405,0.01924227611119936,0.016261430716441615,0.021231805086576648,0.01826951598093725,0.023005842827640982,0.017202875552025414,0.012696770046068307,0.016127340956314542,0.017165179580619534,0.01888086403494837,0.015659104959491656
Hlth ,0.018205487790309772,0.011606694405083398,0.010527466046068308,0.011583091996822873,0.007436022843526606,0.01511771233677522,0.015335297709293086,0.018257273270849875,0.016541901807783962,0.016571459742652898,0.029777450268467034,0.01884921144400318,0.027744868136616356,0.020322168686258937,0.016840095879269257,0.017715457963463063,0.019145809429706114,0.02364644740270055,0.02337995092613185,0.019408712273232723,0.019782341604447973,0.019366892206513102,0.023223702100079423,0.01548243082446386,0.023805942271644166,0.01618412410484511,0.011905556549642569,0.022373345842732324,0.025081764524225572,0.026612675151707704,0.008952942042891184,0.0177970597172359,0.01972629945035743,0.017734116238284355,0.01911803921842732,0.019399393753772837,0.019604393728355835,0.017770235666401905,0.018099195164416198,0.015568596486100079,0.02071743475138999,0.017758815059571085,0.018108893471008736,0.015545713296266883,0.012702516428911834,0.01592034429864972,0.015215464698967434,0.018643583828435263,0.015414765903097703
MedEq,0.01690816785385226,0.01143675229229547,0.01137766728514694,0.011787038748212866,0.008419142366957903,0.015094553702938843,0.015005051545671166,0.01717954431135822,0.015917236517871323,0.015959765286735508,0.01884921144400318,0.021867215097696586,0.02806821476092136,0.01958812547736299,0.016303131177124702,0.017264865556791104,0.018816117197776008,0.022226831421763304,0.02202130361874503,0.019421716371723585,0.01908383501191422,0.01917021201588562,0.021767168470214458,0.015505567218427321,0.022982646417791897,0.016280844930897535,0.011712399091342333,0.022288019424940426,0.025761630163621926,0.02514581701032565,0.009339686093725178,0.0173648602573471,0.018458657957108816,0.017150599891977758,0.019178130624304998,0.019394814436854646,0.019118382862589354,0.01795544348212868,0.017167900168387616,0.014209765286735503,0.018722745760127085,0.017012213248610006,0.01712782528991263,0.014833977378872116,0.012159634459094518,0.014967870525814136,0.014601541903097695,0.01799852031771247,0.015156037960285938
Drugs,0.023596403204130256,0.01482867208737093,0.015323031235901506,0.01591932758697379,0.010150016068308178,0.021618486128673543,0.021859151833200953,0.02464109382366958,0.02176410640031771,0.021059331555202537,0.027744868136616356,0.02806821476092136,0.05567297259888799,0.027718308957903094,0.022270253404289116,0.023636136138204922,0.026432782498808576,0.031029988474980133,0.030252637830023823,0.026603859274027003,0.0268079066163622,0.027416983410643365,0.030226644100079424,0.021780852290706913,0.03281859350277998,0.02226362244162033,0.01704129513741064,0.032177667631453535,0.03579680796505163,0.03519348063383638,0.011188158590945194,0.02445117589515488,0.02667979934392374,0.024158106800635418,0.027984287552025415,0.0284876055107228,0.02757919044638601,0.025292525132644954,0.023418326573471003,0.019313501976171564,0.026634667725178713,0.02406253875297855,0.024118521683876085,0.021234548816521044,0.016690372527402703,0.020313075088165208,0.020480059315329622,0.02565493555996822,0.022445334357426534
Chems,0.0212528798141382,0.015737927880857826,0.013795979566322478,0.014668398608419378,0.010616798133439237,0.02005751314058777,0.01976536276568705,0.02338364743129468,0.021499746467037322,0.020810105839555205,0.020322168686258937,0.01958812547736299,0.027718308957903094,0.035170569548848285,0.02220677261636219,0.02207990030341541,0.026905372799046857,0.03136644253375694,0.035939493925337566,0.028994066508339945,0.029102523185067515,0.026161334969023044,0.031390915741064326,0.021645000036536934,0.03505376233518666,0.021498694285941228,0.023524575172359015,0.03837640363145353,0.045313930366957904,0.045079251248610015,0.012733144347895154,0.02293606791739476,0.02520577025099285,0.022230832579825253,0.024881533162827638,0.023612923766481334,0.025553863501191425,0.02334556601906275,0.024587340622716444,0.022467290621127872,0.02752969195710881,0.02446929397140588,0.02218219602859412,0.01809984991262907,0.01594500678951549,0.01972425539634631,0.02046624286100079,0.024567910953137408,0.020398126452740268
Rubbr,0.017295478166799043,0.013246897858617953,0.011833313223193009,0.013098225906274819,0.009028362779984114,0.015572634351072276,0.015630335507545667,0.0183653584050834,0.017241088708498806,0.016601338795869735,0.016840095879269257,0.016303131177124702,0.022270253404289116,0.02220677261636219,0.025610763977760125,0.01843402707227959,0.02175047579666402,0.02536942359015091,0.02571348920095313,0.02232007792533756,0.021715327164416202,0.019853340438443213,0.024312458265289907,0.01734296591898332,0.0258731337887212,0.01692516579189833,0.014475206357426528,0.025043387977760134,0.027917558112787927,0.028212213505957102,0.01086981775059571,0.017989980918189038,0.020069190414614774,0.017874393674344725,0.019049065563145354,0.018961730996028586,0.0197134986624305,0.018247734897537733,0.019792500975377287,0.017640091424940427,0.02079925352501986,0.018741672930897544,0.01793666389197776,0.015236372168387606,0.013211293642573476,0.016254304343129466,0.01647027349007148,0.019431627370929305,0.01593450548689436
Txtls,0.017989144135027797,0.013998840843526606,0.012648491480540109,0.013507264629070691,0.009873410794281175,0.018092168613185064,0.017163419048451152,0.019498582141382045,0.01924898276568705,0.021010972177918977,0.017715457963463063,0.017264865556791104,0.023636136138204922,0.02207990030341541,0.01843402707227959,0.033638070422557585,0.02317253008260524,0.027632144312946787,0.025263323853852264,0.02282658979666402,0.022641347378872117,0.020909380227164414,0.025708106829229544,0.017983028551231135,0.027467541747418583,0.01861856315011914,0.00965619231294678,0.023751510065131053,0.02406357268625893,0.026423728119142172,0.010285188970611595,0.019920751030976964,0.021065184214455916,0.019122761046862592,0.020461720803812547,0.020548855378872116,0.021245633985702932,0.01893816095154885,0.021171322862589353,0.01779303670532168,0.022264073418586175,0.019226274193804606,0.020671332708498812,0.01767159726767276,0.014409823945988878,0.017188688247815727,0.018128740478157268,0.02042767583002383,0.01681071831930104
BldMt,0.020442310470214452,0.01534063229070691,0.013537947131056396,0.014725114198570297,0.01086033895949166,0.01955908345353455,0.019510080233518662,0.02246330135980937,0.0210275928943606,0.020447473267672756,0.019145809429706114,0.018816117197776008,0.026432782498808576,0.026905372799046857,0.02175047579666402,0.02317253008260524,0.03165892571723591,0.033028860309769655,0.03307665299761716,0.027916890562351075,0.02752533600476568,0.02435625277362986,0.03013019566799047,0.021292382845115174,0.03377438206513106,0.021411575871326444,0.01803272844638602,0.03256928661159651,0.03715752435583796,0.03682569707227958,0.012538797726767272,0.02217390894042891,0.024693095108816517,0.0215623513629865,0.023170890138204916,0.022644798247815724,0.02423926268149325,0.022092597050039714,0.02399715087212073,0.020629639844320893,0.02629307010166798,0.023318034733915805,0.022183525972994434,0.018699271548848293,0.01594057384908658,0.019446491666401906,0.020191593974583005,0.02351033349483717,0.019579948298649723
Cnstr,0.0235797876330421,0.017446132398729147,0.015663823582208098,0.01708035739475774,0.012189757847498013,0.023249853677521845,0.022789975385226365,0.02613530368546465,0.02496193103256553,0.024296622382843528,0.02364644740270055,0.022226831421763304,0.031029988474980133,0.03136644253375694,0.02536942359015091,0.027632144312946787,0.033028860309769655,0.04897098972994438,0.03849571880857824,0.031877303057982524,0.031845542851469406,0.028778442438443207,0.035365686187450354,0.024339115957108817,0.039189103685464646,0.024312562581413823,0.02160089857823669,0.03864343102462271,0.0455697708816521,0.04360361424146147,0.014951729396346303,0.025655264543288328,0.029206049475774425,0.02503505335186656,0.026930418061953922,0.02648248332803813,0.027983204749801427,0.025612282867355042,0.027609516108022234,0.023721058474980142,0.030883969682287526,0.02677180202541699,0.026229670976965845,0.022072062462271645,0.01846849609213662,0.023006436568705317,0.02484335022239872,0.027173067204130263,0.022509666544876884
Steel,0.0248215063669579,0.017161205823669576,0.015034928644956312,0.015947397019857024,0.011341177299444003,0.024535981528196978,0.02262953618109611,0.026781738757744238,0.024966125347100875,0.024973374830818105,0.02337995092613185,0.02202130361874503,0.030252637830023823,0.035939493925337566,0.02571348920095313,0.025263323853852264,0.03307665299761716,0.03849571880857824,0.05921774391739475,0.037009296969023026,0.03633834806989674,0.03034379202223987,0.03819570267513898,0.025725174389197785,0.0434051727720413,0.024752709575853852,0.038474148317712474,0.05118316510881652,0.06939421794440033,0.05757885268625893,0.014897907580619535,0.026634427456711678,0.030921631291501186,0.025651755955520255,0.02857201454487688,0.026615639564733912,0.029787786471803017,0.026851371999999995,0.02919309145671167,0.026515495625099292,0.0333458813375695,0.030030425305798247,0.026355272660841936,0.021231680063542493,0.019312041372517866,0.02280151376012709,0.024304783488482924,0.02883362660841938,0.023289525451945986
FabPr,0.021034197729944394,0.015131813942811753,0.012667662667196183,0.013910293293089755,0.008964945647339156,0.020418816988085786,0.018775533561556788,0.022743662058776808,0.02151826455440826,0.02084971368069897,0.019408712273232723,0.019421716371723585,0.026603859274027003,0.028994066508339945,0.02232007792533756,0.02282658979666402,0.027916890562351075,0.031877303057982524,0.037009296969023026,0.08351252864019063,0.030353889444003166,0.02630803776171565,0.03133417004447975,0.02192154152660842,0.03622264023828435,0.02082028228911835,0.022554768621127874,0.035789104339952346,0.044071292171564726,0.042993391416997616,0.012596412675138998,0.02218301527879269,0.025979355235901516,0.021920256795869734,0.02404726453057983,0.023176818978554406,0.024717591736298648,0.022671590648133438,0.02411263992692613,0.0199835426878475,0.026001392659253376,0.024277601326449568,0.022896530738681486,0.01837791698173153,0.016751174961080223,0.019573654335186656,0.02006210109134234,0.023487349142176327,0.019275536066719615
Mach ,0.0219428827084988,0.015408388046068307,0.012943563836378076,0.014307056584590944,0.01031519227164416,0.02012105586973789,0.01975237343129468,0.023011483415409054,0.02148666207307387,0.02112911302621128,0.019782341604447973,0.01908383501191422,0.0268079066163622,0.029102523185067515,0.021715327164416202,0.022641347378872117,0.02752533600476568,0.031845542851469406,0.03633834806989674,0.030353889444003166,0.03176964205718824,0.025829381675933284,0.032006342915011914,0.022230826791104046,0.03671205866560762,0.021185365837966638,0.01987439193804607,0.03605028922954727,0.04361121262907068,0.04406499649722001,0.01265078803018268,0.022762127291501195,0.025625586266878473,0.022282669825258148,0.02510553002382844,0.023709760548054012,0.026046849102462275,0.023477057307386813,0.02455035051628277,0.021577545369340746,0.02785372096108022,0.024467154765687046,0.022438513232724378,0.018468554916600474,0.016447946703733122,0.019889612295472595,0.02001888539316918,0.024643431667990465,0.01972966969023034
ElcEq,0.021072086130262114,0.014568284945194597,0.014474907293089753,0.014347350519459888,0.010204396417791898,0.019755996324066716,0.018180390171564732,0.021616734795869737,0.019962949281969816,0.018968367812549642,0.019366892206513102,0.01917021201588562,0.027416983410643365,0.026161334969023044,0.019853340438443213,0.020909380227164414,0.02435625277362986,0.028778442438443207,0.03034379202223987,0.02630803776171565,0.025829381675933284,0.035022335089753776,0.028235599057982525,0.019979690101667988,0.03096515785544082,0.02002978476409849,0.015311382467037329,0.030605272594122313,0.03705337985385226,0.03572065272915012,0.011152313409054803,0.021230548374900713,0.023161228513105633,0.020600689367752178,0.022994278884829227,0.022501149202541697,0.02364933414138205,0.02121455637331215,0.022129839183478953,0.019115608003177124,0.02438814108181096,0.022035012414614773,0.020409852962668784,0.017197974328832397,0.014865666881652102,0.018028607142176332,0.01874721250675139,0.02231031276409849,0.01891345068467037
Autos,0.023926160424146144,0.017476372818109612,0.015326346104845113,0.01574202264654488,0.011723119531374105,0.022264878344718034,0.02250280897378872,0.026332266214455915,0.024390809323272436,0.02459298521683876,0.023223702100079423,0.021767168470214458,0.030226644100079424,0.031390915741064326,0.024312458265289907,0.025708106829229544,0.03013019566799047,0.035365686187450354,0.03819570267513898,0.03133417004447975,0.032006342915011914,0.028235599057982525,0.04124123267831612,0.024849106762509926,0.039271586036536923,0.02395539281493249,0.020204348751389996,0.03707112964892771,0.04237771360444797,0.04289275651945989,0.013669797367752187,0.02542505592692613,0.029004643744241457,0.025038360795869734,0.028067220228752975,0.026764732643367754,0.0286305602954726,0.025885243623510718,0.027934684381254963,0.02419695935504369,0.030950204802223977,0.02661571811755361,0.02600329842732327,0.021570547958697377,0.01820492032724384,0.022582956327243844,0.02280515251628276,0.0275604417553614,0.021967064142970606
Aero ,0.01723739745671167,0.012836359448768866,0.010820128579825257,0.012413503275615568,0.009541403312152504,0.015804092876886416,0.015519047741064336,0.018700391761715646,0.017321560846703724,0.01721732215726767,0.01548243082446386,0.015505567218427321,0.021780852290706913,0.021645000036536934,0.01734296591898332,0.017983028551231135,0.021292382845115174,0.024339115957108817,0.025725174389197785,0.02192154152660842,0.022230826791104046,0.019979690101667988,0.024849106762509926,0.025824094644956316,0.02734343369340746,0.01883589548689436,0.011486912538522636,0.02426125086258936,0.027431309544082603,0.027208461148530576,0.010741099493248609,0.018341447660047652,0.02130960125337569,0.018037173879269258,0.019507404381254964,0.01886392778872121,0.020255914379666406,0.018669539820492447,0.019901769382049246,0.01719868558856235,0.021723326530579828,0.018886230301826845,0.017971907863383638,0.015311210706910246,0.01356951374424146,0.016722371081810957,0.016223633444003172,0.019925800071485308,0.015664908063542492
Ships,0.026089273216838755,0.018250803097696583,0.014031834710087369,0.017838677235901504,0.0118652941223193,0.02384413747418586,0.02399725132644956,0.028438911231135816,0.02615273046862589,0.026054025575853842,0.023805942271644166,0.022982646417791897,0.03281859350277998,0.03505376233518666,0.0258731337887212,0.027467541747418583,0.03377438206513106,0.039189103685464646,0.0434051727720413,0.03622264023828435,0.03671205866560762,0.03096515785544082,0.039271586036536923,0.02734343369340746,0.0670062277680699,0.026810344162033362,0.02597464001588562,0.04459706227164416,0.05513338976965846,0.05432180109610803,0.015603140889594918,0.02782525375694996,0.03267774371723589,0.02673416792692613,0.029861613693407462,0.02823835194598888,0.03076507272438443,0.027771594392374897,0.030321252708498805,0.025392803685464656,0.036206613073868146,0.02947222142970612,0.028044297156473393,0.022418557172359015,0.01987980918189039,0.02442302112787927,0.023146442970611594,0.029685534725972993,0.024305398443208896
Guns ,0.017375553787132642,0.013803568837172361,0.013463033599682286,0.014004186611596503,0.01104760498014297,0.01745773904050834,0.015897455000794283,0.017252573080222405,0.01791907654169976,0.018355886795869733,0.01618412410484511,0.016280844930897535,0.02226362244162033,0.021498694285941228,0.01692516579189833,0.01861856315011914,0.021411575871326444,0.024312562581413823,0.024752709575853852,0.02082028228911835,0.021185365837966638,0.02002978476409849,0.02395539281493249,0.01883589548689436,0.026810344162033362,0.03891738023669578,0.016515104007942812,0.02378667751866561,0.0271343379158062,0.026266996986497218,0.010943550279586975,0.018706863227958698,0.020308586368546464,0.017790417803018262,0.019306256454328836,0.01873684424622716,0.020797282894360603,0.018964615833200957,0.020017523377283554,0.01695211513582208,0.021071097984114377,0.018133310476568697,0.019031529277204126,0.015520457728355835,0.012300537509134233,0.01624549877045274,0.015339359083399524,0.01884518388403495,0.01620926749166005
Gold ,0.019336097796664016,0.01080215202700556,0.01038488549166005,0.009261540784749799,0.010586389046862588,0.014109146405083402,0.010358259858617953,0.0118853154853058,0.012427675553613978,0.009005398262112788,0.011905556549642569,0.011712399091342333,0.01704129513741064,0.023524575172359015,0.014475206357426528,0.00965619231294678,0.01803272844638602,0.02160089857823669,0.038474148317712474,0.022554768621127874,0.01987439193804607,0.015311382467037329,0.020204348751389996,0.011486912538522636,0.02597464001588562,0.016515104007942812,0.21358095919142175,0.06372763317871326,0.07332577494201745,0.04803531780937252,0.01480589405401112,0.015299234271644164,0.013578556875297854,0.012083290403494843,0.015167925664813342,0.01414317285305798,0.01721580885464655,0.015205816281175536,0.013874580336775218,0.016176272320889598,0.014208112703733119,0.0165218894598888,0.01036094474980143,0.007731749547259728,0.004946118846703732,0.00855833993963463,0.011835503734710085,0.015098398133439238,0.014357519272438444
Mines,0.02597248666878474,0.01659065062112788,0.014003038446386019,0.015426908822875297,0.011350765607625098,0.02335651290230342,0.022951056721207307,0.026325424413026214,0.02400725309928515,0.022893970668784753,0.022373345842732324,0.022288019424940426,0.032177667631453535,0.03837640363145353,0.025043387977760134,0.023751510065131053,0.03256928661159651,0.03864343102462271,0.05118316510881652,0.035789104339952346,0.03605028922954727,0.030605272594122313,0.03707112964892771,0.02426125086258936,0.04459706227164416,0.02378667751866561,0.06372763317871326,0.08231886900079427,0.0789064980079428,0.06812739085941223,0.015534986309769657,0.02639955460524225,0.029405091402700555,0.02517553562192216,0.02993193098649722,0.027817368492454326,0.02960179743288324,0.026554648759332795,0.027492921385226368,0.026106941756949963,0.03283229868467038,0.029759247386814937,0.024080795965051624,0.020223117140587762,0.01777504842573471,0.020615172155679113,0.022745186157267675,0.02809233472597299,0.023876879574265285
Coal ,0.029405255469420175,0.01758374307545671,0.014897996158856236,0.015591744978554404,0.010204134058776806,0.02872188503891978,0.024198369127879274,0.027385160616362182,0.02613978501350277,0.02987084425099284,0.025081764524225572,0.025761630163621926,0.03579680796505163,0.045313930366957904,0.027917558112787927,0.02406357268625893,0.03715752435583796,0.0455697708816521,0.06939421794440033,0.044071292171564726,0.04361121262907068,0.03705337985385226,0.04237771360444797,0.027431309544082603,0.05513338976965846,0.0271343379158062,0.07332577494201745,0.0789064980079428,0.2396463728610007,0.09533749093884034,0.017833925531374105,0.030892045407466248,0.034171598058776814,0.02753726829864972,0.035131502773629864,0.030142191208895948,0.03536172137251787,0.029551138735504374,0.03142794346624305,0.029439866649722,0.038071208835583785,0.03524727048451152,0.028906524575059572,0.021058204765687046,0.019539129823669572,0.022678671663224778,0.028831977610802233,0.03196290327243844,0.028304881385226372
Oil  ,0.030104132951548852,0.018582628579825258,0.014275335007148528,0.017766732270055603,0.01245274890389198,0.025517697286735502,0.025753929262907066,0.029890545636219224,0.027667384417791895,0.026391250652899115,0.026612675151707704,0.02514581701032565,0.03519348063383638,0.045079251248610015,0.028212213505957102,0.026423728119142172,0.03682569707227958,0.04360361424146147,0.05757885268625893,0.042993391416997616,0.04406499649722001,0.03572065272915012,0.04289275651945989,0.027208461148530576,0.05432180109610803,0.026266996986497218,0.04803531780937252,0.06812739085941223,0.09533749093884034,0.11464382889753771,0.019188275801429705,0.03071151957744241,0.034303499671167595,0.028347956440031765,0.03333177570452741,0.031124264814932485,0.03304207852899125,0.03033064006195393,0.031573439812549633,0.029032218881652104,0.03891292927243843,0.035500705393169185,0.028693108752978553,0.02151317289912629,0.020772116495631453,0.02423943220333597,0.02709837278951548,0.03239974102462272,0.027743757652104836
Util ,0.010647500986497221,0.010702958978554408,0.009896719505957108,0.009608760711675934,0.01067857100079428,0.009609871793486892,0.009176536643367749,0.011714975132644957,0.010730042473391578,0.009964643402700557,0.008952942042891184,0.009339686093725178,0.011188158590945194,0.012733144347895154,0.01086981775059571,0.010285188970611595,0.012538797726767272,0.014951729396346303,0.014897907580619535,0.012596412675138998,0.01265078803018268,0.011152313409054803,0.013669797367752187,0.010741099493248609,0.015603140889594918,0.010943550279586975,0.01480589405401112,0.015534986309769657,0.017833925531374105,0.019188275801429705,0.01737639698014297,0.011742090163621925,0.012356845720413024,0.010668793062748212,0.010427821448768864,0.010497335229547256,0.011049347923749002,0.010837176922954722,0.01232642512152502,0.011916085944400315,0.012582142460683081,0.011200032970611597,0.010801970548054011,0.009541393868149322,0.007260690163621922,0.010488730745035743,0.010093376071485307,0.010915654273232721,0.010562839895154882
Telcm,0.01850050278316124,0.01403603684511517,0.012807046255758538,0.013849600501985705,0.010321098570293886,0.017145534722795872,0.017891402214455916,0.020621949693407467,0.018130214192216047,0.018167931571088165,0.0177970597172359,0.0173648602573471,0.02445117589515488,0.02293606791739476,0.017989980918189038,0.019920751030976964,0.02217390894042891,0.025655264543288328,0.026634427456711678,0.02218301527879269,0.022762127291501195,0.021230548374900713,0.02542505592692613,0.018341447660047652,0.02782525375694996,0.018706863227958698,0.015299234271644164,0.02639955460524225,0.030892045407466248,0.03071151957744241,0.011742090163621925,0.02517743751548848,0.02133087866878475,0.0193225709070691,0.021401896432088962,0.02142799570135027,0.022006536705321687,0.019477448937251788,0.02028033532644956,0.01730771574900715,0.022134528352660842,0.019776708578236688,0.01919120489277204,0.016523876854646548,0.014017235545671166,0.017191119123113583,0.016950015971405878,0.020520254694201753,0.01715163445274027
PerSv,0.020900346162033356,0.014810135890389198,0.013553300859412235,0.014230392362192213,0.00984410814138205,0.01824767190786338,0.018919850711675932,0.022216839069102455,0.02011336766163622,0.020056624841938046,0.01972629945035743,0.018458657957108816,0.02667979934392374,0.02520577025099285,0.020069190414614774,0.021065184214455916,0.024693095108816517,0.029206049475774425,0.030921631291501186,0.025979355235901516,0.025625586266878473,0.023161228513105633,0.029004643744241457,0.02130960125337569,0.03267774371723589,0.020308586368546464,0.013578556875297854,0.029405091402700555,0.034171598058776814,0.034303499671167595,0.012356845720413024,0.02133087866878475,0.036604803016679906,0.021337799375695,0.02319251621604448,0.022394612316123906,0.02392128597617156,0.021434995658459084,0.022631590065131053,0.019536618138204925,0.02639814532327243,0.022327096560762507,0.021912711040508338,0.01845908521048451,0.015855413061159646,0.019178689239078638,0.018448793999999998,0.022862389253375692,0.018327615069102462
BusSv,0.01823167186179507,0.013508472595710886,0.012183663102462269,0.012916651844320889,0.00951569511517077,0.016204605302621126,0.016676511102462266,0.019778035396346306,0.01752976924384432,0.017391076622716443,0.017734116238284355,0.017150599891977758,0.024158106800635418,0.022230832579825253,0.017874393674344725,0.019122761046862592,0.0215623513629865,0.02503505335186656,0.025651755955520255,0.021920256795869734,0.022282669825258148,0.020600689367752178,0.025038360795869734,0.018037173879269258,0.02673416792692613,0.017790417803018262,0.012083290403494843,0.02517553562192216,0.02753726829864972,0.028347956440031765,0.010668793062748212,0.0193225709070691,0.021337799375695,0.020647813138999205,0.020491171777601267,0.020643711817315325,0.021112200486100074,0.01914853676092136,0.02013442735186656,0.017257365836378078,0.022123109409054802,0.019389331382049246,0.018779691183478945,0.016253434408260523,0.01390949881810961,0.016933328559173948,0.01658169404130262,0.02024937009531374,0.016469106843526607
Hardw,0.019053385191421763,0.01407378101032566,0.012827775888800637,0.013137619482128675,0.009023160810166799,0.018690228200158858,0.018477121153296264,0.02080474187132645,0.019217716069896747,0.019254605490071488,0.01911803921842732,0.019178130624304998,0.027984287552025415,0.024881533162827638,0.019049065563145354,0.020461720803812547,0.023170890138204916,0.026930418061953922,0.02857201454487688,0.02404726453057983,0.02510553002382844,0.022994278884829227,0.028067220228752975,0.019507404381254964,0.029861613693407462,0.019306256454328836,0.015167925664813342,0.02993193098649722,0.035131502773629864,0.03333177570452741,0.010427821448768864,0.021401896432088962,0.02319251621604448,0.020491171777601267,0.031377264362192216,0.02412339289277204,0.025560166932486094,0.02191973898967434,0.02155438791421763,0.01859528822239873,0.023564436476568706,0.02125199509134233,0.020267529340746618,0.017372246926131853,0.014401300403494835,0.017411097302621126,0.018185278961080218,0.02232698883240667,0.018247525992057187
Softw,0.019379281307386812,0.013999659159650516,0.013230669193010325,0.013817297798252581,0.009508298467037327,0.01797433420492454,0.018733159652104845,0.021214060965845907,0.0190395061810961,0.019352107173947575,0.019399393753772837,0.019394814436854646,0.0284876055107228,0.023612923766481334,0.018961730996028586,0.020548855378872116,0.022644798247815724,0.02648248332803813,0.026615639564733912,0.023176818978554406,0.023709760548054012,0.022501149202541697,0.026764732643367754,0.01886392778872121,0.02823835194598888,0.01873684424622716,0.01414317285305798,0.027817368492454326,0.030142191208895948,0.031124264814932485,0.010497335229547256,0.02142799570135027,0.022394612316123906,0.020643711817315325,0.02412339289277204,0.025985554330420962,0.023740269855440824,0.021014328592533757,0.020950798287529788,0.017535697801429703,0.022745750034948366,0.020484735528196976,0.02015431393169182,0.017665387672756147,0.014342847901509137,0.017410255650516283,0.01808035863542494,0.021841816719618747,0.01778396162351072
Chips,0.020721370360603654,0.014796673763304208,0.013758368797458299,0.014351893591739474,0.010032169324861001,0.019580813070691025,0.018657395542494043,0.021617615523431288,0.01973611023669579,0.019467744819698173,0.019604393728355835,0.019118382862589354,0.02757919044638601,0.025553863501191425,0.0197134986624305,0.021245633985702932,0.02423926268149325,0.027983204749801427,0.029787786471803017,0.024717591736298648,0.026046849102462275,0.02364933414138205,0.0286305602954726,0.020255914379666406,0.03076507272438443,0.020797282894360603,0.01721580885464655,0.02960179743288324,0.03536172137251787,0.03304207852899125,0.011049347923749002,0.022006536705321687,0.02392128597617156,0.021112200486100074,0.025560166932486094,0.023740269855440824,0.028354145633042088,0.02267656175694996,0.022140504857823665,0.019008940689436062,0.024476857248610005,0.021620838109610796,0.020778208641779188,0.017413193709293083,0.014974345601270844,0.018382208940428905,0.01832633851310564,0.02302891791898332,0.018271572562351072
LabEq,0.01839234274344718,0.013562677138999207,0.012262810870532168,0.013660742169976172,0.009847320849880856,0.016956965906274817,0.017021160506751388,0.019445139955520264,0.01813518268308181,0.017933284978554405,0.017770235666401905,0.01795544348212868,0.025292525132644954,0.02334556601906275,0.018247734897537733,0.01893816095154885,0.022092597050039714,0.025612282867355042,0.026851371999999995,0.022671590648133438,0.023477057307386813,0.02121455637331215,0.025885243623510718,0.018669539820492447,0.027771594392374897,0.018964615833200957,0.015205816281175536,0.026554648759332795,0.029551138735504374,0.03033064006195393,0.010837176922954722,0.019477448937251788,0.021434995658459084,0.01914853676092136,0.02191973898967434,0.021014328592533757,0.02267656175694996,0.024047414409849085,0.020473995104050832,0.017621529331215247,0.022220242689436065,0.01974676652104845,0.01891088819698173,0.016063331437648928,0.013771282900714856,0.01702729945671167,0.016586080411437647,0.020722570540111198,0.016813300806989676
Paper,0.019205607475774423,0.014798269105639396,0.013877623691818905,0.014051006748212866,0.01068707588562351,0.01809935435107228,0.017899817350278003,0.021174870176330424,0.01901019676250993,0.01924227611119936,0.018099195164416198,0.017167900168387616,0.023418326573471003,0.024587340622716444,0.019792500975377287,0.021171322862589353,0.02399715087212073,0.027609516108022234,0.02919309145671167,0.02411263992692613,0.02455035051628277,0.022129839183478953,0.027934684381254963,0.019901769382049246,0.030321252708498805,0.020017523377283554,0.013874580336775218,0.027492921385226368,0.03142794346624305,0.031573439812549633,0.01232642512152502,0.02028033532644956,0.022631590065131053,0.02013442735186656,0.02155438791421763,0.020950798287529788,0.022140504857823665,0.020473995104050832,0.032688254366957895,0.021491790328832402,0.02399084653534551,0.021097147688641776,0.020385122446386017,0.016883669547259728,0.015045558074662428,0.01872951613026211,0.018190141798252586,0.02156780208101668,0.017236504152501983
