,Agric,Food ,Soda ,Beer ,Smoke,Toys ,Fun  ,Books,Hshld,Clths,Hlth ,MedEq,Drugs,Chems,Rubbr,Txtls,BldMt,Cnstr,Steel,FabPr,Mach ,ElcEq,Autos,Aero ,Ships,Guns ,Gold ,Mines,Coal ,Oil  ,Util ,Telcm,PerSv,BusSv,Hardw,Softw,Chips,LabEq,Paper,Boxes,Trans,Whlsl,Rtail,Meals,Banks,Insur,RlEst,Fin  ,Other
Agric,0.04590473242096902,0.012581600751389988,0.011309742514694202,0.010820147329626693,0.008802400573471009,0.014719220200158856,0.014091375931691817,0.01820828120413026,0.015741766052422553,0.013988621129467829,0.01680189679904686,0.01540442766957903,0.0220524787339158,0.018851414602065134,0.014965309367752182,0.01644166195075457,0.017751584065131058,0.020530695815726762,0.022228596762509933,0.019737957348689435,0.019360116586179504,0.01906429086576648,0.02093355377918983,0.014805900630659253,0.0231858978649722,0.01524083514853058,0.0168955322573471,0.02306395735822081,0.026399923898332008,0.02690814270849881,0.009645380970611591,0.01657453578236696,0.01849677093407466,0.016379156972200163,0.017060214324066722,0.017495805442414615,0.018455955556791102,0.016278907003971405,0.016933055729944402,0.014795430087370928,0.020092311175536136,0.016842512706910246,0.01671299300555997,0.01455812371088165,0.011818167396346306,0.014347908241461477,0.01396893828752978,0.017745485663224776,0.013791448969023032
Food ,0.012581600751389988,0.015982197825258136,0.011423548865766481,0.01079380766957903,0.010212782632247812,0.011347168915011911,0.010739713682287528,0.01360229818268467,0.012617927736298648,0.012044862346306591,0.010900548316123906,0.01064614618903892,0.013955974203335983,0.014467396384432089,0.011947783143764896,0.012861401153296264,0.013692370806989675,0.015570097111993643,0.01598480539158062,0.014829247016679906,0.014088240471803019,0.013562945194598885,0.01582655645432883,0.011599415550436854,0.01646786078157268,0.012509893982525814,0.008911024451151706,0.015007270625893568,0.015554950687847494,0.01681336785544083,0.010121557628276405,0.012923560738681492,0.013483975982525815,0.012487021283558376,0.012833677901509135,0.012830344911834789,0.013516573218427327,0.012411572093725176,0.01377881149166005,0.012397748181096107,0.013818996084193803,0.012946087439237492,0.013054054644956311,0.01147015592057188,0.008759762656076251,0.011614365442414613,0.011385545804606831,0.012950382803812551,0.010828474443208894
Soda ,0.011309742514694202,0.011423548865766481,0.037519966022239865,0.012088313499602859,0.010167476039714058,0.009808720241461476,0.01009370697855441,0.013569746697378874,0.011177683034154092,0.010360613037331214,0.009920892652899126,0.010623805791898333,0.014576993742652896,0.012396067520254166,0.010872981078633838,0.011923926776806992,0.012193992443208896,0.014054770122319298,0.014072590236695787,0.012410693942811754,0.011741949193010325,0.01348396241461477,0.013564535389992055,0.00989588160285941,0.012868030408260527,0.012020493760127083,0.007726167707704527,0.011792698298649722,0.012604438122319296,0.011689005059571088,0.009107683791898332,0.012009711016679905,0.012804015760127086,0.011354447780778395,0.011932030594122317,0.012280004864177919,0.013017464592533754,0.011492268233518664,0.012515004057188243,0.010831906179507547,0.012015620420969023,0.010796014365369339,0.011423043493248613,0.011316707914217631,0.008417621909451946,0.010927656085782368,0.0112132607847498,0.012173896322478157,0.01053998217950755
Beer ,0.010820147329626693,0.01079380766957903,0.012088313499602859,0.028224969124702133,0.009882230017474186,0.010390454703733124,0.01024326837807784,0.012454100028594123,0.012442895536139793,0.011329119453534552,0.010830706243050041,0.010916297995234312,0.015036580727561555,0.013447443640984907,0.011983806691024623,0.01231753319777601,0.013278650300238282,0.014953344711675934,0.014560985404289115,0.013252781725178712,0.013209917261318507,0.013414659221604447,0.014283729760127085,0.011384734125496425,0.01609723900873709,0.012055593798252584,0.008067168381254965,0.013694355158061952,0.013665074986497213,0.01614383612390786,0.009105834942017471,0.012800235361397938,0.013172395882446385,0.01196473239714059,0.012125996206513107,0.012818348047656872,0.01327752554090548,0.012647389521842729,0.013234843799841143,0.012350771755361397,0.01338258065131056,0.011900788536934078,0.011982970249404288,0.01055102325019857,0.008691376895949166,0.01121114911517077,0.010651107660047655,0.012633206576648131,0.010279846252581415
Smoke,0.008802400573471009,0.010212782632247812,0.010167476039714058,0.009882230017474186,0.024337362698967434,0.008134363628276409,0.007993914076250995,0.009428614109610803,0.0087684317553614,0.007260920665607625,0.006629645631453534,0.007427763783955521,0.009137662679904684,0.009532968495631452,0.0077350910135027765,0.00890211288641779,0.009371113250198569,0.01060537408101668,0.0102833965019857,0.008491524684670371,0.009382989974583006,0.0091028704050834,0.010516425760127084,0.008612521831612392,0.010223449617156473,0.01014731741699762,0.0104045039618745,0.01015988975853852,0.009650858055599683,0.010876445091342333,0.010078874565528195,0.009470469968228753,0.008818336007942813,0.008564313305798254,0.008264303356632247,0.008927387091342333,0.009542434085782366,0.009262416236695789,0.009720065858617951,0.009514611342335185,0.008839210667196187,0.008582094219221603,0.008595036192216044,0.008582099100873711,0.005538882198570293,0.008306071837966639,0.00773219998093725,0.008834965488482923,0.008041341181890389
Toys ,0.014719220200158856,0.011347168915011911,0.009808720241461476,0.010390454703733124,0.008134363628276409,0.03504057528832407,0.014048624902303417,0.016607565166004767,0.01601727027799841,0.016205933286735502,0.015041363335980934,0.014833562401906275,0.021511831949166005,0.019157254246227162,0.014838940060365367,0.01795323484034948,0.0186369333375695,0.02201158615409055,0.023600757121525023,0.021191729092930895,0.019261842548054013,0.019085065925337565,0.021178165172359018,0.014843257264495629,0.022699337162827644,0.016152326011119933,0.012260565598093723,0.022298684841938046,0.027024713162827643,0.024138421731532966,0.008925025073868147,0.016389612517871327,0.0176216020841938,0.015854929461477364,0.017657776565528197,0.017278153588562356,0.01888292843844321,0.016227036594122318,0.01700043054487689,0.014875944273232723,0.01829640349483717,0.01645620501350278,0.017232686017474182,0.01422805535186656,0.011454889251787134,0.013435385245432882,0.015292013261318507,0.016534084733915804,0.013936519847498014
Fun  ,0.014091375931691817,0.010739713682287528,0.01009370697855441,0.01024326837807784,0.007993914076250995,0.014048624902303417,0.020189232500397135,0.01652484155361398,0.014409687259729942,0.01446018603812549,0.014185886139793484,0.01389556682764098,0.02072250353137411,0.017836186103256553,0.013785580837172358,0.015654126509928513,0.01719585480381255,0.020075992527402695,0.020329864212867352,0.017761046768864176,0.017745146149324858,0.016519278538522638,0.01978678860047657,0.013694278374900714,0.021438893194598886,0.014091950287529785,0.008230951701350278,0.020822468668784747,0.021365540578236693,0.023179898244638605,0.008340487134233517,0.01633843451151708,0.017236618956314537,0.015346955923749009,0.01676351527720413,0.01732141335345512,0.01691654092613185,0.015475482428911839,0.016098608073073867,0.014161383193010323,0.01746978340746624,0.01566354468467037,0.015693259868149317,0.014180987952343129,0.011232788111199366,0.013430998122319298,0.014064860988085778,0.016035008697378873,0.013550428508339953
Books,0.01820828120413026,0.01360229818268467,0.013569746697378874,0.012454100028594123,0.009428614109610803,0.016607565166004767,0.01652484155361398,0.029812697245432878,0.017971572327243848,0.01761871520571882,0.016891359761715647,0.01635585270214456,0.023626302567116758,0.02185079422398729,0.016925645328038124,0.01888823668943606,0.020744855183478947,0.02378916951866561,0.02550849687688641,0.022916702465448767,0.02163492340270055,0.02049519698173153,0.02417869313423352,0.017345814351072283,0.02591471795393169,0.01620100243367752,0.009490334220810167,0.024828874716441622,0.02633010206195393,0.02844549186656076,0.010823940241461476,0.019505545369340745,0.021106561153296264,0.01870214025099285,0.019916307536139797,0.019857383593328035,0.020461405156473392,0.018124655119936457,0.019863494271644157,0.016874774042891182,0.021811476489277205,0.019258025413820493,0.019427520117553613,0.016131936413026206,0.014219020733915807,0.016526394211278793,0.016305426471803018,0.019416179555202542,0.015730044911834787
Hshld,0.015741766052422553,0.012617927736298648,0.011177683034154092,0.012442895536139793,0.0087684317553614,0.01601727027799841,0.014409687259729942,0.017971572327243848,0.02209599367752184,0.01717887172359015,0.015631507879269257,0.01518548864177919,0.020993744034948372,0.019749149451945988,0.015954101461477365,0.01826444241461478,0.019219040619539315,0.023117421985702935,0.023457065957108815,0.021272639253375695,0.01998228138204925,0.018881824527402703,0.022241131787132645,0.015687119126290706,0.024250228530579822,0.01632007653693408,0.010040972835583795,0.02198082355837967,0.02357237178713265,0.02535593583796664,0.009989589658459095,0.01693428468625894,0.01854754098490866,0.01647392022239873,0.017756774821286736,0.017580504146147737,0.018310432835583798,0.016773220953137408,0.01765618964257347,0.016081298300238286,0.01979829872915012,0.0173213207466243,0.018796540540111196,0.014980882478157266,0.012308458014297058,0.014846311612390787,0.015061630532168387,0.017647509849086567,0.014571132740270056
Clths,0.013988621129467829,0.012044862346306591,0.010360613037331214,0.011329119453534552,0.007260920665607625,0.016205933286735502,0.01446018603812549,0.01761871520571882,0.01717887172359015,0.03201399602700557,0.015469944916600472,0.014862513712470212,0.019732578009531373,0.018451479726767278,0.014828095334392373,0.019381470821286734,0.017899030930897536,0.02167087721048451,0.022959319234312946,0.019659830165210484,0.019115022667196183,0.01746165226370135,0.021786070112787922,0.01511747522319301,0.023259607075456712,0.016097329839555207,0.005774188727561557,0.020663697701350275,0.02719735562509929,0.023946386886417786,0.009024311102462273,0.016619214463860207,0.018313709447180304,0.01620056051787133,0.017319406231930103,0.017380647424940426,0.017651680154090545,0.01612448940587768,0.01753854125178713,0.015021973661636219,0.01959277549642573,0.016722057841143764,0.022134177510722795,0.015934380689436065,0.012071244740270059,0.014559145579030977,0.015489878583002385,0.01720373981731533,0.013653773525019855
Hlth ,0.01680189679904686,0.010900548316123906,0.009920892652899126,0.010830706243050041,0.006629645631453534,0.015041363335980934,0.014185886139793484,0.016891359761715647,0.015631507879269257,0.015469944916600472,0.029693923232724385,0.018399471088165205,0.027299385345512305,0.01896036266878475,0.015453976799046865,0.016860813677521843,0.017476830540111198,0.021440705512311357,0.02165796347895155,0.019102932827640983,0.0183939806115965,0.018204276314535348,0.021242912501985695,0.014195693272438439,0.022004052025416998,0.014786197124702142,0.010433570516282764,0.02087280728355838,0.0230114952025417,0.02454980234312947,0.008180910826052422,0.01656321946783161,0.018504571525019855,0.016715703939634636,0.017988336528991265,0.01842973078633836,0.01829421692613185,0.01660650286735504,0.01683352366957903,0.014870134710087371,0.019541199118347893,0.016694660563939638,0.017085223359809373,0.014822133375694994,0.012086301667990471,0.014643061556791103,0.014144975599682289,0.017193791143764896,0.014098007736298648
MedEq,0.01540442766957903,0.01064614618903892,0.010623805791898333,0.010916297995234312,0.007427763783955521,0.014833562401906275,0.01389556682764098,0.01635585270214456,0.01518548864177919,0.014862513712470212,0.018399471088165205,0.021546929938046067,0.027801685029388394,0.01808862485146942,0.01492199665448769,0.01618623875456712,0.017244489369340744,0.020449349375694998,0.02059130510563939,0.01894933989197776,0.017750957461477368,0.018245816806989678,0.020013795564733917,0.014183497210484513,0.02109471090071485,0.014668293903097696,0.009518762973788722,0.020451187567911033,0.023269758328832407,0.022662179523431296,0.008444051694996025,0.016072856568705322,0.01724078336139793,0.016193697073868148,0.01791552046703733,0.01850180303733121,0.018073504918189043,0.016859876787926924,0.015965554541699758,0.013493125496425734,0.017688279984114375,0.015919316978554404,0.016098849331215248,0.013771891138999204,0.01157647541223193,0.013724236784749804,0.013749084772041302,0.016690736282764098,0.013841771266084192
Drugs,0.0220524787339158,0.013955974203335983,0.014576993742652896,0.015036580727561555,0.009137662679904684,0.021511831949166005,0.02072250353137411,0.023626302567116758,0.020993744034948372,0.019732578009531373,0.027299385345512305,0.027801685029388394,0.05589882384590946,0.026348748505162826,0.02069878690865766,0.02265297541858618,0.02478000910722796,0.029087868676727555,0.029003234239872916,0.026507831528196982,0.025404387111993647,0.026385208641779182,0.028568867304209686,0.02051796873550437,0.030645766770452738,0.020631721782366955,0.014980499685464657,0.030401884112787922,0.03343962331691818,0.0326993096664019,0.01021540669896743,0.02313485616362192,0.02546351283717236,0.023191799456711674,0.02717502978395552,0.0277662594471803,0.026725619842732324,0.024424341164416205,0.02215256853693407,0.018633305671167593,0.025658316576648126,0.023006904548054007,0.02288444389038919,0.02017785190150913,0.01604268535663225,0.018947200327243844,0.019519172206513103,0.02451777138204925,0.021196792918189034
Chems,0.018851414602065134,0.014467396384432089,0.012396067520254166,0.013447443640984907,0.009532968495631452,0.019157254246227162,0.017836186103256553,0.02185079422398729,0.019749149451945988,0.018451479726767278,0.01896036266878475,0.01808862485146942,0.026348748505162826,0.03232619548212867,0.02005118426687847,0.020306659672756154,0.02418146928038125,0.028151954897537718,0.03323539821445591,0.028198502983320085,0.02679253980619539,0.024203399904686257,0.028184149057982517,0.019380434592533753,0.03148111956791103,0.019227812054011122,0.019247923158061956,0.03525840844479747,0.04142654928038127,0.04209922532168388,0.011722592482922954,0.020982982494042898,0.022872828981731538,0.02052058762827641,0.02252453524384431,0.02155325745512312,0.023241801912629066,0.021172399510722795,0.022398213941223183,0.020966630277998412,0.02551344714853058,0.022679349884034947,0.02030336193169181,0.016514959377283558,0.015068685064336776,0.01795507533598094,0.018634212829229547,0.022255519777601266,0.01818460887688642
Rubbr,0.014965309367752182,0.011947783143764896,0.010872981078633838,0.011983806691024623,0.0077350910135027765,0.014838940060365367,0.013785580837172358,0.016925645328038124,0.015954101461477365,0.014828095334392373,0.015453976799046865,0.01492199665448769,0.02069878690865766,0.02005118426687847,0.024083938508339942,0.016884625820492452,0.019167048605242255,0.0226104699412232,0.023575232988085778,0.02186379469896743,0.019656940560762507,0.017954354630659253,0.021556070106433674,0.015430003639396344,0.02284648177601271,0.01477581114853058,0.01064677599364575,0.02212509191580619,0.024618206992851464,0.025468266171564738,0.009833454190627483,0.016136936258935662,0.017975506432088964,0.0162677772867355,0.01700500730897538,0.017164170862589357,0.01775759939475774,0.01649205421286735,0.01786661767434472,0.01638799625099285,0.018818466409849084,0.017030466142970612,0.0162061297553614,0.013729925699761718,0.012281762840349483,0.014672830427323272,0.01487119316282764,0.017305979737887212,0.014120402220810168
Txtls,0.01644166195075457,0.012861401153296264,0.011923926776806992,0.01231753319777601,0.00890211288641779,0.01795323484034948,0.015654126509928513,0.01888823668943606,0.01826444241461478,0.019381470821286734,0.016860813677521843,0.01618623875456712,0.02265297541858618,0.020306659672756154,0.016884625820492452,0.03185374912787926,0.02075769855123113,0.025079778160444797,0.023166805915806197,0.02234750030500397,0.02092507317235902,0.01953229687053217,0.023271326811755363,0.01678908644003177,0.024589633664813346,0.01693054724702144,0.006867456953137411,0.021483796972200153,0.021488256216044478,0.023880628800635417,0.009488017159650518,0.018517335520254165,0.01950239257505957,0.01795737980619539,0.01898835277839555,0.01903209186973789,0.019726894719618745,0.017601750370135026,0.019491183199364576,0.01689491329626688,0.020966011898332002,0.01802582614455917,0.01948258852104845,0.016448045515488483,0.013956885896743447,0.015989566506751395,0.016909620276409847,0.018731990770452737,0.01533330934392375
BldMt,0.017751584065131058,0.013692370806989675,0.012193992443208896,0.013278650300238282,0.009371113250198569,0.0186369333375695,0.01719585480381255,0.020744855183478947,0.019219040619539315,0.017899030930897536,0.017476830540111198,0.017244489369340744,0.02478000910722796,0.02418146928038125,0.019167048605242255,0.02075769855123113,0.028175845876092134,0.02920343611755361,0.030424173950754564,0.026866712884829228,0.024930250899126292,0.022205084606830818,0.026625220880063544,0.01899257635742653,0.02982316522001588,0.018926748381254965,0.014041563393169183,0.02971940499920571,0.032925253175536136,0.033517578212867355,0.011158844719618744,0.020013194098490863,0.022236918590945193,0.019667869378872122,0.02087235368864178,0.02043613967593328,0.02185068904368546,0.01986393138840349,0.02142907920889595,0.01910080969023034,0.023907527331215248,0.021215905987291495,0.020179471528196984,0.016761321391580618,0.014900838563939632,0.017444090703733123,0.018015044625893564,0.020973992081016676,0.017104778246227165
Cnstr,0.020530695815726762,0.015570097111993643,0.014054770122319298,0.014953344711675934,0.01060537408101668,0.02201158615409055,0.020075992527402695,0.02378916951866561,0.023117421985702935,0.02167087721048451,0.021440705512311357,0.020449349375694998,0.029087868676727555,0.028151954897537718,0.0226104699412232,0.025079778160444797,0.02920343611755361,0.04401966021286737,0.035015004047656874,0.030647625105639398,0.028806069331215246,0.026044541318506746,0.031314682027005554,0.02156285694678316,0.034672078004765676,0.021460222627482126,0.017287525248610013,0.03471115267355043,0.040748103409054784,0.039243144273232715,0.01321487238125496,0.023166472311358224,0.026376738605242256,0.02283457019221604,0.024338849003971402,0.024001956606830816,0.025226817938046063,0.023126757896743448,0.02473107264177919,0.02216371688641779,0.02799457512311358,0.02439235554567117,0.024032209131056394,0.019984898942017475,0.017181279339158056,0.0205114645146942,0.02219799419857029,0.024364281842732326,0.019764750760921365
Steel,0.022228596762509933,0.01598480539158062,0.014072590236695787,0.014560985404289115,0.0102833965019857,0.023600757121525023,0.020329864212867352,0.02550849687688641,0.023457065957108815,0.022959319234312946,0.02165796347895155,0.02059130510563939,0.029003234239872916,0.03323539821445591,0.023575232988085778,0.023166805915806197,0.030424173950754564,0.035015004047656874,0.05750767135186655,0.037353718598887996,0.03403315789992058,0.028328445464654482,0.03481395337887212,0.02380290834948371,0.039700783682287515,0.022481546954725963,0.033771426605242245,0.04864647031930102,0.06425063563463065,0.054168141969817306,0.013555010926131853,0.024753103653693407,0.02826698734551231,0.02391853584114376,0.02610354358379666,0.024390422030182685,0.02730356968069897,0.02485702538840349,0.026809464362192215,0.025014992120730738,0.03143904843526608,0.02846362557903098,0.024881516959491656,0.019763263396346303,0.018813602935663223,0.02097811085623511,0.022358183504368547,0.026671125226370128,0.020828628733915805
FabPr,0.019737957348689435,0.014829247016679906,0.012410693942811754,0.013252781725178712,0.008491524684670371,0.021191729092930895,0.017761046768864176,0.022916702465448767,0.021272639253375695,0.019659830165210484,0.019102932827640983,0.01894933989197776,0.026507831528196982,0.028198502983320085,0.02186379469896743,0.02234750030500397,0.026866712884829228,0.030647625105639398,0.037353718598887996,0.07840706582843526,0.029833373723590146,0.026146507958697374,0.030550440057188252,0.020953317208895945,0.03401781698808578,0.019366084184273234,0.020012775002382844,0.0351441999571088,0.04279801799205719,0.04242258795075456,0.01226601462907069,0.02162142791898332,0.025172863934868943,0.021789992924543287,0.0232778252787927,0.022406202659253378,0.024053671178713265,0.0222014159030977,0.023553106843526603,0.01973285715647339,0.025133680166799052,0.024084412646544876,0.022106159258141383,0.017876750474980142,0.017305260784749803,0.01903283161556791,0.019312513277204128,0.02271620401111994,0.018030694287529785
Mach ,0.019360116586179504,0.014088240471803019,0.011741949193010325,0.013209917261318507,0.009382989974583006,0.019261842548054013,0.017745146149324858,0.02163492340270055,0.01998228138204925,0.019115022667196183,0.0183939806115965,0.017750957461477368,0.025404387111993647,0.02679253980619539,0.019656940560762507,0.02092507317235902,0.024930250899126292,0.028806069331215246,0.03403315789992058,0.029833373723590146,0.029502176868943603,0.024033185385226367,0.02884387030341541,0.020186330711675936,0.03320107500238284,0.019267344486100076,0.01607322704368546,0.033547412888006355,0.03966470412390785,0.041283701628276395,0.01151955108657665,0.02100913241461477,0.02328716935186656,0.02069894679269261,0.0229647548101668,0.021838101340746624,0.023882585618745036,0.021703253647339157,0.022368738424146148,0.020260415409054804,0.02597893255758539,0.022872647594916595,0.02086042213343924,0.01712149528832407,0.015705494907069104,0.018091398223987292,0.018419946891183477,0.02241590990468625,0.017561460324066722
ElcEq,0.01906429086576648,0.013562945194598885,0.01348396241461477,0.013414659221604447,0.0091028704050834,0.019085065925337565,0.016519278538522638,0.02049519698173153,0.018881824527402703,0.01746165226370135,0.018204276314535348,0.018245816806989678,0.026385208641779182,0.024203399904686257,0.017954354630659253,0.01953229687053217,0.022205084606830818,0.026044541318506746,0.028328445464654482,0.026146507958697374,0.024033185385226367,0.0332406197299444,0.02569419364575059,0.01810162417791898,0.028283183065925335,0.018266284479745827,0.012151687339158062,0.028441133566322475,0.03383330849880857,0.033491297918983316,0.010295222335186654,0.019575597521842732,0.021408260397140593,0.019250387990468628,0.021208134996028593,0.02088950678316124,0.021835165019857026,0.01972465725178713,0.02036349274027006,0.017895884892772045,0.022670946052422553,0.02056761750595711,0.01921868702144559,0.016022360826052427,0.014103296711675931,0.01650738814932486,0.017250833995234312,0.02046943024622716,0.017350942494042884
Autos,0.02093355377918983,0.01582655645432883,0.013564535389992055,0.014283729760127085,0.010516425760127084,0.021178165172359018,0.01978678860047657,0.02417869313423352,0.022241131787132645,0.021786070112787922,0.021242912501985695,0.020013795564733917,0.028568867304209686,0.028184149057982517,0.021556070106433674,0.023271326811755363,0.026625220880063544,0.031314682027005554,0.03481395337887212,0.030550440057188252,0.02884387030341541,0.02569419364575059,0.03680775044320889,0.02200039341064337,0.03459135846862589,0.021186775243844318,0.01587348291660048,0.03341847252104845,0.036911706471803016,0.03843921026211279,0.012108283901509136,0.022943752660841935,0.02592128662112787,0.022923061896743438,0.025183539050039706,0.024293356022239875,0.025750869750595706,0.023308163818903892,0.025077696857823666,0.022228556092136607,0.02816453633042097,0.024201888648133437,0.02362314673868149,0.019588470271644166,0.01697851297220016,0.020029612022239872,0.020641384737092927,0.02466964374900715,0.01926876005718825
Aero ,0.014805900630659253,0.011599415550436854,0.00989588160285941,0.011384734125496425,0.008612521831612392,0.014843257264495629,0.013694278374900714,0.017345814351072283,0.015687119126290706,0.01511747522319301,0.014195693272438439,0.014183497210484513,0.02051796873550437,0.019380434592533753,0.015430003639396344,0.01678908644003177,0.01899257635742653,0.02156285694678316,0.02380290834948371,0.020953317208895945,0.020186330711675936,0.01810162417791898,0.02200039341064337,0.024050769072279585,0.024248347923749004,0.016693597868149324,0.007878833880857822,0.021776322670373313,0.02474635892295473,0.024237668395552022,0.009743132729150119,0.016770718371723586,0.019293258266878475,0.016495110154090543,0.017524397523431295,0.01709700844797458,0.018347859410643368,0.016958276007942814,0.01796196423510723,0.016071111644162035,0.020053369380460682,0.017273507699761714,0.0161942492152502,0.013818027177124702,0.012847722459094522,0.015191180260524227,0.014575562535345513,0.017842895416997614,0.01383039716918189
Ships,0.0231858978649722,0.01646786078157268,0.012868030408260527,0.01609723900873709,0.010223449617156473,0.022699337162827644,0.021438893194598886,0.02591471795393169,0.024250228530579822,0.023259607075456712,0.022004052025416998,0.02109471090071485,0.030645766770452738,0.03148111956791103,0.02284648177601271,0.024589633664813346,0.02982316522001588,0.034672078004765676,0.039700783682287515,0.03401781698808578,0.03320107500238284,0.028283183065925335,0.03459135846862589,0.024248347923749004,0.06076612391421763,0.02380204311993646,0.020388160260524226,0.04055483472279586,0.04980633159015092,0.050050642239872906,0.014106411205718825,0.02502011401111993,0.02978843758856235,0.024445778579825255,0.026378427574265288,0.025372445598093728,0.027304787040508337,0.02491840630023829,0.027350381331215246,0.02361659326449563,0.03308030228752979,0.02709196642732327,0.025734197931691814,0.020401543389992054,0.0187371380841938,0.021842007008737088,0.02131959219698173,0.026573117664813337,0.0212815855822081
Guns ,0.01524083514853058,0.012509893982525814,0.012020493760127083,0.012055593798252584,0.01014731741699762,0.016152326011119933,0.014091950287529785,0.01620100243367752,0.01632007653693408,0.016097329839555207,0.014786197124702142,0.014668293903097696,0.020631721782366955,0.019227812054011122,0.01477581114853058,0.01693054724702144,0.018926748381254965,0.021460222627482126,0.022481546954725963,0.019366084184273234,0.019267344486100076,0.018266284479745827,0.021186775243844318,0.016693597868149324,0.02380204311993646,0.03640221058617951,0.013873289061159646,0.02158046547736299,0.024304513162827644,0.023990263844320885,0.009740165042096901,0.016851226322478156,0.01853193585702939,0.01612536930262113,0.017541564190627485,0.016912986185861793,0.018914245658459092,0.01712237986656076,0.018208308162033355,0.015681255822081016,0.01904132868943606,0.016485744123907863,0.017282446637013497,0.013977526741858617,0.011280522357426529,0.014363129613979345,0.013524561664813344,0.016952872327243844,0.014035820530579822
Gold ,0.0168955322573471,0.008911024451151706,0.007726167707704527,0.008067168381254965,0.0104045039618745,0.012260565598093723,0.008230951701350278,0.009490334220810167,0.010040972835583795,0.005774188727561557,0.010433570516282764,0.009518762973788722,0.014980499685464657,0.019247923158061956,0.01064677599364575,0.006867456953137411,0.014041563393169183,0.017287525248610013,0.033771426605242245,0.020012775002382844,0.01607322704368546,0.012151687339158062,0.01587348291660048,0.007878833880857822,0.020388160260524226,0.013873289061159646,0.20817684108657664,0.05852775515170769,0.06692045533915807,0.043414133756949955,0.013707559911040506,0.012780244384432085,0.010065854030182685,0.009532244092136617,0.010938269337569502,0.011250969378872117,0.013975808406671961,0.01227425972359015,0.0108514287974583,0.014064499539316913,0.011657210706910245,0.013879648794281177,0.007047094913423349,0.005473757718824463,0.0021278960826052414,0.005012600845115169,0.009537882776806995,0.011269736902303417,0.012398686646544874
Mines,0.02306395735822081,0.015007270625893568,0.011792698298649722,0.013694355158061952,0.01015988975853852,0.022298684841938046,0.020822468668784747,0.024828874716441622,0.02198082355837967,0.020663697701350275,0.02087280728355838,0.020451187567911033,0.030401884112787922,0.03525840844479747,0.02212509191580619,0.021483796972200153,0.02971940499920571,0.03471115267355043,0.04864647031930102,0.0351441999571088,0.033547412888006355,0.028441133566322475,0.03341847252104845,0.021776322670373313,0.04055483472279586,0.02158046547736299,0.05852775515170769,0.07966376694360604,0.0744302926163622,0.06566965220810166,0.01427749671644162,0.024345779324861,0.02636997628117554,0.023068696142970618,0.0269126292152502,0.02535711179984114,0.02678977863224782,0.0239844945146942,0.024866470859412237,0.02399522033359809,0.030952193097696583,0.02786853345035742,0.02251327045432883,0.01864064865448769,0.016533719281969818,0.01825958006989674,0.020719551002382843,0.02521882032565528,0.02137940530262113
Coal ,0.026399923898332008,0.015554950687847494,0.012604438122319296,0.013665074986497213,0.009650858055599683,0.027024713162827643,0.021365540578236693,0.02633010206195393,0.02357237178713265,0.02719735562509929,0.0230114952025417,0.023269758328832407,0.03343962331691818,0.04142654928038127,0.024618206992851464,0.021488256216044478,0.032925253175536136,0.040748103409054784,0.06425063563463065,0.04279801799205719,0.03966470412390785,0.03383330849880857,0.036911706471803016,0.02474635892295473,0.04980633159015092,0.024304513162827644,0.06692045533915807,0.0744302926163622,0.2323397136203336,0.09111096017474185,0.016306526109610798,0.028431398713264496,0.029861089877680692,0.02489449277839555,0.03092636013026211,0.026866883011914207,0.03157833432565529,0.026338014764098493,0.02756792259253375,0.026609449499602852,0.034711524718030184,0.03261414671008736,0.027169503386814932,0.01923210833359809,0.018077110557585385,0.019844701807783957,0.02603083979666401,0.028559290659253368,0.024620150112787925
Oil  ,0.02690814270849881,0.01681336785544083,0.011689005059571088,0.01614383612390786,0.010876445091342333,0.024138421731532966,0.023179898244638605,0.02844549186656076,0.02535593583796664,0.023946386886417786,0.02454980234312947,0.022662179523431296,0.0326993096664019,0.04209922532168388,0.025468266171564738,0.023880628800635417,0.033517578212867355,0.039243144273232715,0.054168141969817306,0.04242258795075456,0.041283701628276395,0.033491297918983316,0.03843921026211279,0.024237668395552022,0.050050642239872906,0.023990263844320885,0.043414133756949955,0.06566965220810166,0.09111096017474185,0.1137233492533757,0.01778490796664019,0.028716089491660046,0.031049604185861796,0.025838020857823673,0.029901936624304997,0.02806713749007149,0.029584771270849887,0.02716488132644956,0.02845314012708499,0.026851157426528993,0.03677541160444797,0.03355132220015885,0.026868097227958694,0.01958426528991263,0.019285760794281178,0.02147507162827641,0.024579840381254964,0.029171639817315326,0.02500074702144559
Util ,0.009645380970611591,0.010121557628276405,0.009107683791898332,0.009105834942017471,0.010078874565528195,0.008925025073868147,0.008340487134233517,0.010823940241461476,0.009989589658459095,0.009024311102462273,0.008180910826052422,0.008444051694996025,0.01021540669896743,0.011722592482922954,0.009833454190627483,0.009488017159650518,0.011158844719618744,0.01321487238125496,0.013555010926131853,0.01226601462907069,0.01151955108657665,0.010295222335186654,0.012108283901509136,0.009743132729150119,0.014106411205718825,0.009740165042096901,0.013707559911040506,0.01427749671644162,0.016306526109610798,0.01778490796664019,0.01713540762351072,0.010791455258141385,0.011418785571088165,0.009832005537728354,0.009355828789515486,0.009558668362192213,0.010093406667196188,0.009939094934074666,0.011330119361397935,0.01126130185861795,0.011587139245432884,0.01037046889753773,0.009917834571882446,0.00885983797299444,0.006477448934074663,0.009549770169976171,0.009175698471803016,0.009565669857029387,0.009751738100079428
Telcm,0.01657453578236696,0.012923560738681492,0.012009711016679905,0.012800235361397938,0.009470469968228753,0.016389612517871327,0.01633843451151708,0.019505545369340745,0.01693428468625894,0.016619214463860207,0.01656321946783161,0.016072856568705322,0.02313485616362192,0.020982982494042898,0.016136936258935662,0.018517335520254165,0.020013194098490863,0.023166472311358224,0.024753103653693407,0.02162142791898332,0.02100913241461477,0.019575597521842732,0.022943752660841935,0.016770718371723586,0.02502011401111993,0.016851226322478156,0.012780244384432085,0.024345779324861,0.028431398713264496,0.028716089491660046,0.010791455258141385,0.024133553669579026,0.0194884174980143,0.017942637410643364,0.019784219261318504,0.019856944924543287,0.02037357177918983,0.017918190174741857,0.018869657362986503,0.016317803081810963,0.02041968604447975,0.018477187267672758,0.01799131476568705,0.015349690071485301,0.013099360540111194,0.01562011814138205,0.015672058141382048,0.018598039626687844,0.015426485798252582
PerSv,0.01849677093407466,0.013483975982525815,0.012804015760127086,0.013172395882446385,0.008818336007942813,0.0176216020841938,0.017236618956314537,0.021106561153296264,0.01854754098490866,0.018313709447180304,0.018504571525019855,0.01724078336139793,0.02546351283717236,0.022872828981731538,0.017975506432088964,0.01950239257505957,0.022236918590945193,0.026376738605242256,0.02826698734551231,0.025172863934868943,0.02328716935186656,0.021408260397140593,0.02592128662112787,0.019293258266878475,0.02978843758856235,0.01853193585702939,0.010065854030182685,0.02636997628117554,0.029861089877680692,0.031049604185861796,0.011418785571088165,0.0194884174980143,0.03386871391739475,0.019748357328038122,0.021024643382049246,0.020417780845115165,0.021753693679110404,0.019482066629070687,0.020519938894360608,0.018280367084988085,0.024528594066719617,0.020634747884034948,0.0204177654471803,0.01717356020969023,0.014985439320095316,0.017509625013502776,0.017046174652899124,0.020723688872120734,0.0163001554598888
BusSv,0.016379156972200163,0.012487021283558376,0.011354447780778395,0.01196473239714059,0.008564313305798254,0.015854929461477364,0.015346955923749009,0.01870214025099285,0.01647392022239873,0.01620056051787133,0.016715703939634636,0.016193697073868148,0.023191799456711674,0.02052058762827641,0.0162677772867355,0.01795737980619539,0.019667869378872122,0.02283457019221604,0.02391853584114376,0.021789992924543287,0.02069894679269261,0.019250387990468628,0.022923061896743438,0.016495110154090543,0.024445778579825255,0.01612536930262113,0.009532244092136617,0.023068696142970618,0.02489449277839555,0.025838020857823673,0.009832005537728354,0.017942637410643364,0.019748357328038122,0.019558475431294672,0.01916158529308975,0.019393703091342335,0.019775682411437647,0.017848327552025416,0.018673307405877682,0.016247276727561558,0.02069471629864972,0.01818347246068308,0.01778265125019857,0.015211609016679905,0.013265977213661635,0.015543305874503569,0.015346231663224779,0.01862929926926131,0.015054890891183479
Hardw,0.017060214324066722,0.012833677901509135,0.011932030594122317,0.012125996206513107,0.008264303356632247,0.017657776565528197,0.01676351527720413,0.019916307536139797,0.017756774821286736,0.017319406231930103,0.017988336528991265,0.01791552046703733,0.02717502978395552,0.02252453524384431,0.01700500730897538,0.01898835277839555,0.02087235368864178,0.024338849003971402,0.02610354358379666,0.0232778252787927,0.0229647548101668,0.021208134996028593,0.025183539050039706,0.017524397523431295,0.026378427574265288,0.017541564190627485,0.010938269337569502,0.0269126292152502,0.03092636013026211,0.029901936624304997,0.009355828789515486,0.019784219261318504,0.021024643382049246,0.01916158529308975,0.029539940668784744,0.022439602379666395,0.023637461618745033,0.020204340805401105,0.019777324775218427,0.01736153356632248,0.021957279197776014,0.019636055070691025,0.01858685488641779,0.016100439726767272,0.013645132212867356,0.015733253366163623,0.016751445426528993,0.02029787192216044,0.016352821315329624
Softw,0.017495805442414615,0.012830344911834789,0.012280004864177919,0.012818348047656872,0.008927387091342333,0.017278153588562356,0.01732141335345512,0.019857383593328035,0.017580504146147737,0.017380647424940426,0.01842973078633836,0.01850180303733121,0.0277662594471803,0.02155325745512312,0.017164170862589357,0.01903209186973789,0.02043613967593328,0.024001956606830816,0.024390422030182685,0.022406202659253378,0.021838101340746624,0.02088950678316124,0.024293356022239875,0.01709700844797458,0.025372445598093728,0.016912986185861793,0.011250969378872117,0.02535711179984114,0.026866883011914207,0.02806713749007149,0.009558668362192213,0.019856944924543287,0.020417780845115165,0.019393703091342335,0.022439602379666395,0.024657252174741857,0.02221076864495631,0.019626441566322476,0.019220607891977763,0.016428544654487683,0.021094308355837962,0.01904948750754567,0.01855230792374901,0.016416371888800633,0.013493937194598885,0.01583527271167593,0.016787692594122317,0.019955745115170762,0.016185010776806983
Chips,0.018455955556791102,0.013516573218427327,0.013017464592533754,0.01327752554090548,0.009542434085782366,0.01888292843844321,0.01691654092613185,0.020461405156473392,0.018310432835583798,0.017651680154090545,0.01829421692613185,0.018073504918189043,0.026725619842732324,0.023241801912629066,0.01775759939475774,0.019726894719618745,0.02185068904368546,0.025226817938046063,0.02730356968069897,0.024053671178713265,0.023882585618745036,0.021835165019857026,0.025750869750595706,0.018347859410643368,0.027304787040508337,0.018914245658459092,0.013975808406671961,0.02678977863224782,0.03157833432565529,0.029584771270849887,0.010093406667196188,0.02037357177918983,0.021753693679110404,0.019775682411437647,0.023637461618745033,0.02221076864495631,0.026736088277998414,0.021191603563145353,0.02023039560603653,0.017798397362986492,0.022586831493248607,0.02001742461159651,0.019104431054805398,0.01614000881969817,0.014046990773629866,0.01657210491818904,0.016927824152501988,0.020942685567911047,0.016505952854646545
LabEq,0.016278907003971405,0.012411572093725176,0.011492268233518664,0.012647389521842729,0.009262416236695789,0.016227036594122318,0.015475482428911839,0.018124655119936457,0.016773220953137408,0.01612448940587768,0.01660650286735504,0.016859876787926924,0.024424341164416205,0.021172399510722795,0.01649205421286735,0.017601750370135026,0.01986393138840349,0.023126757896743448,0.02485702538840349,0.0222014159030977,0.021703253647339157,0.01972465725178713,0.023308163818903892,0.016958276007942814,0.02491840630023829,0.01712237986656076,0.01227425972359015,0.0239844945146942,0.026338014764098493,0.02716488132644956,0.009939094934074666,0.017918190174741857,0.019482066629070687,0.017848327552025416,0.020204340805401105,0.019626441566322476,0.021191603563145353,0.022762065796664017,0.01877706780301827,0.016455380651310563,0.02068226596505163,0.01826110457347101,0.01732939764416203,0.014830097563145354,0.01286516062907069,0.015360503602859413,0.014989026738681488,0.018715253320095316,0.01506283257505957
Paper,0.016933055729944402,0.01377881149166005,0.012515004057188243,0.013234843799841143,0.009720065858617951,0.01700043054487689,0.016098608073073867,0.019863494271644157,0.01765618964257347,0.01753854125178713,0.01683352366957903,0.015965554541699758,0.02215256853693407,0.022398213941223183,0.01786661767434472,0.019491183199364576,0.02142907920889595,0.02473107264177919,0.026809464362192215,0.023553106843526603,0.022368738424146148,0.02036349274027006,0.025077696857823666,0.01796196423510723,0.027350381331215246,0.018208308162033355,0.0108514287974583,0.024866470859412237,0.02756792259253375,0.02845314012708499,0.011330119361397935,0.018869657362986503,0.020519938894360608,0.018673307405877682,0.019777324775218427,0.019220607891977763,0.02023039560603653,0.01877706780301827,0.030277127364575055,0.02023588606830818,0.022277027879269263,0.019564235237490072,0.019032065426528987,0.015836406398729148,0.014203980949960279,0.017069128934074664,0.01669772107386815,0.019708801127879268,0.015494876708498808
