,Agric,Food ,Soda ,Beer ,Smoke,Toys ,Fun  ,Books,Hshld,Clths,Hlth ,MedEq,Drugs,Chems,Rubbr,Txtls,BldMt,Cnstr,Steel,FabPr,Mach ,ElcEq,Autos,Aero ,Ships,Guns ,Gold ,Mines,Coal ,Oil  ,Util ,Telcm,PerSv,BusSv,Hardw,Softw,Chips,LabEq,Paper,Boxes,Trans,Whlsl,Rtail,Meals,Banks,Insur,RlEst,Fin  ,Other
Agric,0.04256838068943607,0.01203922329150119,0.010540514443208896,0.010090729849086577,0.008245668038125497,0.01380020173788721,0.013512708965845912,0.01667888257664813,0.0147679208228753,0.01368698123590151,0.015751103850675133,0.01510656150595711,0.02147611167275615,0.017484290236695794,0.01468042078157267,0.015930010735504364,0.0162146723335981,0.019354466586179505,0.020613710573471007,0.019073339326449563,0.018213560330420972,0.018304948082605237,0.019349531250198566,0.013754776797458297,0.02168619566957903,0.013834318208101666,0.013791916934074661,0.02082035083399524,0.023469592956314532,0.02575425191739476,0.00892628,0.01641126243685465,0.017665676101667988,0.015703448260524222,0.016815362166799047,0.016801674398729146,0.017430518487688642,0.015227847361397932,0.015810272718030184,0.014326485871326447,0.01892871955202542,0.016507341842732327,0.016507259069102463,0.013804397922160446,0.01155272883876092,0.013361850617950755,0.012981537753772837,0.0166723068943606,0.012906313585385229
Food ,0.01203922329150119,0.01623781199523431,0.011178859477362989,0.010284857585385228,0.010302502517871326,0.010976307731532962,0.010001385459888797,0.012456590644956312,0.01230261566163622,0.011207731968228751,0.010318965364575057,0.010028351094519458,0.013008007162827639,0.013420085880857824,0.011721291216838762,0.011612474073073868,0.012544104633836381,0.015022729639396343,0.014746007423351866,0.014143134476568708,0.013191819926926132,0.012825701523431291,0.014675643131056392,0.010694638517871325,0.014748464554408255,0.011951806189038917,0.007920974749801428,0.013513964964257347,0.014170330108022239,0.015238170247815729,0.009424529166004763,0.012773221067513902,0.012214781799841142,0.011790150309769657,0.012448823227958697,0.012006743585385227,0.01241498653534551,0.01169623138522637,0.013068627145353456,0.011968552784749802,0.012646456360603651,0.012602375718824464,0.012905364276409845,0.010752348190627483,0.008389548819698174,0.010701303307386816,0.010351111863383637,0.011663408459094521,0.009630979429706116
Soda ,0.010540514443208896,0.011178859477362989,0.04728472548212867,0.01155228281175536,0.010107717498014299,0.010404188637013503,0.01057388075774424,0.012172926196981732,0.011023335868149325,0.00926756367593328,0.009919789304209692,0.01041702327879269,0.014496348783161236,0.01133441474503574,0.010857787436060364,0.011316685018268467,0.011009637262907067,0.013776159281969817,0.013438261386814932,0.011497541355043684,0.011283084295472595,0.012989840252581411,0.012837464052422557,0.009557243903097697,0.01164306898649722,0.010799757769658459,0.006061421596505161,0.010263841961874501,0.011742617304209686,0.010739817475774424,0.00785929742652899,0.01241698659571088,0.01192322464336775,0.011146837807783956,0.01202283555520254,0.012480996341540904,0.012188778433677522,0.011203693164416205,0.012127302888006352,0.010331359869737886,0.011514876868943603,0.010933946346306591,0.011308077286735503,0.011274098786338364,0.008128439653693408,0.009996569741064339,0.010693108749801426,0.01174220104050834,0.009538421764892772
Beer ,0.010090729849086577,0.010284857585385228,0.01155228281175536,0.02717804387609214,0.009714052565528195,0.010029453550436855,0.009905615933280381,0.011687797696584592,0.011529454694201746,0.011397735822081015,0.010167581842732325,0.010289496266878475,0.014246968784749806,0.012489434916600477,0.011046434678316125,0.01140246190627482,0.011837933518665607,0.013562585289912625,0.013700462382843528,0.012239804463860207,0.012392867609213662,0.013239083542494045,0.013103093613979346,0.010489553375694996,0.014497236076250994,0.01121853960285941,0.007321502382843525,0.01259324096902303,0.012130005988880067,0.015447089261318504,0.008342548403494835,0.012280122795869737,0.011956740476568702,0.011368211056393962,0.01191718741858618,0.012398502414614775,0.012192232374900714,0.011766271977760125,0.011969212041302621,0.011287264813343922,0.012329430929308976,0.011614215297855442,0.011886421000794279,0.010047157267672753,0.008266963749007147,0.010274737887212072,0.009706707069102462,0.011560399920571882,0.009616092152501985
Smoke,0.008245668038125497,0.010302502517871326,0.010107717498014299,0.009714052565528195,0.028246928983320086,0.008927962613185068,0.007439573780778395,0.00862990791898332,0.008187439610802224,0.007317846243050037,0.005526160770452739,0.006889059364575057,0.008149316354249403,0.008203096250992852,0.007717452176330421,0.008125464853057983,0.00842818982525814,0.009764401239078633,0.009068614241461478,0.007204933701350277,0.008519003399523429,0.008617396989674345,0.009570410349483718,0.007670947982525814,0.00931016909451946,0.009792097791898331,0.008387086203335982,0.008637989332803811,0.008578848252581412,0.009320267823669579,0.009442990579825257,0.009335768911834788,0.008136630428911834,0.007895307259729945,0.008105585432883242,0.008098540484511517,0.008580909960285939,0.008612841374106433,0.009210188530579824,0.009041821048451151,0.008461204312946781,0.008466796179507545,0.007947189864972198,0.007771710166799046,0.005027348101667991,0.007397026084193805,0.007081939872915012,0.007822590762509928,0.007125928284352659
Toys ,0.01380020173788721,0.010976307731532962,0.010404188637013503,0.010029453550436855,0.008927962613185068,0.03758811917235901,0.013902684239872915,0.015388521329626684,0.01548439779666402,0.015590508495631452,0.01444855866401906,0.014572354246227163,0.021204277494837175,0.01817493018903892,0.014553969129467837,0.015815479369340746,0.01758032748054011,0.02087577829388403,0.0226397929324861,0.02034744891342335,0.018375418027005562,0.01823779708181096,0.019925234784749803,0.014185699712470213,0.02169127656711676,0.01581472786656076,0.010500324408260521,0.020988992970611593,0.026365300589356624,0.02316375348212867,0.00794048646544877,0.01628116110246227,0.017053273806195396,0.015666397585385225,0.018258750459094513,0.01726312783002383,0.01818750269737887,0.01562615732962669,0.016117820295472596,0.014329442328832402,0.017557648154090544,0.016219876640190624,0.017131734716441617,0.013646749645750595,0.01110628224622716,0.012568203818903891,0.01416680423510723,0.015781506457505957,0.012665773307386812
Fun  ,0.013512708965845912,0.010001385459888797,0.01057388075774424,0.009905615933280381,0.007439573780778395,0.013902684239872915,0.020283063096108014,0.015617758581413824,0.013720640481334392,0.013482217725178712,0.014084711150119139,0.013991183285146942,0.020668351760127077,0.017484145788721202,0.013553113259729946,0.014905057113582205,0.016023867734710085,0.019335240660841933,0.019729907642573468,0.017110473329626688,0.017102030163621915,0.01663776075138999,0.018651223871326447,0.012951854390786336,0.02018391521683876,0.012856940511517076,0.007813409253375692,0.019879215734710083,0.020909644751389993,0.022778838644956313,0.00716755652104845,0.016110531428117556,0.016101484179507543,0.015002128324066718,0.016894197067513897,0.017272761110405085,0.01642696601747419,0.015257516074662431,0.01498950197934869,0.013557909556791101,0.016664152443208895,0.015298062263701347,0.01531989805242256,0.013618534745035741,0.011091868743447182,0.012551614907069105,0.012865501995234313,0.015300480643367755,0.012383751687053218
Books,0.01667888257664813,0.012456590644956312,0.012172926196981732,0.011687797696584592,0.00862990791898332,0.015388521329626684,0.015617758581413824,0.027294709342335178,0.01684484314376489,0.016506344835583792,0.016500630177918984,0.015830740737092928,0.02290175833042097,0.02042395329944401,0.016108752027005558,0.01719532840190627,0.018895046365369338,0.0224486021096108,0.024190389250198563,0.02242825574741858,0.020214547710881648,0.019779385621922163,0.022395229755361398,0.015806641059571087,0.024100661091342335,0.015141599294678315,0.009322861771247023,0.02272714631453534,0.02485128181572677,0.02699863169340747,0.009253898284352661,0.01851540762827641,0.019341339988880057,0.017603490389197778,0.019172625642573472,0.01892353993169182,0.018703272381254965,0.01675892981254964,0.01856516360285941,0.015840666112787928,0.020255393135822076,0.01864538664813344,0.018795440432088962,0.015107907523431292,0.013700342052422557,0.015106830487688641,0.014891078312946783,0.017847101389992057,0.014236554616362192
Hshld,0.0147679208228753,0.01230261566163622,0.011023335868149325,0.011529454694201746,0.008187439610802224,0.01548439779666402,0.013720640481334392,0.01684484314376489,0.021276814187450355,0.01657837802382843,0.015076260322478158,0.014614862725972993,0.020117195077045277,0.019021285397934868,0.015526497552025419,0.016708014203335987,0.017816893857029392,0.02192029520571883,0.022785775563145358,0.020830086603653694,0.019099671478951547,0.018272856332009528,0.02125278128514694,0.014745131855440826,0.022811854254169976,0.01550613973629865,0.008822778625893566,0.020620608427323273,0.023581855896743453,0.02415712721048451,0.00862360325655282,0.016480006033359806,0.01738132541223192,0.01587376724384432,0.017709524381254962,0.016915861227958694,0.0172159034725973,0.016086018702144562,0.017112657080222395,0.01559494745353455,0.018668359254964254,0.017057606727561552,0.01880867229229547,0.014403235065925342,0.012038690131850674,0.013868101966640194,0.013827567024622714,0.016493906664019065,0.013214631801429703
Clths,0.01368698123590151,0.011207731968228751,0.00926756367593328,0.011397735822081015,0.007317846243050037,0.015590508495631452,0.013482217725178712,0.016506344835583792,0.01657837802382843,0.03904240037490071,0.014777220362192218,0.014252923329626688,0.01865769494201747,0.017547876104845116,0.014719427790309767,0.018621522710087372,0.016799617725178715,0.02099045873232724,0.021942184975377282,0.01937885210802224,0.01848570582366958,0.016840261582208103,0.020456028838760923,0.014713123491660046,0.02205662538204925,0.015734295764892773,0.004215229181890388,0.019299678300238286,0.026895841019857033,0.025991202500397145,0.007885370611596505,0.016184624730738683,0.017481805277204127,0.015691954980142975,0.017099476422557585,0.016508205874503575,0.016275262646544875,0.015295868940428912,0.016314383942811757,0.014871518525814139,0.01879785532327244,0.01648271585385226,0.02270150819380461,0.01538056597934869,0.01187156652581414,0.01360641815409055,0.013822462703733121,0.016141057648927714,0.012211777782366956
Hlth ,0.015751103850675133,0.010318965364575057,0.009919789304209692,0.010167581842732325,0.005526160770452739,0.01444855866401906,0.014084711150119139,0.016500630177918984,0.015076260322478158,0.014777220362192218,0.029758781412231934,0.018949406096902308,0.027960603880857818,0.01834838874344718,0.015376372052422555,0.01664131390468626,0.016559959442414614,0.02056697432247816,0.021288942829229548,0.01856442492613185,0.0179091252867355,0.018007289917394757,0.020303183188244638,0.013584180760921362,0.021048776424146147,0.01456959233042097,0.009545670969023031,0.02016566331215251,0.02289648289277204,0.02393433060683081,0.0072179194440031786,0.016533915923749008,0.017902054775218428,0.016893771247021447,0.018417567615567912,0.018642529037331212,0.018051180505162825,0.016624621984114376,0.016291128063542496,0.014554814084193802,0.01925306861477363,0.01676760289912629,0.017148483119936452,0.014470581925337565,0.012109600085782365,0.013901751968228753,0.013109046522637014,0.016689357640984906,0.013612763331215248
MedEq,0.01510656150595711,0.010028351094519458,0.01041702327879269,0.010289496266878475,0.006889059364575057,0.014572354246227163,0.013991183285146942,0.015830740737092928,0.014614862725972993,0.014252923329626688,0.018949406096902308,0.022475579532962663,0.028526964076250997,0.01777586800317713,0.014946785471008736,0.01570880722160445,0.01650526487370929,0.020026355475774426,0.02052757941540906,0.018898097890389196,0.017479292511517076,0.018566118071485303,0.019348842881652107,0.01370909511993646,0.02029692098173153,0.014227481308975377,0.008766383304209688,0.019595099523431296,0.023342390535345512,0.022369478211278788,0.007540918284352661,0.016008088146147736,0.01643770805718825,0.01636544187450358,0.018514163666401903,0.019033982649722007,0.018178928063542495,0.017148657502779985,0.015423269661636221,0.013392661496425734,0.017378910700555993,0.016025493645750597,0.015978418598888006,0.01356712178554408,0.011481135040508341,0.013165880997617153,0.013284946865766482,0.01636713335980937,0.0134838621350278
Drugs,0.02147611167275615,0.013008007162827639,0.014496348783161236,0.014246968784749806,0.008149316354249403,0.021204277494837175,0.020668351760127077,0.02290175833042097,0.020117195077045277,0.01865769494201747,0.027960603880857818,0.028526964076250997,0.05771255677680698,0.025558736295472596,0.02056705810802224,0.02238727410802224,0.0237363217045274,0.02850386982049245,0.02908879896266878,0.02652964862112788,0.02505946614138204,0.02647140100238285,0.02771834590786338,0.01992107296743447,0.02957638882128673,0.019738516098490862,0.015659170444797452,0.03006233374900715,0.03423146763621924,0.03295593316759332,0.00882098212867355,0.022940948876886417,0.024657197580619537,0.023282266783161233,0.028254809210484514,0.02839583754249404,0.02685044593486894,0.024673426216044483,0.021400571297855442,0.018510888136616357,0.025174896617950752,0.0230522411517077,0.02279704922637013,0.019736249839555204,0.01589538477839555,0.018110800076250995,0.01906055107545671,0.024313975401111992,0.020640368465448772
Chems,0.017484290236695794,0.013420085880857824,0.01133441474503574,0.012489434916600477,0.008203096250992852,0.01817493018903892,0.017484145788721202,0.02042395329944401,0.019021285397934868,0.017547876104845116,0.01834838874344718,0.01777586800317713,0.025558736295472596,0.032424675463065926,0.01964657661953932,0.019221589321683875,0.022681650411437642,0.026938027507545672,0.032453309080222405,0.02817664039078634,0.026291129766481333,0.023849109766481337,0.02708141855758539,0.018799709601270847,0.029695786042891175,0.018121239860206518,0.017181237315329632,0.03330216258935662,0.040280245410643366,0.041855061448768875,0.010381715996822872,0.020604180594122314,0.021476665362986494,0.020057392883240672,0.02250517411278793,0.021039230427323273,0.02229880620810167,0.020880936384432093,0.02132482579189833,0.020786262455917394,0.024563207145353455,0.02243404868943606,0.019621695065925333,0.01560627687370929,0.014676192889594916,0.016945334208101667,0.01716733136775218,0.021209030802223982,0.01708535117077046
Rubbr,0.01468042078157267,0.011721291216838762,0.010857787436060364,0.011046434678316125,0.007717452176330421,0.014553969129467837,0.013553113259729946,0.016108752027005558,0.015526497552025419,0.014719427790309767,0.015376372052422555,0.014946785471008736,0.02056705810802224,0.01964657661953932,0.024383134568705327,0.01626818643208896,0.01819279545194599,0.022059481855440818,0.023281712220810165,0.022267393078633835,0.01951477376330421,0.017920540776806985,0.02102448629229547,0.01520239564257347,0.02165161926449563,0.014223353957108819,0.00947238887212073,0.021242002057188243,0.024084640084193806,0.02501501782525814,0.008640801413820492,0.016065732298649722,0.017499056287529787,0.016225088133439234,0.017530329375694997,0.01681439786656076,0.01727542373947578,0.016236947969817315,0.017217644428911834,0.016439105064336774,0.018354358235107227,0.017229119626687845,0.016456845261318506,0.013430027586973786,0.012234130106433675,0.0139366228943606,0.013766665350277998,0.01661197041302621,0.013358123877680697
Txtls,0.015930010735504364,0.011612474073073868,0.011316685018268467,0.01140246190627482,0.008125464853057983,0.015815479369340746,0.014905057113582205,0.01719532840190627,0.016708014203335987,0.018621522710087372,0.01664131390468626,0.01570880722160445,0.02238727410802224,0.019221589321683875,0.01626818643208896,0.030877613107227964,0.018876696732327242,0.023573839447180295,0.022209892656076247,0.02200020360127085,0.019938572702144556,0.019260063591739474,0.02214036948212867,0.01595916685146942,0.022972448900714853,0.01610413576489278,0.007412804694201748,0.02026397714853058,0.02148146763621922,0.023239800268467035,0.00790054244638602,0.017668120505162834,0.018231554625893563,0.01720920349483717,0.018792422300238282,0.01839966804289118,0.018901752019062752,0.01730614214932486,0.018208807993645756,0.01640668835901509,0.01953052003335981,0.01733844728355838,0.018831864889594915,0.015208943564733917,0.013553562792692613,0.014879028765687053,0.015335628660841934,0.017748589729944402,0.013726073469420173
BldMt,0.0162146723335981,0.012544104633836381,0.011009637262907067,0.011837933518665607,0.00842818982525814,0.01758032748054011,0.016023867734710085,0.018895046365369338,0.017816893857029392,0.016799617725178715,0.016559959442414614,0.01650526487370929,0.0237363217045274,0.022681650411437642,0.01819279545194599,0.018876696732327242,0.025768675804606834,0.027078577404289123,0.028622544433677517,0.026220265990468613,0.02360710835266084,0.0214954241350278,0.02482900496743447,0.017950759585385223,0.027552456789515487,0.017085429884034945,0.010926542756155679,0.027066872319301032,0.031051307404289113,0.031987233656870534,0.009533080301826848,0.019058571332803816,0.020522646467037334,0.018637918919777605,0.02019884361239079,0.01937560155520254,0.020222761124702147,0.018966958838760924,0.01965262649086577,0.018271794068308183,0.02221505010802224,0.020314699054805402,0.01931287260365369,0.015414442449563148,0.01412114798093725,0.015817138401906277,0.01607868623669579,0.019239014749801428,0.01537477360921366
Cnstr,0.019354466586179505,0.015022729639396343,0.013776159281969817,0.013562585289912625,0.009764401239078633,0.02087577829388403,0.019335240660841933,0.0224486021096108,0.02192029520571883,0.02099045873232724,0.02056697432247816,0.020026355475774426,0.02850386982049245,0.026938027507545672,0.022059481855440818,0.023573839447180295,0.027078577404289123,0.0419086261223193,0.03370799574900715,0.031078304343129463,0.027683369709293085,0.025183076238284346,0.029983182379666393,0.020993574227164417,0.03249604069261318,0.019815967606036534,0.013190056457505957,0.03194588714853057,0.03936339511358221,0.03798376827323273,0.011537328355837966,0.02244639767434472,0.025189697003971407,0.022163325909451952,0.024632331463065923,0.023632401391580623,0.024178988359015087,0.022626851177124697,0.023366885534551234,0.02190143466878475,0.026833496031771237,0.02416965137410643,0.023984147888800638,0.018943732054011116,0.016934457213661637,0.019029173845909454,0.02072616540746624,0.02299298087370929,0.01829216579507546
Steel,0.020613710573471007,0.014746007423351866,0.013438261386814932,0.013700462382843528,0.009068614241461478,0.0226397929324861,0.019729907642573468,0.024190389250198563,0.022785775563145358,0.021942184975377282,0.021288942829229548,0.02052757941540906,0.02908879896266878,0.032453309080222405,0.023281712220810165,0.022209892656076247,0.028622544433677517,0.03370799574900715,0.05828079304050836,0.038114276725973,0.033299590074662426,0.02798726044003177,0.03343379728832407,0.02322950796028594,0.03799495728514695,0.02161850657347101,0.030518923296266886,0.04667402680698967,0.06159385602700554,0.054055067375694994,0.011893684146147736,0.0246844018522637,0.026569464605242253,0.023687379221604445,0.026434381010325653,0.024195994727561558,0.026049118875297855,0.02427898416362192,0.02585143810007943,0.02489550813979349,0.030418384332009527,0.028388397974582997,0.024783839771247027,0.01879705060841938,0.01862622463224782,0.01975269508498808,0.020810683644162036,0.02581850566322478,0.019497652856235104
FabPr,0.019073339326449563,0.014143134476568708,0.011497541355043684,0.012239804463860207,0.007204933701350277,0.02034744891342335,0.017110473329626688,0.02242825574741858,0.020830086603653694,0.01937885210802224,0.01856442492613185,0.018898097890389196,0.02652964862112788,0.02817664039078634,0.022267393078633835,0.02200020360127085,0.026220265990468613,0.031078304343129463,0.038114276725973,0.0787100638268467,0.029871876905480533,0.025608326524225573,0.03070877603335981,0.02129433985861795,0.03295116897696584,0.018787833912629066,0.01764758296266879,0.03441117451151708,0.04136948589197776,0.04252245419062748,0.01144219899920572,0.02132716696743447,0.0242856112613185,0.022004402922954722,0.02357447632406672,0.02197157134392375,0.023635610821286734,0.021955755347100866,0.02325381265131057,0.0203917975440826,0.024946186238284353,0.02427751648133439,0.021828507634630668,0.017426540076250992,0.017449560168387612,0.018501706649722,0.018901676686258934,0.022313821215250197,0.017469536700555996
Mach ,0.018213560330420972,0.013191819926926132,0.011283084295472595,0.012392867609213662,0.008519003399523429,0.018375418027005562,0.017102030163621915,0.020214547710881648,0.019099671478951547,0.01848570582366958,0.0179091252867355,0.017479292511517076,0.02505946614138204,0.026291129766481333,0.01951477376330421,0.019938572702144556,0.02360710835266084,0.027683369709293085,0.033299590074662426,0.029871876905480533,0.029117802853057987,0.023860667189833193,0.027855661420174743,0.019836739138999207,0.031138331799841133,0.0183296384177919,0.01446545413820493,0.03202108651310563,0.03848539550754567,0.04087706053057982,0.01007224765687053,0.020683484969023034,0.021926840940428908,0.020242714122319296,0.02291722997299444,0.021344358805401104,0.022828805013502772,0.021391178344718025,0.021240299971405877,0.020164481289912627,0.02511606048610008,0.022645553995234314,0.020151934436854643,0.016165630474980146,0.01536678193486894,0.017080795882446386,0.01705720681810961,0.021441614011119936,0.016361557115170774
ElcEq,0.018304948082605237,0.012825701523431291,0.012989840252581411,0.013239083542494045,0.008617396989674345,0.01823779708181096,0.01663776075138999,0.019779385621922163,0.018272856332009528,0.016840261582208103,0.018007289917394757,0.018566118071485303,0.02647140100238285,0.023849109766481337,0.017920540776806985,0.019260063591739474,0.0214954241350278,0.025183076238284346,0.02798726044003177,0.025608326524225573,0.023860667189833193,0.03379651350436855,0.02506187918824464,0.017759785818903893,0.027192817161239072,0.01745067616203336,0.011363694702144558,0.02759219223987291,0.03285303554725973,0.033053617393169185,0.00931578384432089,0.019680309575853854,0.020032063315329626,0.01922066141382049,0.021475409559968225,0.021059559830023826,0.021768091177124704,0.019607755207307388,0.020057781242255764,0.017992885912629063,0.022187390756155678,0.020750107617156465,0.019095518900714852,0.015579587917394755,0.013907781442414613,0.015818278106433676,0.016438597080222397,0.01974228517077045,0.01671197427958697
Autos,0.019349531250198566,0.014675643131056392,0.012837464052422557,0.013103093613979346,0.009570410349483718,0.019925234784749803,0.018651223871326447,0.022395229755361398,0.02125278128514694,0.020456028838760923,0.020303183188244638,0.019348842881652107,0.02771834590786338,0.02708141855758539,0.02102448629229547,0.02214036948212867,0.02482900496743447,0.029983182379666393,0.03343379728832407,0.03070877603335981,0.027855661420174743,0.02506187918824464,0.03523170721366164,0.02092614193328038,0.032452444602065124,0.01993640336139793,0.0135372934471803,0.031016596354249408,0.03553658755043686,0.03699235744400317,0.010554904606830819,0.02229643733439237,0.02399122570770453,0.02193090106433677,0.024567129439237487,0.02320659495949166,0.024081753016679905,0.022476472433677515,0.024109486748212863,0.021781510624305,0.02682789896584591,0.023565039356632247,0.022705900416203333,0.01839194768228753,0.01652209776330421,0.018686430551231134,0.018589860965845913,0.02326431543288324,0.017398225656870527
Aero ,0.013754776797458297,0.010694638517871325,0.009557243903097697,0.010489553375694996,0.007670947982525814,0.014185699712470213,0.012951854390786336,0.015806641059571087,0.014745131855440826,0.014713123491660046,0.013584180760921362,0.01370909511993646,0.01992107296743447,0.018799709601270847,0.01520239564257347,0.01595916685146942,0.017950759585385223,0.020993574227164417,0.02322950796028594,0.02129433985861795,0.019836739138999207,0.017759785818903893,0.02092614193328038,0.024416079839555207,0.0231469980127085,0.016386560368546466,0.007304784154090546,0.02048094987291501,0.02434574810325656,0.023576049923749,0.008338830389197775,0.016079429887212067,0.018151269564733917,0.015972130452740266,0.017529358020651305,0.016832646956314534,0.017212909210484507,0.016599703874503574,0.016917163583796663,0.015904253734710088,0.019268730711675928,0.017062128316123908,0.015453088902303415,0.012815627803018268,0.01257050054646545,0.01438512092772041,0.013280916260524226,0.017052266664019065,0.012752941266084191
Ships,0.02168619566957903,0.014748464554408255,0.01164306898649722,0.014497236076250994,0.00931016909451946,0.02169127656711676,0.02018391521683876,0.024100661091342335,0.022811854254169976,0.02205662538204925,0.021048776424146147,0.02029692098173153,0.02957638882128673,0.029695786042891175,0.02165161926449563,0.022972448900714853,0.027552456789515487,0.03249604069261318,0.03799495728514695,0.03295116897696584,0.031138331799841133,0.027192817161239072,0.032452444602065124,0.0231469980127085,0.05640221899761715,0.02268763036060365,0.01728376145353455,0.03746612498014297,0.047107528579825246,0.0475699541810961,0.011951983208895949,0.023624303501191418,0.027594532360603653,0.023000356314535345,0.02578614941064336,0.02433535543923749,0.025225112959491654,0.02350001779030977,0.02521453355996823,0.022481070764098488,0.030503916144559166,0.026301409412231934,0.02459618027640985,0.018979436953137415,0.01810167427164416,0.020052965598093726,0.019443028635424936,0.024714422168387613,0.019382443585385222
Guns ,0.013834318208101666,0.011951806189038917,0.010799757769658459,0.01121853960285941,0.009792097791898331,0.01581472786656076,0.012856940511517076,0.015141599294678315,0.01550613973629865,0.015734295764892773,0.01456959233042097,0.014227481308975377,0.019738516098490862,0.018121239860206518,0.014223353957108819,0.01610413576489278,0.017085429884034945,0.019815967606036534,0.02161850657347101,0.018787833912629066,0.0183296384177919,0.01745067616203336,0.01993640336139793,0.016386560368546466,0.02268763036060365,0.037905517229547256,0.01202338131850675,0.01946716374900715,0.02370290056870533,0.022351995831612386,0.008542554281175535,0.0163584405274027,0.017297391974583,0.015572476918189037,0.017617593378872115,0.01644778210007943,0.01742287419221604,0.0163728516791104,0.01727107232406672,0.0153868000127085,0.01784872569340747,0.016403020937251784,0.016752678081016676,0.012774382074662433,0.01108151906592534,0.013414953950754566,0.01199087378554408,0.015816217410643364,0.012432668015885624
Gold ,0.013791916934074661,0.007920974749801428,0.006061421596505161,0.007321502382843525,0.008387086203335982,0.010500324408260521,0.007813409253375692,0.009322861771247023,0.008822778625893566,0.004215229181890388,0.009545670969023031,0.008766383304209688,0.015659170444797452,0.017181237315329632,0.00947238887212073,0.007412804694201748,0.010926542756155679,0.013190056457505957,0.030518923296266886,0.01764758296266879,0.01446545413820493,0.011363694702144558,0.0135372934471803,0.007304784154090546,0.01728376145353455,0.01202338131850675,0.18695819919777598,0.05195818254964258,0.059009104598888,0.0428085490468626,0.01217041498014297,0.012461494535345513,0.007917302692613183,0.008241498236695788,0.010740693232724382,0.010592862883240666,0.011388157934868944,0.010317243963463065,0.008535916282764098,0.013151760460683077,0.01071259768864178,0.013061582057188246,0.006285441461477364,0.003909328562351073,0.0007593730420969028,0.002823053057982525,0.007757359030976965,0.009369321993645749,0.010708736560762511
Mines,0.02082035083399524,0.013513964964257347,0.010263841961874501,0.01259324096902303,0.008637989332803811,0.020988992970611593,0.019879215734710083,0.02272714631453534,0.020620608427323273,0.019299678300238286,0.02016566331215251,0.019595099523431296,0.03006233374900715,0.03330216258935662,0.021242002057188243,0.02026397714853058,0.027066872319301032,0.03194588714853057,0.04667402680698967,0.03441117451151708,0.03202108651310563,0.02759219223987291,0.031016596354249408,0.02048094987291501,0.03746612498014297,0.01946716374900715,0.05195818254964258,0.07596897651310562,0.07036413386020651,0.06576648518665608,0.01188308538522637,0.023847611358220812,0.023845037084988085,0.021935544082605236,0.02649111667990468,0.024485895544082602,0.024835960794281173,0.0224964682366958,0.022609407942811757,0.02308097768069896,0.029422259515488484,0.026806152001588566,0.02166680800635425,0.016866104162033362,0.01507151143764893,0.016096413248610008,0.018962083447180297,0.023386367299443996,0.019820270381254963
Coal ,0.023469592956314532,0.014170330108022239,0.011742617304209686,0.012130005988880067,0.008578848252581412,0.026365300589356624,0.020909644751389993,0.02485128181572677,0.023581855896743453,0.026895841019857033,0.02289648289277204,0.023342390535345512,0.03423146763621924,0.040280245410643366,0.024084640084193806,0.02148146763621922,0.031051307404289113,0.03936339511358221,0.06159385602700554,0.04136948589197776,0.03848539550754567,0.03285303554725973,0.03553658755043686,0.02434574810325656,0.047107528579825246,0.02370290056870533,0.059009104598888,0.07036413386020651,0.22425582268308175,0.09049591673232724,0.013759454440031772,0.02806047403653693,0.027367386590945203,0.024154181890389197,0.030935704727561554,0.0265896755694996,0.02988163684193804,0.025951461574265276,0.026772289410643364,0.026040093874503574,0.03321328226687847,0.03211231779984115,0.02680789626052421,0.018083469798252576,0.01726072108975377,0.018198072495631455,0.023902627949166005,0.02713759470214455,0.022686328932486094
Oil  ,0.02575425191739476,0.015238170247815729,0.010739817475774424,0.015447089261318504,0.009320267823669579,0.02316375348212867,0.022778838644956313,0.02699863169340747,0.02415712721048451,0.025991202500397145,0.02393433060683081,0.022369478211278788,0.03295593316759332,0.041855061448768875,0.02501501782525814,0.023239800268467035,0.031987233656870534,0.03798376827323273,0.054055067375694994,0.04252245419062748,0.04087706053057982,0.033053617393169185,0.03699235744400317,0.023576049923749,0.0475699541810961,0.022351995831612386,0.0428085490468626,0.06576648518665608,0.09049591673232724,0.1208059272613185,0.01618611070691025,0.02917786522954725,0.029081908598888005,0.025303815091342333,0.030105293029388403,0.027427649891977757,0.028214310824463865,0.026158304967434473,0.026411360076250986,0.026220217185067514,0.0362313197760127,0.033358829316918186,0.026318866071485307,0.018466207507545667,0.018248953394757746,0.01980602467355044,0.02341060250675139,0.02816360909451945,0.02400027226528991
Util ,0.00892628,0.009424529166004763,0.00785929742652899,0.008342548403494835,0.009442990579825257,0.00794048646544877,0.00716755652104845,0.009253898284352661,0.00862360325655282,0.007885370611596505,0.0072179194440031786,0.007540918284352661,0.00882098212867355,0.010381715996822872,0.008640801413820492,0.00790054244638602,0.009533080301826848,0.011537328355837966,0.011893684146147736,0.01144219899920572,0.01007224765687053,0.00931578384432089,0.010554904606830819,0.008338830389197775,0.011951983208895949,0.008542554281175535,0.01217041498014297,0.01188308538522637,0.013759454440031772,0.01618611070691025,0.01710547389992057,0.009715174519459885,0.009984400937251784,0.008595781064336776,0.00842403634630659,0.00847413434471803,0.008573529245432882,0.008821877410643365,0.009915730833995235,0.01039155637807784,0.010024966719618745,0.00956330136616362,0.008730788371723593,0.007855476632247818,0.005582433518665609,0.008226248705321682,0.008226562382843527,0.007912313375694997,0.00848899899920572
Telcm,0.01641126243685465,0.012773221067513902,0.01241698659571088,0.012280122795869737,0.009335768911834788,0.01628116110246227,0.016110531428117556,0.01851540762827641,0.016480006033359806,0.016184624730738683,0.016533915923749008,0.016008088146147736,0.022940948876886417,0.020604180594122314,0.016065732298649722,0.017668120505162834,0.019058571332803816,0.02244639767434472,0.0246844018522637,0.02132716696743447,0.020683484969023034,0.019680309575853854,0.02229643733439237,0.016079429887212067,0.023624303501191418,0.0163584405274027,0.012461494535345513,0.023847611358220812,0.02806047403653693,0.02917786522954725,0.009715174519459885,0.024895639275615566,0.018341030478157272,0.01765367936457506,0.020022963342335182,0.019648510776806988,0.019580707272438443,0.01756678915647339,0.0184006074598888,0.01624029788085782,0.019844564953137408,0.018835013645750597,0.01826436391421763,0.014782026230341536,0.012902417321683877,0.014781804359015093,0.01498908097855441,0.018073939777601272,0.014811420845115171
PerSv,0.017665676101667988,0.012214781799841142,0.01192322464336775,0.011956740476568702,0.008136630428911834,0.017053273806195396,0.016101484179507543,0.019341339988880057,0.01738132541223192,0.017481805277204127,0.017902054775218428,0.01643770805718825,0.024657197580619537,0.021476665362986494,0.017499056287529787,0.018231554625893563,0.020522646467037334,0.025189697003971407,0.026569464605242253,0.0242856112613185,0.021926840940428908,0.020032063315329626,0.02399122570770453,0.018151269564733917,0.027594532360603653,0.017297391974583,0.007917302692613183,0.023845037084988085,0.027367386590945203,0.029081908598888005,0.009984400937251784,0.018341030478157272,0.031886958695790314,0.018669155266084193,0.02028460919142176,0.019301587658459095,0.019847706262112783,0.018512040414614777,0.01919888820333598,0.017708839768069893,0.023129837818903893,0.01987308812549643,0.01980102353613979,0.016071975945988883,0.014564890112787925,0.016138931971405878,0.01528333838602065,0.019193034924543287,0.01456411787609214
BusSv,0.015703448260524222,0.011790150309769657,0.011146837807783956,0.011368211056393962,0.007895307259729945,0.015666397585385225,0.015002128324066718,0.017603490389197778,0.01587376724384432,0.015691954980142975,0.016893771247021447,0.01636544187450358,0.023282266783161233,0.020057392883240672,0.016225088133439234,0.01720920349483717,0.018637918919777605,0.022163325909451952,0.023687379221604445,0.022004402922954722,0.020242714122319296,0.01922066141382049,0.02193090106433677,0.015972130452740266,0.023000356314535345,0.015572476918189037,0.008241498236695788,0.021935544082605236,0.024154181890389197,0.025303815091342333,0.008595781064336776,0.01765367936457506,0.018669155266084193,0.019935662081016683,0.019365009880857823,0.019416947005559966,0.01915365216838761,0.017765360857823667,0.01786899739475774,0.015935051755361397,0.020115635965051625,0.017972441397934868,0.0175420916918189,0.014590462748212867,0.013247077680698965,0.014947712756155676,0.01429946570293884,0.017970628498808573,0.01422998122319301
Hardw,0.016815362166799047,0.012448823227958697,0.01202283555520254,0.01191718741858618,0.008105585432883242,0.018258750459094513,0.016894197067513897,0.019172625642573472,0.017709524381254962,0.017099476422557585,0.018417567615567912,0.018514163666401903,0.028254809210484514,0.02250517411278793,0.017530329375694997,0.018792422300238282,0.02019884361239079,0.024632331463065923,0.026434381010325653,0.02357447632406672,0.02291722997299444,0.021475409559968225,0.024567129439237487,0.017529358020651305,0.02578614941064336,0.017617593378872115,0.010740693232724382,0.02649111667990468,0.030935704727561554,0.030105293029388403,0.00842403634630659,0.020022963342335182,0.02028460919142176,0.019365009880857823,0.031255003723590156,0.02321169752819698,0.023777785429706114,0.020758834938840353,0.019277431478951546,0.017161949572676728,0.021723556152501988,0.019834025401111996,0.018646738878474983,0.01592201352184273,0.013794693795075455,0.01522162815567911,0.016389355609213663,0.020304175043685466,0.015800211567911046
Softw,0.016801674398729146,0.012006743585385227,0.012480996341540904,0.012398502414614775,0.008098540484511517,0.01726312783002383,0.017272761110405085,0.01892353993169182,0.016915861227958694,0.016508205874503575,0.018642529037331212,0.019033982649722007,0.02839583754249404,0.021039230427323273,0.01681439786656076,0.01839966804289118,0.01937560155520254,0.023632401391580623,0.024195994727561558,0.02197157134392375,0.021344358805401104,0.021059559830023826,0.02320659495949166,0.016832646956314534,0.02433535543923749,0.01644778210007943,0.010592862883240666,0.024485895544082602,0.0265896755694996,0.027427649891977757,0.00847413434471803,0.019648510776806988,0.019301587658459095,0.019416947005559966,0.02321169752819698,0.025666444192216045,0.022220422284352663,0.02004344414455917,0.018056453210484515,0.015809350414614773,0.020276741005559963,0.01890866382049245,0.018075484454328834,0.015937632155679105,0.013336607138999207,0.015008663517077046,0.015872384123907863,0.01946523915011914,0.01537572798570294
Chips,0.017430518487688642,0.01241498653534551,0.012188778433677522,0.012192232374900714,0.008580909960285939,0.01818750269737887,0.01642696601747419,0.018703272381254965,0.0172159034725973,0.016275262646544875,0.018051180505162825,0.018178928063542495,0.02685044593486894,0.02229880620810167,0.01727542373947578,0.018901752019062752,0.020222761124702147,0.024178988359015087,0.026049118875297855,0.023635610821286734,0.022828805013502772,0.021768091177124704,0.024081753016679905,0.017212909210484507,0.025225112959491654,0.01742287419221604,0.011388157934868944,0.024835960794281173,0.02988163684193804,0.028214310824463865,0.008573529245432882,0.019580707272438443,0.019847706262112783,0.01915365216838761,0.023777785429706114,0.022220422284352663,0.026058698992851466,0.021209590322478152,0.018889241003971408,0.016865195475774426,0.021258404378077838,0.019324074567116763,0.018129449480540114,0.015192597274027003,0.013489982792692614,0.01525239925019857,0.015591856603653696,0.01980875637807784,0.015178432889594914
LabEq,0.015227847361397932,0.01169623138522637,0.011203693164416205,0.011766271977760125,0.008612841374106433,0.01562615732962669,0.015257516074662431,0.01675892981254964,0.016086018702144562,0.015295868940428912,0.016624621984114376,0.017148657502779985,0.024673426216044483,0.020880936384432093,0.016236947969817315,0.01730614214932486,0.018966958838760924,0.022626851177124697,0.02427898416362192,0.021955755347100866,0.021391178344718025,0.019607755207307388,0.022476472433677515,0.016599703874503574,0.02350001779030977,0.0163728516791104,0.010317243963463065,0.0224964682366958,0.025951461574265276,0.026158304967434473,0.008821877410643365,0.01756678915647339,0.018512040414614777,0.017765360857823667,0.020758834938840353,0.02004344414455917,0.021209590322478152,0.023932830784749795,0.01808106699920572,0.016287582408260528,0.020140459718824465,0.018014208713264493,0.016595907170770453,0.014095269042096903,0.012600225343923747,0.014599598322478155,0.014277629048451151,0.018110481421763303,0.014252617564733918
Paper,0.015810272718030184,0.013068627145353456,0.012127302888006352,0.011969212041302621,0.009210188530579824,0.016117820295472596,0.01498950197934869,0.01856516360285941,0.017112657080222395,0.016314383942811757,0.016291128063542496,0.015423269661636221,0.021400571297855442,0.02132482579189833,0.017217644428911834,0.018208807993645756,0.01965262649086577,0.023366885534551234,0.02585143810007943,0.02325381265131057,0.021240299971405877,0.020057781242255764,0.024109486748212863,0.016917163583796663,0.02521453355996823,0.01727107232406672,0.008535916282764098,0.022609407942811757,0.026772289410643364,0.026411360076250986,0.009915730833995235,0.0184006074598888,0.01919888820333598,0.01786899739475774,0.019277431478951546,0.018056453210484515,0.018889241003971408,0.01808106699920572,0.029362089505957104,0.019546257258141377,0.02077286006671962,0.01913994865766481,0.01859054776171565,0.014847934881652106,0.013863371526608421,0.0160093184050834,0.015365425550436853,0.01816985976171565,0.014357330942017476
