,Agric,Food ,Soda ,Beer ,Smoke,Toys ,Fun  ,Books,Hshld,Clths,Hlth ,MedEq,Drugs,Chems,Rubbr,Txtls,BldMt,Cnstr,Steel,FabPr,Mach ,ElcEq,Autos,Aero ,Ships,Guns ,Gold ,Mines,Coal ,Oil  ,Util ,Telcm,PerSv,BusSv,Hardw,Softw,Chips,LabEq,Paper,Boxes,Trans,Whlsl,Rtail,Meals,Banks,Insur,RlEst,Fin  ,Other
Agric,0.04599307910881652,0.012616465113582208,0.011211733566322478,0.010650704154090545,0.008781512247815728,0.01462138757426529,0.014097273513899921,0.01804083874185862,0.015680701059571086,0.014198335858617947,0.016627475213661636,0.015341159593328038,0.021748663181890383,0.018440361213661636,0.015090960738681491,0.01681557015885623,0.017492926935663223,0.020686440762509927,0.021668413388403494,0.019794921197776014,0.019230966702144556,0.019315761590150908,0.020778197364575056,0.014770117299444,0.023159862567116763,0.014844236757744239,0.016070327218427324,0.022514733351866562,0.02504902101191422,0.026699999450357427,0.00944652856076251,0.016733214891183477,0.018572467791898323,0.016376111334392374,0.01707979314376489,0.01738011465766482,0.018324563505957108,0.016157777345512308,0.01700045310246227,0.01473693371405878,0.019921221213661636,0.016883715742652898,0.017110341439237488,0.014366168922954727,0.011963388163621922,0.014128172492454327,0.013659530349483712,0.017403976851469417,0.013846058694201746
Food ,0.012616465113582208,0.016154491023034154,0.011466566195393166,0.010644516814932484,0.010096593486894363,0.011346775056393962,0.010481154196981729,0.013527062570293883,0.012757728144559175,0.012013025342335188,0.010932965618745034,0.010375780054011118,0.013589691664813342,0.014109124200158855,0.012193387505957108,0.012884482867355045,0.013498492273232727,0.015848482541699765,0.015457299552025417,0.014907648123907866,0.013823875121525019,0.01343407963621922,0.015604664767275612,0.011441269166004764,0.01646707911993646,0.012167529196187452,0.008044653922160444,0.0144095118268467,0.015082443267672753,0.016342533334392374,0.009939136710087369,0.012941460705321685,0.013292040833995232,0.01248228104050834,0.012696203532962665,0.012651426921366166,0.013248397421763305,0.012307913850675138,0.013962008590945195,0.012196287947577438,0.013604228775218429,0.01295173674344718,0.01329370760285941,0.011217464570293883,0.008853690482922954,0.011396332651310565,0.010819704948371724,0.012650270926131852,0.010417295358220812
Soda ,0.011211733566322478,0.011466566195393166,0.04476328978554407,0.011856023256552821,0.009858533026211279,0.010281400540111198,0.010395467672756155,0.013534250484511514,0.011542701032565527,0.010915126036536934,0.010238589769658458,0.010394010484511515,0.01447634440031771,0.012248177982525815,0.0112880490548054,0.012475405083399525,0.012103313264495631,0.014945364352660842,0.014152092454328833,0.012627887275615568,0.0120033071644162,0.01347855818903892,0.01390162706910246,0.01028639679110405,0.013057580683081807,0.011221073931691819,0.006478814106433679,0.011536969340746623,0.012522906751389987,0.012969330293884033,0.008442961779189835,0.012785960349483717,0.01295885204130262,0.011614853057982526,0.012140890579825255,0.012428558951548848,0.012686838220810166,0.011458274281175533,0.013079809880857824,0.01118647478951549,0.012688040794281175,0.01127455402700556,0.011781146719618742,0.011697899348689438,0.008586603876092136,0.010827550150913424,0.011247341413820493,0.012429619348689436,0.010426022779984116
Beer ,0.010650704154090545,0.010644516814932484,0.011856023256552821,0.027525943057982526,0.00968400457505957,0.010305389594916598,0.01000408253375695,0.012339189864972197,0.012044480182684673,0.01122416842732327,0.010498594575059571,0.010594332772041299,0.01456098969817315,0.012999754408260527,0.011784953065925335,0.012113363566322477,0.01287558457505957,0.014521028054011119,0.013913152470214456,0.013129206719618746,0.012902845281969819,0.013392311032565527,0.013868436910246225,0.011028279745830023,0.01579473879269261,0.011562969602859413,0.007099094487688639,0.01307618127879269,0.012929843852263699,0.01549821860206513,0.0088681956076251,0.012368386322478157,0.012718160135027797,0.011781906934074661,0.011865690643367755,0.01257874248610008,0.01283329694201747,0.012348410111199365,0.013025419920571884,0.011944582613185066,0.012903021207307387,0.011725622335186654,0.011917919237490072,0.010267571652104844,0.008580486409849087,0.010921796378077839,0.010230868665607625,0.012219156600476568,0.009988115647339157
Smoke,0.008781512247815728,0.010096593486894363,0.009858533026211279,0.00968400457505957,0.024588162922954723,0.00869174633836378,0.007644891247021446,0.009437286640190628,0.008633130992851469,0.007457531628276411,0.00615474433677522,0.007011513105639397,0.00863220190627482,0.009094801588562353,0.007745750563939636,0.008876921715647338,0.008981283177124696,0.010802413153296265,0.009783177633042097,0.008476001556791105,0.009160491818903889,0.009094604289118348,0.010248014805401112,0.00859903389992057,0.010286121683876093,0.009738163304209688,0.008813763812549643,0.009426037712470213,0.009390491850675139,0.010175477807783955,0.009981646671961874,0.009314421445591737,0.008815877680698967,0.008397416965845908,0.00821457131056394,0.008668942843526607,0.009208842478157267,0.009064541064336776,0.009790810135027798,0.009310408419380458,0.008691662494042893,0.008553330897537731,0.00844898528991263,0.008302375059571087,0.005531527212073074,0.008062440190627481,0.007483461064336774,0.008641248419380458,0.007862251183478951
Toys ,0.01462138757426529,0.011346775056393962,0.010281400540111198,0.010305389594916598,0.00869174633836378,0.036387782424146135,0.014114779974582999,0.01665176456870532,0.0162085165274027,0.016368466284352665,0.014748991253375695,0.014704222220810166,0.021338889064336772,0.01898685640667196,0.014946219364575061,0.017275488339952346,0.018511658986497224,0.02216428765687053,0.023227054671961872,0.021272713849086574,0.019145574897537727,0.018897048644956314,0.020954893633042093,0.014822217982525813,0.02259319903415409,0.01599317724861001,0.0115724282573471,0.022242741652104842,0.026820445137410647,0.023702099297855442,0.008664122570293883,0.0165428976457506,0.01785886994440031,0.016066765988880065,0.017957768749801425,0.0173824050420969,0.018852468044479744,0.016290575374106435,0.017354156752978547,0.014865073178713268,0.018130522490865764,0.016546524797458297,0.017589980638602065,0.014202485582208097,0.011571199869737888,0.013373732530579826,0.014556947084988085,0.01667338261477363,0.013764360120730745
Fun  ,0.014097273513899921,0.010481154196981729,0.010395467672756155,0.01000408253375695,0.007644891247021446,0.014114779974582999,0.020046115347100865,0.01639595778236696,0.014221477761715649,0.014206708227164418,0.014183341415409055,0.013837714109610802,0.0205803576791104,0.0176047685655282,0.013918244440031768,0.01569230507545671,0.016908463221604445,0.02013096800635425,0.019943954033359804,0.017582094300238285,0.017507817596505167,0.01678024816997617,0.01940361042573471,0.013457822494042893,0.021364597105639392,0.013422130733915802,0.007461908359015092,0.020475777434471796,0.020798436125496426,0.023074491980937244,0.007988395213661634,0.01628357811278793,0.016913449634630665,0.015323708586179506,0.016753828136616362,0.017259500033359812,0.016811301034154087,0.015462566031771248,0.016086309299444,0.014062744907069104,0.017245987104050835,0.015573020905480538,0.015754671370929313,0.014024392201747417,0.0112685043796664,0.013220522020651307,0.013575738943606037,0.01587148064177919,0.013164205756949961
Books,0.01804083874185862,0.013527062570293883,0.013534250484511514,0.012339189864972197,0.009437286640190628,0.01665176456870532,0.01639595778236696,0.029218952019062747,0.018011149108816515,0.01775543443367752,0.01703341633677522,0.01638422091818904,0.023648409397934868,0.021538436867355043,0.017210562319301032,0.018535310214455918,0.02055159725496426,0.024060438061953928,0.0250951930039714,0.02314272941699761,0.021429859456711674,0.020530620670373312,0.02409094854964257,0.01707859526608419,0.025746797127879268,0.016205240393963462,0.009072099774424146,0.024210019475774426,0.02548136340587767,0.027990537232724384,0.010421185556791104,0.01952041837648928,0.020946363717235898,0.018567300079428115,0.01975526285623511,0.019653898306592532,0.02012777754408261,0.017953737137410643,0.020000982868943605,0.01681491335345512,0.021548427653693403,0.019379724384432084,0.019893879828435265,0.015963718735504364,0.014310283189833203,0.01626538406354249,0.01564821969817315,0.01919034992216045,0.015339731335980936
Hshld,0.015680701059571086,0.012757728144559175,0.011542701032565527,0.012044480182684673,0.008633130992851469,0.0162085165274027,0.014221477761715649,0.018011149108816515,0.02218650549801429,0.01750663064177919,0.015642671042096903,0.015004894729150122,0.020652952722795867,0.019641201353455116,0.016332946584590943,0.018336640897537722,0.019011057375694994,0.02331895586973788,0.02338245614614774,0.02149033493566322,0.019804558120730727,0.018795060084193807,0.02214516712152502,0.015630977791898336,0.024422743348689435,0.01609564714376489,0.009405223815726766,0.021755520532168386,0.023808673488482923,0.025220198637013504,0.009691005920571882,0.017021162068308178,0.018500106314535344,0.016523663788721207,0.017832800177918978,0.01742201444162033,0.01807661039078634,0.016639851528196983,0.01780093125337569,0.016057265002382845,0.01957792070214455,0.01748516762509928,0.019271010401906277,0.014866439636219222,0.012471525158061957,0.0146460725528197,0.014644074543288322,0.017569063358220807,0.014289361023034155
Clths,0.014198335858617947,0.012013025342335188,0.010915126036536934,0.01122416842732327,0.007457531628276411,0.016368466284352665,0.014206708227164418,0.01775543443367752,0.01750663064177919,0.03289928052581414,0.015704181221604448,0.015027898027005559,0.019854596602065126,0.018198976279586974,0.015520080166799045,0.019533353923749004,0.017791286420969023,0.021919075234312947,0.022694801709293087,0.020332351958697384,0.01898114097378872,0.01758148536457506,0.0215790113375695,0.015123152883240664,0.02363070335504368,0.01577063886100079,0.0048140517045274014,0.02032839076250993,0.027189878092136608,0.02339029813820492,0.008838435350277998,0.016846048193804603,0.018324892351072278,0.016472877116759325,0.01737936188721207,0.017287013771247018,0.017493814041302617,0.01625142415091342,0.017748149127879267,0.015376306880063544,0.019550066430500394,0.016808310691024626,0.02289082724702144,0.01607689850516283,0.012508435763304208,0.014619900123907863,0.014625929523431292,0.017278636689436064,0.013473300486100077
Hlth ,0.016627475213661636,0.010932965618745034,0.010238589769658458,0.010498594575059571,0.00615474433677522,0.014748991253375695,0.014183341415409055,0.01703341633677522,0.015642671042096903,0.015704181221604448,0.02990592084352661,0.018716721131056397,0.027888037949166,0.018790557922160445,0.015892349618745034,0.017277552938840347,0.017417185382049245,0.02176021915806195,0.021495753016679903,0.019222035555202542,0.01841084649245433,0.018193763833200947,0.021116053777601267,0.014286453502779985,0.022187329019857024,0.01482832445909452,0.010002534347895154,0.020829944154090552,0.022965650597299443,0.02458969750913424,0.00804250179030977,0.016711600289118347,0.01862537282764098,0.01699313735504368,0.018436673823669574,0.01847034665766481,0.01831281977918983,0.016810379232724385,0.01696783810007942,0.015021500220810167,0.019718768454328833,0.016894764638602063,0.01741245119618745,0.014711288420969025,0.012282646698967436,0.01450288205242256,0.013588073828435262,0.01725961319142176,0.014131788028594123
MedEq,0.015341159593328038,0.010375780054011118,0.010394010484511515,0.010594332772041299,0.007011513105639397,0.014704222220810166,0.013837714109610802,0.01638422091818904,0.015004894729150122,0.015027898027005559,0.018716721131056397,0.02183750161080222,0.02794313221286736,0.01796004439078634,0.015227460714853057,0.01623011510722796,0.017084069064336776,0.02050594865766481,0.020434948543288322,0.019131157972994434,0.017614459069102462,0.018586382455917393,0.019901003583796668,0.01407634973788721,0.021209917420174737,0.014324901134233514,0.008953998767275618,0.019993709992057192,0.023019638081016678,0.02268138154725973,0.00823573906910246,0.016106958576648133,0.017118833899920572,0.016312806830818108,0.018059247631453532,0.018517620892772042,0.01810106972517871,0.016949011571088163,0.015947900505162822,0.013540246557585383,0.017521799148530578,0.01598804098490865,0.016197417086576647,0.013637733394757743,0.011579762865766481,0.013555799656870534,0.013484818332009527,0.01671075295949166,0.013799543301032564
Drugs,0.021748663181890383,0.013589691664813342,0.01447634440031771,0.01456098969817315,0.00863220190627482,0.021338889064336772,0.0205803576791104,0.023648409397934868,0.020652952722795867,0.019854596602065126,0.027888037949166,0.02794313221286736,0.05649213301191421,0.026031858853057983,0.020869744932486094,0.02261741258935663,0.02438514364098491,0.02902336756155679,0.028809961010325656,0.026731360536934076,0.025158726819698177,0.026667659613979353,0.028228811957108822,0.020404206195393165,0.03057293105957108,0.0200737670420969,0.014504484524225576,0.030070943947577443,0.03368505599523431,0.03320434106115965,0.009806712824463857,0.022962272339952343,0.025463775131056396,0.02323088361397935,0.027463238964257345,0.027761661984114363,0.026632902285941222,0.024413170727561554,0.022118775879269262,0.018677261685464654,0.02548237661318507,0.023060570802223988,0.02311255922478157,0.020037909164416202,0.015921811791898326,0.01866941402382843,0.019321337037331212,0.024531418865766482,0.02112089600635425
Chems,0.018440361213661636,0.014109124200158855,0.012248177982525815,0.012999754408260527,0.009094801588562353,0.01898685640667196,0.0176047685655282,0.021538436867355043,0.019641201353455116,0.018198976279586974,0.018790557922160445,0.01796004439078634,0.026031858853057983,0.03206404496266878,0.02009388438443209,0.020212357013502776,0.023787903313741064,0.0282458235107228,0.03276577497696585,0.02835583686100079,0.02651470863224781,0.024079663694996027,0.02782529931056394,0.01921152397140588,0.03148947074821286,0.018753329791898338,0.018462464787926926,0.03456356266878474,0.04069130600794281,0.04180998329467832,0.01135856880698967,0.020848480165210487,0.022590281842732332,0.020539500841938046,0.022568986884829226,0.021470155475774418,0.023010498827640984,0.021168744406671963,0.022342039726767272,0.02085812245909452,0.025311062595710875,0.02262445337569499,0.02026034909610802,0.016158724911834788,0.015023158830818112,0.01763103825893566,0.01794281251787133,0.022045759949166004,0.017849036200158853
Rubbr,0.015090960738681491,0.012193387505957108,0.0112880490548054,0.011784953065925335,0.007745750563939636,0.014946219364575061,0.013918244440031768,0.017210562319301032,0.016332946584590943,0.015520080166799045,0.015892349618745034,0.015227460714853057,0.020869744932486094,0.02009388438443209,0.024667254257347098,0.017298604265289914,0.019271639094519462,0.023099191262907066,0.023854778077839554,0.02269558565528197,0.01997686872915012,0.01820952278792693,0.021793463185067516,0.015741924447974585,0.02338381529785544,0.01477770069102462,0.010280134551231139,0.022141642374900714,0.02459295714853059,0.025765164114376484,0.00966033457505957,0.016480547656870525,0.018231269904686254,0.016746757863383633,0.01765583113582208,0.017390229412231936,0.01800596366163622,0.016722803280381258,0.018330924066719618,0.016613301374106434,0.019042642494042892,0.017409520794281173,0.01696173512311358,0.013990487776012714,0.012709905726767275,0.014680060555996823,0.014447078006354249,0.017469742017474185,0.014273399523431292
Txtls,0.01681557015885623,0.012884482867355045,0.012475405083399525,0.012113363566322477,0.008876921715647338,0.017275488339952346,0.01569230507545671,0.018535310214455918,0.018336640897537722,0.019533353923749004,0.017277552938840347,0.01623011510722796,0.02261741258935663,0.020212357013502776,0.017298604265289914,0.03197015433677521,0.02072669663224781,0.025596369626687848,0.02314623806195393,0.022703408435266078,0.020855478403494835,0.019890501358220805,0.02330636191421763,0.01670382335186656,0.0249090365528197,0.0169209268228753,0.0073622528673550425,0.021244333733121526,0.021245335274027,0.024123841064336776,0.009451464312946783,0.018676584924543282,0.019583599801429707,0.018201176624305,0.01922350579825258,0.019269744598888007,0.019980021024622718,0.017875764535345517,0.019734714725972994,0.01710477875297855,0.020799564336775215,0.018156846894360604,0.019887284289118345,0.016387718991262908,0.014218353463065927,0.01601555590150913,0.016279099467831612,0.01884945731532963,0.01512848924543288
BldMt,0.017492926935663223,0.013498492273232727,0.012103313264495631,0.01287558457505957,0.008981283177124696,0.018511658986497224,0.016908463221604445,0.02055159725496426,0.019011057375694994,0.017791286420969023,0.017417185382049245,0.017084069064336776,0.02438514364098491,0.023787903313741064,0.019271639094519462,0.02072669663224781,0.027747886773629864,0.029159468244638602,0.029931724276409846,0.026929930732327245,0.024645743234312952,0.022196175494837166,0.02625368818745035,0.018838274948371724,0.02995619365210485,0.01845313281334392,0.01299932488641779,0.029118362875297843,0.03210430395234313,0.03331945991421763,0.010864050525814137,0.01992550614138205,0.022008637124702145,0.019711370627482128,0.020827046411437653,0.020295151926926127,0.021630831132644954,0.01982385506910246,0.02141175217156473,0.0189373976203336,0.023716893814138204,0.021121510976965845,0.02047356407307387,0.016514150274821282,0.01495198730103257,0.01716664494996029,0.017009210182684666,0.020758195444003178,0.016706285992057184
Cnstr,0.020686440762509927,0.015848482541699765,0.014945364352660842,0.014521028054011119,0.010802413153296265,0.02216428765687053,0.02013096800635425,0.024060438061953928,0.02331895586973788,0.021919075234312947,0.02176021915806195,0.02050594865766481,0.02902336756155679,0.0282458235107228,0.023099191262907066,0.025596369626687848,0.029159468244638602,0.04474063301032565,0.03506648359015092,0.03159603050039714,0.028967281810961077,0.026180063447180303,0.03160658554408259,0.021878131119936455,0.03514763065925337,0.02113477515488483,0.016225869388403497,0.03453928660841939,0.040988114344718024,0.040050637458300245,0.012999229324860999,0.023517905861795075,0.026841606004765692,0.023162534583002388,0.02513900616362192,0.024309593804606833,0.025623212930897532,0.023532276791104045,0.025224291660047655,0.022410238951548846,0.028377487434471795,0.024755256076250995,0.02486775040508339,0.020073352279586967,0.017594635329626688,0.020504302970611593,0.021742892835583796,0.024647700810166796,0.019821942462271643
Steel,0.021668413388403494,0.015457299552025417,0.014152092454328833,0.013913152470214456,0.009783177633042097,0.023227054671961872,0.019943954033359804,0.0250951930039714,0.02338245614614774,0.022694801709293087,0.021495753016679903,0.020434948543288322,0.028809961010325656,0.03276577497696585,0.023854778077839554,0.02314623806195393,0.029931724276409846,0.03506648359015092,0.057351367523431285,0.03789018403177124,0.03356110266560763,0.027996615015091347,0.03415771966957903,0.02347883701350278,0.03951495395075456,0.022002173324861,0.0327847690675139,0.04796680587768069,0.06294084791739477,0.054051308289118354,0.013013204524225575,0.024773160076250987,0.02765207285146943,0.02382014795869738,0.026029723158061957,0.024145590951548845,0.026707067583796658,0.024586974659253375,0.02659804367911041,0.024780877928514692,0.03121873145035742,0.028482803431294675,0.025173612854646546,0.019369620212867353,0.018741254500397132,0.020443189496425734,0.02148584330420969,0.026448693655281963,0.02049783916759333
FabPr,0.019794921197776014,0.014907648123907866,0.012627887275615568,0.013129206719618746,0.008476001556791105,0.021272713849086574,0.017582094300238285,0.02314272941699761,0.02149033493566322,0.020332351958697384,0.019222035555202542,0.019131157972994434,0.026731360536934076,0.02835583686100079,0.02269558565528197,0.022703408435266078,0.026929930732327245,0.03159603050039714,0.03789018403177124,0.07859591365210485,0.030036284406671956,0.026156694624305008,0.030928509779189824,0.021571861953931692,0.03434718172517872,0.0196581149070691,0.019013535764892765,0.03499958501985703,0.04219952880381254,0.04241214151548849,0.012302380165210482,0.021726299323272438,0.025518964718030182,0.02250646841938046,0.023782532111199364,0.022704103100873712,0.02437614040031771,0.022557417369340745,0.024181075787132647,0.02027713241938046,0.025520838576648136,0.024568037299444005,0.022697184552819702,0.017826494268467035,0.01779470257982526,0.01914050253216839,0.019437928212867363,0.022925491005559972,0.018301298154090546
Mach ,0.019230966702144556,0.013823875121525019,0.0120033071644162,0.012902845281969819,0.009160491818903889,0.019145574897537727,0.017507817596505167,0.021429859456711674,0.019804558120730727,0.01898114097378872,0.01841084649245433,0.017614459069102462,0.025158726819698177,0.02651470863224781,0.01997686872915012,0.020855478403494835,0.024645743234312952,0.028967281810961077,0.03356110266560763,0.030036284406671956,0.029254152341540905,0.02409028981890389,0.028506885275615554,0.02012654141382049,0.03296671730897537,0.018951668942017472,0.015229017702938837,0.03296016839555202,0.03875287702462272,0.04106690292930897,0.011174889291501193,0.020969259593328037,0.0230691838522637,0.020729215099285145,0.022957853223193013,0.02176780396664019,0.023600706222398727,0.02173269029229547,0.022357824063542493,0.020138905628276412,0.025792870173153296,0.022857076473391576,0.020930241709293085,0.01677508806513105,0.015770162524225573,0.017808806487688632,0.017661463439237492,0.022223894754567115,0.017185681347100874
ElcEq,0.019315761590150908,0.01343407963621922,0.01347855818903892,0.013392311032565527,0.009094604289118348,0.018897048644956314,0.01678024816997617,0.020530620670373312,0.018795060084193807,0.01758148536457506,0.018193763833200947,0.018586382455917393,0.026667659613979353,0.024079663694996027,0.01820952278792693,0.019890501358220805,0.022196175494837166,0.026180063447180303,0.027996615015091347,0.026156694624305008,0.02409028981890389,0.034316395899920575,0.025695536837172357,0.01809320555996823,0.028565669156473388,0.01782628108181096,0.011907387030976964,0.028381707791898334,0.032731886279586966,0.03344312776171563,0.010087988166799046,0.019675575831612387,0.02112328591739476,0.019602013018268475,0.02136115811914218,0.021081213348689433,0.022112957478951537,0.019844145323272437,0.02058233422081017,0.01798803419698173,0.02260771819857029,0.02078026602065131,0.019485760514694205,0.016014870727561557,0.0140188526624305,0.016388624902303413,0.016966910921366166,0.020346386897537722,0.017363450185861794
Autos,0.020778197364575056,0.015604664767275612,0.01390162706910246,0.013868436910246225,0.010248014805401112,0.020954893633042093,0.01940361042573471,0.02409094854964257,0.02214516712152502,0.0215790113375695,0.021116053777601267,0.019901003583796668,0.028228811957108822,0.02782529931056394,0.021793463185067516,0.02330636191421763,0.02625368818745035,0.03160658554408259,0.03415771966957903,0.030928509779189824,0.028506885275615554,0.025695536837172357,0.036270211880857814,0.021852953264495628,0.03457296218268468,0.021040998889594917,0.0146401285401112,0.032569847934868945,0.036317220894360604,0.038071573575853855,0.011801106006354247,0.022885187809372518,0.025573421104050833,0.022896320436854644,0.02506567354408261,0.02413076985385226,0.02532445851151708,0.023184183925337568,0.025252577874503575,0.021978277945988875,0.027926208111199363,0.024086939920571874,0.02373225519301032,0.019330376303415407,0.017103886657664814,0.01973840946147736,0.01955749227164416,0.02442936335504368,0.018835328565528196
Aero ,0.014770117299444,0.011441269166004764,0.01028639679110405,0.011028279745830023,0.00859903389992057,0.014822217982525813,0.013457822494042893,0.01707859526608419,0.015630977791898336,0.015123152883240664,0.014286453502779985,0.01407634973788721,0.020404206195393165,0.01921152397140588,0.015741924447974585,0.01670382335186656,0.018838274948371724,0.021878131119936455,0.02347883701350278,0.021571861953931692,0.02012654141382049,0.01809320555996823,0.021852953264495628,0.024370829102462268,0.02449575231135822,0.016653353455123115,0.007212380015885625,0.02108757499602859,0.02409133080222399,0.023857267418586178,0.009561895631453534,0.016729088673550437,0.01918277080222399,0.016607482414614773,0.01777131173947577,0.017181410865766484,0.018176335345512308,0.017232706211278793,0.018063752438443208,0.01607519110405083,0.01991072603653693,0.017471874916600474,0.016238969436060367,0.013437958729150119,0.013013297791898333,0.015090631262907071,0.013931648387609212,0.017918584813343925,0.01354810271644162
Ships,0.023159862567116763,0.01646707911993646,0.013057580683081807,0.01579473879269261,0.010286121683876093,0.02259319903415409,0.021364597105639392,0.025746797127879268,0.024422743348689435,0.02363070335504368,0.022187329019857024,0.021209917420174737,0.03057293105957108,0.03148947074821286,0.02338381529785544,0.0249090365528197,0.02995619365210485,0.03514763065925337,0.03951495395075456,0.03434718172517872,0.03296671730897537,0.028565669156473388,0.03457296218268468,0.02449575231135822,0.05947770046703731,0.023774906411437646,0.019516401550436848,0.03981653618745035,0.0492094166449563,0.04959074931850674,0.013918631494837172,0.025067164346306587,0.029645934948371717,0.024437704193804605,0.026690625950754557,0.025504493023034147,0.0271680129912629,0.02482288671326449,0.02755140840667196,0.023985267803018268,0.032583235100873714,0.027564314916600472,0.026112319815726766,0.020290464619539317,0.019003976054011117,0.021735945092930888,0.021243346513105638,0.026558151726767266,0.020955485356632247
Guns ,0.014844236757744239,0.012167529196187452,0.011221073931691819,0.011562969602859413,0.009738163304209688,0.01599317724861001,0.013422130733915802,0.016205240393963462,0.01609564714376489,0.01577063886100079,0.01482832445909452,0.014324901134233514,0.0200737670420969,0.018753329791898338,0.01477770069102462,0.0169209268228753,0.01845313281334392,0.02113477515488483,0.022002173324861,0.0196581149070691,0.018951668942017472,0.01782628108181096,0.021040998889594917,0.016653353455123115,0.023774906411437646,0.03597455837807785,0.012644748219221602,0.020375744217633038,0.023970981520254172,0.02291316526449563,0.00940538638443209,0.01669277765528197,0.018254970953137415,0.0160376923669579,0.017732966106433674,0.016785030845115175,0.018362924999205717,0.01693606141223193,0.01813693745512311,0.0155891110929309,0.018513413525019857,0.016555428244638605,0.01710490722160445,0.013375946079428115,0.011435908862589354,0.01405052458141382,0.013117957100873708,0.016753565795075455,0.013493357534551227
Gold ,0.016070327218427324,0.008044653922160444,0.006478814106433679,0.007099094487688639,0.008813763812549643,0.0115724282573471,0.007461908359015092,0.009072099774424146,0.009405223815726766,0.0048140517045274014,0.010002534347895154,0.008953998767275618,0.014504484524225576,0.018462464787926926,0.010280134551231139,0.0073622528673550425,0.01299932488641779,0.016225869388403497,0.0327847690675139,0.019013535764892765,0.015229017702938837,0.011907387030976964,0.0146401285401112,0.007212380015885625,0.019516401550436848,0.012644748219221602,0.2057316770516282,0.057653787069102465,0.06549267032883238,0.04356586192851471,0.013032281976171562,0.012386051571088163,0.009290554884829227,0.009012738490865767,0.010402820721207308,0.010533300257347097,0.013085555571088167,0.011124584311358219,0.009858384190627482,0.01287949322954726,0.011049743961874503,0.013658930230341537,0.006799407173947579,0.0044374259761715655,0.0011874879173947573,0.0038108364162033367,0.008452333915806192,0.010401522204924542,0.01197235241938046
Mines,0.022514733351866562,0.0144095118268467,0.011536969340746623,0.01307618127879269,0.009426037712470213,0.022242741652104842,0.020475777434471796,0.024210019475774426,0.021755520532168386,0.02032839076250993,0.020829944154090552,0.019993709992057192,0.030070943947577443,0.03456356266878474,0.022141642374900714,0.021244333733121526,0.029118362875297843,0.03453928660841939,0.04796680587768069,0.03499958501985703,0.03296016839555202,0.028381707791898334,0.032569847934868945,0.02108757499602859,0.03981653618745035,0.020375744217633038,0.057653787069102465,0.07950854569499605,0.073883624598888,0.06632728061953931,0.013646334098490863,0.024190366084193803,0.025742335544082607,0.022949940865766485,0.026663465957108817,0.025011153796664017,0.026117980373312148,0.02353426602859412,0.024479752247815727,0.02357036612390786,0.03075467760127085,0.02763955980937252,0.022706962033359812,0.018036541532962674,0.015993085647339155,0.01748758846703733,0.020071587807783953,0.024870905099285148,0.021116594948371724
Coal ,0.02504902101191422,0.015082443267672753,0.012522906751389987,0.012929843852263699,0.009390491850675139,0.026820445137410647,0.020798436125496426,0.02548136340587767,0.023808673488482923,0.027189878092136608,0.022965650597299443,0.023019638081016678,0.03368505599523431,0.04069130600794281,0.02459295714853059,0.021245335274027,0.03210430395234313,0.040988114344718024,0.06294084791739477,0.04219952880381254,0.03875287702462272,0.032731886279586966,0.036317220894360604,0.02409133080222399,0.0492094166449563,0.023970981520254172,0.06549267032883238,0.073883624598888,0.22877722772200157,0.09160868702462271,0.015273603108816525,0.02824615946306592,0.028769118657664808,0.02477309217633042,0.030724509026211273,0.02657235517235901,0.03070280573629865,0.026138135293089757,0.027332257575853846,0.02604247299285146,0.03428182869261318,0.03259508050833995,0.02746530091818904,0.01877033051787133,0.017448577088165208,0.018955957096108023,0.02498607281175536,0.028007569887212074,0.023790569220015885
Oil  ,0.026699999450357427,0.016342533334392374,0.012969330293884033,0.01549821860206513,0.010175477807783955,0.023702099297855442,0.023074491980937244,0.027990537232724384,0.025220198637013504,0.02339029813820492,0.02458969750913424,0.02268138154725973,0.03320434106115965,0.04180998329467832,0.025765164114376484,0.024123841064336776,0.03331945991421763,0.040050637458300245,0.054051308289118354,0.04241214151548849,0.04106690292930897,0.03344312776171563,0.038071573575853855,0.023857267418586178,0.04959074931850674,0.02291316526449563,0.04356586192851471,0.06632728061953931,0.09160868702462271,0.11641643692454329,0.0171943650420969,0.02920259965687053,0.0306719416203336,0.026076706195393165,0.030023063866560756,0.027907300972200164,0.02925417248927721,0.026834352841938042,0.028200569607625098,0.026758640441620334,0.03708732458141382,0.033703224749801426,0.02716560018427324,0.01932726799364575,0.01900949314376489,0.021040291158061955,0.024368672454328832,0.029239704857823665,0.024956333420174743
Util ,0.00944652856076251,0.009939136710087369,0.008442961779189835,0.0088681956076251,0.009981646671961874,0.008664122570293883,0.007988395213661634,0.010421185556791104,0.009691005920571882,0.008838435350277998,0.00804250179030977,0.00823573906910246,0.009806712824463857,0.01135856880698967,0.00966033457505957,0.009451464312946783,0.010864050525814137,0.012999229324860999,0.013013204524225575,0.012302380165210482,0.011174889291501193,0.010087988166799046,0.011801106006354247,0.009561895631453534,0.013918631494837172,0.00940538638443209,0.013032281976171562,0.013646334098490863,0.015273603108816525,0.0171943650420969,0.017318401237490066,0.010398146678316124,0.01114642548848292,0.009588224328832407,0.00891190421604448,0.009291406206513104,0.009766455372517871,0.009723167639396343,0.011152212435266083,0.011127880735504367,0.011308442881652104,0.010301127148530579,0.009662088158856231,0.008560020884829229,0.00627491761556791,0.009281556543288322,0.008953507934868944,0.00915621672438443,0.009394731482128675
Telcm,0.016733214891183477,0.012941460705321685,0.012785960349483717,0.012368386322478157,0.009314421445591737,0.0165428976457506,0.01628357811278793,0.01952041837648928,0.017021162068308178,0.016846048193804603,0.016711600289118347,0.016106958576648133,0.022962272339952343,0.020848480165210487,0.016480547656870525,0.018676584924543282,0.01992550614138205,0.023517905861795075,0.024773160076250987,0.021726299323272438,0.020969259593328037,0.019675575831612387,0.022885187809372518,0.016729088673550437,0.025067164346306587,0.01669277765528197,0.012386051571088163,0.024190366084193803,0.02824615946306592,0.02920259965687053,0.010398146678316124,0.02468829096743447,0.019291629531374102,0.018077968689436053,0.01987751746465449,0.01978313468149324,0.02014753474503574,0.017733273731532957,0.01896212280857824,0.01629378741540906,0.0204942922065131,0.018776949579030977,0.018647961645750596,0.015217548057188241,0.013182937115170771,0.015388556511517078,0.015501434583002379,0.01866359969499603,0.015475439504368539
PerSv,0.018572467791898323,0.013292040833995232,0.01295885204130262,0.012718160135027797,0.008815877680698967,0.01785886994440031,0.016913449634630665,0.020946363717235898,0.018500106314535344,0.018324892351072278,0.01862537282764098,0.017118833899920572,0.025463775131056396,0.022590281842732332,0.018231269904686254,0.019583599801429707,0.022008637124702145,0.026841606004765692,0.02765207285146943,0.025518964718030182,0.0230691838522637,0.02112328591739476,0.025573421104050833,0.01918277080222399,0.029645934948371717,0.018254970953137415,0.009290554884829227,0.025742335544082607,0.028769118657664808,0.0306719416203336,0.01114642548848292,0.019291629531374102,0.033301120246227174,0.01962314933280381,0.02109789150119142,0.020238441374106433,0.02142511732327244,0.01938434099285147,0.02066821744241461,0.018297952446386025,0.02421804757744241,0.020626595075456708,0.020627278379666398,0.017024633876092137,0.01520382936457506,0.017293656552819694,0.01634245584590945,0.020515666560762508,0.015956746274821288
BusSv,0.016376111334392374,0.01248228104050834,0.011614853057982526,0.011781906934074661,0.008397416965845908,0.016066765988880065,0.015323708586179506,0.018567300079428115,0.016523663788721207,0.016472877116759325,0.01699313735504368,0.016312806830818108,0.02323088361397935,0.020539500841938046,0.016746757863383633,0.018201176624305,0.019711370627482128,0.023162534583002388,0.02382014795869738,0.02250646841938046,0.020729215099285145,0.019602013018268475,0.022896320436854644,0.016607482414614773,0.024437704193804605,0.0160376923669579,0.009012738490865767,0.022949940865766485,0.02477309217633042,0.026076706195393165,0.009588224328832407,0.018077968689436053,0.01962314933280381,0.02029286131056394,0.019218328260524227,0.019497094511517075,0.019743823613979347,0.01805405741858618,0.01890080327243844,0.016343110301826846,0.020779998427323268,0.018307855790309763,0.01808459768069897,0.015051298387609212,0.013457634050833996,0.01553916352660842,0.01483572750595711,0.018633879364575064,0.015006953550436852
Hardw,0.01707979314376489,0.012696203532962665,0.012140890579825255,0.011865690643367755,0.00821457131056394,0.017957768749801425,0.016753828136616362,0.01975526285623511,0.017832800177918978,0.01737936188721207,0.018436673823669574,0.018059247631453532,0.027463238964257345,0.022568986884829226,0.01765583113582208,0.01922350579825258,0.020827046411437653,0.02513900616362192,0.026029723158061957,0.023782532111199364,0.022957853223193013,0.02136115811914218,0.02506567354408261,0.01777131173947577,0.026690625950754557,0.017732966106433674,0.010402820721207308,0.026663465957108817,0.030724509026211273,0.030023063866560756,0.00891190421604448,0.01987751746465449,0.02109789150119142,0.019218328260524227,0.030231086297061158,0.02268533711199364,0.023728883895154887,0.02047951276250993,0.019869283253375693,0.017284906827640983,0.02196337566957903,0.019679441652104845,0.01887283773788721,0.0160462485655282,0.013859173477362987,0.015557181483717236,0.016374482192216044,0.020481255707704527,0.016150412149324857
Softw,0.01738011465766482,0.012651426921366166,0.012428558951548848,0.01257874248610008,0.008668942843526607,0.0173824050420969,0.017259500033359812,0.019653898306592532,0.01742201444162033,0.017287013771247018,0.01847034665766481,0.018517620892772042,0.027761661984114363,0.021470155475774418,0.017390229412231936,0.019269744598888007,0.020295151926926127,0.024309593804606833,0.024145590951548845,0.022704103100873712,0.02176780396664019,0.021081213348689433,0.02413076985385226,0.017181410865766484,0.025504493023034147,0.016785030845115175,0.010533300257347097,0.025011153796664017,0.02657235517235901,0.027907300972200164,0.009291406206513104,0.01978313468149324,0.020238441374106433,0.019497094511517075,0.02268533711199364,0.024791246467037332,0.02228887660206513,0.01990967376806989,0.019183077337569496,0.0163355630166799,0.020816740749801426,0.019080520921366164,0.018518883761715645,0.01614488341699762,0.013515825968228755,0.015645837159650514,0.01628106345512311,0.019911145582208096,0.016003876034948374
Chips,0.018324563505957108,0.013248397421763305,0.012686838220810166,0.01283329694201747,0.009208842478157267,0.018852468044479744,0.016811301034154087,0.02012777754408261,0.01807661039078634,0.017493814041302617,0.01831281977918983,0.01810106972517871,0.026632902285941222,0.023010498827640984,0.01800596366163622,0.019980021024622718,0.021630831132644954,0.025623212930897532,0.026707067583796658,0.02437614040031771,0.023600706222398727,0.022112957478951537,0.02532445851151708,0.018176335345512308,0.0271680129912629,0.018362924999205717,0.013085555571088167,0.026117980373312148,0.03070280573629865,0.02925417248927721,0.009766455372517871,0.02014753474503574,0.02142511732327244,0.019743823613979347,0.023728883895154887,0.02228887660206513,0.026673287007148532,0.02148873970929309,0.020055291285146944,0.017549915502779987,0.022260953235901514,0.01983346821286736,0.01902778107704527,0.015801887912629074,0.013969769240667194,0.016229514109610804,0.01639666677521842,0.020747432444797452,0.016274023866560763
LabEq,0.016157777345512308,0.012307913850675138,0.011458274281175533,0.012348410111199365,0.009064541064336776,0.016290575374106435,0.015462566031771248,0.017953737137410643,0.016639851528196983,0.01625142415091342,0.016810379232724385,0.016949011571088163,0.024413170727561554,0.021168744406671963,0.016722803280381258,0.017875764535345517,0.01982385506910246,0.023532276791104045,0.024586974659253375,0.022557417369340745,0.02173269029229547,0.019844145323272437,0.023184183925337568,0.017232706211278793,0.02482288671326449,0.01693606141223193,0.011124584311358219,0.02353426602859412,0.026138135293089757,0.026834352841938042,0.009723167639396343,0.017733273731532957,0.01938434099285147,0.01805405741858618,0.02047951276250993,0.01990967376806989,0.02148873970929309,0.023440214676727567,0.01889983616838761,0.016649336446386023,0.02064720377124702,0.01823671850675139,0.017220396689436063,0.014561943251787132,0.012892972595710882,0.015262581102462267,0.014732042978554412,0.01877567836060365,0.014958318678316125
Paper,0.01700045310246227,0.013962008590945195,0.013079809880857824,0.013025419920571884,0.009790810135027798,0.017354156752978547,0.016086309299444,0.020000982868943605,0.01780093125337569,0.017748149127879267,0.01696783810007942,0.015947900505162822,0.022118775879269262,0.022342039726767272,0.018330924066719618,0.019734714725972994,0.02141175217156473,0.025224291660047655,0.02659804367911041,0.024181075787132647,0.022357824063542493,0.02058233422081017,0.025252577874503575,0.018063752438443208,0.02755140840667196,0.01813693745512311,0.009858384190627482,0.024479752247815727,0.027332257575853846,0.028200569607625098,0.011152212435266083,0.01896212280857824,0.02066821744241461,0.01890080327243844,0.019869283253375693,0.019183077337569496,0.020055291285146944,0.01889983616838761,0.03143423437013503,0.020317489111993645,0.02230555705798253,0.019821737791898327,0.019601043958697377,0.015796571348689437,0.014550476708498804,0.017127576057188242,0.01627843777601271,0.019606625442414618,0.015452790049245433
