,Agric,Food ,Soda ,Beer ,Smoke,Toys ,Fun  ,Books,Hshld,Clths,Hlth ,MedEq,Drugs,Chems,Rubbr,Txtls,BldMt,Cnstr,Steel,FabPr,Mach ,ElcEq,Autos,Aero ,Ships,Guns ,Gold ,Mines,Coal ,Oil  ,Util ,Telcm,PerSv,BusSv,Hardw,Softw,Chips,LabEq,Paper,Boxes,Trans,Whlsl,Rtail,Meals,Banks,Insur,RlEst,Fin  ,Other
Agric,0.04267922210643367,0.012174439602859412,0.010695978007942811,0.010170964543288323,0.008345845639396344,0.013950540911834786,0.013694803291501188,0.016944457172359012,0.014955855409054801,0.013799770198570295,0.015952719532962664,0.015184493013502783,0.021697271733121526,0.017680416095313737,0.01483222793010326,0.015928991129467832,0.01640688030182685,0.01957199622557585,0.020780842268467034,0.019268802430500394,0.018420497232724386,0.018482297671167592,0.019611107930103254,0.013922489613979348,0.022007562754567108,0.013900662948371726,0.013829538637013502,0.020992657772835585,0.02378298181096108,0.02591848667196187,0.009071761782366955,0.0165841837426529,0.017898939450357428,0.015884929779189833,0.016947165518665604,0.017006248206513103,0.017671059917394764,0.01542181084034948,0.016017154961080225,0.014478524336775215,0.01913273970135028,0.016678246589356634,0.016658452324066715,0.013963759806195394,0.011701553601270849,0.013551603793486893,0.013122658681493244,0.0168567522573471,0.013098711707704526
Food ,0.012174439602859412,0.016549246187450354,0.011377147688641776,0.010387817664813344,0.01052655181096108,0.011183481953931691,0.01019587896743447,0.012789357164416204,0.012580011167593335,0.011426926989674343,0.010557272843526604,0.010171252279586976,0.01328498859412232,0.013668281080222399,0.011968512827640986,0.011833102764098491,0.012800735416997616,0.015278073645750593,0.014941384447974581,0.014361603725178711,0.013440360333598094,0.013026240047656871,0.01506955144559174,0.01097380961080222,0.015193720945194599,0.01201136728355838,0.007785200889594914,0.013657188705321682,0.014399855814138204,0.015388692803812547,0.009582910127084987,0.013046783741064334,0.01257015159650516,0.012037756425734708,0.012657402899126296,0.012297803963463068,0.012730775623510722,0.011971692692613186,0.013349019126290707,0.012241740722795868,0.012918226902303414,0.012832529118347896,0.013168363709293088,0.010956836115965055,0.008599471151707705,0.010948287021445595,0.010586847672756156,0.011935230937251786,0.009930445115170772
Soda ,0.010695978007942811,0.011377147688641776,0.047364736768864185,0.011647114948371722,0.01031998384432089,0.010539551491660045,0.010611666357426526,0.012448116934074662,0.011209018586179507,0.009332987132644957,0.010134804139793487,0.010571364943606035,0.014705096101667989,0.011469127930103257,0.010951361591739477,0.011411645077045274,0.011058327704527401,0.013821867774424144,0.013559061267672754,0.011624020571882448,0.011438438201747418,0.013240506090548049,0.013073908247815727,0.009715275984114376,0.011946219847498012,0.01080937926290707,0.005726788168387608,0.010328376057188244,0.011970229753772838,0.011012636632247818,0.007989737890389198,0.012579431939634634,0.012119478290706911,0.01129846229706116,0.012132770284352659,0.012653764997617159,0.012390933340746622,0.01134241265131056,0.012297628956314532,0.01039900462271644,0.01165194827958697,0.011046198138204922,0.011493130290706912,0.011399240759332801,0.008229665849086576,0.01011085446862589,0.010784834408260526,0.011880553750595711,0.00970585782366958
Beer ,0.010170964543288323,0.010387817664813344,0.011647114948371722,0.027317872216044477,0.009780123907863385,0.01008211485305798,0.01001533868149325,0.011872240794281173,0.011623803272438444,0.011425113550436856,0.010258435170770451,0.010376346052422557,0.014434947259729944,0.0126226031771247,0.01113772597299444,0.011496908943606035,0.011991281493248608,0.013669955361397933,0.013846098173153295,0.012358254265289914,0.012560216806989676,0.013372846131850675,0.01330322109610802,0.01066605235901509,0.014701854074662431,0.011435756949960286,0.007328566481334395,0.012690294328832405,0.012345941223193007,0.015552871104050833,0.008399009023034157,0.012386183955520253,0.012134881143764892,0.011474320254169976,0.011982677903097693,0.012508030309769658,0.012322539126290704,0.011881454074662429,0.012094509483717236,0.011466568006354249,0.012493691469420169,0.01168913566322478,0.011970524543288326,0.010114152819698175,0.008342153931691819,0.010358953296266878,0.009870904463860209,0.01169298217633042,0.009760085909451943
Smoke,0.008345845639396344,0.01052655181096108,0.01031998384432089,0.009780123907863385,0.02839193206513105,0.009109156965845907,0.007620270833995232,0.008835302501985701,0.008381088562351072,0.007510840984908657,0.005697626759332804,0.0070377799682287525,0.008371062843526608,0.008414992851469417,0.007917614797458299,0.008241390548054013,0.008527838816521046,0.009893643526608415,0.009301907847498013,0.007363808411437648,0.008708563415409052,0.008768535869737885,0.00980960394757744,0.007847325321683876,0.009525083280381253,0.010072411620333599,0.00862840146147736,0.008892274360603653,0.008844508379666403,0.009451126227164413,0.009574299722001588,0.009545305186656075,0.008371382096902302,0.008069236203335982,0.008288475131056391,0.008307360738681492,0.008775876481334391,0.008823172470214457,0.009391635679110402,0.009283697847498013,0.008636616433677522,0.008616648895949167,0.00810381071485306,0.007883523121525021,0.00513722063542494,0.007543108880063543,0.007305285607625097,0.008015298752978553,0.007340254169976172
Toys ,0.013950540911834786,0.011183481953931691,0.010539551491660045,0.01008211485305798,0.009109156965845907,0.037439367110405075,0.013924672927720412,0.015610382287529785,0.015571263987291502,0.015749425544082603,0.01455941911675933,0.014638907494837174,0.02131798907704528,0.018254555151707704,0.014631234150913424,0.015885472254169978,0.017730345687053214,0.02102965845274027,0.022662724657664814,0.020466947974583007,0.01848035744559174,0.018358633734710087,0.020124447463065926,0.01432501046544877,0.02190558189992057,0.016010335653693405,0.010564651450357425,0.021042575523431296,0.02657580061953931,0.02309800196981731,0.008065113769658457,0.01637781581254965,0.017227826649721997,0.0157886272025417,0.018286365982525813,0.01741098753613979,0.01838479984432089,0.015734184902303418,0.0162357866115965,0.014370772597299445,0.017717438853057974,0.016288332791104046,0.017283758033359808,0.01379256530897538,0.011236203348689435,0.01273694155996823,0.014208910849880855,0.015905186805401112,0.012872076886417791
Fun  ,0.013694803291501188,0.01019587896743447,0.010611666357426526,0.01001533868149325,0.007620270833995232,0.013924672927720412,0.020258677115170768,0.015827326370135026,0.013824842096902299,0.01360588031771247,0.014224862973788725,0.014088920482922955,0.02081894537251787,0.017585107234312947,0.013644839037331213,0.015105092568705323,0.016185900953137412,0.019516582951548848,0.019770862360603655,0.017193122335186654,0.01722073845274027,0.016781073912629067,0.018849779942811756,0.01310271978395552,0.020484778360603657,0.013019270154090549,0.007707575923749004,0.01996968615726767,0.0211847522954726,0.022861772263701344,0.007255926471803016,0.016219053664813347,0.01629987400794282,0.015112744641779188,0.016940237232724385,0.01738543536457506,0.016584152225575854,0.015373226573471005,0.015103652225575854,0.01361364748212867,0.016840459243844322,0.015415719898332013,0.01549892493407466,0.013740445315329627,0.011226346598888005,0.012680322948371722,0.012961815154884829,0.015434150725972992,0.012574133471008738
Books,0.016944457172359012,0.012789357164416204,0.012448116934074662,0.011872240794281173,0.008835302501985701,0.015610382287529785,0.015827326370135026,0.027719100357426533,0.017098845893566323,0.016700102049245432,0.016820100452740273,0.016020449928514695,0.023247639936457506,0.02072120025416997,0.016375690174741855,0.017410365702938843,0.019226692017474185,0.022773048133439243,0.02447580872120731,0.02264836191421763,0.02054034543288324,0.020080735234312953,0.02280547389197776,0.016105558046068308,0.02461913073073868,0.015526715718824458,0.009553081715647341,0.02302933424940429,0.025377859944400314,0.02725813410643367,0.009445519658459092,0.01880163724384432,0.01972968691024623,0.01790803153296266,0.019414676068308177,0.019248540738681492,0.019064633161239075,0.01704888204924543,0.018844155679110405,0.016082708220810166,0.02060415910246227,0.018910573248610004,0.019068537783955525,0.015356478752978553,0.013935547053216837,0.015382987577442418,0.015189529134233517,0.01815402884034948,0.014590409404289118
Hshld,0.014955855409054801,0.012580011167593335,0.011209018586179507,0.011623803272438444,0.008381088562351072,0.015571263987291502,0.013824842096902299,0.017098845893566323,0.02146916972200158,0.016752885941223192,0.01529114104845115,0.014757621254964255,0.020306817474185862,0.0192009620969023,0.01569551693407466,0.016877936266878474,0.017999935933280378,0.02212135882446386,0.022935463288324062,0.02095680818109611,0.019281136870532165,0.018439647402700557,0.021506571358220813,0.014921888006354248,0.023138091167593328,0.01569369326449563,0.0089523605401112,0.02086186370135027,0.02392044833995234,0.02429850274821287,0.008800668800635425,0.016680575869737885,0.017615745035742654,0.01606827291501191,0.017875674551231135,0.01712230476568705,0.017453920651310562,0.01626304886417792,0.01730519895154884,0.015741422414614775,0.01888605644162033,0.017208528133439236,0.019002184892772046,0.014581205099285144,0.012192458395552025,0.014062866910246226,0.014031573248610006,0.016686649070691027,0.013463867418586177
Clths,0.013799770198570295,0.011426926989674343,0.009332987132644957,0.011425113550436856,0.007510840984908657,0.015749425544082603,0.01360588031771247,0.016700102049245432,0.016752885941223192,0.03914223326449563,0.01500536902303415,0.014422784654487687,0.018897846290706913,0.017761830691024622,0.014888168006354249,0.018802052263701352,0.017031473042096904,0.02123196276409849,0.02207949540905481,0.019684886926131847,0.018652597648927727,0.017056873200953136,0.020738429070691025,0.014880585988880063,0.02236909525019857,0.015726747545671167,0.004189771215250201,0.01939815135822081,0.026999179920571874,0.026115822843526603,0.008027288864177919,0.016381072851469416,0.017703410325655287,0.015884342621127878,0.017208399459888803,0.016741600984908657,0.016512006767275617,0.015496787037331214,0.01659010074662431,0.0150600784432089,0.01899212911834789,0.016617994884829228,0.022831508244638605,0.01552259552025417,0.012046000317712472,0.013805260555996823,0.014079830468625891,0.016358711104050832,0.012464702621127878
Hlth ,0.015952719532962664,0.010557272843526604,0.010134804139793487,0.010258435170770451,0.005697626759332804,0.01455941911675933,0.014224862973788725,0.016820100452740273,0.01529114104845115,0.01500536902303415,0.0299662633375695,0.019016389772835585,0.02817230483876093,0.018573866230341542,0.015566796055599678,0.016782258341540904,0.016811498181096108,0.02083400505798252,0.021481936200158855,0.018843917879269256,0.01815445956791104,0.018233754366957903,0.020667834832406674,0.013844952123907864,0.021400773596505166,0.014790579922160443,0.009534050217633042,0.020315574738681494,0.023248067347100873,0.024020398697378872,0.007381628335186656,0.016758955013502778,0.01822250810802224,0.0170789484765687,0.018577066892772044,0.01885442263860206,0.018317843404289116,0.016826944962668785,0.01653206695472597,0.014798215003971405,0.019537345618745032,0.016968896978554412,0.01740109137887212,0.014661564262112788,0.012295664085782367,0.014128520044479747,0.013311912899126291,0.016935012408260522,0.013834602509928516
MedEq,0.015184493013502783,0.010171252279586976,0.010571364943606035,0.010376346052422557,0.0070377799682287525,0.014638907494837174,0.014088920482922955,0.016020449928514695,0.014757621254964255,0.014422784654487687,0.019016389772835585,0.02244030971247021,0.028576087548848286,0.01791838116600477,0.01506762995075457,0.015803155729944396,0.016654959507545673,0.020213361092930898,0.02060392609372518,0.019051810913423353,0.017615918373312153,0.018678086049245427,0.019604225280381252,0.01388785033200953,0.020539934420969023,0.014326593426528995,0.008851622182684671,0.019762221502779984,0.02363111299444003,0.022327632343129466,0.007650774700555996,0.01614493541223193,0.016673698408260523,0.016443263180301825,0.018599816073073868,0.019137430980142978,0.01831737179666402,0.017259881347100877,0.015529896514694202,0.013596331739475775,0.017573502738681485,0.01615426147100873,0.01610618831771247,0.013673378373312154,0.011604188187450359,0.013307119834789514,0.013365376584590947,0.016532293124702144,0.013547102525814134
Drugs,0.021697271733121526,0.01328498859412232,0.014705096101667989,0.014434947259729944,0.008371062843526608,0.02131798907704528,0.02081894537251787,0.023247639936457506,0.020306817474185862,0.018897846290706913,0.02817230483876093,0.028576087548848286,0.057864916308181094,0.025781525070691026,0.020756238843526606,0.02250833734074662,0.02398124883240666,0.02877207949801429,0.029253394770452752,0.026785352025416997,0.025296833880857822,0.026715722611596503,0.028072251488482917,0.02018814988403495,0.02996889373153296,0.01998800526767276,0.015731154204924543,0.03027082406354249,0.03471429874503574,0.0330092725019857,0.008982687803018271,0.02313779004924543,0.02497820734551231,0.023471669032565527,0.028438864565528195,0.028609870494042886,0.027102901839555202,0.024845531952343125,0.021594824349483715,0.018755982366957896,0.025484735618745036,0.02326700662112788,0.023040325382049243,0.01995376735186656,0.01609218121048451,0.01833735419857029,0.019196653820492453,0.024581943631453527,0.020802442160444797
Chems,0.017680416095313737,0.013668281080222399,0.011469127930103257,0.0126226031771247,0.008414992851469417,0.018254555151707704,0.017585107234312947,0.02072120025416997,0.0192009620969023,0.017761830691024622,0.018573866230341542,0.01791838116600477,0.025781525070691026,0.032609359529785546,0.01981685627323272,0.019328498573471013,0.022851531660047653,0.027151477820492452,0.03259536758697378,0.02834700657664813,0.026488670811755356,0.024057986954725965,0.02734727736934074,0.019010078449563143,0.030044399885623515,0.01836861781096108,0.01722371860841938,0.03347965835742653,0.040637287243844314,0.0419639914217633,0.010534480069896743,0.020780897556791106,0.02173908198252581,0.020250604689436066,0.02264638272915012,0.021251113124702146,0.02254930547418586,0.021072977804606832,0.021518193131056393,0.02094901887212073,0.02479794551866561,0.0226018954980143,0.019866769429706114,0.015800153861795077,0.014848651253375696,0.017139368158856232,0.017289784146147732,0.021418008057188246,0.0173163797299444
Rubbr,0.01483222793010326,0.011968512827640986,0.010951361591739477,0.01113772597299444,0.007917614797458299,0.014631234150913424,0.013644839037331213,0.016375690174741855,0.01569551693407466,0.014888168006354249,0.015566796055599678,0.01506762995075457,0.020756238843526606,0.01981685627323272,0.024546305288324067,0.01640612140111199,0.018361981818903892,0.022254098630659257,0.023428769096108023,0.02248672180301826,0.01969621821445592,0.018120223920571877,0.021300095550436854,0.015392571936457503,0.02198508523113582,0.01435886606354249,0.009525552635424938,0.0213653975313741,0.024318875909451934,0.025114421636219224,0.008793042190627482,0.016241423998411438,0.017728183158061957,0.016402740527402697,0.01764890729626688,0.017013494832406675,0.017506434028594118,0.016413600187450354,0.017414138611596502,0.01658321733915806,0.01856893567752184,0.017387700104845118,0.01664883676092136,0.013601328833995235,0.012408545312152503,0.014131254957903098,0.013890738665607626,0.016820754880063543,0.013573139285146942
Txtls,0.015928991129467832,0.011833102764098491,0.011411645077045274,0.011496908943606035,0.008241390548054013,0.015885472254169978,0.015105092568705323,0.017410365702938843,0.016877936266878474,0.018802052263701352,0.016782258341540904,0.015803155729944396,0.02250833734074662,0.019328498573471013,0.01640612140111199,0.030705712845115165,0.019064552104845114,0.023757570490865767,0.022307525000794276,0.022195720969023038,0.020056508416203333,0.01933229779825258,0.02227761350595711,0.016057374443208892,0.023229371650516282,0.016070360835583792,0.007519399574265288,0.020268208146147736,0.021462297712470216,0.02327383018268467,0.008074798827640985,0.01781154647498014,0.018337742277998406,0.017408955958697382,0.018865615113582212,0.018600174497220012,0.01909543904368546,0.01741632915647339,0.018325654436854646,0.016499732915011913,0.019668275745830032,0.01747841478633836,0.019029451656870533,0.015437360759332806,0.013726668517871325,0.015081874103256551,0.015223187926926132,0.017883178277998416,0.013903526068308178
BldMt,0.01640688030182685,0.012800735416997616,0.011058327704527401,0.011991281493248608,0.008527838816521046,0.017730345687053214,0.016185900953137412,0.019226692017474185,0.017999935933280378,0.017031473042096904,0.016811498181096108,0.016654959507545673,0.02398124883240666,0.022851531660047653,0.018361981818903892,0.019064552104845114,0.026070947855440823,0.027396785099285142,0.0287958210802224,0.026381038911834794,0.023833627815726764,0.021672611961874505,0.02509114647339158,0.018130762017474187,0.027976292366957905,0.017410688602065127,0.011334241779189827,0.02727213421763304,0.03141247632247816,0.03213600098490865,0.009621280150913422,0.019235298641779187,0.02077768465448769,0.018896017871326453,0.02041019271644162,0.019638489666401904,0.020531515687053217,0.01913697904686259,0.019876809912629072,0.01840249387609214,0.022486655702938847,0.02053809893566323,0.019580212430500395,0.015652138403494838,0.014330351278792692,0.016057005845909453,0.016225739078633835,0.019496538212867353,0.015602763526608415
Cnstr,0.01957199622557585,0.015278073645750593,0.013821867774424144,0.013669955361397933,0.009893643526608415,0.02102965845274027,0.019516582951548848,0.022773048133439243,0.02212135882446386,0.02123196276409849,0.02083400505798252,0.020213361092930898,0.02877207949801429,0.027151477820492452,0.022254098630659257,0.023757570490865767,0.027396785099285142,0.04227718166163622,0.03394064065448769,0.031375706115965046,0.027938029725178712,0.025409634147736296,0.03028473100555997,0.021184740314535343,0.032884479612390785,0.020118659704527402,0.013747529289912632,0.03219709364892772,0.039805522827640986,0.038147026751389985,0.011677684460683081,0.02265557732168387,0.025442135084988087,0.02243316480381255,0.024859874306592526,0.02391702437490072,0.024511471949166006,0.022822396308181097,0.023652944578236697,0.02206307571088165,0.02713837904368546,0.024396518144559176,0.024226408470214452,0.019194418351072277,0.017157561760127085,0.01929612221127879,0.020953470214455917,0.023286238131850674,0.018556119936457505
Steel,0.020780842268467034,0.014941384447974581,0.013559061267672754,0.013846098173153295,0.009301907847498013,0.022662724657664814,0.019770862360603655,0.02447580872120731,0.022935463288324062,0.02207949540905481,0.021481936200158855,0.02060392609372518,0.029253394770452752,0.03259536758697378,0.023428769096108023,0.022307525000794276,0.0287958210802224,0.03394064065448769,0.05833661821127879,0.0381438700714853,0.0334507915234313,0.02811067941540905,0.03367013525972994,0.02339696326608419,0.03837503269579031,0.021697386938840345,0.030594709413820493,0.046829840673550435,0.061930612851469405,0.05410885397934866,0.01201892245591739,0.02481585578713264,0.02683340761239079,0.023845578725972993,0.026553663037331213,0.024378404667196183,0.026289827409054806,0.024458407771247023,0.02600095381096108,0.024982236616362192,0.030640905680698965,0.028545307520254172,0.024983235923749007,0.01897746041938046,0.018800256006354245,0.019938457353455126,0.020886613693407465,0.02598845289594916,0.019719204924543283
FabPr,0.019268802430500394,0.014361603725178711,0.011624020571882448,0.012358254265289914,0.007363808411437648,0.020466947974583007,0.017193122335186654,0.02264836191421763,0.02095680818109611,0.019684886926131847,0.018843917879269256,0.019051810913423353,0.026785352025416997,0.02834700657664813,0.02248672180301826,0.022195720969023038,0.026381038911834794,0.031375706115965046,0.0381438700714853,0.07879718512311358,0.030031388959491655,0.02579237218427323,0.030903284519459884,0.021478918713264496,0.03329490043685464,0.01916638572676728,0.017580362637013496,0.03452273666401906,0.04166355924543288,0.04253974859412231,0.011496401199364575,0.021455834209690227,0.024561017013502783,0.022247723193010324,0.023768684567116758,0.022233897990468626,0.02392807536934074,0.022202338633836374,0.023424469515488485,0.02057055322478157,0.025146457037331215,0.02445901820492454,0.022121281247021448,0.01761960016679905,0.01760875356632248,0.018679508625893567,0.01901988846703733,0.02253207889594916,0.017664971056393957
Mach ,0.018420497232724386,0.013440360333598094,0.011438438201747418,0.012560216806989676,0.008708563415409052,0.01848035744559174,0.01722073845274027,0.02054034543288324,0.019281136870532165,0.018652597648927727,0.01815445956791104,0.017615918373312153,0.025296833880857822,0.026488670811755356,0.01969621821445592,0.020056508416203333,0.023833627815726764,0.027938029725178712,0.0334507915234313,0.030031388959491655,0.02932805960921365,0.024087026230341535,0.02813676677680699,0.02004771294042891,0.031549471901509134,0.018584970004765687,0.014600973178713263,0.03218837713105639,0.038844019872915005,0.04102404543288324,0.010218974211278794,0.02086500593804607,0.022215857461477362,0.02046311998093725,0.02306868797776012,0.02158641429388403,0.023101240117553615,0.021591694856235105,0.021426646074662437,0.020311263717235906,0.025364598929308965,0.022834560324066718,0.02038740780619539,0.016367012063542494,0.015568539278792691,0.017300848489277203,0.017171513137410645,0.021675487749007148,0.016605989070691034
ElcEq,0.018482297671167592,0.013026240047656871,0.013240506090548049,0.013372846131850675,0.008768535869737885,0.018358633734710087,0.016781073912629067,0.020080735234312953,0.018439647402700557,0.017056873200953136,0.018233754366957903,0.018678086049245427,0.026715722611596503,0.024057986954725965,0.018120223920571877,0.01933229779825258,0.021672611961874505,0.025409634147736296,0.02811067941540905,0.02579237218427323,0.024087026230341535,0.034014883424940426,0.025348438027005562,0.017969931164416208,0.027545684330420973,0.01768130944241461,0.011451199663224783,0.027717012028594126,0.03323628957903098,0.03315580946783161,0.00945209168864178,0.019860980101667994,0.02032564151866561,0.019432186789515485,0.02162957872279587,0.02131000574106433,0.022058422084193795,0.019842193353455127,0.020241543116759332,0.01817476875297855,0.022439702077839557,0.020938375872915017,0.01932920108339952,0.015777950725972992,0.014062398424146146,0.016013965610802223,0.01658009671167593,0.01996695935504368,0.016938064336775218
Autos,0.019611107930103254,0.01506955144559174,0.013073908247815727,0.01330322109610802,0.00980960394757744,0.020124447463065926,0.018849779942811756,0.02280547389197776,0.021506571358220813,0.020738429070691025,0.020667834832406674,0.019604225280381252,0.028072251488482917,0.02734727736934074,0.021300095550436854,0.02227761350595711,0.02509114647339158,0.03028473100555997,0.03367013525972994,0.030903284519459884,0.02813676677680699,0.025348438027005562,0.035556904239872913,0.021185351952343126,0.03295074418268467,0.020306293529785552,0.013736096718030178,0.03127885335345512,0.035963197291501194,0.03723497645750594,0.010758936567116755,0.022563305126290706,0.02433857178395552,0.022276655126290706,0.024818522085782363,0.023572348795869738,0.02445577037490071,0.022770902903891978,0.02436550156632247,0.021981305869737885,0.027126740204924542,0.02382442518824463,0.02304950155837967,0.018682119922160442,0.016772090061953928,0.018976362853057982,0.018753498189038917,0.02357047327561557,0.017754004575059573
Aero ,0.013922489613979348,0.01097380961080222,0.009715275984114376,0.01066605235901509,0.007847325321683876,0.01432501046544877,0.01310271978395552,0.016105558046068308,0.014921888006354248,0.014880585988880063,0.013844952123907864,0.01388785033200953,0.02018814988403495,0.019010078449563143,0.015392571936457503,0.016057374443208892,0.018130762017474187,0.021184740314535343,0.02339696326608419,0.021478918713264496,0.02004771294042891,0.017969931164416208,0.021185351952343126,0.024606866344718027,0.02353461438919777,0.01656997531691819,0.0074408244066719595,0.02064385321048451,0.024614235536139797,0.023749723653693405,0.008486863977760127,0.01626519266401906,0.01841271400794281,0.01620416522954726,0.017690456454328832,0.017099072854646548,0.017480621709293088,0.01682093716918189,0.017125200629070688,0.01607076624305004,0.019493606725972994,0.017244555640984906,0.01566870863542494,0.013007652590945194,0.012758346281175535,0.014601043615567908,0.013416696266878475,0.01730095555520254,0.013010780587768068
Ships,0.022007562754567108,0.015193720945194599,0.011946219847498012,0.014701854074662431,0.009525083280381253,0.02190558189992057,0.020484778360603657,0.02461913073073868,0.023138091167593328,0.02236909525019857,0.021400773596505166,0.020539934420969023,0.02996889373153296,0.030044399885623515,0.02198508523113582,0.023229371650516282,0.027976292366957905,0.032884479612390785,0.03837503269579031,0.03329490043685464,0.031549471901509134,0.027545684330420973,0.03295074418268467,0.02353461438919777,0.05698996062112788,0.023071507115170777,0.01766346523907863,0.03785592244956314,0.047699337402700555,0.047861630976965844,0.012220377526608423,0.02398451299285147,0.028044176911834785,0.023384408219221598,0.026073288770452736,0.024726127941223194,0.025653622250992856,0.02383352232883241,0.0255727749197776,0.022816309237490073,0.030951587836378077,0.026621145150119138,0.024952450845115163,0.019313917977760123,0.018400028114376486,0.020414212346306592,0.019786150135027797,0.025108907607625096,0.019804714408260527
Guns ,0.013900662948371726,0.01201136728355838,0.01080937926290707,0.011435756949960286,0.010072411620333599,0.016010335653693405,0.013019270154090549,0.015526715718824458,0.01569369326449563,0.015726747545671167,0.014790579922160443,0.014326593426528995,0.01998800526767276,0.01836861781096108,0.01435886606354249,0.016070360835583792,0.017410688602065127,0.020118659704527402,0.021697386938840345,0.01916638572676728,0.018584970004765687,0.01768130944241461,0.020306293529785552,0.01656997531691819,0.023071507115170777,0.03694047010484512,0.012135982894360605,0.01958259834471803,0.0239305216918189,0.02255092022239872,0.008672998517871327,0.016504478015885622,0.017658390967434472,0.015754209064336774,0.017668803397934862,0.016688256395552024,0.01768905002859412,0.016566170030182684,0.01763518978236696,0.01567622661636219,0.018239907254964258,0.016565183714058775,0.016842501974583004,0.012975054190627484,0.011240299510722796,0.013600010401906273,0.012238664606830816,0.01607277182049245,0.012590478729150117
Gold ,0.013829538637013502,0.007785200889594914,0.005726788168387608,0.007328566481334395,0.00862840146147736,0.010564651450357425,0.007707575923749004,0.009553081715647341,0.0089523605401112,0.004189771215250201,0.009534050217633042,0.008851622182684671,0.015731154204924543,0.01722371860841938,0.009525552635424938,0.007519399574265288,0.011334241779189827,0.013747529289912632,0.030594709413820493,0.017580362637013496,0.014600973178713263,0.011451199663224783,0.013736096718030178,0.0074408244066719595,0.01766346523907863,0.012135982894360605,0.18852645042732333,0.0523759707640985,0.05953593502779984,0.04283119011914217,0.0122494122700556,0.012595130122319298,0.00812432490548054,0.008308221814138204,0.01070675756632248,0.010623360813343924,0.011602546236695788,0.010366977772835583,0.008660157674344719,0.01309866888006354,0.011002081150119138,0.013155182678316125,0.0064191757521842715,0.004126680915011914,0.001021893032565528,0.002981410922954726,0.007751155107227959,0.009460952584590945,0.010849315615567906
Mines,0.020992657772835585,0.013657188705321682,0.010328376057188244,0.012690294328832405,0.008892274360603653,0.021042575523431296,0.01996968615726767,0.02302933424940429,0.02086186370135027,0.01939815135822081,0.020315574738681494,0.019762221502779984,0.03027082406354249,0.03347965835742653,0.0213653975313741,0.020268208146147736,0.02727213421763304,0.03219709364892772,0.046829840673550435,0.03452273666401906,0.03218837713105639,0.027717012028594126,0.03127885335345512,0.02064385321048451,0.03785592244956314,0.01958259834471803,0.0523759707640985,0.07616061573312152,0.07086076169976172,0.06592966379666401,0.012092609509134235,0.024045553038919774,0.024079611202541696,0.022054625938046062,0.02657364025734709,0.02465939288006354,0.02508153578077839,0.022666290853057984,0.022796565312152503,0.023109508546465447,0.029661739930103254,0.026972105232724378,0.021865624136616354,0.01707022960127085,0.01528739271803018,0.016309969220015885,0.019060023669579023,0.023544943729944402,0.02018697741064337
Coal ,0.02378298181096108,0.014399855814138204,0.011970229753772838,0.012345941223193007,0.008844508379666403,0.02657580061953931,0.0211847522954726,0.025377859944400314,0.02392044833995234,0.026999179920571874,0.023248067347100873,0.02363111299444003,0.03471429874503574,0.040637287243844314,0.024318875909451934,0.021462297712470216,0.03141247632247816,0.039805522827640986,0.061930612851469405,0.04166355924543288,0.038844019872915005,0.03323628957903098,0.035963197291501194,0.024614235536139797,0.047699337402700555,0.0239305216918189,0.05953593502779984,0.07086076169976172,0.22519656107227964,0.09096956006354248,0.014073361691818902,0.028359155337569494,0.02780423356632248,0.024484795949166006,0.031090956576648125,0.026969936354249404,0.030292898482922957,0.026302549467831608,0.027080660587768063,0.026163480166799046,0.03358528920571883,0.03239694128673551,0.027016881898332002,0.018346641612390784,0.01755878625893566,0.018542239491660045,0.024125193121525015,0.027457477005559967,0.02317037604447975
Oil  ,0.02591848667196187,0.015388692803812547,0.011012636632247818,0.015552871104050833,0.009451126227164413,0.02309800196981731,0.022861772263701344,0.02725813410643367,0.02429850274821287,0.026115822843526603,0.024020398697378872,0.022327632343129466,0.0330092725019857,0.0419639914217633,0.025114421636219224,0.02327383018268467,0.03213600098490865,0.038147026751389985,0.05410885397934866,0.04253974859412231,0.04102404543288324,0.03315580946783161,0.03723497645750594,0.023749723653693405,0.047861630976965844,0.02255092022239872,0.04283119011914217,0.06592966379666401,0.09096956006354248,0.1208147295949166,0.016341573502779986,0.029301708880063546,0.029304697696584597,0.025403851342335183,0.03020272130262113,0.027542292073073866,0.028405915710881652,0.026270776266878473,0.0264729029070691,0.026285464368546466,0.03642822818109612,0.03348281766481334,0.02645619386814933,0.018614455377283554,0.018365516028594122,0.019968935694996033,0.023454965941223187,0.028282460619539315,0.024149014551231127
Util ,0.009071761782366955,0.009582910127084987,0.007989737890389198,0.008399009023034157,0.009574299722001588,0.008065113769658457,0.007255926471803016,0.009445519658459092,0.008800668800635425,0.008027288864177919,0.007381628335186656,0.007650774700555996,0.008982687803018271,0.010534480069896743,0.008793042190627482,0.008074798827640985,0.009621280150913422,0.011677684460683081,0.01201892245591739,0.011496401199364575,0.010218974211278794,0.00945209168864178,0.010758936567116755,0.008486863977760127,0.012220377526608423,0.008672998517871327,0.0122494122700556,0.012092609509134235,0.014073361691818902,0.016341573502779986,0.017221666432088962,0.009875550066719618,0.010196255151707702,0.008733960543288321,0.008582399814138202,0.008631218930897536,0.008761714441620334,0.008990680632247817,0.010064148619539318,0.010525644185861795,0.010187954263701351,0.009697171939634628,0.008886301891977758,0.007967884131850678,0.005688530792692613,0.008353891844320888,0.008405336759332804,0.00806538814455917,0.008663336806989674
Telcm,0.0165841837426529,0.013046783741064334,0.012579431939634634,0.012386183955520253,0.009545305186656075,0.01637781581254965,0.016219053664813347,0.01880163724384432,0.016680575869737885,0.016381072851469416,0.016758955013502778,0.01614493541223193,0.02313779004924543,0.020780897556791106,0.016241423998411438,0.01781154647498014,0.019235298641779187,0.02265557732168387,0.02481585578713264,0.021455834209690227,0.02086500593804607,0.019860980101667994,0.022563305126290706,0.01626519266401906,0.02398451299285147,0.016504478015885622,0.012595130122319298,0.024045553038919774,0.028359155337569494,0.029301708880063546,0.009875550066719618,0.025092370787926917,0.018602736733915805,0.017861604584590948,0.02019076613026211,0.019883069930103255,0.019845304675138994,0.01775873552660842,0.018595880902303415,0.01638300644162033,0.020062895245432887,0.019002258471803014,0.01848925838443209,0.014976053999999999,0.013079621798252582,0.014993200012708497,0.015124620794281177,0.018287312757744246,0.015045206735504366
PerSv,0.017898939450357428,0.01257015159650516,0.012119478290706911,0.012134881143764892,0.008371382096902302,0.017227826649721997,0.01629987400794282,0.01972968691024623,0.017615745035742654,0.017703410325655287,0.01822250810802224,0.016673698408260523,0.02497820734551231,0.02173908198252581,0.017728183158061957,0.018337742277998406,0.02077768465448769,0.025442135084988087,0.02683340761239079,0.024561017013502783,0.022215857461477362,0.02032564151866561,0.02433857178395552,0.01841271400794281,0.028044176911834785,0.017658390967434472,0.00812432490548054,0.024079611202541696,0.02780423356632248,0.029304697696584597,0.010196255151707702,0.018602736733915805,0.032178304108022235,0.018961316320889595,0.0205089196918189,0.019617687107227957,0.020193033617156474,0.0187586021223193,0.019480615205718824,0.017912080937251787,0.023433743380460684,0.020097383847498016,0.02008607387132645,0.01634611593645751,0.014789095548848294,0.016404595062748214,0.015495449690230341,0.019481581658459087,0.014899106973788717
BusSv,0.015884929779189833,0.012037756425734708,0.01129846229706116,0.011474320254169976,0.008069236203335982,0.0157886272025417,0.015112744641779188,0.01790803153296266,0.01606827291501191,0.015884342621127878,0.0170789484765687,0.016443263180301825,0.023471669032565527,0.020250604689436066,0.016402740527402697,0.017408955958697382,0.018896017871326453,0.02243316480381255,0.023845578725972993,0.022247723193010324,0.02046311998093725,0.019432186789515485,0.022276655126290706,0.01620416522954726,0.023384408219221598,0.015754209064336774,0.008308221814138204,0.022054625938046062,0.024484795949166006,0.025403851342335183,0.008733960543288321,0.017861604584590948,0.018961316320889595,0.02012243589515488,0.019516037131056388,0.01962930603018269,0.01941578728832407,0.01794794269102462,0.018077707653693403,0.01611648141382049,0.020385682926131854,0.01817436541382049,0.017768023475774424,0.014778903030976965,0.01343950441938046,0.015167568400317712,0.014470014265289911,0.018214500470214456,0.014445200540111197
Hardw,0.016947165518665604,0.012657402899126296,0.012132770284352659,0.011982677903097693,0.008288475131056391,0.018286365982525813,0.016940237232724385,0.019414676068308177,0.017875674551231135,0.017208399459888803,0.018577066892772044,0.018599816073073868,0.028438864565528195,0.02264638272915012,0.01764890729626688,0.018865615113582212,0.02041019271644162,0.024859874306592526,0.026553663037331213,0.023768684567116758,0.02306868797776012,0.02162957872279587,0.024818522085782363,0.017690456454328832,0.026073288770452736,0.017668803397934862,0.01070675756632248,0.02657364025734709,0.031090956576648125,0.03020272130262113,0.008582399814138202,0.02019076613026211,0.0205089196918189,0.019516037131056388,0.03130760446544877,0.02337557717077045,0.023976548239872914,0.02090841776965846,0.0194510784305004,0.01726266992057188,0.021902037129467825,0.019961019621922156,0.018823869510722794,0.016064200694201745,0.01396843745512311,0.015417591059571087,0.01647143016679905,0.020468509656870523,0.01602408447974583
Softw,0.017006248206513103,0.012297803963463068,0.012653764997617159,0.012508030309769658,0.008307360738681492,0.01741098753613979,0.01738543536457506,0.019248540738681492,0.01712230476568705,0.016741600984908657,0.01885442263860206,0.019137430980142978,0.028609870494042886,0.021251113124702146,0.017013494832406675,0.018600174497220012,0.019638489666401904,0.02391702437490072,0.024378404667196183,0.022233897990468626,0.02158641429388403,0.02131000574106433,0.023572348795869738,0.017099072854646548,0.024726127941223194,0.016688256395552024,0.010623360813343924,0.02465939288006354,0.026969936354249404,0.027542292073073866,0.008631218930897536,0.019883069930103255,0.019617687107227957,0.01962930603018269,0.02337557717077045,0.025897943655281967,0.022495918670373313,0.020250232397140588,0.01827855172041303,0.016016109809372518,0.02055847997934869,0.019123156136616356,0.018337328074662432,0.01614604871008737,0.013542440861000794,0.015241932467037327,0.016042787625099284,0.01972588780142971,0.015599234535345511
Chips,0.017671059917394764,0.012730775623510722,0.012390933340746622,0.012322539126290704,0.008775876481334391,0.01838479984432089,0.016584152225575854,0.019064633161239075,0.017453920651310562,0.016512006767275617,0.018317843404289116,0.01831737179666402,0.027102901839555202,0.02254930547418586,0.017506434028594118,0.01909543904368546,0.020531515687053217,0.024511471949166006,0.026289827409054806,0.02392807536934074,0.023101240117553615,0.022058422084193795,0.02445577037490071,0.017480621709293088,0.025653622250992856,0.01768905002859412,0.011602546236695788,0.02508153578077839,0.030292898482922957,0.028405915710881652,0.008761714441620334,0.019845304675138994,0.020193033617156474,0.01941578728832407,0.023976548239872914,0.022495918670373313,0.026360978711675937,0.021435298208101663,0.019136210268467034,0.017094561945988875,0.021567279922160447,0.01956579721048451,0.01840816028435266,0.015424825224781575,0.01372591111358221,0.015521391364575051,0.01578771426528991,0.020107047407466244,0.015426567307386816
LabEq,0.01542181084034948,0.011971692692613186,0.01134241265131056,0.011881454074662429,0.008823172470214457,0.015734184902303418,0.015373226573471005,0.01704888204924543,0.01626304886417792,0.015496787037331214,0.016826944962668785,0.017259881347100877,0.024845531952343125,0.021072977804606832,0.016413600187450354,0.01741632915647339,0.01913697904686259,0.022822396308181097,0.024458407771247023,0.022202338633836374,0.021591694856235105,0.019842193353455127,0.022770902903891978,0.01682093716918189,0.02383352232883241,0.016566170030182684,0.010366977772835583,0.022666290853057984,0.026302549467831608,0.026270776266878473,0.008990680632247817,0.01775873552660842,0.0187586021223193,0.01794794269102462,0.02090841776965846,0.020250232397140588,0.021435298208101663,0.024111005426528994,0.018268234332009532,0.016449440555996824,0.020372638948371727,0.018199304578236698,0.01680982125814138,0.014284941512311359,0.012786982252581415,0.014807955698173156,0.014383447307386816,0.018343089490071483,0.014450528578236695
