,Agric,Food ,Soda ,Beer ,Smoke,Toys ,Fun  ,Books,Hshld,Clths,Hlth ,MedEq,Drugs,Chems,Rubbr,Txtls,BldMt,Cnstr,Steel,FabPr,Mach ,ElcEq,Autos,Aero ,Ships,Guns ,Gold ,Mines,Coal ,Oil  ,Util ,Telcm,PerSv,BusSv,Hardw,Softw,Chips,LabEq,Paper,Boxes,Trans,Whlsl,Rtail,Meals,Banks,Insur,RlEst,Fin  ,Other
Agric,0.04581206865607623,0.012485936492454327,0.010716734840349483,0.010503192204924542,0.008500149064336776,0.0143917011898332,0.013887936924543286,0.017851927658459096,0.01557332006354249,0.013906174351072277,0.016475421660047656,0.015104023915806196,0.021462603393169178,0.01821946896743447,0.014900720711675933,0.01649488192851469,0.017306824651310563,0.020399237037331222,0.021517033472597296,0.019601220748212866,0.019003442006354246,0.019083445586973787,0.020550085077045272,0.014402282916600473,0.0229826341096108,0.01472977400158856,0.015925373256552824,0.022350999917394757,0.024942432319301037,0.026510723251787126,0.009338308131850675,0.016486590138204922,0.01835692193804607,0.0161716811771247,0.016801004120730736,0.017206605364575054,0.018119107129467824,0.01581227100238284,0.01678489690389198,0.01433215820015886,0.019616172786338367,0.016685035477362987,0.016967299877680687,0.014192098551231136,0.011749964721207307,0.013888613194598888,0.013503789359809372,0.017166747478951548,0.013581071180301826
Food ,0.012485936492454327,0.015967311701350274,0.01111688761874504,0.01045016164257347,0.009830326970611598,0.011117255793486894,0.01027979989197776,0.01333044091818904,0.012556297124702142,0.011759925515488483,0.01074024071485306,0.010159058570293884,0.013351043634630659,0.013835240301826843,0.011952241944400317,0.01268253148848292,0.013236193842732322,0.015502551723590148,0.01524825499285147,0.014561748082605241,0.013545798115965051,0.013272097769658457,0.01534982314217633,0.011102848273232723,0.016175756975377285,0.012002472679904688,0.008090842589356632,0.014204579990468627,0.014740299046862585,0.016109386919777598,0.009732348279586972,0.01270794477521843,0.013102252200158853,0.012249624873709291,0.012416615841143761,0.01244235546624305,0.012974257639396341,0.011990901490071482,0.0137227090675139,0.011885795656870531,0.013358841146942019,0.012698060768864174,0.013059733779189831,0.011014452397140587,0.0086180565146942,0.011138471466243048,0.010637420041302621,0.012394988886417789,0.010240150157267675
Soda ,0.010716734840349483,0.01111688761874504,0.04379619621286735,0.011480270109610799,0.009216273722001584,0.009721960447974583,0.009860911790309769,0.012970126700555995,0.011122166163621924,0.010254953791898329,0.00974376671961874,0.009840013328038124,0.013782024222398728,0.011624139269261318,0.010761738052422557,0.011786073029388403,0.01152722135663225,0.014110315885623509,0.013659738011119932,0.012007948082605243,0.011355513191421765,0.012943480263701351,0.013240871942811752,0.009453794389197773,0.01251746973153296,0.010853602243050039,0.006395954583002384,0.01100577211119936,0.011939196203335977,0.012388376371723592,0.008095926039714057,0.012178834465448766,0.012392626020651307,0.011039002125496423,0.011489677445591737,0.011910889191421763,0.012032469426528991,0.010676874484511514,0.012468619472597297,0.010331755434471804,0.011978021893566322,0.010732295208895952,0.01127159973629865,0.011203088648133437,0.008053451431294677,0.01021639689912629,0.010824589032565526,0.011817579132644956,0.009832432254169977
Beer ,0.010503192204924542,0.01045016164257347,0.011480270109610799,0.027339982225575862,0.009459394903891978,0.01014566956791104,0.00983521016362192,0.01213894619062748,0.011873056679904685,0.010974644317712471,0.010367300945194596,0.01033109643367752,0.014316568692613184,0.012746771890389197,0.011581201105639396,0.011897576295472596,0.01261995829388404,0.014195081660047657,0.01374880085305798,0.012799432258935666,0.012645049818903893,0.013212589799841143,0.013626139081810963,0.010706999796664016,0.015455967186656072,0.011411474341540905,0.007146783121525018,0.012935899215250199,0.01266767900714853,0.015307656217633038,0.008637330711675932,0.01213414488324067,0.012532515615567912,0.011540272544876886,0.011622464746624305,0.012359166924543285,0.012580746538522642,0.012036796015885622,0.01277815915329627,0.01161725291342335,0.012663943833200951,0.011451986864177918,0.011716130438443207,0.010074129477362985,0.00833874602700556,0.010646492616362193,0.010077418640190626,0.011964353305798252,0.009799861375694996
Smoke,0.008500149064336776,0.009830326970611598,0.009216273722001584,0.009459394903891978,0.024199607980937246,0.008441699342335185,0.00734713845274027,0.009105402262112785,0.008323112501985704,0.007137662392374899,0.0058763760762509925,0.0066118230976965845,0.008197853509134235,0.00868038090548054,0.007401233823669579,0.008491198436854646,0.008588038398729148,0.0102760709451946,0.009481504756155678,0.008033592571882447,0.008717005420174742,0.00875990752660842,0.009858309712470214,0.008103730999205715,0.00990799499285147,0.009530701629864973,0.008674256044479745,0.009099828772041301,0.008818253661636216,0.009762068892772043,0.009719461153296267,0.008905316740270057,0.008560009849086576,0.008019774462271645,0.007772909413820494,0.008329448559173945,0.00879404465766481,0.008552042611596505,0.00936671126926132,0.008805501807783955,0.008274874179507547,0.008143930694201745,0.008141257048451154,0.0079813893121525,0.005202883062748211,0.00766861586020651,0.007234264413026211,0.008231057080222398,0.007511996492454327
Toys ,0.0143917011898332,0.011117255793486894,0.009721960447974583,0.01014566956791104,0.008441699342335185,0.03620964857664813,0.013972206916600477,0.016323590247815725,0.015908278570293883,0.016098988902303414,0.014497806123907862,0.014420654003177123,0.02097163818268467,0.018745755321683873,0.01462848131532963,0.017018485264495634,0.018163772991262903,0.02174341829229547,0.023065249771247024,0.02092519596664019,0.018787575127879274,0.018692853370929307,0.020624646252581414,0.01443645159015091,0.022284904133439233,0.015794798147736294,0.011610032382843527,0.02200708096584591,0.026424745202541695,0.023528133227958697,0.008492199505957112,0.01624337644479746,0.017670891247021446,0.01575625058141382,0.0175520103796664,0.017147515134233515,0.01855067831294678,0.015904856260524222,0.017055385577442413,0.014485946254169975,0.017849355661636222,0.016253306835583795,0.017286055302621124,0.013967933086576649,0.01130491928832407,0.013079017324861,0.014389424022239873,0.016367051688641776,0.013567827113582207
Fun  ,0.013887936924543286,0.01027979989197776,0.009860911790309769,0.00983521016362192,0.00734713845274027,0.013972206916600477,0.019860894112787925,0.01615678053375695,0.014000552025416998,0.01391683530420969,0.013974277410643368,0.013509606846703732,0.020207966347895154,0.017317258474980144,0.013686960171564734,0.015340595907863384,0.016613944953137404,0.019687640333598086,0.01970629961239078,0.017281225108816523,0.017167346271644165,0.016529558700556002,0.019102192813343917,0.013062141756949959,0.02111048707227959,0.013342490808578238,0.00740559274027005,0.02014945294360604,0.020282494725972995,0.02275205585702938,0.007813500006354248,0.01596885733439237,0.01666752222398729,0.01500353189197776,0.016405291412231928,0.01703354313264496,0.016480906160444796,0.015001072559173942,0.015768220088959495,0.01362219695313741,0.016889733620333598,0.01528968241143765,0.015522622363780773,0.01378310565210484,0.011006779971405875,0.012911540930897535,0.013384906230341543,0.015558566684670375,0.012847329258141383
Books,0.017851927658459096,0.01333044091818904,0.012970126700555995,0.01213894619062748,0.009105402262112785,0.016323590247815725,0.01615678053375695,0.02899024288959491,0.01779484127084988,0.01742786682446386,0.01681088003971406,0.016134728522637014,0.02329947384273233,0.021278355178713262,0.016906279606036537,0.01824572909610802,0.020283609915806196,0.023711833526608415,0.024924713278792685,0.022854053691818896,0.021115728382843528,0.020306493380460682,0.023796342500397135,0.016623889251787136,0.02546365243526608,0.015979125696584585,0.009023403359809376,0.024035572822875297,0.025374111223193007,0.027782765262907065,0.010264481193010325,0.019231458853057982,0.02072546293884035,0.018327057218427322,0.019369183266084188,0.019440692459094515,0.0198584024177919,0.017578178465448763,0.019748611944400318,0.01637980437331215,0.021224999286735505,0.0191222990420969,0.01963171673868149,0.015744864721207306,0.014040735199364572,0.015977528759332803,0.015455569369340753,0.01888809703256553,0.01511128831135822
Hshld,0.01557332006354249,0.012556297124702142,0.011122166163621924,0.011873056679904685,0.008323112501985704,0.015908278570293883,0.014000552025416998,0.01779484127084988,0.02194712349483717,0.017187339698173147,0.015391311040508336,0.014773764257347102,0.020367502875297854,0.019348242033359803,0.016065963335980933,0.018060890516282766,0.018739607942811758,0.022922543828435265,0.023119138903891976,0.0211831167593328,0.019496391231135817,0.018588387736298645,0.02185470614773629,0.015259229166004763,0.02415874036536934,0.01591868683081811,0.009363107323272443,0.021509712915011914,0.023360944050834002,0.024944688419380464,0.009518295440826052,0.0167465354725973,0.018278517235901508,0.016281906052422555,0.017439891278792686,0.017197550563939637,0.017778364956314532,0.01627024508339952,0.017590151866560766,0.015703445337569497,0.019289360063542493,0.017221807243844322,0.019004694424146148,0.014635267482128674,0.012222306719618742,0.014386723177124703,0.0144503178395552,0.017266400730738683,0.014080451437648928
Clths,0.013906174351072277,0.011759925515488483,0.010254953791898329,0.010974644317712471,0.007137662392374899,0.016098988902303414,0.01391683530420969,0.01742786682446386,0.017187339698173147,0.03240761392216045,0.015366672200158856,0.014676743081810956,0.01935782070849881,0.017845659459888797,0.015162457105639396,0.019130343675933272,0.017364065969817315,0.021345200079428115,0.02242975257505957,0.01989247918347895,0.018559592022239876,0.017334840416203336,0.02111655065289913,0.01461290429864972,0.023174885801429707,0.015560071523431295,0.0049496498649721984,0.019951003158061947,0.026789061175536144,0.023054705324861,0.008596740641779189,0.016474994268467033,0.01800721550436854,0.016108813226370138,0.016912268314535336,0.016947559939634625,0.01707381519936458,0.015759814481334393,0.017425024441620328,0.014835263990468625,0.0191335597045274,0.016463905477362987,0.022487586335186657,0.015746138694201745,0.01215173069420175,0.014217748079428117,0.014407967072279582,0.016857054246227163,0.013174330147736299
Hlth ,0.016475421660047656,0.01074024071485306,0.00974376671961874,0.010367300945194596,0.0058763760762509925,0.014497806123907862,0.013974277410643368,0.01681088003971406,0.015391311040508336,0.015366672200158856,0.029643063312152496,0.018452441866560757,0.027520125655281964,0.018526719674344716,0.015635249785544078,0.016944026354249405,0.017137204813343927,0.02133106992057188,0.021257818355837968,0.01897202380460683,0.018084954495631453,0.01796013414614774,0.020797867958697376,0.013913538490865763,0.021945478189038917,0.014688676108022238,0.009980770174741858,0.020540782779984113,0.022528464662430508,0.024293817879269257,0.007914153431294679,0.01641527285146942,0.01838327961874504,0.01672620512311358,0.018018974916600473,0.01824503625893566,0.017995650976965843,0.016413152597299446,0.016735224567116756,0.014617917450357424,0.019387599054805398,0.016646054368546465,0.017125447124702143,0.014470669944400317,0.012032929658459096,0.014231339428117551,0.013416076679904684,0.0169362012867355,0.013879973566322472
MedEq,0.015104023915806196,0.010159058570293884,0.009840013328038124,0.01033109643367752,0.0066118230976965845,0.014420654003177123,0.013509606846703732,0.016134728522637014,0.014773764257347102,0.014676743081810956,0.018452441866560757,0.021527395194598894,0.027588833073868158,0.017561713129467832,0.014928448165210485,0.015876556711675927,0.016756945464654487,0.02005239999205719,0.02010888161239079,0.018715625202541702,0.017244598435266087,0.018311032192216043,0.01955631259729944,0.013607036346306589,0.02088193166004765,0.014147578443208894,0.008795483471008735,0.019666360794281173,0.022560244773629858,0.022263176481334388,0.00799126240667196,0.015760553899920576,0.016855598729150118,0.016005627458300233,0.017690728848292297,0.018221092589356627,0.017737703590150908,0.016484917108816517,0.015606933097696589,0.013077853177124702,0.01713278974583002,0.01564846262907069,0.015939190540111198,0.013344855329626686,0.01128750760921366,0.013208709150119144,0.013221589880857823,0.016355446147736298,0.01347328168387609
Drugs,0.021462603393169178,0.013351043634630659,0.013782024222398728,0.014316568692613184,0.008197853509134235,0.02097163818268467,0.020207966347895154,0.02329947384273233,0.020367502875297854,0.01935782070849881,0.027520125655281964,0.027588833073868158,0.05602861798888005,0.02560612937251787,0.020519242274821287,0.022130367396346304,0.023995524339952345,0.028442572359015095,0.028439503231135824,0.026310819863383635,0.024729084975377284,0.02632151553296267,0.027778391999999996,0.01986659905321684,0.0302392010929309,0.019873687459888798,0.01436773467831612,0.029659666103256557,0.03313624921366163,0.03277184751072279,0.009593542328832408,0.022550887224781574,0.025101376139793484,0.022861064152501984,0.026959758849880857,0.02741502917871326,0.026204351694996023,0.023861831459888794,0.021761428346306594,0.018100967161239077,0.025003527777601262,0.022704224482922957,0.022770525134233513,0.019690719987291494,0.015574068384432087,0.018274684708498808,0.019037156009531375,0.024103507374106433,0.020729558176330418
Chems,0.01821946896743447,0.013835240301826843,0.011624139269261318,0.012746771890389197,0.00868038090548054,0.018745755321683873,0.017317258474980144,0.021278355178713262,0.019348242033359803,0.017845659459888797,0.018526719674344716,0.017561713129467832,0.02560612937251787,0.03164568869737886,0.019782221318506755,0.0198128050675139,0.023419177458300237,0.027715123963463064,0.03241151201747418,0.027933328999205722,0.026080443741064337,0.023763934527402705,0.027455362255758526,0.018710013884034947,0.03111244060365369,0.018594255583796668,0.018311108697378873,0.03419414964257346,0.040036680548054,0.041333655750595714,0.011084354416203333,0.02044659059571088,0.022310960730738683,0.02016799832406672,0.022122067720413034,0.021153235210484508,0.022588436616362183,0.02061658741858618,0.021956430095313742,0.0203437849324861,0.02488100308975377,0.02222439419380461,0.019963218657664813,0.015835573963463065,0.014694423860206512,0.0172406983796664,0.01767711779189833,0.021629563129467833,0.017478739634630654
Rubbr,0.014900720711675933,0.011952241944400317,0.010761738052422557,0.011581201105639396,0.007401233823669579,0.01462848131532963,0.013686960171564734,0.016906279606036537,0.016065963335980933,0.015162457105639396,0.015635249785544078,0.014928448165210485,0.020519242274821287,0.019782221318506755,0.02437170010484512,0.016967047415409057,0.0189558805019857,0.02265560997617156,0.02358027642891184,0.022357479478951548,0.019616863758538522,0.01793065767116759,0.0214508714725973,0.01530602270373312,0.02306058990309769,0.01454516719301032,0.010254179380460682,0.021914422455917397,0.024207654900714845,0.025495201277204133,0.009451013356632247,0.016157304343129463,0.01792968181096108,0.016427659844320888,0.017240801156473393,0.017126564168387606,0.017660808285941226,0.016296386802223988,0.018029259050039714,0.016179000419380463,0.018693680044479744,0.017093750239872915,0.01665869972359015,0.01372833746783161,0.012409893826846704,0.01435495579348689,0.01421233376330421,0.017130141502779982,0.014001231193010326
Txtls,0.01649488192851469,0.01268253148848292,0.011786073029388403,0.011897576295472596,0.008491198436854646,0.017018485264495634,0.015340595907863384,0.01824572909610802,0.018060890516282766,0.019130343675933272,0.016944026354249405,0.015876556711675927,0.022130367396346304,0.0198128050675139,0.016967047415409057,0.03151590278633836,0.020355298948371722,0.025063516235107226,0.02283242733280381,0.022329056657664815,0.020438493753772834,0.019576157969817317,0.02288895818268467,0.016200012797458297,0.024601863339158057,0.016771839180301822,0.007180444050833997,0.020813762173153293,0.02074797749007148,0.02365392696108022,0.009269600308181096,0.01827489552343129,0.019311397871326446,0.01786454787291501,0.018773591682287528,0.018940000193804606,0.019576661108816524,0.017359167396346308,0.01937278285305798,0.016562522544876886,0.0203407618649722,0.01782013871008737,0.01958166315806196,0.016057069718824462,0.013917567453534549,0.01564699592692613,0.01604301717553614,0.01843902943288324,0.014744406208101666
BldMt,0.017306824651310563,0.013236193842732322,0.01152722135663225,0.01261995829388404,0.008588038398729148,0.018163772991262903,0.016613944953137404,0.020283609915806196,0.018739607942811758,0.017364065969817315,0.017137204813343927,0.016756945464654487,0.023995524339952345,0.023419177458300237,0.0189558805019857,0.020355298948371722,0.027403110208101666,0.028660818125496413,0.029609615507545668,0.026528828184273226,0.024253960104845117,0.02191247328673551,0.02587811115488483,0.01834402870849881,0.02957854532803813,0.01823531810643368,0.012988154201747416,0.028822981439237484,0.03166045793486895,0.03295710420015887,0.010613106875297856,0.019572798386020652,0.02167891583796664,0.019374183132644954,0.020381725509134228,0.02000261041143765,0.02123982944559174,0.019335793474185865,0.02109155644479746,0.018436619180301823,0.023314664270055595,0.020777042487688642,0.0201417181350278,0.016215660644956317,0.014614940308181097,0.016796740384432088,0.016743419005559968,0.02037209270214456,0.016396024934074663
Cnstr,0.020399237037331222,0.015502551723590148,0.014110315885623509,0.014195081660047657,0.0102760709451946,0.02174341829229547,0.019687640333598086,0.023711833526608415,0.022922543828435265,0.021345200079428115,0.02133106992057188,0.02005239999205719,0.028442572359015095,0.027715123963463064,0.02265560997617156,0.025063516235107226,0.028660818125496413,0.04401846467831612,0.03460373289118347,0.031032495353455137,0.028402871350278,0.025787018943606042,0.031066193709293095,0.021221601652104845,0.0346655899285147,0.020890846814932484,0.016146231969817314,0.034032213693407455,0.040227641088165206,0.039449942200158856,0.012683005154884826,0.023010380873709296,0.026427910087370936,0.022695650142970612,0.024500274106433677,0.023888327823669578,0.025061548451151713,0.022843797553613977,0.024759994289118344,0.021717288443208898,0.027799714988085783,0.024281454495631453,0.02440010555202542,0.019636066068308176,0.017152046290706907,0.019996920905480543,0.021384332247815722,0.02409348258935663,0.019373862970611593
Steel,0.021517033472597296,0.01524825499285147,0.013659738011119932,0.01374880085305798,0.009481504756155678,0.023065249771247024,0.01970629961239078,0.024924713278792685,0.023119138903891976,0.02242975257505957,0.021257818355837968,0.02010888161239079,0.028439503231135824,0.03241151201747418,0.02358027642891184,0.02283242733280381,0.029609615507545668,0.03460373289118347,0.057097846511517066,0.037529473850675135,0.03319956773153296,0.027784016922954728,0.03385234545512311,0.023083527949166002,0.039204561918983326,0.021917640803812557,0.03269127038125496,0.04760447029706115,0.062293769539316916,0.05363797827323271,0.012808361145353456,0.024440605096108025,0.027513121969817318,0.023549256821286734,0.025633286776806985,0.023879522339952344,0.026360370710087375,0.024144806074662427,0.026318427083399515,0.024377550791104045,0.03088769909610803,0.028160717389992054,0.02491962849404289,0.01910365242573471,0.0184850304177919,0.02014100510563939,0.021326386748212862,0.026090178970611597,0.020232766976965848
FabPr,0.019601220748212866,0.014561748082605241,0.012007948082605243,0.012799432258935666,0.008033592571882447,0.02092519596664019,0.017281225108816523,0.022854053691818896,0.0211831167593328,0.01989247918347895,0.01897202380460683,0.018715625202541702,0.026310819863383635,0.027933328999205722,0.022357479478951548,0.022329056657664815,0.026528828184273226,0.031032495353455137,0.037529473850675135,0.07808340342970611,0.02957468847815727,0.025831231776012712,0.03052570097537729,0.0210121962573471,0.033845530973788715,0.019406821073868156,0.019103779086576643,0.034712653267672755,0.04168036389992058,0.04199996376965846,0.011937925736298647,0.021330791180301824,0.025121502684670376,0.02207647825099285,0.023331948349483714,0.02237591724066719,0.023906503577442412,0.02198792366004766,0.023744882730738673,0.019707923166004764,0.025070099969817308,0.02413360598411438,0.02231751810484511,0.01749326440349484,0.01738328684352661,0.018679347440826055,0.0191102770420969,0.02249110097220016,0.01794476259253376
Mach ,0.019003442006354246,0.013545798115965051,0.011355513191421765,0.012645049818903893,0.008717005420174742,0.018787575127879274,0.017167346271644165,0.021115728382843528,0.019496391231135817,0.018559592022239876,0.018084954495631453,0.017244598435266087,0.024729084975377284,0.026080443741064337,0.019616863758538522,0.020438493753772834,0.024253960104845117,0.028402871350278,0.03319956773153296,0.02957468847815727,0.02880602079586974,0.023760934597299447,0.028094590265289907,0.019590549566322477,0.03259692864813343,0.01873713626370135,0.015130991366163617,0.03259145228911835,0.03813970714058777,0.04063140752819698,0.010913520687847495,0.02056173058617951,0.02274561820492454,0.020352052830818104,0.022460524571882443,0.021436319442414614,0.02316414634789515,0.021181824355837965,0.021970868811755365,0.0195951001096108,0.02534450886894361,0.022466097507545666,0.020585675426528987,0.01643999413185068,0.015413531888800638,0.01740752279904686,0.017370651586973786,0.02179759394122319,0.01682761591104051
ElcEq,0.019083445586973787,0.013272097769658457,0.012943480263701351,0.013212589799841143,0.00875990752660842,0.018692853370929307,0.016529558700556002,0.020306493380460682,0.018588387736298645,0.017334840416203336,0.01796013414614774,0.018311032192216043,0.02632151553296267,0.023763934527402705,0.01793065767116759,0.019576157969817317,0.02191247328673551,0.025787018943606042,0.027784016922954728,0.025831231776012712,0.023760934597299447,0.03409079067672755,0.025410326239872903,0.017671102729150116,0.028353993734710085,0.017715319717235903,0.011748710301826847,0.028058994414614773,0.03232339497220016,0.03311706754725973,0.009938682711675932,0.019366795196187447,0.02095562138204924,0.0193424590039714,0.021023889947577444,0.020856838651310567,0.021817660451151705,0.019425258980142968,0.02027621747895155,0.017572078222398726,0.022269362457505958,0.02051390789356633,0.019281589704527397,0.015782575494837168,0.013783314274821285,0.016108644285941224,0.016779265299444,0.020052140165210484,0.01707787393804607
Autos,0.020550085077045272,0.01534982314217633,0.013240871942811752,0.013626139081810963,0.009858309712470214,0.020624646252581414,0.019102192813343917,0.023796342500397135,0.02185470614773629,0.02111655065289913,0.020797867958697376,0.01955631259729944,0.027778391999999996,0.027455362255758526,0.0214508714725973,0.02288895818268467,0.02587811115488483,0.031066193709293095,0.03385234545512311,0.03052570097537729,0.028094590265289907,0.025410326239872903,0.03585806872756155,0.021330705931691816,0.03420073847180302,0.020842755355043686,0.014618552311358219,0.03221521974900714,0.035847338554408255,0.03770639102144558,0.011578080724384432,0.022507389178713266,0.02525400600476569,0.02254855505003971,0.024574245998411435,0.02382453567593328,0.02492437078951549,0.02266253379507545,0.024933334589356624,0.021433822856235102,0.02749723611755361,0.023744812632247817,0.02338225774741858,0.019015458891183477,0.016759005540905484,0.01935843177760127,0.019309366494042888,0.024019442020651302,0.018507532060365366
Aero ,0.014402282916600473,0.011102848273232723,0.009453794389197773,0.010706999796664016,0.008103730999205715,0.01443645159015091,0.013062141756949959,0.016623889251787136,0.015259229166004763,0.01461290429864972,0.013913538490865763,0.013607036346306589,0.01986659905321684,0.018710013884034947,0.01530602270373312,0.016200012797458297,0.01834402870849881,0.021221601652104845,0.023083527949166002,0.0210121962573471,0.019590549566322477,0.017671102729150116,0.021330705931691816,0.023732505010325654,0.023990360012708493,0.016340560120730735,0.0070903912946783144,0.020717741051628276,0.023526430881652103,0.023398037248610008,0.009227012447974582,0.016232351752184272,0.018781046036536936,0.016131457321683876,0.01720864841302621,0.016747293769658455,0.01766602171882446,0.016602467806195394,0.017565505677521836,0.015416781140587763,0.019378847015091342,0.01697630165528197,0.015823934189038914,0.013028179335980935,0.012578687129467832,0.014584900784749801,0.013589199123113583,0.01740747808101668,0.013116165166004765
Ships,0.0229826341096108,0.016175756975377285,0.01251746973153296,0.015455967186656072,0.00990799499285147,0.022284904133439233,0.02111048707227959,0.02546365243526608,0.02415874036536934,0.023174885801429707,0.021945478189038917,0.02088193166004765,0.0302392010929309,0.03111244060365369,0.02306058990309769,0.024601863339158057,0.02957854532803813,0.0346655899285147,0.039204561918983326,0.033845530973788715,0.03259692864813343,0.028353993734710085,0.03420073847180302,0.023990360012708493,0.058960753957108814,0.02352222480063543,0.019590755075456708,0.03957340540746624,0.04881951405877681,0.04930814267831613,0.013570081131056393,0.024741261502779985,0.02933968111199364,0.02410566168069897,0.02629292786656076,0.0251919813121525,0.026801676733915814,0.024353098249404286,0.027273125223193008,0.02351818528355838,0.03224326232247816,0.027181839116759338,0.02578676804447974,0.019993949140587768,0.018642456451151704,0.021347138535345513,0.020982434147736297,0.026182303231135816,0.02070904553455123
Guns ,0.01472977400158856,0.012002472679904688,0.010853602243050039,0.011411474341540905,0.009530701629864973,0.015794798147736294,0.013342490808578238,0.015979125696584585,0.01591868683081811,0.015560071523431295,0.014688676108022238,0.014147578443208894,0.019873687459888798,0.018594255583796668,0.01454516719301032,0.016771839180301822,0.01823531810643368,0.020890846814932484,0.021917640803812557,0.019406821073868156,0.01873713626370135,0.017715319717235903,0.020842755355043686,0.016340560120730735,0.02352222480063543,0.03578513983161239,0.01268365596505163,0.02030196970293884,0.02385396706910247,0.022896350980142966,0.009258716686258937,0.016507650185861797,0.018130514694201752,0.015857941455123113,0.017460035717235905,0.016641777254964258,0.01819987689912629,0.016683639008737094,0.017989104123907865,0.015329338112787931,0.018353790173153292,0.016353992244638602,0.016920889655281966,0.013240913753772836,0.011234255872915011,0.013855280406671961,0.01300465266401906,0.016562064794281173,0.013398515405877677
Gold ,0.015925373256552824,0.008090842589356632,0.006395954583002384,0.007146783121525018,0.008674256044479745,0.011610032382843527,0.00740559274027005,0.009023403359809376,0.009363107323272443,0.0049496498649721984,0.009980770174741858,0.008795483471008735,0.01436773467831612,0.018311108697378873,0.010254179380460682,0.007180444050833997,0.012988154201747416,0.016146231969817314,0.03269127038125496,0.019103779086576643,0.015130991366163617,0.011748710301826847,0.014618552311358219,0.0070903912946783144,0.019590755075456708,0.01268365596505163,0.2053034283002383,0.05749005645750595,0.06525976853852263,0.04330958561556791,0.013064720468625893,0.012231654805401114,0.009341846449563145,0.00897212037331215,0.01037383305798253,0.010453360246227164,0.012998419491660047,0.010986977537728359,0.009743184042891186,0.012796025647339162,0.010919215972994438,0.013564364154090548,0.00688505883240667,0.004377917251787134,0.0012060794916600472,0.003786084114376488,0.008461900794281173,0.010314210023828436,0.011759241016679906
Mines,0.022350999917394757,0.014204579990468627,0.01100577211119936,0.012935899215250199,0.009099828772041301,0.02200708096584591,0.02014945294360604,0.024035572822875297,0.021509712915011914,0.019951003158061947,0.020540782779984113,0.019666360794281173,0.029659666103256557,0.03419414964257346,0.021914422455917397,0.020813762173153293,0.028822981439237484,0.034032213693407455,0.04760447029706115,0.034712653267672755,0.03259145228911835,0.028058994414614773,0.03221521974900714,0.020717741051628276,0.03957340540746624,0.02030196970293884,0.05749005645750595,0.07910762359968226,0.07319608355837966,0.0657933242954726,0.013483183396346306,0.023832870633836382,0.02545415542494042,0.022643131996822875,0.026226489416997616,0.024719421960285932,0.025720123710881646,0.023061557509134235,0.024171635380460688,0.023103576400317703,0.030327465588562343,0.02733560383796664,0.022420863536139788,0.017730285140587762,0.01573094939475775,0.017165367421763306,0.01984906202382844,0.0244787136076251,0.020751246157267672
Coal ,0.024942432319301037,0.014740299046862585,0.011939196203335977,0.01266767900714853,0.008818253661636216,0.026424745202541695,0.020282494725972995,0.025374111223193007,0.023360944050834002,0.026789061175536144,0.022528464662430508,0.022560244773629858,0.03313624921366163,0.040036680548054,0.024207654900714845,0.02074797749007148,0.03166045793486895,0.040227641088165206,0.062293769539316916,0.04168036389992058,0.03813970714058777,0.03232339497220016,0.035847338554408255,0.023526430881652103,0.04881951405877681,0.02385396706910247,0.06525976853852263,0.07319608355837966,0.22743956154884828,0.09059505398729151,0.01495078512311358,0.027712181604447966,0.02844165458300238,0.02434528151707704,0.030077361223193006,0.026151090095313745,0.030033594805401114,0.02543183926926132,0.02684781915011914,0.025458997625099285,0.03368289060365369,0.03209214474185862,0.027005828586179507,0.018299737204130258,0.017073960603653692,0.018493688149324863,0.024611357378872125,0.02740224173153296,0.023297495250198568
Oil  ,0.026510723251787126,0.016109386919777598,0.012388376371723592,0.015307656217633038,0.009762068892772043,0.023528133227958697,0.02275205585702938,0.027782765262907065,0.024944688419380464,0.023054705324861,0.024293817879269257,0.022263176481334388,0.03277184751072279,0.041333655750595714,0.025495201277204133,0.02365392696108022,0.03295710420015887,0.039449942200158856,0.05363797827323271,0.04199996376965846,0.04063140752819698,0.03311706754725973,0.03770639102144558,0.023398037248610008,0.04930814267831613,0.022896350980142966,0.04330958561556791,0.0657933242954726,0.09059505398729151,0.11579801101032569,0.016959617215250196,0.028778863091342328,0.030432437331215246,0.02571423363463066,0.029565412266878466,0.027581186435266074,0.028803212540111197,0.026231521442414616,0.027825345850675136,0.0262429268482923,0.03662641461000795,0.03331549488324066,0.026913294279586976,0.01898785403335981,0.018711634306592534,0.02067172978236696,0.0241295575313741,0.028807171936457498,0.024528163532962676
Util ,0.009338308131850675,0.009732348279586972,0.008095926039714057,0.008637330711675932,0.009719461153296267,0.008492199505957112,0.007813500006354248,0.010264481193010325,0.009518295440826052,0.008596740641779189,0.007914153431294679,0.00799126240667196,0.009593542328832408,0.011084354416203333,0.009451013356632247,0.009269600308181096,0.010613106875297856,0.012683005154884826,0.012808361145353456,0.011937925736298647,0.010913520687847495,0.009938682711675932,0.011578080724384432,0.009227012447974582,0.013570081131056393,0.009258716686258937,0.013064720468625893,0.013483183396346306,0.01495078512311358,0.016959617215250196,0.01705839354884829,0.010172575491660047,0.010970370325655282,0.009355583496425735,0.00867306178554408,0.009085130845115169,0.00950933092613185,0.009397013687053216,0.010915208277998408,0.010818923490071485,0.01107839898173153,0.010021115938046068,0.009463944945194595,0.00836433616838761,0.006033642687847497,0.009009397753772838,0.008772014427323272,0.008904727685464651,0.009217513436060365
Telcm,0.016486590138204922,0.01270794477521843,0.012178834465448766,0.01213414488324067,0.008905316740270057,0.01624337644479746,0.01596885733439237,0.019231458853057982,0.0167465354725973,0.016474994268467033,0.01641527285146942,0.015760553899920576,0.022550887224781574,0.02044659059571088,0.016157304343129463,0.01827489552343129,0.019572798386020652,0.023010380873709296,0.024440605096108025,0.021330791180301824,0.02056173058617951,0.019366795196187447,0.022507389178713266,0.016232351752184272,0.024741261502779985,0.016507650185861797,0.012231654805401114,0.023832870633836382,0.027712181604447966,0.028778863091342328,0.010172575491660047,0.02430608402859412,0.01900835523431294,0.017739433467831613,0.019439877922160443,0.019473235005559968,0.019752558004765688,0.017227021934868945,0.018607503173947576,0.015793460835583802,0.020074253871326445,0.018421325471008734,0.01835420029229547,0.014907444200158857,0.012871509922160445,0.015026750163621923,0.01524415640349484,0.018273321054805402,0.015123949172359015
PerSv,0.01835692193804607,0.013102252200158853,0.012392626020651307,0.012532515615567912,0.008560009849086576,0.017670891247021446,0.01666752222398729,0.02072546293884035,0.018278517235901508,0.01800721550436854,0.01838327961874504,0.016855598729150118,0.025101376139793484,0.022310960730738683,0.01792968181096108,0.019311397871326446,0.02167891583796664,0.026427910087370936,0.027513121969817318,0.025121502684670376,0.02274561820492454,0.02095562138204924,0.02525400600476569,0.018781046036536936,0.02933968111199364,0.018130514694201752,0.009341846449563145,0.02545415542494042,0.02844165458300238,0.030432437331215246,0.010970370325655282,0.01900835523431294,0.03314617785544083,0.019364762319301038,0.020738602414614768,0.020001831517077046,0.021137488260524227,0.019000300683081808,0.020386525210484514,0.017871381922160444,0.023910429134233517,0.0203638389197776,0.02035690783161239,0.0167907183796664,0.014937248324066718,0.016989568260524227,0.01618586414614774,0.020210165496425733,0.015749638411437648
BusSv,0.0161716811771247,0.012249624873709291,0.011039002125496423,0.011540272544876886,0.008019774462271645,0.01575625058141382,0.01500353189197776,0.018327057218427322,0.016281906052422555,0.016108813226370138,0.01672620512311358,0.016005627458300233,0.022861064152501984,0.02016799832406672,0.016427659844320888,0.01786454787291501,0.019374183132644954,0.022695650142970612,0.023549256821286734,0.02207647825099285,0.020352052830818104,0.0193424590039714,0.02254855505003971,0.016131457321683876,0.02410566168069897,0.015857941455123113,0.00897212037331215,0.022643131996822875,0.02434528151707704,0.02571423363463066,0.009355583496425735,0.017739433467831613,0.019364762319301038,0.019983198822875293,0.018816228540111196,0.019219163594916603,0.01938070081334392,0.017592135129467834,0.01855636829070691,0.015858260163621917,0.020394298063542496,0.017981782727561554,0.01779139127402701,0.014771148184273232,0.013145305842732326,0.01518472507386815,0.014588179409054804,0.01827603291818904,0.014712767993645745
Hardw,0.016801004120730736,0.012416615841143761,0.011489677445591737,0.011622464746624305,0.007772909413820494,0.0175520103796664,0.016405291412231928,0.019369183266084188,0.017439891278792686,0.016912268314535336,0.018018974916600473,0.017690728848292297,0.026959758849880857,0.022122067720413034,0.017240801156473393,0.018773591682287528,0.020381725509134228,0.024500274106433677,0.025633286776806985,0.023331948349483714,0.022460524571882443,0.021023889947577444,0.024574245998411435,0.01720864841302621,0.02629292786656076,0.017460035717235905,0.01037383305798253,0.026226489416997616,0.030077361223193006,0.029565412266878466,0.00867306178554408,0.019439877922160443,0.020738602414614768,0.018816228540111196,0.029666199911040508,0.02231223933598093,0.023234511783955514,0.019925723615567905,0.01948964645909452,0.016737896301826843,0.021492987980937253,0.01928249759809373,0.018437852260524225,0.01567230295154884,0.013488756969023036,0.01514767525972994,0.016085446405083394,0.02001198673232724,0.01579192074344718
Softw,0.017206605364575054,0.01244235546624305,0.011910889191421763,0.012359166924543285,0.008329448559173945,0.017147515134233515,0.01703354313264496,0.019440692459094515,0.017197550563939637,0.016947559939634625,0.01824503625893566,0.018221092589356627,0.02741502917871326,0.021153235210484508,0.017126564168387606,0.018940000193804606,0.02000261041143765,0.023888327823669578,0.023879522339952344,0.02237591724066719,0.021436319442414614,0.020856838651310567,0.02382453567593328,0.016747293769658455,0.0251919813121525,0.016641777254964258,0.010453360246227164,0.024719421960285932,0.026151090095313745,0.027581186435266074,0.009085130845115169,0.019473235005559968,0.020001831517077046,0.019219163594916603,0.02231223933598093,0.024548383115170776,0.021969753826846707,0.019468424349483718,0.018925623579030975,0.01590550954884829,0.020475859486894364,0.018785171880857824,0.018271828084193805,0.01589324710722796,0.01324294652263701,0.01533977874185862,0.016076828921366165,0.019582422929308972,0.015724783834789514
Chips,0.018119107129467824,0.012974257639396341,0.012032469426528991,0.012580746538522642,0.00879404465766481,0.01855067831294678,0.016480906160444796,0.0198584024177919,0.017778364956314532,0.01707381519936458,0.017995650976965843,0.017737703590150908,0.026204351694996023,0.022588436616362183,0.017660808285941226,0.019576661108816524,0.02123982944559174,0.025061548451151713,0.026360370710087375,0.023906503577442412,0.02316414634789515,0.021817660451151705,0.02492437078951549,0.01766602171882446,0.026801676733915814,0.01819987689912629,0.012998419491660047,0.025720123710881646,0.030033594805401114,0.028803212540111197,0.00950933092613185,0.019752558004765688,0.021137488260524227,0.01938070081334392,0.023234511783955514,0.021969753826846707,0.02624973546624305,0.020937015269261318,0.019688802862589352,0.017014131364575056,0.021825463444003174,0.019454635529785543,0.018692214624305006,0.015471202122319297,0.013625108854646543,0.015836770408260526,0.016124849633042098,0.02032493133598094,0.015932234306592536
LabEq,0.01581227100238284,0.011990901490071482,0.010676874484511514,0.012036796015885622,0.008552042611596505,0.015904856260524222,0.015001072559173942,0.017578178465448763,0.01627024508339952,0.015759814481334393,0.016413152597299446,0.016484917108816517,0.023861831459888794,0.02061658741858618,0.016296386802223988,0.017359167396346308,0.019335793474185865,0.022843797553613977,0.024144806074662427,0.02198792366004766,0.021181824355837965,0.019425258980142968,0.02266253379507545,0.016602467806195394,0.024353098249404286,0.016683639008737094,0.010986977537728359,0.023061557509134235,0.02543183926926132,0.026231521442414616,0.009397013687053216,0.017227021934868945,0.019000300683081808,0.017592135129467834,0.019925723615567905,0.019468424349483718,0.020937015269261318,0.02279550383478951,0.018385216813343923,0.015989767606036532,0.020083191415409055,0.017749660289118344,0.01680210696108022,0.014134256762509931,0.012472615580619536,0.014759114573471007,0.014383187050039718,0.018246374189038923,0.014495771393169182
