,Agric,Food ,Soda ,Beer ,Smoke,Toys ,Fun  ,Books,Hshld,Clths,Hlth ,MedEq,Drugs,Chems,Rubbr,Txtls,BldMt,Cnstr,Steel,FabPr,Mach ,ElcEq,Autos,Aero ,Ships,Guns ,Gold ,Mines,Coal ,Oil  ,Util ,Telcm,PerSv,BusSv,Hardw,Softw,Chips,LabEq,Paper,Boxes,Trans,Whlsl,Rtail,Meals,Banks,Insur,RlEst,Fin  ,Other
Agric,0.04592876126926131,0.012551768692613183,0.011268525688641777,0.010506987507545671,0.008984464579825258,0.014677851002382843,0.014096789175536138,0.017947335879269263,0.015649408031771245,0.014183208600476572,0.016577361941223185,0.015304775747418585,0.021686341706115962,0.01826398142811755,0.014952412074662432,0.016624979995234313,0.01730379253057983,0.02037922684670373,0.021438437890389194,0.019575380030182686,0.019055355202541695,0.019301086937251792,0.020556771783955523,0.014687823259729945,0.022874452794281176,0.014749811680698968,0.016292437725178712,0.022379107529785548,0.02499334704686259,0.026424085548848286,0.009442981281969817,0.016747640273232722,0.018419499450357424,0.01632514550754567,0.01696284381254964,0.017299965421763305,0.018244729205718818,0.016088689239078635,0.01684250507227959,0.014607032768864174,0.019826896260524224,0.01681119441302621,0.01706952016203336,0.014312485844320886,0.011914089669579029,0.014060028571882443,0.013517676853057983,0.017309249890389195,0.013793792988085784
Food ,0.012551768692613183,0.01619787122478157,0.011566394992851468,0.010654248781572678,0.010203977480540112,0.011329198741858615,0.010514556200158853,0.013520379488482923,0.012835140219221601,0.01205133323590151,0.010865307030976965,0.010356796479745831,0.013587100670373312,0.014005182195393165,0.012090376851469421,0.012784497626687845,0.013413617957108817,0.015666692740270053,0.015411333274027003,0.014890570027005562,0.013763552025416997,0.013447671669579027,0.015501445820492453,0.011468660168387605,0.0162448991771247,0.0122006976076251,0.008247995113582209,0.014464970135027792,0.014967849702938841,0.0162749877426529,0.009976891653693408,0.0130089311771247,0.013252202020651308,0.012463636117553615,0.012654151548848292,0.012647763564733915,0.013209226942017472,0.012261195278792693,0.01388687870373312,0.01217424318347895,0.013549246398729151,0.012945484422557585,0.013320191637807783,0.011195987532962668,0.008859441645750595,0.01137284395234313,0.010797706579825254,0.012633354929308975,0.010398380282764097
Soda ,0.011268525688641777,0.011566394992851468,0.0451395955186656,0.011996962484511516,0.0101404510675139,0.010347853525019855,0.010469532762509929,0.013520646424146148,0.011652842420969024,0.01091202939793487,0.010264703571088165,0.010353876262112788,0.014504272432088957,0.0121067806370135,0.011194902619539317,0.012251792077839555,0.011994910122319302,0.014696454424146148,0.014003209830023828,0.012430868611596502,0.011908639682287529,0.013493783594916601,0.01362295612708499,0.010304609432883244,0.012801021073868149,0.011306560837172356,0.006829796397140588,0.011611917474185864,0.012717653747418584,0.012832689764892772,0.008544863928514695,0.012929066382843524,0.01281608869896744,0.011607181577442414,0.01213626100079428,0.012493055261318506,0.012712179483717237,0.011479378465448768,0.012930806826052422,0.011107396651310563,0.012637500848292295,0.011303772767275615,0.01184701489753773,0.011672606959491658,0.008601120814932486,0.010864491936457507,0.0112013937426529,0.01241545657505957,0.010469861880857823
Beer ,0.010506987507545671,0.010654248781572678,0.011996962484511516,0.02723593319142176,0.00998552446703733,0.010348344057188244,0.010069927758538523,0.012220434795869737,0.012118225772835584,0.011285691812549641,0.010435105525019856,0.010602068740270055,0.014571800597299442,0.012867425537728357,0.011597454748212865,0.011945025111993645,0.012717360781572677,0.014223401556791105,0.013756744794281173,0.012992364886417793,0.012785247116759333,0.013514159409054809,0.013719360495631452,0.011046037439237492,0.015476649588562352,0.01154973247339158,0.007349729899920571,0.013085540015885622,0.012550670792692613,0.01530929768387609,0.008922137709293091,0.012472005922160441,0.012668757769658458,0.011744965858617952,0.011778216552819699,0.012503941972994441,0.012706099444003178,0.01229096029229547,0.012876529963463064,0.011849362370135027,0.012776995844320889,0.011727691996822873,0.011964990100079429,0.010249035926926131,0.008600053896743447,0.010926386916600481,0.010124949636219219,0.01214009160285941,0.009931901928514692
Smoke,0.008984464579825258,0.010203977480540112,0.0101404510675139,0.00998552446703733,0.024798672551231138,0.008797398986497222,0.007825032378077839,0.009531720082605244,0.008662208724384434,0.007498432212867357,0.006060871412231929,0.007069208849880857,0.008714532212867353,0.009114216335186658,0.007829402457505956,0.008796247003971407,0.009021670414614774,0.01065281671167593,0.009880386471803018,0.008487907391580618,0.009185113169181887,0.009095401062748212,0.01014467800794281,0.008597077639396345,0.010135089210484512,0.009876267086576646,0.009258404727561557,0.009564796552819697,0.009698122417791897,0.010163385911040507,0.010132661126290708,0.00955857557426529,0.008845715342335185,0.008456383953931694,0.008249700555996824,0.008760597761715649,0.009306210206513106,0.009051345849086576,0.009818558603653693,0.009355947030976964,0.008815058859412235,0.008625512281175534,0.008539684978554408,0.008300853459888801,0.005607805510722796,0.008097123275615568,0.007486881577442413,0.008761602258935661,0.00793928953455123
Toys ,0.014677851002382843,0.011329198741858615,0.010347853525019855,0.010348344057188244,0.008797398986497222,0.03642439619380461,0.014130549998411436,0.016641073620333596,0.016233285026211273,0.016352596308181096,0.014737991466243047,0.014673955396346307,0.02133303141540905,0.018882919691818906,0.014885029124702142,0.01716910554090548,0.018424744832406678,0.022058503320095315,0.023115886112787924,0.021170813575853854,0.019073586814932486,0.018881040695790312,0.02081306556314535,0.01478616522319301,0.022427411399523433,0.015977773982525815,0.011708204816521045,0.022120383193010323,0.026911303548848287,0.023524477143764894,0.008637539313741064,0.016564136692613182,0.017766869890389194,0.016064185382049245,0.01788820737092931,0.01737998094042891,0.01883750501985703,0.016263558767275615,0.01730665188562351,0.014820561607625099,0.018118210617950752,0.016534889280381253,0.017572657391580617,0.01417729630818109,0.011576974103256551,0.013375824724384429,0.014489626284352658,0.016665547329626686,0.013765106821286734
Fun  ,0.014096789175536138,0.010514556200158853,0.010469532762509929,0.010069927758538523,0.007825032378077839,0.014130549998411436,0.02007596346942018,0.016378754986497216,0.014318677274027008,0.014234087618745034,0.01416120125178713,0.013829848803812547,0.020599151415409054,0.017467880867355047,0.013860924787926927,0.015576595421763303,0.016836120241461475,0.019997587005559966,0.01981879470691025,0.017502328079428114,0.017456913296266877,0.016790654325655283,0.019303980543288322,0.013469534945194598,0.02118818833359809,0.01338884638919778,0.007565581242255756,0.020421068752978548,0.020802090300238284,0.0229448855949166,0.007996480981731535,0.01638150218903892,0.016831390112787926,0.015325078122319303,0.016759612104845115,0.017279323942811755,0.016843586100079425,0.015465401086576649,0.016034699955520256,0.014025343148530583,0.017229156352660844,0.01558082920095314,0.01576908709769658,0.014027546792692615,0.01128730820969023,0.013228530046068308,0.01351877287688642,0.015891932238284348,0.013166395208895952
Books,0.017947335879269263,0.013520379488482923,0.013520646424146148,0.012220434795869737,0.009531720082605244,0.016641073620333596,0.016378754986497216,0.029204186853057985,0.01813255149166005,0.017796195545671162,0.017066215199364576,0.016362888152501986,0.023632464711675925,0.02139145219380461,0.01704244928355838,0.01844036258617951,0.020417621655281964,0.023903213280381252,0.025018900346306598,0.02310666410802224,0.021336816965845908,0.020568901077045273,0.02393329145671167,0.017114242141382054,0.025539417023034156,0.01619853177442415,0.009326484308181096,0.0241199850675139,0.025310763183478947,0.027861727040508336,0.010392621871326448,0.0194774469070691,0.02090789343288324,0.01856295229229547,0.01964000517871327,0.019624639542494042,0.020031820397140583,0.017911209251787134,0.019932280654487686,0.01679364907386815,0.021482674446386015,0.019334296762509928,0.019912063078633833,0.01595632085146942,0.014320371831612388,0.01628919667037331,0.015557835227958698,0.019132447313741065,0.015295171380460684
Hshld,0.015649408031771245,0.012835140219221601,0.011652842420969024,0.012118225772835584,0.008662208724384434,0.016233285026211273,0.014318677274027008,0.01813255149166005,0.022429302722795866,0.017651903980937255,0.01570214539793487,0.01504434101985703,0.020729723583796666,0.019667855720413026,0.016221417162827635,0.018263107018268464,0.018962933458300236,0.023205013343923754,0.023443384127084983,0.021502054322478148,0.019840244003177125,0.018870199281969816,0.02212533352184273,0.015757927224781573,0.024318766030182678,0.01619875611119936,0.009833319733121524,0.02187646538522637,0.02387719762351072,0.025318846945194592,0.009652672673550437,0.01710292357108817,0.018492641232724386,0.016603553690230335,0.017919099729944394,0.017545577906274826,0.018128007084988084,0.01668349856076251,0.017826962560762508,0.016132084975377284,0.019590427424940427,0.017505453172359017,0.019360408559173946,0.01496684231294678,0.012533953181890389,0.014719492047656869,0.01469082013661636,0.017654766964257346,0.014282814144559172
Clths,0.014183208600476572,0.01205133323590151,0.01091202939793487,0.011285691812549641,0.007498432212867357,0.016352596308181096,0.014234087618745034,0.017796195545671162,0.017651903980937255,0.03298930192851469,0.01571942708816521,0.014991128320889596,0.0198980096330421,0.018119873604447972,0.015438018786338364,0.019532082386020652,0.01772216118824464,0.021834170135027794,0.0226812047847498,0.02031461136457506,0.018966781953931686,0.017601647818903887,0.021492532308181097,0.015145339939634626,0.023466520355837968,0.015835238440031766,0.005113840012708498,0.020324096902303412,0.02730741718189039,0.023424570004765683,0.008777071806195393,0.016860046436854646,0.018308491348689438,0.016510177286735508,0.017342905830023826,0.017333209210484514,0.017483086846703737,0.016242395609213662,0.017735171084988084,0.015400555405877682,0.019565170827640983,0.016774012355837965,0.022914122973788722,0.01607180891818904,0.012528559272438438,0.014668172416203336,0.014604504295472597,0.017324488889594918,0.013475200470214456
Hlth ,0.016577361941223185,0.010865307030976965,0.010264703571088165,0.010435105525019856,0.006060871412231929,0.014737991466243047,0.01416120125178713,0.017066215199364576,0.01570214539793487,0.01571942708816521,0.029722470589356634,0.018672884883240665,0.02785528507069102,0.01867462732644956,0.015745012800635425,0.01720777294042891,0.017285835367752182,0.0214900117553614,0.02143946283717236,0.01922900422875298,0.01832650096902303,0.0181871127974583,0.021019141610802223,0.014267021756949959,0.021957239224781575,0.014945718306592533,0.009965660562351071,0.020722418586179507,0.02275638040984908,0.02437153101509134,0.00799379321048451,0.01666790957267673,0.01856799156791104,0.016988557658459094,0.018349396028594124,0.01847488014932486,0.01823132528991263,0.016723034198570293,0.01687164011755362,0.014965633239078634,0.019645247828435266,0.016840477798252585,0.017364492511517077,0.014701349899920573,0.01227887047815727,0.014422512546465448,0.013580619351866559,0.017204095389992055,0.014112491545671164
MedEq,0.015304775747418585,0.010356796479745831,0.010353876262112788,0.010602068740270055,0.007069208849880857,0.014673955396346307,0.013829848803812547,0.016362888152501986,0.01504434101985703,0.014991128320889596,0.018672884883240665,0.021802983655281973,0.027895731736298647,0.01780169776489277,0.015074967826846706,0.016074162238284354,0.016924873972994442,0.020279991231135823,0.020319597464654483,0.019089668630659255,0.017499717998411435,0.01854038088800635,0.019729330398729143,0.014056868044479745,0.020941607590150915,0.014239765768069899,0.009061972575059571,0.019838939523431295,0.022883604991262907,0.02248770375059571,0.008206332929308977,0.016082405280381257,0.017011991180301823,0.016274703731532964,0.01794329537728356,0.018480584163621923,0.01803650952343129,0.016863642910246227,0.01587239317077045,0.013508280057188243,0.017444889550436854,0.015933088675138995,0.01614855678157268,0.013612520687847495,0.011566960427323272,0.013501097890389198,0.013404788487688644,0.01666355577760127,0.013733580400317708
Drugs,0.021686341706115962,0.013587100670373312,0.014504272432088957,0.014571800597299442,0.008714532212867353,0.02133303141540905,0.020599151415409054,0.023632464711675925,0.020729723583796666,0.0198980096330421,0.02785528507069102,0.027895731736298647,0.056457642293884024,0.025886930617950756,0.020769086729150118,0.022514263084988086,0.024260434833995228,0.02885876873709292,0.028716806468625886,0.026666231046862585,0.02505990811755361,0.02664750511834789,0.02807474190309769,0.020381627914217628,0.030347493667990465,0.020033204428911846,0.01485439000476569,0.03004480486100079,0.03365485635583796,0.033074320044479744,0.009753658382843524,0.022986310201747413,0.02535288947418586,0.023216564625893568,0.027394335949166,0.027748853896743447,0.02658530903891977,0.024352799898332004,0.02205724064813344,0.018644233372517874,0.02543068008895949,0.022998830671961863,0.02309343769976171,0.020010696114376496,0.0159109498522637,0.018654821820492454,0.01923765052263701,0.024522022519459882,0.021096100581413823
Chems,0.01826398142811755,0.014005182195393165,0.0121067806370135,0.012867425537728357,0.009114216335186658,0.018882919691818906,0.017467880867355047,0.02139145219380461,0.019667855720413026,0.018119873604447972,0.01867462732644956,0.01780169776489277,0.025886930617950756,0.03170029372359015,0.01979381857188245,0.019927976865766472,0.02345324860683082,0.02775480981731533,0.032406339907863395,0.028190622524225568,0.02624800654487689,0.023950114308181097,0.027486836501985707,0.019074625515488483,0.030977933239078638,0.01853010669261319,0.0184738085274027,0.034295334408260526,0.040445057642573466,0.04147772699444003,0.011259667207307384,0.02069631525337569,0.02233369261953931,0.020404869717235898,0.022310641207307386,0.02133558952025417,0.022839940087370926,0.021019024648133437,0.0220884123796664,0.02064817599364575,0.025044210319301034,0.02243573311040508,0.020095433458300234,0.016073383715647337,0.01490780663542494,0.01745611743606036,0.017763985717235895,0.021874477308975376,0.01768257621286735
Rubbr,0.014952412074662432,0.012090376851469421,0.011194902619539317,0.011597454748212865,0.007829402457505956,0.014885029124702142,0.013860924787926927,0.01704244928355838,0.016221417162827635,0.015438018786338364,0.015745012800635425,0.015074967826846706,0.020769086729150118,0.01979381857188245,0.024390451499602867,0.017093609679110403,0.018936416365369343,0.022623634503574262,0.02355707292772041,0.022431857904686256,0.019705833709293092,0.018107478590945192,0.021483642100079428,0.015576390719618746,0.022839902662430498,0.014613903267672758,0.010271272838760922,0.021895400079428116,0.024424155288324065,0.025430610336775215,0.009556440989674347,0.016377029083399525,0.017998817308975373,0.01660398796346306,0.017406584019062747,0.017241466285941223,0.017824114352660844,0.016553722611596506,0.018051576706910242,0.016431325324860996,0.018845178243050043,0.01725417686576648,0.01680595011596505,0.013822515903097693,0.012587538638602062,0.014511769712470214,0.014290480954725973,0.017305846281175534,0.014179303660047656
Txtls,0.016624979995234313,0.012784497626687845,0.012251792077839555,0.011945025111993645,0.008796247003971407,0.01716910554090548,0.015576595421763303,0.01844036258617951,0.018263107018268464,0.019532082386020652,0.01720777294042891,0.016074162238284354,0.022514263084988086,0.019927976865766472,0.017093609679110403,0.0319521514392375,0.020507556749801426,0.025360684193804602,0.023084693051628278,0.022601263410643363,0.020639930675139,0.01979599814297061,0.023071609934868943,0.016557518420969024,0.02455622068625893,0.016829342476568705,0.0075909524765687035,0.021107055742652897,0.021110717804606834,0.023946163413820488,0.009297167626687848,0.018467057817315325,0.019494041194598886,0.01810294878633837,0.01892913934868943,0.01911216713105639,0.019763049237490067,0.01771873497696585,0.019552062587768072,0.01698935574900715,0.02067256306274821,0.01798230452581414,0.019784613830023823,0.01619780296584591,0.014124101304209689,0.015928953737887212,0.01611220592057188,0.018716085080222395,0.015094071799841144
BldMt,0.01730379253057983,0.013413617957108817,0.011994910122319302,0.012717360781572677,0.009021670414614774,0.018424744832406678,0.016836120241461475,0.020417621655281964,0.018962933458300236,0.01772216118824464,0.017285835367752182,0.016924873972994442,0.024260434833995228,0.02345324860683082,0.018936416365369343,0.020507556749801426,0.027370096959491656,0.02860940635424941,0.029640961849086576,0.026706116216044486,0.024353411755361393,0.022087184263701348,0.02589578779348689,0.018700466249404288,0.029375599345512312,0.018283429588562352,0.013101119517077039,0.02889155269261319,0.03179927239396345,0.03297701592692613,0.010746828521048449,0.01977706523272438,0.021765090147736293,0.019572083389992057,0.02055393185067514,0.020149836832406665,0.02140730571882446,0.019625338605242255,0.021140021645750594,0.018776905887212078,0.02348314171882446,0.02093669564098491,0.02032041369976172,0.016373911672756154,0.0148432690293884,0.016997384991262902,0.016853890576648132,0.02057515658776807,0.016578241957108816
Cnstr,0.02037922684670373,0.015666692740270053,0.014696454424146148,0.014223401556791105,0.01065281671167593,0.022058503320095315,0.019997587005559966,0.023903213280381252,0.023205013343923754,0.021834170135027794,0.0214900117553614,0.020279991231135823,0.02885876873709292,0.02775480981731533,0.022623634503574262,0.025360684193804602,0.02860940635424941,0.04379910748212868,0.03467911138999205,0.03122480015885622,0.028526262081016673,0.026020984146147733,0.03115083431294678,0.021640309134233517,0.03434923396346306,0.020965512533756954,0.016205518284352665,0.03419682366957904,0.040482231040508326,0.0395221188562351,0.012755261318506754,0.023198507323272437,0.02652512768864177,0.022958941096108017,0.02478132524225575,0.02409873359809372,0.025301160762509926,0.023273388467037328,0.024786099698173143,0.022132865194598884,0.02804590179507545,0.024450993359809367,0.024616884162033364,0.019863183574265288,0.017423920222398727,0.0202215876409849,0.02153465652104845,0.024356127879269267,0.019687314185861796
Steel,0.021438437890389194,0.015411333274027003,0.014003209830023828,0.013756744794281173,0.009880386471803018,0.023115886112787924,0.01981879470691025,0.025018900346306598,0.023443384127084983,0.0226812047847498,0.02143946283717236,0.020319597464654483,0.028716806468625886,0.032406339907863395,0.02355707292772041,0.023084693051628278,0.029640961849086576,0.03467911138999205,0.05722814865131056,0.0378343162065131,0.03334366541699761,0.02795226811119936,0.03384958698014297,0.023431333782366965,0.03912825523749006,0.02191760095949166,0.03271400505798252,0.04774069277204131,0.06247853602541699,0.053769667234312944,0.012960039040508341,0.02463196018427323,0.027539621242255764,0.02376027427482128,0.025803826751389997,0.02406059012549643,0.02650575078633836,0.024421489258141388,0.026391882929308972,0.0247058980841938,0.03106520766957903,0.0283237497760127,0.0251002730039714,0.019277312997617157,0.018696479389992058,0.020372825270849878,0.021339484022239872,0.026286189274027004,0.02043981300714853
FabPr,0.019575380030182686,0.014890570027005562,0.012430868611596502,0.012992364886417793,0.008487907391580618,0.021170813575853854,0.017502328079428114,0.02310666410802224,0.021502054322478148,0.02031461136457506,0.01922900422875298,0.019089668630659255,0.026666231046862585,0.028190622524225568,0.022431857904686256,0.022601263410643363,0.026706116216044486,0.03122480015885622,0.0378343162065131,0.07852271405718822,0.029889307386814924,0.02610473508657665,0.030749459790309772,0.02156332171882447,0.03407019563780779,0.01958587759015091,0.019047981903097696,0.034883566370135025,0.04202998990627482,0.04241107053693407,0.012304146953137408,0.021595377874503573,0.025469941038919777,0.022450538216044483,0.02364371256552819,0.022637839210484508,0.024271298721207306,0.022464343758538518,0.02399635153772835,0.020242952292295478,0.02540501019221604,0.024431891776012706,0.022657247914217627,0.01776467553455123,0.0177078812025417,0.019032626316123905,0.01937472477998411,0.02280345074821287,0.018196545903097692
Mach ,0.019055355202541695,0.013763552025416997,0.011908639682287529,0.012785247116759333,0.009185113169181887,0.019073586814932486,0.017456913296266877,0.021336816965845908,0.019840244003177125,0.018966781953931686,0.01832650096902303,0.017499717998411435,0.02505990811755361,0.02624800654487689,0.019705833709293092,0.020639930675139,0.024353411755361393,0.028526262081016673,0.03334366541699761,0.029889307386814924,0.029032898109610798,0.02400951955520254,0.028223102239872913,0.020032368228752977,0.03251257007148531,0.01880371440826052,0.015481367307386812,0.03282031008737093,0.03855161471008737,0.04084538570293884,0.011075022430500396,0.0208712623669579,0.02287085413820492,0.020635744050833994,0.022759197871326447,0.02167258220810167,0.02344804854646545,0.02159458691024622,0.022154757267672756,0.020009513518665607,0.025595784876886418,0.022697558474980145,0.020823636664019065,0.01669868168387609,0.0156892709451946,0.017689267609213657,0.017519860333598092,0.022108562223987285,0.01706518735504368
ElcEq,0.019301086937251792,0.013447671669579027,0.013493783594916601,0.013514159409054809,0.009095401062748212,0.018881040695790312,0.016790654325655283,0.020568901077045273,0.018870199281969816,0.017601647818903887,0.0181871127974583,0.01854038088800635,0.02664750511834789,0.023950114308181097,0.018107478590945192,0.01979599814297061,0.022087184263701348,0.026020984146147733,0.02795226811119936,0.02610473508657665,0.02400951955520254,0.03427095601429707,0.025550827091342335,0.018078354671961873,0.028365727215250196,0.017798000173153295,0.01219430834630659,0.028347795917394756,0.03275231307069103,0.0333307674805401,0.010016148214455919,0.01965531427482128,0.021028139399523433,0.019595708277998405,0.02129334652899126,0.021087885955520254,0.022081564503574264,0.019795014976965845,0.02054608810007943,0.017975099609213657,0.02257074917871326,0.020737160983320096,0.019470144600476566,0.01599574021763304,0.01402758213026211,0.016379199488482928,0.01691931797776013,0.020349920568705313,0.01735100990945195
Autos,0.020556771783955523,0.015501445820492453,0.01362295612708499,0.013719360495631452,0.01014467800794281,0.02081306556314535,0.019303980543288322,0.02393329145671167,0.02212533352184273,0.021492532308181097,0.021019141610802223,0.019729330398729143,0.02807474190309769,0.027486836501985707,0.021483642100079428,0.023071609934868943,0.02589578779348689,0.03115083431294678,0.03384958698014297,0.030749459790309772,0.028223102239872913,0.025550827091342335,0.035955862741858614,0.02169918780619539,0.0340518181858618,0.020778002868943605,0.014836740200158856,0.032297675742652895,0.0360300330929309,0.037790256943606035,0.01159206232565528,0.02267014002223987,0.025300719536139785,0.022736835478951552,0.024788156759332804,0.023961881661636212,0.02511518606830817,0.02300139509451946,0.025024661995234312,0.021823538611596503,0.0276712314090548,0.023862289572676724,0.023528014589356622,0.01919563894837172,0.016975845264495634,0.019572796174741856,0.019365930004765684,0.024277448311358217,0.018668987723590148
Aero ,0.014687823259729945,0.011468660168387605,0.010304609432883244,0.011046037439237492,0.008597077639396345,0.01478616522319301,0.013469534945194598,0.017114242141382054,0.015757927224781573,0.015145339939634626,0.014267021756949959,0.014056868044479745,0.020381627914217628,0.019074625515488483,0.015576390719618746,0.016557518420969024,0.018700466249404288,0.021640309134233517,0.023431333782366965,0.02156332171882447,0.020032368228752977,0.018078354671961873,0.02169918780619539,0.024429892289118342,0.024244573458300243,0.016678386519459885,0.007512218973788722,0.021064532549642568,0.023994437089753774,0.02376860453375695,0.00954724814297061,0.016706909127879265,0.019114586706910245,0.016586247602859414,0.017708086227164414,0.01719186709134234,0.018135440015885622,0.017191647955520254,0.017982116845115168,0.01607863104686259,0.019847262538522637,0.017424333111993647,0.016246458833995232,0.013429060527402698,0.013004066602065129,0.01506207772517871,0.013890723974583002,0.01788288732009531,0.013509978471803017
Ships,0.022874452794281176,0.0162448991771247,0.012801021073868149,0.015476649588562352,0.010135089210484512,0.022427411399523433,0.02118818833359809,0.025539417023034156,0.024318766030182678,0.023466520355837968,0.021957239224781575,0.020941607590150915,0.030347493667990465,0.030977933239078638,0.022839902662430498,0.02455622068625893,0.029375599345512312,0.03434923396346306,0.03912825523749006,0.03407019563780779,0.03251257007148531,0.028365727215250196,0.0340518181858618,0.024244573458300243,0.05864787628911835,0.0234844759618745,0.019404341648927723,0.03935776409849085,0.04861074582366958,0.04896916857505958,0.01364724210007943,0.024721686341540906,0.02925382345353455,0.02420861525337569,0.02622829966640191,0.025270041299444004,0.026792713502779984,0.024505187984114375,0.027131115675933286,0.02369879550119142,0.03216454728514694,0.027266701728355835,0.025810233601270844,0.020085367234312944,0.01883557226687848,0.021454662487688635,0.02099728119777601,0.02624929108181096,0.020758732829229545
Guns ,0.014749811680698968,0.0122006976076251,0.011306560837172356,0.01154973247339158,0.009876267086576646,0.015977773982525815,0.01338884638919778,0.01619853177442415,0.01619875611119936,0.015835238440031766,0.014945718306592533,0.014239765768069899,0.020033204428911846,0.01853010669261319,0.014613903267672758,0.016829342476568705,0.018283429588562352,0.020965512533756954,0.02191760095949166,0.01958587759015091,0.01880371440826052,0.017798000173153295,0.020778002868943605,0.016678386519459885,0.0234844759618745,0.035844607166004766,0.013085966189038921,0.020452101270849884,0.023847735412231934,0.02277305129626687,0.00936243154725973,0.01662092318347895,0.018165491990468623,0.015991038695790313,0.017590727498014297,0.016738816824463855,0.01822828579030976,0.01688228831135822,0.018069416332009536,0.015554250033359815,0.018408949629864974,0.01649164581572677,0.017135632301826846,0.01334478315011914,0.01143083381890389,0.014081850773629867,0.013006857939634627,0.0166579463415409,0.013460169185067513
Gold ,0.016292437725178712,0.008247995113582209,0.006829796397140588,0.007349729899920571,0.009258404727561557,0.011708204816521045,0.007565581242255756,0.009326484308181096,0.009833319733121524,0.005113840012708498,0.009965660562351071,0.009061972575059571,0.01485439000476569,0.0184738085274027,0.010271272838760922,0.0075909524765687035,0.013101119517077039,0.016205518284352665,0.03271400505798252,0.019047981903097696,0.015481367307386812,0.01219430834630659,0.014836740200158856,0.007512218973788722,0.019404341648927723,0.013085966189038921,0.2052267916378078,0.05769618351072278,0.06559907992374903,0.04362143430659254,0.013177391968228756,0.012695470061953932,0.009559198932486104,0.009249849855440827,0.010636261540905481,0.010802055243844318,0.013260740333598092,0.011304257429706116,0.009999123520254168,0.013013913512311357,0.011294303180301824,0.013925351224781569,0.00707836041938046,0.004639805032565527,0.0014237933661636214,0.004002881321683874,0.008710639536139793,0.010567844562351072,0.012090490249404293
Mines,0.022379107529785548,0.014464970135027792,0.011611917474185864,0.013085540015885622,0.009564796552819697,0.022120383193010323,0.020421068752978548,0.0241199850675139,0.02187646538522637,0.020324096902303412,0.020722418586179507,0.019838939523431295,0.03004480486100079,0.034295334408260526,0.021895400079428116,0.021107055742652897,0.02889155269261319,0.03419682366957904,0.04774069277204131,0.034883566370135025,0.03282031008737093,0.028347795917394756,0.032297675742652895,0.021064532549642568,0.03935776409849085,0.020452101270849884,0.05769618351072278,0.07945116737092929,0.07385026065131055,0.06625913939634633,0.013663745019857029,0.024194013375695,0.025601785544082593,0.02288117199364575,0.026512087116759328,0.024995878554408255,0.026017351914217626,0.023440478665607622,0.024239080587768073,0.02347026786338364,0.030604660746624303,0.027547924876886416,0.022665152660841945,0.017921633852263703,0.015921579173947573,0.017410492740270057,0.020037171961874503,0.02478892130262113,0.021060080571882443
Coal ,0.02499334704686259,0.014967849702938841,0.012717653747418584,0.012550670792692613,0.009698122417791897,0.026911303548848287,0.020802090300238284,0.025310763183478947,0.02387719762351072,0.02730741718189039,0.02275638040984908,0.022883604991262907,0.03365485635583796,0.040445057642573466,0.024424155288324065,0.021110717804606834,0.03179927239396345,0.040482231040508326,0.06247853602541699,0.04202998990627482,0.03855161471008737,0.03275231307069103,0.0360300330929309,0.023994437089753774,0.04861074582366958,0.023847735412231934,0.06559907992374903,0.07385026065131055,0.22853682752025417,0.09125083879586972,0.015258344492454326,0.028312495644162033,0.028591268683081813,0.024691688892772033,0.030578708339952337,0.026503865833200947,0.03051883877680699,0.026029306503574264,0.027147927564733908,0.02583505784273232,0.0340858201810961,0.03245671650833995,0.027375010751389983,0.018776395243844324,0.017368544873709292,0.01885186736139793,0.02483849481493249,0.027850115685464655,0.023660494303415408
Oil  ,0.026424085548848286,0.0162749877426529,0.012832689764892772,0.01530929768387609,0.010163385911040507,0.023524477143764894,0.0229448855949166,0.027861727040508336,0.025318846945194592,0.023424570004765683,0.02437153101509134,0.02248770375059571,0.033074320044479744,0.04147772699444003,0.025430610336775215,0.023946163413820488,0.03297701592692613,0.0395221188562351,0.053769667234312944,0.04241107053693407,0.04084538570293884,0.0333307674805401,0.037790256943606035,0.02376860453375695,0.04896916857505958,0.02277305129626687,0.04362143430659254,0.06625913939634633,0.09125083879586972,0.11627561463224781,0.01713126423987292,0.029090755971405882,0.030496812752978553,0.025946028624305006,0.02976332152501985,0.027795982543288324,0.029032779547259725,0.026631082687847498,0.027953849024622716,0.02659922817474186,0.036796238144559165,0.03348045709451947,0.02701933203177124,0.01924941479428117,0.018873912166799043,0.020828821131056392,0.024269121482128665,0.029075285563145342,0.024747867008737094
Util ,0.009442981281969817,0.009976891653693408,0.008544863928514695,0.008922137709293091,0.010132661126290708,0.008637539313741064,0.007996480981731535,0.010392621871326448,0.009652672673550437,0.008777071806195393,0.00799379321048451,0.008206332929308977,0.009753658382843524,0.011259667207307384,0.009556440989674347,0.009297167626687848,0.010746828521048449,0.012755261318506754,0.012960039040508341,0.012304146953137408,0.011075022430500396,0.010016148214455919,0.01159206232565528,0.00954724814297061,0.01364724210007943,0.00936243154725973,0.013177391968228756,0.013663745019857029,0.015258344492454326,0.01713126423987292,0.017460710104845113,0.010435064266878473,0.011100229439237488,0.0095290857045274,0.00878760212867355,0.009252046733915806,0.00970471381254964,0.009625997788721207,0.011049686622716444,0.011104050014297063,0.01124096137887212,0.010264016948371724,0.009658572050833996,0.008505366571882444,0.0062321554265289915,0.009195507542494041,0.008913555324861003,0.009080009496425732,0.009327433769658458
Telcm,0.016747640273232722,0.0130089311771247,0.012929066382843524,0.012472005922160441,0.00955857557426529,0.016564136692613182,0.01638150218903892,0.0194774469070691,0.01710292357108817,0.016860046436854646,0.01666790957267673,0.016082405280381257,0.022986310201747413,0.02069631525337569,0.016377029083399525,0.018467057817315325,0.01977706523272438,0.023198507323272437,0.02463196018427323,0.021595377874503573,0.0208712623669579,0.01965531427482128,0.02267014002223987,0.016706909127879265,0.024721686341540906,0.01662092318347895,0.012695470061953932,0.024194013375695,0.028312495644162033,0.029090755971405882,0.010435064266878473,0.024838024044479743,0.019152984514694195,0.018051839580619535,0.019862817124702142,0.01980897646386021,0.020171191898332008,0.01769993281652105,0.018851139895154887,0.016242708886417784,0.020441129957108818,0.018755423517077045,0.01864872180460683,0.015199048374900713,0.013184369842732328,0.015373606366957903,0.015418731806195393,0.018688704158856234,0.01545384099761716
PerSv,0.018419499450357424,0.013252202020651308,0.01281608869896744,0.012668757769658458,0.008845715342335185,0.017766869890389194,0.016831390112787926,0.02090789343288324,0.018492641232724386,0.018308491348689438,0.01856799156791104,0.017011991180301823,0.02535288947418586,0.02233369261953931,0.017998817308975373,0.019494041194598886,0.021765090147736293,0.02652512768864177,0.027539621242255764,0.025469941038919777,0.02287085413820492,0.021028139399523433,0.025300719536139785,0.019114586706910245,0.02925382345353455,0.018165491990468623,0.009559198932486104,0.025601785544082593,0.028591268683081813,0.030496812752978553,0.011100229439237488,0.019152984514694195,0.03320477379507545,0.019549900193804606,0.020835373343923748,0.02012326511199364,0.021236386942017474,0.019207804822875298,0.020529005127879266,0.018250574182684675,0.02410402537887212,0.020473277566322477,0.02055576983637808,0.016910117528196985,0.015133449073868146,0.017187378643367755,0.01622260721842732,0.02038660771405878,0.015856844664019067
BusSv,0.01632514550754567,0.012463636117553615,0.011607181577442414,0.011744965858617952,0.008456383953931694,0.016064185382049245,0.015325078122319303,0.01856295229229547,0.016603553690230335,0.016510177286735508,0.016988557658459094,0.016274703731532964,0.023216564625893568,0.020404869717235898,0.01660398796346306,0.01810294878633837,0.019572083389992057,0.022958941096108017,0.02376027427482128,0.022450538216044483,0.020635744050833994,0.019595708277998405,0.022736835478951552,0.016586247602859414,0.02420861525337569,0.015991038695790313,0.009249849855440827,0.02288117199364575,0.024691688892772033,0.025946028624305006,0.0095290857045274,0.018051839580619535,0.019549900193804606,0.020287671312152505,0.019119820270055602,0.01948250465289913,0.019672436735504367,0.017997581204130263,0.01883529742494042,0.01630387295313741,0.020714328400317717,0.01825012805242256,0.018071006649722006,0.015043215817315323,0.013463478285941221,0.015537219631453535,0.014753390749801424,0.01860608638284353,0.014970082951548846
Hardw,0.01696284381254964,0.012654151548848292,0.01213626100079428,0.011778216552819699,0.008249700555996824,0.01788820737092931,0.016759612104845115,0.01964000517871327,0.017919099729944394,0.017342905830023826,0.018349396028594124,0.01794329537728356,0.027394335949166,0.022310641207307386,0.017406584019062747,0.01892913934868943,0.02055393185067514,0.02478132524225575,0.025803826751389997,0.02364371256552819,0.022759197871326447,0.02129334652899126,0.024788156759332804,0.017708086227164414,0.02622829966640191,0.017590727498014297,0.010636261540905481,0.026512087116759328,0.030578708339952337,0.02976332152501985,0.00878760212867355,0.019862817124702142,0.020835373343923748,0.019119820270055602,0.030101125909451954,0.022646343256552817,0.02364441127879269,0.020383540206513104,0.019668142652899127,0.017163627545671162,0.021766783320095302,0.019567117776012707,0.018757696806989674,0.01597892778395552,0.013792673709293088,0.015476210770452739,0.01623171977760127,0.02042002433677521,0.016071987990468627
Softw,0.017299965421763305,0.012647763564733915,0.012493055261318506,0.012503941972994441,0.008760597761715649,0.01737998094042891,0.017279323942811755,0.019624639542494042,0.017545577906274826,0.017333209210484514,0.01847488014932486,0.018480584163621923,0.027748853896743447,0.02133558952025417,0.017241466285941223,0.01911216713105639,0.020149836832406665,0.02409873359809372,0.02406059012549643,0.022637839210484508,0.02167258220810167,0.021087885955520254,0.023961881661636212,0.01719186709134234,0.025270041299444004,0.016738816824463855,0.010802055243844318,0.024995878554408255,0.026503865833200947,0.027795982543288324,0.009252046733915806,0.01980897646386021,0.02012326511199364,0.01948250465289913,0.022646343256552817,0.024808333361397934,0.022254818085782363,0.019886208406671962,0.019083009691818902,0.016284501502779984,0.02072430874027005,0.019027038444797462,0.01851269848133439,0.01615311550913423,0.013504347750595709,0.015647801274027005,0.016197480878474974,0.019887145356632246,0.015973401591739475
Chips,0.018244729205718818,0.013209226942017472,0.012712179483717237,0.012706099444003178,0.009306210206513106,0.01883750501985703,0.016843586100079425,0.020031820397140583,0.018128007084988084,0.017483086846703737,0.01823132528991263,0.01803650952343129,0.02658530903891977,0.022839940087370926,0.017824114352660844,0.019763049237490067,0.02140730571882446,0.025301160762509926,0.02650575078633836,0.024271298721207306,0.02344804854646545,0.022081564503574264,0.02511518606830817,0.018135440015885622,0.026792713502779984,0.01822828579030976,0.013260740333598092,0.026017351914217626,0.03051883877680699,0.029032779547259725,0.00970471381254964,0.020171191898332008,0.021236386942017474,0.019672436735504367,0.02364441127879269,0.022254818085782363,0.026596569015091335,0.021403866401906273,0.01991751103256553,0.017466846957903095,0.022115784114376487,0.01974798518665607,0.018945421302621127,0.01577979004765687,0.01392330559968229,0.016160468705321684,0.01628593638602065,0.020687751882446384,0.016191815202541697
LabEq,0.016088689239078635,0.012261195278792693,0.011479378465448768,0.01229096029229547,0.009051345849086576,0.016263558767275615,0.015465401086576649,0.017911209251787134,0.01668349856076251,0.016242395609213662,0.016723034198570293,0.016863642910246227,0.024352799898332004,0.021019024648133437,0.016553722611596506,0.01771873497696585,0.019625338605242255,0.023273388467037328,0.024421489258141388,0.022464343758538518,0.02159458691024622,0.019795014976965845,0.02300139509451946,0.017191647955520254,0.024505187984114375,0.01688228831135822,0.011304257429706116,0.023440478665607622,0.026029306503574264,0.026631082687847498,0.009625997788721207,0.01769993281652105,0.019207804822875298,0.017997581204130263,0.020383540206513104,0.019886208406671962,0.021403866401906273,0.023350422341540906,0.01878445104368546,0.016584372219221606,0.020526655891977767,0.018148490948371725,0.017135645731532964,0.014525007078633833,0.0128449871771247,0.015187743961874504,0.014666847682287529,0.01871690879110405,0.014897894303415407
