,Agric,Food ,Soda ,Beer ,Smoke,Toys ,Fun  ,Books,Hshld,Clths,Hlth ,MedEq,Drugs,Chems,Rubbr,Txtls,BldMt,Cnstr,Steel,FabPr,Mach ,ElcEq,Autos,Aero ,Ships,Guns ,Gold ,Mines,Coal ,Oil  ,Util ,Telcm,PerSv,BusSv,Hardw,Softw,Chips,LabEq,Paper,Boxes,Trans,Whlsl,Rtail,Meals,Banks,Insur,RlEst,Fin  ,Other
Agric,0.04207776704686259,0.011686594287529788,0.011172853178713263,0.009891722236695788,0.009214769648927722,0.014407674462271643,0.013729288540111198,0.0162370858522637,0.014905956765687055,0.014174723126290704,0.016757021585385223,0.01557510204289118,0.02181991481175536,0.01830130718665608,0.015084321667990465,0.016999015199364573,0.01674358187132645,0.019803544724384434,0.021509047996822878,0.01921557643526608,0.018904345849086575,0.01795728931850675,0.019733767863383638,0.01424270352025417,0.021773171478951546,0.014137632965845909,0.012970598290706908,0.021611518894360603,0.02390555931056394,0.02664166130579825,0.008594213922160443,0.016746787386814933,0.01755450080381255,0.01589384525814138,0.017342480050834004,0.01682602758061954,0.017787545369340747,0.015447283520254167,0.01640255826528991,0.015802326541699756,0.019662647256552826,0.017097371440826056,0.017264717423351873,0.013941525124702144,0.012095088193804606,0.013220188330420966,0.013652571415409055,0.016644002586179506,0.013104271459888796
Food ,0.011686594287529788,0.01819319341699761,0.012500276384432093,0.010279918938840346,0.011384319294678313,0.010774414322478157,0.009707298846703735,0.012248973655281969,0.012493148714853058,0.011322889328038125,0.010666212123907861,0.010044016940428913,0.012396046093725181,0.013420927650516279,0.011941067069102461,0.01161434549960286,0.012359798335186656,0.01463081330579825,0.014569056895949164,0.013763812905480542,0.013132716390786338,0.012342351714058777,0.014150500270055598,0.010633406837172357,0.014195621197776013,0.011770839091342338,0.007280252447974582,0.013306129429706116,0.013755290808578237,0.015608798074662431,0.009889597451945991,0.013213055980937251,0.012064348759332806,0.01172571593328038,0.012332195501191419,0.011634422888006353,0.011960083590150914,0.011106552381254966,0.013017205992057187,0.012685789661636216,0.012721357953931691,0.012506754198570292,0.013157735714058774,0.010183122198570295,0.008411235348689436,0.010375641200953137,0.010727973382049243,0.011277708041302622,0.009466433353455124
Soda ,0.011172853178713263,0.012500276384432093,0.06323973397299444,0.012549325032565527,0.011795308187450356,0.012686747647339156,0.012155692638602066,0.013127091507545667,0.013429256813343924,0.010444928622716444,0.011615335930103256,0.012219135847498015,0.01631339803653693,0.013366475145353456,0.012689522637013503,0.013011390354249402,0.013011288590945193,0.015695194764098495,0.016090830919777598,0.012666512209690232,0.013696700797458296,0.014313246760921362,0.014391299380460684,0.011801875037331216,0.012859692892772043,0.012258491138999206,0.005378162675139,0.01240323911675933,0.01295816501350278,0.012786875698173149,0.008451260403494837,0.0145626570929309,0.013215129366163623,0.013209984590945193,0.014181365674344715,0.013619902799046861,0.013751873200953137,0.012382001042096902,0.013787740060365367,0.012692283571088165,0.013749447764892767,0.012600258764098489,0.012824070767275613,0.012168522535345514,0.009989033658459092,0.011035311237490072,0.012885095339158065,0.012945956136616362,0.010932538973788722
Beer ,0.009891722236695788,0.010279918938840346,0.012549325032565527,0.02681252194440032,0.009685068565528199,0.010364781416997619,0.010075176978554406,0.011442671123113582,0.01141090826370135,0.01172695444638602,0.010960119688641782,0.010397475056393964,0.013798084069896743,0.012919121274027001,0.011204209388403491,0.011401860721207305,0.011926985518665612,0.013796543783955516,0.013953312219221602,0.012673437105639397,0.012585201455123112,0.012681580330420966,0.012749784447974581,0.010650845779189833,0.014568477042096899,0.010702186776806986,0.007226460034948372,0.012788799288324064,0.013068760187450356,0.016294163774424147,0.008754188994440032,0.012433537029388401,0.011866612943606039,0.011454705083399522,0.011867426014297059,0.012301581455123113,0.011857859301032565,0.011386823046862586,0.012454803945988878,0.011700930125496424,0.012757696146147733,0.01160196112152502,0.01214338874344718,0.009839837772835586,0.00862811233359809,0.01024658843844321,0.01039719793169182,0.01148526548689436,0.009541822830818109
Smoke,0.009214769648927722,0.011384319294678313,0.011795308187450356,0.009685068565528199,0.03480451445750596,0.010386245752184272,0.008018120641779187,0.009336405569499601,0.00959913605401112,0.008532221591739476,0.0070020808451151705,0.008616699132644956,0.009407322209690231,0.009127302718030183,0.00887142566322478,0.00904271817633042,0.009467619669579031,0.010912557801429704,0.01072429552184273,0.009008189545671168,0.00999760720889595,0.008878813342335186,0.01026922253375695,0.008383797186656074,0.010782511197776012,0.010220897534551228,0.0077236620587768055,0.010197872654487686,0.011418694978554406,0.011322410576648132,0.009933146665607621,0.011037571691818904,0.008669592301826847,0.00884393339952343,0.009441074405083398,0.009280750584590944,0.00975872057982526,0.009376593969817316,0.009949703227958696,0.010203812084193806,0.009933902068308178,0.009639511140587767,0.00903054233042097,0.00811874886258936,0.00631470658776807,0.008333550644956311,0.00849347964892772,0.008734889725178713,0.00795769004924543
Toys ,0.014407674462271643,0.010774414322478157,0.012686747647339156,0.010364781416997619,0.010386245752184272,0.041087716999205715,0.01621595660683082,0.01693640579189833,0.017359251383637808,0.018111066262112785,0.01748804580142971,0.01666095177760127,0.024155655855440824,0.020454559477362983,0.015928913494837167,0.018028012346306594,0.019480121814138208,0.022819551955520247,0.025530368897537726,0.02251465507386815,0.021013069639396347,0.019332563604447968,0.02170083138204924,0.0165536931517077,0.02360383149960285,0.01709178951231136,0.01209632846068308,0.02367085559332803,0.028730873580619536,0.02736292720889595,0.00820671346465449,0.018231125146942015,0.01816248046703733,0.017584989841143765,0.02070878614455917,0.019537476033359806,0.020923290285941223,0.01733222053057982,0.017980357525019856,0.016564476309769656,0.020235718494042893,0.01827483894042891,0.019492911464654487,0.014690900745035745,0.012806536818109612,0.013497488992851468,0.0166712774725973,0.017414812679904686,0.014114622281175535
Fun  ,0.013729288540111198,0.009707298846703735,0.012155692638602066,0.010075176978554406,0.008018120641779187,0.01621595660683082,0.02283908996981732,0.01669480169023034,0.015085284231930104,0.015486939996822869,0.01650032357108816,0.016048889779189838,0.023014675177124706,0.019531628346306593,0.014638468530579825,0.016455215326449564,0.017685210052422556,0.020917277496425735,0.022040157941223187,0.01878299811914217,0.019343544419380455,0.01779775112946783,0.02004801884034949,0.014934800374900713,0.021955655021445586,0.013901445515488484,0.008467478957903098,0.02250169709928514,0.02303213911993646,0.02661163661953931,0.007360954859412231,0.01773373782366958,0.017035771399523426,0.016680268117553614,0.0191579589070691,0.019472224165210484,0.018661074503574262,0.01665128135980937,0.01686112392057188,0.015482272959491658,0.018717481982525812,0.017070787914217633,0.017253209289912627,0.014468224139793484,0.012301806970611597,0.013196354128673557,0.014656346204924543,0.01646595756632248,0.01365095533598094
Books,0.0162370858522637,0.012248973655281969,0.013127091507545667,0.011442671123113582,0.009336405569499601,0.01693640579189833,0.01669480169023034,0.028107495021445602,0.01777322283717236,0.018079296095313738,0.01815495395075457,0.0170867338903892,0.024086048683081812,0.02161750447339158,0.01684052868943606,0.018307088025417,0.0198993589706116,0.02352377495790309,0.026177853988880062,0.02342055821127879,0.021867052403494836,0.02017478191262907,0.023379928784749805,0.017064586074662432,0.025080591221604446,0.015918230449563146,0.00995703722954726,0.02434132456870532,0.025818451301032566,0.029983114961080224,0.009062679993645748,0.019661771151707707,0.019693793270849882,0.01852356710087371,0.020623936470214457,0.019793823698173153,0.02025924052422557,0.017529153969817315,0.019904686627482127,0.01732935990786338,0.021655512743447177,0.01975101762986497,0.020301946055599682,0.015382657591739474,0.014906313998411434,0.015326388190627482,0.016586893906274824,0.018351479542494043,0.01460866004130262
Hshld,0.014905956765687055,0.012493148714853058,0.013429256813343924,0.01141090826370135,0.00959913605401112,0.017359251383637808,0.015085284231930104,0.01777322283717236,0.02311749044638602,0.01861564036854646,0.0171847461350278,0.016345768902303416,0.022096879882446387,0.02059327355996823,0.016700678109610803,0.018211888216044476,0.019396225086576648,0.023378924536934072,0.024967577833200954,0.02277561613026211,0.021062970243050035,0.019227822516282758,0.022472763097696587,0.01644613196822875,0.023752987980937255,0.016609247097696584,0.009005682694201747,0.02279097565687053,0.024780724152501984,0.026928763888800635,0.008634828174741857,0.018196893121525018,0.018022072540111195,0.01724538019062748,0.019692022633836372,0.01847517620015886,0.019073710611596514,0.01718350678951549,0.018960835729944406,0.017395735857029384,0.020481034713264498,0.018492384555996822,0.020734878319301032,0.015125723898332008,0.013409711965051625,0.014516086840349484,0.015541047996822875,0.017507781972994435,0.014038029604447973
Clths,0.014174723126290704,0.011322889328038125,0.010444928622716444,0.01172695444638602,0.008532221591739476,0.018111066262112785,0.015486939996822869,0.018079296095313738,0.01861564036854646,0.04300494154725972,0.017657489156473388,0.016984945747418587,0.02131839452263701,0.020220375904686262,0.01639430671961874,0.02045107050675139,0.01952526761556791,0.023545470297061163,0.025391417270849877,0.022188620727561555,0.021524356022239875,0.019001288050833995,0.022994046957903098,0.017012074738681493,0.02527855531056394,0.017896723837966637,0.004986090217633041,0.02241819042414615,0.02960211712152502,0.02986314531532962,0.007766707151707702,0.018047286671961874,0.01946389154567117,0.01791606490865767,0.020091261756949957,0.01929087904050834,0.018954071707704526,0.01730392573153296,0.018666537988880065,0.017276350697378873,0.021940473111993642,0.018942220644956313,0.02604041246068308,0.01657682870214456,0.013892026916600473,0.014821221972994437,0.01596170727243844,0.017733273239078633,0.013858629089753773
Hlth ,0.016757021585385223,0.010666212123907861,0.011615335930103256,0.010960119688641782,0.0070020808451151705,0.01748804580142971,0.01650032357108816,0.01815495395075457,0.0171847461350278,0.017657489156473388,0.03450227212708498,0.02234225145035742,0.031703563672756147,0.021101596937251783,0.01755718017474186,0.018694249410643366,0.019090458243050036,0.02291033015409054,0.02470858753296266,0.021659496343129466,0.02102905292454328,0.02019573577124702,0.022577223288324063,0.01636739712152502,0.023924429146942018,0.016288920247815725,0.00950921758856235,0.023685132695790305,0.026905049480540108,0.02896759573629865,0.008062090789515487,0.019091481683876088,0.01956578676409849,0.019511173629864965,0.02113770582366958,0.021811318913423354,0.02112049791898332,0.01876813637490072,0.018968775955520257,0.01738968461318507,0.022179519879269256,0.01941566464813344,0.020086270284352663,0.016134301934868943,0.014058916575059569,0.01567978657982526,0.015809287701350278,0.01864027743288324,0.015570720781572678
MedEq,0.01557510204289118,0.010044016940428913,0.012219135847498015,0.010397475056393964,0.008616699132644956,0.01666095177760127,0.016048889779189838,0.0170867338903892,0.016345768902303416,0.016984945747418587,0.02234225145035742,0.026039224044479743,0.031686105550436855,0.019909829934868943,0.016626781985702936,0.01697287759809372,0.018518819361397935,0.02177377897378872,0.023432573890389198,0.021610101852263707,0.020107016349483715,0.02000038410802224,0.020964215123113587,0.01593335402065131,0.02198970147100874,0.015580382004765686,0.00906362122954726,0.02247856616997616,0.026343591256552817,0.02706730454646545,0.0078069662652899136,0.0179558864177919,0.017629403107227958,0.018418813343923743,0.021137876270055596,0.021979520940428907,0.020944202223987286,0.019187851081810963,0.01729743362668785,0.015766471370929312,0.01962649713741065,0.018088823021445596,0.01847916627164416,0.014688853242255759,0.012998843602859411,0.014263038131850677,0.015504817880857827,0.018026678805401115,0.015133451920571878
Drugs,0.02181991481175536,0.012396046093725181,0.01631339803653693,0.013798084069896743,0.009407322209690231,0.024155655855440824,0.023014675177124706,0.024086048683081812,0.022096879882446387,0.02131839452263701,0.031703563672756147,0.031686105550436855,0.0597330920587768,0.027886293059571084,0.022549177720413024,0.024281804721207306,0.026049378366957896,0.030547262583002395,0.03294839264654487,0.030096207845909457,0.028262683301032567,0.027669821571088164,0.0294180977680699,0.022135661523431285,0.030864586050833993,0.020766909607625093,0.015035977420174741,0.033857734131850684,0.03731827264336774,0.039095336454328826,0.008593367380460681,0.024817577633042095,0.025258483834789517,0.02530522372517871,0.030593930163621913,0.030809650632247818,0.029808176973788725,0.026497464819698176,0.023690797334392374,0.021493029621922153,0.027713209868149326,0.02532312372200159,0.025498853084988077,0.020775502127084986,0.017923341822081017,0.01892437609372518,0.02169973578872121,0.026023252393963466,0.02217859892930897
Chems,0.01830130718665608,0.013420927650516279,0.013366475145353456,0.012919121274027001,0.009127302718030183,0.020454559477362983,0.019531628346306593,0.02161750447339158,0.02059327355996823,0.020220375904686262,0.021101596937251783,0.019909829934868943,0.027886293059571084,0.03557731178872121,0.02130592131056394,0.021127883577442406,0.025315061003971403,0.029128811145353452,0.035987394600476556,0.030742636106433678,0.02967545254646544,0.025549288878474984,0.029601244408260518,0.021409970419380454,0.03199250752819698,0.01919689334074662,0.017466972845115173,0.03658702842891182,0.042902929466243044,0.04643130878157268,0.010490312861000793,0.022613314789515487,0.02268261174583002,0.022074632954725972,0.02491990318983319,0.023307826184273232,0.024969829888800636,0.022588261420174737,0.024030924800635428,0.02372191974106433,0.027272298700555992,0.024630617844320888,0.0220594137045274,0.01655154055440826,0.016713398517871333,0.017908600891183474,0.019754119664813347,0.02283902948689436,0.018385534115965052
Rubbr,0.015084321667990465,0.011941067069102461,0.012689522637013503,0.011204209388403491,0.00887142566322478,0.015928913494837167,0.014638468530579825,0.01684052868943606,0.016700678109610803,0.01639430671961874,0.01755718017474186,0.016626781985702936,0.022549177720413024,0.02130592131056394,0.02566373400317712,0.01751506764098491,0.01980758158856235,0.02333681134233519,0.025364172605242256,0.02423005915011914,0.021658938633836382,0.01895525660841938,0.022660438832406673,0.01683032887212073,0.02297097489277204,0.01512318708498808,0.009844294344718028,0.02356943914217633,0.0257667664257347,0.027614500095313736,0.00868870759332804,0.017495697188244636,0.01828229841143765,0.01741980297855441,0.01942464583002384,0.018174354066719613,0.019034575480540113,0.01754871698173153,0.018979315853852263,0.018340692637013503,0.02010943482128673,0.018724757164416204,0.01810642634630659,0.013839432732327241,0.01363562822081017,0.014502008824463859,0.015376959038919778,0.017754337394757746,0.014045034964257344
Txtls,0.016999015199364573,0.01161434549960286,0.013011390354249402,0.011401860721207305,0.00904271817633042,0.018028012346306594,0.016455215326449564,0.018307088025417,0.018211888216044476,0.02045107050675139,0.018694249410643366,0.01697287759809372,0.024281804721207306,0.021127883577442406,0.01751506764098491,0.03571254021286735,0.02082546323113582,0.02544265571405878,0.02441281545988879,0.02451022727243845,0.02199058404447974,0.020167888781572673,0.023902409023034154,0.017474667018268466,0.024749156581413818,0.017289431860206515,0.008175196397140589,0.022275604689436054,0.021901287351866555,0.025533745569499604,0.00824424157585385,0.019207940111199362,0.019278298821286736,0.018768166608419377,0.020765426808578236,0.020029958468625892,0.020952939825258136,0.018271642332009532,0.020204616114376493,0.018272161880857826,0.021215785677521838,0.01902407074821286,0.020986229204130263,0.01585350463542494,0.01511252099126291,0.015260125737887218,0.01729570228435266,0.018942519529785547,0.014918572314535349
BldMt,0.01674358187132645,0.012359798335186656,0.013011288590945193,0.011926985518665612,0.009467619669579031,0.019480121814138208,0.017685210052422556,0.0198993589706116,0.019396225086576648,0.01952526761556791,0.019090458243050036,0.018518819361397935,0.026049378366957896,0.025315061003971403,0.01980758158856235,0.02082546323113582,0.02807105455758539,0.028962411583796657,0.03161051568228753,0.028800498138204924,0.026486256038125492,0.023005421442414613,0.027026345909451945,0.02005485658141382,0.029287376835583794,0.018354248063542498,0.010310230551231137,0.030265613013502786,0.032862626049245426,0.03567083424305004,0.009489285864972198,0.02081910195393169,0.021487472864177917,0.020258033089753772,0.02270599783320095,0.021243969064336773,0.022512038840349486,0.020536506128673547,0.022135591015091338,0.020806057115170765,0.02463444508975377,0.02231630097855441,0.021580307027799842,0.016141531339158056,0.016000370792692613,0.01662317067831612,0.018234569337569496,0.020624599243844317,0.016398204848292294
Cnstr,0.019803544724384434,0.01463081330579825,0.015695194764098495,0.013796543783955516,0.010912557801429704,0.022819551955520247,0.020917277496425735,0.02352377495790309,0.023378924536934072,0.023545470297061163,0.02291033015409054,0.02177377897378872,0.030547262583002395,0.029128811145353452,0.02333681134233519,0.02544265571405878,0.028962411583796657,0.04438583475138999,0.03651327789674343,0.03317104991898332,0.030215536184273226,0.02645719536775218,0.03195126757744242,0.023117023294678313,0.033817754351072274,0.02083122342811755,0.013370689397934864,0.034874092670373315,0.0410459391644162,0.041822393054805396,0.01152988863542494,0.02436030042891184,0.02617094154725973,0.023699092422557584,0.026582133420174736,0.0251851050166799,0.02633253575853853,0.024058338433677523,0.025847182989674346,0.02434224999523431,0.029084133521842737,0.026120921696584594,0.026325458954725975,0.0197523984177919,0.0186101210675139,0.019780296578236697,0.022828281118347896,0.024164694888006356,0.019303641772835584
Steel,0.021509047996822878,0.014569056895949164,0.016090830919777598,0.013953312219221602,0.01072429552184273,0.025530368897537726,0.022040157941223187,0.026177853988880062,0.024967577833200954,0.025391417270849877,0.02470858753296266,0.023432573890389198,0.03294839264654487,0.035987394600476556,0.025364172605242256,0.02441281545988879,0.03161051568228753,0.03651327789674343,0.06300806838919777,0.041526702333598085,0.03725659332486099,0.030376705415409055,0.036309320135027794,0.025842949625099282,0.040744672150913416,0.02350096882922954,0.030696444838760918,0.05081747767434472,0.06531457459729946,0.059758432689436064,0.011990256085782367,0.027255444733915807,0.02837261527243845,0.026334762247815724,0.03002967701032565,0.02698708770929309,0.029286349872915014,0.026835671809372515,0.029206111996822874,0.027838898216044475,0.033752042306592525,0.031165635111993637,0.027758336325655282,0.019967023810961076,0.021165029351866562,0.021395912392374903,0.023482214073073864,0.028034792759332804,0.021298867396346302
FabPr,0.01921557643526608,0.013763812905480542,0.012666512209690232,0.012673437105639397,0.009008189545671168,0.02251465507386815,0.01878299811914217,0.02342055821127879,0.02277561613026211,0.022188620727561555,0.021659496343129466,0.021610101852263707,0.030096207845909457,0.030742636106433678,0.02423005915011914,0.02451022727243845,0.028800498138204924,0.03317104991898332,0.041526702333598085,0.08352455124861,0.03303101449086576,0.027668446339952343,0.033305812684670366,0.023602294235107228,0.03499420932644955,0.020252498589356634,0.01788052046703733,0.03850071225416997,0.04417313429864971,0.047815057413820486,0.011514959768069896,0.02364466961080222,0.025411268984908655,0.02393571643367752,0.026413812965845905,0.024209232243050036,0.026580123280381257,0.02389537778554408,0.026751600695790308,0.02282110052899126,0.027865684555996823,0.026508593911040507,0.02459934372200159,0.018538823830023827,0.01976389784432089,0.01952279068943606,0.020889531137410645,0.024306244381254963,0.01915702134074663
Mach ,0.018904345849086575,0.013132716390786338,0.013696700797458296,0.012585201455123112,0.00999760720889595,0.021013069639396347,0.019343544419380455,0.021867052403494836,0.021062970243050035,0.021524356022239875,0.02102905292454328,0.020107016349483715,0.028262683301032567,0.02967545254646544,0.021658938633836382,0.02199058404447974,0.026486256038125492,0.030215536184273226,0.03725659332486099,0.03303101449086576,0.03303546142017473,0.026027416079428118,0.030475708069896745,0.022608624752978552,0.03397235959015091,0.019900308695790313,0.015426458821286735,0.03644814469896744,0.04154772978872119,0.04651146866401906,0.010126640616362191,0.022954549896743445,0.023371785436060367,0.022554133105639394,0.02601028588403495,0.023885530570293887,0.025982940381254965,0.023704955857029385,0.0241020057760127,0.023294553941223185,0.02830462318665608,0.025204743564733914,0.022868415736298647,0.017359931123113584,0.017615118452740268,0.018295362729150118,0.019744689788721206,0.02340062312311359,0.018016104095313738
ElcEq,0.01795728931850675,0.012342351714058777,0.014313246760921362,0.012681580330420966,0.008878813342335186,0.019332563604447968,0.01779775112946783,0.02017478191262907,0.019227822516282758,0.019001288050833995,0.02019573577124702,0.02000038410802224,0.027669821571088164,0.025549288878474984,0.01895525660841938,0.020167888781572673,0.023005421442414613,0.02645719536775218,0.030376705415409055,0.027668446339952343,0.026027416079428118,0.03422402079586974,0.026667403820492458,0.01921679072438443,0.027960398746624305,0.017877918668784746,0.011844456320889592,0.03010532439078633,0.0343137627339158,0.036658874061953936,0.009329627186656076,0.020643943510722795,0.020128701995234314,0.020176087744241462,0.02278817280698967,0.02188287821604448,0.023527455766481332,0.020765694767275612,0.021676365874503573,0.019998667455123114,0.023820282490865763,0.021889718517871328,0.020982959575853853,0.01594306637172359,0.015223213936457506,0.016062374136616365,0.01821949615726767,0.020599858328832408,0.017407344041302623
Autos,0.019733767863383638,0.014150500270055598,0.014391299380460684,0.012749784447974581,0.01026922253375695,0.02170083138204924,0.02004801884034949,0.023379928784749805,0.022472763097696587,0.022994046957903098,0.022577223288324063,0.020964215123113587,0.0294180977680699,0.029601244408260518,0.022660438832406673,0.023902409023034154,0.027026345909451945,0.03195126757744242,0.036309320135027794,0.033305812684670366,0.030475708069896745,0.026667403820492458,0.038977389221604444,0.02253718944400318,0.034235877688641767,0.020090926179507543,0.014247590897537729,0.03390046198570294,0.03757264405877679,0.0408885287847498,0.009942412660841938,0.023599948689436063,0.02470795362986497,0.023402169507545673,0.026576585528196976,0.024526195448768856,0.026260105281969814,0.023471365210484513,0.02637030467037331,0.024297504948371722,0.02925558814932486,0.025458789173947578,0.02500166909451946,0.018910939181890386,0.01821953530579825,0.01901705325655282,0.02092522339158062,0.02440385027799841,0.018196184416203336
Aero ,0.01424270352025417,0.010633406837172357,0.011801875037331216,0.010650845779189833,0.008383797186656074,0.0165536931517077,0.014934800374900713,0.017064586074662432,0.01644613196822875,0.017012074738681493,0.01636739712152502,0.01593335402065131,0.022135661523431285,0.021409970419380454,0.01683032887212073,0.017474667018268466,0.02005485658141382,0.023117023294678313,0.025842949625099282,0.023602294235107228,0.022608624752978552,0.01921679072438443,0.02253718944400318,0.027355785815726764,0.024525693504368548,0.017498745737887213,0.006652049934868945,0.023211256622716444,0.026669050501985706,0.027826717556791107,0.008645221722001589,0.018143520190627482,0.01880629074821286,0.017801647982525818,0.02004647485623511,0.019026571734710087,0.019742271509134237,0.01813232507704527,0.018887428146147734,0.01834556589833201,0.02161031740746624,0.018919048414614774,0.017818056748212865,0.013980345656870527,0.014033428376489278,0.015306458918189042,0.015648589898332003,0.01832921451628276,0.01424397743288324
Ships,0.021773171478951546,0.014195621197776013,0.012859692892772043,0.014568477042096899,0.010782511197776012,0.02360383149960285,0.021955655021445586,0.025080591221604446,0.023752987980937255,0.02527855531056394,0.023924429146942018,0.02198970147100874,0.030864586050833993,0.03199250752819698,0.02297097489277204,0.024749156581413818,0.029287376835583794,0.033817754351072274,0.040744672150913416,0.03499420932644955,0.03397235959015091,0.027960398746624305,0.034235877688641767,0.024525693504368548,0.059281373869737884,0.023700252679904683,0.01665940596346306,0.0396542036282764,0.0485182183335981,0.0513493196536934,0.011696289362986497,0.025346998379666395,0.02797225205083399,0.02463995325655282,0.027697295825258136,0.025850550686258935,0.027227411731532963,0.024469222646544875,0.027196927367752186,0.024707074921366156,0.03306619756632247,0.028103464983320097,0.02699256643844321,0.019492684640190626,0.02004015477839555,0.02074032066560762,0.021184859683876095,0.025820094389197776,0.020310634462271646
Guns ,0.014137632965845909,0.011770839091342338,0.012258491138999206,0.010702186776806986,0.010220897534551228,0.01709178951231136,0.013901445515488484,0.015918230449563146,0.016609247097696584,0.017896723837966637,0.016288920247815725,0.015580382004765686,0.020766909607625093,0.01919689334074662,0.01512318708498808,0.017289431860206515,0.018354248063542498,0.02083122342811755,0.02350096882922954,0.020252498589356634,0.019900308695790313,0.017877918668784746,0.020090926179507543,0.017498745737887213,0.023700252679904683,0.03783349560603654,0.010416342760921364,0.02084201554884829,0.025900277620333593,0.02433621369976172,0.00839216093407466,0.017414545067513897,0.017348800177918983,0.016616589436060373,0.018868173318506754,0.017712670808578232,0.018642400111199362,0.016996966055599683,0.017806206443208898,0.016756838833995234,0.019178717070691024,0.017250670363780776,0.018425708444797455,0.01339068515011914,0.012115674703733122,0.013825420044479744,0.013077341798252581,0.01631364742811756,0.012993988733915803
Gold ,0.012970598290706908,0.007280252447974582,0.005378162675139,0.007226460034948372,0.0077236620587768055,0.01209632846068308,0.008467478957903098,0.00995703722954726,0.009005682694201747,0.004986090217633041,0.00950921758856235,0.00906362122954726,0.015035977420174741,0.017466972845115173,0.009844294344718028,0.008175196397140589,0.010310230551231137,0.013370689397934864,0.030696444838760918,0.01788052046703733,0.015426458821286735,0.011844456320889592,0.014247590897537729,0.006652049934868945,0.01665940596346306,0.010416342760921364,0.18278465289277201,0.0501720378014297,0.05874951284193802,0.04410245056076251,0.010826187158061953,0.012524116346306591,0.008014049188244636,0.008091856632247816,0.011095923666401903,0.009525687717235902,0.01093025679110405,0.010214020308181094,0.008876895745830022,0.01199740441938046,0.010902014888006354,0.013452130735504367,0.006685756222398728,0.003355571173947576,0.000959288486100079,0.0018630385480540097,0.008507381817315328,0.008819019653693408,0.00991982452104845
Mines,0.021611518894360603,0.013306129429706116,0.01240323911675933,0.012788799288324064,0.010197872654487686,0.02367085559332803,0.02250169709928514,0.02434132456870532,0.02279097565687053,0.02241819042414615,0.023685132695790305,0.02247856616997616,0.033857734131850684,0.03658702842891182,0.02356943914217633,0.022275604689436054,0.030265613013502786,0.034874092670373315,0.05081747767434472,0.03850071225416997,0.03644814469896744,0.03010532439078633,0.03390046198570294,0.023211256622716444,0.0396542036282764,0.02084201554884829,0.0501720378014297,0.08099438903256553,0.07254039587609214,0.07273967654964256,0.011561226014297063,0.026458296362192213,0.025320294366957898,0.024603653280381253,0.02953094218903891,0.027174299647339157,0.02799559968228753,0.02513005271485306,0.02551017914535346,0.026233674586179503,0.03313280256076251,0.0296691540714853,0.024230286786338366,0.0181052607212073,0.01755353301350278,0.017536328158856234,0.021653738687847496,0.025901002846703734,0.021579571177124703
Coal ,0.02390555931056394,0.013755290808578237,0.01295816501350278,0.013068760187450356,0.011418694978554406,0.028730873580619536,0.02303213911993646,0.025818451301032566,0.024780724152501984,0.02960211712152502,0.026905049480540108,0.026343591256552817,0.03731827264336774,0.042902929466243044,0.0257667664257347,0.021901287351866555,0.032862626049245426,0.0410459391644162,0.06531457459729946,0.04417313429864971,0.04154772978872119,0.0343137627339158,0.03757264405877679,0.026669050501985706,0.0485182183335981,0.025900277620333593,0.05874951284193802,0.07254039587609214,0.2288559963320095,0.0959807614964257,0.014344177845909445,0.030365873899920574,0.028861746125496426,0.02681243454328832,0.03331412874027006,0.029063057485305792,0.03268857892772042,0.028101828238284346,0.028630419822081008,0.02779230559650516,0.03606087067196187,0.034944510749801434,0.028982795652104848,0.01952944970770453,0.019505472411437647,0.01967396433518666,0.025497776141382048,0.02889023113264496,0.02420213473232725
Oil  ,0.02664166130579825,0.015608798074662431,0.012786875698173149,0.016294163774424147,0.011322410576648132,0.02736292720889595,0.02661163661953931,0.029983114961080224,0.026928763888800635,0.02986314531532962,0.02896759573629865,0.02706730454646545,0.039095336454328826,0.04643130878157268,0.027614500095313736,0.025533745569499604,0.03567083424305004,0.041822393054805396,0.059758432689436064,0.047815057413820486,0.04651146866401906,0.036658874061953936,0.0408885287847498,0.027826717556791107,0.0513493196536934,0.02433621369976172,0.04410245056076251,0.07273967654964256,0.0959807614964257,0.133674487694996,0.016498999536139796,0.03322935164416203,0.031375405579030964,0.029292409992057192,0.034696555304209675,0.03166009695631452,0.03299095826846704,0.029921087580619538,0.02990618464813344,0.030088838770452736,0.041001534290706916,0.03742389298490864,0.029991942662430503,0.02066091939952343,0.02127082329785544,0.022042482125496424,0.027153271869737886,0.03177193108181095,0.027448625111993648
Util ,0.008594213922160443,0.009889597451945991,0.008451260403494837,0.008754188994440032,0.009933146665607621,0.00820671346465449,0.007360954859412231,0.009062679993645748,0.008634828174741857,0.007766707151707702,0.008062090789515487,0.0078069662652899136,0.008593367380460681,0.010490312861000793,0.00868870759332804,0.00824424157585385,0.009489285864972198,0.01152988863542494,0.011990256085782367,0.011514959768069896,0.010126640616362191,0.009329627186656076,0.009942412660841938,0.008645221722001589,0.011696289362986497,0.00839216093407466,0.010826187158061953,0.011561226014297063,0.014344177845909445,0.016498999536139796,0.017898690637013503,0.010085540111199366,0.01003362097537728,0.008705539396346306,0.00859525233995234,0.008585272784749801,0.008533109817315329,0.008768243151707706,0.009891392616362191,0.01083820251310564,0.009946183148530583,0.009552198789515489,0.008691728263701352,0.0077014349388403475,0.005673336174741859,0.008383295736298648,0.008663817782366958,0.007795632393963465,0.008681793289912629
Telcm,0.016746787386814933,0.013213055980937251,0.0145626570929309,0.012433537029388401,0.011037571691818904,0.018231125146942015,0.01773373782366958,0.019661771151707707,0.018196893121525018,0.018047286671961874,0.019091481683876088,0.0179558864177919,0.024817577633042095,0.022613314789515487,0.017495697188244636,0.019207940111199362,0.02081910195393169,0.02436030042891184,0.027255444733915807,0.02364466961080222,0.022954549896743445,0.020643943510722795,0.023599948689436063,0.018143520190627482,0.025346998379666395,0.017414545067513897,0.012524116346306591,0.026458296362192213,0.030365873899920574,0.03322935164416203,0.010085540111199366,0.02727586465448769,0.01911822147736298,0.019374670436854643,0.022189102398729153,0.02146909239078634,0.021559625671167586,0.018732503351866565,0.02010032435266084,0.018351107799841143,0.022014977061159652,0.020650724034948373,0.020449491755361402,0.01570681372517871,0.01463848355837967,0.015754779507545672,0.017080609181890385,0.01946466443208896,0.016027762446386016
PerSv,0.01755450080381255,0.012064348759332806,0.013215129366163623,0.011866612943606039,0.008669592301826847,0.01816248046703733,0.017035771399523426,0.019693793270849882,0.018022072540111195,0.01946389154567117,0.01956578676409849,0.017629403107227958,0.025258483834789517,0.02268261174583002,0.01828229841143765,0.019278298821286736,0.021487472864177917,0.02617094154725973,0.02837261527243845,0.025411268984908655,0.023371785436060367,0.020128701995234314,0.02470795362986497,0.01880629074821286,0.02797225205083399,0.017348800177918983,0.008014049188244636,0.025320294366957898,0.028861746125496426,0.031375405579030964,0.01003362097537728,0.01911822147736298,0.03267736774583003,0.01970638308181096,0.021786556428911828,0.020325144657664815,0.021092601096108023,0.019211262805401114,0.020302199218427325,0.01893305791580619,0.024422108606830813,0.020814388120730738,0.02126133934551231,0.016223380787926924,0.01555404006036537,0.01664448068943606,0.016705815291501197,0.019760850942017474,0.014924897734710086
BusSv,0.01589384525814138,0.01172571593328038,0.013209984590945193,0.011454705083399522,0.00884393339952343,0.017584989841143765,0.016680268117553614,0.01852356710087371,0.01724538019062748,0.01791606490865767,0.019511173629864965,0.018418813343923743,0.02530522372517871,0.022074632954725972,0.01741980297855441,0.018768166608419377,0.020258033089753772,0.023699092422557584,0.026334762247815724,0.02393571643367752,0.022554133105639394,0.020176087744241462,0.023402169507545673,0.017801647982525818,0.02463995325655282,0.016616589436060373,0.008091856632247816,0.024603653280381253,0.02681243454328832,0.029292409992057192,0.008705539396346306,0.019374670436854643,0.01970638308181096,0.02176354172359015,0.021580401636219222,0.02149467590945195,0.021282493320095318,0.019156114694201747,0.01952156087370929,0.01800118296266878,0.022257380873709296,0.019675945853852263,0.019574114511517075,0.015397138117553612,0.014674465138999204,0.01578525772041303,0.01615523249404289,0.019184066544876886,0.015478703018268467
Hardw,0.017342480050834004,0.012332195501191419,0.014181365674344715,0.011867426014297059,0.009441074405083398,0.02070878614455917,0.0191579589070691,0.020623936470214457,0.019692022633836372,0.020091261756949957,0.02113770582366958,0.021137876270055596,0.030593930163621913,0.02491990318983319,0.01942464583002384,0.020765426808578236,0.02270599783320095,0.026582133420174736,0.03002967701032565,0.026413812965845905,0.02601028588403495,0.02278817280698967,0.026576585528196976,0.02004647485623511,0.027697295825258136,0.018868173318506754,0.011095923666401903,0.02953094218903891,0.03331412874027006,0.034696555304209675,0.00859525233995234,0.022189102398729153,0.021786556428911828,0.021580401636219222,0.03420035215885624,0.02586559871961874,0.02673648888006355,0.022778942926131855,0.02145214337728355,0.019546441693407465,0.024563935720413023,0.021962576861000796,0.021366845347100875,0.016919155078633837,0.015537510668784749,0.01629775844003177,0.018829870185861793,0.02198199433836378,0.01724329831294678
Softw,0.01682602758061954,0.011634422888006353,0.013619902799046861,0.012301581455123113,0.009280750584590944,0.019537476033359806,0.019472224165210484,0.019793823698173153,0.01847517620015886,0.01929087904050834,0.021811318913423354,0.021979520940428907,0.030809650632247818,0.023307826184273232,0.018174354066719613,0.020029958468625892,0.021243969064336773,0.0251851050166799,0.02698708770929309,0.024209232243050036,0.023885530570293887,0.02188287821604448,0.024526195448768856,0.019026571734710087,0.025850550686258935,0.017712670808578232,0.009525687717235902,0.027174299647339157,0.029063057485305792,0.03166009695631452,0.008585272784749801,0.02146909239078634,0.020325144657664815,0.02149467590945195,0.02586559871961874,0.028967793898332005,0.024744032525814134,0.021742425150119142,0.01995209033518666,0.018493259509134226,0.022609886125496418,0.02083477488324067,0.020430390295472594,0.01671072671485306,0.014718173266084196,0.016041308773629862,0.017889900996028593,0.020901186633836378,0.016830903126290705
Chips,0.017787545369340747,0.011960083590150914,0.013751873200953137,0.011857859301032565,0.00975872057982526,0.020923290285941223,0.018661074503574262,0.02025924052422557,0.019073710611596514,0.018954071707704526,0.02112049791898332,0.020944202223987286,0.029808176973788725,0.024969829888800636,0.019034575480540113,0.020952939825258136,0.022512038840349486,0.02633253575853853,0.029286349872915014,0.026580123280381257,0.025982940381254965,0.023527455766481332,0.026260105281969814,0.019742271509134237,0.027227411731532963,0.018642400111199362,0.01093025679110405,0.02799559968228753,0.03268857892772042,0.03299095826846704,0.008533109817315329,0.021559625671167586,0.021092601096108023,0.021282493320095318,0.02673648888006355,0.024744032525814134,0.029350652700555997,0.023475881366163614,0.021231545051628276,0.019596928077839557,0.02402147447180301,0.021431382851469415,0.02074142461477363,0.016286824106433676,0.015252852446386023,0.0161992785782367,0.01810655752978554,0.021477726751389994,0.016700882779984116
LabEq,0.015447283520254167,0.011106552381254966,0.012382001042096902,0.011386823046862586,0.009376593969817316,0.01733222053057982,0.01665128135980937,0.017529153969817315,0.01718350678951549,0.01730392573153296,0.01876813637490072,0.019187851081810963,0.026497464819698176,0.022588261420174737,0.01754871698173153,0.018271642332009532,0.020536506128673547,0.024058338433677523,0.026835671809372515,0.02389537778554408,0.023704955857029385,0.020765694767275612,0.023471365210484513,0.01813232507704527,0.024469222646544875,0.016996966055599683,0.010214020308181094,0.02513005271485306,0.028101828238284346,0.029921087580619538,0.008768243151707706,0.018732503351866565,0.019211262805401114,0.019156114694201747,0.022778942926131855,0.021742425150119142,0.023475881366163614,0.02537041101826846,0.01966342091818904,0.018488431815726767,0.022047327193010325,0.019430772791104053,0.018273482363780777,0.014637510271644156,0.013736681156473389,0.015234272921366164,0.01603873864336775,0.0190517546115965,0.015165440864177922
Paper,0.01640255826528991,0.013017205992057187,0.013787740060365367,0.012454803945988878,0.009949703227958696,0.017980357525019856,0.01686112392057188,0.019904686627482127,0.018960835729944406,0.018666537988880065,0.018968775955520257,0.01729743362668785,0.023690797334392374,0.024030924800635428,0.018979315853852263,0.020204616114376493,0.022135591015091338,0.025847182989674346,0.029206111996822874,0.026751600695790308,0.0241020057760127,0.021676365874503573,0.02637030467037331,0.018887428146147734,0.027196927367752186,0.017806206443208898,0.008876895745830022,0.02551017914535346,0.028630419822081008,0.02990618464813344,0.009891392616362191,0.02010032435266084,0.020302199218427325,0.01952156087370929,0.02145214337728355,0.01995209033518666,0.021231545051628276,0.01966342091818904,0.030117081817315327,0.021901754621127874,0.02316455765528197,0.021214853575853853,0.021029409807783957,0.015924770640190624,0.015664491841143765,0.016916503100873708,0.017757116597299446,0.019380022532168382,0.015501141559968231
