,Agric,Food ,Soda ,Beer ,Smoke,Toys ,Fun  ,Books,Hshld,Clths,Hlth ,MedEq,Drugs,Chems,Rubbr,Txtls,BldMt,Cnstr,Steel,FabPr,Mach ,ElcEq,Autos,Aero ,Ships,Guns ,Gold ,Mines,Coal ,Oil  ,Util ,Telcm,PerSv,BusSv,Hardw,Softw,Chips,LabEq,Paper,Boxes,Trans,Whlsl,Rtail,Meals,Banks,Insur,RlEst,Fin  ,Other
Agric,0.04221337381890389,0.011615669013502777,0.011013717866560763,0.009941235111993648,0.00917577595393169,0.014501397100873711,0.013703974649722003,0.016042513070691024,0.014899485146942018,0.014200057145353457,0.01677840412390786,0.015418184281175534,0.021712208255758536,0.018387211458300235,0.015079215493248609,0.01726789756155679,0.01670682698014297,0.01968560290548054,0.021588181096108015,0.019389177223193003,0.018858569845909456,0.01783849546942017,0.019860255345512313,0.01415633914058777,0.02167368680698967,0.014191570042891184,0.012728019007148527,0.02171134033518666,0.02403530120730739,0.02687305445591739,0.008329324470214455,0.016561951593328038,0.017582455621922156,0.015849529966640193,0.01738784679428117,0.0166813564177919,0.01775819762986497,0.015321033189833204,0.016366686791104056,0.015907628211278793,0.019702052142970612,0.017147583718824463,0.01732339684670373,0.013821360969023032,0.012018808216044476,0.013079374282764095,0.013602700324066718,0.01652290894837172,0.012894914746624306
Food ,0.011615669013502777,0.018223605121525023,0.012631821369340745,0.01042414644638602,0.011451274484511513,0.010844995138999206,0.009655892092136615,0.012336883920571882,0.012574680476568708,0.011443784540111199,0.010678701788721203,0.010023484003177123,0.012374529455123113,0.01350764195075457,0.012006535739475776,0.01175205760127085,0.012489341833200954,0.014737343104050836,0.014654343860206517,0.013773429407466243,0.013191423841143766,0.01237996897220016,0.014247848673550433,0.010721200832406673,0.014300900206513104,0.01170811912946783,0.007628180969023035,0.013212429540905476,0.013710822462271642,0.015809579571088164,0.009953481531374105,0.01321292776489277,0.012147638354249403,0.011732775955520254,0.012390631091342334,0.011588423447180302,0.011980271752184272,0.011109872101667992,0.01308557366163622,0.012906255574265293,0.012845732683081812,0.012616308714853057,0.01324544168387609,0.010281782430500397,0.008442717254964257,0.010405772606830815,0.01081477738522637,0.011299028225575856,0.009443620250992851
Soda ,0.011013717866560763,0.012631821369340745,0.06347671150277998,0.012809987528196981,0.011938775264495632,0.01300841141382049,0.01232867740428912,0.013469940387609214,0.013666781731532964,0.010628511706115966,0.011727386414614774,0.012377097656870534,0.016443638428911833,0.013725170959491658,0.012832976583002385,0.012906607029388402,0.013306064165210487,0.015907507461477365,0.016463932422557587,0.013128760644956316,0.014025975590150916,0.01463692907704527,0.014716391294678314,0.012059356643367753,0.013215600055599684,0.012385289540905479,0.005018344265289913,0.012433893475774421,0.012982743050039713,0.01318379764892772,0.008458817795075456,0.01474288029229547,0.013404783863383639,0.013416120702144558,0.014446970057188242,0.013764168316123907,0.013995801690230339,0.012599043810961079,0.014027730047656872,0.0130469985655282,0.014044978605242254,0.012886536922954727,0.013039287950754567,0.012387190420969018,0.010212204664019063,0.011179539814138205,0.013047497922160442,0.013174307814138201,0.011003022651310566
Beer ,0.009941235111993648,0.01042414644638602,0.012809987528196981,0.027210099588562343,0.009841012884829227,0.010647454861000794,0.01015497072915012,0.011545995402700555,0.011641936489277204,0.012009100589356631,0.011082919510722797,0.010449174781572675,0.013843797440826052,0.013157355045274028,0.011338969596505159,0.011843649078633835,0.012118333610802222,0.014010370441620332,0.014252945003971406,0.012757383278792693,0.012769072670373312,0.012895857007148532,0.012968354630659254,0.010788661243844321,0.014810559340746621,0.010847147504368545,0.007412308570293883,0.012902695563145354,0.013282961318506753,0.016752949420174742,0.008834115517077043,0.012469055847498012,0.012039268432088959,0.011555514786338362,0.01202792455758538,0.012352636608419381,0.012004226363780776,0.011449661447180301,0.01270485114376489,0.012083939099285144,0.013039618789515487,0.011841924109610798,0.012395293177124702,0.010007248689436062,0.008767662691024622,0.010376232290706909,0.01058535481810961,0.011621686975377282,0.009550318889594915
Smoke,0.00917577595393169,0.011451274484511513,0.011938775264495632,0.009841012884829227,0.034897058953137404,0.010467033447180306,0.007944685359809371,0.009493437690230344,0.009765446862589358,0.00857803917553614,0.007082129073868148,0.008685878260524225,0.009502734374900715,0.0092473745528197,0.00894806157426529,0.009165556370135029,0.009576818789515489,0.010922531331215249,0.0108383962827641,0.009173627536139796,0.01013152429864972,0.009014142948371724,0.010343982271644158,0.008444865056393963,0.010580357307386816,0.010127078338363779,0.00808891336775218,0.010280291782366955,0.011179647164416207,0.011525124956314537,0.009958119774424146,0.010992882789515488,0.008668163269261316,0.008878174929308973,0.009475704351072277,0.009209021834789517,0.009851346840349483,0.009465120827640982,0.010080576100079426,0.010263079591739475,0.010040126494042893,0.009760743362986496,0.0091478190548054,0.008268493328038123,0.0063842659316918175,0.008415242870532169,0.008628704714853058,0.008762808881652104,0.007962945577442414
Toys ,0.014501397100873711,0.010844995138999206,0.01300841141382049,0.010647454861000794,0.010467033447180306,0.0419610825019857,0.016431826354249408,0.017309853868149323,0.017642628530579824,0.018299209126290707,0.017722267736298643,0.017013814082605244,0.024339152732327236,0.0208228368943606,0.016137384281175535,0.018393246981731528,0.01971290338363781,0.0230091478395552,0.025721094900714843,0.023073659872915007,0.021254218983320094,0.019690325575853852,0.022125048228752976,0.01665674135822081,0.023821832827640985,0.01732927416997617,0.011834371191421764,0.023756877720413017,0.028872745877680694,0.02774205528196981,0.008148010341540907,0.01822693226370135,0.01848326403494837,0.017798621779189828,0.021043679277204127,0.019881741548848295,0.021165802478157268,0.017545855893566324,0.018260508967434468,0.01696645060365369,0.020580678093725175,0.018617411334392375,0.019858578610007945,0.015029749150119141,0.013013644511517073,0.013654242756155677,0.01684199410643367,0.017622500611596505,0.014141699515488482
Fun  ,0.013703974649722003,0.009655892092136615,0.01232867740428912,0.01015497072915012,0.007944685359809371,0.016431826354249408,0.023006473766481333,0.016948635939634627,0.015208795393169185,0.01562990540746624,0.01668219807466243,0.016252137458300234,0.023224586189038922,0.019687428076250985,0.014722447901509134,0.016749792295472594,0.017835029788721205,0.02102304480063542,0.022136224622716444,0.01898809632406672,0.019473447853852258,0.01794747015726767,0.020193927307386818,0.014992697540905483,0.022023857267672753,0.013839455148530577,0.008210914646544876,0.022534519933280383,0.023157714853057978,0.02694079126290707,0.007288545912629072,0.0177499312533757,0.01720035372835584,0.016822101687053215,0.019355281026211278,0.019668274868943608,0.01877702208737093,0.01670044084829229,0.01704032764098491,0.01568945744559174,0.018913833982525812,0.017261810036536936,0.017510602494042897,0.014611978490865764,0.012386595291501193,0.013210156787926928,0.014808924149324863,0.01656410820333598,0.013673110681493248
Books,0.016042513070691024,0.012336883920571882,0.013469940387609214,0.011545995402700555,0.009493437690230344,0.017309853868149323,0.016948635939634627,0.028723865283558386,0.01798460918189039,0.018320235752184267,0.01831008074980143,0.01734271080222399,0.024303911729944394,0.021945998992851466,0.01705278463224781,0.018437345051628275,0.02016744992533757,0.023789518948371727,0.026382739444003177,0.023721386122319298,0.022110462932486103,0.020516791701350272,0.023670903955520253,0.017188036597299443,0.025212378888006357,0.01605221767116759,0.009979381334392376,0.02454258081334392,0.02605031170770453,0.030651809563145355,0.009042005604447975,0.019838242662430505,0.019830955469420174,0.018682576692613178,0.02097585126926132,0.020079897934868942,0.020501473766481336,0.0176545746878475,0.020164516870532168,0.017782444031771247,0.021937166462271646,0.020075484673550435,0.02063068732327244,0.015619963526608415,0.015078157432883247,0.01543748111517077,0.016775195787132647,0.018582769572676724,0.014800109143764888
Hshld,0.014899485146942018,0.012574680476568708,0.013666781731532964,0.011641936489277204,0.009765446862589358,0.017642628530579824,0.015208795393169185,0.01798460918189039,0.023350101667990467,0.018886511135822077,0.017348251723590148,0.016472100969023035,0.022267994567116763,0.02089708965845909,0.01682291876092137,0.018525656521048452,0.01967679971405878,0.02360484889594917,0.025281795297855437,0.02304896924543288,0.02130379564733916,0.019489976902303415,0.022820950627482132,0.016603593804606832,0.02399278392374901,0.016740756822875298,0.009147600095313737,0.022964461350278003,0.024985489181890384,0.027618893121525014,0.008628389833200953,0.01832298246227164,0.01820899208895949,0.017360322859412233,0.019947328196981733,0.018543447275615566,0.019266953010325657,0.01729096644956314,0.01917737728355838,0.01780610401906275,0.020769679078633828,0.018847939857029386,0.021073483367752183,0.015331809467831605,0.013568253375694997,0.014621850516282765,0.015711222494042897,0.017653088959491654,0.014079844892772043
Clths,0.014200057145353457,0.011443784540111199,0.010628511706115966,0.012009100589356631,0.00857803917553614,0.018299209126290707,0.01562990540746624,0.018320235752184267,0.018886511135822077,0.04323928643526609,0.01785677771564734,0.01710849854646545,0.021474229895154885,0.02056746575218427,0.016531365069102463,0.020840285027799842,0.01981411029070691,0.023824711490071485,0.025735845655281975,0.022764305121525025,0.02175495991421764,0.019308571129467832,0.023409419666401907,0.017196576525814133,0.025566343280381255,0.018056428806989676,0.005104894098490865,0.02252674885941223,0.029825721636219223,0.030585709737887205,0.007782925429706115,0.018161629604447973,0.01967704581096108,0.018095170671961872,0.02040386983161239,0.019394335083399522,0.019192757324861,0.017470210406671967,0.018920869205718827,0.017726313793486895,0.022308137677521846,0.019285430972200156,0.02638347514694201,0.016821260571882445,0.014102836447974583,0.014911488287529782,0.01620264511199365,0.017896797078633835,0.013926626991262906
Hlth ,0.01677840412390786,0.010678701788721203,0.011727386414614774,0.011082919510722797,0.007082129073868148,0.017722267736298643,0.01668219807466243,0.01831008074980143,0.017348251723590148,0.01785677771564734,0.03474320061000794,0.022565700301826842,0.03198674546147736,0.02125351493566322,0.017656473569499603,0.01901782055599682,0.019213624457505952,0.02301016012073074,0.024928169213661634,0.021777600108022238,0.021186742290706915,0.020376356778395548,0.022804646830818107,0.01639377133598094,0.024117244416203335,0.016232744667196184,0.009411440635424938,0.023804268378077836,0.02716541242255758,0.029316279968228755,0.008007192876886417,0.019195621718824465,0.01970219980301827,0.01964034417156473,0.02133652347577442,0.02196283478951548,0.021204597223193008,0.018835055173947575,0.019107699698173157,0.017564319612390786,0.022356596880063546,0.01966152979189833,0.020370552057188247,0.016256975440826053,0.014130635024622713,0.01572698955361398,0.015910966792692615,0.01868907642891183,0.015595370376489275
MedEq,0.015418184281175534,0.010023484003177123,0.012377097656870534,0.010449174781572675,0.008685878260524225,0.017013814082605244,0.016252137458300234,0.01734271080222399,0.016472100969023035,0.01710849854646545,0.022565700301826842,0.0263860585146942,0.03186696218427323,0.02014038226370135,0.01677452780778395,0.01721446186656076,0.018715460905480534,0.021889298069896743,0.02359817461477363,0.021958503113582207,0.020332694757744244,0.020196185051628276,0.021176766767275618,0.016024479420174743,0.02214620968228753,0.015647422795869736,0.008696368856235107,0.022560518943606042,0.026461411262907072,0.027397333407466234,0.0076779901667990485,0.01801099316918189,0.017742137267672754,0.01859756042891184,0.021330661183478955,0.022203216703733118,0.021101223224781574,0.019282664169976173,0.01745545675138999,0.01599891400317712,0.019802301477362984,0.01833453125496426,0.018658137450357423,0.014862420063542495,0.01307939640984909,0.014323588125496426,0.015601257966640188,0.018130893955520252,0.015155361294678316
Drugs,0.021712208255758536,0.012374529455123113,0.016443638428911833,0.013843797440826052,0.009502734374900715,0.024339152732327236,0.023224586189038922,0.024303911729944394,0.022267994567116763,0.021474229895154885,0.03198674546147736,0.03186696218427323,0.059779571359809366,0.02812853019698173,0.022656307162827637,0.024440283884034943,0.026245876238284345,0.03069917020969024,0.03326139860206512,0.030446831907863386,0.028486494573471008,0.027900451682287535,0.02972516873709293,0.02221196121842732,0.030963755798252574,0.020700967761715646,0.014738094066719614,0.033916918733915814,0.03756919582208102,0.039699920095313736,0.008465175126290707,0.024961312921366163,0.02538098526131851,0.025452671043685468,0.030795376030182686,0.030882971906274818,0.029825471586973785,0.026529427289912637,0.023913998864177922,0.021809646476568707,0.027961119542494042,0.025624520910246227,0.02581444382049245,0.020968592962668783,0.018033821534551228,0.018942335143764887,0.021817218208101667,0.02609015477204131,0.022203915010325655
Chems,0.018387211458300235,0.01350764195075457,0.013725170959491658,0.013157355045274028,0.0092473745528197,0.0208228368943606,0.019687428076250985,0.021945998992851466,0.02089708965845909,0.02056746575218427,0.02125351493566322,0.02014038226370135,0.02812853019698173,0.036050335077045276,0.021559092090548054,0.021379339229547257,0.025703998932486094,0.02945696330897537,0.03649149550436855,0.0312905762573471,0.03004439429070691,0.02593569808737092,0.030109246227164408,0.021669559496425732,0.0323195876330421,0.01931672920413026,0.01772332863383638,0.03695328823987292,0.04324050085782366,0.04739463145353456,0.010432260171564735,0.022798203679110403,0.022970768034948366,0.022262890894360603,0.02530799567752184,0.023426916624305003,0.025280648540111195,0.022736393123113582,0.0243686416918189,0.024153974921366166,0.027654198710087376,0.02508570986020651,0.022502894940428904,0.01682135394757744,0.016988346948371723,0.01805687808895949,0.01993744463542494,0.023070758826052418,0.018467565164416208
Rubbr,0.015079215493248609,0.012006535739475776,0.012832976583002385,0.011338969596505159,0.00894806157426529,0.016137384281175535,0.014722447901509134,0.01705278463224781,0.01682291876092137,0.016531365069102463,0.017656473569499603,0.01677452780778395,0.022656307162827637,0.021559092090548054,0.025857430613185062,0.017786934686258936,0.019972024603653694,0.023439907868149323,0.025538231866560762,0.02454020653534551,0.02180572652263701,0.019154882487688638,0.022906802859412233,0.01693449665289912,0.023033433955520256,0.015326546964257344,0.010118059563145354,0.02369194164733915,0.025773376918189043,0.028032773185067514,0.00866094150595711,0.017558651018268468,0.018405217153296266,0.017510022204924543,0.019575887242255757,0.01818819919777601,0.01918095551389992,0.017581403003971405,0.019143689189833196,0.018588839861795076,0.020307256660841936,0.01899052498332009,0.018322872891183478,0.013974276648133438,0.013718880419380457,0.014554899598093727,0.015448255215250199,0.017804840668784745,0.014074986705321684
Txtls,0.01726789756155679,0.01175205760127085,0.012906607029388402,0.011843649078633835,0.009165556370135029,0.018393246981731528,0.016749792295472594,0.018437345051628275,0.018525656521048452,0.020840285027799842,0.01901782055599682,0.01721446186656076,0.024440283884034943,0.021379339229547257,0.017786934686258936,0.037178133240667204,0.02095899822081016,0.025649021199364574,0.024690543383637804,0.024680723065925336,0.02217290864177919,0.020610494535345508,0.024304530738681496,0.017527525472597297,0.024964292907069106,0.017384287672756155,0.008416406616362192,0.02248571911834789,0.022327654789515483,0.026109632406671954,0.008126633280381254,0.019203863351866565,0.01943885828435266,0.018933692120730736,0.020975043121525015,0.020169050492454328,0.020983970611596504,0.01835510294678316,0.02061248475774424,0.018708833637807776,0.021602749134233514,0.019461541787132643,0.021559803169181897,0.016148884050833992,0.01517169683876092,0.015293340166799046,0.017552266417791892,0.018990372795869737,0.015021927855440827
BldMt,0.01670682698014297,0.012489341833200954,0.013306064165210487,0.012118333610802222,0.009576818789515489,0.01971290338363781,0.017835029788721205,0.02016744992533757,0.01967679971405878,0.01981411029070691,0.019213624457505952,0.018715460905480534,0.026245876238284345,0.025703998932486094,0.019972024603653694,0.02095899822081016,0.02838778481969817,0.02926266758379666,0.032012941000794284,0.02928269069420175,0.026817370592533755,0.023320459234312946,0.027468175949165997,0.02030082831453534,0.02957686786338364,0.01852623229864972,0.010562057061159646,0.030485878277998403,0.033097687148530584,0.036522885242255755,0.009502578052422559,0.020991041220015882,0.021677527726767277,0.02040598215091342,0.02300991115488483,0.021305456362192218,0.02279246374583002,0.02071356223669579,0.02236325032565528,0.021246333922160444,0.02494973821127879,0.022721191764892772,0.021905068880063543,0.016389490357426525,0.016213100543288325,0.01676733397299444,0.0184108629451946,0.02079410971882446,0.01652596951231136
Cnstr,0.01968560290548054,0.014737343104050836,0.015907507461477365,0.014010370441620332,0.010922531331215249,0.0230091478395552,0.02102304480063542,0.023789518948371727,0.02360484889594917,0.023824711490071485,0.02301016012073074,0.021889298069896743,0.03069917020969024,0.02945696330897537,0.023439907868149323,0.025649021199364574,0.02926266758379666,0.04457756254011119,0.03686166795869738,0.03353076400635424,0.030483975342335184,0.026706612991262906,0.032339771818903885,0.023309215121525024,0.03400437632247816,0.021037267199364572,0.01387982490071485,0.03505099706274822,0.04136368732327243,0.0427180687847498,0.01152864485146942,0.024485869718824462,0.026359951952343134,0.023769061912629064,0.026844695102462266,0.025214537815726763,0.026544515119936458,0.024172052490865764,0.02605999003177125,0.024812824351072276,0.029356231841143762,0.026486842225575857,0.026694063931691814,0.01998008576648134,0.01877673901826847,0.019892283337569504,0.02297619976806989,0.024286554142970602,0.019456138368546455
Steel,0.021588181096108015,0.014654343860206517,0.016463932422557587,0.014252945003971406,0.0108383962827641,0.025721094900714843,0.022136224622716444,0.026382739444003177,0.025281795297855437,0.025735845655281975,0.024928169213661634,0.02359817461477363,0.03326139860206512,0.03649149550436855,0.025538231866560762,0.024690543383637804,0.032012941000794284,0.03686166795869738,0.06360304889594916,0.041924413153296265,0.0376663258141382,0.03072300133439237,0.03688002843526609,0.026143777791898328,0.0411811950119142,0.023629173693407463,0.03104377048451152,0.05114453108816521,0.0656277300714853,0.060975228562351054,0.011966462621127879,0.027507439110405082,0.028584452454328828,0.026507511326449566,0.03047287405877681,0.026986486036536923,0.029629234598888003,0.026961758316123907,0.029539625003971406,0.028331324320889598,0.03417927231135822,0.031652077077045274,0.028183778363780772,0.020176132327243843,0.021449601683876093,0.02151971504368546,0.023645451183478952,0.02821552670373311,0.021300957331215245
FabPr,0.019389177223193003,0.013773429407466243,0.013128760644956316,0.012757383278792693,0.009173627536139796,0.023073659872915007,0.01898809632406672,0.023721386122319298,0.02304896924543288,0.022764305121525025,0.021777600108022238,0.021958503113582207,0.030446831907863386,0.0312905762573471,0.02454020653534551,0.024680723065925336,0.02928269069420175,0.03353076400635424,0.041924413153296265,0.08448606576012709,0.03345484899761715,0.027957465931691818,0.033869532200158856,0.02382449322001589,0.035326992613185074,0.020395244981731533,0.01770103639396346,0.03886797807466243,0.04438733232724383,0.04891829569499602,0.011265454284352662,0.023733034668784746,0.025537875634630655,0.02409343442732327,0.02684866450516283,0.024287565385226372,0.02693432302462271,0.02411419465289912,0.02692495143764893,0.02325028391104051,0.02834709816044479,0.02704935408737093,0.025125393598093723,0.018879243177124704,0.020071464139793483,0.019644808447974584,0.02095007614297061,0.024609116559173944,0.01930390648768864
Mach ,0.018858569845909456,0.013191423841143766,0.014025975590150916,0.012769072670373312,0.01013152429864972,0.021254218983320094,0.019473447853852258,0.022110462932486103,0.02130379564733916,0.02175495991421764,0.021186742290706915,0.020332694757744244,0.028486494573471008,0.03004439429070691,0.02180572652263701,0.02217290864177919,0.026817370592533755,0.030483975342335184,0.0376663258141382,0.03345484899761715,0.03336300047021445,0.02630033981890389,0.030904555234312948,0.022864872403494833,0.03424659766481333,0.02009212413661636,0.01583838362192216,0.0367705656584591,0.04191703062748212,0.047472582144559176,0.010087731259729945,0.02310584790468626,0.02358197265766481,0.022709958837172358,0.026346034938840343,0.023998385941223187,0.02625122572835584,0.023819726713264492,0.02432656751389992,0.023741171752184268,0.028600001378872114,0.025594128740270054,0.023167651930103256,0.017553688991262906,0.017795324009531367,0.018399612965845906,0.019915666700556,0.023552573575853854,0.018099321471008734
ElcEq,0.01783849546942017,0.01237996897220016,0.01463692907704527,0.012895857007148532,0.009014142948371724,0.019690325575853852,0.01794747015726767,0.020516791701350272,0.019489976902303415,0.019308571129467832,0.020376356778395548,0.020196185051628276,0.027900451682287535,0.02593569808737092,0.019154882487688638,0.020610494535345508,0.023320459234312946,0.026706612991262906,0.03072300133439237,0.027957465931691818,0.02630033981890389,0.03454759192374901,0.02700975231135822,0.019428135088165207,0.028198843701350278,0.01807131978395552,0.01183837253375695,0.03016271139316919,0.034497400889594916,0.037360221636219215,0.00926322336457506,0.02080692329785544,0.02032074784432089,0.020310608463860205,0.023088130379666404,0.02195743286735504,0.023761040501985707,0.020783936054011125,0.02199859019857029,0.0204543922446386,0.02414201125972994,0.02228829118665608,0.021376390389197773,0.016096257474185856,0.0154165114598888,0.016140004260524223,0.01838418488959492,0.020738425267672757,0.017484235243844324
Autos,0.019860255345512313,0.014247848673550433,0.014716391294678314,0.012968354630659254,0.010343982271644158,0.022125048228752976,0.020193927307386818,0.023670903955520253,0.022820950627482132,0.023409419666401907,0.022804646830818107,0.021176766767275618,0.02972516873709293,0.030109246227164408,0.022906802859412233,0.024304530738681496,0.027468175949165997,0.032339771818903885,0.03688002843526609,0.033869532200158856,0.030904555234312948,0.02700975231135822,0.03965082204924543,0.022912061699761715,0.03464809753772836,0.020364304908657666,0.014524230309769659,0.0342438480381255,0.03791110131850675,0.04199363933280381,0.009845554789515489,0.023820278602065134,0.024986048959491663,0.023611296362192214,0.027045317013502778,0.02460785042096902,0.026611014519459884,0.023651072883240663,0.026705600635424945,0.0248455749960286,0.029702060873709295,0.026007968006354253,0.02548606961080222,0.019156604702144562,0.01851099564733916,0.019148899348689432,0.021146825099285144,0.024623427259729946,0.018282515552025414
Aero ,0.01415633914058777,0.010721200832406673,0.012059356643367753,0.010788661243844321,0.008444865056393963,0.01665674135822081,0.014992697540905483,0.017188036597299443,0.016603593804606832,0.017196576525814133,0.01639377133598094,0.016024479420174743,0.02221196121842732,0.021669559496425732,0.01693449665289912,0.017527525472597297,0.02030082831453534,0.023309215121525024,0.026143777791898328,0.02382449322001589,0.022864872403494833,0.019428135088165207,0.022912061699761715,0.027595580586179502,0.024759803868149327,0.01769746468943606,0.006987974702144559,0.023360332154090547,0.02683184497220015,0.028520404638602063,0.008622654986497218,0.01825669653375695,0.01890182092772041,0.0178775773375695,0.02028882377601271,0.019043708395552025,0.019955612276409844,0.018229023166004766,0.01901780328038125,0.01869743191262907,0.021788282833995237,0.01922284594281175,0.01796722796664019,0.014096662223987286,0.014150315984114377,0.015380922861000795,0.015707032905480537,0.018446378225575846,0.01432391377760127
Ships,0.02167368680698967,0.014300900206513104,0.013215600055599684,0.014810559340746621,0.010580357307386816,0.023821832827640985,0.022023857267672753,0.025212378888006357,0.02399278392374901,0.025566343280381255,0.024117244416203335,0.02214620968228753,0.030963755798252574,0.0323195876330421,0.023033433955520256,0.024964292907069106,0.02957686786338364,0.03400437632247816,0.0411811950119142,0.035326992613185074,0.03424659766481333,0.028198843701350278,0.03464809753772836,0.024759803868149327,0.059418164567116745,0.02391968757744242,0.01691867840349483,0.03987173441620332,0.04880612773629864,0.05229699167593327,0.0116611154725973,0.025432284670373312,0.028131214058776804,0.02478692579825258,0.02801165657664813,0.025882818768864172,0.02745584279586974,0.024575593447180296,0.027406485250198565,0.02517171181096108,0.03336159361397935,0.0285056283796664,0.027331688840349484,0.019717057585385226,0.020235428880063546,0.02084572054805401,0.021370237251787133,0.025962975321683877,0.020317832081016673
Guns ,0.014191570042891184,0.01170811912946783,0.012385289540905479,0.010847147504368545,0.010127078338363779,0.01732927416997617,0.013839455148530577,0.01605221767116759,0.016740756822875298,0.018056428806989676,0.016232744667196184,0.015647422795869736,0.020700967761715646,0.01931672920413026,0.015326546964257344,0.017384287672756155,0.01852623229864972,0.021037267199364572,0.023629173693407463,0.020395244981731533,0.02009212413661636,0.01807131978395552,0.020364304908657666,0.01769746468943606,0.02391968757744242,0.0374311556409849,0.010592687990468625,0.020819691084988084,0.025685514757744245,0.024616052581413816,0.008475208660841936,0.017407275177124704,0.017442827088165202,0.016730456698967434,0.019063897928514692,0.01774132700555997,0.01871194866401906,0.017033208346306596,0.017876659968228754,0.016957331790309765,0.01932838492772041,0.017414719647339153,0.01855831220015885,0.013605259857029388,0.012162762440031772,0.013895333849086575,0.013134696698967437,0.016351803993645754,0.013016029061159647
Gold ,0.012728019007148527,0.007628180969023035,0.005018344265289913,0.007412308570293883,0.00808891336775218,0.011834371191421764,0.008210914646544876,0.009979381334392376,0.009147600095313737,0.005104894098490865,0.009411440635424938,0.008696368856235107,0.014738094066719614,0.01772332863383638,0.010118059563145354,0.008416406616362192,0.010562057061159646,0.01387982490071485,0.03104377048451152,0.01770103639396346,0.01583838362192216,0.01183837253375695,0.014524230309769659,0.006987974702144559,0.01691867840349483,0.010592687990468625,0.18331445330420973,0.050364285202541687,0.05809745523431294,0.044792423923749006,0.011084635186656077,0.012673769499602859,0.007916524050833998,0.008038662795869737,0.011074285424940426,0.0091701374344718,0.011006947005559969,0.010185805996822875,0.009129749046862593,0.012172368395552026,0.01107484203335981,0.013573796449563143,0.006659907712470214,0.003592624670373312,0.0010183092295472603,0.0021007332247815727,0.00850975801429706,0.008767382597299443,0.010099753129467832
Mines,0.02171134033518666,0.013212429540905476,0.012433893475774421,0.012902695563145354,0.010280291782366955,0.023756877720413017,0.022534519933280383,0.02454258081334392,0.022964461350278003,0.02252674885941223,0.023804268378077836,0.022560518943606042,0.033916918733915814,0.03695328823987292,0.02369194164733915,0.02248571911834789,0.030485878277998403,0.03505099706274822,0.05114453108816521,0.03886797807466243,0.0367705656584591,0.03016271139316919,0.0342438480381255,0.023360332154090547,0.03987173441620332,0.020819691084988084,0.050364285202541687,0.08144227014932484,0.07259228563939636,0.0738873531056394,0.011317655418586176,0.02656127665131056,0.025426743075456712,0.02472099978713265,0.029810087057982517,0.027118128284352665,0.028209911440826053,0.02516014666719618,0.0257537515567911,0.026366976967434473,0.033371226236695785,0.029979387718824472,0.02451143721207307,0.01837721043685464,0.017731591084988084,0.017567149752184274,0.021817827237490067,0.02592653680222399,0.021578492560762507
Coal ,0.02403530120730739,0.013710822462271642,0.012982743050039713,0.013282961318506753,0.011179647164416207,0.028872745877680694,0.023157714853057978,0.02605031170770453,0.024985489181890384,0.029825721636219223,0.02716541242255758,0.026461411262907072,0.03756919582208102,0.04324050085782366,0.025773376918189043,0.022327654789515483,0.033097687148530584,0.04136368732327243,0.0656277300714853,0.04438733232724383,0.04191703062748212,0.034497400889594916,0.03791110131850675,0.02683184497220015,0.04880612773629864,0.025685514757744245,0.05809745523431294,0.07259228563939636,0.22854638115965056,0.09676734519459887,0.014211934169976174,0.030489622398729144,0.02895187110405083,0.027042528895949162,0.03367985818903892,0.02911696341540905,0.032923369658459094,0.02825656370135028,0.028903283828435263,0.028035399602859404,0.0363369860206513,0.0352624685146942,0.029300249737887217,0.019660919618745026,0.019713837617156473,0.01972526511517077,0.0257252314217633,0.02901808808578237,0.024183642652899122
Oil  ,0.02687305445591739,0.015809579571088164,0.01318379764892772,0.016752949420174742,0.011525124956314537,0.02774205528196981,0.02694079126290707,0.030651809563145355,0.027618893121525014,0.030585709737887205,0.029316279968228755,0.027397333407466234,0.039699920095313736,0.04739463145353456,0.028032773185067514,0.026109632406671954,0.036522885242255755,0.0427180687847498,0.060975228562351054,0.04891829569499602,0.047472582144559176,0.037360221636219215,0.04199363933280381,0.028520404638602063,0.05229699167593327,0.024616052581413816,0.044792423923749006,0.0738873531056394,0.09676734519459887,0.13615015714058773,0.016406708816521044,0.033827853153296256,0.03185665108816522,0.029805802700555994,0.0354928969023034,0.031969635742652894,0.03365733328038125,0.03033370220810166,0.0306071259412232,0.030722916028594116,0.041773992787926935,0.03828821617156472,0.030937152819698173,0.02130259628276409,0.021828065544082603,0.022401678602065125,0.027775264940428906,0.032215219920571886,0.02795697772835584
Util ,0.008329324470214455,0.009953481531374105,0.008458817795075456,0.008834115517077043,0.009958119774424146,0.008148010341540907,0.007288545912629072,0.009042005604447975,0.008628389833200953,0.007782925429706115,0.008007192876886417,0.0076779901667990485,0.008465175126290707,0.010432260171564735,0.00866094150595711,0.008126633280381254,0.009502578052422559,0.01152864485146942,0.011966462621127879,0.011265454284352662,0.010087731259729945,0.00926322336457506,0.009845554789515489,0.008622654986497218,0.0116611154725973,0.008475208660841936,0.011084635186656077,0.011317655418586176,0.014211934169976174,0.016406708816521044,0.017992651825258145,0.010038709877680697,0.010021564327243842,0.008630294335186656,0.008493828724384431,0.008470084241461477,0.008485214563939634,0.00872515980619539,0.009854224098490868,0.01094972377124702,0.00987365055440826,0.00951444325019857,0.00858887899920572,0.007647374964257347,0.005618804721207308,0.00840800274185862,0.008655923342335189,0.007727190433677522,0.008684482093725177
Telcm,0.016561951593328038,0.01321292776489277,0.01474288029229547,0.012469055847498012,0.010992882789515488,0.01822693226370135,0.0177499312533757,0.019838242662430505,0.01832298246227164,0.018161629604447973,0.019195621718824465,0.01801099316918189,0.024961312921366163,0.022798203679110403,0.017558651018268468,0.019203863351866565,0.020991041220015882,0.024485869718824462,0.027507439110405082,0.023733034668784746,0.02310584790468626,0.02080692329785544,0.023820278602065134,0.01825669653375695,0.025432284670373312,0.017407275177124704,0.012673769499602859,0.02656127665131056,0.030489622398729144,0.033827853153296256,0.010038709877680697,0.0273770751644162,0.019228957756949955,0.019423423269261313,0.022388421229547262,0.021464325718824465,0.02168249130420969,0.018755561169181888,0.020238195488482928,0.01853353065607625,0.022130221331215245,0.02089929889118348,0.02065382373312152,0.015802115011914215,0.014754521944400315,0.015798215396346304,0.0171326256203336,0.019514018230341542,0.0160363365782367
PerSv,0.017582455621922156,0.012147638354249403,0.013404783863383639,0.012039268432088959,0.008668163269261316,0.01848326403494837,0.01720035372835584,0.019830955469420174,0.01820899208895949,0.01967704581096108,0.01970219980301827,0.017742137267672754,0.02538098526131851,0.022970768034948366,0.018405217153296266,0.01943885828435266,0.021677527726767277,0.026359951952343134,0.028584452454328828,0.025537875634630655,0.02358197265766481,0.02032074784432089,0.024986048959491663,0.01890182092772041,0.028131214058776804,0.017442827088165202,0.007916524050833998,0.025426743075456712,0.02895187110405083,0.03185665108816522,0.010021564327243842,0.019228957756949955,0.03281619857664813,0.01979086399364575,0.021991886929308972,0.020408615901509126,0.021236973451945983,0.019286105159650516,0.020503246560762516,0.019296302516282768,0.0247105588943606,0.021067634386020644,0.021549576219221607,0.01643895482128674,0.015683251679110402,0.01673681058935663,0.016786461324861,0.019891486065131053,0.014928325556791102
BusSv,0.015849529966640193,0.011732775955520254,0.013416120702144558,0.011555514786338362,0.008878174929308973,0.017798621779189828,0.016822101687053215,0.018682576692613178,0.017360322859412233,0.018095170671961872,0.01964034417156473,0.01859756042891184,0.025452671043685468,0.022262890894360603,0.017510022204924543,0.018933692120730736,0.02040598215091342,0.023769061912629064,0.026507511326449566,0.02409343442732327,0.022709958837172358,0.020310608463860205,0.023611296362192214,0.0178775773375695,0.02478692579825258,0.016730456698967434,0.008038662795869737,0.02472099978713265,0.027042528895949162,0.029805802700555994,0.008630294335186656,0.019423423269261313,0.01979086399364575,0.0218666938268467,0.021788199304209693,0.021607811135822077,0.021399012498808583,0.01920000990945195,0.019639550802223987,0.018256620991262903,0.022432912826052424,0.019918265839555204,0.01979821548848292,0.015521760158856233,0.014724194681493247,0.015797079024622716,0.016226792603653693,0.019239221251787134,0.015503919552025423
Hardw,0.01738784679428117,0.012390631091342334,0.014446970057188242,0.01202792455758538,0.009475704351072277,0.021043679277204127,0.019355281026211278,0.02097585126926132,0.019947328196981733,0.02040386983161239,0.02133652347577442,0.021330661183478955,0.030795376030182686,0.02530799567752184,0.019575887242255757,0.020975043121525015,0.02300991115488483,0.026844695102462266,0.03047287405877681,0.02684866450516283,0.026346034938840343,0.023088130379666404,0.027045317013502778,0.02028882377601271,0.02801165657664813,0.019063897928514692,0.011074285424940426,0.029810087057982517,0.03367985818903892,0.0354928969023034,0.008493828724384431,0.022388421229547262,0.021991886929308972,0.021788199304209693,0.03455321558538522,0.026017668268467038,0.02701374205559968,0.02295370827482129,0.021720928046068306,0.019977842949960287,0.024916724498808576,0.022371570632247813,0.02174242262907069,0.017116565512311353,0.01574447430659253,0.016399121863383635,0.019068813505957107,0.022183777329626685,0.01732503516918189
Softw,0.0166813564177919,0.011588423447180302,0.013764168316123907,0.012352636608419381,0.009209021834789517,0.019881741548848295,0.019668274868943608,0.020079897934868942,0.018543447275615566,0.019394335083399522,0.02196283478951548,0.022203216703733118,0.030882971906274818,0.023426916624305003,0.01818819919777601,0.020169050492454328,0.021305456362192218,0.025214537815726763,0.026986486036536923,0.024287565385226372,0.023998385941223187,0.02195743286735504,0.02460785042096902,0.019043708395552025,0.025882818768864172,0.01774132700555997,0.0091701374344718,0.027118128284352665,0.02911696341540905,0.031969635742652894,0.008470084241461477,0.021464325718824465,0.020408615901509126,0.021607811135822077,0.026017668268467038,0.02914288857029388,0.02477174166799047,0.021778509094519456,0.020057220500397144,0.018747860849880855,0.022757598856235108,0.021025657450357428,0.02062313525814138,0.016867566973788724,0.014735364861000792,0.01602968607625099,0.018009726401906276,0.0209416241223193,0.016856369110405077
Chips,0.01775819762986497,0.011980271752184272,0.013995801690230339,0.012004226363780776,0.009851346840349483,0.021165802478157268,0.01877702208737093,0.020501473766481336,0.019266953010325657,0.019192757324861,0.021204597223193008,0.021101223224781574,0.029825471586973785,0.025280648540111195,0.01918095551389992,0.020983970611596504,0.02279246374583002,0.026544515119936458,0.029629234598888003,0.02693432302462271,0.02625122572835584,0.023761040501985707,0.026611014519459884,0.019955612276409844,0.02745584279586974,0.01871194866401906,0.011006947005559969,0.028209911440826053,0.032923369658459094,0.03365733328038125,0.008485214563939634,0.02168249130420969,0.021236973451945983,0.021399012498808583,0.02701374205559968,0.02477174166799047,0.029514436244638603,0.02357306442573471,0.021426603240667197,0.019995757915806194,0.024289954230341547,0.021759842560762507,0.02099099084988085,0.016479784305003967,0.015421296813343924,0.016279128565528198,0.01824317408737093,0.021626002694201743,0.01672427220969023
LabEq,0.015321033189833204,0.011109872101667992,0.012599043810961079,0.011449661447180301,0.009465120827640982,0.017545855893566324,0.01670044084829229,0.0176545746878475,0.01729096644956314,0.017470210406671967,0.018835055173947575,0.019282664169976173,0.026529427289912637,0.022736393123113582,0.017581403003971405,0.01835510294678316,0.02071356223669579,0.024172052490865764,0.026961758316123907,0.02411419465289912,0.023819726713264492,0.020783936054011125,0.023651072883240663,0.018229023166004766,0.024575593447180296,0.017033208346306596,0.010185805996822875,0.02516014666719618,0.02825656370135028,0.03033370220810166,0.00872515980619539,0.018755561169181888,0.019286105159650516,0.01920000990945195,0.02295370827482129,0.021778509094519456,0.02357306442573471,0.025345794775218426,0.01969660200953137,0.0188169942700556,0.02219279823351867,0.01959099710405083,0.01838445042891183,0.014710321699761716,0.01378577061795075,0.01524020526926132,0.016130659027799837,0.019105572996028594,0.015156309119936456
Paper,0.016366686791104056,0.01308557366163622,0.014027730047656872,0.01270485114376489,0.010080576100079426,0.018260508967434468,0.01704032764098491,0.020164516870532168,0.01917737728355838,0.018920869205718827,0.019107699698173157,0.01745545675138999,0.023913998864177922,0.0243686416918189,0.019143689189833196,0.02061248475774424,0.02236325032565528,0.02605999003177125,0.029539625003971406,0.02692495143764893,0.02432656751389992,0.02199859019857029,0.026705600635424945,0.01901780328038125,0.027406485250198565,0.017876659968228754,0.009129749046862593,0.0257537515567911,0.028903283828435263,0.0306071259412232,0.009854224098490868,0.020238195488482928,0.020503246560762516,0.019639550802223987,0.021720928046068306,0.020057220500397144,0.021426603240667197,0.01969660200953137,0.030371977815726772,0.022271099404289115,0.02345046919777601,0.021564662454328833,0.02136865660841938,0.016109574948371726,0.015809461763304212,0.017004443804606834,0.017906026989674348,0.019493828077839552,0.015541097132644953
