,Agric,Food ,Soda ,Beer ,Smoke,Toys ,Fun  ,Books,Hshld,Clths,Hlth ,MedEq,Drugs,Chems,Rubbr,Txtls,BldMt,Cnstr,Steel,FabPr,Mach ,ElcEq,Autos,Aero ,Ships,Guns ,Gold ,Mines,Coal ,Oil  ,Util ,Telcm,PerSv,BusSv,Hardw,Softw,Chips,LabEq,Paper,Boxes,Trans,Whlsl,Rtail,Meals,Banks,Insur,RlEst,Fin  ,Other
Agric,0.04255209681334392,0.012035338192216043,0.011353618833995233,0.010399325274027003,0.009268918462271646,0.01479771775059571,0.014241353626687847,0.01687462471803018,0.015434564988085781,0.014401685648927718,0.017263294335186658,0.016156068524225572,0.022809361810961076,0.01863781657823669,0.015306045191421765,0.016961981070691027,0.0170297973121525,0.02044879898332009,0.021696849747418583,0.02034192688165211,0.019149783764892774,0.018794345391580616,0.020250628708498808,0.014631263459888803,0.02224285873232724,0.014433285089753771,0.013176845687053216,0.02186484789197776,0.023816104857823667,0.02650218105162828,0.00878728509610802,0.017297190182684666,0.017954208946783165,0.01645469033836378,0.0178216197299444,0.017636235996822874,0.018387908600476573,0.01615439014455917,0.016577084022239872,0.015752643806195392,0.019973838258935665,0.017378519866560763,0.017585536889594917,0.014381028956314532,0.012205672495631453,0.013751079053216835,0.013738486938840349,0.01723093655917395,0.013606145143764892
Food ,0.012035338192216043,0.01839652862748213,0.012480087828435264,0.010526504638602063,0.01136651452104845,0.01117859846227164,0.010106387822081016,0.01264892906274821,0.012827386298649723,0.011443860211278793,0.010899382139793487,0.010351892006354248,0.012986859888800634,0.013781373515488481,0.012019428036536932,0.011862692687847499,0.012590243056393963,0.01504327638602065,0.014781893658459095,0.014529683432883238,0.013419372605242256,0.013083197334392374,0.01477352417156473,0.011024025057982525,0.014647832305003975,0.012009116532168388,0.007600424598888006,0.01337842569340747,0.013703780617950755,0.01575923112946783,0.009978180808578237,0.013476262915011914,0.01233706862748213,0.012084957353455121,0.012725181652104848,0.01213664638602065,0.012442615213661636,0.011632649861795076,0.013324077714058778,0.012693718416203337,0.012948174578236694,0.012728314913423352,0.01331767356791104,0.010563865089753774,0.00856685015567911,0.01069377193328038,0.010866128489277203,0.011751714856235107,0.009892332730738678
Soda ,0.011353618833995233,0.012480087828435264,0.0564877141604448,0.012408851787132642,0.01198686187132645,0.012912323011914218,0.012228787755361398,0.013838381350277998,0.0131110442573471,0.01048890545512311,0.011923318976965845,0.012288948886417789,0.017139117331215252,0.013520531253375694,0.012443031218427323,0.012498262074662429,0.012760769995234313,0.015842596378077833,0.016109870252581412,0.012840546414614771,0.013489572486100079,0.014731439040508337,0.014662279949166005,0.011505743529785546,0.012884413388403494,0.011766525077045271,0.007437607656870531,0.012438012600476566,0.013388120972200155,0.013189085286735508,0.008397004562351072,0.014673734233518667,0.013131937931691819,0.013328746643367747,0.01456559307386815,0.014133141127879268,0.01417801270214456,0.012651763882446383,0.013473380219221603,0.012430008711675935,0.013665123996822874,0.012613931666401904,0.01299903858300238,0.012163493458300234,0.009734523024622715,0.011054044886417792,0.013020893331215248,0.013169690255758534,0.011355518366957902
Beer ,0.010399325274027003,0.010526504638602063,0.012408851787132642,0.02691043866560763,0.010327954233518665,0.010763960222398724,0.010364618586179507,0.011930398395552025,0.011805870071485305,0.011871375933280384,0.011065629086576647,0.010885830595710879,0.014438312120730734,0.013195843685464654,0.011341961826846705,0.011533957315329626,0.012172949070691027,0.014177823685464658,0.014344624114376484,0.012862967799841144,0.012945969102462275,0.01340699158061954,0.013321324861000794,0.01070498710087371,0.015293200063542496,0.011200101938046065,0.007666932406671962,0.013166915170770456,0.012900799984114373,0.016404061604447972,0.008755708768864178,0.012960898347895152,0.012236036648133438,0.011805720413026207,0.012323432756155678,0.012783235742652898,0.012446010341540902,0.011911133280381252,0.012686287355043683,0.01207107505957109,0.012964285988880062,0.011957340142970613,0.012369349658459096,0.0101299247974583,0.008632322970611598,0.010483456235107227,0.010465756600476571,0.011819458268467035,0.009955010484511518
Smoke,0.009268918462271646,0.01136651452104845,0.01198686187132645,0.010327954233518665,0.033100948516282765,0.010204532791104049,0.00802308910881652,0.009581671556791104,0.009563973621922161,0.008500661545671168,0.007058823918983321,0.00822914033042097,0.009298279586973789,0.00933940894042891,0.008569737456711678,0.009231006428911835,0.009477714795869736,0.010881772049245429,0.01049682630341541,0.00864187866719619,0.009873515957108815,0.009550706881652103,0.010414446967434472,0.008581487615567911,0.010457817499602859,0.010537994943606039,0.00825862552025417,0.009951785375694992,0.0107278750420969,0.011155447841143763,0.010197571722001588,0.01081520588562351,0.008809735664813344,0.008843947917394757,0.009409066068308181,0.009138367116759335,0.009586648128673549,0.009448608495631453,0.010168184910246226,0.010055292268467039,0.009767498104845116,0.009429482983320097,0.00908993193169182,0.008287459593328038,0.006159816732327243,0.008440523672756153,0.008542791015091342,0.008818592727561555,0.007976634017474189
Toys ,0.01479771775059571,0.01117859846227164,0.012912323011914218,0.010763960222398724,0.010204532791104049,0.04059989811596506,0.016223691132644952,0.016985337029388405,0.017587553042096905,0.017974860613185067,0.017523004676727558,0.016902276085782368,0.024559306656076245,0.020645122567116765,0.01612312989356632,0.017934577639396345,0.019573458090548054,0.023179608069896742,0.025197733337569497,0.023066341782366957,0.02105004857823669,0.01993831174583002,0.021975053966640193,0.01665479632724385,0.02365290337092931,0.017244064311358224,0.012178689944400313,0.023910828352660837,0.02779095394440031,0.027014872838760924,0.008076862157267672,0.018645547418586178,0.018485413426528985,0.017796476136616366,0.020938571945988874,0.019938108435266083,0.021058164073073864,0.01766958067672756,0.017975839923749005,0.016218337626687847,0.02004432798093725,0.018308663409054807,0.019491385467831607,0.015037365413820496,0.012637596403494834,0.013640250649722,0.01666721910722796,0.017591672413026213,0.014505042999205717
Fun  ,0.014241353626687847,0.010106387822081016,0.012228787755361398,0.010364618586179507,0.00802308910881652,0.016223691132644952,0.022989853909451945,0.01701299868149325,0.01546250216044479,0.015657322671961873,0.01678138252263701,0.016692030233518666,0.023979866211278792,0.019886430455917398,0.014977139898332008,0.016627006160444796,0.01795413451310564,0.021546194932486096,0.022259170376489272,0.01942667417633042,0.01965104916600476,0.018475567193010328,0.020501431301032564,0.0152691018522637,0.02232140461318506,0.014364392784749802,0.008988264702144557,0.022994289588562346,0.02255341074821287,0.026592051634630662,0.007253838389197773,0.018355504543288326,0.017513261245432888,0.017127047269261318,0.019641283335980936,0.020176442319301033,0.019135271545671167,0.017317778668784752,0.01705314553455123,0.015301865102462271,0.018885810830818115,0.017280964212867355,0.01744032418427323,0.014932499088165215,0.01243238205242256,0.013564008813343922,0.014912402217633042,0.0169025573121525,0.014139952114376492
Books,0.01687462471803018,0.01264892906274821,0.013838381350277998,0.011930398395552025,0.009581671556791104,0.016985337029388405,0.01701299868149325,0.028452513034154085,0.018121061961874504,0.01802250586973789,0.018362456036536932,0.01737944516282764,0.024627546528991257,0.021978806703733124,0.017065128983320094,0.01830191244638602,0.02001379396346306,0.023964985885623517,0.025956289737887214,0.02431319058776807,0.0220427622319301,0.020938255552025414,0.023723198554408263,0.017319629658459092,0.02557694455917395,0.016094313796664015,0.010469421024622715,0.024666448308181096,0.02587045535345511,0.02987924517871326,0.00931449316123908,0.020098432716441624,0.02005135376489277,0.018854522112787927,0.021019272708498807,0.02036327301032565,0.020657151509134233,0.01806633636219222,0.02001784380460683,0.01735659673550437,0.0216714862192216,0.019907778633836377,0.020373457196187456,0.015867529102462266,0.014803526409849084,0.015683254996028594,0.016703302144559173,0.01887553984114377,0.015082927895154887
Hshld,0.015434564988085781,0.012827386298649723,0.0131110442573471,0.011805870071485305,0.009563973621922161,0.017587553042096905,0.01546250216044479,0.018121061961874504,0.023307262327243842,0.018655258927720415,0.017449905965051627,0.016739680460683085,0.022571838157267675,0.02090871955520254,0.016838474702144557,0.018356104837172357,0.019543618808578234,0.023775133320095315,0.02491373247021445,0.023315700023828437,0.021286002152501985,0.019904364781572675,0.022819209483717233,0.0167622156791104,0.024374480158856234,0.01698944985702939,0.009080963280381254,0.023007719094519454,0.024919172287529788,0.026882096330420973,0.008719898387609214,0.01850936213661636,0.01844658097696584,0.01754870988085782,0.020056055170770453,0.01905497833200953,0.019530032859412225,0.017787457029388404,0.019030639849086577,0.017371382644956315,0.020522327728355834,0.018653943717235902,0.020935886282764098,0.01543804875297855,0.01335234926926132,0.01477370449563145,0.015658019666401908,0.017926900031771248,0.014476705115170768
Clths,0.014401685648927718,0.011443860211278793,0.01048890545512311,0.011871375933280384,0.008500661545671168,0.017974860613185067,0.015657322671961873,0.01802250586973789,0.018655258927720415,0.04244185000635425,0.017820078158856233,0.017148002563939634,0.02174629467831613,0.020073641563145356,0.016377099280381252,0.020208680239872913,0.019210604911834787,0.02358841335186656,0.024668580165210483,0.02267441914694202,0.021278037450357428,0.019298822948371718,0.022938687812549634,0.016914342211278795,0.024951776946783164,0.017654622813343922,0.005381341771247018,0.022275396476568704,0.02862544144082605,0.029444424063542488,0.007960462028594123,0.01822920839555202,0.019541363992057185,0.017973371281969814,0.020121236171564735,0.01966729388403495,0.019067987134233515,0.01764219053852263,0.018399670044479746,0.016912852738681493,0.021598762606830822,0.018681313191421762,0.02574166456393963,0.01682890488006354,0.013403100951548848,0.01488048660206513,0.015998600590945194,0.01793969611755361,0.014086682386020651
Hlth ,0.017263294335186658,0.010899382139793487,0.011923318976965845,0.011065629086576647,0.007058823918983321,0.017523004676727558,0.01678138252263701,0.018362456036536932,0.017449905965051627,0.017820078158856233,0.03385348165051628,0.022164141836378073,0.0318124911517077,0.021430464965845906,0.01760978405559968,0.018613725478951546,0.019264420822875293,0.023431368602065128,0.024611704123907865,0.02205192652422558,0.021244779960285943,0.020793238814932485,0.02301136476886417,0.01642287837648928,0.024220614379666404,0.016287797424940426,0.0095859662827641,0.023880692768864172,0.026054178606830816,0.02872951077362986,0.00792397142652899,0.019377153447180297,0.019766800011119936,0.019674256549642576,0.021575155726767273,0.022107778840349483,0.021404745415409057,0.01916860237648928,0.018957285571088164,0.016953190120730738,0.02224443882287529,0.019389202646544874,0.020198524189038915,0.01643187961556791,0.01408909777760127,0.01569798421604448,0.015752225143764887,0.01895255792533757,0.01601381899602859
MedEq,0.016156068524225572,0.010351892006354248,0.012288948886417789,0.010885830595710879,0.00822914033042097,0.016902276085782368,0.016692030233518666,0.01737944516282764,0.016739680460683085,0.017148002563939634,0.022164141836378073,0.025819732937251778,0.032210987132644954,0.020291125629864973,0.016808212870532163,0.017205885950754566,0.01891700989992057,0.02260641326449563,0.023411120006354248,0.02229501762986497,0.020401681953931685,0.020971019532962674,0.021534030386020656,0.01631091604765687,0.022602723888800632,0.01591865386179507,0.009619046401906275,0.022711614919777603,0.02595269830341541,0.02665726720889595,0.007844445912629068,0.01847957285146942,0.018011058138204923,0.01882413695313741,0.021690009817315326,0.02252934833995234,0.02143673081175536,0.019686937353455124,0.017416802697378872,0.015733517766481336,0.01990584973153296,0.018225126328832403,0.01875601661318507,0.01517751509451946,0.013035763167593323,0.014531388238284353,0.015582319987291501,0.01844882760285941,0.015579927517077045
Drugs,0.022809361810961076,0.012986859888800634,0.017139117331215252,0.014438312120730734,0.009298279586973789,0.024559306656076245,0.023979866211278792,0.024627546528991257,0.022571838157267675,0.02174629467831613,0.0318124911517077,0.032210987132644954,0.06161520152501987,0.02853825169181891,0.02294835984114376,0.024743026179507546,0.02650453734710087,0.03153555021445591,0.03255613505957109,0.030913510246227165,0.028725887752184272,0.029296931532962662,0.030454711262907073,0.022641404797458298,0.031850062684670374,0.021396018395552024,0.016126658649722,0.03430445604447976,0.03623163183478952,0.038319981826846705,0.00878259860206513,0.025687161207307383,0.026114134646544877,0.026110370802223982,0.03173782131850675,0.032080608514694194,0.030775501000794278,0.027560853693407467,0.024064748721207306,0.021234986306592533,0.027943008705321678,0.02562126176330421,0.026018710627482126,0.02152287879269261,0.017941579920571882,0.01935320025416997,0.022062527942811747,0.02662368133439237,0.02301430760921366
Chems,0.01863781657823669,0.013781373515488481,0.013520531253375694,0.013195843685464654,0.00933940894042891,0.020645122567116765,0.019886430455917398,0.021978806703733124,0.02090871955520254,0.020073641563145356,0.021430464965845906,0.020291125629864973,0.02853825169181891,0.035834509585385234,0.021507069820492452,0.02115211068467037,0.02525092681810961,0.029505870468625888,0.035693384756155674,0.0312806090039714,0.02960599119936457,0.02622424587132645,0.029711520266878476,0.021593225150119136,0.03221193227640984,0.01969250366322478,0.017842739539316917,0.0366768147926926,0.04259975579348689,0.04600167699444003,0.010724394522637012,0.02302378157267673,0.023011140536934073,0.022393709884034944,0.025180336457505958,0.023914428784749798,0.02526951125655282,0.02316949128514694,0.02390556223669579,0.023364349394757743,0.027279703726767274,0.024659729061159645,0.022074092149324865,0.0170096549197776,0.016477082579825258,0.018279269064336773,0.019872016953137405,0.023198384552819695,0.018879823307386814
Rubbr,0.015306045191421765,0.012019428036536932,0.012443031218427323,0.011341961826846705,0.008569737456711678,0.01612312989356632,0.014977139898332008,0.017065128983320094,0.016838474702144557,0.016377099280381252,0.01760978405559968,0.016808212870532163,0.02294835984114376,0.021507069820492452,0.025843623019857032,0.017492609075456713,0.019850991955520255,0.023604477990468612,0.025125315523431294,0.024680496233518662,0.021565793018268463,0.019280473007148524,0.02285282591580619,0.016978665362986495,0.023158582468625892,0.015248413602859412,0.010139424678316125,0.02348809964416203,0.02518894322637013,0.027136810554408256,0.008720371947577443,0.01761569117553614,0.01850957804447974,0.017614672416203334,0.01958287026211278,0.01858514624305004,0.019286264881652103,0.017877653013502776,0.018945741952343127,0.01816745645274027,0.020086620211278793,0.018638942687847496,0.018133886559173945,0.014138360390786336,0.013445964268467036,0.014583069877680694,0.015380397642573465,0.0179057181858618,0.014438315053216837
Txtls,0.016961981070691027,0.011862692687847499,0.012498262074662429,0.011533957315329626,0.009231006428911835,0.017934577639396345,0.016627006160444796,0.01830191244638602,0.018356104837172357,0.020208680239872913,0.018613725478951546,0.017205885950754566,0.024743026179507546,0.02115211068467037,0.017492609075456713,0.03533706087212073,0.020708176660841935,0.02572117046068308,0.0239703779285147,0.024441174228752978,0.02195345702144559,0.020620596686258937,0.02408195434789515,0.01753384415885623,0.024844883513899917,0.01723686082446386,0.007989664408260525,0.022454483046862588,0.021601508344718027,0.025332161671167596,0.008223939131056393,0.019543468379666397,0.01944193839078634,0.018864632625893565,0.020905526878474974,0.020420580047656865,0.021191207385226368,0.01863434636378078,0.02020214325178713,0.017813521796664022,0.021198404335186653,0.01891486714217633,0.020935224443208895,0.016084694611596506,0.014868353170770449,0.015321884549642568,0.01718264395234313,0.01912275640031771,0.01523813712152502
BldMt,0.0170297973121525,0.012590243056393963,0.012760769995234313,0.012172949070691027,0.009477714795869736,0.019573458090548054,0.01795413451310564,0.02001379396346306,0.019543618808578234,0.019210604911834787,0.019264420822875293,0.01891700989992057,0.02650453734710087,0.02525092681810961,0.019850991955520255,0.020708176660841935,0.027929249270849884,0.029246707672756157,0.031148085102462274,0.029241744533756955,0.026324540492454328,0.023521349337569497,0.02713981233359809,0.020107015148530576,0.029396533382049242,0.018424105906274822,0.011056717172359013,0.030189677261318507,0.032554125807783954,0.03523609995869738,0.009455723742652897,0.021080008165210485,0.02160542596346306,0.020478027602859408,0.022841398093725183,0.021828171945988878,0.022780619456711674,0.02100178448292295,0.021913936813343922,0.020351478366957897,0.024494437629864967,0.02220505946306593,0.02147446602700556,0.01649880749166005,0.015667635030976967,0.016762353054805404,0.01816996981096108,0.020799308988085782,0.01679275478316124
Cnstr,0.02044879898332009,0.01504327638602065,0.015842596378077833,0.014177823685464658,0.010881772049245429,0.023179608069896742,0.021546194932486096,0.023964985885623517,0.023775133320095315,0.02358841335186656,0.023431368602065128,0.02260641326449563,0.03153555021445591,0.029505870468625888,0.023604477990468612,0.02572117046068308,0.029246707672756157,0.044532862263701345,0.036418737648927724,0.03391791481334393,0.030502491159650518,0.02731785138999205,0.03244353917394757,0.023497226703733116,0.0343481989197776,0.021240351477362987,0.013695915830023829,0.03507797199364574,0.041052728586179504,0.041640134837172355,0.011502567633042098,0.024955983725178713,0.02662056704527403,0.02425202975377283,0.027169595726767273,0.026173034694201743,0.026914300833995226,0.024771652041302616,0.025932640182684673,0.024231152351072274,0.029139215083399523,0.02635123534551231,0.026647900627482127,0.020439169007148532,0.01862852793486894,0.020199691945988876,0.023033480762509925,0.024689220063542495,0.019927918363780783
Steel,0.021696849747418583,0.014781893658459095,0.016109870252581412,0.014344624114376484,0.01049682630341541,0.025197733337569497,0.022259170376489272,0.025956289737887214,0.02491373247021445,0.024668580165210483,0.024611704123907865,0.023411120006354248,0.03255613505957109,0.035693384756155674,0.025125315523431294,0.0239703779285147,0.031148085102462274,0.036418737648927724,0.062074870411437624,0.041380790401906266,0.036695985274026996,0.030335839485305792,0.03605773847180302,0.02580591487212073,0.04029833647021446,0.023351998897537727,0.03128539947577442,0.05031864459412231,0.06447553754090547,0.05855870492136616,0.011934020718030184,0.027250194551231136,0.028024928765687053,0.026188712965845906,0.02961817556791104,0.027115534614773625,0.029205726459094524,0.026950974462271644,0.028576627923749008,0.027208406598888,0.03333443155837966,0.030780683723590146,0.027221969623510728,0.020247927675933284,0.020603081864972197,0.021319758277998403,0.023381472012708494,0.02793190429864972,0.02144221768387609
FabPr,0.02034192688165211,0.014529683432883238,0.012840546414614771,0.012862967799841144,0.00864187866719619,0.023066341782366957,0.01942667417633042,0.02431319058776807,0.023315700023828437,0.02267441914694202,0.02205192652422558,0.02229501762986497,0.030913510246227165,0.0312806090039714,0.024680496233518662,0.024441174228752978,0.029241744533756955,0.03391791481334393,0.041380790401906266,0.08491077034312945,0.0334309783081811,0.029141020527402695,0.034011896339952344,0.02393103763939635,0.03577253734074662,0.021011678454328834,0.017669928729150117,0.03845926788562351,0.04360400369976172,0.04717387888165211,0.011497038457505958,0.024037518943606034,0.02583774193963464,0.024562925709293092,0.026873197982525816,0.02509296285941223,0.027302069876092135,0.024833654849880853,0.026950465434471806,0.023085593094519463,0.028230042171564735,0.026913755008737095,0.02496509884193804,0.019244209077045278,0.01957972861477363,0.020051927008737088,0.02098646605877681,0.02479167028117554,0.019779794239872917
Mach ,0.019149783764892774,0.013419372605242256,0.013489572486100079,0.012945969102462275,0.009873515957108815,0.02105004857823669,0.01965104916600476,0.0220427622319301,0.021286002152501985,0.021278037450357428,0.021244779960285943,0.020401681953931685,0.028725887752184272,0.02960599119936457,0.021565793018268463,0.02195345702144559,0.026324540492454328,0.030502491159650518,0.036695985274026996,0.0334309783081811,0.03274781540111198,0.026330597633042085,0.03061296414614774,0.022740416187450353,0.03385508892772041,0.020051263105639393,0.015852706632247818,0.03600342886417791,0.04088984752184274,0.04573886420969023,0.010231254924543288,0.023251355718824467,0.023522845949166,0.022750699491660045,0.02603818298649722,0.02441497992057188,0.026164813891977758,0.024066720571882447,0.02389420077045274,0.02280333991262907,0.028142364328832402,0.025080632835583795,0.02280057733915806,0.017734275345512307,0.01727268073868149,0.0184803370293884,0.01967869734710087,0.023579926465448764,0.01841095791898332
ElcEq,0.018794345391580616,0.013083197334392374,0.014731439040508337,0.01340699158061954,0.009550706881652103,0.01993831174583002,0.018475567193010328,0.020938255552025414,0.019904364781572675,0.019298822948371718,0.020793238814932485,0.020971019532962674,0.029296931532962662,0.02622424587132645,0.019280473007148524,0.020620596686258937,0.023521349337569497,0.02731785138999205,0.030335839485305792,0.029141020527402695,0.026330597633042085,0.035600534081016676,0.027158656222398724,0.019865891958697375,0.02868309987609213,0.018754765423351867,0.012446594138204927,0.03066694577918983,0.03421434773312151,0.036538360876886423,0.00959715716918189,0.021510511056393962,0.020854728549642574,0.0209329087974583,0.02357241715647339,0.023107176139793486,0.024280568536934072,0.021531741884034946,0.021856571440826054,0.019993896816521053,0.024146899561556794,0.022442031002382838,0.021405714061953934,0.016622339043685465,0.015283706347895155,0.016689135256552818,0.018319902760921356,0.021355975097696586,0.018334463650516282
Autos,0.020250628708498808,0.01477352417156473,0.014662279949166005,0.013321324861000794,0.010414446967434472,0.021975053966640193,0.020501431301032564,0.023723198554408263,0.022819209483717233,0.022938687812549634,0.02301136476886417,0.021534030386020656,0.030454711262907073,0.029711520266878476,0.02285282591580619,0.02408195434789515,0.02713981233359809,0.03244353917394757,0.03605773847180302,0.034011896339952344,0.03061296414614774,0.027158656222398724,0.038322850446385996,0.0230071562573471,0.03461930379030976,0.020762594125496428,0.014656901366163622,0.03414044582049246,0.03706093543129467,0.040493569334392375,0.01027224647180302,0.02421021564733915,0.02519055108181096,0.023848192031771243,0.026897213185067517,0.025429801620333595,0.026606702497220015,0.024242893992057188,0.0263424007720413,0.024047029925337568,0.02924981344241462,0.025553405223193014,0.025033200104845114,0.019469725343923747,0.01815581216521048,0.019565065753772835,0.02100360366004765,0.02483112345035743,0.01882632108657665
Aero ,0.014631263459888803,0.011024025057982525,0.011505743529785546,0.01070498710087371,0.008581487615567911,0.01665479632724385,0.0152691018522637,0.017319629658459092,0.0167622156791104,0.016914342211278795,0.01642287837648928,0.01631091604765687,0.022641404797458298,0.021593225150119136,0.016978665362986495,0.01753384415885623,0.020107015148530576,0.023497226703733116,0.02580591487212073,0.02393103763939635,0.022740416187450353,0.019865891958697375,0.0230071562573471,0.027407341185067515,0.025009160705321682,0.017840576136616368,0.007650769102462272,0.023635075577442412,0.026084883694996022,0.027444508568705322,0.008746929477362985,0.01850165672756156,0.019255884660841938,0.01814799363939635,0.02034705566322478,0.019681414678316123,0.020257150592533756,0.01873999541223193,0.01909039030023828,0.018098689185067518,0.021751096772041303,0.01895630098808578,0.017806393000794285,0.01426365664177919,0.013882911456711675,0.015543409289912623,0.0157120842192216,0.018711072451151705,0.01453547478316124
Ships,0.02224285873232724,0.014647832305003975,0.012884413388403494,0.015293200063542496,0.010457817499602859,0.02365290337092931,0.02232140461318506,0.02557694455917395,0.024374480158856234,0.024951776946783164,0.024220614379666404,0.022602723888800632,0.031850062684670374,0.03221193227640984,0.023158582468625892,0.024844883513899917,0.029396533382049242,0.0343481989197776,0.04029833647021446,0.03577253734074662,0.03385508892772041,0.02868309987609213,0.03461930379030976,0.025009160705321682,0.059767396816521046,0.02373253199682288,0.017634153042096902,0.04005977236536934,0.04809181087212073,0.050895682535345516,0.011951139482128672,0.025840843240667186,0.028595337849086574,0.02503354033995234,0.02820862176330421,0.02683913436060366,0.027785678081016684,0.025079798201747414,0.027220631891977758,0.02408510203018268,0.033065684022239875,0.02810155890071485,0.027060678214455916,0.02014564601111994,0.01975109370611596,0.021180742258935657,0.021157613000794277,0.026341018001588567,0.02099524823510723
Guns ,0.014433285089753771,0.012009116532168388,0.011766525077045271,0.011200101938046065,0.010537994943606039,0.017244064311358224,0.014364392784749802,0.016094313796664015,0.01698944985702939,0.017654622813343922,0.016287797424940426,0.01591865386179507,0.021396018395552024,0.01969250366322478,0.015248413602859412,0.01723686082446386,0.018424105906274822,0.021240351477362987,0.023351998897537727,0.021011678454328834,0.020051263105639393,0.018754765423351867,0.020762594125496428,0.017840576136616368,0.02373253199682288,0.037742224907069105,0.011412100897537726,0.02152154023510723,0.02551050384908658,0.024386057048451152,0.008510210727561555,0.017940324503574263,0.01770944064654488,0.01688789918665607,0.019455111882446387,0.018460164320889594,0.01915258420810167,0.017565538103256555,0.01795869167116759,0.016440556061953927,0.019416703223193006,0.017366772590945195,0.018345653084988083,0.013736728733915805,0.012003201701350275,0.013966299704527401,0.013225849861795072,0.016877128028594125,0.013515267606036534
Gold ,0.013176845687053216,0.007600424598888006,0.007437607656870531,0.007666932406671962,0.00825862552025417,0.012178689944400313,0.008988264702144557,0.010469421024622715,0.009080963280381254,0.005381341771247018,0.0095859662827641,0.009619046401906275,0.016126658649722,0.017842739539316917,0.010139424678316125,0.007989664408260525,0.011056717172359013,0.013695915830023829,0.03128539947577442,0.017669928729150117,0.015852706632247818,0.012446594138204927,0.014656901366163622,0.007650769102462272,0.017634153042096902,0.011412100897537726,0.18628262988880057,0.051989054344718025,0.059530226314535355,0.04514227440826051,0.010925697323272436,0.01309769343129468,0.008026191699761714,0.008547215138999207,0.011831962049245432,0.010561866687847497,0.011734141755361397,0.010605140778395552,0.008487965679110403,0.01229019149324861,0.011154187728355835,0.014142131866560756,0.007126996417791899,0.004015722621127878,0.0013448337648927719,0.002453343923749008,0.008651347704527398,0.00959919880857824,0.01076122740270056
Mines,0.02186484789197776,0.01337842569340747,0.012438012600476566,0.013166915170770456,0.009951785375694992,0.023910828352660837,0.022994289588562346,0.024666448308181096,0.023007719094519454,0.022275396476568704,0.023880692768864172,0.022711614919777603,0.03430445604447976,0.0366768147926926,0.02348809964416203,0.022454483046862588,0.030189677261318507,0.03507797199364574,0.05031864459412231,0.03845926788562351,0.03600342886417791,0.03066694577918983,0.03414044582049246,0.023635075577442412,0.04005977236536934,0.02152154023510723,0.051989054344718025,0.08083629012867355,0.07259926828594122,0.07156120664654489,0.011487463043685461,0.026763265305798253,0.02576699703574264,0.024714653814138208,0.029661414424146146,0.02766557633042097,0.028192580330420967,0.025380871949166002,0.025158116749801427,0.02552720232247816,0.032953758567116756,0.029647307723590147,0.024476503024622717,0.01876157857982525,0.017233804641779184,0.01767445389674345,0.021667871256552815,0.02591509551707705,0.021955224457505952
Coal ,0.023816104857823667,0.013703780617950755,0.013388120972200155,0.012900799984114373,0.0107278750420969,0.02779095394440031,0.02255341074821287,0.02587045535345511,0.024919172287529788,0.02862544144082605,0.026054178606830816,0.02595269830341541,0.03623163183478952,0.04259975579348689,0.02518894322637013,0.021601508344718027,0.032554125807783954,0.041052728586179504,0.06447553754090547,0.04360400369976172,0.04088984752184274,0.03421434773312151,0.03706093543129467,0.026084883694996022,0.04809181087212073,0.02551050384908658,0.059530226314535355,0.07259926828594122,0.2271451991278792,0.09476625903733121,0.014073697364575056,0.0299632326370135,0.028493373008737093,0.026342192765687052,0.032949765067513896,0.02871195609213662,0.032142419401111996,0.027944390487688642,0.028343208179507546,0.027217775896743443,0.03547923449245433,0.03409281128196982,0.028312168131850664,0.019252472193804604,0.01894403163939635,0.019257256819698167,0.025759696959491655,0.02860035783637807,0.02400349977124702
Oil  ,0.02650218105162828,0.01575923112946783,0.013189085286735508,0.016404061604447972,0.011155447841143763,0.027014872838760924,0.026592051634630662,0.02987924517871326,0.026882096330420973,0.029444424063542488,0.02872951077362986,0.02665726720889595,0.038319981826846705,0.04600167699444003,0.027136810554408256,0.025332161671167596,0.03523609995869738,0.041640134837172355,0.05855870492136616,0.04717387888165211,0.04573886420969023,0.036538360876886423,0.040493569334392375,0.027444508568705322,0.050895682535345516,0.024386057048451152,0.04514227440826051,0.07156120664654489,0.09476625903733121,0.13073689648292297,0.016661656463860208,0.03282384025416998,0.03141669892930898,0.028884326996028595,0.034057800921366156,0.03139111123113582,0.03259645749324861,0.02973535708975377,0.029374929175536153,0.029312242459094518,0.040347154490865775,0.03681272023510723,0.029615921613979346,0.02069303435107228,0.02063149338840349,0.021877374760921366,0.026911478227164415,0.031256047866560756,0.02726289636854647
Util ,0.00878728509610802,0.009978180808578237,0.008397004562351072,0.008755708768864178,0.010197571722001588,0.008076862157267672,0.007253838389197773,0.00931449316123908,0.008719898387609214,0.007960462028594123,0.00792397142652899,0.007844445912629068,0.00878259860206513,0.010724394522637012,0.008720371947577443,0.008223939131056393,0.009455723742652897,0.011502567633042098,0.011934020718030184,0.011497038457505958,0.010231254924543288,0.00959715716918189,0.01027224647180302,0.008746929477362985,0.011951139482128672,0.008510210727561555,0.010925697323272436,0.011487463043685461,0.014073697364575056,0.016661656463860208,0.018013296665607623,0.010142683979348694,0.010153895073868149,0.008774963154884829,0.00863884729150119,0.008665068117553612,0.00869338349960286,0.008935586135027797,0.009991484017474187,0.010913838136616361,0.010045061339158064,0.009638440003177123,0.008745547639396348,0.007778672543288324,0.005710260583002383,0.008565075787132644,0.008704828905480539,0.007981681204130262,0.008926497642573472
Telcm,0.017297190182684666,0.013476262915011914,0.014673734233518667,0.012960898347895152,0.01081520588562351,0.018645547418586178,0.018355504543288326,0.020098432716441624,0.01850936213661636,0.01822920839555202,0.019377153447180297,0.01847957285146942,0.025687161207307383,0.02302378157267673,0.01761569117553614,0.019543468379666397,0.021080008165210485,0.024955983725178713,0.027250194551231136,0.024037518943606034,0.023251355718824467,0.021510511056393962,0.02421021564733915,0.01850165672756156,0.025840843240667186,0.017940324503574263,0.01309769343129468,0.026763265305798253,0.0299632326370135,0.03282384025416998,0.010142683979348694,0.02758180294678316,0.019628163995234312,0.019840994551231127,0.022669239253375693,0.022267970484511516,0.022185889459888797,0.019474413884034952,0.020244163899920568,0.018305205694996027,0.022167478339952345,0.020758051739475772,0.020581671016679907,0.016139382954725973,0.014482884980142968,0.016017074312946782,0.017266030087370928,0.019889759729944403,0.016618206560762513
PerSv,0.017954208946783165,0.01233706862748213,0.013131937931691819,0.012236036648133438,0.008809735664813344,0.018485413426528985,0.017513261245432888,0.02005135376489277,0.01844658097696584,0.019541363992057185,0.019766800011119936,0.018011058138204923,0.026114134646544877,0.023011140536934073,0.01850957804447974,0.01944193839078634,0.02160542596346306,0.02662056704527403,0.028024928765687053,0.02583774193963464,0.023522845949166,0.020854728549642574,0.02519055108181096,0.019255884660841938,0.028595337849086574,0.01770944064654488,0.008026191699761714,0.02576699703574264,0.028493373008737093,0.03141669892930898,0.010153895073868149,0.019628163995234312,0.03320710838919778,0.020033467504368546,0.022217983240667195,0.021077181572676726,0.021535327318506752,0.019796399027799838,0.0205114771898332,0.01896775004447974,0.024592112989674345,0.02097728142652899,0.02148231186814932,0.016687698513105642,0.015452417510722792,0.01686762076568706,0.01680473300079428,0.020196931790309774,0.01561134610643368
BusSv,0.01645469033836378,0.012084957353455121,0.013328746643367747,0.011805720413026207,0.008843947917394757,0.017796476136616366,0.017127047269261318,0.018854522112787927,0.01754870988085782,0.017973371281969814,0.019674256549642576,0.01882413695313741,0.026110370802223982,0.022393709884034944,0.017614672416203334,0.018864632625893565,0.020478027602859408,0.02425202975377283,0.026188712965845906,0.024562925709293092,0.022750699491660045,0.0209329087974583,0.023848192031771243,0.01814799363939635,0.02503354033995234,0.01688789918665607,0.008547215138999207,0.024714653814138208,0.026342192765687052,0.028884326996028595,0.008774963154884829,0.019840994551231127,0.020033467504368546,0.02213445692772041,0.02199089515488483,0.02219154141382049,0.02179956473073868,0.01976602972517871,0.019741689776012705,0.017804479399523433,0.022307534961080223,0.019809877572676726,0.01971993196822875,0.015810888317712473,0.014615079399523431,0.016073743046862588,0.016307466745035745,0.019614800838760924,0.015972822964257342
Hardw,0.0178216197299444,0.012725181652104848,0.01456559307386815,0.012323432756155678,0.009409066068308181,0.020938571945988874,0.019641283335980936,0.021019272708498807,0.020056055170770453,0.020121236171564735,0.021575155726767273,0.021690009817315326,0.03173782131850675,0.025180336457505958,0.01958287026211278,0.020905526878474974,0.022841398093725183,0.027169595726767273,0.02961817556791104,0.026873197982525816,0.02603818298649722,0.02357241715647339,0.026897213185067517,0.02034705566322478,0.02820862176330421,0.019455111882446387,0.011831962049245432,0.029661414424146146,0.032949765067513896,0.034057800921366156,0.00863884729150119,0.022669239253375693,0.022217983240667195,0.02199089515488483,0.0346016891183479,0.02669096813343923,0.027257862668784747,0.023424186624305003,0.0215327357426529,0.019316349023034154,0.024547558459094523,0.022107137442414614,0.021574430420969015,0.017501322192216045,0.01544705135822081,0.016607408165210488,0.018944332740270055,0.022369015726767277,0.017824611691818905
Softw,0.017636235996822874,0.01213664638602065,0.014133141127879268,0.012783235742652898,0.009138367116759335,0.019938108435266083,0.020176442319301033,0.02036327301032565,0.01905497833200953,0.01966729388403495,0.022107778840349483,0.02252934833995234,0.032080608514694194,0.023914428784749798,0.01858514624305004,0.020420580047656865,0.021828171945988878,0.026173034694201743,0.027115534614773625,0.02509296285941223,0.02441497992057188,0.023107176139793486,0.025429801620333595,0.019681414678316123,0.02683913436060366,0.018460164320889594,0.010561866687847497,0.02766557633042097,0.02871195609213662,0.03139111123113582,0.008665068117553612,0.022267970484511516,0.021077181572676726,0.02219154141382049,0.02669096813343923,0.029958050262112776,0.025595167180301817,0.022679975980937253,0.020440272025416997,0.018266362096902303,0.02299491552025417,0.02124764082605242,0.020879113296266877,0.017505053216838762,0.014892114630659252,0.01651826233518665,0.018316661477362984,0.021549449912629078,0.017474952978554403
Chips,0.018387908600476573,0.012442615213661636,0.01417801270214456,0.012446010341540902,0.009586648128673549,0.021058164073073864,0.019135271545671167,0.020657151509134233,0.019530032859412225,0.019067987134233515,0.021404745415409057,0.02143673081175536,0.030775501000794278,0.02526951125655282,0.019286264881652103,0.021191207385226368,0.022780619456711674,0.026914300833995226,0.029205726459094524,0.027302069876092135,0.026164813891977758,0.024280568536934072,0.026606702497220015,0.020257150592533756,0.027785678081016684,0.01915258420810167,0.011734141755361397,0.028192580330420967,0.032142419401111996,0.03259645749324861,0.00869338349960286,0.022185889459888797,0.021535327318506752,0.02179956473073868,0.027257862668784747,0.025595167180301817,0.029807051912629067,0.024101481359809367,0.021430799248610004,0.019372826181096106,0.024162079331215246,0.021655026061953936,0.020955991639396345,0.01686285537410643,0.015288478524225574,0.01663493668625893,0.018240265779189833,0.021958404660841934,0.01729610811437649
LabEq,0.01615439014455917,0.011632649861795076,0.012651763882446383,0.011911133280381252,0.009448608495631453,0.01766958067672756,0.017317778668784752,0.01806633636219222,0.017787457029388404,0.01764219053852263,0.01916860237648928,0.019686937353455124,0.027560853693407467,0.02316949128514694,0.017877653013502776,0.01863434636378078,0.02100178448292295,0.024771652041302616,0.026950974462271644,0.024833654849880853,0.024066720571882447,0.021531741884034946,0.024242893992057188,0.01873999541223193,0.025079798201747414,0.017565538103256555,0.010605140778395552,0.025380871949166002,0.027944390487688642,0.02973535708975377,0.008935586135027797,0.019474413884034952,0.019796399027799838,0.01976602972517871,0.023424186624305003,0.022679975980937253,0.024101481359809367,0.026027253350277998,0.020032786637013498,0.01844733954567116,0.022371234147736296,0.019845559243844322,0.018668832133439235,0.015335253235901508,0.013896063421763305,0.015734637007148534,0.01628606785067514,0.019626423726767272,0.015802616158856232
Paper,0.016577084022239872,0.013324077714058778,0.013473380219221603,0.012686287355043683,0.010168184910246226,0.017975839923749005,0.01705314553455123,0.02001784380460683,0.019030639849086577,0.018399670044479746,0.018957285571088164,0.017416802697378872,0.024064748721207306,0.02390556223669579,0.018945741952343127,0.02020214325178713,0.021913936813343922,0.025932640182684673,0.028576627923749008,0.026950465434471806,0.02389420077045274,0.021856571440826054,0.0263424007720413,0.01909039030023828,0.027220631891977758,0.01795869167116759,0.008487965679110403,0.025158116749801427,0.028343208179507546,0.029374929175536153,0.009991484017474187,0.020244163899920568,0.0205114771898332,0.019741689776012705,0.0215327357426529,0.020440272025416997,0.021430799248610004,0.020032786637013498,0.029502613837966644,0.021405833062748212,0.022997392163621917,0.02104107081493248,0.020907632630659246,0.016209784581413818,0.015370775731532962,0.017051211266084186,0.01746146732962669,0.01961057207625099,0.01589401050675139
