,Agric,Food ,Soda ,Beer ,Smoke,Toys ,Fun  ,Books,Hshld,Clths,Hlth ,MedEq,Drugs,Chems,Rubbr,Txtls,BldMt,Cnstr,Steel,FabPr,Mach ,ElcEq,Autos,Aero ,Ships,Guns ,Gold ,Mines,Coal ,Oil  ,Util ,Telcm,PerSv,BusSv,Hardw,Softw,Chips,LabEq,Paper,Boxes,Trans,Whlsl,Rtail,Meals,Banks,Insur,RlEst,Fin  ,Other
Agric,0.05236074842096903,0.02499029995710881,0.03029394238760921,0.024069076722795856,0.02651088794440033,0.03025090315329627,0.04515155916123908,0.03985413310722796,0.036519145710881655,0.04478239848133438,0.04117367841779188,0.03186039764892772,0.035633067717235886,0.04236024768705321,0.03390080673550436,0.040100290332009514,0.04219208312311357,0.04787995856235108,0.04777065202541699,0.04164964437331214,0.044707604602065125,0.0397541456282764,0.04437719546306591,0.04418293672279585,0.045593851863383654,0.024809615480540108,0.019901236675139003,0.05096113029388403,0.05071170836854646,0.06119917027958698,0.028327017316918182,0.03883685861318507,0.0418981729324861,0.03868989622875299,0.04014547245274026,0.0323226642652899,0.035509752648133434,0.032452323864972196,0.04154797673232724,0.03819362412390785,0.04369241622557586,0.04095489278316124,0.04106461993486894,0.04277305521207306,0.04130981983320095,0.03567392646386021,0.04027439701191422,0.03880237866719618,0.03141644664019062
Food ,0.02499029995710881,0.03011061976012708,0.029070435312152497,0.020669092932486095,0.024915796970611588,0.024041312907069103,0.030481394878474982,0.02891051552501984,0.02859158161239078,0.0311735003208896,0.03101004859729944,0.02287230843526609,0.025002877305798265,0.030692610686258937,0.025427245019857034,0.028295426039714064,0.031124196915011924,0.0343071314297061,0.03351424551231137,0.029959327544082613,0.03210981591898332,0.029737683445591745,0.031059488120730745,0.03041408586338364,0.03096841624146148,0.021689571350277995,0.02063139639555203,0.0340970516282764,0.033828672142970605,0.04077748708975376,0.02585227820969023,0.030018178555996818,0.030900540195393168,0.02850127604130262,0.03003413785067514,0.025214263248610005,0.026794403552025423,0.024892891038919777,0.030396459998411438,0.029864507351866562,0.030505070725972996,0.02993727544241461,0.030857833577442404,0.02977607998093725,0.029005850397140584,0.027842339756949955,0.028918178787926924,0.028266705707704527,0.024040490230341542
Soda ,0.03029394238760921,0.029070435312152497,0.09608671577283556,0.027445193472597298,0.030581580910246223,0.03352277220810165,0.04378189600635426,0.03707111423828435,0.03832661352660841,0.04004154003494838,0.04079718842255759,0.032806508371723574,0.03614702694837173,0.039698015213661626,0.032158808419380465,0.037920041702938834,0.04104505232406673,0.045868853320095306,0.043903075440826056,0.03621346948212868,0.04234467709451945,0.041521240792692614,0.04200316135345513,0.04124866039872914,0.04061734523272437,0.027458331556791095,0.027146810073073867,0.04351340679904685,0.0431327900460683,0.04867550518347895,0.030499483086576656,0.03953351290071487,0.039691810965845904,0.038826191783955515,0.04219186628594122,0.03604603851469419,0.03779384434630659,0.03411766649563145,0.03928563469261318,0.037691474627482124,0.04125740406989674,0.038245390184273226,0.04023855737410642,0.041566163571088166,0.03764866080222398,0.035407513593328034,0.04047262773153297,0.037697537304209675,0.03321621442414615
Beer ,0.024069076722795856,0.020669092932486095,0.027445193472597298,0.044408265320095314,0.02359444121842731,0.023221844201747412,0.03287330907704526,0.02815205489594917,0.026702924694201737,0.03214541500873709,0.03028807025893566,0.022776081556791103,0.0240566219158062,0.030107450664019063,0.024435943383637807,0.029525302538522636,0.030096490932486106,0.03419398342335186,0.03264059188244639,0.030259882146147745,0.030783375089753772,0.029102979938046076,0.030203578249404287,0.03179812023669578,0.03183086201111994,0.018501770095313733,0.017502106289118344,0.033303933439237494,0.03351251680063542,0.03971645454646545,0.024400321472597304,0.02860938214297061,0.029791602171564735,0.027917904196981726,0.029236438511517072,0.02583404194598888,0.026576671555202536,0.02478003480698967,0.03059759108975378,0.029010770614773633,0.030931288733915808,0.02878974530420969,0.02979547485782367,0.0309565398443209,0.02813162324861002,0.026902458718030188,0.028308587725178698,0.028309079042096903,0.02365250757744242
Smoke,0.02651088794440033,0.024915796970611588,0.030581580910246223,0.02359444121842731,0.06466598419539317,0.026313417164416205,0.035413608724384434,0.031478709517077055,0.030558838689436044,0.035302687949166,0.03461482602700556,0.02511656721207308,0.025594709718824455,0.030172160173153304,0.026299442573471013,0.02950383940270055,0.0333752802319301,0.03771779940428911,0.034810494090548046,0.030907954222398722,0.03330461084511518,0.02987562233995234,0.03225579663860206,0.03372721953455123,0.03170506034630659,0.021535960246227163,0.023453417437648925,0.037917218459094515,0.03614988155361398,0.042700990088959515,0.02859488633995234,0.03188303861318506,0.031456583814138205,0.03012461476727561,0.030746617377283552,0.025486521183478952,0.027594219431294694,0.027139965183478942,0.03162406113264496,0.03160607467196187,0.03247064501032565,0.03155289387926925,0.03162954411278792,0.03465600968387609,0.030976736354249412,0.030124435868149325,0.032097079029388395,0.03043262672120731,0.026433730579825253
Toys ,0.03025090315329627,0.024041312907069103,0.03352277220810165,0.023221844201747412,0.026313417164416205,0.062332690889594915,0.0467975322319301,0.03802571363780778,0.04006748842732328,0.045041465861795076,0.044388257442414585,0.034667653343923736,0.04116932139793487,0.04243964876092134,0.035620679714058766,0.03877700673550437,0.0423411991262907,0.04943721104845116,0.04768009701350278,0.039301056814932483,0.04503708655281969,0.04139176544082605,0.04610162725972996,0.04294900901509134,0.0461311466878475,0.02989940185067513,0.02875088266084194,0.051176214710087375,0.0490009533121525,0.06035058245432882,0.025418871207307386,0.03905567873709293,0.04276219174741857,0.03993757181890389,0.04500993233518664,0.039772556020651315,0.04101510100079428,0.03681629745035743,0.04068156779189833,0.03685136277998412,0.04235620637013502,0.04073972161239079,0.044607518959491645,0.042948536139793506,0.03530223848292294,0.034022468125496426,0.039784612922954724,0.039136453177124705,0.033992616934074654
Fun  ,0.04515155916123908,0.030481394878474982,0.04378189600635426,0.03287330907704526,0.035413608724384434,0.0467975322319301,0.09014166230976968,0.059936620193804614,0.052571529467831585,0.06723677037013503,0.06321230901985703,0.0465349194598888,0.04989094960444799,0.05902884226846704,0.04669122875297854,0.0575035877807784,0.060606954872120755,0.0718593087847498,0.06609551224781575,0.055515044092136624,0.06336787736934076,0.0585069689531374,0.0651576744845115,0.07109951165051627,0.062463467158061926,0.030616027926926102,0.02574887613026212,0.071447082573471,0.06419068053375694,0.08953618435583796,0.0360452153328038,0.05615827902144558,0.0618470339189833,0.058317917159650505,0.06182411546942015,0.05001054052422558,0.051655819895154886,0.048624021566322465,0.06040384088324067,0.05049408913741066,0.0632778111644162,0.05799333125337569,0.06030909840826051,0.07401274705639393,0.05786324657664813,0.05061897078316122,0.06123242984590946,0.05647232151231134,0.04808313976171564
Books,0.03985413310722796,0.02891051552501984,0.03707111423828435,0.02815205489594917,0.031478709517077055,0.03802571363780778,0.059936620193804614,0.07541236106592535,0.04691320239078632,0.0594008338427323,0.05225855336616362,0.03880347631453536,0.04137800976648135,0.05280825489912629,0.043060556378077854,0.05204052728196981,0.05452240623669578,0.061327316497220015,0.062342950484511536,0.05653897330103255,0.057304733466243055,0.05151345870214454,0.058532389744241464,0.0582883534980143,0.05730128147418588,0.03148604137410645,0.024616810336775218,0.062084110341540925,0.0643328705289913,0.07926801777760127,0.03427287711040508,0.04997084024940429,0.053556801526608425,0.050790755513899916,0.051700250911834805,0.0394405262192216,0.04410151607942812,0.03975984977442413,0.056105091712470204,0.04747255521207306,0.05690166232565528,0.052585985809372515,0.05338976779825259,0.05751682576012708,0.054544927315329624,0.04600840328673552,0.052595466209690224,0.04914435000953137,0.040310493693407466
Hshld,0.036519145710881655,0.02859158161239078,0.03832661352660841,0.026702924694201737,0.030558838689436044,0.04006748842732328,0.052571529467831585,0.04691320239078632,0.051977444567116754,0.054231569944400315,0.049555283272438445,0.037435630754567115,0.04196039755361398,0.04888486653693407,0.0404145018903892,0.04636253731532962,0.05001528652899127,0.05795736776012708,0.055411868641779195,0.04842782461477363,0.05189962308975376,0.04723375020651309,0.053699838697378856,0.051573039150119154,0.053973855504368555,0.03158199754567117,0.02601025141382048,0.05649270964257347,0.05713119461477363,0.06915634545671168,0.031090928316123912,0.0455447317474186,0.04901972532962669,0.04567646595710882,0.04850829559173948,0.0397503338602065,0.042654054074662426,0.03979099814932485,0.04897188958697377,0.04360778861000795,0.05023733621922159,0.04733670030976965,0.05154743694201748,0.0513440647815727,0.04520213066719619,0.04118890569499603,0.0466079322398729,0.044782540436854645,0.03717656336775217
Clths,0.04478239848133438,0.0311735003208896,0.04004154003494838,0.03214541500873709,0.035302687949166,0.045041465861795076,0.06723677037013503,0.0594008338427323,0.054231569944400315,0.09426374782525813,0.05908301994598886,0.042500193804606824,0.04465287239396346,0.05802584765051628,0.046703795615567915,0.05888000657029387,0.060392195971405875,0.0699841577760127,0.06816643008737096,0.06042651862112788,0.06303418203018268,0.05578165638125498,0.06607407716600477,0.06570227959968226,0.06489633431612392,0.03451205626687847,0.019912494023828435,0.0680529355361398,0.06645786190945197,0.08590899428752978,0.03679992890230341,0.05364498606513107,0.06067795219062749,0.055876107266084184,0.05903540024781569,0.0455737114217633,0.04935518158538524,0.045630761226370144,0.06057216761239077,0.053116855065925325,0.06286356345671167,0.057440787526608396,0.06712336593486895,0.06765432289753771,0.0585183608260524,0.05080365225734709,0.057914699787132616,0.05490730192851468,0.04361257442414613
Hlth ,0.04117367841779188,0.03101004859729944,0.04079718842255759,0.03028807025893566,0.03461482602700556,0.044388257442414585,0.06321230901985703,0.05225855336616362,0.049555283272438445,0.05908301994598886,0.08524641788085784,0.04913506624305003,0.05619434295790308,0.053425956943606044,0.044178606163621924,0.0519047733375695,0.05671253960921364,0.06625555990468625,0.06044482115965051,0.05633396456235107,0.0582204602827641,0.05496541123431294,0.05865866725337572,0.059486094119142185,0.05812610645274025,0.032007840127084984,0.03211844128355838,0.06463234611596504,0.05746619700079426,0.0768839328737093,0.03672566596346306,0.05108111457982525,0.05548166815567909,0.053101115558379666,0.05892167132009532,0.049205293629864984,0.05042843804289119,0.04822421485623511,0.05248137901826844,0.04883457376330422,0.05772226372676727,0.053584757185067514,0.056942445172359,0.06242540496266877,0.05075495205718822,0.048648865442414604,0.052838653845909404,0.05207931149166005,0.04468816740270056
MedEq,0.03186039764892772,0.02287230843526609,0.032806508371723574,0.022776081556791103,0.02511656721207308,0.034667653343923736,0.0465349194598888,0.03880347631453536,0.037435630754567115,0.042500193804606824,0.04913506624305003,0.04663320851469418,0.04880559577442414,0.04140607320095313,0.03556849051628275,0.03792064092136616,0.042182168482922944,0.04896288425734711,0.046403805432883236,0.0408202783796664,0.04476197016679905,0.04313891793486893,0.043830435170770454,0.043648646449563136,0.044151111008737094,0.026071190436854647,0.024414469134233518,0.04997329426528993,0.047256550500397135,0.05983920444797458,0.02577238703733122,0.03939121655281969,0.0405868746624305,0.04104305645750596,0.04464151555202542,0.040111645401112006,0.04087352848292296,0.038164263351866554,0.03921030103256553,0.03571556355837967,0.041941510754567105,0.040275652803812546,0.0409130217633042,0.04256008308181097,0.03702949776012708,0.03483867494837173,0.04049033903097698,0.03980501166004765,0.034716101382049246
Drugs,0.035633067717235886,0.025002877305798265,0.03614702694837173,0.0240566219158062,0.025594709718824455,0.04116932139793487,0.04989094960444799,0.04137800976648135,0.04196039755361398,0.04465287239396346,0.05619434295790308,0.04880559577442414,0.07503292019698174,0.04744798333915806,0.039317684066719615,0.041549133362986504,0.047464044619539326,0.054854009467831595,0.054785766354249386,0.04634609674980143,0.051233548111199366,0.04810764531215252,0.04962552284670374,0.04594312866719619,0.050136458084193807,0.031393597140587766,0.03213420568069896,0.05929454722795871,0.057680078799046845,0.06917424938522634,0.025878830544876885,0.044362711955520245,0.04663640833677521,0.04542723127561556,0.05176703912946783,0.048412380714853064,0.04811361206671961,0.04329609017315329,0.04313262964892772,0.03937884395234314,0.04723032291024621,0.045520894894360606,0.04712457596822876,0.04485083531056393,0.039307035043685476,0.03745134832724385,0.04418253202859412,0.0453911023796664,0.04018618986497219
Chems,0.04236024768705321,0.030692610686258937,0.039698015213661626,0.030107450664019063,0.030172160173153304,0.04243964876092134,0.05902884226846704,0.05280825489912629,0.04888486653693407,0.05802584765051628,0.053425956943606044,0.04140607320095313,0.04744798333915806,0.0676497682779984,0.04551179113582209,0.05184623881810962,0.05796043042732325,0.0648389061397935,0.06959130981731529,0.05933062169499602,0.06352730654964256,0.055824914625893556,0.06294991678474979,0.058741986724384423,0.062165731615567904,0.034592955845909455,0.031935267836378074,0.07349944279586972,0.0738194430214456,0.09038219481969818,0.03435667721842733,0.05090376853534552,0.05393959292930898,0.052105936241461454,0.055540549834789524,0.04479242375694995,0.05020871559650516,0.04600493165528197,0.05728311878792692,0.05329536075297857,0.05992210723749006,0.055552551426528984,0.054195464306592535,0.05414585598729149,0.05287128636219224,0.046806449723590146,0.053128314838760904,0.05165212590786338,0.04267943247021444
Rubbr,0.03390080673550436,0.025427245019857034,0.032158808419380465,0.024435943383637807,0.026299442573471013,0.035620679714058766,0.04669122875297854,0.043060556378077854,0.0404145018903892,0.046703795615567915,0.044178606163621924,0.03556849051628275,0.039317684066719615,0.04551179113582209,0.0570414892454329,0.040453643621922164,0.046028960921366165,0.05385882354249403,0.05230859853852262,0.04820409254964258,0.048194402414614784,0.043489783923749005,0.048738882096902296,0.04557086802223988,0.04889946487688643,0.029295444130262107,0.020218810675139004,0.05384232511517078,0.0535442672279587,0.06573015456711677,0.027532368419380466,0.04076999158061955,0.04474941140587769,0.04191617636219223,0.04465924895949166,0.03596519914217633,0.03919988857823669,0.03600850662430501,0.045007517807783955,0.040393524130262114,0.04450435914217632,0.04362493896743448,0.04385544635424941,0.04497712679904686,0.042194099602859414,0.036908677712470216,0.0426316548689436,0.04107647104050836,0.03385610903891977
Txtls,0.040100290332009514,0.028295426039714064,0.037920041702938834,0.029525302538522636,0.02950383940270055,0.03877700673550437,0.0575035877807784,0.05204052728196981,0.04636253731532962,0.05888000657029387,0.0519047733375695,0.03792064092136616,0.041549133362986504,0.05184623881810962,0.040453643621922164,0.08026382610961078,0.05375808709134233,0.06111205016679906,0.06027977667990468,0.05455128440349482,0.055885840806989676,0.05119099801747417,0.05748090207466243,0.056916670227164415,0.05704308913741066,0.029792538459094506,0.02443724338046068,0.05933067990468627,0.05667808716759333,0.07082923406513104,0.03367282145194599,0.04848976379348689,0.05229860734551232,0.04888981655917396,0.05115878118506751,0.040162407116759315,0.04479986250675139,0.04091524421286735,0.05455785288641779,0.04710175444638601,0.05523735850039712,0.051007771958697386,0.053073187888800645,0.05437331003018269,0.052101505385226364,0.04425822741223193,0.05065195328991262,0.04841863238125497,0.039229000190627486
BldMt,0.04219208312311357,0.031124196915011924,0.04104505232406673,0.030096490932486106,0.0333752802319301,0.0423411991262907,0.060606954872120755,0.05452240623669578,0.05001528652899127,0.060392195971405875,0.05671253960921364,0.042182168482922944,0.047464044619539326,0.05796043042732325,0.046028960921366165,0.05375808709134233,0.06819115545035742,0.07041325539316919,0.06693024752978555,0.05996147106910244,0.06245250316441622,0.056234253531374095,0.06300831539952344,0.06124996047974583,0.06229372906751391,0.035357516806989675,0.02942073547577442,0.07009767965051629,0.06555713049722003,0.08051226310722795,0.03553855911993646,0.05120720232247815,0.05536072070849882,0.052996652892772035,0.05606622080063543,0.0449942684511517,0.049723286468625894,0.046545670179507545,0.056898991958697374,0.05251942499761712,0.05920461973629866,0.05542879650833995,0.05656445622557582,0.05733243541858617,0.054521004495631444,0.04847393288959492,0.0543371156378078,0.05279286215409055,0.04249163409054804
Cnstr,0.04787995856235108,0.0343071314297061,0.045868853320095306,0.03419398342335186,0.03771779940428911,0.04943721104845116,0.0718593087847498,0.061327316497220015,0.05795736776012708,0.0699841577760127,0.06625555990468625,0.04896288425734711,0.054854009467831595,0.0648389061397935,0.05385882354249403,0.06111205016679906,0.07041325539316919,0.09447596688641781,0.07420875725178712,0.06378707282764097,0.0695940374980143,0.06374652013502781,0.07189388152501985,0.07077915576648133,0.07024145874503575,0.037665014781572685,0.033242430238284354,0.0785530796505163,0.0711317486100079,0.09062809397140584,0.03928007997617154,0.05779372127879268,0.06367756153296267,0.060495169722001564,0.0654332969102462,0.05228760841143765,0.05650562027005563,0.052936723375694994,0.06387162666401906,0.05773496509928514,0.06635179102462271,0.06307566254964254,0.06619372709293088,0.06933013810961078,0.05967558208895948,0.05385535521048451,0.0639766194678316,0.05910920647339158,0.048599286799046876
Steel,0.04777065202541699,0.03351424551231137,0.043903075440826056,0.03264059188244639,0.034810494090548046,0.04768009701350278,0.06609551224781575,0.062342950484511536,0.055411868641779195,0.06816643008737096,0.06044482115965051,0.046403805432883236,0.054785766354249386,0.06959130981731529,0.05230859853852262,0.06027977667990468,0.06693024752978555,0.07420875725178712,0.10037276343129467,0.07445846368546463,0.074381329197776,0.06294333237490073,0.07360997617156471,0.06896120544876887,0.07357288139793486,0.04149620300238283,0.04082247207307387,0.09114817328038124,0.09358175288324067,0.10723831728355843,0.03752771328038126,0.058646301525019845,0.06358094549642573,0.05960966255758539,0.06319848741858618,0.04890507092930896,0.05611022551231136,0.05078752268467037,0.0664418204765687,0.06019867866560762,0.07046050996028592,0.06538513996822876,0.06358386193804606,0.06295262201747417,0.06328913710881652,0.05364721075456711,0.0595596194598888,0.05988802136616361,0.04691335027799842
FabPr,0.04164964437331214,0.029959327544082613,0.03621346948212868,0.030259882146147745,0.030907954222398722,0.039301056814932483,0.055515044092136624,0.05653897330103255,0.04842782461477363,0.06042651862112788,0.05633396456235107,0.0408202783796664,0.04634609674980143,0.05933062169499602,0.04820409254964258,0.05455128440349482,0.05996147106910244,0.06378707282764097,0.07445846368546463,0.1302538813963463,0.06523200646703733,0.05749392673391581,0.0645007401302621,0.05999013591898331,0.06460432674185863,0.03600869349483717,0.03374736432247816,0.07518524949960284,0.07631616685305798,0.09112273339634629,0.036207646327243846,0.05101186797617158,0.056562591045274016,0.05235650971882447,0.054002050336775215,0.04150412127879269,0.04933473108181097,0.04499668962509928,0.05811009575694995,0.05228591402382843,0.06195889846227165,0.055897611884034935,0.05393714082128672,0.05556157408737093,0.05817881749801429,0.0491901753884035,0.05229203284670371,0.05184045231612391,0.0429204805401112
Mach ,0.044707604602065125,0.03210981591898332,0.04234467709451945,0.030783375089753772,0.03330461084511518,0.04503708655281969,0.06336787736934076,0.057304733466243055,0.05189962308975376,0.06303418203018268,0.0582204602827641,0.04476197016679905,0.051233548111199366,0.06352730654964256,0.048194402414614784,0.055885840806989676,0.06245250316441622,0.0695940374980143,0.074381329197776,0.06523200646703733,0.07103692965687053,0.059812651518665605,0.06742741319777601,0.06485258327084989,0.06683647913582207,0.03709768250198568,0.030836267814138223,0.07688325747418585,0.07667926730103258,0.09749578290230342,0.03619844287053217,0.05450774547895155,0.058361064633836376,0.05591805088482922,0.0599340852787927,0.04776274949166006,0.05405765306433677,0.04994301336139792,0.06052350988244639,0.05549044025734709,0.06439665308657665,0.05937585399364575,0.05816776477045273,0.05969823490389198,0.05746360828435265,0.05039438380142971,0.05654681955996823,0.05586558919301034,0.045242475742652895
ElcEq,0.0397541456282764,0.029737683445591745,0.041521240792692614,0.029102979938046076,0.02987562233995234,0.04139176544082605,0.0585069689531374,0.05151345870214454,0.04723375020651309,0.05578165638125498,0.05496541123431294,0.04313891793486893,0.04810764531215252,0.055824914625893556,0.043489783923749005,0.05119099801747417,0.056234253531374095,0.06374652013502781,0.06294333237490073,0.05749392673391581,0.059812651518665605,0.07385299014932485,0.05993003436378078,0.05713080527561557,0.05869525611437648,0.03375906776012708,0.030536650708498817,0.0696244557585385,0.06410906464495632,0.08158643058459095,0.033309793205718835,0.050149786133439234,0.05367436966322475,0.050803373007148524,0.054302747429706096,0.044445802708498815,0.05019068892136617,0.046159271229547265,0.05361265944241461,0.04795091608895947,0.05556789140905481,0.052565289183478955,0.053112696277998396,0.054476047796664026,0.05017071646544877,0.04470779381572676,0.05198998630182684,0.04990639973471008,0.04220654150913422
Autos,0.04437719546306591,0.031059488120730745,0.04200316135345513,0.030203578249404287,0.03225579663860206,0.04610162725972996,0.0651576744845115,0.058532389744241464,0.053699838697378856,0.06607407716600477,0.05865866725337572,0.043830435170770454,0.04962552284670374,0.06294991678474979,0.048738882096902296,0.05748090207466243,0.06300831539952344,0.07189388152501985,0.07360997617156471,0.0645007401302621,0.06742741319777601,0.05993003436378078,0.07954531128832408,0.06464956811437647,0.06810703916123909,0.03682007383637807,0.028254719980937263,0.07451171050039715,0.07238709002700557,0.09056228918824462,0.03305444915647339,0.05400807804289118,0.05945673468467036,0.05608262393010325,0.06112529355996823,0.04700661550436855,0.05288396010802225,0.04855932643685465,0.06258121514217635,0.05605056493089753,0.06503852952501984,0.05917514600158857,0.061491751065925346,0.06210674920413024,0.056708605274027,0.04924397193963462,0.05786613715011914,0.05566103355679109,0.04425232311358221
Aero ,0.04418293672279585,0.03041408586338364,0.04124866039872914,0.03179812023669578,0.03372721953455123,0.04294900901509134,0.07109951165051627,0.0582883534980143,0.051573039150119154,0.06570227959968226,0.059486094119142185,0.043648646449563136,0.04594312866719619,0.058741986724384423,0.04557086802223988,0.056916670227164415,0.06124996047974583,0.07077915576648133,0.06896120544876887,0.05999013591898331,0.06485258327084989,0.05713080527561557,0.06464956811437647,0.0918476442557585,0.06413815583161236,0.033923708411437624,0.025316842031771244,0.0697637533915806,0.06480368302779985,0.08838356992374898,0.03652046039237489,0.05467801488324065,0.06063877190945192,0.05718616291024622,0.05815235909928513,0.04562756285146941,0.050516269744241456,0.04746486856393963,0.05954574789674344,0.053905628978554394,0.06319884708181094,0.05843803869579032,0.05682784589833203,0.06707937199682286,0.05874837586179507,0.051223638114376496,0.058903391490071504,0.05643368353772834,0.04481104765687053
Ships,0.045593851863383654,0.03096841624146148,0.04061734523272437,0.03183086201111994,0.03170506034630659,0.0461311466878475,0.062463467158061926,0.05730128147418588,0.053973855504368555,0.06489633431612392,0.05812610645274025,0.044151111008737094,0.050136458084193807,0.062165731615567904,0.04889946487688643,0.05704308913741066,0.06229372906751391,0.07024145874503575,0.07357288139793486,0.06460432674185863,0.06683647913582207,0.05869525611437648,0.06810703916123909,0.06413815583161236,0.09228522926767274,0.0403300762192216,0.029505906586179506,0.07570389534551229,0.08058177881493246,0.09344181799523428,0.03626926539793488,0.054705725998411434,0.060876900600476576,0.05538899356314536,0.057975831853852265,0.04663998853057981,0.05111650229706116,0.04686740671008737,0.061202434605242266,0.05504200595393169,0.06537188662748213,0.059211114147736284,0.06140381914535343,0.05939678123590152,0.057907626211278776,0.050392561385226374,0.05638393132962668,0.05505633844003176,0.043794782652899114
Guns ,0.024809615480540108,0.021689571350277995,0.027458331556791095,0.018501770095313733,0.021535960246227163,0.02989940185067513,0.030616027926926102,0.03148604137410645,0.03158199754567117,0.03451205626687847,0.032007840127084984,0.026071190436854647,0.031393597140587766,0.034592955845909455,0.029295444130262107,0.029792538459094506,0.035357516806989675,0.037665014781572685,0.04149620300238283,0.03600869349483717,0.03709768250198568,0.03375906776012708,0.03682007383637807,0.033923708411437624,0.0403300762192216,0.05955575548054012,0.023537504344718022,0.03941314573471008,0.0462407756791104,0.04689750625099284,0.022121253431294677,0.031364056449563145,0.03386486080222397,0.03103124927720413,0.034134674400317706,0.03061740340746624,0.03194191231135822,0.027702050381254964,0.033763056449563136,0.032007505718824464,0.03487720223987291,0.032894268061953925,0.0352944275059571,0.02897833029388403,0.029404073701350276,0.02824564828435266,0.028714589777601267,0.030010433494837167,0.024832860079428115
Gold ,0.019901236675139003,0.02063139639555203,0.027146810073073867,0.017502106289118344,0.023453417437648925,0.02875088266084194,0.02574887613026212,0.024616810336775218,0.02601025141382048,0.019912494023828435,0.03211844128355838,0.024414469134233518,0.03213420568069896,0.031935267836378074,0.020218810675139004,0.02443724338046068,0.02942073547577442,0.033242430238284354,0.04082247207307387,0.03374736432247816,0.030836267814138223,0.030536650708498817,0.028254719980937263,0.025316842031771244,0.029505906586179506,0.023537504344718022,0.2016930374249404,0.05513301493248609,0.04667670062907068,0.04995218377601271,0.026879252354249403,0.027050367131056397,0.024213370289118356,0.024609906929308974,0.02861946496108023,0.02571381800635425,0.027766855129467815,0.024375270724384435,0.023745427706115964,0.02423792756473393,0.026594726668784763,0.02931640428752979,0.025594121895154896,0.025424548899126292,0.019066408427323284,0.019687709980937253,0.028388866088959498,0.024490300503574276,0.027106525687053223
Mines,0.05096113029388403,0.0340970516282764,0.04351340679904685,0.033303933439237494,0.037917218459094515,0.051176214710087375,0.071447082573471,0.062084110341540925,0.05649270964257347,0.0680529355361398,0.06463234611596504,0.04997329426528993,0.05929454722795871,0.07349944279586972,0.05384232511517078,0.05933067990468627,0.07009767965051629,0.0785530796505163,0.09114817328038124,0.07518524949960284,0.07688325747418585,0.0696244557585385,0.07451171050039715,0.0697637533915806,0.07570389534551229,0.03941314573471008,0.05513301493248609,0.13163573750595708,0.10384701000794277,0.13039312006354245,0.037898408196981745,0.06152656740270053,0.06469379313741064,0.06191419173947578,0.06582984146147736,0.05301570605242255,0.058528146973788726,0.054444835552025436,0.0661587055440826,0.06018300660841936,0.07214833598093724,0.06723706274821284,0.06444513715647339,0.06475550316123908,0.062492888355837946,0.05305463783955519,0.06353882103256554,0.061216421509134235,0.051088455091342334
Coal ,0.05071170836854646,0.033828672142970605,0.0431327900460683,0.03351251680063542,0.03614988155361398,0.0490009533121525,0.06419068053375694,0.0643328705289913,0.05713119461477363,0.06645786190945197,0.05746619700079426,0.047256550500397135,0.057680078799046845,0.0738194430214456,0.0535442672279587,0.05667808716759333,0.06555713049722003,0.0711317486100079,0.09358175288324067,0.07631616685305798,0.07667926730103258,0.06410906464495632,0.07238709002700557,0.06480368302779985,0.08058177881493246,0.0462407756791104,0.04667670062907068,0.10384701000794277,0.22530337036378073,0.13836963342017475,0.04064674315806196,0.0623066509070691,0.06588782566799045,0.05923163556473391,0.06191565369658459,0.048572874138204936,0.05638080603018269,0.049117578417791914,0.06773114826687847,0.0614800440794281,0.07302859109134234,0.06695261519618745,0.0639925166671962,0.05835578647815725,0.06433051903097696,0.053142369343923745,0.059611919939634654,0.06020860882922953,0.04753437143764894
Oil  ,0.06119917027958698,0.04077748708975376,0.04867550518347895,0.03971645454646545,0.042700990088959515,0.06035058245432882,0.08953618435583796,0.07926801777760127,0.06915634545671168,0.08590899428752978,0.0768839328737093,0.05983920444797458,0.06917424938522634,0.09038219481969818,0.06573015456711677,0.07082923406513104,0.08051226310722795,0.09062809397140584,0.10723831728355843,0.09112273339634629,0.09749578290230342,0.08158643058459095,0.09056228918824462,0.08838356992374898,0.09344181799523428,0.04689750625099284,0.04995218377601271,0.13039312006354245,0.13836963342017475,0.2352187617648927,0.0495963572692613,0.07763672819221606,0.0835852396203336,0.07531659757903097,0.07737070851310568,0.06061640714058776,0.0680606263574265,0.061663238305003955,0.08217191477839554,0.07041526526767274,0.0917983685687053,0.08348181230659255,0.07774369319936454,0.08220522506115965,0.07825718301032565,0.06511849825099285,0.07636839005401114,0.07443932071644162,0.06289843084988087
Util ,0.028327017316918182,0.02585227820969023,0.030499483086576656,0.024400321472597304,0.02859488633995234,0.025418871207307386,0.0360452153328038,0.03427287711040508,0.031090928316123912,0.03679992890230341,0.03672566596346306,0.02577238703733122,0.025878830544876885,0.03435667721842733,0.027532368419380466,0.03367282145194599,0.03553855911993646,0.03928007997617154,0.03752771328038126,0.036207646327243846,0.03619844287053217,0.033309793205718835,0.03305444915647339,0.03652046039237489,0.03626926539793488,0.022121253431294677,0.026879252354249403,0.037898408196981745,0.04064674315806196,0.0495963572692613,0.042321606562351066,0.03376933834312945,0.03510741730103255,0.03281552974741859,0.03304418150754566,0.026905329221604452,0.028878742227164415,0.02816208705798253,0.034825959655281964,0.0352392227895155,0.03524565273073869,0.033719541440826055,0.03321443663065925,0.03552192892136616,0.03585903853057981,0.03452707269102462,0.03495465828276409,0.03257547339316917,0.028656777569499595
Telcm,0.03883685861318507,0.030018178555996818,0.03953351290071487,0.02860938214297061,0.03188303861318506,0.03905567873709293,0.05615827902144558,0.04997084024940429,0.0455447317474186,0.05364498606513107,0.05108111457982525,0.03939121655281969,0.044362711955520245,0.05090376853534552,0.04076999158061955,0.04848976379348689,0.05120720232247815,0.05779372127879268,0.058646301525019845,0.05101186797617158,0.05450774547895155,0.050149786133439234,0.05400807804289118,0.05467801488324065,0.054705725998411434,0.031364056449563145,0.027050367131056397,0.06152656740270053,0.0623066509070691,0.07763672819221606,0.03376933834312945,0.057678429005559986,0.05125280315647341,0.0481835672946783,0.05063055330103256,0.042044716703733116,0.04504418040349483,0.04088099439396348,0.05103881923907863,0.0461237528228753,0.05311202058459093,0.0499120550420969,0.05094970926608418,0.052597696222398724,0.04892372415409055,0.04361033541382049,0.048671825119936445,0.04731728349007148,0.03952127488482922
PerSv,0.0418981729324861,0.030900540195393168,0.039691810965845904,0.029791602171564735,0.031456583814138205,0.04276219174741857,0.0618470339189833,0.053556801526608425,0.04901972532962669,0.06067795219062749,0.05548166815567909,0.0405868746624305,0.04663640833677521,0.05393959292930898,0.04474941140587769,0.05229860734551232,0.05536072070849882,0.06367756153296267,0.06358094549642573,0.056562591045274016,0.058361064633836376,0.05367436966322475,0.05945673468467036,0.06063877190945192,0.060876900600476576,0.03386486080222397,0.024213370289118356,0.06469379313741064,0.06588782566799045,0.0835852396203336,0.03510741730103255,0.05125280315647341,0.07007033622081014,0.05223451945353455,0.05448053782208099,0.04383447133439236,0.046906827755361404,0.04317521500079429,0.055090213634630646,0.04802773402065131,0.05827750350119144,0.05368427246544874,0.056330161777601244,0.05914453273391578,0.05348262731532965,0.04734731510563938,0.05201534203177125,0.05087017614138204,0.04161598341540907
BusSv,0.03868989622875299,0.02850127604130262,0.038826191783955515,0.027917904196981726,0.03012461476727561,0.03993757181890389,0.058317917159650505,0.050790755513899916,0.04567646595710882,0.055876107266084184,0.053101115558379666,0.04104305645750596,0.04542723127561556,0.052105936241461454,0.04191617636219223,0.04888981655917396,0.052996652892772035,0.060495169722001564,0.05960966255758539,0.05235650971882447,0.05591805088482922,0.050803373007148524,0.05608262393010325,0.05718616291024622,0.05538899356314536,0.03103124927720413,0.024609906929308974,0.06191419173947578,0.05923163556473391,0.07531659757903097,0.03281552974741859,0.0481835672946783,0.05223451945353455,0.05300821467196188,0.05296690780619538,0.044057442700556,0.04650912271961875,0.04278552118824462,0.05148246387291502,0.04630264892136615,0.05413653328673552,0.05040481622239873,0.051116354446386,0.0550427034090548,0.05007577880857825,0.04460494847339157,0.05039035813185065,0.04883807881810961,0.040349520921366164
Hardw,0.04014547245274026,0.03003413785067514,0.04219186628594122,0.029236438511517072,0.030746617377283552,0.04500993233518664,0.06182411546942015,0.051700250911834805,0.04850829559173948,0.05903540024781569,0.05892167132009532,0.04464151555202542,0.05176703912946783,0.055540549834789524,0.04465924895949166,0.05115878118506751,0.05606622080063543,0.0654332969102462,0.06319848741858618,0.054002050336775215,0.0599340852787927,0.054302747429706096,0.06112529355996823,0.05815235909928513,0.057975831853852265,0.034134674400317706,0.02861946496108023,0.06582984146147736,0.06191565369658459,0.07737070851310568,0.03304418150754566,0.05063055330103256,0.05448053782208099,0.05296690780619538,0.07115313399682284,0.05051772760127085,0.05392123200635424,0.04847243731056395,0.05314123426052422,0.0485522482192216,0.05717344105798251,0.053004277987291494,0.05475177371088166,0.05824732817156475,0.05001888513899921,0.04581340510087371,0.052960157682287526,0.05181917396187449,0.042682548594122294
Softw,0.0323226642652899,0.025214263248610005,0.03604603851469419,0.02583404194598888,0.025486521183478952,0.039772556020651315,0.05001054052422558,0.0394405262192216,0.0397503338602065,0.0455737114217633,0.049205293629864984,0.040111645401112006,0.048412380714853064,0.04479242375694995,0.03596519914217633,0.040162407116759315,0.0449942684511517,0.05228760841143765,0.04890507092930896,0.04150412127879269,0.04776274949166006,0.044445802708498815,0.04700661550436855,0.04562756285146941,0.04663998853057981,0.03061740340746624,0.02571381800635425,0.05301570605242255,0.048572874138204936,0.06061640714058776,0.026905329221604452,0.042044716703733116,0.04383447133439236,0.044057442700556,0.05051772760127085,0.05025443125496425,0.04556247688641779,0.04127049195393168,0.04113610710881653,0.03841791035742652,0.04471754930897538,0.04270537765687051,0.044511736942017474,0.04556730223987291,0.03780106081810959,0.03700815800635425,0.042454696894360607,0.04265211052422556,0.03619290462271643
Chips,0.035509752648133434,0.026794403552025423,0.03779384434630659,0.026576671555202536,0.027594219431294694,0.04101510100079428,0.051655819895154886,0.04410151607942812,0.042654054074662426,0.04935518158538524,0.05042843804289119,0.04087352848292296,0.04811361206671961,0.05020871559650516,0.03919988857823669,0.04479986250675139,0.049723286468625894,0.05650562027005563,0.05611022551231136,0.04933473108181097,0.05405765306433677,0.05019068892136617,0.05288396010802225,0.050516269744241456,0.05111650229706116,0.03194191231135822,0.027766855129467815,0.058528146973788726,0.05638080603018269,0.0680606263574265,0.028878742227164415,0.04504418040349483,0.046906827755361404,0.04650912271961875,0.05392123200635424,0.04556247688641779,0.053501479752184285,0.04512738998570293,0.04642737292454327,0.043569122370135015,0.04973514406354249,0.04683475524066721,0.04726799899602859,0.047661877096108,0.04305628664019063,0.03967366527084988,0.04572879642255758,0.04607799833518665,0.03777312673550437
LabEq,0.032452323864972196,0.024892891038919777,0.03411766649563145,0.02478003480698967,0.027139965183478942,0.03681629745035743,0.048624021566322465,0.03975984977442413,0.03979099814932485,0.045630761226370144,0.04822421485623511,0.038164263351866554,0.04329609017315329,0.04600493165528197,0.03600850662430501,0.04091524421286735,0.046545670179507545,0.052936723375694994,0.05078752268467037,0.04499668962509928,0.04994301336139792,0.046159271229547265,0.04855932643685465,0.04746486856393963,0.04686740671008737,0.027702050381254964,0.024375270724384435,0.054444835552025436,0.049117578417791914,0.061663238305003955,0.02816208705798253,0.04088099439396348,0.04317521500079429,0.04278552118824462,0.04847243731056395,0.04127049195393168,0.04512738998570293,0.04786578805242255,0.04266213210325655,0.04127833816997618,0.046337660050834,0.04291109312311358,0.04286817615091343,0.04402106085464652,0.03952901689436061,0.03766572398252581,0.04210970703256552,0.0424484053582208,0.03523638274821286
Paper,0.04154797673232724,0.030396459998411438,0.03928563469261318,0.03059759108975378,0.03162406113264496,0.04068156779189833,0.06040384088324067,0.056105091712470204,0.04897188958697377,0.06057216761239077,0.05248137901826844,0.03921030103256553,0.04313262964892772,0.05728311878792692,0.045007517807783955,0.05455785288641779,0.056898991958697374,0.06387162666401906,0.0664418204765687,0.05811009575694995,0.06052350988244639,0.05361265944241461,0.06258121514217635,0.05954574789674344,0.061202434605242266,0.033763056449563136,0.023745427706115964,0.0661587055440826,0.06773114826687847,0.08217191477839554,0.034825959655281964,0.05103881923907863,0.055090213634630646,0.05148246387291502,0.05314123426052422,0.04113610710881653,0.04642737292454327,0.04266213210325655,0.06963963288165212,0.05330724695472597,0.058199074411437665,0.054805294965845915,0.055546496532168387,0.05653610562033361,0.05525334620333601,0.04755099013026213,0.05375800024940428,0.05020493323749006,0.04059438039714059
