,Agric,Food ,Soda ,Beer ,Smoke,Toys ,Fun  ,Books,Hshld,Clths,Hlth ,MedEq,Drugs,Chems,Rubbr,Txtls,BldMt,Cnstr,Steel,FabPr,Mach ,ElcEq,Autos,Aero ,Ships,Guns ,Gold ,Mines,Coal ,Oil  ,Util ,Telcm,PerSv,BusSv,Hardw,Softw,Chips,LabEq,Paper,Boxes,Trans,Whlsl,Rtail,Meals,Banks,Insur,RlEst,Fin  ,Other
Agric,0.053299048196981724,0.02515284606830818,0.030232207847498027,0.023882839396346313,0.026673472978554408,0.03032845909451945,0.045380575440826035,0.040159542843526616,0.036679236695790304,0.04501820190627482,0.0412564339952343,0.032102820079428114,0.03599433693407467,0.042659712629070694,0.03394646401906274,0.040366404320889594,0.04236791091342335,0.0482277610166799,0.04803976263701349,0.04205587888800636,0.044970840762509914,0.03994543262907069,0.044774995869737884,0.04449508273232725,0.04573891787132644,0.02505317521842732,0.02032496511517077,0.0513103524384432,0.05076961207307387,0.06126670954725971,0.0284108448610008,0.039208020969023025,0.04203322643367752,0.038840349388403486,0.04046072559173948,0.032458460555996826,0.03571384660841939,0.032569202573471005,0.04182373305798253,0.03846513502779983,0.043953811437648926,0.04120302922954725,0.04127809791898332,0.04291519828435267,0.041359962573471014,0.03586999602859413,0.04049958287529785,0.039147069737887195,0.03167712349483718
Food ,0.02515284606830818,0.030203852905480544,0.029078622897537723,0.020755119326449564,0.025073733432883247,0.02410394442573471,0.030605223749007135,0.029035505804606822,0.028715215806195394,0.03126703004289118,0.03106954480381256,0.022970154401906265,0.025195142745035745,0.030818726277998407,0.02553158726926132,0.028387756959491663,0.031202827618745033,0.03447811899920571,0.03352589812867354,0.029872323758538516,0.03217472499126289,0.029824643275615563,0.031195675599682282,0.030488065817315325,0.031100163583796667,0.02176501461795076,0.020770955237490077,0.03421639401747417,0.03402854356473392,0.04079711199999997,0.025958041477362973,0.03017659767434471,0.030980619977760127,0.02856273821127879,0.03011897727402701,0.02530559690548054,0.026857644619539312,0.02495256922637013,0.030557157407466246,0.02988947652104845,0.030622146859412232,0.030025300934074656,0.030942943911040514,0.0298492063288324,0.02908120028276409,0.027937644555996826,0.029039447860206513,0.028411944270055584,0.024288025947577438
Soda ,0.030232207847498027,0.029078622897537723,0.09602602512946781,0.02765025260683081,0.030663573591739483,0.03341396077204131,0.04375541546465448,0.03711565385861795,0.03829089528991263,0.03995856138522638,0.040849907321683865,0.03275380960444798,0.03625883295154883,0.03958935223510723,0.03226114716600476,0.03796183696743445,0.04107496880222397,0.04585661598888007,0.04385201309293088,0.03583342346465449,0.04226831680222398,0.0413103558014297,0.04203089184273233,0.041160631409054786,0.04060734939793486,0.027572865539316916,0.02647051943923748,0.04329786728991263,0.043316022158856216,0.04869218323113582,0.030598669729944405,0.03960937703891978,0.03955354996981731,0.03882950658300238,0.042183646289118346,0.03602971962192216,0.03771310392057189,0.034133169416997615,0.039354833213661636,0.0375545268228753,0.04110529197458302,0.03818151897220016,0.040179745610802224,0.041585194192216034,0.0376973621810961,0.0354359344686259,0.04046961902779984,0.03778907439714059,0.033387634676727555
Beer ,0.023882839396346313,0.020755119326449564,0.02765025260683081,0.04495746361239079,0.023710512,0.023266019227958692,0.03297951688641778,0.028242156181096104,0.026842716314535355,0.032069395691818894,0.030494648349483712,0.022913811984114373,0.024346402942017478,0.03013948697061159,0.02460514383478951,0.029594960673550445,0.030182267075456713,0.03437200575059572,0.03272897716918189,0.029784270061953926,0.030766482300238287,0.029064666509928512,0.030327006862589344,0.03174573081493248,0.03198363806830818,0.018613820378077836,0.017197603062748205,0.033324161423351865,0.03409818877839554,0.03990586271008736,0.02452697556791103,0.028806769124702144,0.02980983692454329,0.028076054926131848,0.029343387316918178,0.026010559853852252,0.026723634490865754,0.0248858410675139,0.030758412695790292,0.028949383129467824,0.031019169836378067,0.028840161321683877,0.02983659600953137,0.03105074312311358,0.028306502830818096,0.0270425934424146,0.02848507198093725,0.02850767677839555,0.02379718394916601
Smoke,0.026673472978554408,0.025073733432883247,0.030663573591739483,0.023710512,0.064706367949166,0.0264629173375695,0.03553316470214456,0.03169205695949165,0.030696041270849867,0.03542525310246227,0.03468944606195392,0.025286470983320097,0.025919599510722792,0.030327893356632246,0.02644064210325655,0.02964267717871326,0.0334836122065131,0.03795341486894361,0.034887969353455124,0.031129827456711685,0.033463629369340754,0.030186008082605235,0.03245709270849881,0.03391274870214456,0.0318832169404289,0.02174216150595711,0.02348777602541699,0.03809571945353454,0.03608237111358221,0.04258741896108021,0.028786450389197766,0.03206199727402701,0.03161730100714853,0.03026707068467037,0.030945138166799044,0.02564979969499602,0.02787976920095314,0.027235770090548055,0.03184354638919777,0.031644102366957895,0.0326379957934869,0.03169915735027799,0.03176508064813344,0.03470500107386816,0.031118361957108816,0.030289091806195406,0.032258702989674336,0.030616895968228742,0.026638663440826056
Toys ,0.03032845909451945,0.02410394442573471,0.03341396077204131,0.023266019227958692,0.0264629173375695,0.062031473683876064,0.04673532697378871,0.038017631256552796,0.04003739204130262,0.04491330463542494,0.04437066790468625,0.0345994655822081,0.04118683136139793,0.04244973786814933,0.03552850569340745,0.038754136162033354,0.042338863850675146,0.04943868783161239,0.04766461888482923,0.03912288882287529,0.04495941000476568,0.041248943189833215,0.046025288784749804,0.042898647701350275,0.046048213000794286,0.02981289718506751,0.028486524285941214,0.051073321471008744,0.049172051415409056,0.06033026591898331,0.025373022319301032,0.039119286964257344,0.04273307972041301,0.039834994274821275,0.04488303498967434,0.03967302990945193,0.04084726686576647,0.03677829152025416,0.04057463582525814,0.03682507725178713,0.04247214400635423,0.04068133639714057,0.044509783491660036,0.04287882757108816,0.035221548120730736,0.03394863086894361,0.03971905657188244,0.03915683136139794,0.03405838177283559
Fun  ,0.045380575440826035,0.030605223749007135,0.04375541546465448,0.03297951688641778,0.03553316470214456,0.04673532697378871,0.09026935840349486,0.060041244447974575,0.05261584277204129,0.06730250312946781,0.06327008196187452,0.0466060850675139,0.050105392684670375,0.05912716231930102,0.046710260468625885,0.057607829888800616,0.06063718447180301,0.07197109764098487,0.06609319369340746,0.05540975138204923,0.06338542906274823,0.058479102152501974,0.06525727220810167,0.07113343355043682,0.06243886765687052,0.030678393876092124,0.02583422652104844,0.07144611687847498,0.06432495327243842,0.08947251637807785,0.0361554633121525,0.05631966803812551,0.06182548506751389,0.05834049297855441,0.06187780653693408,0.05004078212867354,0.051690617299444006,0.04865922042891185,0.06052242833995235,0.050486222930897516,0.06334245523431294,0.05802722463065926,0.06035808357426528,0.07405127729944398,0.05786980480540109,0.05067106802223987,0.06132981034154088,0.05658535940428911,0.048284563471008735
Books,0.040159542843526616,0.029035505804606822,0.03711565385861795,0.028242156181096104,0.03169205695949165,0.038017631256552796,0.060041244447974575,0.07545488677362988,0.04693374614773632,0.05941672357744243,0.052254153111993634,0.038941547094519434,0.041666422189038925,0.05295267061477365,0.04313956323431295,0.05203345654646545,0.05455421572041302,0.061522355361397954,0.062349409105639395,0.056365434910246204,0.05732046254487686,0.051504514427323275,0.058584336457505944,0.05831702079745829,0.05742275367116759,0.03141675280698968,0.024734856381254968,0.062235469648927705,0.064748242675139,0.07925639975218428,0.034242091691818896,0.05016291198729149,0.053599096546465434,0.05082054685305798,0.051784597115170784,0.039613300765687066,0.04420337535822079,0.039826688082605234,0.056156678106433676,0.04741358468625893,0.057068801061159635,0.05264672719301032,0.05338655382366959,0.057541506281175527,0.05455398965528196,0.046063626700556,0.05269016728832405,0.04929260652581413,0.040428842706910245
Hshld,0.036679236695790304,0.028715215806195394,0.03829089528991263,0.026842716314535355,0.030696041270849867,0.04003739204130262,0.05261584277204129,0.04693374614773632,0.051903963264495624,0.05418856384432091,0.04950047034948371,0.03749710050833995,0.042221408554408264,0.048977503320095296,0.04049211538522635,0.04634513630659253,0.050024133717235915,0.05810596444003178,0.05533824929308974,0.0481908114138205,0.05185830459888801,0.04716085918189038,0.05370956909451945,0.05155286401906275,0.05399013717235903,0.031512122597299436,0.02586271861000794,0.056479225901509125,0.0573576248054011,0.0689443587926926,0.031081919118347897,0.045693858919777605,0.04899347308975377,0.04566110826052423,0.04853766288324069,0.03985560967434472,0.042757881540905464,0.039820519586973795,0.0490174964892772,0.04348393341540905,0.05030199598093724,0.04732680593328038,0.05147842803812551,0.05131921515488483,0.045185499245432886,0.04121158227164416,0.04666402403494835,0.044884977307386824,0.03726511751389992
Clths,0.04501820190627482,0.03126703004289118,0.03995856138522638,0.032069395691818894,0.03542525310246227,0.04491330463542494,0.06730250312946781,0.05941672357744243,0.05418856384432091,0.09430435205083397,0.0590275957299444,0.04250525567593327,0.04479162570929309,0.05811433311517079,0.04668088601747417,0.05888712595393168,0.06035184395234314,0.0699864597299444,0.06810330223351864,0.060362146033359806,0.06303201851628278,0.05571534020015886,0.06605314033359809,0.06572701162192217,0.0649892586624305,0.034459363170770446,0.020091463853852267,0.06808521660365367,0.06677619973312153,0.08599413183796664,0.03687744495631452,0.05375028509610802,0.06062293138681494,0.05583122632565528,0.059039871917394744,0.04561092498173151,0.049296247377283546,0.04565075956155679,0.060566321213661636,0.0530088287847498,0.06289279841779188,0.057418603056393965,0.06707530595075459,0.06765193539634631,0.05846197315965051,0.050765824247815707,0.057939236575059574,0.05492193246068308,0.04373811458617949
Hlth ,0.0412564339952343,0.03106954480381256,0.040849907321683865,0.030494648349483712,0.03468944606195392,0.04437066790468625,0.06327008196187452,0.052254153111993634,0.04950047034948371,0.0590275957299444,0.08526073705957107,0.04920611661000795,0.05637883120413026,0.05341745606354249,0.04415015202700555,0.05194554295631453,0.05671991151866561,0.06631895031771246,0.06049902719936457,0.0559269636711676,0.05817191356155677,0.05483464908181096,0.058701107982525834,0.059440223212073075,0.05805369313105638,0.0320233435694996,0.031978805666401905,0.06457896952978552,0.05762858886258934,0.07682735892613184,0.03669170318506752,0.0512372413121525,0.05538633919936458,0.053130625820492425,0.05896412784590947,0.049261001591739476,0.05048234709769661,0.04825920255440824,0.052530925286735516,0.04881044151707706,0.057732869512311366,0.053585536287529774,0.056918897223192995,0.062430958926131826,0.05074120538999205,0.048669203729944384,0.05288823145035741,0.052197697050039696,0.04469245885464653
MedEq,0.032102820079428114,0.022970154401906265,0.03275380960444798,0.022913811984114373,0.025286470983320097,0.0345994655822081,0.0466060850675139,0.038941547094519434,0.03749710050833995,0.04250525567593327,0.04920611661000795,0.04668456655123113,0.048991781766481335,0.04147635448451151,0.03559296999841144,0.03805421447815726,0.042292613239078625,0.049129532851469405,0.04647010705003972,0.040648452540111187,0.044791373499602855,0.043051599583796646,0.04397341812549642,0.04369142908339951,0.0441183928260524,0.02616433340428912,0.024226309734710082,0.04995164772994439,0.04734664620492454,0.05981850995393167,0.025838123161239086,0.03959572089594916,0.04057283076092136,0.04108185298808578,0.044703900533756946,0.0401349854932486,0.040858926976965845,0.03821342651628276,0.03932244287847499,0.03577941078633836,0.0420289172867355,0.04031794189356632,0.04096517288006354,0.042620186776806984,0.03706248213185067,0.034905170694201744,0.04057477609531374,0.04001134478474979,0.034947149239078636
Drugs,0.03599433693407467,0.025195142745035745,0.03625883295154883,0.024346402942017478,0.025919599510722792,0.04118683136139793,0.050105392684670375,0.041666422189038925,0.042221408554408264,0.04479162570929309,0.05637883120413026,0.048991781766481335,0.07532721920730737,0.04763227819539316,0.03930999030500398,0.04186456874821287,0.04768155240190628,0.055204538625893564,0.054983199259729935,0.04615213958220809,0.051380319331215264,0.048137628767275606,0.04996895440031771,0.046107836320889585,0.050120231361397934,0.03156438539952343,0.03225583516918189,0.05942063333280381,0.057612285135822075,0.06919731010007946,0.02603108609213661,0.04473900254487688,0.04672544508657665,0.04559310760603651,0.051935024373312155,0.04851804418427324,0.04815396763463065,0.04342371646703734,0.043395738262112786,0.039618846028594126,0.04751567105003971,0.045699015760127075,0.04737574559809373,0.04502108461953931,0.03943834897696584,0.03762892342494042,0.04439439384590946,0.045796445084988084,0.04061046963145355
Chems,0.042659712629070694,0.030818726277998407,0.03958935223510723,0.03013948697061159,0.030327893356632246,0.04244973786814933,0.05912716231930102,0.05295267061477365,0.048977503320095296,0.05811433311517079,0.05341745606354249,0.04147635448451151,0.04763227819539316,0.06795735417950755,0.04563585310246228,0.051940398710087356,0.05805416805083398,0.06509154681493247,0.06962401578395551,0.05934313446862591,0.06362232253534551,0.05591052148689435,0.0631365729626688,0.058880661312152485,0.062434814754567115,0.034582397833200954,0.03217681263860207,0.07369831769976169,0.0743221936965846,0.09047043576171564,0.034449613820492456,0.051151926938840374,0.054086462792692615,0.0521400859920572,0.055620662640190645,0.0448802676028594,0.05029165223828437,0.04606012445432883,0.05745377246068309,0.053335105162827634,0.0601500517934869,0.05565407498649723,0.05421741317871326,0.05422767280698968,0.05292459158697378,0.04689275927561557,0.0532962462652899,0.05182206570929307,0.042909140988085785
Rubbr,0.03394646401906274,0.02553158726926132,0.03226114716600476,0.02460514383478951,0.02644064210325655,0.03552850569340745,0.046710260468625885,0.04313956323431295,0.04049211538522635,0.04668088601747417,0.04415015202700555,0.03559296999841144,0.03930999030500398,0.04563585310246228,0.05688756673391582,0.040586135423351856,0.04604670535186656,0.053975942740270046,0.05240770611278793,0.048162002587768066,0.04826108297537729,0.04351191222081016,0.048885647537728366,0.04567933513582208,0.04892368783796663,0.029209281021445592,0.020353242752978555,0.05391380066878474,0.05326883931850673,0.06568509232088962,0.02756886640984909,0.040931348902303405,0.04479059465289913,0.0419786871898332,0.044665764576648136,0.03596586941699762,0.03920823447498013,0.036027507660047656,0.045058126246227174,0.04050632909451945,0.04473599368069896,0.04368234037648928,0.04390079478633836,0.044985152940428895,0.04221641847021447,0.03694037148848292,0.04268582522954726,0.04120429433995234,0.033842371772835576
Txtls,0.040366404320889594,0.028387756959491663,0.03796183696743445,0.029594960673550445,0.02964267717871326,0.038754136162033354,0.057607829888800616,0.05203345654646545,0.04634513630659253,0.05888712595393168,0.05194554295631453,0.03805421447815726,0.04186456874821287,0.051940398710087356,0.040586135423351856,0.0801846547084988,0.053762031849086574,0.06123091787926926,0.06025920523907862,0.05439685076886418,0.055862533539316896,0.05113203760603654,0.0574393874424146,0.05688035327720412,0.057179966440031774,0.02974083633518666,0.024520267582208106,0.05945249456870531,0.057401090104845114,0.07096376819062748,0.033649323169181886,0.04861687141223193,0.052300675256552825,0.04890360515647341,0.051245630359015096,0.0403622728482923,0.044892709963463076,0.040989039383637814,0.05454764427640983,0.04695444764892773,0.055306623513899894,0.051024514276409846,0.0530348193455123,0.05440212717394758,0.05210210013820493,0.04428590416521048,0.05073464406989675,0.04849680193328038,0.03932367990627482
BldMt,0.04236791091342335,0.031202827618745033,0.04107496880222397,0.030182267075456713,0.0334836122065131,0.042338863850675146,0.06063718447180301,0.05455421572041302,0.050024133717235915,0.06035184395234314,0.05671991151866561,0.042292613239078625,0.04768155240190628,0.05805416805083398,0.04604670535186656,0.053762031849086574,0.06826386099920573,0.07056690544082604,0.06704748228435263,0.05976281809213661,0.06247482324543287,0.05627546240349486,0.06304566834789514,0.06129062901985701,0.062383097337569506,0.03537007021922161,0.029378751092930897,0.07022195657029387,0.06593213396505161,0.0805703780079428,0.03546519505162827,0.05139126578872119,0.05543248501032566,0.05302497722954726,0.05613423892136617,0.045104055787132634,0.049812533442414625,0.046604444054011124,0.05691226581731533,0.052555407283558356,0.059388665610802215,0.05549501853375694,0.05655236962351072,0.05733610553772838,0.05452959934392374,0.048505532409849055,0.054396599431294684,0.05294455480063541,0.04253384541858617
Cnstr,0.0482277610166799,0.03447811899920571,0.04585661598888007,0.03437200575059572,0.03795341486894361,0.04943868783161239,0.07197109764098487,0.061522355361397954,0.05810596444003178,0.0699864597299444,0.06631895031771246,0.049129532851469405,0.055204538625893564,0.06509154681493247,0.053975942740270046,0.06123091787926926,0.07056690544082604,0.09481341241461476,0.07436236100079427,0.06366593328832408,0.06970766485305799,0.06389045816521047,0.07211832601270854,0.07093234042891182,0.07050718565528195,0.03775800037331215,0.03324943803812549,0.07879896366163622,0.07162650896743446,0.09071005502779983,0.03934590869737887,0.058133224892772034,0.06384848042891185,0.06059430857823668,0.06558230790309771,0.05244137374106435,0.056666687704527395,0.0530351433836378,0.06405865401111994,0.0578277431056394,0.06668506171564734,0.06322840030976967,0.06624217691818904,0.06939266017474187,0.05977107112787924,0.053996069579030984,0.06416485332803812,0.05939879338363779,0.04883690007148531
Steel,0.04803976263701349,0.03352589812867354,0.04385201309293088,0.03272897716918189,0.034887969353455124,0.04766461888482923,0.06609319369340746,0.062349409105639395,0.05533824929308974,0.06810330223351864,0.06049902719936457,0.04647010705003972,0.054983199259729935,0.06962401578395551,0.05240770611278793,0.06025920523907862,0.06704748228435263,0.07436236100079427,0.10046672215409053,0.07420104562033361,0.07433916143923748,0.06271945602223984,0.07362497205718825,0.06890102534710088,0.07351484900397141,0.04150429004924543,0.04046004639555201,0.09112040616679902,0.09411382059094518,0.10732672113105636,0.03737964652899125,0.058803444873709296,0.06354467356314535,0.059611950900714854,0.06326799056711677,0.04900843675297855,0.05612682447021445,0.05084775816362192,0.06641343578077837,0.06020370800635423,0.07047200032406671,0.0653861761938046,0.06354641924702145,0.0630129343161239,0.0632794168610008,0.05366710218268467,0.05960098675774424,0.06007188806036536,0.04697931129785544
FabPr,0.04205587888800636,0.029872323758538516,0.03583342346465449,0.029784270061953926,0.031129827456711685,0.03912288882287529,0.05540975138204923,0.056365434910246204,0.0481908114138205,0.060362146033359806,0.0559269636711676,0.040648452540111187,0.04615213958220809,0.05934313446862591,0.048162002587768066,0.05439685076886418,0.05976281809213661,0.06366593328832408,0.07420104562033361,0.1299070186163622,0.06509683577918983,0.05731857040984908,0.0644456825655282,0.05993274924225574,0.06467500659888802,0.035734591569499596,0.03370773550913422,0.07514801790468625,0.0762173050373312,0.09073968078792691,0.03594827058776807,0.05099229123749007,0.056440806503574255,0.052094986570293884,0.05378920592692613,0.04128860517553613,0.049102394411437655,0.04481950743764893,0.05810390213185066,0.05214160615567911,0.061877621448768835,0.05583464212390786,0.053664931720413034,0.055390884473391584,0.05793931599205717,0.04907470680222399,0.052103981702938854,0.05169846522160445,0.042831863893566316
Mach ,0.044970840762509914,0.03217472499126289,0.04226831680222398,0.030766482300238287,0.033463629369340754,0.04495941000476568,0.06338542906274823,0.05732046254487686,0.05185830459888801,0.06303201851628278,0.05817191356155677,0.044791373499602855,0.051380319331215264,0.06362232253534551,0.04826108297537729,0.055862533539316896,0.06247482324543287,0.06970766485305799,0.07433916143923748,0.06509683577918983,0.07101500538681495,0.0597210074678316,0.06743988030976965,0.06484947894519459,0.0668805606957903,0.037021455855440824,0.030734339747418585,0.07690850816044481,0.07697293677045275,0.0974363287243844,0.036141741564733904,0.05462669121207307,0.05836454690706911,0.0558766533788721,0.05993850828752978,0.04781943966004767,0.0540477213884035,0.04995832026052424,0.060531920578236705,0.05542270906274821,0.06446749495472598,0.059383176853057974,0.05811728474344717,0.059700288343129446,0.05743289748848294,0.05040135654328833,0.056564181817315345,0.05595655864813345,0.04535534515806193
ElcEq,0.03994543262907069,0.029824643275615563,0.0413103558014297,0.029064666509928512,0.030186008082605235,0.041248943189833215,0.058479102152501974,0.051504514427323275,0.04716085918189038,0.05571534020015886,0.05483464908181096,0.043051599583796646,0.048137628767275606,0.05591052148689435,0.04351191222081016,0.05113203760603654,0.05627546240349486,0.06389045816521047,0.06271945602223984,0.05731857040984908,0.0597210074678316,0.07358643191580619,0.05984580769658459,0.05705657267037331,0.05857448285623511,0.03348391299602859,0.030436063734710098,0.06952193422875297,0.06410868461795073,0.08129824729467833,0.033223223423351864,0.05019993334074661,0.053627900235107225,0.05065806106751389,0.05417275643685467,0.0444430888737093,0.05000412075297853,0.04613160918824464,0.053524685852263686,0.04786157544876886,0.055628100705321655,0.052470477297855436,0.053019648714853054,0.054452658986497225,0.05007390287370929,0.0446306326036537,0.05194459662271642,0.04996759621763302,0.04242399597617156
Autos,0.044774995869737884,0.031195675599682282,0.04203089184273233,0.030327006862589344,0.03245709270849881,0.046025288784749804,0.06525727220810167,0.058584336457505944,0.05370956909451945,0.06605314033359809,0.058701107982525834,0.04397341812549642,0.04996895440031771,0.0631365729626688,0.048885647537728366,0.0574393874424146,0.06304566834789514,0.07211832601270854,0.07362497205718825,0.0644456825655282,0.06743988030976965,0.05984580769658459,0.07958775484511517,0.06466229849086577,0.06829030136616362,0.036727122073073874,0.028286210826052417,0.07467724316918191,0.07312436302621127,0.09068727323272438,0.033035906330420965,0.05421112583002384,0.05949098838760922,0.056123566084193804,0.06124062969817315,0.04722911245432883,0.0530070535186656,0.0486449851310564,0.06259722843526608,0.0559359838522637,0.06520398082605244,0.059214858816521054,0.061451275472597315,0.062152627831612385,0.056728470794281186,0.04930782474980142,0.05799194276409848,0.05581446853852264,0.044352206934074656
Aero ,0.04449508273232725,0.030488065817315325,0.041160631409054786,0.03174573081493248,0.03391274870214456,0.042898647701350275,0.07113343355043682,0.05831702079745829,0.05155286401906275,0.06572701162192217,0.059440223212073075,0.04369142908339951,0.046107836320889585,0.058880661312152485,0.04567933513582208,0.05688035327720412,0.06129062901985701,0.07093234042891182,0.06890102534710088,0.05993274924225574,0.06484947894519459,0.05705657267037331,0.06466229849086577,0.09185973587926927,0.06423183152978552,0.0338230281429706,0.02531011764257347,0.0698420268975377,0.06518927827164414,0.08835905876409847,0.0364692009531374,0.05479829484988085,0.06067675610484508,0.05714719674662431,0.05817331817633043,0.045723520343129466,0.05051427406513105,0.04749396242096901,0.059553037019857036,0.05383324708498808,0.06329344839396346,0.05845566612231929,0.056789288444797435,0.06710238724702142,0.058728170427323284,0.0512383412613185,0.05894093957744239,0.05653227050675135,0.044965108390786344
Ships,0.04573891787132644,0.031100163583796667,0.04060734939793486,0.03198363806830818,0.0318832169404289,0.046048213000794286,0.06243886765687052,0.05742275367116759,0.05399013717235903,0.0649892586624305,0.05805369313105638,0.0441183928260524,0.050120231361397934,0.062434814754567115,0.04892368783796663,0.057179966440031774,0.062383097337569506,0.07050718565528195,0.07351484900397141,0.06467500659888802,0.0668805606957903,0.05857448285623511,0.06829030136616362,0.06423183152978552,0.0922099184177919,0.040122330576648116,0.029367931339158056,0.07564519978713266,0.08029359355996821,0.09312803662589356,0.036275113343923755,0.05487904931532963,0.06096469376330421,0.05539174461636219,0.0579421005655282,0.04665217056076252,0.05111691366481334,0.046878341432883226,0.06128785984432087,0.05507665977760128,0.06555988262430501,0.05924548648451151,0.061458328908657656,0.05947130836536933,0.05794687040826052,0.0504474560635425,0.05644546095631455,0.055255137540905455,0.04397220992216043
Guns ,0.02505317521842732,0.02176501461795076,0.027572865539316916,0.018613820378077836,0.02174216150595711,0.02981289718506751,0.030678393876092124,0.03141675280698968,0.031512122597299436,0.034459363170770446,0.0320233435694996,0.02616433340428912,0.03156438539952343,0.034582397833200954,0.029209281021445592,0.02974083633518666,0.03537007021922161,0.03775800037331215,0.04150429004924543,0.035734591569499596,0.037021455855440824,0.03348391299602859,0.036727122073073874,0.0338230281429706,0.040122330576648116,0.059362733679110394,0.023610990057188256,0.03939630598411437,0.04642367257664813,0.0468707406703733,0.021948264185861783,0.031459187606036526,0.03375629880540112,0.03101479460206513,0.034145948621127874,0.030755337547259714,0.03189281126926132,0.02775458424781572,0.033615186567116755,0.03197121833995235,0.034941868425734705,0.032855038092136614,0.035288770970611595,0.028995932886417795,0.029323113294678307,0.02819687838602065,0.02870882912470214,0.030120328576648123,0.024830971988880058
Gold ,0.02032496511517077,0.020770955237490077,0.02647051943923748,0.017197603062748205,0.02348777602541699,0.028486524285941214,0.02583422652104844,0.024734856381254968,0.02586271861000794,0.020091463853852267,0.031978805666401905,0.024226309734710082,0.03225583516918189,0.03217681263860207,0.020353242752978555,0.024520267582208106,0.029378751092930897,0.03324943803812549,0.04046004639555201,0.03370773550913422,0.030734339747418585,0.030436063734710098,0.028286210826052417,0.02531011764257347,0.029367931339158056,0.023610990057188256,0.20167758641938047,0.054836571607625104,0.04692516447498014,0.04943520773947577,0.027097904201747413,0.027148598058776806,0.024147189416997623,0.024317375189833203,0.0284337507974583,0.025384433814138196,0.027607648346306597,0.02423148813979348,0.02396775654328832,0.024079353955520258,0.026459384073073855,0.02922652843367751,0.025463020088959492,0.025365024991262912,0.018883962810166785,0.019626470030182683,0.02841259357267673,0.024398796233518674,0.02761475589674345
Mines,0.0513103524384432,0.03421639401747417,0.04329786728991263,0.033324161423351865,0.03809571945353454,0.051073321471008744,0.07144611687847498,0.062235469648927705,0.056479225901509125,0.06808521660365367,0.06457896952978552,0.04995164772994439,0.05942063333280381,0.07369831769976169,0.05391380066878474,0.05945249456870531,0.07022195657029387,0.07879896366163622,0.09112040616679902,0.07514801790468625,0.07690850816044481,0.06952193422875297,0.07467724316918191,0.0698420268975377,0.07564519978713266,0.03939630598411437,0.054836571607625104,0.1315698165830024,0.10380856192057185,0.13010964474027006,0.03790860154884828,0.06174169189197778,0.06473823362351074,0.061869745343923754,0.0658278057807784,0.05297659590468626,0.05851152975059571,0.0544460547545671,0.06628203315011914,0.06023348456711673,0.07227447904368546,0.06726885892454326,0.06444310767593328,0.06478868184908658,0.06248337800317711,0.053105518614773625,0.06359713315011915,0.061425585628276415,0.051354953691818896
Coal ,0.05076961207307387,0.03402854356473392,0.043316022158856216,0.03409818877839554,0.03608237111358221,0.049172051415409056,0.06432495327243842,0.064748242675139,0.0573576248054011,0.06677619973312153,0.05762858886258934,0.04734664620492454,0.057612285135822075,0.0743221936965846,0.05326883931850673,0.057401090104845114,0.06593213396505161,0.07162650896743446,0.09411382059094518,0.0762173050373312,0.07697293677045275,0.06410868461795073,0.07312436302621127,0.06518927827164414,0.08029359355996821,0.04642367257664813,0.04692516447498014,0.10380856192057185,0.2245488801572676,0.1382844487116759,0.04083901656076252,0.06292051810325654,0.06607069471961874,0.05952390842573471,0.0621002640333598,0.04848683075774424,0.056535352498808575,0.04925463658141381,0.0681878721969817,0.06215770329626688,0.07344497718506753,0.06722227593804607,0.06442364632565528,0.05870264540746623,0.06453190030659253,0.05336116728832406,0.0599714496870532,0.06083316766163621,0.047790155836378086
Oil  ,0.06126670954725971,0.04079711199999997,0.04869218323113582,0.03990586271008736,0.04258741896108021,0.06033026591898331,0.08947251637807785,0.07925639975218428,0.0689443587926926,0.08599413183796664,0.07682735892613184,0.05981850995393167,0.06919731010007946,0.09047043576171564,0.06568509232088962,0.07096376819062748,0.0805703780079428,0.09071005502779983,0.10732672113105636,0.09073968078792691,0.0974363287243844,0.08129824729467833,0.09068727323272438,0.08835905876409847,0.09312803662589356,0.0468707406703733,0.04943520773947577,0.13010964474027006,0.1382844487116759,0.23495681058617954,0.04946125610802223,0.0778364667132645,0.08348903668943604,0.07530460578872124,0.07736357894201747,0.06056690000317714,0.0681036646989674,0.06167263413502782,0.08223614628752975,0.07043972482922956,0.09172198552501985,0.08347559200635424,0.07774643430023828,0.08227438891818904,0.07822689240349484,0.06512310571564735,0.07637457459571087,0.07463505859888803,0.06288170230976964
Util ,0.0284108448610008,0.025958041477362973,0.030598669729944405,0.02452697556791103,0.028786450389197766,0.025373022319301032,0.0361554633121525,0.034242091691818896,0.031081919118347897,0.03687744495631452,0.03669170318506752,0.025838123161239086,0.02603108609213661,0.034449613820492456,0.02756886640984909,0.033649323169181886,0.03546519505162827,0.03934590869737887,0.03737964652899125,0.03594827058776807,0.036141741564733904,0.033223223423351864,0.033035906330420965,0.0364692009531374,0.036275113343923755,0.021948264185861783,0.027097904201747413,0.03790860154884828,0.04083901656076252,0.04946125610802223,0.04233374099285147,0.03384623995234312,0.03507512754567116,0.03279788592533758,0.033019522756155675,0.02700632030182686,0.02889295305798253,0.028180063129467827,0.03486063231135823,0.03507527058776807,0.03529525739475773,0.03371482872915012,0.03321216929308975,0.035534809086576635,0.035843660563939644,0.034535851405877685,0.0349969066084194,0.032599327410643364,0.028772441342335198
Telcm,0.039208020969023025,0.03017659767434471,0.03960937703891978,0.028806769124702144,0.03206199727402701,0.039119286964257344,0.05631966803812551,0.05016291198729149,0.045693858919777605,0.05375028509610802,0.0512372413121525,0.03959572089594916,0.04473900254487688,0.051151926938840374,0.040931348902303405,0.04861687141223193,0.05139126578872119,0.058133224892772034,0.058803444873709296,0.05099229123749007,0.05462669121207307,0.05019993334074661,0.05421112583002384,0.05479829484988085,0.05487904931532963,0.031459187606036526,0.027148598058776806,0.06174169189197778,0.06292051810325654,0.0778364667132645,0.03384623995234312,0.05798720718665606,0.05139410075297857,0.048318605871326435,0.05083314348848292,0.0422779081938046,0.045210965547259736,0.04102672128991262,0.051192417397934876,0.04619879242255758,0.053355069661636216,0.05005426373629864,0.05107864983002382,0.05275053438602062,0.04904504940746624,0.04375790311675934,0.04888967480857825,0.04762418888324066,0.039806488587768064
PerSv,0.04203322643367752,0.030980619977760127,0.03955354996981731,0.02980983692454329,0.03161730100714853,0.04273307972041301,0.06182548506751389,0.053599096546465434,0.04899347308975377,0.06062293138681494,0.05538633919936458,0.04057283076092136,0.04672544508657665,0.054086462792692615,0.04479059465289913,0.052300675256552825,0.05543248501032566,0.06384848042891185,0.06354467356314535,0.056440806503574255,0.05836454690706911,0.053627900235107225,0.05949098838760922,0.06067675610484508,0.06096469376330421,0.03375629880540112,0.024147189416997623,0.06473823362351074,0.06607069471961874,0.08348903668943604,0.03507512754567116,0.05139410075297857,0.07012286933121525,0.0521929956409849,0.05446468194757743,0.043875561220015895,0.04689845796981733,0.043189303625099276,0.055106076619539285,0.04802491429706115,0.05841920576965843,0.05368572394281175,0.05626379645432884,0.05914002493407465,0.053465460718030204,0.04734151458617949,0.052052364498808575,0.05098242691342334,0.0417306375949166
BusSv,0.038840349388403486,0.02856273821127879,0.03882950658300238,0.028076054926131848,0.03026707068467037,0.039834994274821275,0.05834049297855441,0.05082054685305798,0.04566110826052423,0.05583122632565528,0.053130625820492425,0.04108185298808578,0.04559310760603651,0.0521400859920572,0.0419786871898332,0.04890360515647341,0.05302497722954726,0.06059430857823668,0.059611950900714854,0.052094986570293884,0.0558766533788721,0.05065806106751389,0.056123566084193804,0.05714719674662431,0.05539174461636219,0.03101479460206513,0.024317375189833203,0.061869745343923754,0.05952390842573471,0.07530460578872124,0.03279788592533758,0.048318605871326435,0.0521929956409849,0.053014434319300995,0.05298406550277999,0.044112205229547244,0.04650749774106432,0.04281441929785545,0.05151583261000795,0.046232499173947596,0.0541751486068308,0.05040409813820492,0.05108225615885623,0.05506167511358218,0.050087165461477345,0.0446393476536934,0.05042528852740267,0.048960924762509926,0.0404500827545671
Hardw,0.04046072559173948,0.03011897727402701,0.042183646289118346,0.029343387316918178,0.030945138166799044,0.04488303498967434,0.06187780653693408,0.051784597115170784,0.04853766288324069,0.059039871917394744,0.05896412784590947,0.044703900533756946,0.051935024373312155,0.055620662640190645,0.044665764576648136,0.051245630359015096,0.05613423892136617,0.06558230790309771,0.06326799056711677,0.05378920592692613,0.05993850828752978,0.05417275643685467,0.06124062969817315,0.05817331817633043,0.0579421005655282,0.034145948621127874,0.0284337507974583,0.0658278057807784,0.0621002640333598,0.07736357894201747,0.033019522756155675,0.05083314348848292,0.05446468194757743,0.05298406550277999,0.07119130862430499,0.050548551679110404,0.05388950919459888,0.04850958727243845,0.0532052171056394,0.048584946552819676,0.057287158217633034,0.053050341307386825,0.05477642217950754,0.058292418814932495,0.050021497081810966,0.045864570719618726,0.05301156622398731,0.05201161425416998,0.042843508322478165
Softw,0.032458460555996826,0.02530559690548054,0.03602971962192216,0.026010559853852252,0.02564979969499602,0.03967302990945193,0.05004078212867354,0.039613300765687066,0.03985560967434472,0.04561092498173151,0.049261001591739476,0.0401349854932486,0.04851804418427324,0.0448802676028594,0.03596586941699762,0.0403622728482923,0.045104055787132634,0.05244137374106435,0.04900843675297855,0.04128860517553613,0.04781943966004767,0.0444430888737093,0.04722911245432883,0.045723520343129466,0.04665217056076252,0.030755337547259714,0.025384433814138196,0.05297659590468626,0.04848683075774424,0.06056690000317714,0.02700632030182686,0.0422779081938046,0.043875561220015895,0.044112205229547244,0.050548551679110404,0.050207843869737895,0.04553343330262112,0.04130142771088164,0.04131653922795869,0.038519607545671165,0.04485499149166005,0.042790344073073854,0.04458944355202542,0.0456239988435266,0.037876274176330424,0.037103933922160444,0.0425239812613185,0.04288368659888801,0.036443469772835586
Chips,0.03571384660841939,0.026857644619539312,0.03771310392057189,0.026723634490865754,0.02787976920095314,0.04084726686576647,0.051690617299444006,0.04420337535822079,0.042757881540905464,0.049296247377283546,0.05048234709769661,0.040858926976965845,0.04815396763463065,0.05029165223828437,0.03920823447498013,0.044892709963463076,0.049812533442414625,0.056666687704527395,0.05612682447021445,0.049102394411437655,0.0540477213884035,0.05000412075297853,0.0530070535186656,0.05051427406513105,0.05111691366481334,0.03189281126926132,0.027607648346306597,0.05851152975059571,0.056535352498808575,0.0681036646989674,0.02889295305798253,0.045210965547259736,0.04689845796981733,0.04650749774106432,0.05388950919459888,0.04553343330262112,0.05334792939793486,0.04513916193169181,0.04649059907227957,0.04363692376489277,0.049872005299444,0.04684919181254964,0.04727905557426529,0.04771954568387609,0.04307330021604447,0.03971293740428912,0.0457820292867355,0.04625132131215248,0.03799500965528198
LabEq,0.032569202573471005,0.02495256922637013,0.034133169416997615,0.0248858410675139,0.027235770090548055,0.03677829152025416,0.04865922042891185,0.039826688082605234,0.039820519586973795,0.04565075956155679,0.04825920255440824,0.03821342651628276,0.04342371646703734,0.04606012445432883,0.036027507660047656,0.040989039383637814,0.046604444054011124,0.0530351433836378,0.05084775816362192,0.04481950743764893,0.04995832026052424,0.04613160918824464,0.0486449851310564,0.04749396242096901,0.046878341432883226,0.02775458424781572,0.02423148813979348,0.0544460547545671,0.04925463658141381,0.06167263413502782,0.028180063129467827,0.04102672128991262,0.043189303625099276,0.04281441929785545,0.04850958727243845,0.04130142771088164,0.04513916193169181,0.047902521073868144,0.042732617976171554,0.04130052819698173,0.04641400371088166,0.04295450807942809,0.04289798682128674,0.04405717561239077,0.03955875303574266,0.03771036005718824,0.04215742947736299,0.042584710589356624,0.035362118773629846
Paper,0.04182373305798253,0.030557157407466246,0.039354833213661636,0.030758412695790292,0.03184354638919777,0.04057463582525814,0.06052242833995235,0.056156678106433676,0.0490174964892772,0.060566321213661636,0.052530925286735516,0.03932244287847499,0.043395738262112786,0.05745377246068309,0.045058126246227174,0.05454764427640983,0.05691226581731533,0.06405865401111994,0.06641343578077837,0.05810390213185066,0.060531920578236705,0.053524685852263686,0.06259722843526608,0.059553037019857036,0.06128785984432087,0.033615186567116755,0.02396775654328832,0.06628203315011914,0.0681878721969817,0.08223614628752975,0.03486063231135823,0.051192417397934876,0.055106076619539285,0.05151583261000795,0.0532052171056394,0.04131653922795869,0.04649059907227957,0.042732617976171554,0.06962645886576649,0.053216713772835586,0.05837861190786338,0.054818198754567116,0.055545806487688656,0.056575683698173146,0.05526019802382844,0.04758346452104844,0.05387026718983318,0.050313312781572694,0.04070653732803812
