,Agric,Food ,Soda ,Beer ,Smoke,Toys ,Fun  ,Books,Hshld,Clths,Hlth ,MedEq,Drugs,Chems,Rubbr,Txtls,BldMt,Cnstr,Steel,FabPr,Mach ,ElcEq,Autos,Aero ,Ships,Guns ,Gold ,Mines,Coal ,Oil  ,Util ,Telcm,PerSv,BusSv,Hardw,Softw,Chips,LabEq,Paper,Boxes,Trans,Whlsl,Rtail,Meals,Banks,Insur,RlEst,Fin  ,Other
Agric,0.05333303780619539,0.024875017499602848,0.030362687442414615,0.023603142446386016,0.026541607809372515,0.03012079041302621,0.04495923166481333,0.03967362248292296,0.03640604192692614,0.04456331210166799,0.041287651968228735,0.032118006722795876,0.03627290780460684,0.042152286330420966,0.033911126182684666,0.03990270807783955,0.042151230308181104,0.04797122462271643,0.04741306177601269,0.04166329521525021,0.04446091575218428,0.03955147685623511,0.044505822362192214,0.04405047104845115,0.04521787351707704,0.02481148827164416,0.020825119720413017,0.050779318044479736,0.04923235946306592,0.06009367295790309,0.02819939600317712,0.038844279178713276,0.04168280237331215,0.03851789942970611,0.040241171456711675,0.032470903274027005,0.03555962306115965,0.03249698196981732,0.041337119564733904,0.038118792670373304,0.04361091614138203,0.04092453615250199,0.040996140146147726,0.04262125824781571,0.04094554131374107,0.035659956012708494,0.04027349992057188,0.03886050927879269,0.03160241120095313
Food ,0.024875017499602848,0.03018478586814932,0.02907567993645751,0.02045790332009531,0.024877058719618747,0.023991705702938838,0.030366547945988875,0.028789643990468614,0.028672794586179506,0.031007498414614774,0.03108651437013502,0.022931499424940424,0.025215150868943603,0.03049061200953137,0.02542187502462271,0.028069148435266082,0.031113233131056395,0.034349754598888005,0.0331449392406672,0.029707352552819692,0.03183417646386022,0.029630597814138196,0.03099405071961874,0.03029601845909452,0.0308630734805401,0.021770491768069892,0.020890982678316114,0.03387506439396346,0.033261012562351075,0.040138219996822884,0.02587690820651311,0.030066997096108012,0.030780476371723587,0.028385625518665608,0.029930669432883247,0.02526750615409054,0.02668658409531375,0.024830917077045274,0.03032066103891977,0.029716254684670377,0.030399452905480538,0.029833837382049245,0.030885758328832412,0.02967725764575059,0.02884588382525815,0.027815973725178723,0.028859640921366156,0.028191152063542498,0.024181655478951545
Soda ,0.030362687442414615,0.02907567993645751,0.0962084306830818,0.02756155953931692,0.030700546656076258,0.03333291462271643,0.04375188564733916,0.03711672707704527,0.038388201898332,0.04002438967434471,0.040818047704527405,0.032751088069896746,0.036399338149324854,0.03948588393169183,0.032409665385226376,0.03799612687053218,0.04112998806195394,0.04588617159650516,0.0436520181731533,0.03585778670373312,0.04217943274027005,0.04131624288324066,0.0418985421683876,0.0411636194678316,0.04056488013502779,0.027577311111993647,0.026795637235901497,0.04316450261318506,0.043104666767275625,0.04838721405083399,0.03062783895154884,0.03955500150119142,0.039539901588562354,0.03880347733915806,0.04219687272438444,0.03603405424146148,0.03773093196981731,0.03416711261318506,0.039375918014297046,0.03751752710087371,0.041002297863383635,0.0381633620969023,0.04025045609213661,0.04164125325655282,0.037732353955520256,0.035536036489277195,0.040422430150913416,0.0378647371644162,0.033384318991262915
Beer ,0.023603142446386016,0.02045790332009531,0.02756155953931692,0.04541819536139794,0.023545159999999996,0.0230732712152502,0.03271215556791104,0.027990553248610016,0.026764793471008727,0.03165238411437649,0.03035571660047657,0.02283039272438443,0.024289292946783163,0.029829886052422542,0.024457267291501186,0.02942228706910247,0.029967829594916603,0.03411266443208894,0.032486383891977756,0.029548617315329633,0.030504688514694192,0.028881651326449567,0.02998956976965845,0.03148495248610009,0.03170853456711676,0.018616176600476566,0.017277444447974587,0.033018216727561556,0.03393423698173153,0.039660828514694206,0.024242849277204128,0.028623253010325665,0.02949196625893566,0.02781805469420175,0.02914885849086576,0.02591760859412232,0.026644344257347102,0.024772711739475775,0.030385734169976166,0.028600168387609214,0.03070419181890388,0.028603690389197762,0.029705478284352667,0.030788610214455923,0.028051567958697378,0.02683287577442415,0.028252179666401905,0.028241282335186656,0.023552978729150114
Smoke,0.026541607809372515,0.024877058719618747,0.030700546656076258,0.023545159999999996,0.06444614866401907,0.026320355552025415,0.03521872125814139,0.031384330694201754,0.03066402521366163,0.035222720305003986,0.03459703421127878,0.025190121887212064,0.025997181337569494,0.029976714535345502,0.02633072604924543,0.029285997045274015,0.03343068857188245,0.03794559377283557,0.03439158149642573,0.03065418991580619,0.033166856813343915,0.030056658814932486,0.032276870258935664,0.03370630274821288,0.03173562579189832,0.021666206430500403,0.023686734957903095,0.037719268969023036,0.03507386218903893,0.041801361950754574,0.028685270303415417,0.03189240040031772,0.0314093476664019,0.030081635939634626,0.03075717796346307,0.025688263898332,0.02774402647815726,0.027155417347100873,0.0314943209912629,0.031338066312946763,0.03236165897378871,0.03149027487212073,0.031716055771247004,0.034559076676727564,0.030821814595710876,0.030152144305003962,0.03197887860206513,0.03042781633677523,0.026572178052422575
Toys ,0.03012079041302621,0.023991705702938838,0.03333291462271643,0.0230732712152502,0.026320355552025415,0.06192582512311356,0.04649334845909451,0.037813429444003156,0.039974236942017474,0.04485387440826053,0.04434044297061158,0.03452178462271644,0.04125759438443208,0.0422551187847498,0.035501833200953146,0.03857718088165211,0.04222943216044479,0.04942730068308181,0.04740235548848291,0.03907468703733122,0.044700042557585376,0.040816781342335184,0.04583255583002382,0.04260936059571089,0.04582645246227164,0.02978182415409055,0.02868712584590945,0.0508607516997617,0.0489518482446386,0.059953247442414606,0.025363194567116762,0.03897215949960286,0.042513286942017475,0.039624371890389185,0.044770169594916615,0.039612712922954735,0.040602083804606844,0.036634886592533764,0.04038412598888007,0.03670364297061158,0.04230853465448769,0.040547088800635414,0.044326404781572674,0.04272551235107227,0.03509377841938046,0.033879705750595714,0.03953009671167593,0.03904488293089753,0.0339849083161239
Fun  ,0.04495923166481333,0.030366547945988875,0.04375188564733916,0.03271215556791104,0.03521872125814139,0.04649334845909451,0.08954344796028593,0.05932496262271644,0.05223923626846704,0.06684183481493249,0.06308459755043684,0.04640374065766481,0.050106012360603656,0.058414481231135816,0.046363469013502766,0.05680468982525814,0.06040380430976967,0.07176607431294678,0.06537243332168387,0.05481981481493248,0.06265305560285937,0.057711129288324066,0.06483318582843527,0.07047137930897537,0.061872573968228754,0.0304614363288324,0.026265802427323272,0.07081787940111198,0.062506939720413,0.08782531626528992,0.03587334844797458,0.05591552381413821,0.06132148079110404,0.05786169257664814,0.061515823262907054,0.049969964252581406,0.05128477026052421,0.04840902314535348,0.05983887177442413,0.05004952111517078,0.06287436491977758,0.0575386500333598,0.059993056543288334,0.07357874517712468,0.057273885812549635,0.050318526211278775,0.06088277550436854,0.05610479160762509,0.0480887106544877
Books,0.03967362248292296,0.028789643990468614,0.03711672707704527,0.027990553248610016,0.031384330694201754,0.037813429444003156,0.05932496262271644,0.07460689209054804,0.046540988706910244,0.05864148958856234,0.05220403465925335,0.038789558258935646,0.041945669104050835,0.05222050296266879,0.042804112603653695,0.051181476862589365,0.05421950226052423,0.06117936371723588,0.061539389127879277,0.055630101169181885,0.05656411488800636,0.0506892556108022,0.058036754787926914,0.05750065022239873,0.057100561196187456,0.03132313850516283,0.02550104909928514,0.06153143295154886,0.06328436062589357,0.07745793485146941,0.033897939488482916,0.04975886128832407,0.053051424714853065,0.05028909149642573,0.05142069030023829,0.03963780866878474,0.04382161922001588,0.03955760649722002,0.05541110799364574,0.046945929598093725,0.05646875561080222,0.052158053623510725,0.05306887347736298,0.056979689704527395,0.0539120140413026,0.045711757696584594,0.052152526799046875,0.04875141035266085,0.04022678658776808
Hshld,0.03640604192692614,0.028672794586179506,0.038388201898332,0.026764793471008727,0.03066402521366163,0.039974236942017474,0.05223923626846704,0.046540988706910244,0.05162180252740268,0.05370408406036537,0.049477647431294666,0.03744032162668784,0.042306621955520256,0.04861392183478951,0.0401855109197776,0.04588644274027005,0.049878270457505966,0.05794809655281967,0.05507314347259729,0.04808679661000794,0.05150085109134232,0.04665919943923749,0.05353412441461477,0.051039863185067515,0.05369206442096902,0.03147708582843527,0.02626170994122319,0.05616198824940428,0.05639134626528991,0.06795411813979346,0.03097171861477363,0.04554162713423352,0.048666908559173945,0.04541793473709292,0.048320718862589346,0.03980992765210485,0.04253499780619539,0.039668871945988886,0.048712929026211264,0.04340397156791105,0.050071026524225584,0.04712361832565527,0.051336489617156485,0.051049205828435244,0.04493587898173154,0.04107952236695791,0.04643109579030976,0.04456559999523431,0.03713187364098492
Clths,0.04456331210166799,0.031007498414614774,0.04002438967434471,0.03165238411437649,0.035222720305003986,0.04485387440826053,0.06684183481493249,0.05864148958856234,0.05370408406036537,0.09303776587132648,0.05917026689118348,0.04249555879904686,0.04509914690389197,0.057411805464654464,0.046235222182684665,0.05814017404289117,0.06001062568387607,0.06946927123113583,0.06750189918347894,0.060025044155679115,0.062447106039714054,0.055262247707704534,0.06579108146783162,0.06493861401111994,0.06462476716123908,0.03458279231771247,0.020551464476568696,0.06738946809849086,0.0651898698395552,0.0843161510468626,0.03670686695472598,0.05348398194757744,0.06004809875774424,0.05543905152025417,0.05859243721048451,0.045584494633836375,0.04901830717077045,0.04545234214455917,0.05997097091660047,0.05268017390309769,0.062421912012708476,0.057107903980937263,0.06692315492295473,0.0671682847720413,0.05797246650357424,0.050575116822875285,0.05743369760127085,0.05423544802541697,0.043573739621922174
Hlth ,0.041287651968228735,0.03108651437013502,0.040818047704527405,0.03035571660047657,0.03459703421127878,0.04434044297061158,0.06308459755043684,0.05220403465925335,0.049477647431294666,0.05917026689118348,0.0853484528101668,0.04923727064654488,0.056578063920571874,0.05328767461477363,0.04414264338681492,0.051740481445591735,0.056784194525814145,0.06650916838760919,0.06031472099761713,0.055994524746624294,0.05807858598252582,0.05457148547418586,0.05867754516600474,0.05928890683081809,0.057994509283558385,0.03189743310881652,0.03207841614614773,0.0644061359714059,0.057220432012708496,0.07642876915329623,0.03678722138840349,0.05119727307069103,0.055376302150913416,0.053114402297061165,0.058944639574265295,0.04930369220969024,0.05035697868467036,0.04816454211278793,0.05247108568069896,0.048793158691024616,0.057746302217633036,0.05355423953613979,0.057044414506751365,0.06244107552343127,0.050708287787132614,0.048667751961874506,0.05282972130262113,0.0522075742112788,0.044717331478951544
MedEq,0.032118006722795876,0.022931499424940424,0.032751088069896746,0.02283039272438443,0.025190121887212064,0.03452178462271644,0.04640374065766481,0.038789558258935646,0.03744032162668784,0.04249555879904686,0.04923727064654488,0.046688485680698964,0.04917236073709294,0.04131078382843527,0.03556454407625099,0.03782535231135821,0.04230858772359015,0.04923874258935662,0.046275463548848296,0.04063738548689434,0.04464302568387609,0.042803608241461476,0.04386950436219221,0.043480510055599685,0.044018313156473386,0.02607293143129468,0.024378513188244636,0.04976166162351072,0.04694229918347896,0.05938117378236695,0.025875485515488482,0.0395217398316124,0.040488874840349486,0.04100788036219221,0.04465404882605242,0.040139842204924545,0.04072229829388403,0.03811637652104845,0.03919745739158061,0.035725182951548834,0.04195808598570295,0.0402533120635425,0.040993878722795876,0.04255533050992852,0.03698227545035742,0.03489997042096901,0.04047073016679904,0.039963487129467824,0.03492929348371723
Drugs,0.03627290780460684,0.025215150868943603,0.036399338149324854,0.024289292946783163,0.025997181337569494,0.04125759438443208,0.050106012360603656,0.041945669104050835,0.042306621955520256,0.04509914690389197,0.056578063920571874,0.04917236073709294,0.0756066494853058,0.0478049168943606,0.039459401880857815,0.041896918403494826,0.04795418113264495,0.05558023374106433,0.05523142204289119,0.04646274698332009,0.05156673760444798,0.04817913435583795,0.05020605856870533,0.04617932118347896,0.05017151193486893,0.03142446620969024,0.03246021519936458,0.05955303109293088,0.057523527774424134,0.06933663570929309,0.02627991070373312,0.04485264017633042,0.046961160187450356,0.04578691537251787,0.05213569614614773,0.04858557805718824,0.04823617860047655,0.04348768189038919,0.043584371567911034,0.03981987253693408,0.04772047292613185,0.04589618912787927,0.04763630378713265,0.04522441616997616,0.039650025050039714,0.037837100508339945,0.044578170579825264,0.04607902850992852,0.04066007124225577
Chems,0.042152286330420966,0.03049061200953137,0.03948588393169183,0.029829886052422542,0.029976714535345502,0.0422551187847498,0.058414481231135816,0.05222050296266879,0.04861392183478951,0.057411805464654464,0.05328767461477363,0.04131078382843527,0.0478049168943606,0.06733232088165209,0.04534928530579824,0.051115716767275596,0.05774781077839557,0.06490097982525812,0.06888574046068306,0.058816683733121516,0.0629175691342335,0.05513996227958696,0.06263610931691817,0.05811923602065129,0.06194636293089753,0.03429788032565528,0.03301830795869738,0.0732148621683876,0.07341147331215249,0.08916291705321681,0.03419665413820493,0.05077386393169182,0.05353511153296269,0.051608451286735496,0.055270718030182686,0.04484717414614773,0.04986380971405877,0.04575867769658459,0.0566944017633042,0.052868886306592526,0.0596257862827641,0.05520978652899127,0.05376029310563939,0.05364619489277204,0.05231167274821288,0.04649408093725178,0.052767026433677526,0.05138447092136616,0.04268613849880857
Rubbr,0.033911126182684666,0.02542187502462271,0.032409665385226376,0.024457267291501186,0.02633072604924543,0.035501833200953146,0.046363469013502766,0.042804112603653695,0.0401855109197776,0.046235222182684665,0.04414264338681492,0.03556454407625099,0.039459401880857815,0.04534928530579824,0.056631814227164415,0.040213824305003976,0.04596104932803812,0.05396089744241459,0.051994594922954704,0.04792083425575853,0.047950496216044476,0.04329811775694996,0.04884863824622717,0.04523031822081015,0.048608204435266075,0.029042733274027007,0.02042872596028594,0.05358745031294678,0.052387008762509915,0.06479019198729148,0.027471745753772838,0.04071873296902303,0.044606079955520246,0.041774944127084976,0.04441839160603655,0.035931518773629864,0.03904501473550436,0.035976867355043685,0.04467199232406671,0.04033845300714853,0.044524892435266084,0.04353484283399524,0.04372079100238284,0.04477204027958698,0.04190291919936457,0.03679439466243049,0.04248048762509928,0.04095677640667196,0.03370925430976965
Txtls,0.03990270807783955,0.028069148435266082,0.03799612687053218,0.02942228706910247,0.029285997045274015,0.03857718088165211,0.05680468982525814,0.051181476862589365,0.04588644274027005,0.05814017404289117,0.051740481445591735,0.03782535231135821,0.041896918403494826,0.051115716767275596,0.040213824305003976,0.0791873779110405,0.05340694458300239,0.0608321087847498,0.059384825099285145,0.05344297625099284,0.055081124845115174,0.05038683733915806,0.0569043688403495,0.05613602247021445,0.056514159388403484,0.029635261691818904,0.02498754652899127,0.05866938126290707,0.05526679582208101,0.06905467179507543,0.033287215949166,0.048167155258141386,0.05170986619539315,0.048350949507545676,0.05072120177918984,0.04024230321683875,0.044476702184273235,0.040709050913423354,0.05373988875297855,0.046407341270849875,0.054649515607625085,0.050448316632247824,0.05270204106433677,0.053856250413026226,0.05141090466243049,0.04393221888800634,0.050156328419380454,0.04787355509928514,0.039081769110405076
BldMt,0.042151230308181104,0.031113233131056395,0.04112998806195394,0.029967829594916603,0.03343068857188245,0.04222943216044479,0.06040380430976967,0.05421950226052423,0.049878270457505966,0.06001062568387607,0.056784194525814145,0.04230858772359015,0.04795418113264495,0.05774781077839557,0.04596104932803812,0.05340694458300239,0.06806012444638601,0.0703618035901509,0.0668328131342335,0.05983902763780778,0.06216380699920572,0.055692684195393166,0.06290285260841937,0.06086703724384432,0.062089880474980146,0.035284137326449555,0.02988087225416997,0.07004104608260525,0.06521680038443206,0.07987444798570291,0.035393171253375696,0.05125450913899919,0.05509231636854646,0.052821306387609214,0.0559957556664019,0.045157478460683076,0.04959450700079428,0.046468748101668,0.05667999826211278,0.052422232416203335,0.05920761657029387,0.055387987939634634,0.056372623513899926,0.05715056201270849,0.054339025634630646,0.048428391501191444,0.05423360212867356,0.05275650699126291,0.0425317379364575
Cnstr,0.04797122462271643,0.034349754598888005,0.04588617159650516,0.03411266443208894,0.03794559377283557,0.04942730068308181,0.07176607431294678,0.06117936371723588,0.05794809655281967,0.06946927123113583,0.06650916838760919,0.04923874258935662,0.05558023374106433,0.06490097982525812,0.05396089744241459,0.0608321087847498,0.0703618035901509,0.0946541672438443,0.07439432644956316,0.06395412012708498,0.06943811405877678,0.06334093525019857,0.07200659075456711,0.07047697410643367,0.07030290573471007,0.03766272104845114,0.034117600794281173,0.07887225525019854,0.07126272505162827,0.09029771552025417,0.03935088063542494,0.05807147046862589,0.06358856133439238,0.060427616870532164,0.06551212508339953,0.05250746036536934,0.05650101874503574,0.05296079237490071,0.06385208247815725,0.05783493629864972,0.06657797521842732,0.06322534617950754,0.06603343571088165,0.06910939939634626,0.059621151040508344,0.053976768260524215,0.0640672434630659,0.05925641623510721,0.04886479647339159
Steel,0.04741306177601269,0.0331449392406672,0.0436520181731533,0.032486383891977756,0.03439158149642573,0.04740235548848291,0.06537243332168387,0.061539389127879277,0.05507314347259729,0.06750189918347894,0.06031472099761713,0.046275463548848296,0.05523142204289119,0.06888574046068306,0.051994594922954704,0.059384825099285145,0.0668328131342335,0.07439432644956316,0.09965831138363777,0.07406557759491661,0.07362648278316122,0.06209097723907863,0.07320722291342334,0.06809430567116762,0.07310794415885623,0.04119741830659254,0.04111101453216838,0.09065552519142178,0.09329854354884828,0.10603611844956315,0.03712693294360603,0.05842858995393169,0.06295427092613186,0.05912202588085782,0.06288042675774425,0.04910728481652105,0.055661396225575865,0.050565778713264495,0.0655200094551231,0.05954471916123908,0.06998422991580619,0.06494302556949959,0.06319185211119935,0.0624270469324861,0.06255144366004764,0.05320216698967435,0.05897168473391579,0.05958253784273231,0.0468019141096108
FabPr,0.04166329521525021,0.029707352552819692,0.03585778670373312,0.029548617315329633,0.03065418991580619,0.03907468703733122,0.05481981481493248,0.055630101169181885,0.04808679661000794,0.060025044155679115,0.055994524746624294,0.04063738548689434,0.04646274698332009,0.058816683733121516,0.04792083425575853,0.05344297625099284,0.05983902763780778,0.06395412012708498,0.07406557759491661,0.13010033689594913,0.0645451791771247,0.05693501944718031,0.06431446311993644,0.0594298612708499,0.06454539202223988,0.03555748945830025,0.034240073023034154,0.07502967046544876,0.07419988578872122,0.08977247446227164,0.035907850243050043,0.05088247769023034,0.05630808163304212,0.05189917137728356,0.05351219069737886,0.04139019568228753,0.048767111666401894,0.04475151050039714,0.05748219055123114,0.05185975963780778,0.06170108149642572,0.05568354067672755,0.05369375425575853,0.05503251163463067,0.05739532688482923,0.048949959872915026,0.051892178141382056,0.05135655304527402,0.04278821719142176
Mach ,0.04446091575218428,0.03183417646386022,0.04217943274027005,0.030504688514694192,0.033166856813343915,0.044700042557585376,0.06265305560285937,0.05656411488800636,0.05150085109134232,0.062447106039714054,0.05807858598252582,0.04464302568387609,0.05156673760444798,0.0629175691342335,0.047950496216044476,0.055081124845115174,0.06216380699920572,0.06943811405877678,0.07362648278316122,0.0645451791771247,0.07026942240508341,0.058846248505162825,0.0669459736584591,0.06407627718824464,0.06639182101032566,0.03681863173629866,0.031486030779984096,0.07628596973153294,0.07568392087053218,0.09590369998093724,0.035818701629864974,0.05421860403812549,0.057770469890389184,0.055332860991262896,0.05962905091024623,0.04780632421604448,0.05364655456393961,0.049679802414614775,0.05977895552660841,0.05493764988721207,0.06393889873550435,0.058903894189038915,0.057698303015091344,0.059137780679904675,0.056808235834789514,0.0500140394598888,0.05605180978554408,0.05548436968069898,0.04512915903733122
ElcEq,0.03955147685623511,0.029630597814138196,0.04131624288324066,0.028881651326449567,0.030056658814932486,0.040816781342335184,0.057711129288324066,0.0506892556108022,0.04665919943923749,0.055262247707704534,0.05457148547418586,0.042803608241461476,0.04817913435583795,0.05513996227958696,0.04329811775694996,0.05038683733915806,0.055692684195393166,0.06334093525019857,0.06209097723907863,0.05693501944718031,0.058846248505162825,0.0716552007926926,0.059154527280381244,0.056069516687847494,0.05764812422716441,0.033100088154090546,0.03129363856393963,0.06892537847656871,0.06223350655758538,0.07949200399205716,0.032994439453534544,0.04973123799364575,0.05271886352025416,0.049989706575059564,0.05380996878157266,0.04422217030818111,0.049289070123907874,0.04560809904686258,0.053030579942811754,0.04764435916441621,0.055189849577442406,0.05200870943923749,0.052323625667990474,0.05399404237172358,0.049724218622716455,0.04435567629864972,0.05153559774424145,0.04952146476409849,0.0423149622700556
Autos,0.044505822362192214,0.03099405071961874,0.0418985421683876,0.02998956976965845,0.032276870258935664,0.04583255583002382,0.06483318582843527,0.058036754787926914,0.05353412441461477,0.06579108146783162,0.05867754516600474,0.04386950436219221,0.05020605856870533,0.06263610931691817,0.04884863824622717,0.0569043688403495,0.06290285260841937,0.07200659075456711,0.07320722291342334,0.06431446311993644,0.0669459736584591,0.059154527280381244,0.07913559429864972,0.06417828593328039,0.06813798785861795,0.03664484448133439,0.02909530448292295,0.0743052316870532,0.07239472747577443,0.08965090621286734,0.032980656285941226,0.05396402632088961,0.05914932111517077,0.055795765072279596,0.06113417581572677,0.04723476519936457,0.0527064490722796,0.04842508217633042,0.062231332069896735,0.05569410179189832,0.06491857301509134,0.0589355401810961,0.06130258056552821,0.06180456737251784,0.05645031896902301,0.04919456583002383,0.057628390722795866,0.05557023531850674,0.04431456005242255
Aero ,0.04405047104845115,0.03029601845909452,0.0411636194678316,0.03148495248610009,0.03370630274821288,0.04260936059571089,0.07047137930897537,0.05750065022239873,0.051039863185067515,0.06493861401111994,0.05928890683081809,0.043480510055599685,0.04617932118347896,0.05811923602065129,0.04523031822081015,0.05613602247021445,0.06086703724384432,0.07047697410643367,0.06809430567116762,0.0594298612708499,0.06407627718824464,0.056069516687847494,0.06417828593328039,0.09098188148530581,0.06360327571882447,0.03367635705321683,0.025720203145353452,0.06910780081810958,0.06357750590945194,0.08656185338363781,0.03615079281969817,0.05434161147736297,0.05999523483717236,0.05658230523431294,0.05772693674344717,0.04562238717235901,0.05003944577442414,0.04716170120730737,0.05889005857029389,0.053441055965051616,0.06277507527402701,0.0579720501350278,0.05631023909451946,0.06656840328038127,0.058159942899126287,0.050873712390786335,0.058422443304209676,0.05591846466243049,0.04474867031771246
Ships,0.04521787351707704,0.0308630734805401,0.04056488013502779,0.03170853456711676,0.03173562579189832,0.04582645246227164,0.061872573968228754,0.057100561196187456,0.05369206442096902,0.06462476716123908,0.057994509283558385,0.044018313156473386,0.05017151193486893,0.06194636293089753,0.048608204435266075,0.056514159388403484,0.062089880474980146,0.07030290573471007,0.07310794415885623,0.06454539202223988,0.06639182101032566,0.05764812422716441,0.06813798785861795,0.06360327571882447,0.0913768604590945,0.039874820440031766,0.029769719084988083,0.07531979092772043,0.07915071781096106,0.09207671899444002,0.03615550434312946,0.054583427423351864,0.06045856294519458,0.055034878492454316,0.05764371318824463,0.04658831039078634,0.05073133648451152,0.04659876700555996,0.060865897197776006,0.05481760363145353,0.06525684081175535,0.058952393594916594,0.06108720003494836,0.05910962177442416,0.05759702630182685,0.050223156044479744,0.056088980810166784,0.05495970146306592,0.043788159985702936
Guns ,0.02481148827164416,0.021770491768069892,0.027577311111993647,0.018616176600476566,0.021666206430500403,0.02978182415409055,0.0304614363288324,0.03132313850516283,0.03147708582843527,0.03458279231771247,0.03189743310881652,0.02607293143129468,0.03142446620969024,0.03429788032565528,0.029042733274027007,0.029635261691818904,0.035284137326449555,0.03766272104845114,0.04119741830659254,0.03555748945830025,0.03681863173629866,0.033100088154090546,0.03664484448133439,0.03367635705321683,0.039874820440031766,0.05939176859571089,0.02341414762827641,0.03904011983637808,0.04575770898490866,0.04615387776171566,0.02185491099602858,0.031408333977760126,0.03347802640508339,0.030884233682287543,0.03397735077998412,0.03068589083876092,0.03172546449722002,0.0276484968228753,0.0334724028562351,0.031829434913423355,0.034817561656870534,0.032669958481334395,0.03529818148689437,0.029005417301032566,0.02920914799205718,0.028085798173153292,0.02855097607625099,0.029961698082605244,0.024789954667196183
Gold ,0.020825119720413017,0.020890982678316114,0.026795637235901497,0.017277444447974587,0.023686734957903095,0.02868712584590945,0.026265802427323272,0.02550104909928514,0.02626170994122319,0.020551464476568696,0.03207841614614773,0.024378513188244636,0.03246021519936458,0.03301830795869738,0.02042872596028594,0.02498754652899127,0.02988087225416997,0.034117600794281173,0.04111101453216838,0.034240073023034154,0.031486030779984096,0.03129363856393963,0.02909530448292295,0.025720203145353452,0.029769719084988083,0.02341414762827641,0.20162882024463863,0.055694695987291494,0.04817539598411437,0.051053324911834785,0.02752133522478157,0.027513282967434466,0.024771423135822083,0.02479111564098491,0.02871875248927721,0.025590900962668788,0.02791368497537728,0.024519544527402702,0.02440165578395551,0.024507513798252577,0.026895038373312155,0.02985700277680699,0.025688998684670363,0.02583058229070692,0.019289719129467822,0.019962927783955517,0.028736912311358213,0.02505864186814933,0.027633157610802234
Mines,0.050779318044479736,0.03387506439396346,0.04316450261318506,0.033018216727561556,0.037719268969023036,0.0508607516997617,0.07081787940111198,0.06153143295154886,0.05616198824940428,0.06738946809849086,0.0644061359714059,0.04976166162351072,0.05955303109293088,0.0732148621683876,0.05358745031294678,0.05866938126290707,0.07004104608260525,0.07887225525019854,0.09065552519142178,0.07502967046544876,0.07628596973153294,0.06892537847656871,0.0743052316870532,0.06910780081810958,0.07531979092772043,0.03904011983637808,0.055694695987291494,0.1314573932629071,0.10339591441143765,0.12922528231453534,0.037771861197776015,0.06141878845591738,0.0643487492200159,0.06143234649880858,0.06556092650039713,0.05298048772200159,0.05811184865289911,0.05423133545671168,0.06557053443367754,0.05986047397299444,0.07190557522001592,0.06696496716123906,0.06394003758856234,0.0641656799952343,0.061917128430500394,0.052772475377283544,0.06311071669579031,0.06108241271008736,0.05115905134392374
Coal ,0.04923235946306592,0.033261012562351075,0.043104666767275625,0.03393423698173153,0.03507386218903893,0.0489518482446386,0.062506939720413,0.06328436062589357,0.05639134626528991,0.0651898698395552,0.057220432012708496,0.04694229918347896,0.057523527774424134,0.07341147331215249,0.052387008762509915,0.05526679582208101,0.06521680038443206,0.07126272505162827,0.09329854354884828,0.07419988578872122,0.07568392087053218,0.06223350655758538,0.07239472747577443,0.06357750590945194,0.07915071781096106,0.04575770898490866,0.04817539598411437,0.10339591441143765,0.22213213082764094,0.1359138263161239,0.04019500872438443,0.06227294763145353,0.06499440688165212,0.0585133169785544,0.06138630534710087,0.04838678118824463,0.055547146951548845,0.04858355552025417,0.06656140115647341,0.061327747463065935,0.07237894668467038,0.06626674373947578,0.06311018769817314,0.05738943622875296,0.06317427336934074,0.05244626306592536,0.059118317108816536,0.05991778611278792,0.04732569400794282
Oil  ,0.06009367295790309,0.040138219996822884,0.04838721405083399,0.039660828514694206,0.041801361950754574,0.059953247442414606,0.08782531626528992,0.07745793485146941,0.06795411813979346,0.0843161510468626,0.07642876915329623,0.05938117378236695,0.06933663570929309,0.08916291705321681,0.06479019198729148,0.06905467179507543,0.07987444798570291,0.09029771552025417,0.10603611844956315,0.08977247446227164,0.09590369998093724,0.07949200399205716,0.08965090621286734,0.08656185338363781,0.09207671899444002,0.04615387776171566,0.051053324911834785,0.12922528231453534,0.1359138263161239,0.23244940335345518,0.048789033188244624,0.07701099113423353,0.08224630291024623,0.07409206666084195,0.07652309381413819,0.060458066025417,0.06706157817474184,0.06094320662430501,0.0804598763113582,0.0694582268435266,0.09069435841620332,0.0824865022779984,0.0766033511771247,0.0809218834169976,0.07678752918347893,0.06405933040508342,0.07534450255758537,0.07348703114058773,0.06233889608101666
Util ,0.02819939600317712,0.02587690820651311,0.03062783895154884,0.024242849277204128,0.028685270303415417,0.025363194567116762,0.03587334844797458,0.033897939488482916,0.03097171861477363,0.03670686695472598,0.03678722138840349,0.025875485515488482,0.02627991070373312,0.03419665413820493,0.027471745753772838,0.033287215949166,0.035393171253375696,0.03935088063542494,0.03712693294360603,0.035907850243050043,0.035818701629864974,0.032994439453534544,0.032980656285941226,0.03615079281969817,0.03615550434312946,0.02185491099602858,0.02752133522478157,0.037771861197776015,0.04019500872438443,0.048789033188244624,0.04218947663860206,0.03370845091024623,0.03493443384273233,0.03263482645909452,0.032928095046862595,0.027129525267672757,0.028791471250198576,0.028207512343129466,0.0344995573884035,0.03489449950119142,0.035133843742652895,0.03357766406354249,0.03304526638919778,0.03528536656393963,0.03548981882764098,0.03437002204924543,0.034870411247021456,0.03243972682446386,0.028767512336775214
Telcm,0.038844279178713276,0.030066997096108012,0.03955500150119142,0.028623253010325665,0.03189240040031772,0.03897215949960286,0.05591552381413821,0.04975886128832407,0.04554162713423352,0.05348398194757744,0.05119727307069103,0.0395217398316124,0.04485264017633042,0.05077386393169182,0.04071873296902303,0.048167155258141386,0.05125450913899919,0.05807147046862589,0.05842858995393169,0.05088247769023034,0.05421860403812549,0.04973123799364575,0.05396402632088961,0.05434161147736297,0.054583427423351864,0.031408333977760126,0.027513282967434466,0.06141878845591738,0.06227294763145353,0.07701099113423353,0.03370845091024623,0.05780467699920571,0.05104734122001588,0.04804574615885623,0.050655105836378084,0.042278870702144575,0.044942099776012705,0.04085735490071487,0.05081107078951548,0.04598288889912629,0.0530814724813344,0.04979768803177125,0.05086804440667197,0.052439028147736315,0.04871511566163621,0.04356572811755361,0.048611744177919,0.047352353275615565,0.03969415419698173
PerSv,0.04168280237331215,0.030780476371723587,0.039539901588562354,0.02949196625893566,0.0314093476664019,0.042513286942017475,0.06132148079110404,0.053051424714853065,0.048666908559173945,0.06004809875774424,0.055376302150913416,0.040488874840349486,0.046961160187450356,0.05353511153296269,0.044606079955520246,0.05170986619539315,0.05509231636854646,0.06358856133439238,0.06295427092613186,0.05630808163304212,0.057770469890389184,0.05271886352025416,0.05914932111517077,0.05999523483717236,0.06045856294519458,0.03347802640508339,0.024771423135822083,0.0643487492200159,0.06499440688165212,0.08224630291024623,0.03493443384273233,0.05104734122001588,0.06965027463701348,0.05179929843685464,0.05417682807307387,0.04388220150278,0.04652743831930102,0.04295122741858618,0.05463500558538524,0.047735206888006344,0.05810199292454328,0.05340273033836378,0.05590243468149325,0.05874721970135027,0.05308262198888007,0.04709027984114375,0.05171151714058777,0.050639557372517865,0.04166122888959492
BusSv,0.03851789942970611,0.028385625518665608,0.03880347733915806,0.02781805469420175,0.030081635939634626,0.039624371890389185,0.05786169257664814,0.05028909149642573,0.04541793473709292,0.05543905152025417,0.053114402297061165,0.04100788036219221,0.04578691537251787,0.051608451286735496,0.041774944127084976,0.048350949507545676,0.052821306387609214,0.060427616870532164,0.05912202588085782,0.05189917137728356,0.055332860991262896,0.049989706575059564,0.055795765072279596,0.05658230523431294,0.055034878492454316,0.030884233682287543,0.02479111564098491,0.06143234649880858,0.0585133169785544,0.07409206666084195,0.03263482645909452,0.04804574615885623,0.05179929843685464,0.05267496219062747,0.05276924033042096,0.044102401523431284,0.04621494038602065,0.04263260668784751,0.05105590890230342,0.04595883427164416,0.05385587812390786,0.05011398664336775,0.05084814681175537,0.05469084457982527,0.04969948017950755,0.04444867893566322,0.050087782716441605,0.04864088527243844,0.04033626064972199
Hardw,0.040241171456711675,0.029930669432883247,0.04219687272438444,0.02914885849086576,0.03075717796346307,0.044770169594916615,0.061515823262907054,0.05142069030023829,0.048320718862589346,0.05859243721048451,0.058944639574265295,0.04465404882605242,0.05213569614614773,0.055270718030182686,0.04441839160603655,0.05072120177918984,0.0559957556664019,0.06551212508339953,0.06288042675774425,0.05351219069737886,0.05962905091024623,0.05380996878157266,0.06113417581572677,0.05772693674344717,0.05764371318824463,0.03397735077998412,0.02871875248927721,0.06556092650039713,0.06138630534710087,0.07652309381413819,0.032928095046862595,0.050655105836378084,0.05417682807307387,0.05276924033042096,0.07097098995393168,0.050585814881652105,0.05368096428276411,0.04835748038125495,0.05280473659729944,0.04832562174424146,0.05702693583478951,0.052878418656076245,0.05461835357585386,0.05803485117712468,0.04969307471961875,0.0457127844638602,0.05269816203335983,0.051777834262112785,0.042739927510722794
Softw,0.032470903274027005,0.02526750615409054,0.03603405424146148,0.02591760859412232,0.025688263898332,0.039612712922954735,0.049969964252581406,0.03963780866878474,0.03980992765210485,0.045584494633836375,0.04930369220969024,0.040139842204924545,0.04858557805718824,0.04484717414614773,0.035931518773629864,0.04024230321683875,0.045157478460683076,0.05250746036536934,0.04910728481652105,0.04139019568228753,0.04780632421604448,0.04422217030818111,0.04723476519936457,0.04562238717235901,0.04658831039078634,0.03068589083876092,0.025590900962668788,0.05298048772200159,0.04838678118824463,0.060458066025417,0.027129525267672757,0.042278870702144575,0.04388220150278,0.044102401523431284,0.050585814881652105,0.0501623145019857,0.04547769212549642,0.041220572597299464,0.041365754494042895,0.0386108407212073,0.044888010673550444,0.04283719855758539,0.04464178131532963,0.04560926640667194,0.03795676199046863,0.03720547455123113,0.04246936759332805,0.04293410694042891,0.03637553454964258
Chips,0.03555962306115965,0.02668658409531375,0.03773093196981731,0.026644344257347102,0.02774402647815726,0.040602083804606844,0.05128477026052421,0.04382161922001588,0.04253499780619539,0.04901830717077045,0.05035697868467036,0.04072229829388403,0.04823617860047655,0.04986380971405877,0.03904501473550436,0.044476702184273235,0.04959450700079428,0.05650101874503574,0.055661396225575865,0.048767111666401894,0.05364655456393961,0.049289070123907874,0.0527064490722796,0.05003944577442414,0.05073133648451152,0.03172546449722002,0.02791368497537728,0.05811184865289911,0.055547146951548845,0.06706157817474184,0.028791471250198576,0.044942099776012705,0.04652743831930102,0.04621494038602065,0.05368096428276411,0.04547769212549642,0.05306361196346305,0.0449231671644162,0.04618804673232725,0.043432924127084986,0.049602555731532966,0.04660838529626687,0.0470617217251787,0.047490070374900696,0.042849316236695786,0.039590799221604446,0.045475774074662426,0.04602009927402701,0.03790946064019062
LabEq,0.03249698196981732,0.024830917077045274,0.03416711261318506,0.024772711739475775,0.027155417347100873,0.036634886592533764,0.04840902314535348,0.03955760649722002,0.039668871945988886,0.04545234214455917,0.04816454211278793,0.03811637652104845,0.04348768189038919,0.04575867769658459,0.035976867355043685,0.040709050913423354,0.046468748101668,0.05296079237490071,0.050565778713264495,0.04475151050039714,0.049679802414614775,0.04560809904686258,0.04842508217633042,0.04716170120730737,0.04659876700555996,0.0276484968228753,0.024519544527402702,0.05423133545671168,0.04858355552025417,0.06094320662430501,0.028207512343129466,0.04085735490071487,0.04295122741858618,0.04263260668784751,0.04835748038125495,0.041220572597299464,0.0449231671644162,0.04777140438443208,0.04258052692613186,0.04122352794281174,0.04626990571882445,0.042833726163621924,0.04277513938046069,0.04391320818109609,0.039477755980937244,0.03771607224781573,0.04194253830023828,0.04244769050039713,0.03534916589356633
Paper,0.041337119564733904,0.03032066103891977,0.039375918014297046,0.030385734169976166,0.0314943209912629,0.04038412598888007,0.05983887177442413,0.05541110799364574,0.048712929026211264,0.05997097091660047,0.05247108568069896,0.03919745739158061,0.043584371567911034,0.0566944017633042,0.04467199232406671,0.05373988875297855,0.05667999826211278,0.06385208247815725,0.0655200094551231,0.05748219055123114,0.05977895552660841,0.053030579942811754,0.062231332069896735,0.05889005857029389,0.060865897197776006,0.0334724028562351,0.02440165578395551,0.06557053443367754,0.06656140115647341,0.0804598763113582,0.0344995573884035,0.05081107078951548,0.05463500558538524,0.05105590890230342,0.05280473659729944,0.041365754494042895,0.04618804673232725,0.04258052692613186,0.06882033995869735,0.0526665488228753,0.05783352516918188,0.054340476810166786,0.0552752927212073,0.05606346922637015,0.05452208590627481,0.04718077223193009,0.05335681064336776,0.04979464898173152,0.04049775109451945
