,Agric,Food ,Soda ,Beer ,Smoke,Toys ,Fun  ,Books,Hshld,Clths,Hlth ,MedEq,Drugs,Chems,Rubbr,Txtls,BldMt,Cnstr,Steel,FabPr,Mach ,ElcEq,Autos,Aero ,Ships,Guns ,Gold ,Mines,Coal ,Oil  ,Util ,Telcm,PerSv,BusSv,Hardw,Softw,Chips,LabEq,Paper,Boxes,Trans,Whlsl,Rtail,Meals,Banks,Insur,RlEst,Fin  ,Other
Agric,0.04126795341540904,0.011074922644956312,0.011554580254169977,0.009916965512311356,0.00864241915806195,0.014374097490071482,0.013207210055599682,0.016169350270055595,0.014894570611596504,0.014414438625893564,0.016701001215250196,0.015308010595710884,0.020935066727561562,0.018338922366957902,0.015049510413026207,0.01599354509928514,0.016216686552819697,0.018809892295472593,0.021877662938840345,0.01845646796664019,0.01907699023034154,0.017338208387609216,0.019638506354249404,0.013935628474980144,0.020694743995234313,0.013699365583796662,0.008685749618745036,0.02184575602065131,0.024307544773629862,0.02591788517871326,0.008316967362986497,0.01629292212867355,0.017135097783955514,0.01535839098490865,0.016999267196187454,0.015959137100873707,0.01732735060365369,0.014975594320889594,0.016107718117553613,0.016327537172359012,0.019686421429706117,0.01709975923749007,0.017384619150119143,0.013449868260524226,0.012425519451945987,0.012864745901509133,0.013819202764098489,0.01607919919777601,0.012761030730738681
Food ,0.011074922644956312,0.017953962984908662,0.012807524285941223,0.009936261823669577,0.011116240311358222,0.010447000829229548,0.009048812845115172,0.011683875667990468,0.012305335180301828,0.011374497310563938,0.010722718911834789,0.009655077753772832,0.012086507798252582,0.013166363783955517,0.011659172363780779,0.01074392499444003,0.011816263642573469,0.01405186300873709,0.014438690249404291,0.01267974034471803,0.012852045423351867,0.012176712559173948,0.01339650449245433,0.010166014416203337,0.013205008697378872,0.01118196226370135,0.006336801262907069,0.01303956089753773,0.013075653993645747,0.015183084543288324,0.009637255880857823,0.01276670591898332,0.011678437167593326,0.011243278098490865,0.011885037807783955,0.011068550536934074,0.011305734117553614,0.010612909787132642,0.01256275050833995,0.013034714481334388,0.012388902223987293,0.012197955984114373,0.013241941688641774,0.009836842405083401,0.008333533091342335,0.009852219150119143,0.010844183942811754,0.010629810467037332,0.009330989723590151
Soda ,0.011554580254169977,0.012807524285941223,0.0666741712406672,0.01294507646703733,0.012005539208895945,0.013087103072279588,0.012665306135027801,0.013467657515488483,0.014006839256552817,0.011303642881652105,0.01271212335186656,0.012954051806195391,0.016751147097696584,0.014356044708498807,0.013117408937251787,0.012899300600476567,0.013576758293884035,0.015800041442414616,0.017109660752978553,0.012546881324861004,0.014873789019857031,0.015213191758538521,0.015143056006354249,0.01232933488482923,0.013241420000000002,0.012015174471803015,0.001791359602859414,0.013567938125496426,0.013861323269261315,0.012960473137410642,0.008334379656870533,0.015146378509928513,0.013323328536934072,0.01390542873073868,0.014730980778395549,0.014293648619539313,0.014492408886417795,0.012793228470214456,0.01465899397934869,0.013968347850675139,0.014864561747418584,0.013463150506751391,0.013890502185861794,0.01254166612867355,0.010871786849880856,0.01127969828435266,0.014146852365369337,0.013476704778395548,0.011301381798252581
Beer ,0.009916965512311356,0.009936261823669577,0.01294507646703733,0.032497622424146146,0.010139504165210486,0.010617333286735503,0.009919552870532165,0.011596620597299443,0.011613477413820492,0.012639764565528195,0.01173704417791898,0.010649230328832403,0.013390649305798252,0.01360781843367752,0.012105149652104847,0.011473952165210482,0.01213363918347895,0.01404869894837172,0.014600934557585385,0.012496721864972199,0.013045297328038127,0.013182672298649719,0.012778855498014297,0.01075714114376489,0.01455330444797458,0.009969224320889597,0.004404001350277998,0.013258948482922956,0.013782990719618742,0.016515827895154885,0.008852809712470214,0.012628266516282762,0.011849211269261318,0.011391295863383638,0.011983741953931691,0.012785074258935665,0.0126202535567911,0.011509173092930895,0.013080604146147735,0.013163423815726766,0.013195619666401908,0.01224795072915012,0.012680958675138996,0.010119723444003175,0.008979502084193805,0.010340704193804605,0.010541250681493246,0.011778515389992056,0.010082599558379665
Smoke,0.00864241915806195,0.011116240311358222,0.012005539208895945,0.010139504165210486,0.0406056970039714,0.009368981267672757,0.007047698401906274,0.009577126563939636,0.009223090745035743,0.008506127288324066,0.008032560984908657,0.008771886455917394,0.009723088730738681,0.008772894436854646,0.009617441099285147,0.007911620009531375,0.009101726881652103,0.010631711478951547,0.011027251672756156,0.009298209099285144,0.009757817181890387,0.008923795717235901,0.009346900225575851,0.007932364797458302,0.008935028085782365,0.009254357490071485,0.007633421159650516,0.010419214710087365,0.00990494302779984,0.010098448546465447,0.009616277693407466,0.011119936463860208,0.008920413960285941,0.008804941496425736,0.009125011024622714,0.009288625150119141,0.009721743586973787,0.00901130119777601,0.00984955539316918,0.010115198481334391,0.009711498586179508,0.009689768559173946,0.009116869788721208,0.008419957388403492,0.0062722466783161224,0.00811853299444003,0.008864098789515485,0.008372157007148532,0.00835085036378078
Toys ,0.014374097490071482,0.010447000829229548,0.013087103072279588,0.010617333286735503,0.009368981267672757,0.03838677406830817,0.01609433383320095,0.01722689295313741,0.017722067558379666,0.018558994195393166,0.01799189863383638,0.017116644111199363,0.02383637979666402,0.02097244377442415,0.01633672250039714,0.017340906420969027,0.018521916845115168,0.021356702894360605,0.02590423954884829,0.021062389556791104,0.021703601226370134,0.019003073436060364,0.02209463714694201,0.015992956838760918,0.02260897126290707,0.016443311056393965,0.01079525777601271,0.025052052374900713,0.029142628279586965,0.028427346910246225,0.007648431685464656,0.017872244174741855,0.017497864727561555,0.017340349220015892,0.02053140752978555,0.019405888759332805,0.02058586444162033,0.01743275297537728,0.018020750611596505,0.01730774730420969,0.020773586211278793,0.018543165331215253,0.019864993890389197,0.014745837191421767,0.013087919361397934,0.013144805957108817,0.015896688571882447,0.017277283720413022,0.013920524158856232
Fun  ,0.013207210055599682,0.009048812845115172,0.012665306135027801,0.009919552870532165,0.007047698401906274,0.01609433383320095,0.023307455065925336,0.016756129820492457,0.0151654719364575,0.015845808829229546,0.016655773772835586,0.01621355746465449,0.022608475625099284,0.01982959470691025,0.015178581607625096,0.01584755824622717,0.01718695517394758,0.019920080406671956,0.02227315813820492,0.0176408882573471,0.019573186999205718,0.017754307329626687,0.020009739621922158,0.014562662573471009,0.020350068038125495,0.013433865941223191,0.005258169483717238,0.023031154932486104,0.02350738599841143,0.026611673232724387,0.006674309861795077,0.017208184565528195,0.01648918325337569,0.01645562198888006,0.019144219253375696,0.01916069954249404,0.018758797010325654,0.016542873922160445,0.016749597760127084,0.015796084994440036,0.018886826115965052,0.016953012371723593,0.017403364260524225,0.014286138929308979,0.012506140165210485,0.012674744892772037,0.014782632133439238,0.016249761693407465,0.013636032905480537
Books,0.016169350270055595,0.011683875667990468,0.013467657515488483,0.011596620597299443,0.009577126563939636,0.01722689295313741,0.016756129820492457,0.0371017288816521,0.018217195475774425,0.018401045907863383,0.018844005091342333,0.017753434506751382,0.024340807804606825,0.021982058767275613,0.01803968400476569,0.01792499391262907,0.019919103067513898,0.022802843888800637,0.026261037750595708,0.022643013961874504,0.022402124222398727,0.020460385531374116,0.02372056722160445,0.016426816020651307,0.02399625875297855,0.016257314749801428,0.008332213923749006,0.025024243264495632,0.02720915828911834,0.029714910309769655,0.008560935629864971,0.019714020289118343,0.019296622746624307,0.018496520954725974,0.020236202001588564,0.019008048039714055,0.020028649895154883,0.017281625189833196,0.020730305980937253,0.018367334776806996,0.02238731118347895,0.020108562643367748,0.020870176443208894,0.015514876152501985,0.015338599439237492,0.015124229999999999,0.016870415923749008,0.018491210044479744,0.015184145857029386
Hshld,0.014894570611596504,0.012305335180301828,0.014006839256552817,0.011613477413820492,0.009223090745035743,0.017722067558379666,0.0151654719364575,0.018217195475774425,0.02384460426370135,0.01984812144241461,0.017944032946783157,0.016758381229547255,0.022274530764098494,0.021449144953137413,0.017270017715647342,0.018048890319301028,0.019530465658459093,0.02317018750754567,0.026020321220015886,0.022275079059571084,0.022126207936457507,0.019603571158061953,0.02337469682605242,0.016346324257347097,0.02369886198570293,0.01653175663224781,0.005719197934868943,0.0238557823669579,0.02525725082764098,0.027769409690230343,0.008324206811755363,0.018368386630659247,0.018074208876886416,0.017372472838760922,0.019949257982525812,0.018247657207307384,0.01941197567593328,0.017665035812549638,0.019663480508339954,0.01831553754408261,0.021498721239078634,0.019241187050039712,0.021746927644162035,0.015475563647339152,0.014035096241461471,0.014602854996028595,0.01611232220492454,0.01779832666560762,0.014343050649722001
Clths,0.014414438625893564,0.011374497310563938,0.011303642881652105,0.012639764565528195,0.008506127288324066,0.018558994195393166,0.015845808829229546,0.018401045907863383,0.01984812144241461,0.045048048246227164,0.01828465440031771,0.016928064746624304,0.021351551702938846,0.022016050811755356,0.016850453485305797,0.02063759252104845,0.019942672039714057,0.02370672300555997,0.02734536815885624,0.022634673361397933,0.023281417064336778,0.019614005477362986,0.0249847639618745,0.017510437275615572,0.026095102025416993,0.01853295795869738,0.0008153408181096101,0.024346060929308976,0.030890271750595704,0.03199856759332804,0.0076258914551231155,0.01839473424622716,0.019803941780778392,0.018304514740270054,0.020835048705321685,0.01924658686100079,0.019633156220810168,0.01799620237172359,0.019977303788721205,0.018838606954725966,0.02387605529785544,0.020142786204924542,0.027896095502779984,0.017126189963463066,0.014932383102462272,0.015198879817315332,0.016730493559968224,0.01836138266401906,0.01415183662112788
Hlth ,0.016701001215250196,0.010722718911834789,0.01271212335186656,0.01173704417791898,0.008032560984908657,0.01799189863383638,0.016655773772835586,0.018844005091342333,0.017944032946783157,0.01828465440031771,0.03662502868149324,0.023200189594916605,0.03271526626687847,0.02190758552819698,0.017919000023828437,0.01825669023034154,0.019332858260524225,0.023079090198570292,0.025724617220015882,0.021558164503574267,0.022168620635424935,0.02071249054805401,0.023247729420174744,0.016458136544876885,0.024118853717235902,0.0163364465528197,0.007102391540905477,0.025354615798252583,0.02822181338363781,0.030116991421763308,0.008116143486894363,0.019598332740270057,0.019966350476568705,0.019819416671961874,0.02169092854646545,0.02205834804606831,0.021582842247815728,0.019232191858617943,0.01976598564733916,0.01829395480540111,0.023063575901509134,0.02029944733915806,0.021028299070691023,0.016621880460683077,0.01481565100079428,0.015935801104050837,0.016742447561556788,0.01898485122319301,0.015975204281175538
MedEq,0.015308010595710884,0.009655077753772832,0.012954051806195391,0.010649230328832403,0.008771886455917394,0.017116644111199363,0.01621355746465449,0.017753434506751382,0.016758381229547255,0.016928064746624304,0.023200189594916605,0.027686903898332012,0.03195708814297061,0.020294347113582214,0.0173554247847498,0.016817163138999204,0.01839935561874503,0.02139480485464654,0.023725132212867355,0.02106768085464655,0.020917479104050837,0.020176472031771246,0.021152568756155683,0.01593596567116759,0.02158217288324067,0.01542223791898332,0.007737179173947576,0.023488440587768073,0.027011717118347895,0.027764544972200156,0.007436142808578235,0.018301691221604445,0.01750804854328832,0.01869980070214456,0.02115484136616362,0.021827366007942814,0.021414269321683867,0.01946892561397934,0.017778902382843523,0.016428560324066713,0.020215782462271643,0.018487669019857027,0.01879524337092931,0.014846963234312949,0.013258662166799046,0.014058069054805401,0.01593316573153296,0.01810580684034948,0.015443694319301027
Drugs,0.020935066727561562,0.012086507798252582,0.016751147097696584,0.013390649305798252,0.009723088730738681,0.02383637979666402,0.022608475625099284,0.024340807804606825,0.022274530764098494,0.021351551702938846,0.03271526626687847,0.03195708814297061,0.05886483955361397,0.02836402408578237,0.022805049154884825,0.02309002329467832,0.025616336748212863,0.029574518386020644,0.033928862354249405,0.02935026339475775,0.029203961896743454,0.027669142042891184,0.02973629381731533,0.022038385885623513,0.02991186420174741,0.02013841312946783,0.01242522801429706,0.0349163270293884,0.037952640204924545,0.040021252803812545,0.008065470527402698,0.024928465347100876,0.025082885618745034,0.02518794958379666,0.030035080317712473,0.03012552473868149,0.02959995257664813,0.026258064004765685,0.02415811088959491,0.022252704155679117,0.028245224892772033,0.025709907755361396,0.025962959067513898,0.020626474366957907,0.018406799175536136,0.018647221596505163,0.021873590583002374,0.02590192061795075,0.022256543528196986
Chems,0.018338922366957902,0.013166363783955517,0.014356044708498807,0.01360781843367752,0.008772894436854646,0.02097244377442415,0.01982959470691025,0.021982058767275613,0.021449144953137413,0.022016050811755356,0.02190758552819698,0.020294347113582214,0.02836402408578237,0.036684579501191424,0.021975187091342333,0.021574353124702145,0.025438859593328037,0.028530850821286736,0.03733497213026211,0.03043555918347895,0.031016022068308176,0.026046098884829227,0.03107420442255758,0.02159919210484512,0.0318199885146942,0.019264961985702943,0.012729199761715649,0.037296167577442425,0.04247528527720412,0.04642583323272438,0.009934377515488483,0.022758874420969015,0.022629044425734705,0.022091061722001586,0.02518739266084193,0.02289190575694996,0.02540371610166799,0.02297838341223193,0.025124419015091343,0.025076451768069902,0.028861431231135826,0.02531191668943606,0.023756480594122314,0.017408444403494833,0.017737689464654486,0.017855846306592527,0.020362217023034153,0.023232408486100076,0.018563933213661635
Rubbr,0.015049510413026207,0.011659172363780779,0.013117408937251787,0.012105149652104847,0.009617441099285147,0.01633672250039714,0.015178581607625096,0.01803968400476569,0.017270017715647342,0.016850453485305797,0.017919000023828437,0.0173554247847498,0.022805049154884825,0.021975187091342333,0.0313934974598888,0.01742669869420175,0.020478919477362984,0.023382593594916602,0.026241481944400315,0.023985648576648127,0.022456157423351865,0.019463511822081017,0.023000596165210486,0.016825660293884034,0.022924940706910243,0.01481436779189833,0.007137073510722796,0.024698744440031763,0.026146409075456716,0.028866328927720415,0.008404980729150118,0.01787682588085782,0.018545941301032563,0.017713151185067517,0.019624747768069894,0.0177782842112788,0.019628761205718822,0.017568357183478947,0.019643137863383637,0.01932675447498014,0.021059346195393167,0.019045314128673548,0.01882659577601271,0.014419789353455125,0.01394406976489277,0.014282092922954725,0.015649660880063546,0.01791026073550437,0.014222387652104844
Txtls,0.01599354509928514,0.01074392499444003,0.012899300600476567,0.011473952165210482,0.007911620009531375,0.017340906420969027,0.01584755824622717,0.01792499391262907,0.018048890319301028,0.02063759252104845,0.01825669023034154,0.016817163138999204,0.02309002329467832,0.021574353124702145,0.01742669869420175,0.04095493589197775,0.020463867653693405,0.024466336368546466,0.024967141019857027,0.022859075920571882,0.02234647406513105,0.020264612479745828,0.024309680362192217,0.01696943593328038,0.02366111374106434,0.016139481588562345,0.004780707100873711,0.023010712819698166,0.022664961340746626,0.026165308308181093,0.007433250217633041,0.0185936661096108,0.018036934093725178,0.01791486765369341,0.02030242513105639,0.01856768754249404,0.02017226416521048,0.017781792590945193,0.02067292451151708,0.019400495593328033,0.02161472044479746,0.0192303232279587,0.02165962155361397,0.015603360387609216,0.015094110843526609,0.014263498808578237,0.01689536704050834,0.018382639720413027,0.014226904584590945
BldMt,0.016216686552819697,0.011816263642573469,0.013576758293884035,0.01213363918347895,0.009101726881652103,0.018521916845115168,0.01718695517394758,0.019919103067513898,0.019530465658459093,0.019942672039714057,0.019332858260524225,0.01839935561874503,0.025616336748212863,0.025438859593328037,0.020478919477362984,0.020463867653693405,0.029813614187450356,0.02808262695472597,0.031584277687053214,0.027213460395552024,0.026765089845909452,0.022593771075456716,0.027437324076250994,0.019695961771247023,0.028039852573470997,0.01812684321683876,0.0071944552740270075,0.030193572430500394,0.031267976287529774,0.034179245718824455,0.008597060919777596,0.020346259113582205,0.02048313142017474,0.019790918111199367,0.02204385779189833,0.020251837698173153,0.02215236342970611,0.020226173418586173,0.02241375219221604,0.02161737693725178,0.025193068832406667,0.02241646631294678,0.022060320668784755,0.016068230274821283,0.016491962092136617,0.016240089459888796,0.01829354682128673,0.020871642562351068,0.01607040652422558
Cnstr,0.018809892295472593,0.01405186300873709,0.015800041442414616,0.01404869894837172,0.010631711478951547,0.021356702894360605,0.019920080406671956,0.022802843888800637,0.02317018750754567,0.02370672300555997,0.023079090198570292,0.02139480485464654,0.029574518386020644,0.028530850821286736,0.023382593594916602,0.024466336368546466,0.02808262695472597,0.04304252604289117,0.035511523577442416,0.030600176984908654,0.029831187647339157,0.025767665315329626,0.03133534295154884,0.02256037585385226,0.03135887374106432,0.02012937416997617,0.010396356632247812,0.03442135822081016,0.038510677305798255,0.03892359593328038,0.010913468962668788,0.023706352463860207,0.02497819903415409,0.02290412738363781,0.02576409779189833,0.02385133624781573,0.02553700055917395,0.023371903186656075,0.025755936648133443,0.025023995355043686,0.02904093626687847,0.02561851722319301,0.026350305652104843,0.01953987193645751,0.018681317833200952,0.019086522605242254,0.022150603863383633,0.02334390122954725,0.01861244517235901
Steel,0.021877662938840345,0.014438690249404291,0.017109660752978553,0.014600934557585385,0.011027251672756156,0.02590423954884829,0.02227315813820492,0.026261037750595708,0.026020321220015886,0.02734536815885624,0.025724617220015882,0.023725132212867355,0.033928862354249405,0.03733497213026211,0.026241481944400315,0.024967141019857027,0.031584277687053214,0.035511523577442416,0.06437154887370927,0.04086732301191421,0.038763157096108024,0.03068109138681493,0.03837440439078633,0.02603751755361398,0.040563467513899915,0.02436189855440826,0.02517396133439237,0.0520556448610008,0.06440332986814934,0.059253817124702145,0.011180602980142968,0.027554311815726765,0.027942739977760124,0.026385736718030184,0.030616760158856234,0.02616695107863383,0.029842251240667195,0.027233513785544075,0.0303203429070691,0.029546384540111197,0.035817867736298636,0.03205790798411438,0.030074263262907065,0.021160076397140588,0.022331671434471807,0.02123709569499603,0.023666943917394757,0.02849819430023828,0.021290995501191422
FabPr,0.01845646796664019,0.01267974034471803,0.012546881324861004,0.012496721864972199,0.009298209099285144,0.021062389556791104,0.0176408882573471,0.022643013961874504,0.022275079059571084,0.022634673361397933,0.021558164503574267,0.02106768085464655,0.02935026339475775,0.03043555918347895,0.023985648576648127,0.022859075920571882,0.027213460395552024,0.030600176984908654,0.04086732301191421,0.08058717294837173,0.03262142716759332,0.026436052625893568,0.0328504925401112,0.02287636135822081,0.03213151433677522,0.019367063995234315,0.013255225631453529,0.038464027299443995,0.041073113418586174,0.04505501947577441,0.009721699636219222,0.022790561601270846,0.023596569469420178,0.02270356123749007,0.025459748911834792,0.022501729275615563,0.02559857027958697,0.023062064182684673,0.026078241945988883,0.023558383126290706,0.028091455043685466,0.02593652707863382,0.02494605898173153,0.018719357779189837,0.019822746962668784,0.018520037513899915,0.020467924536934076,0.02352433419698173,0.018539057161239075
Mach ,0.01907699023034154,0.012852045423351867,0.014873789019857031,0.013045297328038127,0.009757817181890387,0.021703601226370134,0.019573186999205718,0.022402124222398727,0.022126207936457507,0.023281417064336778,0.022168620635424935,0.020917479104050837,0.029203961896743454,0.031016022068308176,0.022456157423351865,0.02234647406513105,0.026765089845909452,0.029831187647339157,0.038763157096108024,0.03262142716759332,0.035003556861000804,0.02670939545035742,0.03215429809054805,0.02313397545671168,0.03395616868943606,0.020250050563939637,0.011034653772835584,0.03769362851469419,0.04241229644797458,0.04734237855440826,0.009510608517871326,0.02341718881016679,0.0235170610675139,0.02278401152978555,0.026579906783161234,0.023663181505957104,0.026726281274027007,0.02450914647498014,0.025311515790309772,0.02490583370293884,0.030067635583796666,0.02621418264019063,0.024643379059571088,0.01818201042732328,0.018799351558379664,0.01847660268467037,0.020637580956314537,0.02400070988721207,0.018350595402700558
ElcEq,0.017338208387609216,0.012176712559173948,0.015213191758538521,0.013182672298649719,0.008923795717235901,0.019003073436060364,0.017754307329626687,0.020460385531374116,0.019603571158061953,0.019614005477362986,0.02071249054805401,0.020176472031771246,0.027669142042891184,0.026046098884829227,0.019463511822081017,0.020264612479745828,0.022593771075456716,0.025767665315329626,0.03068109138681493,0.026436052625893568,0.02670939545035742,0.035050167853852274,0.026855422576648125,0.019433436092136616,0.026973700905480538,0.017938267958697376,0.008467781572676728,0.03064325254964257,0.03337619548212866,0.03668040352660842,0.008846282332009531,0.0207197727466243,0.01982840576330421,0.01995203830341541,0.02258285194598888,0.021332942481334397,0.02350191959968229,0.020746737893566316,0.022324793804606828,0.020850671205718818,0.02439690557585385,0.022169874071485306,0.02177464208419381,0.016280346427323268,0.015742260752978555,0.01582560428911835,0.018534819583796658,0.020569613051628275,0.017582643374106435
Autos,0.019638506354249404,0.01339650449245433,0.015143056006354249,0.012778855498014297,0.009346900225575851,0.02209463714694201,0.020009739621922158,0.02372056722160445,0.02337469682605242,0.0249847639618745,0.023247729420174744,0.021152568756155683,0.02973629381731533,0.03107420442255758,0.023000596165210486,0.024309680362192217,0.027437324076250994,0.03133534295154884,0.03837440439078633,0.0328504925401112,0.03215429809054805,0.026855422576648125,0.041145200247815726,0.022574852724384437,0.03450047131056395,0.02047566943606037,0.009894155726767273,0.036115799062748206,0.038849755644162036,0.04220870173153297,0.008795520689436063,0.023757960718030185,0.02443766343764893,0.023221505585385223,0.02714888311358221,0.023736592829229547,0.026723273540905486,0.023750282258935662,0.02747877526608419,0.025787375936457503,0.03117685715647339,0.026364533699761716,0.026831075148530587,0.019333971227958695,0.01927644092454329,0.018696521795075458,0.021656232762509924,0.024883489496425732,0.01817809922478157
Aero ,0.013935628474980144,0.010166014416203337,0.01232933488482923,0.01075714114376489,0.007932364797458302,0.015992956838760918,0.014562662573471009,0.016426816020651307,0.016346324257347097,0.017510437275615572,0.016458136544876885,0.01593596567116759,0.022038385885623513,0.02159919210484512,0.016825660293884034,0.01696943593328038,0.019695961771247023,0.02256037585385226,0.02603751755361398,0.02287636135822081,0.02313397545671168,0.019433436092136616,0.022574852724384437,0.02833020415409054,0.02374543068308181,0.017803725059571087,0.004662512462271645,0.02360244185067514,0.026483463741064327,0.028213154440031772,0.007944436544876886,0.018027445337569496,0.018297994384432092,0.017568316084193805,0.020078464813343924,0.01879747671961875,0.019787746902303414,0.0182028809451946,0.0184295910166799,0.018799095043685467,0.021894029690230337,0.019196866274821287,0.01809435120730739,0.013967122176330421,0.014141574019062748,0.01500876135822081,0.0158355978395552,0.018278983010325652,0.014435372192216042
Ships,0.020694743995234313,0.013205008697378872,0.013241420000000002,0.01455330444797458,0.008935028085782365,0.02260897126290707,0.020350068038125495,0.02399625875297855,0.02369886198570293,0.026095102025416993,0.024118853717235902,0.02158217288324067,0.02991186420174741,0.0318199885146942,0.022924940706910243,0.02366111374106434,0.028039852573470997,0.03135887374106432,0.040563467513899915,0.03213151433677522,0.03395616868943606,0.026973700905480538,0.03450047131056395,0.02374543068308181,0.05674646150119142,0.02328233430500397,0.010922367267672756,0.039331499134233505,0.04783228038919777,0.049075208482922954,0.010447574686258934,0.024478781254964253,0.02642818691818904,0.02341406213661636,0.026771948530579823,0.023857956878474976,0.026153326759332806,0.02364478077045274,0.02731004242255758,0.02563037564733915,0.03377168897537728,0.027738115043685462,0.02791272690230342,0.019264870929308977,0.02030866539316918,0.019866207045274024,0.02104154783161239,0.025080213669579025,0.01931165711675933
Guns ,0.013699365583796662,0.01118196226370135,0.012015174471803015,0.009969224320889597,0.009254357490071485,0.016443311056393965,0.013433865941223191,0.016257314749801428,0.01653175663224781,0.01853295795869738,0.0163364465528197,0.01542223791898332,0.02013841312946783,0.019264961985702943,0.01481436779189833,0.016139481588562345,0.01812684321683876,0.02012937416997617,0.02436189855440826,0.019367063995234315,0.020250050563939637,0.017938267958697376,0.02047566943606037,0.017803725059571087,0.02328233430500397,0.038533038848292296,0.007319898276409846,0.021449398784749798,0.026016192843526603,0.024129445782366962,0.007653075131056394,0.017306679364575056,0.01671715208101668,0.01622612166004766,0.018173441080222397,0.017082526012708495,0.018009162390786333,0.016416085567911038,0.017968020548054017,0.017532626258935667,0.019483720555996824,0.01727397750595711,0.019215269380460684,0.013210451580619542,0.012416290127084987,0.013575505996822874,0.01322677858617951,0.01598170982525814,0.01272146933280381
Gold ,0.008685749618745036,0.006336801262907069,0.001791359602859414,0.004404001350277998,0.007633421159650516,0.01079525777601271,0.005258169483717238,0.008332213923749006,0.005719197934868943,0.0008153408181096101,0.007102391540905477,0.007737179173947576,0.01242522801429706,0.012729199761715649,0.007137073510722796,0.004780707100873711,0.0071944552740270075,0.010396356632247812,0.02517396133439237,0.013255225631453529,0.011034653772835584,0.008467781572676728,0.009894155726767273,0.004662512462271645,0.010922367267672756,0.007319898276409846,0.1651721503971406,0.03943973065131057,0.0463390918903892,0.036236596536934076,0.010124288204924543,0.009407689308975373,0.005280451000794278,0.005254540103256554,0.006733772930897532,0.006145238784749803,0.007239406949960287,0.006584350174741857,0.006250316068308181,0.007686142001588561,0.007898677124702144,0.010427800698967434,0.003642758355837966,0.0026290726767275625,-0.001690484821286736,0.00016675684670373417,0.006033994217633041,0.005383929126290709,0.007555600341540907
Mines,0.02184575602065131,0.01303956089753773,0.013567938125496426,0.013258948482922956,0.010419214710087365,0.025052052374900713,0.023031154932486104,0.025024243264495632,0.0238557823669579,0.024346060929308976,0.025354615798252583,0.023488440587768073,0.0349163270293884,0.037296167577442425,0.024698744440031763,0.023010712819698166,0.030193572430500394,0.03442135822081016,0.0520556448610008,0.038464027299443995,0.03769362851469419,0.03064325254964257,0.036115799062748206,0.02360244185067514,0.039331499134233505,0.021449398784749798,0.03943973065131057,0.0817530005321684,0.06991127659253374,0.07234984289118346,0.010492494702144561,0.02666540908657665,0.025004458641779186,0.025047938625893565,0.030132588943606035,0.02688376318506751,0.028598524805401114,0.025797197180301823,0.02695499020651311,0.02709758737092931,0.03522828576648133,0.03048890487688642,0.026545880214455916,0.019360908737092928,0.018819452954725972,0.017824419007148526,0.0223003018903892,0.02617940885623511,0.02178652477362986
Coal ,0.024307544773629862,0.013075653993645747,0.013861323269261315,0.013782990719618742,0.00990494302779984,0.029142628279586965,0.02350738599841143,0.02720915828911834,0.02525725082764098,0.030890271750595704,0.02822181338363781,0.027011717118347895,0.037952640204924545,0.04247528527720412,0.026146409075456716,0.022664961340746626,0.031267976287529774,0.038510677305798255,0.06440332986814934,0.041073113418586174,0.04241229644797458,0.03337619548212866,0.038849755644162036,0.026483463741064327,0.04783228038919777,0.026016192843526603,0.0463390918903892,0.06991127659253374,0.21442863933121523,0.09094570055599681,0.01313281252899126,0.02968088336139794,0.02698807800953137,0.026626765739475776,0.03181652292295472,0.027524843166004762,0.03190976901826846,0.02776237175694996,0.029373876814932486,0.02841819479904686,0.03807108843526608,0.03491624570611596,0.03051145020333598,0.01993115026846704,0.02091033263065925,0.019993941993645747,0.024452240082605242,0.028881018171564736,0.023977137602859407
Oil  ,0.02591788517871326,0.015183084543288324,0.012960473137410642,0.016515827895154885,0.010098448546465447,0.028427346910246225,0.026611673232724387,0.029714910309769655,0.027769409690230343,0.03199856759332804,0.030116991421763308,0.027764544972200156,0.040021252803812545,0.04642583323272438,0.028866328927720415,0.026165308308181093,0.034179245718824455,0.03892359593328038,0.059253817124702145,0.04505501947577441,0.04734237855440826,0.03668040352660842,0.04220870173153297,0.028213154440031772,0.049075208482922954,0.024129445782366962,0.036236596536934076,0.07234984289118346,0.09094570055599681,0.1326884048292295,0.014854735377283556,0.03326765166004766,0.030628830595710876,0.029142945035742655,0.03451468489277204,0.02992411367752184,0.03301825972994439,0.02977861038919778,0.03071269544082605,0.030170174773629852,0.043053066814932484,0.037652524956314534,0.03233497734710087,0.022362076918189037,0.022575019253375697,0.02176017569499603,0.026739710849880857,0.03180565515488482,0.027392218427323263
Util ,0.008316967362986497,0.009637255880857823,0.008334379656870533,0.008852809712470214,0.009616277693407466,0.007648431685464656,0.006674309861795077,0.008560935629864971,0.008324206811755363,0.0076258914551231155,0.008116143486894363,0.007436142808578235,0.008065470527402698,0.009934377515488483,0.008404980729150118,0.007433250217633041,0.008597060919777596,0.010913468962668788,0.011180602980142968,0.009721699636219222,0.009510608517871326,0.008846282332009531,0.008795520689436063,0.007944436544876886,0.010447574686258934,0.007653075131056394,0.010124288204924543,0.010492494702144561,0.01313281252899126,0.014854735377283556,0.016797894155679113,0.009558286525814136,0.009418625466243051,0.008236776471803018,0.007998410897537727,0.008113521761715644,0.007973007467831613,0.008355911347100871,0.009403666012708499,0.010621114468625894,0.00935650384432089,0.009113626903891975,0.008173309164416203,0.007299715841143763,0.0055017804972200155,0.00812263575059571,0.008385338420969024,0.007241611448768864,0.00838408904368546
Telcm,0.01629292212867355,0.01276670591898332,0.015146378509928513,0.012628266516282762,0.011119936463860208,0.017872244174741855,0.017208184565528195,0.019714020289118343,0.018368386630659247,0.01839473424622716,0.019598332740270057,0.018301691221604445,0.024928465347100876,0.022758874420969015,0.01787682588085782,0.0185936661096108,0.020346259113582205,0.023706352463860207,0.027554311815726765,0.022790561601270846,0.02341718881016679,0.0207197727466243,0.023757960718030185,0.018027445337569496,0.024478781254964253,0.017306679364575056,0.009407689308975373,0.02666540908657665,0.02968088336139794,0.03326765166004766,0.009558286525814136,0.027738941293089757,0.018740015294678315,0.0189862724892772,0.02169565915806195,0.020596876524225576,0.021193767510722796,0.018489696590945195,0.020184521175536138,0.01890440232565528,0.02223698401906275,0.02073940811437649,0.021190616127084987,0.01580260749166005,0.014995056400317713,0.015480178141382044,0.017013917185067513,0.01911765403653693,0.01606039190468626
PerSv,0.017135097783955514,0.011678437167593326,0.013323328536934072,0.011849211269261318,0.008920413960285941,0.017497864727561555,0.01648918325337569,0.019296622746624307,0.018074208876886416,0.019803941780778392,0.019966350476568705,0.01750804854328832,0.025082885618745034,0.022629044425734705,0.018545941301032563,0.018036934093725178,0.02048313142017474,0.02497819903415409,0.027942739977760124,0.023596569469420178,0.0235170610675139,0.01982840576330421,0.02443766343764893,0.018297994384432092,0.02642818691818904,0.01671715208101668,0.005280451000794278,0.025004458641779186,0.02698807800953137,0.030628830595710876,0.009418625466243051,0.018740015294678315,0.0312817064511517,0.019241979712470214,0.021203217950754562,0.019396139394757744,0.020529372519459885,0.01870049276092136,0.020017071064336776,0.01920026957585385,0.024446424924543287,0.020695666332009525,0.021495698711675934,0.016194057159650516,0.01573844492930897,0.016153519753772837,0.01618459811914218,0.019297042012708494,0.014837893205718823
BusSv,0.01535839098490865,0.011243278098490865,0.01390542873073868,0.011391295863383638,0.008804941496425736,0.017340349220015892,0.01645562198888006,0.018496520954725974,0.017372472838760922,0.018304514740270054,0.019819416671961874,0.01869980070214456,0.02518794958379666,0.022091061722001586,0.017713151185067517,0.01791486765369341,0.019790918111199367,0.02290412738363781,0.026385736718030184,0.02270356123749007,0.02278401152978555,0.01995203830341541,0.023221505585385223,0.017568316084193805,0.02341406213661636,0.01622612166004766,0.005254540103256554,0.025047938625893565,0.026626765739475776,0.029142945035742655,0.008236776471803018,0.0189862724892772,0.019241979712470214,0.0214789236076251,0.021347627418586177,0.021010242305003972,0.02111430830659253,0.019000580440031774,0.01943768509134233,0.018540610074662428,0.02242677717235902,0.01974689694042891,0.01984752537092931,0.015279775787132644,0.014815171687053218,0.0154240089197776,0.016339575288324065,0.018993591092930896,0.015408935928514694
Hardw,0.016999267196187454,0.011885037807783955,0.014730980778395549,0.011983741953931691,0.009125011024622714,0.02053140752978555,0.019144219253375696,0.020236202001588564,0.019949257982525812,0.020835048705321685,0.02169092854646545,0.02115484136616362,0.030035080317712473,0.02518739266084193,0.019624747768069894,0.02030242513105639,0.02204385779189833,0.02576409779189833,0.030616760158856234,0.025459748911834792,0.026579906783161234,0.02258285194598888,0.02714888311358221,0.020078464813343924,0.026771948530579823,0.018173441080222397,0.006733772930897532,0.030132588943606035,0.03181652292295472,0.03451468489277204,0.007998410897537727,0.02169565915806195,0.021203217950754562,0.021347627418586177,0.0349084022239873,0.02504564768864178,0.02661909664813344,0.022615875393169182,0.021570454551231136,0.020085082637013505,0.025131014106433675,0.022260280889594915,0.022122598951548847,0.01696219968228753,0.016145780397140583,0.016094386179507543,0.018847900079428114,0.02193354386020651,0.017087107482128674
Softw,0.015959137100873707,0.011068550536934074,0.014293648619539313,0.012785074258935665,0.009288625150119141,0.019405888759332805,0.01916069954249404,0.019008048039714055,0.018247657207307384,0.01924658686100079,0.02205834804606831,0.021827366007942814,0.03012552473868149,0.02289190575694996,0.0177782842112788,0.01856768754249404,0.020251837698173153,0.02385133624781573,0.02616695107863383,0.022501729275615563,0.023663181505957104,0.021332942481334397,0.023736592829229547,0.01879747671961875,0.023857956878474976,0.017082526012708495,0.006145238784749803,0.02688376318506751,0.027524843166004762,0.02992411367752184,0.008113521761715644,0.020596876524225576,0.019396139394757744,0.021010242305003972,0.02504564768864178,0.028825122813343925,0.02421256701985703,0.02143603934392375,0.019423327696584596,0.018504242989674347,0.02238776487688642,0.020526703167593325,0.02028705576012708,0.016562295882446385,0.014560784459094516,0.015559828713264497,0.017636297099285145,0.020330767677521837,0.01653298269579031
Chips,0.01732735060365369,0.011305734117553614,0.014492408886417795,0.0126202535567911,0.009721743586973787,0.02058586444162033,0.018758797010325654,0.020028649895154883,0.01941197567593328,0.019633156220810168,0.021582842247815728,0.021414269321683867,0.02959995257664813,0.02540371610166799,0.019628761205718822,0.02017226416521048,0.02215236342970611,0.02553700055917395,0.029842251240667195,0.02559857027958697,0.026726281274027007,0.02350191959968229,0.026723273540905486,0.019787746902303414,0.026153326759332806,0.018009162390786333,0.007239406949960287,0.028598524805401114,0.03190976901826846,0.03301825972994439,0.007973007467831613,0.021193767510722796,0.020529372519459885,0.02111430830659253,0.02661909664813344,0.02421256701985703,0.02978927544241461,0.023594803563145347,0.021424690937251783,0.02046266284034948,0.024523179459888796,0.02179762156632248,0.021322282524225567,0.016540887628276407,0.015823021815726767,0.015966968983320094,0.018226092829229545,0.021507045078633838,0.016755987264495627
LabEq,0.014975594320889594,0.010612909787132642,0.012793228470214456,0.011509173092930895,0.00901130119777601,0.01743275297537728,0.016542873922160445,0.017281625189833196,0.017665035812549638,0.01799620237172359,0.019232191858617943,0.01946892561397934,0.026258064004765685,0.02297838341223193,0.017568357183478947,0.017781792590945193,0.020226173418586173,0.023371903186656075,0.027233513785544075,0.023062064182684673,0.02450914647498014,0.020746737893566316,0.023750282258935662,0.0182028809451946,0.02364478077045274,0.016416085567911038,0.006584350174741857,0.025797197180301823,0.02776237175694996,0.02977861038919778,0.008355911347100871,0.018489696590945195,0.01870049276092136,0.019000580440031774,0.022615875393169182,0.02143603934392375,0.023594803563145347,0.02572289686894361,0.01984105465448769,0.019349763612390783,0.0225389847974583,0.01967543502462271,0.01877177813661636,0.014617525982525812,0.014199752516282763,0.015074442057188251,0.01627202476250993,0.019045310597299442,0.0152296969324861
Paper,0.016107718117553613,0.01256275050833995,0.01465899397934869,0.013080604146147735,0.00984955539316918,0.018020750611596505,0.016749597760127084,0.020730305980937253,0.019663480508339954,0.019977303788721205,0.01976598564733916,0.017778902382843523,0.02415811088959491,0.025124419015091343,0.019643137863383637,0.02067292451151708,0.02241375219221604,0.025755936648133443,0.0303203429070691,0.026078241945988883,0.025311515790309772,0.022324793804606828,0.02747877526608419,0.0184295910166799,0.02731004242255758,0.017968020548054017,0.006250316068308181,0.02695499020651311,0.029373876814932486,0.03071269544082605,0.009403666012708499,0.020184521175536138,0.020017071064336776,0.01943768509134233,0.021570454551231136,0.019423327696584596,0.021424690937251783,0.01984105465448769,0.03185698896743447,0.02306928538522637,0.02418147350277999,0.02191491478951549,0.022507105281969822,0.0162878461477363,0.016355153065925335,0.016650909364575056,0.018434431930103256,0.019527865091342335,0.015559682740270052
