,Agric,Food ,Soda ,Beer ,Smoke,Toys ,Fun  ,Books,Hshld,Clths,Hlth ,MedEq,Drugs,Chems,Rubbr,Txtls,BldMt,Cnstr,Steel,FabPr,Mach ,ElcEq,Autos,Aero ,Ships,Guns ,Gold ,Mines,Coal ,Oil  ,Util ,Telcm,PerSv,BusSv,Hardw,Softw,Chips,LabEq,Paper,Boxes,Trans,Whlsl,Rtail,Meals,Banks,Insur,RlEst,Fin  ,Other
Agric,0.04913684989833199,0.025204206953137406,0.0315612874217633,0.024444720373312145,0.027942666276409848,0.030377945091342336,0.046192387418586174,0.040027469239078635,0.036874623950754574,0.045577473877680685,0.040630590911834776,0.03246096363145354,0.03552671453375695,0.04293728388403494,0.034671838957903094,0.04127690780937251,0.042671604799046865,0.048391680776806986,0.04826340638919777,0.04344242850198571,0.045046670435266084,0.04117700011914218,0.04473941505798251,0.04589281887212074,0.0453439749785544,0.02528468321683876,0.02068532316282765,0.05118380589674343,0.048274148991262915,0.05946712187609212,0.02839516565687053,0.03920009633359809,0.041387195164416204,0.03910619823510723,0.040385240654487696,0.03193631695790309,0.03583660391421764,0.03256830430659253,0.04171838558697377,0.037596152919777595,0.043064208533756934,0.04175902794122318,0.041453151170770454,0.04321926564257346,0.042398365196187435,0.0358311729960286,0.04133856573947578,0.038510272902303404,0.03170174471644162
Food ,0.025204206953137406,0.03028480943447181,0.03033225859253375,0.02119289154090548,0.025397451893566323,0.025265239277204133,0.03135698735504368,0.029304219860206513,0.02952677696425735,0.03164303320413024,0.031166934762509924,0.023703196603653696,0.0255116896155679,0.031091487712470202,0.025881729226370123,0.029149068152501994,0.03139731969340747,0.03441207384114376,0.03409685250833994,0.030339972285941225,0.03257605282446385,0.03081964839555202,0.031454896732327244,0.031418419253375705,0.03113649503256553,0.02155152631453535,0.021618218359015094,0.03468135883081809,0.03331473269261318,0.03982681205242255,0.025642738279586973,0.030726153922160444,0.030741091234312946,0.028777297796664027,0.030689369156473384,0.02527002350277999,0.02740391044956314,0.025100011830023833,0.030555226765687074,0.029234174997617157,0.03048938701191421,0.03051532261000795,0.03162225682922955,0.030201808346306588,0.029545466683081823,0.027913396675138997,0.029569629374106444,0.028309633620333598,0.024689512236695785
Soda ,0.0315612874217633,0.03033225859253375,0.10203217128514694,0.02888159552025417,0.031476658160444794,0.039388175790309767,0.047155436473391564,0.03860989965369341,0.04187814313582207,0.04213241577760127,0.04349116573153295,0.03728082950277998,0.04109078247498012,0.04312931971405877,0.03463941910722795,0.040465243577442425,0.04334038248133439,0.048265828384432094,0.04695454469261319,0.03935227857664813,0.04568232112470215,0.04702749293089752,0.045163973451946,0.04463675199364573,0.04334595991739473,0.029574317776012698,0.030625366722795845,0.04874889954567117,0.04799796371723591,0.05176479013820493,0.03036872189356633,0.041897932079428116,0.04130479579348689,0.04130635165687053,0.04591520315170768,0.03968034443208897,0.042185994929308974,0.03716655461795075,0.04084539206354249,0.037664869191421764,0.04285076763145352,0.040895835278792696,0.043979684644956316,0.04346516982366957,0.03865541129785544,0.03583600996346307,0.04339870166163623,0.03911244194440033,0.03709185720095314
Beer ,0.024444720373312145,0.02119289154090548,0.02888159552025417,0.045367727331215246,0.024335754733915797,0.02449919319301032,0.03370415853852263,0.028483157474185863,0.027381932716441612,0.03245770400317713,0.0309364601350278,0.0242944935822081,0.024717532160444786,0.03093700750595709,0.025437183415409056,0.030778894535345505,0.03067741691024622,0.03463182269261318,0.03408614279586975,0.031438098888006354,0.031936911445591736,0.030466947156473377,0.031368563899920564,0.0342527166957903,0.03279290221604449,0.01872679152501986,0.022013446949960287,0.0350916991262907,0.03427160551231135,0.03940254631453534,0.0246550518903892,0.029727984892772032,0.03018691288324066,0.02894712413820491,0.030492297760127084,0.026550097831612388,0.02805741042096902,0.02523707317712471,0.030887753733121526,0.028671615146942005,0.031163766957903103,0.03016321500397141,0.030190941620333585,0.03174103105639398,0.028968353256552816,0.027319142501985704,0.030061899896743446,0.02838862386020652,0.024803026139793488
Smoke,0.027942666276409848,0.025397451893566323,0.031476658160444794,0.024335754733915797,0.06688590089118347,0.027376845154884828,0.036650439078633835,0.032466477817315334,0.03233617538840349,0.03728167997776012,0.036473857806195394,0.0271240738141382,0.02828118425575854,0.032444960182684654,0.028790590760921355,0.03179150383796664,0.035484439096108024,0.040022115169181895,0.037585313871326444,0.033227587072279595,0.035582385145353446,0.03267508753772834,0.034497687131056394,0.03646226830818109,0.034068459474185867,0.02266703992851469,0.027553248929308976,0.04060650035266083,0.03720523868149324,0.044205071375695,0.028670391979348675,0.03319861665131056,0.0331574752279587,0.03200321496266879,0.03292080087688641,0.027200131620333592,0.029763471459888783,0.028648485736298652,0.033422062489277204,0.032559648376489274,0.03425324665925337,0.033832668624305,0.032957163879269266,0.03610536788244637,0.032721141860206505,0.031418167896743426,0.03400866396028593,0.03186140866084195,0.028295191944400316
Toys ,0.030377945091342336,0.025265239277204133,0.039388175790309767,0.02449919319301032,0.027376845154884828,0.07955827220810167,0.05470289744241462,0.04153225466243048,0.04462167419380461,0.046307465401112004,0.0453107736536934,0.03759569552025417,0.0438728302065131,0.043857869110405075,0.037285623987291495,0.04161769780778396,0.043636565472597304,0.050831705456711694,0.04799335407466242,0.039854374567116754,0.04603475335186655,0.04686449231930104,0.04909604361397935,0.0448621769023034,0.04802952839555203,0.03162457881652106,0.030370160023828432,0.052018902843526595,0.04923250819698173,0.05892680547259731,0.024731251699761703,0.041791316489277204,0.0438865056711676,0.04173757967434472,0.04914155189833201,0.04260422415409054,0.04420022799046862,0.03819899594122321,0.04077761168387609,0.03472487570293884,0.0417076639872915,0.04210766939634629,0.05097813672756155,0.045219184575059544,0.03535013416203335,0.033418580182684676,0.04236410602859411,0.039629726608419374,0.037550551413820486
Fun  ,0.046192387418586174,0.03135698735504368,0.047155436473391564,0.03370415853852263,0.036650439078633835,0.05470289744241462,0.09506707723590153,0.06213079297855441,0.055536118189038926,0.06914559377283558,0.06416835170770452,0.048854978840349464,0.051995646100079444,0.060992871739475776,0.04868548057188246,0.06022764235107225,0.06213412778395551,0.07322680803812548,0.068610655694996,0.05782032108022238,0.06517970115965052,0.06249869798252582,0.06750469229547261,0.07442342821286732,0.06446465801429706,0.03151551834789515,0.03066189699761716,0.07437093026211278,0.06621664158856236,0.09135865505957111,0.035918317045274026,0.05783664708498808,0.06308632244638601,0.060115415726767256,0.06449239234312946,0.05158647034154092,0.05418553185067512,0.049950966608419384,0.06128077296266877,0.049372665067513886,0.06430160778395551,0.05984048066719618,0.06379941623510724,0.07619954878474985,0.05902447482128673,0.050836523876092124,0.06340439796664021,0.057303502144559176,0.05083137556791104
Books,0.040027469239078635,0.029304219860206513,0.03860989965369341,0.028483157474185863,0.032466477817315334,0.04153225466243048,0.06213079297855441,0.07730524974741862,0.04832956429229546,0.06084005464019061,0.05164970918824464,0.039454459215250204,0.04035067643208896,0.053405759825258144,0.04421701436695789,0.05384191023987291,0.05525548277362986,0.06160267929150119,0.06402890820015884,0.05726241682605241,0.05780374054646543,0.053487943907863385,0.05954468434312946,0.060463370802223984,0.058085635923749025,0.03235918486100079,0.02437813977124701,0.0619888962223987,0.06476959774424143,0.07657957945353454,0.03408939282922955,0.050904483799841145,0.05350074817474185,0.05128320968069897,0.052580669185067506,0.03822560608419381,0.044809028060365366,0.039628092082605246,0.056902746881652116,0.04711878805083398,0.057144950773629855,0.05376769435107227,0.05533540761239077,0.05844418372041302,0.05598342549007149,0.04611809043050039,0.05358058185544084,0.04934857476092137,0.04069677962509928
Hshld,0.036874623950754574,0.02952677696425735,0.04187814313582207,0.027381932716441612,0.03233617538840349,0.04462167419380461,0.055536118189038926,0.04832956429229546,0.05481089515329626,0.05600858885146941,0.05065635722478158,0.0399839661350278,0.04354987792374901,0.05057580764892772,0.042166715628276404,0.04869271078951549,0.05164053163939634,0.059514315397934864,0.057307034049245434,0.05007454026052423,0.053534666073073854,0.05131517373312152,0.055536624071485303,0.054878852644956344,0.0548814557633042,0.033095778610007946,0.028752969812549645,0.05843148442255759,0.05787775334392374,0.06754795610325655,0.03112276417315329,0.04717472825099286,0.04970265171088164,0.047487035270849895,0.05119611377918984,0.04129808037331215,0.045740309909451944,0.041441933513899916,0.0498820901175536,0.042950541478951554,0.05039969541540906,0.04910756569181889,0.05415423802065131,0.052965854764098465,0.04659310655599683,0.04170703858141382,0.04881169294837171,0.045374264025416985,0.03965623582684671
Clths,0.045577473877680685,0.03164303320413024,0.04213241577760127,0.03245770400317713,0.03728167997776012,0.046307465401112004,0.06914559377283558,0.06084005464019061,0.05600858885146941,0.09654712793645752,0.0601422822144559,0.044424548683081815,0.04551367233359809,0.06016243823669577,0.0491356580841938,0.06143337791262906,0.06291706307545668,0.07208695662271646,0.0708109966830818,0.06299107210802224,0.06541101883081814,0.060023133391580615,0.0684689679650516,0.06976016320889594,0.06633382184908657,0.03608100131850675,0.023748020851469428,0.07059014489594916,0.06646045166004766,0.08576166863542492,0.03693975390945195,0.05499793625416997,0.06117639068467038,0.05781277946624307,0.0608851501382049,0.04628214813343923,0.05180533789356632,0.04685094218586178,0.06203844140111199,0.05397772790786335,0.06401075306115964,0.06001755300079429,0.06883715484034947,0.06955456853375695,0.0609087064432089,0.051959192797458316,0.060594482760921345,0.05628347414138204,0.04567928011755361
Hlth ,0.040630590911834776,0.031166934762509924,0.04349116573153295,0.0309364601350278,0.036473857806195394,0.0453107736536934,0.06416835170770452,0.05164970918824464,0.05065635722478158,0.0601422822144559,0.08549273329785546,0.05138495017315331,0.05698315242414613,0.05424780709293089,0.045539850160444775,0.05300201778236695,0.057369739617156475,0.06647201960444796,0.06033797899602859,0.057487388622716434,0.05906398921525021,0.058183493653693415,0.05914940967593328,0.06205900117553615,0.05763025722160444,0.03278205745035742,0.03986490833836379,0.06602065894837168,0.05536481510722794,0.07453987759968228,0.036559211769658456,0.05162634967116759,0.05521787762351074,0.053995479366163626,0.06017733205401111,0.05045660420174743,0.05299811964416202,0.04958439877521844,0.05247326755043686,0.04710849237013502,0.05655581383320098,0.05430980883399522,0.05762410290389196,0.0628406914980143,0.05075302347736298,0.04821988404924544,0.05468746086894358,0.05186892986179511,0.046783936697378875
MedEq,0.03246096363145354,0.023703196603653696,0.03728082950277998,0.0242944935822081,0.0271240738141382,0.03759569552025417,0.048854978840349464,0.039454459215250204,0.0399839661350278,0.044424548683081815,0.05138495017315331,0.05260693902462271,0.053328446249404284,0.04420661180301827,0.03780269074503576,0.04041503443367752,0.04403114545830024,0.050534151412231915,0.04836635515806195,0.042921118398729155,0.04725182067355043,0.048762262255758526,0.04626391004606831,0.04769378020651311,0.04579117352501986,0.02731116872120731,0.0305245309706116,0.05352780907386812,0.04861340625893567,0.0604258243463066,0.025509988889594912,0.04137385069420174,0.0418718464432089,0.04375875945035744,0.04745972827958697,0.04358083115170771,0.0460774129372518,0.04144981077998411,0.04067447329944399,0.03470396990945195,0.042725384006354235,0.04222449263542495,0.042829224514694196,0.04395143420492454,0.03761544372676727,0.0351368291437649,0.04394092644638601,0.04089584046386021,0.03912990451787132
Drugs,0.03552671453375695,0.0255116896155679,0.04109078247498012,0.024717532160444786,0.02828118425575854,0.0438728302065131,0.051995646100079444,0.04035067643208896,0.04354987792374901,0.04551367233359809,0.05698315242414613,0.053328446249404284,0.07661405479110406,0.048775294908657674,0.04095256838125497,0.04281118607466242,0.04820331947418587,0.054729105640984904,0.05429889438919777,0.04777284584273233,0.05237187010484511,0.05369809374900716,0.05041977425099285,0.049768831072279585,0.050050524195393166,0.032815182152501975,0.039041891213661625,0.06093882203018269,0.05564115350278,0.06725025666243051,0.025544469688641776,0.04543870763780778,0.04677374110246226,0.04686339301191421,0.0535952129118348,0.05142459152501985,0.052751957261318504,0.04606708605083401,0.04256943793963463,0.0365401521636219,0.046280124428911835,0.04631886370293884,0.048114840981731535,0.045267340775218434,0.038966364986497214,0.03663031254805401,0.04646412161556789,0.044914681887212066,0.044218264131850676
Chems,0.04293728388403494,0.031091487712470202,0.04312931971405877,0.03093700750595709,0.032444960182684654,0.043857869110405075,0.060992871739475776,0.053405759825258144,0.05057580764892772,0.06016243823669577,0.05424780709293089,0.04420661180301827,0.048775294908657674,0.06887234388403495,0.047404489817315314,0.0544817730420969,0.059540781024622715,0.06622307258935664,0.0708454647339158,0.06049523483717236,0.0649303464733916,0.05989660385226372,0.06459265608419378,0.0628241524384432,0.06235950251787132,0.036346034686258945,0.03537886259729944,0.07464256498808579,0.07227270708498808,0.08839259011119936,0.03397374156473391,0.051751381461477355,0.05400678827640985,0.05374020777601272,0.057314135027799855,0.045729746743447174,0.05309104559173945,0.0474383919539317,0.0583721643288324,0.052462462025417,0.05978764355837968,0.057072903343923745,0.05570809288324067,0.0559076559650516,0.054625901389992064,0.04731588050039714,0.05555045622716442,0.0521206462907069,0.04456657862589357
Rubbr,0.034671838957903094,0.025881729226370123,0.03463941910722795,0.025437183415409056,0.028790590760921355,0.037285623987291495,0.04868548057188246,0.04421701436695789,0.042166715628276404,0.0491356580841938,0.045539850160444775,0.03780269074503576,0.04095256838125497,0.047404489817315314,0.060581238341540916,0.04309354949007149,0.04797269643208895,0.055788109382049235,0.054248446748212886,0.04996464233200953,0.050393348969023026,0.047566091501191406,0.05068634388562352,0.04909973604447974,0.050260157864972184,0.03130431056393962,0.024408237782366955,0.056533270417791874,0.05378493566322477,0.06598616000635427,0.027487046138204914,0.04196234311040509,0.04562800175377284,0.043703670335186656,0.0469305844765687,0.03741901483717236,0.04195328962033359,0.03763075053852264,0.046271287129467834,0.04019919287053218,0.045353479377283575,0.04577777387768069,0.04548943321366164,0.046839572054011104,0.04392910316759332,0.03772952115011913,0.04493120402223985,0.04161034698649722,0.036184620327243844
Txtls,0.04127690780937251,0.029149068152501994,0.040465243577442425,0.030778894535345505,0.03179150383796664,0.04161769780778396,0.06022764235107225,0.05384191023987291,0.04869271078951549,0.06143337791262906,0.05300201778236695,0.04041503443367752,0.04281118607466242,0.0544817730420969,0.04309354949007149,0.08479140008895948,0.056159390541699744,0.06326722378713263,0.06413515547577443,0.058537998716441594,0.05864720224622716,0.055732701270849894,0.05993225250833995,0.06144008597299443,0.058539191793486885,0.031757182319301025,0.030109020279586972,0.06333100224305002,0.060137600794281154,0.0734621567370929,0.03398536159809373,0.05009860859729944,0.05315870423510723,0.05120162102303412,0.05358382562668786,0.04093604046068309,0.047961186725972986,0.042562543393169186,0.056528699733121524,0.04741201886894361,0.05677210457823669,0.05386785050675138,0.054992744991262894,0.05662065561874502,0.05446671375059571,0.04534755460841938,0.05321748730420968,0.04995891696902302,0.041779874271644174
BldMt,0.042671604799046865,0.03139731969340747,0.04334038248133439,0.03067741691024622,0.035484439096108024,0.043636565472597304,0.06213412778395551,0.05525548277362986,0.05164053163939634,0.06291706307545668,0.057369739617156475,0.04403114545830024,0.04820331947418587,0.059540781024622715,0.04797269643208895,0.056159390541699744,0.07026059344082605,0.07242482427164416,0.06849792858141379,0.061760491123113576,0.06404661447021445,0.06000316671167592,0.06470727499444004,0.06496502954725969,0.06328033127720414,0.03678423360603655,0.03257946176489277,0.07180545742970612,0.06547594597299444,0.08013528675297857,0.035655993885623516,0.051958113362986474,0.05559538598252582,0.054494343953931684,0.057540157382049234,0.04562227859412231,0.05187359873550437,0.0474951656409849,0.057985487270849866,0.05223861882922954,0.059631499463065896,0.05722425826687846,0.05815156654805399,0.05900169023351865,0.05648654529150118,0.049238671153296276,0.056470812840349466,0.05324527353772835,0.044089896535345494
Cnstr,0.048391680776806986,0.03441207384114376,0.048265828384432094,0.03463182269261318,0.040022115169181895,0.050831705456711694,0.07322680803812548,0.06160267929150119,0.059514315397934864,0.07208695662271646,0.06647201960444796,0.050534151412231915,0.054729105640984904,0.06622307258935664,0.055788109382049235,0.06326722378713263,0.07242482427164416,0.09679175912787925,0.07576341467513899,0.06554010236378077,0.07118605728514693,0.06758559238284352,0.07309758008101665,0.07463104498808577,0.07075043159809372,0.03899712669579031,0.03674029774265291,0.07963106800317714,0.06903970050833992,0.0875735927227958,0.03913318071326448,0.05841230452422556,0.06339086882287531,0.06178389577601271,0.0666508488133439,0.052571594082605255,0.058886719072279575,0.053979761332803786,0.06496262902779981,0.05735041333915803,0.06624592201429705,0.06463818851628277,0.0675213362954726,0.07083384279269261,0.06145716182525812,0.05433872155520252,0.06560240735027799,0.059014592101668005,0.04988192314694205
Steel,0.04826340638919777,0.03409685250833994,0.04695454469261319,0.03408614279586975,0.037585313871326444,0.04799335407466242,0.068610655694996,0.06402890820015884,0.057307034049245434,0.0708109966830818,0.06033797899602859,0.04836635515806195,0.05429889438919777,0.0708454647339158,0.054248446748212886,0.06413515547577443,0.06849792858141379,0.07576341467513899,0.10028782901350274,0.07499709528832407,0.07538792809849088,0.0667004012867355,0.07450901302303414,0.07338654528991265,0.07338045845591738,0.04312672306592534,0.04063038027323272,0.09021308591580618,0.0902784867672756,0.10443906059094517,0.03729336441938046,0.05943524337410645,0.06314777466560763,0.061288677677521844,0.06457783152343127,0.048420156870532166,0.05841353491342335,0.05174718233836377,0.06796509921207305,0.05986168807942811,0.07021122418427322,0.06720162077521843,0.06519939479586974,0.06455226799682286,0.06641777391898332,0.0549109003367752,0.06173624547418586,0.06045768188085783,0.04817472781254962
FabPr,0.04344242850198571,0.030339972285941225,0.03935227857664813,0.031438098888006354,0.033227587072279595,0.039854374567116754,0.05782032108022238,0.05726241682605241,0.05007454026052423,0.06299107210802224,0.057487388622716434,0.042921118398729155,0.04777284584273233,0.06049523483717236,0.04996464233200953,0.058537998716441594,0.061760491123113576,0.06554010236378077,0.07499709528832407,0.12153578161080224,0.06692470554090549,0.06211764932486103,0.06639135100555997,0.0638924522954726,0.06478302566799048,0.037588794455917396,0.032803509328038126,0.07407042713899921,0.07500763361397933,0.08912534427640985,0.03577485125019859,0.05203277611437647,0.057142511440826056,0.05458958836854646,0.05610124836219221,0.04206212338363781,0.052637268861000786,0.04687909449086576,0.059232310141382055,0.053322545712470186,0.06239461824305005,0.05802234963939635,0.05566564432724384,0.057387038449563145,0.06084651028117554,0.05006316063860207,0.054692075148530576,0.05332438567752183,0.04532636492136617
Mach ,0.045046670435266084,0.03257605282446385,0.04568232112470215,0.031936911445591736,0.035582385145353446,0.04603475335186655,0.06517970115965052,0.05780374054646543,0.053534666073073854,0.06541101883081814,0.05906398921525021,0.04725182067355043,0.05237187010484511,0.0649303464733916,0.050393348969023026,0.05864720224622716,0.06404661447021445,0.07118605728514693,0.07538792809849088,0.06692470554090549,0.07280248058935661,0.06417604911040509,0.06912109799999999,0.06905674093725178,0.06688515977918981,0.03833055152501986,0.03384818570135028,0.07798149910722796,0.07536428687847496,0.09588538752819697,0.035928698473391585,0.05523873038602066,0.058517483342335204,0.05767614179666402,0.061648560171564754,0.04874063749801427,0.057219721486894366,0.05158800668625892,0.06164060206989673,0.05498183766004764,0.06428590701826846,0.061096832916600466,0.05961387052899127,0.061290662554408244,0.05940206379507544,0.051140763064336785,0.058914698073073875,0.05637912417474183,0.047326600684670386
ElcEq,0.04117700011914218,0.03081964839555202,0.04702749293089752,0.030466947156473377,0.03267508753772834,0.04686449231930104,0.06249869798252582,0.053487943907863385,0.05131517373312152,0.060023133391580615,0.058183493653693415,0.048762262255758526,0.05369809374900716,0.05989660385226372,0.047566091501191406,0.055732701270849894,0.06000316671167592,0.06758559238284352,0.0667004012867355,0.06211764932486103,0.06417604911040509,0.08255499284352659,0.0649745927799841,0.06364633896743448,0.06199415012708501,0.03697178288324067,0.034444354781572664,0.07450940216044477,0.06488776058776806,0.08139135800635423,0.03324501621127879,0.0530611606830818,0.05651092654487687,0.054859070190627475,0.05902064768864177,0.04898500185067513,0.057011469324860994,0.050489662311358215,0.055710650730738685,0.04758090019857029,0.05758909639396345,0.05620138466243048,0.05729714803812549,0.05767496573471008,0.05305471741858617,0.046213930651310575,0.056547156544876874,0.05207511529785544,0.047432005488482934
Autos,0.04473941505798251,0.031454896732327244,0.045163973451946,0.031368563899920564,0.034497687131056394,0.04909604361397935,0.06750469229547261,0.05954468434312946,0.055536624071485303,0.0684689679650516,0.05914940967593328,0.04626391004606831,0.05041977425099285,0.06459265608419378,0.05068634388562352,0.05993225250833995,0.06470727499444004,0.07309758008101665,0.07450901302303414,0.06639135100555997,0.06912109799999999,0.0649745927799841,0.0813881820667196,0.06857415793486894,0.0682748896918189,0.0382096491898332,0.030948990848292283,0.0759274503383638,0.07158769119936456,0.08918417081652104,0.032743148926131845,0.05516950363463065,0.059557719688641764,0.057685796506751395,0.06284942037807784,0.04761132083399522,0.05570677120889595,0.049657838997617165,0.06371792359491663,0.05513532051945988,0.06472208805083397,0.06091257000953137,0.06337100504845117,0.0634312700206513,0.058642280792692604,0.04972152754408259,0.060015547572676714,0.055958003857029384,0.046417738889594905
Aero ,0.04589281887212074,0.031418419253375705,0.04463675199364573,0.0342527166957903,0.03646226830818109,0.0448621769023034,0.07442342821286732,0.060463370802223984,0.054878852644956344,0.06976016320889594,0.06205900117553615,0.04769378020651311,0.049768831072279585,0.0628241524384432,0.04909973604447974,0.06144008597299443,0.06496502954725969,0.07463104498808577,0.07338654528991265,0.0638924522954726,0.06905674093725178,0.06364633896743448,0.06857415793486894,0.09935949674344717,0.06718869836378077,0.03646011860206514,0.030361662557585385,0.07463794846703733,0.06787980285941222,0.09227215186656078,0.037300643685464645,0.05730781038919777,0.06242988552819696,0.06100551707704527,0.06173111094519462,0.04876162370135028,0.05568652965845907,0.05070670341540905,0.062406721143764894,0.05471060711675933,0.06588228352660841,0.062261173629864955,0.05954278617950754,0.07061637674344719,0.06196584123907861,0.0532251581890389,0.06288072533756951,0.058693245941223215,0.048842982271644145
Ships,0.0453439749785544,0.03113649503256553,0.04334595991739473,0.03279290221604449,0.034068459474185867,0.04802952839555203,0.06446465801429706,0.058085635923749025,0.0548814557633042,0.06633382184908657,0.05763025722160444,0.04579117352501986,0.050050524195393166,0.06235950251787132,0.050260157864972184,0.058539191793486885,0.06328033127720414,0.07075043159809372,0.07338045845591738,0.06478302566799048,0.06688515977918981,0.06199415012708501,0.0682748896918189,0.06718869836378077,0.09174042835742655,0.04120392704527403,0.02896853628117553,0.07472184350754567,0.07597072957903099,0.08802005257982524,0.03573464234948373,0.05542060670055601,0.060015181864972206,0.05629084151072279,0.059197062347895166,0.04668212615567911,0.052554535879269254,0.04738749191262907,0.06149503039396343,0.053907578899126285,0.0637952070976966,0.06015600567275615,0.062399921235901525,0.06031552053693406,0.05943687041938048,0.05040148819539318,0.057960557850675144,0.05466977389674342,0.04516161985861794
Guns ,0.02528468321683876,0.02155152631453535,0.029574317776012698,0.01872679152501986,0.02266703992851469,0.03162457881652106,0.03151551834789515,0.03235918486100079,0.033095778610007946,0.03608100131850675,0.03278205745035742,0.02731116872120731,0.032815182152501975,0.036346034686258945,0.03130431056393962,0.031757182319301025,0.03678423360603655,0.03899712669579031,0.04312672306592534,0.037588794455917396,0.03833055152501986,0.03697178288324067,0.0382096491898332,0.03646011860206514,0.04120392704527403,0.061540183375694994,0.02741493468625893,0.04190148400317712,0.04497045396346307,0.04648444367752183,0.021809261882446387,0.03222402889594917,0.03354706773629865,0.03219682318506751,0.03534656044479745,0.031556177212073086,0.033517614455917395,0.028623638943606033,0.034508088586179486,0.03133437103256555,0.03485124876886417,0.03453723722795869,0.03656141977760125,0.0298863341223193,0.031042924741858626,0.0284514547339158,0.03086139039714058,0.030467194344718035,0.02654301087370929
Gold ,0.02068532316282765,0.021618218359015094,0.030625366722795845,0.022013446949960287,0.027553248929308976,0.030370160023828432,0.03066189699761716,0.02437813977124701,0.028752969812549645,0.023748020851469428,0.03986490833836379,0.0305245309706116,0.039041891213661625,0.03537886259729944,0.024408237782366955,0.030109020279586972,0.03257946176489277,0.03674029774265291,0.04063038027323272,0.032803509328038126,0.03384818570135028,0.034444354781572664,0.030948990848292283,0.030361662557585385,0.02896853628117553,0.02741493468625893,0.21728602943764896,0.05630003325178712,0.04559083683876091,0.05293468816679905,0.026673960732327237,0.029373425992057185,0.026385633575853846,0.029269876614773625,0.033417220098490866,0.030629917593328032,0.033868848711675933,0.028486201145353447,0.027290526619539315,0.026076462625893568,0.02871073593645751,0.03241369056235108,0.027540665960285943,0.02825406030500397,0.02181684865925337,0.023109141860206517,0.03290336853534552,0.027762049931691818,0.03269123218268465
Mines,0.05118380589674343,0.03468135883081809,0.04874889954567117,0.0350916991262907,0.04060650035266083,0.052018902843526595,0.07437093026211278,0.0619888962223987,0.05843148442255759,0.07059014489594916,0.06602065894837168,0.05352780907386812,0.06093882203018269,0.07464256498808579,0.056533270417791874,0.06333100224305002,0.07180545742970612,0.07963106800317714,0.09021308591580618,0.07407042713899921,0.07798149910722796,0.07450940216044477,0.0759274503383638,0.07463794846703733,0.07472184350754567,0.04190148400317712,0.05630003325178712,0.12715200537569496,0.09972905890389197,0.12368302867672755,0.036630804467037315,0.06266949506592533,0.0647173036250993,0.06402733208578236,0.06767438005401114,0.05393136752978553,0.06281069478633836,0.056345153347100885,0.06779880394598889,0.05931217950119144,0.07138354097537727,0.06873182066401909,0.06611586570929306,0.06646980833042095,0.06490422769181892,0.05427531061477359,0.06622341089118346,0.06184894698014296,0.05419440960762508
Coal ,0.048274148991262915,0.03331473269261318,0.04799796371723591,0.03427160551231135,0.03720523868149324,0.04923250819698173,0.06621664158856236,0.06476959774424143,0.05787775334392374,0.06646045166004766,0.05536481510722794,0.04861340625893567,0.05564115350278,0.07227270708498808,0.05378493566322477,0.060137600794281154,0.06547594597299444,0.06903970050833992,0.0902784867672756,0.07500763361397933,0.07536428687847496,0.06488776058776806,0.07158769119936456,0.06787980285941222,0.07597072957903099,0.04497045396346307,0.04559083683876091,0.09972905890389197,0.21079010252581415,0.12801839766481338,0.03779596757744243,0.06130245467831612,0.06393788610007943,0.0605561937887212,0.06225442789515487,0.04846467782366958,0.05875368775218426,0.04973718289118347,0.06718422152501985,0.05813644268467036,0.06944432559173945,0.0663974883081811,0.06382234576648133,0.0581591018268467,0.06477130679904686,0.05262463029388401,0.0595791260841938,0.05993971790309771,0.04825342219221605
Oil  ,0.05946712187609212,0.03982681205242255,0.05176479013820493,0.03940254631453534,0.044205071375695,0.05892680547259731,0.09135865505957111,0.07657957945353454,0.06754795610325655,0.08576166863542492,0.07453987759968228,0.0604258243463066,0.06725025666243051,0.08839259011119936,0.06598616000635427,0.0734621567370929,0.08013528675297857,0.0875735927227958,0.10443906059094517,0.08912534427640985,0.09588538752819697,0.08139135800635423,0.08918417081652104,0.09227215186656078,0.08802005257982524,0.04648444367752183,0.05293468816679905,0.12368302867672755,0.12801839766481338,0.23164781974741858,0.0471589621143765,0.07580607657188244,0.08011776720571884,0.07506845534392373,0.07590321075774423,0.05811538258141382,0.06866854669420176,0.0602725746957903,0.08113038538046069,0.0662136955567911,0.08790751455440828,0.08219091551866561,0.07626775603177123,0.08216683202859415,0.07981223174106432,0.06451367931850674,0.07624505042573473,0.07285416735822078,0.06267661659888799
Util ,0.02839516565687053,0.025642738279586973,0.03036872189356633,0.0246550518903892,0.028670391979348675,0.024731251699761703,0.035918317045274026,0.03408939282922955,0.03112276417315329,0.03693975390945195,0.036559211769658456,0.025509988889594912,0.025544469688641776,0.03397374156473391,0.027487046138204914,0.03398536159809373,0.035655993885623516,0.03913318071326448,0.03729336441938046,0.03577485125019859,0.035928698473391585,0.03324501621127879,0.032743148926131845,0.037300643685464645,0.03573464234948373,0.021809261882446387,0.026673960732327237,0.036630804467037315,0.03779596757744243,0.0471589621143765,0.042268035982525806,0.03374954252899127,0.03459985050992852,0.03280420749642573,0.03278319147259731,0.026160438530579824,0.028497884613185073,0.027706869056393964,0.03467472152025417,0.03498657800317713,0.03471538696108023,0.03381323030818109,0.03315861064654488,0.035906878255758536,0.03675399253534552,0.03486456599046862,0.035245108630659265,0.03258214569023034,0.02828969933121523
Telcm,0.03920009633359809,0.030726153922160444,0.041897932079428116,0.029727984892772032,0.03319861665131056,0.041791316489277204,0.05783664708498808,0.050904483799841145,0.04717472825099286,0.05499793625416997,0.05162634967116759,0.04137385069420174,0.04543870763780778,0.051751381461477355,0.04196234311040509,0.05009860859729944,0.051958113362986474,0.05841230452422556,0.05943524337410645,0.05203277611437647,0.05523873038602066,0.0530611606830818,0.05516950363463065,0.05730781038919777,0.05542060670055601,0.03222402889594917,0.029373425992057185,0.06266949506592533,0.06130245467831612,0.07580607657188244,0.03374954252899127,0.05928632680540113,0.05168428913741064,0.049232313038919756,0.05195260121366162,0.042296669722001586,0.04675214689118348,0.04158668006671962,0.051544032905480514,0.04540329907227958,0.053189985550436865,0.0511283015059571,0.05281783682922955,0.05363133945035742,0.05018256483240666,0.04400608200476567,0.05017349707069101,0.04753991187291502,0.04144325232406673
PerSv,0.041387195164416204,0.030741091234312946,0.04130479579348689,0.03018691288324066,0.0331574752279587,0.0438865056711676,0.06308632244638601,0.05350074817474185,0.04970265171088164,0.06117639068467038,0.05521787762351074,0.0418718464432089,0.04677374110246226,0.05400678827640985,0.04562800175377284,0.05315870423510723,0.05559538598252582,0.06339086882287531,0.06314777466560763,0.057142511440826056,0.058517483342335204,0.05651092654487687,0.059557719688641764,0.06242988552819696,0.060015181864972206,0.03354706773629865,0.026385633575853846,0.0647173036250993,0.06393788610007943,0.08011776720571884,0.03459985050992852,0.05168428913741064,0.06918339649880857,0.05274984845750594,0.055262694443208873,0.043896762446386024,0.04814280102303416,0.043570254227164415,0.054634285515488476,0.04628886082287531,0.056896710424146124,0.054099890776806984,0.0568875056584591,0.0599067998602065,0.054013290891183494,0.04699454903256554,0.053642779774424144,0.05032206248133438,0.04283082653534549
BusSv,0.03910619823510723,0.028777297796664027,0.04130635165687053,0.02894712413820491,0.03200321496266879,0.04173757967434472,0.060115415726767256,0.05128320968069897,0.047487035270849895,0.05781277946624307,0.053995479366163626,0.04375875945035744,0.04686339301191421,0.05374020777601272,0.043703670335186656,0.05120162102303412,0.054494343953931684,0.06178389577601271,0.061288677677521844,0.05458958836854646,0.05767614179666402,0.054859070190627475,0.057685796506751395,0.06100551707704527,0.05629084151072279,0.03219682318506751,0.029269876614773625,0.06402733208578236,0.0605561937887212,0.07506845534392373,0.03280420749642573,0.049232313038919756,0.05274984845750594,0.055456677062748205,0.05497174301509137,0.04572969022239872,0.0497673190087371,0.04463371005401113,0.05224760573947579,0.04547635170293884,0.05453588366640189,0.05206592541858618,0.05251469137092932,0.0565447308943606,0.05136386527243845,0.045144966924543305,0.05272378399841143,0.04962869453216838,0.04309239374265291
Hardw,0.040385240654487696,0.030689369156473384,0.04591520315170768,0.030492297760127084,0.03292080087688641,0.04914155189833201,0.06449239234312946,0.052580669185067506,0.05119611377918984,0.0608851501382049,0.06017733205401111,0.04745972827958697,0.0535952129118348,0.057314135027799855,0.0469305844765687,0.05358382562668786,0.057540157382049234,0.0666508488133439,0.06457783152343127,0.05610124836219221,0.061648560171564754,0.05902064768864177,0.06284942037807784,0.06173111094519462,0.059197062347895166,0.03534656044479745,0.033417220098490866,0.06767438005401114,0.06225442789515487,0.07590321075774423,0.03278319147259731,0.05195260121366162,0.055262694443208873,0.05497174301509137,0.07378424086417791,0.0526615945353455,0.05782046133121523,0.05061025946306593,0.0539195649626688,0.047443435768069885,0.05740354002223985,0.05472535975853854,0.05704537157108814,0.05988577176171562,0.05102375344241461,0.04616068872438443,0.05569102423510724,0.0524294673931692,0.04556978762192217
Softw,0.03193631695790309,0.02527002350277999,0.03968034443208897,0.026550097831612388,0.027200131620333592,0.04260422415409054,0.05158647034154092,0.03822560608419381,0.04129808037331215,0.04628214813343923,0.05045660420174743,0.04358083115170771,0.05142459152501985,0.045729746743447174,0.03741901483717236,0.04093604046068309,0.04562227859412231,0.052571594082605255,0.048420156870532166,0.04206212338363781,0.04874063749801427,0.04898500185067513,0.04761132083399522,0.04876162370135028,0.04668212615567911,0.031556177212073086,0.030629917593328032,0.05393136752978553,0.04846467782366958,0.05811538258141382,0.026160438530579824,0.042296669722001586,0.043896762446386024,0.04572969022239872,0.0526615945353455,0.053356293558379675,0.049913561779189826,0.04388699938840349,0.04045292871326449,0.03633163578236696,0.0440083643208896,0.04317695481334391,0.04539106076250991,0.04613299429706116,0.03721479705321685,0.03637268942811754,0.04472220037331214,0.04268857251787134,0.03949993548054011
Chips,0.03583660391421764,0.02740391044956314,0.042185994929308974,0.02805741042096902,0.029763471459888783,0.04420022799046862,0.05418553185067512,0.044809028060365366,0.045740309909451944,0.05180533789356632,0.05299811964416202,0.0460774129372518,0.052751957261318504,0.05309104559173945,0.04195328962033359,0.047961186725972986,0.05187359873550437,0.058886719072279575,0.05841353491342335,0.052637268861000786,0.057219721486894366,0.057011469324860994,0.05570677120889595,0.05568652965845907,0.052554535879269254,0.033517614455917395,0.033868848711675933,0.06281069478633836,0.05875368775218426,0.06866854669420176,0.028497884613185073,0.04675214689118348,0.04814280102303416,0.0497673190087371,0.05782046133121523,0.049913561779189826,0.060634523869737875,0.04943311384273233,0.047663250433677536,0.04253640672279587,0.050514206430500384,0.04932643538681492,0.04963684970293883,0.049588817042096896,0.04435398837807784,0.040258843119936445,0.04966626365687052,0.047702972562351065,0.042271444600476556
LabEq,0.03256830430659253,0.025100011830023833,0.03716655461795075,0.02523707317712471,0.028648485736298652,0.03819899594122321,0.049950966608419384,0.039628092082605246,0.041441933513899916,0.04685094218586178,0.04958439877521844,0.04144981077998411,0.04606708605083401,0.0474383919539317,0.03763075053852264,0.042562543393169186,0.0474951656409849,0.053979761332803786,0.05174718233836377,0.04687909449086576,0.05158800668625892,0.050489662311358215,0.049657838997617165,0.05070670341540905,0.04738749191262907,0.028623638943606033,0.028486201145353447,0.056345153347100885,0.04973718289118347,0.0602725746957903,0.027706869056393964,0.04158668006671962,0.043570254227164415,0.04463371005401113,0.05061025946306593,0.04388699938840349,0.04943311384273233,0.05049406171723591,0.04279377635742653,0.04014978651787133,0.04605408974106433,0.04402508473232724,0.04383663749324861,0.04498550427640983,0.03995814751548848,0.03763108077998411,0.0442704500127085,0.04290994089277204,0.038058627814138206
Paper,0.04171838558697377,0.030555226765687074,0.04084539206354249,0.030887753733121526,0.033422062489277204,0.04077761168387609,0.06128077296266877,0.056902746881652116,0.0498820901175536,0.06203844140111199,0.05247326755043686,0.04067447329944399,0.04256943793963463,0.0583721643288324,0.046271287129467834,0.056528699733121524,0.057985487270849866,0.06496262902779981,0.06796509921207305,0.059232310141382055,0.06164060206989673,0.055710650730738685,0.06371792359491663,0.062406721143764894,0.06149503039396343,0.034508088586179486,0.027290526619539315,0.06779880394598889,0.06718422152501985,0.08113038538046069,0.03467472152025417,0.051544032905480514,0.054634285515488476,0.05224760573947579,0.0539195649626688,0.04045292871326449,0.047663250433677536,0.04279377635742653,0.07106748120571885,0.052930244115965044,0.05833851435107227,0.05617242839237488,0.056034869918983335,0.057560826424146116,0.056958768271644165,0.048037472020651305,0.05506635701509135,0.05028638806036536,0.041170282069896744
