,Agric,Food ,Soda ,Beer ,Smoke,Toys ,Fun  ,Books,Hshld,Clths,Hlth ,MedEq,Drugs,Chems,Rubbr,Txtls,BldMt,Cnstr,Steel,FabPr,Mach ,ElcEq,Autos,Aero ,Ships,Guns ,Gold ,Mines,Coal ,Oil  ,Util ,Telcm,PerSv,BusSv,Hardw,Softw,Chips,LabEq,Paper,Boxes,Trans,Whlsl,Rtail,Meals,Banks,Insur,RlEst,Fin  ,Other
Agric,0.051345680038125494,0.02455837793169181,0.030421743930103252,0.023716354401906274,0.02665809971723591,0.02909495253375694,0.04472971801111992,0.039104495313741064,0.036020026236695785,0.044579024438443214,0.04008867804289117,0.0314708856616362,0.03461087141540905,0.04176832339316919,0.033857801639396334,0.03986084947418585,0.04156347489118347,0.047233748752978526,0.04679335810643366,0.04274498990945194,0.044064922103256556,0.039579732174741845,0.0434678154598888,0.04421604064177917,0.044486672616362195,0.024780486411437656,0.01939486801588563,0.050318468219221604,0.048833705493248614,0.05956240020333598,0.028008320400317713,0.038395596263701356,0.04071199017633039,0.03809698945194598,0.039404485979348695,0.03153142069579032,0.03494609674344718,0.03189959913582208,0.04080549380142971,0.037109078386020636,0.04268333137410642,0.04050179804289117,0.040268283037331216,0.04224633251151706,0.04134358289436063,0.03530121715647339,0.04008771396346306,0.03787277450675139,0.03089919159332803
Food ,0.02455837793169181,0.02996730683240667,0.029279852467037328,0.020371997207307372,0.024823772373312153,0.023727850071485312,0.030277659866560766,0.028702780984908652,0.028404690805401117,0.030821933841143748,0.03048171092295472,0.022827760981731535,0.024466023934868946,0.030145298184273233,0.025325185764892778,0.028064062387609216,0.03056428874980142,0.0336192967037331,0.03307627599046862,0.029873821582208096,0.03165678002859412,0.029652857502779968,0.030618578981731544,0.030188974492454324,0.030455759370929307,0.021211127572676725,0.020359915340746628,0.033836165254964266,0.032841363830023826,0.039473139588562356,0.025540935272438437,0.02988817808737093,0.030517757787132654,0.028072701810961064,0.029774674571882445,0.024676201931691826,0.02637994135027798,0.02442952713582207,0.03002129801588563,0.029120357717235906,0.029975063733121518,0.029663721780778397,0.030619436551231144,0.029492125682287547,0.028793057988880065,0.027454341048451143,0.028764062009531365,0.02761723651945989,0.023760170589356627
Soda ,0.030421743930103252,0.029279852467037328,0.09742073706751385,0.027422742169976175,0.030365760876886413,0.03466462071485304,0.04405541666084192,0.03718132498808578,0.038987597737887215,0.03973344350119142,0.040631220822875305,0.03341233630500397,0.03662846229706117,0.04030808485464654,0.03242933574583002,0.037991256146147734,0.04114692353296264,0.04567296994440031,0.0442188303542494,0.03772973183161238,0.042823169442414606,0.04247701493884034,0.04207190435583796,0.041350677019857014,0.0412553140460683,0.027296418135027797,0.02748573772200158,0.04474141274662432,0.04474570295154884,0.04965711400794281,0.03015675455440827,0.039793381426528995,0.03955382023193008,0.038745862907069106,0.04254827571723591,0.0360999434598888,0.03785079453534551,0.0341767391517077,0.03917321167275615,0.03697436508975377,0.04147396184273232,0.03858678314217633,0.04093667960603653,0.04151999090706909,0.037494208597299426,0.03506305604447973,0.040852827100873707,0.03725565482446385,0.033427395056393965
Beer ,0.023716354401906274,0.020371997207307372,0.027422742169976175,0.044349661642573465,0.023523053785544087,0.02259819437648928,0.03245075760444796,0.027895697442414605,0.026226154922954718,0.031610381264495634,0.03012236707227959,0.023121593639396355,0.023819567488482928,0.029920871253375683,0.024708720664019065,0.029369950764098485,0.029583161105639397,0.03351250587768068,0.032928653172359004,0.03068074190945194,0.03083046896902303,0.029339861693407472,0.02995439672438442,0.032198332177918974,0.031429070640190626,0.01809167242891183,0.018468637512311356,0.034080909667990475,0.03339790065448768,0.038529479208895955,0.024001431529785545,0.028566354077839543,0.02956912323113582,0.02789193620333597,0.02921090723749006,0.025824179939634626,0.026736327053216827,0.024481827615567903,0.030302906214455923,0.028056809445591743,0.030508714980142966,0.028916497159650507,0.02910051993328038,0.03093237778236696,0.02801782809849086,0.026617833582208098,0.028985395599682277,0.027727432848292287,0.02361692881969818
Smoke,0.02665809971723591,0.024823772373312153,0.030365760876886413,0.023523053785544087,0.06510116157426529,0.025454319745830033,0.03518795865607625,0.03130071884034948,0.030567135374106436,0.035484701742652905,0.034931989696584585,0.025488344149324854,0.0261515040714853,0.0306311917601271,0.027289138651310565,0.029944161345512303,0.03365869927243844,0.038082446616362196,0.03524800416838758,0.031744348870532166,0.03381863601588562,0.030557648168387613,0.03262908618109611,0.034473549097696586,0.031910761200953146,0.021752159194598893,0.025968837478951557,0.03885906130579826,0.0362743424130262,0.04366243559809373,0.02837484744400317,0.03185408672597299,0.03172538959968229,0.030418429849086572,0.031065846667196202,0.0256173124765687,0.027907187799841138,0.027089871879269267,0.032193348243050035,0.031593674054011124,0.03293094881652105,0.03211313038760921,0.031239001606036536,0.03495208327720413,0.031368705378872125,0.030353934376489262,0.032501923629864954,0.030380432201747413,0.02676174375536139
Toys ,0.02909495253375694,0.023727850071485312,0.03466462071485304,0.02259819437648928,0.025454319745830033,0.07336258497220013,0.05019422605242255,0.039439587259729944,0.040663466878474976,0.043170865131056384,0.04251581467831614,0.03338248206513106,0.039140844892772024,0.0405229083081811,0.03474529766481334,0.03822226605242257,0.04064883577442416,0.047825184845115165,0.04484924772041301,0.03756461547259729,0.04295392927720413,0.04078817267672757,0.04558095056393963,0.040168796250992844,0.045172850135027795,0.028865256775218427,0.026241758729150123,0.04796879634630657,0.04640352320889594,0.05703180848292297,0.024080420270055587,0.03867026671961874,0.041782638951548844,0.038429243653693414,0.045000781127879266,0.03871885308975377,0.039497635583796674,0.03495397845909451,0.03901248540111198,0.03398368324066719,0.03998096120730737,0.03921613976171565,0.046897254360603664,0.04207137550436854,0.0337473835107228,0.03211248778395553,0.03866530042891183,0.037484122954725974,0.033231573439237494
Fun  ,0.04472971801111992,0.030277659866560766,0.04405541666084192,0.03245075760444796,0.03518795865607625,0.05019422605242255,0.0911306971818904,0.060273171850675135,0.05274962346624304,0.06653712971882446,0.062102942551231125,0.04602069265766479,0.048849110598888,0.058402602608419375,0.04657891989515488,0.05744510220492451,0.05976655683558384,0.07074680093725179,0.06562367722954725,0.05569220965210484,0.06254675874185861,0.05818238253852263,0.06472425079269262,0.07072581178395555,0.06203562809213661,0.030034646929308968,0.026788472695790315,0.07057820525496424,0.06329604350436854,0.0889245703987291,0.035532405280381256,0.05563912393328034,0.061311686262112766,0.057691428435266104,0.06155627567593329,0.04909147119301032,0.050998404511517076,0.04768004024146148,0.05977356398093725,0.04908298874980142,0.06253420060365371,0.057461256880063545,0.06076486686894358,0.07369997496743444,0.05741373045909451,0.049849003717235885,0.06075897142176332,0.05549017994281173,0.0478175634884829
Books,0.039104495313741064,0.028702780984908652,0.03718132498808578,0.027895697442414605,0.03130071884034948,0.039439587259729944,0.060273171850675135,0.07577537318506751,0.04672361423351867,0.05898231636219221,0.05117890417791897,0.038392966608419406,0.03999020325655281,0.05181964570293882,0.04304819423351865,0.052045542986497224,0.05382889134233519,0.06020574733915807,0.061805299825258155,0.05672855065925338,0.056431364797458285,0.05121728864177916,0.05810701968228752,0.05806587903097697,0.056660258459094504,0.03129706193804607,0.02396330349483719,0.06088955504368546,0.06336055715647337,0.07618592001588562,0.03370620695790309,0.0496983591421763,0.052978995822081015,0.05024939447180299,0.05136362578236693,0.03805638748212868,0.04348145509134235,0.038866836695790316,0.05559813250198574,0.04636420799046861,0.05614060003177125,0.05220096633836374,0.053650122462271646,0.05709571906274822,0.054433240984908676,0.045344847974583,0.05222276563939637,0.048249478236695814,0.039752903923749014
Hshld,0.036020026236695785,0.028404690805401117,0.038987597737887215,0.026226154922954718,0.030567135374106436,0.040663466878474976,0.05274962346624304,0.04672361423351867,0.051881146884829206,0.053781670922954716,0.048787754554408265,0.03723822162986496,0.04111353816362193,0.04824763500238285,0.04047524209372518,0.04610181322637013,0.04954248777760125,0.05731747620333596,0.05468743283876092,0.04865182152819699,0.05137822328196979,0.04742831071644163,0.05329428050516283,0.05161008687212074,0.05326590012390785,0.03142076748848291,0.02540697749642572,0.05568183999364573,0.05552783825575856,0.06696991441143767,0.03057497288006355,0.045239757254964263,0.04843268558220812,0.04530617957108815,0.048404958833995225,0.039168885388403504,0.04228181528196981,0.03927795063383637,0.04846381074185863,0.042643765029388395,0.0493860378395552,0.04696548816838761,0.05146849747100871,0.050986004597299434,0.04514218358697377,0.04073554293884036,0.0465040961556791,0.043988484953137404,0.036956913855440844
Clths,0.044579024438443214,0.030821933841143748,0.03973344350119142,0.031610381264495634,0.035484701742652905,0.043170865131056384,0.06653712971882446,0.05898231636219221,0.053781670922954716,0.09440206408101666,0.05904952009213661,0.04276841018903891,0.04460910649880856,0.05781305232883239,0.04730963443526609,0.05925522824305005,0.06058225811596504,0.06988313157267673,0.06822846619221602,0.061722733753772865,0.06325334043526608,0.056461624835583805,0.06631805812073072,0.06674010628911833,0.0647222626084194,0.03478116476727562,0.02193730484670373,0.0682030613884035,0.06473239261795075,0.08504850334074661,0.036486550344718024,0.05350981591421762,0.060345841050039706,0.05603586956314535,0.058775229752184244,0.045119154420969025,0.049424535472597286,0.045390168984908656,0.060674338559173965,0.05317503311993644,0.06277072489277202,0.05775447094996031,0.06647081357744242,0.06769770594281177,0.059195978509928505,0.050995629658459087,0.05831671854646544,0.05488234504686258,0.04363067675615567
Hlth ,0.04008867804289117,0.03048171092295472,0.040631220822875305,0.03012236707227959,0.034931989696584585,0.04251581467831614,0.062102942551231125,0.05117890417791897,0.048787754554408265,0.05904952009213661,0.08438682223351866,0.049016127923748994,0.05493490113105637,0.052885703577442385,0.044254038687847504,0.0516798567720413,0.05619665199046864,0.06537722867355046,0.059438936546465454,0.05701696847656872,0.05777810438125496,0.05470289481810959,0.05792521832247816,0.05971479837648928,0.05708798806036536,0.031846703386814924,0.035836828057188255,0.0646587755488483,0.05524438927084989,0.075794409350278,0.036206182373312135,0.050348110652899125,0.054444089534551175,0.05256618027005562,0.058202641617156464,0.048323754211278803,0.05002670881652105,0.047623240749801454,0.05215062380619541,0.047743307383637794,0.05673703710881654,0.05322480893725179,0.05592419843367753,0.06180181493566321,0.050705824978554394,0.04812246808578236,0.05271763404289118,0.05119626076886417,0.044303416133439244
MedEq,0.0314708856616362,0.022827760981731535,0.03341233630500397,0.023121593639396355,0.025488344149324854,0.03338248206513106,0.04602069265766479,0.038392966608419406,0.03723822162986496,0.04276841018903891,0.049016127923748994,0.048025121340746615,0.048971670001588564,0.04156919222557586,0.03592580731056394,0.03806392485146942,0.04218382215091341,0.048814775901509136,0.04598473183161238,0.04176446628752978,0.04488624566163623,0.04384610507386813,0.04376375240984909,0.044545166027005575,0.04422107715965052,0.025998489096108017,0.025943823806195376,0.0505198844861001,0.046387643872915024,0.05957123650198568,0.02527909666719619,0.039253610624305005,0.040258875148530576,0.041137389642573456,0.04423757454169976,0.03991151858300239,0.04131197420174741,0.03817996663383638,0.03943552040984907,0.03494629368387608,0.041822442700556,0.04040366617633042,0.04057999939952341,0.04231478488641778,0.037139780956314546,0.0346316657982526,0.04101102778395554,0.03926970281493249,0.03517874174424147
Drugs,0.03461087141540905,0.024466023934868946,0.03662846229706117,0.023819567488482928,0.0261515040714853,0.039140844892772024,0.048849110598888,0.03999020325655281,0.04111353816362193,0.04460910649880856,0.05493490113105637,0.048971670001588564,0.07357102312787928,0.046620619664813345,0.03931546624781572,0.04120404883399524,0.046918849302621135,0.05373427211278793,0.053112666802223985,0.047235224244638586,0.05067479300397141,0.04816142043844322,0.048640403674344704,0.046330767324860994,0.049271811545671174,0.0311214638903892,0.0337522680206513,0.058972202948371716,0.054310475150119164,0.06748775089277202,0.025206864365369338,0.04339286157585386,0.04535129798093725,0.04459107791898331,0.050610428484511506,0.04762972278316124,0.04789489699761715,0.04300777103097697,0.04239810407783955,0.03763198514853057,0.04613864254169977,0.04492778188562351,0.04605573323749006,0.044033178314535355,0.03927702025099285,0.036739087037331204,0.04409187208101668,0.044118150139793484,0.03981599307704526
Chems,0.04176832339316919,0.030145298184273233,0.04030808485464654,0.029920871253375683,0.0306311917601271,0.0405229083081811,0.058402602608419375,0.05181964570293882,0.04824763500238285,0.05781305232883239,0.052885703577442385,0.04156919222557586,0.046620619664813345,0.06701232981572679,0.04555460315011913,0.052018794949960284,0.05757041108181094,0.06409714588562351,0.0686114544432089,0.05942712921683876,0.06301478722160442,0.05617593538681492,0.062381421084988085,0.059560234552819696,0.06091787578713263,0.0348747186322478,0.03352994115806194,0.07282110531532962,0.07114544484034951,0.0882771798681493,0.033674628177918976,0.05024170637331214,0.052929931594916574,0.0518429790468626,0.05490783957267671,0.04414547147259731,0.050111671993645746,0.04560373516123908,0.05688438534868945,0.05213645104209691,0.05899575345512311,0.055154836563939644,0.05329780297537726,0.053834154772041266,0.05310691553296268,0.04639233628276412,0.05312682061159649,0.05075059071167594,0.04235726659571087
Rubbr,0.033857801639396334,0.025325185764892778,0.03242933574583002,0.024708720664019065,0.027289138651310565,0.03474529766481334,0.04657891989515488,0.04304819423351865,0.04047524209372518,0.04730963443526609,0.044254038687847504,0.03592580731056394,0.03931546624781572,0.04555460315011913,0.058553337968228744,0.04116242808101667,0.046272118430500386,0.0540756907307387,0.05241836709134233,0.04934813327084988,0.0486482870087371,0.044546225324861,0.049096001653693426,0.04691670530103255,0.048764655974582995,0.03002885770135027,0.022238368868943613,0.05444763334710087,0.05235138770293882,0.0653857318808578,0.027244934656076247,0.04065405428752977,0.044797515143764906,0.04237287918983321,0.04500682015409056,0.03609801919618745,0.03977807882446387,0.03622742739952343,0.04534311867990468,0.0398437236330421,0.044637829134233524,0.04420352563780778,0.04364940873868149,0.04531301333280381,0.04289358026370135,0.03713730940428913,0.043260876878474984,0.0408322182065131,0.034332380228752964
Txtls,0.03986084947418585,0.028064062387609216,0.037991256146147734,0.029369950764098485,0.029944161345512303,0.03822226605242257,0.05744510220492451,0.052045542986497224,0.04610181322637013,0.05925522824305005,0.0516798567720413,0.03806392485146942,0.04120404883399524,0.052018794949960284,0.04116242808101667,0.08115912733756948,0.05397262589992057,0.060995498085782356,0.06080143267355041,0.05637954255440825,0.05632652925178712,0.05202479287370929,0.05760173488006355,0.05815939124543288,0.05671559010643369,0.03037611479110405,0.027363904910246234,0.06015025875138999,0.05663551471485307,0.07146128554884831,0.03362750316441619,0.04856079850357427,0.051918928548053994,0.04901371747418587,0.05103770552660841,0.039635374309769655,0.04501538719618744,0.04072131602223986,0.05476323854328831,0.04674727648768863,0.0551257668943606,0.051406002578236694,0.05276964144082605,0.05447995995393169,0.0527511440381255,0.04433672300238285,0.050965934781572686,0.04820763746942016,0.039452951196187455
BldMt,0.04156347489118347,0.03056428874980142,0.04114692353296264,0.029583161105639397,0.03365869927243844,0.04064883577442416,0.05976655683558384,0.05382889134233519,0.04954248777760125,0.06058225811596504,0.05619665199046864,0.04218382215091341,0.046918849302621135,0.05757041108181094,0.046272118430500386,0.05397262589992057,0.06822466653534554,0.0701353063383638,0.06614548033042097,0.06083660176012707,0.062174505073868166,0.05653986415250197,0.0627525908689436,0.06204108277045273,0.061519858351072244,0.035446342583002395,0.03051531745194599,0.06977544763145353,0.06420691753455124,0.07968308671644163,0.035107500797458294,0.05058558301509133,0.05451830620492454,0.05280899091342333,0.055508357941223205,0.04443756887688641,0.04953747247021444,0.046068614417791906,0.05664473017950755,0.05172345141223196,0.058613617887212054,0.05525993405559967,0.05578376049563144,0.057118001042096904,0.05484707531691819,0.04828373915806194,0.054391298427323265,0.05212700564257349,0.04218971219698175
Cnstr,0.047233748752978526,0.0336192967037331,0.04567296994440031,0.03351250587768068,0.038082446616362196,0.047825184845115165,0.07074680093725179,0.06020574733915807,0.05731747620333596,0.06988313157267673,0.06537722867355046,0.048814775901509136,0.05373427211278793,0.06409714588562351,0.0540756907307387,0.060995498085782356,0.0701353063383638,0.09436972428117554,0.07328645038919775,0.06462707547259729,0.06924228562351073,0.0640291693566322,0.07142002266084194,0.07128903522637013,0.06923811822081015,0.03786723478157268,0.03471280431294678,0.07760857204130261,0.06845492030976967,0.08804539236695791,0.03863641323272439,0.05682172862589357,0.06268571713264494,0.0600633224305004,0.0645555641858618,0.05141053693407464,0.056319005750595716,0.05240897702938839,0.06368347349483716,0.05689673667196188,0.06544733747418585,0.06268502043685462,0.06515587467037329,0.0688069509531374,0.0598926257664813,0.0534844668308181,0.06382956072279584,0.05811323393963464,0.04809159251787132
Steel,0.04679335810643366,0.03307627599046862,0.0442188303542494,0.032928653172359004,0.03524800416838758,0.04484924772041301,0.06562367722954725,0.061805299825258155,0.05468743283876092,0.06822846619221602,0.059438936546465454,0.04598473183161238,0.053112666802223985,0.0686114544432089,0.05241836709134233,0.06080143267355041,0.06614548033042097,0.07328645038919775,0.09794598413979347,0.0746978609308975,0.07338679222875298,0.06258999664495628,0.07265031546306594,0.06965628967116758,0.07198612731374106,0.04111374429229547,0.04087444561080222,0.08939168773312153,0.0886182343383638,0.10482591322637011,0.037019828346306585,0.058203384775218456,0.062327746516282756,0.059328865702938854,0.062320597280381244,0.04791630194757743,0.05550720263701349,0.05016470934392376,0.0660414975313741,0.05908522345988881,0.0692730623351867,0.06488009327402701,0.06255472153137412,0.06263976030500396,0.06391945687688644,0.053450837172358996,0.0593981292454329,0.05900521979984111,0.04630962213820493
FabPr,0.04274498990945194,0.029873821582208096,0.03772973183161238,0.03068074190945194,0.031744348870532166,0.03756461547259729,0.05569220965210484,0.05672855065925338,0.04865182152819699,0.061722733753772865,0.05701696847656872,0.04176446628752978,0.047235224244638586,0.05942712921683876,0.04934813327084988,0.05637954255440825,0.06083660176012707,0.06462707547259729,0.0746978609308975,0.12369752641143762,0.06575540214138205,0.05952029793169183,0.06578577959332806,0.06178920593804606,0.06446226933121527,0.03715744600794281,0.0318600225607625,0.07463575718506753,0.0743927331945989,0.09004649595869736,0.03587129150754567,0.051255948810166804,0.05699545703256554,0.05337430484511518,0.05446917210166799,0.04167564768228752,0.050323107259729945,0.04580358731056394,0.05867637274980143,0.053438796915011896,0.06223955104050837,0.05664671848451154,0.05397165330262112,0.056191773760127066,0.05970880759968227,0.049613829197776,0.053039304829229555,0.05250850006989675,0.043647228428911826
Mach ,0.044064922103256556,0.03165678002859412,0.042823169442414606,0.03083046896902303,0.03381863601588562,0.04295392927720413,0.06254675874185861,0.056431364797458285,0.05137822328196979,0.06325334043526608,0.05777810438125496,0.04488624566163623,0.05067479300397141,0.06301478722160442,0.0486482870087371,0.05632652925178712,0.062174505073868166,0.06924228562351073,0.07338679222875298,0.06575540214138205,0.0707783912692613,0.06033357859253374,0.06712005285464656,0.06576486799682289,0.06556599890706909,0.03714619802382844,0.031942344552819704,0.07632259886258937,0.07415013233995237,0.09585087858300237,0.03558266689753773,0.05390822876568705,0.05757266321842734,0.05583157763304209,0.05937318037172358,0.04727672052104844,0.05404963138999204,0.04959270105798251,0.06033323111675933,0.05469444480381255,0.06357475586973789,0.059200475818903885,0.05730682858141378,0.05947098153455121,0.057942601162827616,0.0502285513582208,0.056721642605242234,0.05517828125814137,0.045041876835583805
ElcEq,0.039579732174741845,0.029652857502779968,0.04247701493884034,0.029339861693407472,0.030557648168387613,0.04078817267672757,0.05818238253852263,0.05121728864177916,0.04742831071644163,0.056461624835583805,0.05470289481810959,0.04384610507386813,0.04816142043844322,0.05617593538681492,0.044546225324861,0.05202479287370929,0.05653986415250197,0.0640291693566322,0.06258999664495628,0.05952029793169183,0.06033357859253374,0.07586529557426529,0.060446892679904704,0.05849559910087368,0.058395189121525005,0.0345824557045274,0.03058153170135027,0.07003495298490865,0.062281741442414607,0.08034702808260524,0.03293958515011915,0.0501636397903098,0.05365245262271644,0.05121744498808575,0.0542014792915012,0.044604481092930894,0.05087351602859412,0.04651108631612392,0.053673644953137395,0.04731959058617951,0.05513996787926926,0.053023635961874496,0.05319514955043687,0.054632578722795866,0.050938674808578235,0.044785224050833974,0.05268999868149326,0.04962740867672756,0.04267876141064336
Autos,0.0434678154598888,0.030618578981731544,0.04207190435583796,0.02995439672438442,0.03262908618109611,0.04558095056393963,0.06472425079269262,0.05810701968228752,0.05329428050516283,0.06631805812073072,0.05792521832247816,0.04376375240984909,0.048640403674344704,0.062381421084988085,0.049096001653693426,0.05760173488006355,0.0627525908689436,0.07142002266084194,0.07265031546306594,0.06578577959332806,0.06712005285464656,0.060446892679904704,0.0792150599698173,0.06506206344241458,0.06718814445750593,0.03697181244320888,0.029341688408260524,0.07389810820015885,0.07031040214297059,0.08886469726608419,0.03256381319459889,0.05352876682128674,0.05880211493725179,0.05582156481334391,0.06066351866084192,0.046326942849880856,0.05270557080222398,0.048017231688641776,0.062477330038125486,0.055017888637013485,0.06406433156473393,0.058960289815726784,0.061006724465448775,0.06173608890071482,0.05688322912787927,0.048871056822875306,0.05783584023034153,0.05489213027958698,0.043996328822875304
Aero ,0.04421604064177917,0.030188974492454324,0.041350677019857014,0.032198332177918974,0.034473549097696586,0.040168796250992844,0.07072581178395555,0.05806587903097697,0.05161008687212074,0.06674010628911833,0.05971479837648928,0.044545166027005575,0.046330767324860994,0.059560234552819696,0.04691670530103255,0.05815939124543288,0.06204108277045273,0.07128903522637013,0.06965628967116758,0.06178920593804606,0.06576486799682289,0.05849559910087368,0.06506206344241458,0.0945820497839555,0.0643287803208896,0.03474922784908658,0.026438390708498807,0.07065111743288321,0.06510619114058774,0.09022590710563941,0.03638526853375694,0.054659722252581415,0.06057700637172358,0.05811285367752182,0.05835672060206511,0.04604630368228753,0.05150829696584593,0.04795711138363782,0.060197373015091336,0.053746122794281176,0.06384448050833998,0.05917346956791105,0.056128831798252565,0.067678083655282,0.059786754522637,0.05171766956314534,0.059904730730738674,0.05644207907386812,0.045608455850675134
Ships,0.044486672616362195,0.030455759370929307,0.0412553140460683,0.031429070640190626,0.031910761200953146,0.045172850135027795,0.06203562809213661,0.056660258459094504,0.05326590012390785,0.0647222626084194,0.05708798806036536,0.04422107715965052,0.049271811545671174,0.06091787578713263,0.048764655974582995,0.05671559010643369,0.061519858351072244,0.06923811822081015,0.07198612731374106,0.06446226933121527,0.06556599890706909,0.058395189121525005,0.06718814445750593,0.0643287803208896,0.09048154995393168,0.040192655199364574,0.028957092085782368,0.0741770243876092,0.07724510176965844,0.0897384998316124,0.035542807110405104,0.05400185408101669,0.05995598838443207,0.05484799548848294,0.05734721472915009,0.04575564947418586,0.05042635024622718,0.045887269401111985,0.06053430323113581,0.05367127398252583,0.06370959316918187,0.05839917201588563,0.06077214172517872,0.05874691613661634,0.05780719125655281,0.04966362490865765,0.05618260670373311,0.053876693146942045,0.04332177582843527
Guns ,0.024780486411437656,0.021211127572676725,0.027296418135027797,0.01809167242891183,0.021752159194598893,0.028865256775218427,0.030034646929308968,0.03129706193804607,0.03142076748848291,0.03478116476727562,0.031846703386814924,0.025998489096108017,0.0311214638903892,0.0348747186322478,0.03002885770135027,0.03037611479110405,0.035446342583002395,0.03786723478157268,0.04111374429229547,0.03715744600794281,0.03714619802382844,0.0345824557045274,0.03697181244320888,0.03474922784908658,0.040192655199364574,0.061179152309769655,0.024722171722001578,0.04020116218586178,0.04368855394281176,0.04631836179030978,0.021912550052422552,0.031282926293884024,0.03331830910087371,0.03094594667196189,0.03388264491024622,0.030089014697378867,0.031976145289912626,0.027437729410643368,0.03368529937569499,0.031601066260524224,0.03448248362192216,0.03317407665925337,0.035063981402700554,0.02888353812390787,0.03012950720889596,0.028120737299443997,0.029073304805401105,0.029630024071485305,0.025030220114376483
Gold ,0.01939486801588563,0.020359915340746628,0.02748573772200158,0.018468637512311356,0.025968837478951557,0.026241758729150123,0.026788472695790315,0.02396330349483719,0.02540697749642572,0.02193730484670373,0.035836828057188255,0.025943823806195376,0.0337522680206513,0.03352994115806194,0.022238368868943613,0.027363904910246234,0.03051531745194599,0.03471280431294678,0.04087444561080222,0.0318600225607625,0.031942344552819704,0.03058153170135027,0.029341688408260524,0.026438390708498807,0.028957092085782368,0.024722171722001578,0.2214381273057983,0.05801909301985702,0.042801184729150135,0.053688902854646565,0.026714643714058774,0.027496052934074672,0.024604910085782358,0.025721979428117544,0.030153117634630668,0.027109189280381255,0.029654077140587775,0.025420504057188247,0.026214985888800633,0.025600622193804597,0.02734662109610803,0.030558160058776807,0.02445807296743448,0.026424132786338355,0.019919437598093732,0.02040743467831612,0.029011783026211282,0.025576085612390782,0.029008701162827638
Mines,0.050318468219221604,0.033836165254964266,0.04474141274662432,0.034080909667990475,0.03885906130579826,0.04796879634630657,0.07057820525496424,0.06088955504368546,0.05568183999364573,0.0682030613884035,0.0646587755488483,0.0505198844861001,0.058972202948371716,0.07282110531532962,0.05444763334710087,0.06015025875138999,0.06977544763145353,0.07760857204130261,0.08939168773312153,0.07463575718506753,0.07632259886258937,0.07003495298490865,0.07389810820015885,0.07065111743288321,0.0741770243876092,0.04020116218586178,0.05801909301985702,0.12933661074503575,0.09881990536616364,0.12625167677204135,0.03694936332327245,0.06094127022716442,0.06374476644320892,0.061880131532962686,0.0651095268054011,0.05243178142652898,0.05883999672756156,0.054293301629864975,0.06618009237172358,0.05932803762351071,0.07119758487688638,0.06695804420651309,0.06339059779507543,0.0643492839650516,0.06322253685782366,0.05305388085782369,0.06373142109610802,0.06060090441938045,0.05102070619221604
Coal ,0.048833705493248614,0.032841363830023826,0.04474570295154884,0.03339790065448768,0.0362743424130262,0.04640352320889594,0.06329604350436854,0.06336055715647337,0.05552783825575856,0.06473239261795075,0.05524438927084989,0.046387643872915024,0.054310475150119164,0.07114544484034951,0.05235138770293882,0.05663551471485307,0.06420691753455124,0.06845492030976967,0.0886182343383638,0.0743927331945989,0.07415013233995237,0.062281741442414607,0.07031040214297059,0.06510619114058774,0.07724510176965844,0.04368855394281176,0.042801184729150135,0.09881990536616364,0.21630154143129474,0.1331850747116759,0.039015390141382084,0.06024114431453534,0.06397979924861003,0.05876347413820493,0.060324400386020646,0.04686474302779983,0.055195315266084205,0.04746520113105637,0.06651102811914217,0.05913536829706119,0.07039679961874501,0.06496380686417792,0.06184826304845113,0.05723584393486895,0.06399507180937254,0.051893669626687844,0.05815077308181096,0.05848980427164415,0.04629512061318507
Oil  ,0.05956240020333598,0.039473139588562356,0.04965711400794281,0.038529479208895955,0.04366243559809373,0.05703180848292297,0.0889245703987291,0.07618592001588562,0.06696991441143767,0.08504850334074661,0.075794409350278,0.05957123650198568,0.06748775089277202,0.0882771798681493,0.0653857318808578,0.07146128554884831,0.07968308671644163,0.08804539236695791,0.10482591322637011,0.09004649595869736,0.09585087858300237,0.08034702808260524,0.08886469726608419,0.09022590710563941,0.0897384998316124,0.04631836179030978,0.053688902854646565,0.12625167677204135,0.1331850747116759,0.23577336255917394,0.047764059498014294,0.07544217808737093,0.08071080166322477,0.0743564251787133,0.07539476721683876,0.05885336850833997,0.06700884876886415,0.06027664243367751,0.08106689750754567,0.06801193611278793,0.08988913687053217,0.08185180073232724,0.07546712427164419,0.08151380825575856,0.0784189755107228,0.06420904913423352,0.07496540142176332,0.07274695140428909,0.06212204969976171
Util ,0.028008320400317713,0.025540935272438437,0.03015675455440827,0.024001431529785545,0.02837484744400317,0.024080420270055587,0.035532405280381256,0.03370620695790309,0.03057497288006355,0.036486550344718024,0.036206182373312135,0.02527909666719619,0.025206864365369338,0.033674628177918976,0.027244934656076247,0.03362750316441619,0.035107500797458294,0.03863641323272439,0.037019828346306585,0.03587129150754567,0.03558266689753773,0.03293958515011915,0.03256381319459889,0.03638526853375694,0.035542807110405104,0.021912550052422552,0.026714643714058774,0.03694936332327245,0.039015390141382084,0.047764059498014294,0.04193947328991262,0.03326343584432089,0.03459312142652898,0.03239612514694201,0.0324781261350278,0.026108436320889602,0.02829098109610803,0.02758154641461478,0.03448713276250994,0.034886339955520256,0.03473270106433679,0.033332406630659256,0.032611633369340746,0.035265036343129455,0.03590925263860205,0.034324042382843506,0.03472272779984113,0.03206078685623511,0.02801282840984909
Telcm,0.038395596263701356,0.02988817808737093,0.039793381426528995,0.028566354077839543,0.03185408672597299,0.03867026671961874,0.05563912393328034,0.0496983591421763,0.045239757254964263,0.05350981591421762,0.050348110652899125,0.039253610624305005,0.04339286157585386,0.05024170637331214,0.04065405428752977,0.04856079850357427,0.05058558301509133,0.05682172862589357,0.058203384775218456,0.051255948810166804,0.05390822876568705,0.0501636397903098,0.05352876682128674,0.054659722252581415,0.05400185408101669,0.031282926293884024,0.027496052934074672,0.06094127022716442,0.06024114431453534,0.07544217808737093,0.03326343584432089,0.057457713925337564,0.05072398599205718,0.04776026989674344,0.04999755075139001,0.040868349572676724,0.04457185741064335,0.04018778934392375,0.05065450196346305,0.04520702792374902,0.05241434897537729,0.04961369932644957,0.050814818671961894,0.052200814141382064,0.04900948175377284,0.04322977169181889,0.04854591185067516,0.04649607042732325,0.039251829953931686
PerSv,0.04071199017633039,0.030517757787132654,0.03955382023193008,0.02956912323113582,0.03172538959968229,0.041782638951548844,0.061311686262112766,0.052978995822081015,0.04843268558220812,0.060345841050039706,0.054444089534551175,0.040258875148530576,0.04535129798093725,0.052929931594916574,0.044797515143764906,0.051918928548053994,0.05451830620492454,0.06268571713264494,0.062327746516282756,0.05699545703256554,0.05757266321842734,0.05365245262271644,0.05880211493725179,0.06057700637172358,0.05995598838443207,0.03331830910087371,0.024604910085782358,0.06374476644320892,0.06397979924861003,0.08071080166322477,0.03459312142652898,0.05072398599205718,0.06930020330262111,0.05173006428911835,0.05393979328196981,0.04290541501509133,0.04634112034948371,0.042473311269261314,0.05440243354567118,0.046924320144559176,0.057180432438443216,0.05313803764416203,0.05566353110881654,0.058760395629864966,0.05332940468308181,0.04679714899126291,0.05192422760127085,0.049992933968228744,0.04111448397458298
BusSv,0.03809698945194598,0.028072701810961064,0.038745862907069106,0.02789193620333597,0.030418429849086572,0.038429243653693414,0.057691428435266104,0.05024939447180299,0.04530617957108815,0.05603586956314535,0.05256618027005562,0.041137389642573456,0.04459107791898331,0.0518429790468626,0.04237287918983321,0.04901371747418587,0.05280899091342333,0.0600633224305004,0.059328865702938854,0.05337430484511518,0.05583157763304209,0.05121744498808575,0.05582156481334391,0.05811285367752182,0.05484799548848294,0.03094594667196189,0.025721979428117544,0.061880131532962686,0.05876347413820493,0.0743564251787133,0.03239612514694201,0.04776026989674344,0.05173006428911835,0.05333556317712471,0.052588134058776805,0.04365329687053215,0.046654604829229535,0.042568303351866565,0.05132714305003971,0.04542349523431293,0.0536899873868149,0.050364694376489286,0.05042387315329627,0.05490691010325654,0.05038314093725178,0.044423023161239084,0.05065951776012709,0.04834818044479744,0.040388634535345504
Hardw,0.039404485979348695,0.029774674571882445,0.04254827571723591,0.02921090723749006,0.031065846667196202,0.045000781127879266,0.06155627567593329,0.05136362578236693,0.048404958833995225,0.058775229752184244,0.058202641617156464,0.04423757454169976,0.050610428484511506,0.05490783957267671,0.04500682015409056,0.05103770552660841,0.055508357941223205,0.0645555641858618,0.062320597280381244,0.05446917210166799,0.05937318037172358,0.0542014792915012,0.06066351866084192,0.05835672060206511,0.05734721472915009,0.03388264491024622,0.030153117634630668,0.0651095268054011,0.060324400386020646,0.07539476721683876,0.0324781261350278,0.04999755075139001,0.05393979328196981,0.052588134058776805,0.07076887996664018,0.04963723445274027,0.05359234805401113,0.04780387389356631,0.05271099967116756,0.04730230992692611,0.056546692327243846,0.05265803341223194,0.054429141186656066,0.057864841844320884,0.049910871980937244,0.045342637664813355,0.052889512748212825,0.05091038785861794,0.04232460911517077
Softw,0.03153142069579032,0.024676201931691826,0.0360999434598888,0.025824179939634626,0.0256173124765687,0.03871885308975377,0.04909147119301032,0.03805638748212868,0.039168885388403504,0.045119154420969025,0.048323754211278803,0.03991151858300239,0.04762972278316124,0.04414547147259731,0.03609801919618745,0.039635374309769655,0.04443756887688641,0.05141053693407464,0.04791630194757743,0.04167564768228752,0.04727672052104844,0.044604481092930894,0.046326942849880856,0.04604630368228753,0.04575564947418586,0.030089014697378867,0.027109189280381255,0.05243178142652898,0.04686474302779983,0.05885336850833997,0.026108436320889602,0.040868349572676724,0.04290541501509133,0.04365329687053215,0.04963723445274027,0.0496533747672756,0.04541200667196189,0.04084012383161238,0.04044688301191423,0.037174201283558375,0.043869827895154895,0.04215215141540905,0.04341285319142176,0.04479725015409056,0.037539393270849875,0.03642307145353454,0.042425132994440014,0.04169917246068308,0.035837160851469416
Chips,0.03494609674344718,0.02637994135027798,0.03785079453534551,0.026736327053216827,0.027907187799841138,0.039497635583796674,0.050998404511517076,0.04348145509134235,0.04228181528196981,0.049424535472597286,0.05002670881652105,0.04131197420174741,0.04789489699761715,0.050111671993645746,0.03977807882446387,0.04501538719618744,0.04953747247021444,0.056319005750595716,0.05550720263701349,0.050323107259729945,0.05404963138999204,0.05087351602859412,0.05270557080222398,0.05150829696584593,0.05042635024622718,0.031976145289912626,0.029654077140587775,0.05883999672756156,0.055195315266084205,0.06700884876886415,0.02829098109610803,0.04457185741064335,0.04634112034948371,0.046654604829229535,0.05359234805401113,0.04541200667196189,0.05389627818903891,0.04511507059571088,0.046269566100079415,0.042675513296266884,0.04918668333598093,0.046862289690230347,0.046594939316918195,0.04743219679110405,0.04334332378077839,0.039433297061159646,0.0461441871644162,0.04551999485305798,0.03786561613979348
LabEq,0.03189959913582208,0.02442952713582207,0.0341767391517077,0.024481827615567903,0.027089871879269267,0.03495397845909451,0.04768004024146148,0.038866836695790316,0.03927795063383637,0.045390168984908656,0.047623240749801454,0.03817996663383638,0.04300777103097697,0.04560373516123908,0.03622742739952343,0.04072131602223986,0.046068614417791906,0.05240897702938839,0.05016470934392376,0.04580358731056394,0.04959270105798251,0.04651108631612392,0.048017231688641776,0.04795711138363782,0.045887269401111985,0.027437729410643368,0.025420504057188247,0.054293301629864975,0.04746520113105637,0.06027664243367751,0.02758154641461478,0.04018778934392375,0.042473311269261314,0.042568303351866565,0.04780387389356631,0.04084012383161238,0.04511507059571088,0.04751945783002381,0.0420958953963463,0.04033498684034948,0.04557236339952344,0.0425773445782367,0.04199437519936454,0.04364992950595709,0.03953556153772836,0.037216914503574276,0.042080766703733126,0.041675981172358996,0.035111269788721214
Paper,0.04080549380142971,0.03002129801588563,0.03917321167275615,0.030302906214455923,0.032193348243050035,0.03901248540111198,0.05977356398093725,0.05559813250198574,0.04846381074185863,0.060674338559173965,0.05215062380619541,0.03943552040984907,0.04239810407783955,0.05688438534868945,0.04534311867990468,0.05476323854328831,0.05664473017950755,0.06368347349483716,0.0660414975313741,0.05867637274980143,0.06033323111675933,0.053673644953137395,0.062477330038125486,0.060197373015091336,0.06053430323113581,0.03368529937569499,0.026214985888800633,0.06618009237172358,0.06651102811914217,0.08106689750754567,0.03448713276250994,0.05065450196346305,0.05440243354567118,0.05132714305003971,0.05271099967116756,0.04044688301191423,0.046269566100079415,0.0420958953963463,0.06974028335345511,0.05260508272120734,0.05786050903891979,0.054807116522637,0.05473625454964258,0.056413903172359024,0.05553722284988085,0.04742896125496426,0.054064019674344745,0.04960509486735502,0.040295482519459885
