,Agric,Food ,Soda ,Beer ,Smoke,Toys ,Fun  ,Books,Hshld,Clths,Hlth ,MedEq,Drugs,Chems,Rubbr,Txtls,BldMt,Cnstr,Steel,FabPr,Mach ,ElcEq,Autos,Aero ,Ships,Guns ,Gold ,Mines,Coal ,Oil  ,Util ,Telcm,PerSv,BusSv,Hardw,Softw,Chips,LabEq,Paper,Boxes,Trans,Whlsl,Rtail,Meals,Banks,Insur,RlEst,Fin  ,Other
Agric,0.05152937352660843,0.025093372494042886,0.031382043185067515,0.02434103893566322,0.02755805156473391,0.030085088840349487,0.0457549779666402,0.039627373606036534,0.03683935482922955,0.04539740938840348,0.040304274289118355,0.032292501278792685,0.03523884252581414,0.04263942644956316,0.03446026761715648,0.04102383046068308,0.04247457455917395,0.04801261828435266,0.04803567138204924,0.043258953836378074,0.044841785544082594,0.04092876571882446,0.04424095781572676,0.045544103288324055,0.045229855679110406,0.025131498474980144,0.02001169930103257,0.051175293304209696,0.048281606250992835,0.059528663216838765,0.028203069745830027,0.03907718493248611,0.04103113957903097,0.03873476714853057,0.04009594231135821,0.031832644209690224,0.035671950309769655,0.032359126147736304,0.041524588474980126,0.03744119952343129,0.04294467423351866,0.04141623247815727,0.04102362778395551,0.04298743687847498,0.042083069348689425,0.03562345164416203,0.04096031764892771,0.038393053034154086,0.03157623156473392
Food ,0.025093372494042886,0.03022554239714059,0.02998627871485305,0.021032923987291494,0.025376863224781575,0.02470902861159651,0.030982512791104047,0.02907242493884035,0.029236138432088953,0.0314894578522637,0.031070034419380464,0.023652903931691813,0.02537677701350278,0.03086145419857029,0.025785271420174737,0.028891859566322467,0.031211387289912625,0.03426126690071485,0.033890760128673536,0.0301351455822081,0.03233896754249405,0.030595156613185074,0.031249831420174748,0.031133653153296262,0.030917676419380462,0.021363819917394757,0.021163222408260532,0.03428458718506751,0.03339131635424941,0.03957024190150914,0.02552980596505164,0.030560919874503576,0.030674765761715655,0.02867163002382843,0.030416451722001595,0.02512981442096902,0.027180647084988088,0.02501127519936458,0.03052566338840349,0.02925496079428117,0.030306659599682293,0.030366202832406673,0.03127319360444797,0.030028207029388406,0.029314039162827637,0.027817471196187448,0.029367308664019057,0.028154358943606028,0.024448817661636216
Soda ,0.031382043185067515,0.02998627871485305,0.1007777723574265,0.02851529253375695,0.031344564543288315,0.037869346050833995,0.046104023602859395,0.038158856697378875,0.041328249351866554,0.04170352874027006,0.04319931800317712,0.036901464567116744,0.04077212563939635,0.04254164597617157,0.03432839776171565,0.039919079544082595,0.04311503290071484,0.048006220343129465,0.046762309911040516,0.03920548332962669,0.04515284316441621,0.0463118772867355,0.04467702521207307,0.04412090741858617,0.043172355606036536,0.0289896472152502,0.029630832333598093,0.04769237149642573,0.04705380477362986,0.05094642902779983,0.030143106743447175,0.041434896344718024,0.041168029456711684,0.04102919158061953,0.0453244948864178,0.03927413814455917,0.04145774773629866,0.03677606345035742,0.04076141027323273,0.03771889334392375,0.042767717874503564,0.04046903022557586,0.043104055418586175,0.04319962154884829,0.038289492799046865,0.03581801233042097,0.04309847087529785,0.03877729127084986,0.03639689576171565
Beer ,0.02434103893566322,0.021032923987291494,0.02851529253375695,0.045343680222398715,0.024222024781572673,0.02395509183478951,0.03335928787926926,0.02810926403494838,0.02716469240667196,0.0322254073709293,0.03091997602859413,0.024389471818903892,0.024796907990468627,0.030738697474185863,0.025234123733121516,0.03046118886417791,0.030427793502779993,0.03441494843526608,0.03376664325655281,0.031226696425734706,0.03163002277998411,0.030575391898332013,0.030894366115965063,0.033810464114376486,0.032548779380460684,0.018403781254964256,0.02099418004765687,0.03476619547259731,0.03385178098490865,0.03890128115965051,0.024399284082605242,0.029440857362986506,0.02995814546465449,0.028762036378077845,0.030162078840349486,0.026613040857823664,0.027831180619539316,0.025239025321683872,0.030812220667196192,0.028524803590150912,0.03092078922954726,0.029739429245432877,0.029893794058776797,0.031675496600476576,0.028543181525019848,0.027096096806989677,0.02997780117553614,0.028195518967434476,0.024604763558379664
Smoke,0.02755805156473391,0.025376863224781575,0.031344564543288315,0.024222024781572673,0.06673001861795075,0.02693363075456711,0.03634359059571087,0.03214104419380459,0.03198676956314535,0.036968884479745834,0.03630160060365368,0.02699528625893566,0.028023987831612387,0.03220396861000794,0.028579970611596513,0.03156808012708498,0.03512231208895948,0.03971357880857824,0.037450160349483716,0.03301894751389992,0.03535366494042891,0.03253434462271645,0.0341864474344718,0.03612842888006355,0.03372190532168387,0.02237844619539317,0.02736962992851469,0.04050035761715645,0.037537552756155675,0.04378262935663223,0.028534338872120733,0.03294338792692612,0.032974731469420177,0.03176972587768069,0.032581444193804605,0.027061320857823673,0.02954119310563939,0.0285445903415409,0.033313780365369326,0.03248400981731533,0.034000024622716445,0.03356845849086576,0.032584836028594126,0.03593383301032565,0.03239505111993646,0.031227011532962663,0.033801430913423344,0.03163590643367754,0.0280958564892772
Toys ,0.030085088840349487,0.02470902861159651,0.037869346050833995,0.02395509183478951,0.02693363075456711,0.07766216651151707,0.05306551151389992,0.04054105142335184,0.04333356032883241,0.04488708435583797,0.044719242991262904,0.03690982930103257,0.04316221243844321,0.042807295158061955,0.036421343814138196,0.04071824545353455,0.04286144643526609,0.049993367761715646,0.046946791658459094,0.03907218887370929,0.04517360389515488,0.04540748122637014,0.048047662765687046,0.04369604397140589,0.04722050210325656,0.0306099335694996,0.02925923941858618,0.05059648727084987,0.04818586939634631,0.05789271341223194,0.024335852382843522,0.04095361631294677,0.04333897125178713,0.0409852874344718,0.048030236649721995,0.04187325700079427,0.04327154764098492,0.03744353820810166,0.04017453802541701,0.03433785483717236,0.0410224183034154,0.04129335997934868,0.04927514860365369,0.04407170332803811,0.034674403553613974,0.03294488670691025,0.04134423923113581,0.03893206267672755,0.03646620340270056
Fun  ,0.0457549779666402,0.030982512791104047,0.046104023602859395,0.03335928787926926,0.03634359059571087,0.05306551151389992,0.09369789406830817,0.06143587908181096,0.05462680713899921,0.06818571393804607,0.06368946974741858,0.04837970864177918,0.0515724554725973,0.06006905382684669,0.0480909222907069,0.059570665331215245,0.061427112473391575,0.07246651166322478,0.06769199707386814,0.05686126305321685,0.06444083044320889,0.0614544970675139,0.06673453353772835,0.07342558014297061,0.06376265272120728,0.030817015955520246,0.029211731513899924,0.07299531605083398,0.0651657909610802,0.0903588082700556,0.0355625715488483,0.05714727354725972,0.06257816582366957,0.059501773979348686,0.06360282901032566,0.050927373382049244,0.05345935625099283,0.04935506399364574,0.06090244983955521,0.04926972238284353,0.06370871606671964,0.05915976675774426,0.06256396208419378,0.07544432627482128,0.05849945787768068,0.050515688934074654,0.06264953355361397,0.05673207474185862,0.049923625042096895
Books,0.039627373606036534,0.02907242493884035,0.038158856697378875,0.02810926403494838,0.03214104419380459,0.04054105142335184,0.06143587908181096,0.07660244603494834,0.04775932384908656,0.06006837572359015,0.05138007711993645,0.03926712102462271,0.04048376783161239,0.052851336295472603,0.043564916440031756,0.05338778496743447,0.054738656201747414,0.06105118493089752,0.0634061390325655,0.05641995254011118,0.05730632585861794,0.05293000010802222,0.05883646023669578,0.05971698538522636,0.05744278790468626,0.03175578655758539,0.024015832384432084,0.061404712046068316,0.06417771209690229,0.07570418410961079,0.033619393415409066,0.05047649264654488,0.05316534152025415,0.050902026814932486,0.05207670020492453,0.03817580962351072,0.044509639682287536,0.03931302760603654,0.05641199781254965,0.04668609474185861,0.056751492514694205,0.05325281052104846,0.05465499868784749,0.05778186793486895,0.05542188519936458,0.0457501798856235,0.05319448788562351,0.048960693050039715,0.04029045677204128
Hshld,0.03683935482922955,0.029236138432088953,0.041328249351866554,0.02716469240667196,0.03198676956314535,0.04333356032883241,0.05462680713899921,0.04775932384908656,0.05410742546624305,0.055240105299443995,0.05022664689277204,0.03969007708498809,0.04327748868943605,0.04994266081969816,0.04172031921048451,0.04822548490706911,0.051093220973788725,0.05889727154567116,0.05674102579348689,0.04947138994122319,0.05299338750754568,0.05058866836536933,0.054915689091342326,0.05406514878474979,0.0546536322192216,0.032620940438443206,0.027479246325655286,0.05747295888959493,0.05717090777601269,0.06715238721048454,0.030767868586179505,0.046754693783955505,0.04936110999046862,0.04704681992057188,0.05047200883717236,0.040886296657664814,0.04512162090548055,0.04101325065289911,0.04958236116123907,0.04273854119142176,0.05002552639555202,0.048561010565528195,0.053323332578236696,0.05232596845909451,0.0461501077378872,0.041396512733915806,0.048249700664019055,0.044999783756949956,0.03907291060524225
Clths,0.04539740938840348,0.0314894578522637,0.04170352874027006,0.0322254073709293,0.036968884479745834,0.04488708435583797,0.06818571393804607,0.06006837572359015,0.055240105299443995,0.09571871713423348,0.05963366737728354,0.044262485766481334,0.04544500165210483,0.05919525819857029,0.04836806064813343,0.060911231412231925,0.06202223767752186,0.07111006218903891,0.06981669881175537,0.0619977194725973,0.06458037829388404,0.05900139227323273,0.06756914935345511,0.06868456473391579,0.06589875897061159,0.0355176196282764,0.02259475074185862,0.06918954603018267,0.06516493421763304,0.08507914067355045,0.03653210359015091,0.05435973484034947,0.06067708189674342,0.05719674150913423,0.05999663160921368,0.04586935865925337,0.051141009340746627,0.04640996981096109,0.06160150123272441,0.05351240444797459,0.06341272491818903,0.05915849233677525,0.06795901767752183,0.06883745126290709,0.06013806641143763,0.05144675602223987,0.06000516620810164,0.05566183191421764,0.04500054398093726
Hlth ,0.040304274289118355,0.031070034419380464,0.04319931800317712,0.03091997602859413,0.03630160060365368,0.044719242991262904,0.06368946974741858,0.05138007711993645,0.05022664689277204,0.05963366737728354,0.08557190203494838,0.05118984674344718,0.057179581239078646,0.05394996929944399,0.04535643133756951,0.05289222859571089,0.05721918545988881,0.06639776664336773,0.060275237923749,0.05711559557108816,0.05887583133280381,0.05781713227005557,0.05892419657982523,0.06153142878474982,0.057526339822081,0.03268336396187451,0.038720419091342335,0.06572116630500399,0.055506477561556786,0.07429748213026212,0.03627480030976967,0.05148364821763302,0.05506352688006354,0.05384598503574264,0.059761842997617144,0.05024673708339953,0.05264718100079428,0.04932759141223191,0.052476523429706094,0.04722784584590945,0.05655205339793487,0.05409930134868944,0.057163826150913415,0.062475655289912606,0.050690691166004755,0.048181093969817304,0.054579146929308986,0.05172679980142968,0.04637592929944399
MedEq,0.032292501278792685,0.023652903931691813,0.036901464567116744,0.024389471818903892,0.02699528625893566,0.03690982930103257,0.04837970864177918,0.03926712102462271,0.03969007708498809,0.044262485766481334,0.05118984674344718,0.05190441162033361,0.05295037796664018,0.04382869586973788,0.0376828603415409,0.04045140059571089,0.04397706345512312,0.05066737301032565,0.04835899065131057,0.0429542246544877,0.04713844651310563,0.04826397131056394,0.04607366723590149,0.047369695949166006,0.045956824861000806,0.02738346486100078,0.029392914710087373,0.053223384328832404,0.04850707007942813,0.060250081548848304,0.02535701897537729,0.04115178388403495,0.041683809793486896,0.04346854322478156,0.04713709208101667,0.04317008173153295,0.04562060339952344,0.04110182768864178,0.0406561105401112,0.0349945077045274,0.04281212792692612,0.04214752820492454,0.042525207069102455,0.043705247013502785,0.03766808628276409,0.035212146767275625,0.04368319444003177,0.04079120833200952,0.038578514487688634
Drugs,0.03523884252581414,0.02537677701350278,0.04077212563939635,0.024796907990468627,0.028023987831612387,0.04316221243844321,0.0515724554725973,0.04048376783161239,0.04327748868943605,0.04544500165210483,0.057179581239078646,0.05295037796664018,0.0768944785067514,0.048492305766481336,0.0408866849404289,0.04304666721207308,0.04830529301032566,0.05522076219221603,0.0544329457505957,0.04797686487688642,0.052503504400317716,0.053184193105639405,0.05059824300238285,0.04948812133439237,0.05041982354249403,0.03297692721207308,0.03733828155679111,0.06082730759332804,0.05595807226370134,0.0671040166322478,0.025355123256552814,0.04536058622716441,0.04666669215250198,0.046805707005559964,0.0535161019062748,0.05115871739475773,0.05252816644956314,0.04583875777601271,0.04287310098490865,0.0370907888482923,0.04648924718030183,0.046250857744241446,0.04796193912629071,0.045148657458300226,0.03927362006354249,0.036971416775218424,0.04663495463065925,0.04514100633836378,0.043751601874503575
Chems,0.04263942644956316,0.03086145419857029,0.04254164597617157,0.030738697474185863,0.03220396861000794,0.042807295158061955,0.06006905382684669,0.052851336295472603,0.04994266081969816,0.05919525819857029,0.05394996929944399,0.04382869586973788,0.048492305766481336,0.06839318753931689,0.046859713483717244,0.05397030334233518,0.059112035167593314,0.0658371546115965,0.07040624403812548,0.0598944075107228,0.0645002677299444,0.05917903411596504,0.06397370560444796,0.06212096651310563,0.06211717844638601,0.03576410890548053,0.034913049169181885,0.07434813783320095,0.07155905355043686,0.08806006232565529,0.033621660000000005,0.05138383476092137,0.05363369520889596,0.053350563780778404,0.05675014843208895,0.0455569509706116,0.052628637521842735,0.04710129654646545,0.057968954354249404,0.0521303670214456,0.05950821645115171,0.05664377462430499,0.05484377872597298,0.05528631699761716,0.054089277277204126,0.04696151684829229,0.055077832038125496,0.05173591038919779,0.044098888921366174
Rubbr,0.03446026761715648,0.025785271420174737,0.03432839776171565,0.025234123733121516,0.028579970611596513,0.036421343814138196,0.0480909222907069,0.043564916440031756,0.04172031921048451,0.04836806064813343,0.04535643133756951,0.0376828603415409,0.0408866849404289,0.046859713483717244,0.060073339251787136,0.04254795948689436,0.047541533755361416,0.05539772227799842,0.05356973369499603,0.049388683501191424,0.04994564182366958,0.047127018567116756,0.05006343062589356,0.048575535186656076,0.04984813217791898,0.0306885884638602,0.02340895673709293,0.05575140774106433,0.05313938262907069,0.06523307392692612,0.02715097174741858,0.041655587483717234,0.0453426147847498,0.04341564212867355,0.046392521396346295,0.03738875742335186,0.04174195577442414,0.03751046411119937,0.045964492808578235,0.03995886567116759,0.04486486579507544,0.04536087574741858,0.044677882786338365,0.04627772521842732,0.04339595592216044,0.0374353172327244,0.04465979854487689,0.0413183797220016,0.03580862220492454
Txtls,0.04102383046068308,0.028891859566322467,0.039919079544082595,0.03046118886417791,0.03156808012708498,0.04071824545353455,0.059570665331215245,0.05338778496743447,0.04822548490706911,0.060911231412231925,0.05289222859571089,0.04045140059571089,0.04304666721207308,0.05397030334233518,0.04254795948689436,0.08423991080381253,0.05558965041620334,0.06263411171088164,0.0636304217680699,0.05781941215567911,0.05816108454964256,0.055160557591739455,0.05943647348212867,0.06079697741064337,0.058211779726767277,0.031199750014297055,0.029666235231135832,0.06272822042732326,0.059792609301032563,0.07335513847656867,0.03364383181096107,0.049741476922954726,0.05288738783320096,0.05087072352660842,0.05307539319618746,0.04082744107069103,0.04760214671961874,0.042361740864177905,0.05624894527243844,0.04710277944400317,0.056463709760127094,0.05339372322319299,0.054451108247815724,0.05609275459094519,0.0539706040333598,0.04500976323113582,0.052928357159650524,0.04960186691818903,0.04139553479586973
BldMt,0.04247457455917395,0.031211387289912625,0.04311503290071484,0.030427793502779993,0.03512231208895948,0.04286144643526609,0.061427112473391575,0.054738656201747414,0.051093220973788725,0.06202223767752186,0.05721918545988881,0.04397706345512312,0.04830529301032566,0.059112035167593314,0.047541533755361416,0.05558965041620334,0.06969212654328832,0.07179889546306588,0.06800982008101664,0.06108358316759332,0.0636176445242256,0.05944391874185861,0.0641010449229547,0.06426312374900715,0.06280541935822082,0.0362809489404289,0.03195608817474186,0.07132404288006355,0.06532969166799045,0.07994257908975376,0.035220134130262114,0.05163188270214456,0.05525086466560763,0.05414816924543288,0.05696197346942018,0.045573449687053215,0.05160252047656869,0.04728591002065131,0.05761792098967435,0.051902972549642566,0.0592187436664019,0.05673452187926925,0.05734264237331214,0.058355579197776015,0.055935757193010326,0.04885798760603653,0.05611545786179508,0.05295828402700554,0.04375081829706116
Cnstr,0.04801261828435266,0.03426126690071485,0.048006220343129465,0.03441494843526608,0.03971357880857824,0.049993367761715646,0.07246651166322478,0.06105118493089752,0.05889727154567116,0.07111006218903891,0.06639776664336773,0.05066737301032565,0.05522076219221603,0.0658371546115965,0.05539772227799842,0.06263411171088164,0.07179889546306588,0.09601336324702144,0.0752262769277204,0.06479013887847498,0.07068386940111199,0.06706149357903099,0.07257893924384434,0.07375552063542494,0.07035633419539317,0.03854226187132646,0.03639074074027007,0.07903063148212867,0.06901992640190627,0.08769392883558379,0.03873764401906276,0.05810671877045273,0.06309167450675139,0.06149526236695791,0.06603015398570293,0.05260792179189832,0.05853822014297062,0.05374897748689435,0.0646346408864178,0.056972690706910245,0.06585693383320093,0.06413943586656078,0.06672267832247815,0.0701468237807784,0.060896797645750594,0.05393972363463064,0.06541073487529786,0.05873569548848292,0.049655845731532956
Steel,0.04803567138204924,0.033890760128673536,0.046762309911040516,0.03376664325655281,0.037450160349483716,0.046946791658459094,0.06769199707386814,0.0634061390325655,0.05674102579348689,0.06981669881175537,0.060275237923749,0.04835899065131057,0.0544329457505957,0.07040624403812548,0.05356973369499603,0.0636304217680699,0.06800982008101664,0.0752262769277204,0.10021719075297852,0.07462748336139796,0.07500541717553616,0.06629707712787927,0.07388752025575855,0.07264879710881653,0.07324133651151707,0.04243293966957904,0.0410542365274027,0.0903986925607625,0.08903786613979346,0.10395860826528991,0.036856288522637025,0.05916381804447973,0.06276411655758538,0.060930430818109615,0.06411909753931691,0.04854978163939634,0.058267027672756155,0.05153402408578236,0.0673333290500397,0.059189435742652896,0.06985655777918982,0.06661094773153299,0.06427318533121525,0.06385725619539316,0.06575692360127086,0.05437493677839553,0.06126503357585386,0.06012640687053217,0.04791830847021444
FabPr,0.043258953836378074,0.0301351455822081,0.03920548332962669,0.031226696425734706,0.03301894751389992,0.03907218887370929,0.05686126305321685,0.05641995254011118,0.04947138994122319,0.0619977194725973,0.05711559557108816,0.0429542246544877,0.04797686487688642,0.0598944075107228,0.049388683501191424,0.05781941215567911,0.06108358316759332,0.06479013887847498,0.07462748336139796,0.12199245620969022,0.06619695753455124,0.06141091842414616,0.0656309615313741,0.0630668223669579,0.06454998000953135,0.03694816687529786,0.03254010467990469,0.07362153605718824,0.07391737324861,0.08856245939952345,0.03522089509134234,0.05168074099444004,0.056899567453534555,0.05406200768864178,0.05534928547100872,0.04192462978236697,0.05222251644162034,0.046338895167593326,0.058762866795869714,0.05262961753772836,0.061808556676727563,0.05719039079904687,0.05460953236536933,0.05655058875297854,0.06017132128355836,0.04948018825734711,0.05412534675774423,0.05281864555996822,0.044791130783161257
Mach ,0.044841785544082594,0.03233896754249405,0.04515284316441621,0.03163002277998411,0.03535366494042891,0.04517360389515488,0.06444083044320889,0.05730632585861794,0.05299338750754568,0.06458037829388404,0.05887583133280381,0.04713844651310563,0.052503504400317716,0.0645002677299444,0.04994564182366958,0.05816108454964256,0.0636176445242256,0.07068386940111199,0.07500541717553616,0.06619695753455124,0.07236922188403495,0.06357643954884827,0.06852808185544085,0.06831121245432885,0.06654807684193802,0.03796114963621922,0.03318171309293089,0.07770311046227167,0.07494432937251785,0.09557079269896745,0.03556657172359015,0.05492826756473392,0.05822568474027006,0.057327063351866554,0.06106435121207307,0.0486962617251787,0.05678385874503574,0.05125816545830023,0.061302166474980144,0.05469359704527401,0.0639440298903892,0.06062974480698967,0.05879675810643366,0.06071704629070693,0.05889224167752184,0.05077661308339952,0.058589199599682264,0.056082280031771264,0.046887464457505953
ElcEq,0.04092876571882446,0.030595156613185074,0.0463118772867355,0.030575391898332013,0.03253434462271645,0.04540748122637014,0.0614544970675139,0.05293000010802222,0.05058866836536933,0.05900139227323273,0.05781713227005557,0.04826397131056394,0.053184193105639405,0.05917903411596504,0.047127018567116756,0.055160557591739455,0.05944391874185861,0.06706149357903099,0.06629707712787927,0.06141091842414616,0.06357643954884827,0.08188569413185066,0.06413676979825257,0.06266855208895947,0.061614386135027795,0.03653638347259729,0.03344296843844321,0.07388129600635424,0.06473979307386815,0.0811513100301827,0.03304071021445592,0.052555003005559965,0.05599359844956314,0.0543223158061954,0.05815950536616359,0.04841941702303415,0.05613916517871327,0.04997885638760921,0.055529029000794275,0.047609824718030186,0.05712599414773628,0.05572573911993645,0.05627529882128673,0.05680398309769658,0.052548875227958695,0.045905451240667194,0.05601656547736297,0.05159709150119142,0.04651135811914217
Autos,0.04424095781572676,0.031249831420174748,0.04467702521207307,0.030894366115965063,0.0341864474344718,0.048047662765687046,0.06673453353772835,0.05883646023669578,0.054915689091342326,0.06756914935345511,0.05892419657982523,0.04607366723590149,0.05059824300238285,0.06397370560444796,0.05006343062589356,0.05943647348212867,0.0641010449229547,0.07257893924384434,0.07388752025575855,0.0656309615313741,0.06852808185544085,0.06413676979825257,0.08044647526449561,0.06772379415409055,0.06778523089118345,0.03755540492136616,0.03042299943764893,0.07516201971882448,0.07092242869737889,0.08827692005877678,0.03219538839555202,0.054692677364575046,0.059131031178713274,0.0572879550754567,0.06224965000635425,0.04765517438919777,0.05532047247021445,0.04936546909928513,0.06329213328514695,0.0547562973788721,0.06429022814614772,0.06031148769340745,0.06258255471644163,0.06284199587768069,0.057924190235107226,0.0492760968355838,0.05969879590786339,0.05558792990468624,0.04601131774106434
Aero ,0.045544103288324055,0.031133653153296262,0.04412090741858617,0.033810464114376486,0.03612842888006355,0.04369604397140589,0.07342558014297061,0.05971698538522636,0.05406514878474979,0.06868456473391579,0.06153142878474982,0.047369695949166006,0.04948812133439237,0.06212096651310563,0.048575535186656076,0.06079697741064337,0.06426312374900715,0.07375552063542494,0.07264879710881653,0.0630668223669579,0.06831121245432885,0.06266855208895947,0.06772379415409055,0.0983596540111199,0.06652674049245433,0.03582894513105638,0.02956305674344718,0.07369496193804609,0.0670884010166799,0.0916284809531374,0.0368303461477363,0.05673786274821287,0.06196049191421764,0.060416393836378056,0.06084818637013504,0.048293859761715636,0.05492183456711675,0.05011586131850675,0.0619768131850675,0.05433164292295471,0.06527941760127083,0.0615019743288324,0.05847299472597299,0.0697634496584591,0.061383526481334404,0.05275893518665606,0.06229398703733121,0.05813693213661635,0.04812211517077046
Ships,0.045229855679110406,0.030917676419380462,0.043172355606036536,0.032548779380460684,0.03372190532168387,0.04722050210325656,0.06376265272120728,0.05744278790468626,0.0546536322192216,0.06589875897061159,0.057526339822081,0.045956824861000806,0.05041982354249403,0.06211717844638601,0.04984813217791898,0.058211779726767277,0.06280541935822082,0.07035633419539317,0.07324133651151707,0.06454998000953135,0.06654807684193802,0.061614386135027795,0.06778523089118345,0.06652674049245433,0.09094387184114376,0.04066168240190628,0.029321720006354253,0.07466135628594121,0.07577094498808576,0.08787519774106435,0.03536240554408262,0.05497297701985704,0.05982912768546467,0.05596692759332805,0.058710068190627476,0.046714283355043684,0.05231560708498808,0.047132491170770445,0.06111088314853056,0.053486036949960285,0.0635781384146148,0.05960848276727561,0.06188462896902303,0.059958948768864186,0.05878207358538522,0.049983793347100874,0.05773736771405878,0.05444181593328038,0.04491145968546465
Guns ,0.025131498474980144,0.021363819917394757,0.0289896472152502,0.018403781254964256,0.02237844619539317,0.0306099335694996,0.030817015955520246,0.03175578655758539,0.032620940438443206,0.0355176196282764,0.03268336396187451,0.02738346486100078,0.03297692721207308,0.03576410890548053,0.0306885884638602,0.031199750014297055,0.0362809489404289,0.03854226187132646,0.04243293966957904,0.03694816687529786,0.03796114963621922,0.03653638347259729,0.03755540492136616,0.03582894513105638,0.04066168240190628,0.060463576292295464,0.02650727191739476,0.04111560884193804,0.044170668673550434,0.045867098862589356,0.021609893423351866,0.031798519685464655,0.033401473159650516,0.0318497205401112,0.03497600082287529,0.031437290065131046,0.03325923402700557,0.028454115990468626,0.03417157773788721,0.031082381127879265,0.034509371463065916,0.03397702733280381,0.03588062921048451,0.029488823335980942,0.030583093226370133,0.028270836721207303,0.030542701871326447,0.030238991914217625,0.02627332139158061
Gold ,0.02001169930103257,0.021163222408260532,0.029630832333598093,0.02099418004765687,0.02736962992851469,0.02925923941858618,0.029211731513899924,0.024015832384432084,0.027479246325655286,0.02259475074185862,0.038720419091342335,0.029392914710087373,0.03733828155679111,0.034913049169181885,0.02340895673709293,0.029666235231135832,0.03195608817474186,0.03639074074027007,0.0410542365274027,0.03254010467990469,0.03318171309293089,0.03344296843844321,0.03042299943764893,0.02956305674344718,0.029321720006354253,0.02650727191739476,0.22158588061000795,0.058039824752978565,0.04523326441620335,0.05239296431771246,0.026557844654487687,0.0287624211183479,0.025558463094519458,0.02839868864177919,0.03229432861953931,0.02967085669896744,0.032845483844320886,0.0274976459285147,0.026567760924543295,0.02535326563939634,0.028189358907069098,0.03177748762827641,0.025961537594916605,0.02706591388403495,0.0208942781604448,0.021980541274027,0.03163242429864973,0.02666515982525814,0.03177489056711675
Mines,0.051175293304209696,0.03428458718506751,0.04769237149642573,0.03476619547259731,0.04050035761715645,0.05059648727084987,0.07299531605083398,0.061404712046068316,0.05747295888959493,0.06918954603018267,0.06572116630500399,0.053223384328832404,0.06082730759332804,0.07434813783320095,0.05575140774106433,0.06272822042732326,0.07132404288006355,0.07903063148212867,0.0903986925607625,0.07362153605718824,0.07770311046227167,0.07388129600635424,0.07516201971882448,0.07369496193804609,0.07466135628594121,0.04111560884193804,0.058039824752978565,0.12865526451310566,0.09943445381254963,0.12365359380301824,0.03644779060365369,0.06211807292613186,0.06428305100714854,0.06351584975377284,0.06696983093407466,0.053965077658459086,0.062372245972994435,0.056019054274821276,0.06717067752343131,0.058847515806195384,0.07120415222557584,0.0683054901683876,0.0646023960889595,0.06556028930103257,0.06417601097855441,0.0536132347037331,0.06569976357108817,0.061394521596505165,0.053367475656870535
Coal ,0.048281606250992835,0.03339131635424941,0.04705380477362986,0.03385178098490865,0.037537552756155675,0.04818586939634631,0.0651657909610802,0.06417771209690229,0.05717090777601269,0.06516493421763304,0.055506477561556786,0.04850707007942813,0.05595807226370134,0.07155905355043686,0.05313938262907069,0.059792609301032563,0.06532969166799045,0.06901992640190627,0.08903786613979346,0.07391737324861,0.07494432937251785,0.06473979307386815,0.07092242869737889,0.0670884010166799,0.07577094498808576,0.044170668673550434,0.04523326441620335,0.09943445381254963,0.20678626642573464,0.12665720663224778,0.037921551397934856,0.06088154725178713,0.06361243873709292,0.0601508180460683,0.06191587273232724,0.04882167830023828,0.05861940295472597,0.049304714710087356,0.06644948966640189,0.057495404416203336,0.06928084821286737,0.0656542605321684,0.06263131089753772,0.05770037679904686,0.06408847249404288,0.05218721078633835,0.0592427374424146,0.059579608332009516,0.04799689513899921
Oil  ,0.059528663216838765,0.03957024190150914,0.05094642902779983,0.03890128115965051,0.04378262935663223,0.05789271341223194,0.0903588082700556,0.07570418410961079,0.06715238721048454,0.08507914067355045,0.07429748213026212,0.060250081548848304,0.0671040166322478,0.08806006232565529,0.06523307392692612,0.07335513847656867,0.07994257908975376,0.08769392883558379,0.10395860826528991,0.08856245939952345,0.09557079269896745,0.0811513100301827,0.08827692005877678,0.0916284809531374,0.08787519774106435,0.045867098862589356,0.05239296431771246,0.12365359380301824,0.12665720663224778,0.22969319525178714,0.04674363476568705,0.07531030716918188,0.07951172645115169,0.07465277540905477,0.07526365854964256,0.05835349311199366,0.0686541875456712,0.0601553043590151,0.08077317637648929,0.06603945998411437,0.08779652097537728,0.0818182578061954,0.07525333414138205,0.08184781149324863,0.07907712689277205,0.06401977530420969,0.07545269514217633,0.0725377302700556,0.062296729807783974
Util ,0.028203069745830027,0.02552980596505164,0.030143106743447175,0.024399284082605242,0.028534338872120733,0.024335852382843522,0.0355625715488483,0.033619393415409066,0.030767868586179505,0.03653210359015091,0.03627480030976967,0.02535701897537729,0.025355123256552814,0.033621660000000005,0.02715097174741858,0.03364383181096107,0.035220134130262114,0.03873764401906276,0.036856288522637025,0.03522089509134234,0.03556657172359015,0.03304071021445592,0.03219538839555202,0.0368303461477363,0.03536240554408262,0.021609893423351866,0.026557844654487687,0.03644779060365369,0.037921551397934856,0.04674363476568705,0.041949486886417794,0.03339255295472598,0.03428913953137411,0.03248261413820491,0.03233240828435266,0.026063757092930892,0.028239779952343138,0.027539282716441627,0.034367826266878475,0.03474035742652897,0.03437067359809372,0.03338663954725972,0.032674016187450354,0.03556492849086576,0.03622164769658458,0.03447804824463861,0.03494335825258143,0.03220471293884034,0.028008982065131055
Telcm,0.03907718493248611,0.030560919874503576,0.041434896344718024,0.029440857362986506,0.03294338792692612,0.04095361631294677,0.05714727354725972,0.05047649264654488,0.046754693783955505,0.05435973484034947,0.05148364821763302,0.04115178388403495,0.04536058622716441,0.05138383476092137,0.041655587483717234,0.049741476922954726,0.05163188270214456,0.05810671877045273,0.05916381804447973,0.05168074099444004,0.05492826756473392,0.052555003005559965,0.054692677364575046,0.05673786274821287,0.05497297701985704,0.031798519685464655,0.0287624211183479,0.06211807292613186,0.06088154725178713,0.07531030716918188,0.03339255295472598,0.05895256822716441,0.051407259242255754,0.048932534424146135,0.05140953445750594,0.04210923825575856,0.04641209394757745,0.04133293051945989,0.051356322695790324,0.04535787345512313,0.05291122507069103,0.05076720914535345,0.05214567105003972,0.05310737266878475,0.049788301774424136,0.04378382672279588,0.049863154973788716,0.047247787172359015,0.040991724768864195
PerSv,0.04103113957903097,0.030674765761715655,0.041168029456711684,0.02995814546465449,0.032974731469420177,0.04333897125178713,0.06257816582366957,0.05316534152025415,0.04936110999046862,0.06067708189674342,0.05506352688006354,0.041683809793486896,0.04666669215250198,0.05363369520889596,0.0453426147847498,0.05288738783320096,0.05525086466560763,0.06309167450675139,0.06276411655758538,0.056899567453534555,0.05822568474027006,0.05599359844956314,0.059131031178713274,0.06196049191421764,0.05982912768546467,0.033401473159650516,0.025558463094519458,0.06428305100714854,0.06361243873709292,0.07951172645115169,0.03428913953137411,0.051407259242255754,0.06896814883399519,0.05250268676727562,0.05482526399841142,0.04381026311993646,0.047906710818109606,0.04336540110246227,0.05448723761556791,0.046219517299444006,0.05665655506592533,0.05375332514535344,0.05629289414138203,0.05951820718824464,0.05372373364416199,0.04679375239714057,0.053269601925337556,0.050130211810961084,0.04243033937092931
BusSv,0.03873476714853057,0.02867163002382843,0.04102919158061953,0.028762036378077845,0.03176972587768069,0.0409852874344718,0.059501773979348686,0.050902026814932486,0.04704681992057188,0.05719674150913423,0.05384598503574264,0.04346854322478156,0.046805707005559964,0.053350563780778404,0.04341564212867355,0.05087072352660842,0.05414816924543288,0.06149526236695791,0.060930430818109615,0.05406200768864178,0.057327063351866554,0.0543223158061954,0.0572879550754567,0.060416393836378056,0.05596692759332805,0.0318497205401112,0.02839868864177919,0.06351584975377284,0.0601508180460683,0.07465277540905477,0.03248261413820491,0.048932534424146135,0.05250268676727562,0.05514944953137411,0.05443401966640191,0.04555022789515488,0.04937263015091342,0.044306222398729146,0.052047611723590154,0.045349685242255744,0.05428486424146147,0.05172893880857823,0.051911538268467027,0.05610215145353456,0.0510428143288324,0.04493181537728356,0.0524351669579031,0.049385877426528973,0.04266826290706911
Hardw,0.04009594231135821,0.030416451722001595,0.0453244948864178,0.030162078840349486,0.032581444193804605,0.048030236649721995,0.06360282901032566,0.05207670020492453,0.05047200883717236,0.05999663160921368,0.059761842997617144,0.04713709208101667,0.0535161019062748,0.05675014843208895,0.046392521396346295,0.05307539319618746,0.05696197346942018,0.06603015398570293,0.06411909753931691,0.05534928547100872,0.06106435121207307,0.05815950536616359,0.06224965000635425,0.06084818637013504,0.058710068190627476,0.03497600082287529,0.03229432861953931,0.06696983093407466,0.06191587273232724,0.07526365854964256,0.03233240828435266,0.05140953445750594,0.05482526399841142,0.05443401966640191,0.07301278598729148,0.0521490862239873,0.05709649143764892,0.049989864460683084,0.05359882990150912,0.04716432171564735,0.056930782268467026,0.054155215477362996,0.05612092053057983,0.05906723022239874,0.050567631220015896,0.04578153775694995,0.05521382316759332,0.05201913667196187,0.04484373546942017
Softw,0.031832644209690224,0.02512981442096902,0.03927413814455917,0.026613040857823664,0.027061320857823673,0.04187325700079427,0.050927373382049244,0.03817580962351072,0.040886296657664814,0.04586935865925337,0.05024673708339953,0.04317008173153295,0.05115871739475773,0.0455569509706116,0.03738875742335186,0.04082744107069103,0.045573449687053215,0.05260792179189832,0.04854978163939634,0.04192462978236697,0.0486962617251787,0.04841941702303415,0.04765517438919777,0.048293859761715636,0.046714283355043684,0.031437290065131046,0.02967085669896744,0.053965077658459086,0.04882167830023828,0.05835349311199366,0.026063757092930892,0.04210923825575856,0.04381026311993646,0.04555022789515488,0.0521490862239873,0.05294250223351865,0.049310474344718025,0.0435061326703733,0.04061600331374106,0.03666915936457506,0.044088551478951535,0.04315423378236696,0.04483684500079429,0.045681883002382837,0.03732875985067513,0.036476252352660846,0.04451516925814138,0.04257632230341541,0.03890781616521049
Chips,0.035671950309769655,0.027180647084988088,0.04145774773629866,0.027831180619539316,0.02954119310563939,0.04327154764098492,0.05345935625099283,0.044509639682287536,0.04512162090548055,0.051141009340746627,0.05264718100079428,0.04562060339952344,0.05252816644956314,0.052628637521842735,0.04174195577442414,0.04760214671961874,0.05160252047656869,0.05853822014297062,0.058267027672756155,0.05222251644162034,0.05678385874503574,0.05613916517871327,0.05532047247021445,0.05492183456711675,0.05231560708498808,0.03325923402700557,0.032845483844320886,0.062372245972994435,0.05861940295472597,0.0686541875456712,0.028239779952343138,0.04641209394757745,0.047906710818109606,0.04937263015091342,0.05709649143764892,0.049310474344718025,0.05970121620333596,0.04876043752184274,0.04758002907069101,0.04257495078633838,0.050297727021445596,0.04897559866560761,0.048941436028594104,0.048889704590945174,0.04416305394757744,0.04007977982525815,0.04939805175536139,0.047370849340746625,0.041527981191421766
LabEq,0.032359126147736304,0.02501127519936458,0.03677606345035742,0.025239025321683872,0.0285445903415409,0.03744353820810166,0.04935506399364574,0.03931302760603654,0.04101325065289911,0.04640996981096109,0.04932759141223191,0.04110182768864178,0.04583875777601271,0.04710129654646545,0.03751046411119937,0.042361740864177905,0.04728591002065131,0.05374897748689435,0.05153402408578236,0.046338895167593326,0.05125816545830023,0.04997885638760921,0.04936546909928513,0.05011586131850675,0.047132491170770445,0.028454115990468626,0.0274976459285147,0.056019054274821276,0.049304714710087356,0.0601553043590151,0.027539282716441627,0.04133293051945989,0.04336540110246227,0.044306222398729146,0.049989864460683084,0.0435061326703733,0.04876043752184274,0.050029675990468626,0.04271078869896744,0.04013680632247816,0.04592250347259731,0.043773656244638595,0.043363826986497225,0.04455435023034152,0.03975754622081017,0.037472411145353456,0.04400547912311358,0.04266648243050039,0.03756315916759333
Paper,0.041524588474980126,0.03052566338840349,0.04076141027323273,0.030812220667196192,0.033313780365369326,0.04017453802541701,0.06090244983955521,0.05641199781254965,0.04958236116123907,0.06160150123272441,0.052476523429706094,0.0406561105401112,0.04287310098490865,0.057968954354249404,0.045964492808578235,0.05624894527243844,0.05761792098967435,0.0646346408864178,0.0673333290500397,0.058762866795869714,0.061302166474980144,0.055529029000794275,0.06329213328514695,0.0619768131850675,0.06111088314853056,0.03417157773788721,0.026567760924543295,0.06717067752343131,0.06644948966640189,0.08077317637648929,0.034367826266878475,0.051356322695790324,0.05448723761556791,0.052047611723590154,0.05359882990150912,0.04061600331374106,0.04758002907069101,0.04271078869896744,0.07073084786497218,0.052661689563145334,0.058048010811755334,0.05584706333756949,0.055714142649722014,0.057322482486100064,0.056544464878475,0.04782058895313741,0.054993883348689446,0.05009579678316124,0.04109155244797458
