,Agric,Food ,Soda ,Beer ,Smoke,Toys ,Fun  ,Books,Hshld,Clths,Hlth ,MedEq,Drugs,Chems,Rubbr,Txtls,BldMt,Cnstr,Steel,FabPr,Mach ,ElcEq,Autos,Aero ,Ships,Guns ,Gold ,Mines,Coal ,Oil  ,Util ,Telcm,PerSv,BusSv,Hardw,Softw,Chips,LabEq,Paper,Boxes,Trans,Whlsl,Rtail,Meals,Banks,Insur,RlEst,Fin  ,Other
Agric,0.05011012183637808,0.025375487199364572,0.03242345882128674,0.024208073073868155,0.02833822368864178,0.03049616297378873,0.046933298973788715,0.04012564499444003,0.0370927374297061,0.04603764484193805,0.040499893572676735,0.03247374049880859,0.034936483844320895,0.043215358843526605,0.03426800989356632,0.041547144991262906,0.04280704695790309,0.04855790086735502,0.04866616257347101,0.04257677167275616,0.04496636988721209,0.04118219942811755,0.04479971182208103,0.04662493160921365,0.04516840876250993,0.02534307281969816,0.021341927701350287,0.051119504997617166,0.047924157648927726,0.05960110984590946,0.02862792560444797,0.039287879803018275,0.04107910737410642,0.039246101629864964,0.0402886748911835,0.03170191285146941,0.03576087209531374,0.032330724447974586,0.04161290230976965,0.037325256076251,0.04304068632883241,0.04191024511517077,0.041860012727561555,0.043672461795075466,0.042721968845115164,0.03592039134551231,0.04143233540270055,0.038367524810166795,0.031378211672756146
Food ,0.025375487199364572,0.030208713111993656,0.03011747719777602,0.021025175885623512,0.025153372270055593,0.02551201138046068,0.03214352347577441,0.029428322745035745,0.029844827933280388,0.03204021651469421,0.031530365699761705,0.023866638042891172,0.025974633645750603,0.03153309096743448,0.02590340755520254,0.029738793016679903,0.03169624108022239,0.0348577024813344,0.03495125556791103,0.030134792940428916,0.03283964643050039,0.031186944400317718,0.031921235685464656,0.032125718373312157,0.03147243223510721,0.02143789315329627,0.020961904679904674,0.035177477604447976,0.03388814630659252,0.040777381534551224,0.025576844854646546,0.030914359415409053,0.03109314427958699,0.028995547787132637,0.030677794770452734,0.0251865082446386,0.027312077089753767,0.02500946964257347,0.030861920235107226,0.02925637448768865,0.030972070799046857,0.03088541699761717,0.03236318243685464,0.03055173274027005,0.03011166353613979,0.028342164104845108,0.029864757636219225,0.028567577976171557,0.024446248031771242
Soda ,0.03242345882128674,0.03011747719777602,0.09771701099126288,0.028479040420969024,0.030331223115170763,0.04089727989038919,0.049637723656870525,0.03943051356949961,0.04337069404447974,0.04397449197617156,0.044780487969817304,0.038818911782366954,0.042886286497220025,0.044643630716441625,0.0349692526115965,0.04194899221763303,0.04455835805401112,0.04936736338840349,0.0488425104130262,0.040069640276409864,0.047127472243050056,0.048035441294678315,0.04676507479110407,0.04662839891818903,0.045240395866560784,0.029978311842732322,0.031965503548848286,0.0504360778522637,0.0493662609372518,0.054452274335186644,0.029826008020651308,0.04312907331691818,0.041818966268467025,0.042436295667990453,0.04716853076568705,0.04076884258935663,0.04341190813661636,0.037867236791104035,0.04177740670691024,0.03799873029388405,0.04403640063065926,0.04223097747418586,0.04605566526767274,0.04456991022239874,0.03948788526449563,0.03668376461636219,0.044195331895154885,0.03991605597934869,0.037444391539316904
Beer ,0.024208073073868155,0.021025175885623512,0.028479040420969024,0.044968510301826844,0.023849094368546465,0.024610675814138203,0.03439191340746624,0.02816770843526608,0.027539567458300242,0.032356993939634635,0.03140496907863385,0.024725753335980937,0.02562279731532963,0.031259509197775995,0.02515461341540904,0.03065989241461477,0.030843198006354235,0.03491049308181096,0.03429660304209691,0.03165360408260525,0.03196543548054011,0.03072778806195393,0.031299500325655275,0.03470403934074662,0.03298589647339158,0.01910184072279588,0.023300009372517878,0.035393765909451945,0.034300724162033364,0.039899727895154884,0.024624512049245425,0.03001095751389992,0.030222195281969816,0.029126749936457495,0.030632521548848303,0.026698561699761723,0.028046278792692617,0.02538507431294678,0.03080228989674344,0.028354798379666403,0.03113423341540905,0.030390576330420964,0.030536307116759337,0.032241186521048446,0.029198142001588562,0.02761038231930104,0.03026593922160445,0.02857031962668785,0.024875953788721202
Smoke,0.02833822368864178,0.025153372270055593,0.030331223115170763,0.023849094368546465,0.06599358719459887,0.026539330324066725,0.03655218674821288,0.03255073173629865,0.03234993316759332,0.03822903077204129,0.03683080389674343,0.02657136492930898,0.02751239575853852,0.03269729516123907,0.029145861208895934,0.03183045790150913,0.03602347411437649,0.040544769971405874,0.037730716544876884,0.03266747911993646,0.03573109428594122,0.03234179745035744,0.03490802298490865,0.03710818854805402,0.035076059923749014,0.02272496925337569,0.026256432241461472,0.04042701657188245,0.03837962474980143,0.04468149459253377,0.028282163432883242,0.033457014673550424,0.033237239386814915,0.03187957408578237,0.03294748294360602,0.0267076983161239,0.02925176496902304,0.028149127434471805,0.033990082125496444,0.0332388111517077,0.03481982429388404,0.03394039847498014,0.03378283547895154,0.03636565268467036,0.03324729869102463,0.03196786175377282,0.03395618702462271,0.03189895286894361,0.027761312924543285
Toys ,0.03049616297378873,0.02551201138046068,0.04089727989038919,0.024610675814138203,0.026539330324066725,0.08136662211119937,0.05680385597776013,0.04190914727243845,0.04600713653534552,0.04781211296425734,0.04665136999682287,0.039242619925337584,0.045273867688641785,0.04493235565369341,0.03767194181254963,0.042426224573471005,0.04395063306592534,0.05143212441143764,0.04806214212073073,0.039579539231135816,0.04672364770929309,0.048875180039714056,0.05028572141223194,0.04549206232088959,0.04821250805718827,0.032278473463065935,0.031840710811755366,0.052827237254964236,0.050335912597299456,0.060372138373312144,0.024223574902303403,0.04275951719936458,0.04429899938681492,0.042747063013502756,0.04991739417474187,0.04393682295472596,0.04545257443685465,0.039151390246227165,0.040770532705321695,0.033914658681493244,0.0419691247545671,0.042769645464654484,0.052300886249404294,0.046213381898332025,0.035652685474185875,0.033820450697378865,0.04355143757267673,0.04035858540270054,0.03799802323431295
Fun  ,0.046933298973788715,0.03214352347577441,0.049637723656870525,0.03439191340746624,0.03655218674821288,0.05680385597776013,0.09921413972359015,0.06378403878633837,0.05765427872597299,0.07106122576965847,0.06551430367911039,0.05053084271008739,0.05376684895949166,0.06299457119618743,0.04940772997934868,0.06249045419857031,0.06331689783955517,0.07444134947418585,0.07042591505957112,0.05818329885941221,0.06654333799205718,0.06499105606036537,0.06907056307863381,0.076964334776807,0.06550806304050834,0.03241539845909451,0.034648654379666396,0.07663492073709294,0.06937445604447973,0.09518458105162825,0.03637020921683875,0.05966411207942809,0.06406827782049246,0.06158520599523431,0.06586279397299442,0.05308110081016678,0.05583834858776806,0.050763755552025405,0.06216282782525814,0.04945968085782368,0.06586432566481336,0.0611551285782367,0.06560807807466243,0.07855021177124702,0.06035523957426527,0.051703479631453525,0.06531649033200952,0.05870163209213661,0.0514982831008737
Books,0.04012564499444003,0.029428322745035745,0.03943051356949961,0.02816770843526608,0.03255073173629865,0.04190914727243845,0.06378403878633837,0.07778046528355836,0.04892905040190626,0.06151864271961874,0.051649094544876886,0.039678779405877676,0.03988596419380461,0.054008266192216055,0.0439658170166799,0.05503853430976964,0.05555638926131849,0.061526687281969826,0.06470627640984908,0.05631268345035743,0.05783917352819697,0.05424246557585386,0.059870136915011925,0.061406645166004775,0.05815901341382051,0.03288508571882446,0.026292037318506753,0.06253275263542495,0.06643885836378079,0.07873953231453533,0.03445027388721207,0.051430683914217616,0.05302347349960287,0.05160295708339953,0.052582576737092934,0.038110007148530585,0.0449202459666402,0.0394665166322478,0.0568991801683876,0.0465160675138999,0.05713894245591738,0.05393262522637013,0.05610108560444797,0.05930087307386816,0.05661461685782364,0.04627268039396347,0.05408062281810962,0.049477051679110394,0.04030031833518666
Hshld,0.0370927374297061,0.029844827933280388,0.04337069404447974,0.027539567458300242,0.03234993316759332,0.04600713653534552,0.05765427872597299,0.04892905040190626,0.056337440729150125,0.05754979685623512,0.0513203865655282,0.040668303976171556,0.043967809324861,0.05153295924384431,0.04250219332962668,0.05014655949007149,0.0524156527799841,0.06023495924861001,0.058210011239078624,0.049857875434471795,0.05415914329308977,0.05275732696584592,0.0564468914678316,0.056247997015091346,0.05538395673073867,0.0337739758776807,0.03016542004130263,0.05941115048768862,0.05868507275615565,0.06982919308339951,0.03152499325019856,0.048024085126290694,0.05007598089594918,0.04820361410166799,0.0517288812438443,0.041931349150119146,0.046530503396346325,0.04167877096108023,0.05041728901985704,0.04274608889594916,0.051073915080222396,0.04982154141382049,0.05556678947418586,0.05409483246227164,0.0473468104940429,0.042193777274027,0.04981173622239873,0.04592433197934869,0.03962505802382843
Clths,0.04603764484193805,0.03204021651469421,0.04397449197617156,0.032356993939634635,0.03822903077204129,0.04781211296425734,0.07106122576965847,0.06151864271961874,0.05754979685623512,0.09827184911675933,0.060774501631453516,0.04495479130579824,0.0457764409372518,0.061218125299443975,0.04919332133280381,0.06276567873073867,0.06371477177918983,0.07269518797934868,0.07189920293089752,0.06257454642414613,0.06597252418903893,0.06114683115965053,0.06922581010484515,0.07117357855281967,0.06679006344400316,0.03718289287529787,0.026706869585385224,0.07214981364257346,0.06754906751389991,0.08791540593169184,0.037630361952343136,0.05568078076727561,0.061127607030976965,0.05850156076727558,0.061415020837172374,0.04664825857029389,0.052522000813343905,0.04704695828435266,0.06255680451469417,0.05359562478157267,0.06446595278316124,0.06074292238284352,0.0704524431231136,0.07079502602859411,0.061535346805401125,0.052195386538522626,0.06129147048133439,0.05689546014138207,0.045746163135822075
Hlth ,0.040499893572676735,0.031530365699761705,0.044780487969817304,0.03140496907863385,0.03683080389674343,0.04665136999682287,0.06551430367911039,0.051649094544876886,0.0513203865655282,0.060774501631453516,0.0860045973169182,0.05259862363939633,0.05736819531374106,0.05464914193486894,0.04538983958220809,0.053421602196981756,0.05752848102462271,0.0665007736918189,0.06012931617950754,0.05666854043208895,0.059213608627482116,0.059499571382049254,0.059210522578236696,0.06285632387132643,0.057560388648133426,0.03284155522637012,0.04144312176648132,0.06630666914058778,0.05521758147736297,0.07485654935980936,0.036745131702938826,0.052404191928514685,0.05543546099761717,0.0544310475440826,0.06044910918347895,0.05134187251787134,0.05374148917553614,0.0501249637172359,0.05230017027164415,0.04670002351072279,0.05626102330579825,0.05448396924543289,0.05811265775694995,0.06346122054805399,0.05090957382366958,0.04832549016362193,0.05564128454964257,0.05199961143288325,0.0469466386370135
MedEq,0.03247374049880859,0.023866638042891172,0.038818911782366954,0.024725753335980937,0.02657136492930898,0.039242619925337584,0.05053084271008739,0.039678779405877676,0.040668303976171556,0.04495479130579824,0.05259862363939633,0.05437729050198569,0.054405159030976966,0.044645396231930104,0.037865515118347896,0.040749576700556005,0.044140158149324864,0.05082301758379664,0.048059776624304995,0.04251580098808578,0.04756037147100872,0.05012966795075457,0.046681138289118344,0.04838581700873709,0.04542822528038126,0.02760319168387609,0.03199127874821288,0.05326749792533756,0.04744434446386021,0.06105054265607625,0.02529080396664019,0.04207750937092931,0.04206166042573469,0.04444093299285147,0.048175477872915005,0.04475395623510723,0.04726834331374106,0.04226240359015091,0.0405253329404289,0.0341164565528197,0.042707471296266876,0.04257902999205719,0.04346722706592534,0.04464291216044482,0.0376769181604448,0.03538100164892772,0.04498064350119141,0.04130035651628276,0.039600423418586175
Drugs,0.034936483844320895,0.025974633645750603,0.042886286497220025,0.02562279731532963,0.02751239575853852,0.045273867688641785,0.05376684895949166,0.03988596419380461,0.043967809324861,0.0457764409372518,0.05736819531374106,0.054405159030976966,0.07582235561556792,0.04896844994440032,0.040591930722795884,0.043015047926926134,0.047594649197776014,0.05388159693407465,0.05286365380460685,0.045539130929308974,0.05180911572676728,0.05528699871326449,0.050216178538522636,0.04978885539316918,0.0486618447974583,0.03303287861795075,0.04205396511517078,0.06046369248610006,0.05274759621922162,0.06759060800635427,0.02558937545671167,0.04612688182684669,0.04613355755361398,0.04722788039714059,0.05349450924543289,0.05226237312152501,0.053501578332009525,0.04631095987291501,0.042198553868149316,0.03538749016679904,0.045537207450357414,0.04588096470214457,0.048019199904686255,0.045417963669579016,0.038606491882446387,0.036209592247815725,0.047429987799841145,0.04438823566322477,0.04439427650516284
Chems,0.043215358843526605,0.03153309096743448,0.044643630716441625,0.031259509197775995,0.03269729516123907,0.04493235565369341,0.06299457119618743,0.054008266192216055,0.05153295924384431,0.061218125299443975,0.05464914193486894,0.044645396231930104,0.04896844994440032,0.06945423171405878,0.04745604021604448,0.05569448010166799,0.05994441315329626,0.06646891823987292,0.07161860028594125,0.05934888488641779,0.06508695661318506,0.06152255685464653,0.06509245910087372,0.06402251433836378,0.06258142171882447,0.03671913242255758,0.03693300952501985,0.07585515385544084,0.07365914856235108,0.0899967207243844,0.03423713581572675,0.052502527421763305,0.05404289528832406,0.054244687485305816,0.057635292085782386,0.04604951815726767,0.05368820401588561,0.04729878014297061,0.05850278946465448,0.05178993769658458,0.0598727032692613,0.05758827758538521,0.056879885185067494,0.057161772708498794,0.05528501718189038,0.04762284725019858,0.05640160265607623,0.052366854354249405,0.04449205610166799
Rubbr,0.03426800989356632,0.02590340755520254,0.0349692526115965,0.02515461341540904,0.029145861208895934,0.03767194181254963,0.04940772997934868,0.0439658170166799,0.04250219332962668,0.04919332133280381,0.04538983958220809,0.037865515118347896,0.040591930722795884,0.04745604021604448,0.060172974136616354,0.043225189072279575,0.04786056084988085,0.05543550680381253,0.05421871409849087,0.04854555061795077,0.050141321901509134,0.0479586194678316,0.050624531280381246,0.04944310023669579,0.05027207554884828,0.03136339282764098,0.025516189331215244,0.05675255435742653,0.05381374640190627,0.0668001962732327,0.027550383397934867,0.04196803871803018,0.04515729602223986,0.04356001979825259,0.04679674598411438,0.03731983499602859,0.04180644939158062,0.03742473073868149,0.045844556889594906,0.03943956467037331,0.04512690925655282,0.04569620822875298,0.04595801319459889,0.047026876195393155,0.043810160784749794,0.037548616149324865,0.04512682946465448,0.04127634614614774,0.035924717734710086
Txtls,0.041547144991262906,0.029738793016679903,0.04194899221763303,0.03065989241461477,0.03183045790150913,0.042426224573471005,0.06249045419857031,0.05503853430976964,0.05014655949007149,0.06276567873073867,0.053421602196981756,0.040749576700556005,0.043015047926926134,0.05569448010166799,0.043225189072279575,0.08722865038760921,0.05684701351072283,0.06379419588085782,0.06541127954725971,0.0579274510341541,0.059151555111993645,0.05685107940428911,0.060718196344718034,0.06293781534710087,0.05908436975694995,0.03222265270055599,0.03374961193963462,0.06457672176648134,0.06302692003177124,0.07658260537887213,0.03470636443367752,0.05132733955043685,0.05319185022081016,0.051872666015885645,0.053891699289912616,0.04097598228752977,0.0482561648101668,0.04243297096108023,0.05699730188721207,0.04726797226370135,0.05755860086258935,0.054733932962668784,0.05615625025258141,0.058060301437648926,0.05539642094678315,0.046090626328832394,0.05427019131374107,0.050510563115170756,0.04172563911993646
BldMt,0.04280704695790309,0.03169624108022239,0.04455835805401112,0.030843198006354235,0.03602347411437649,0.04395063306592534,0.06331689783955517,0.05555638926131849,0.0524156527799841,0.06371477177918983,0.05752848102462271,0.044140158149324864,0.047594649197776014,0.05994441315329626,0.04786056084988085,0.05684701351072283,0.07056577130262114,0.07260493490865766,0.06880156347100873,0.060506881445591736,0.06405955797458299,0.060952331366163626,0.06500307657664812,0.0657281470293884,0.06318520665607626,0.03716228849086575,0.03476626783161238,0.07226135694996029,0.06585113458300237,0.08123173018268466,0.03607885951548849,0.05240749452740268,0.05504598673550437,0.05475461743447177,0.05772909757744242,0.045633988228752975,0.05215970703733123,0.04740030929308977,0.057997186735504365,0.0517642547418586,0.05971036089753771,0.057414892263701355,0.05895385510722794,0.059818967092930914,0.05691587988880064,0.049365565131056374,0.05724564927720411,0.053307824741858606,0.04373245618745034
Cnstr,0.04855790086735502,0.0348577024813344,0.04936736338840349,0.03491049308181096,0.040544769971405874,0.05143212441143764,0.07444134947418585,0.061526687281969826,0.06023495924861001,0.07269518797934868,0.0665007736918189,0.05082301758379664,0.05388159693407465,0.06646891823987292,0.05543550680381253,0.06379419588085782,0.07260493490865766,0.09683250606989673,0.07558925565528196,0.06395048546147737,0.0709052375520254,0.06860380239078633,0.07324703441938045,0.07507186890071484,0.0704315024082605,0.039212977275615554,0.03880759124384432,0.07991085213026212,0.06939644924543285,0.08828867408737094,0.03956711886100078,0.05866166070055597,0.06273437032883239,0.06195977776171567,0.06650195615409056,0.052580776473391565,0.05910656794916599,0.05380805223193009,0.06472473393804605,0.056529791485305764,0.06582755326290705,0.06467161416997616,0.06817302392692613,0.07151570544082603,0.061594207431294686,0.054077601782366945,0.06620840885782366,0.058736283801429694,0.04951060936934075
Steel,0.04866616257347101,0.03495125556791103,0.0488425104130262,0.03429660304209691,0.037730716544876884,0.04806214212073073,0.07042591505957112,0.06470627640984908,0.058210011239078624,0.07189920293089752,0.06012931617950754,0.048059776624304995,0.05286365380460685,0.07161860028594125,0.05421871409849087,0.06541127954725971,0.06880156347100873,0.07558925565528196,0.10039908434471802,0.07268939334392374,0.07518895945194601,0.06821554768069898,0.07490708247021444,0.07448135359015091,0.0733565128355838,0.04306430458300237,0.0418869241938046,0.0913370149324861,0.0919832272915012,0.1064851539158062,0.037420023502779974,0.05998418658459093,0.06232162343129465,0.06157560096108022,0.06445561679904686,0.04815054244638602,0.05865170065131056,0.05104564727561556,0.06799110546465448,0.05908485788721206,0.07021447468625892,0.06751863586973789,0.06602278393963462,0.06563053378077839,0.06694597247021447,0.054974748387609206,0.06260222557585385,0.06040353335186658,0.047650428737092916
FabPr,0.04257677167275616,0.030134792940428916,0.040069640276409864,0.03165360408260525,0.03266747911993646,0.039579539231135816,0.05818329885941221,0.05631268345035743,0.049857875434471795,0.06257454642414613,0.05666854043208895,0.04251580098808578,0.045539130929308974,0.05934888488641779,0.04854555061795077,0.0579274510341541,0.060506881445591736,0.06395048546147737,0.07268939334392374,0.11891498161080222,0.06507106602382842,0.061703531485305815,0.06529218434630658,0.06329315941858617,0.06299477164098492,0.03740136732327243,0.03351163597140588,0.07192854336457505,0.07151164330420968,0.08794311870373316,0.03573339592374901,0.05156383373788721,0.055103775434471806,0.05367315364257346,0.0550648291691819,0.04118908778395552,0.05166782111517078,0.04559198954725972,0.05781192284670372,0.05136458211278791,0.060632593045274026,0.056733178490865774,0.05534725654646543,0.057143834360603656,0.05991708524861,0.04917093073232725,0.05436664569976172,0.05193864688482923,0.04447945525655281
Mach ,0.04496636988721209,0.03283964643050039,0.047127472243050056,0.03196543548054011,0.03573109428594122,0.04672364770929309,0.06654333799205718,0.05783917352819697,0.05415914329308977,0.06597252418903893,0.059213608627482116,0.04756037147100872,0.05180911572676728,0.06508695661318506,0.050141321901509134,0.059151555111993645,0.06405955797458299,0.0709052375520254,0.07518895945194601,0.06507106602382842,0.07251785101032562,0.0652810415647339,0.06915532375377283,0.06957168399841145,0.066386161324861,0.038697507156473396,0.03621220256076249,0.0783511660746624,0.07541819272438442,0.09662735066243049,0.036139872481334386,0.055749799903097676,0.05783878693884035,0.057888779426529,0.06168299121683875,0.048805066195393175,0.057596931304209696,0.051381502684670365,0.06130088868308181,0.05393045023034157,0.06387154267037329,0.061088139729944375,0.06012628835266083,0.06206650718824464,0.05942816721525022,0.05096676990945193,0.059433353111993624,0.05617573578554409,0.0470555447212073
ElcEq,0.04118219942811755,0.031186944400317718,0.048035441294678315,0.03072778806195393,0.03234179745035744,0.048875180039714056,0.06499105606036537,0.05424246557585386,0.05275732696584592,0.06114683115965053,0.059499571382049254,0.05012966795075457,0.05528699871326449,0.06152255685464653,0.0479586194678316,0.05685107940428911,0.060952331366163626,0.06860380239078633,0.06821554768069898,0.061703531485305815,0.0652810415647339,0.08608409835583794,0.0664062422954726,0.06517975589356631,0.06275231671167592,0.03745119438443208,0.03875157550436855,0.07696771691818902,0.06602676190627484,0.0840298513582208,0.033199103423351854,0.05428808413820492,0.057082294694201736,0.055901296894360616,0.059821863455123116,0.05027546187450355,0.05876042668784749,0.05129403069102463,0.05598521999999999,0.04677899504368546,0.058103874829229546,0.056970949610802214,0.058768846370135026,0.05880117109610801,0.05372088976965845,0.046628406814932494,0.058248545289912634,0.05268711624305004,0.04792810746624304
Autos,0.04479971182208103,0.031921235685464656,0.04676507479110407,0.031299500325655275,0.03490802298490865,0.05028572141223194,0.06907056307863381,0.059870136915011925,0.0564468914678316,0.06922581010484515,0.059210522578236696,0.046681138289118344,0.050216178538522636,0.06509245910087372,0.050624531280381246,0.060718196344718034,0.06500307657664812,0.07324703441938045,0.07490708247021444,0.06529218434630658,0.06915532375377283,0.0664062422954726,0.08194787358061953,0.06944849684034948,0.06845508969340744,0.03881454350277998,0.03307409066878476,0.07649461870055599,0.07286107606036536,0.09078279336934071,0.03294018498967434,0.05565556121842733,0.05936983423987289,0.05791000240984908,0.06269647806671963,0.04740611070691024,0.05604909996505161,0.04940962141382047,0.06356260330103256,0.05389525458300237,0.0645222870262113,0.061205787069102464,0.06437163668625893,0.06428838636219221,0.059032069810961096,0.049816424740270045,0.06051615928832407,0.055818095156473395,0.04612209722954725
Aero ,0.04662493160921365,0.032125718373312157,0.04662839891818903,0.03470403934074662,0.03710818854805402,0.04549206232088959,0.076964334776807,0.061406645166004775,0.056247997015091346,0.07117357855281967,0.06285632387132643,0.04838581700873709,0.04978885539316918,0.06402251433836378,0.04944310023669579,0.06293781534710087,0.0657281470293884,0.07507186890071484,0.07448135359015091,0.06329315941858617,0.06957168399841145,0.06517975589356631,0.06944849684034948,0.10088187656711675,0.06802171494519459,0.03691381598888005,0.03302155057029388,0.07617942774900711,0.06907532949960284,0.09526707792533755,0.03799345612231929,0.058353390552819684,0.06242802977918981,0.06175639330103254,0.06241694401429706,0.049151401858617945,0.05636531572994438,0.05055174386020651,0.0630352155393169,0.054488553455123115,0.06681887751707705,0.06290690115965053,0.0608014696203336,0.0724451389753773,0.06289402245274026,0.05363759781731532,0.06400411871008736,0.05928743119777602,0.04870225057029387
Ships,0.04516840876250993,0.03147243223510721,0.045240395866560784,0.03298589647339158,0.035076059923749014,0.04821250805718827,0.06550806304050834,0.05815901341382051,0.05538395673073867,0.06679006344400316,0.057560388648133426,0.04542822528038126,0.0486618447974583,0.06258142171882447,0.05027207554884828,0.05908436975694995,0.06318520665607626,0.0704315024082605,0.0733565128355838,0.06299477164098492,0.066386161324861,0.06275231671167592,0.06845508969340744,0.06802171494519459,0.09145277934233519,0.04194902664019062,0.031790667526608425,0.07518373969181888,0.07637104870532169,0.08880460210961078,0.036255573722001604,0.05567872271008738,0.05879645415726767,0.05633879276568703,0.059066774764098474,0.04615397490071485,0.05227142224622716,0.04667012206513106,0.06141708976012709,0.05318786230341541,0.06309191169817314,0.05985828438443209,0.06278535690548055,0.061017320111199376,0.05957803670849879,0.05035273050357426,0.05836673324225573,0.05415704485782367,0.044475428797458305
Guns ,0.02534307281969816,0.02143789315329627,0.029978311842732322,0.01910184072279588,0.02272496925337569,0.032278473463065935,0.03241539845909451,0.03288508571882446,0.0337739758776807,0.03718289287529787,0.03284155522637012,0.02760319168387609,0.03303287861795075,0.03671913242255758,0.03136339282764098,0.03222265270055599,0.03716228849086575,0.039212977275615554,0.04306430458300237,0.03740136732327243,0.038697507156473396,0.03745119438443208,0.03881454350277998,0.03691381598888005,0.04194902664019062,0.06209920971405877,0.026553077077045278,0.042298424654487674,0.04531858258935663,0.04759432204924543,0.021395356084193795,0.03234995824463861,0.033712380508339954,0.03255164200953138,0.03558605349483718,0.031834878236695785,0.03378637394757744,0.028719314821286736,0.034698363923749,0.030950940524225576,0.034869381437648936,0.03494329807783956,0.03764189733121524,0.030388235258141383,0.03146523289912629,0.02863944598888006,0.031194674217633053,0.030863489412231944,0.026324445289912627
Gold ,0.021341927701350287,0.020961904679904674,0.031965503548848286,0.023300009372517878,0.026256432241461472,0.031840710811755366,0.034648654379666396,0.026292037318506753,0.03016542004130263,0.026706869585385224,0.04144312176648132,0.03199127874821288,0.04205396511517078,0.03693300952501985,0.025516189331215244,0.03374961193963462,0.03476626783161238,0.03880759124384432,0.0418869241938046,0.03351163597140588,0.03621220256076249,0.03875157550436855,0.03307409066878476,0.03302155057029388,0.031790667526608425,0.026553077077045278,0.20453027187291503,0.05662932303097698,0.04541960517871327,0.05561622555043686,0.024473130776806993,0.03186460512787927,0.029109501661636214,0.03097928112470213,0.035949119351866565,0.03331747431294678,0.03656070279904687,0.029931907768069907,0.02820775963780779,0.025998749642573465,0.030981991123113572,0.03388991812549643,0.029587295370929308,0.030977176616362206,0.02433166882287529,0.024479759644162033,0.03553254215726767,0.02977041837013502,0.03383854958538523
Mines,0.051119504997617166,0.035177477604447976,0.0504360778522637,0.035393765909451945,0.04042701657188245,0.052827237254964236,0.07663492073709294,0.06253275263542495,0.05941115048768862,0.07214981364257346,0.06630666914058778,0.05326749792533756,0.06046369248610006,0.07585515385544084,0.05675255435742653,0.06457672176648134,0.07226135694996029,0.07991085213026212,0.0913370149324861,0.07192854336457505,0.0783511660746624,0.07696771691818902,0.07649461870055599,0.07617942774900711,0.07518373969181888,0.042298424654487674,0.05662932303097698,0.1323461300969023,0.10117254814932485,0.1259998661604448,0.036806221172359016,0.0632703997077045,0.06423087947895155,0.06457040107386815,0.06830715568546465,0.05411113782366958,0.06349608613820493,0.05611127618745036,0.06822723091977759,0.05903097054805405,0.07189001045909453,0.06932103307386814,0.06731826988403494,0.06720275018268464,0.06572846714535345,0.054450657969817344,0.06738664018427322,0.06204919403971405,0.05405391705798253
Coal ,0.047924157648927726,0.03388814630659252,0.0493662609372518,0.034300724162033364,0.03837962474980143,0.050335912597299456,0.06937445604447973,0.06643885836378079,0.05868507275615565,0.06754906751389991,0.05521758147736297,0.04744434446386021,0.05274759621922162,0.07365914856235108,0.05381374640190627,0.06302692003177124,0.06585113458300237,0.06939644924543285,0.0919832272915012,0.07151164330420968,0.07541819272438442,0.06602676190627484,0.07286107606036536,0.06907532949960284,0.07637104870532169,0.04531858258935663,0.04541960517871327,0.10117254814932485,0.21064318392374903,0.13207224768864176,0.03848726058776806,0.061977336870532154,0.06326088403494838,0.0612262668149325,0.06261104740270054,0.04778169877680697,0.058862709134233505,0.04927497483717236,0.06756945976171565,0.05785344371723591,0.06992712320889596,0.0671008886417792,0.06444267278792695,0.05988120254169974,0.06607819116759332,0.05267057064336773,0.06015564778395551,0.05966520775218428,0.04811680447974583
Oil  ,0.05960110984590946,0.040777381534551224,0.054452274335186644,0.039899727895154884,0.04468149459253377,0.060372138373312144,0.09518458105162825,0.07873953231453533,0.06982919308339951,0.08791540593169184,0.07485654935980936,0.06105054265607625,0.06759060800635427,0.0899967207243844,0.0668001962732327,0.07658260537887213,0.08123173018268466,0.08828867408737094,0.1064851539158062,0.08794311870373316,0.09662735066243049,0.0840298513582208,0.09078279336934071,0.09526707792533755,0.08880460210961078,0.04759432204924543,0.05561622555043686,0.1259998661604448,0.13207224768864176,0.23431661325496422,0.04756129886258933,0.0773844272565528,0.07996715830976968,0.0763144218236696,0.07676623031294677,0.05865353687053217,0.0697957749833201,0.06002141003971405,0.08190230378395551,0.06577739027799841,0.08839543206036538,0.08331806567116758,0.07815671567275616,0.08485960945194597,0.08148765042732325,0.06529613730897538,0.07834749370611596,0.07359937711517077,0.06293066199205719
Util ,0.02862792560444797,0.025576844854646546,0.029826008020651308,0.024624512049245425,0.028282163432883242,0.024223574902303403,0.03637020921683875,0.03445027388721207,0.03152499325019856,0.037630361952343136,0.036745131702938826,0.02529080396664019,0.02558937545671167,0.03423713581572675,0.027550383397934867,0.03470636443367752,0.03607885951548849,0.03956711886100078,0.037420023502779974,0.03573339592374901,0.036139872481334386,0.033199103423351854,0.03294018498967434,0.03799345612231929,0.036255573722001604,0.021395356084193795,0.024473130776806993,0.036806221172359016,0.03848726058776806,0.04756129886258933,0.04183174738522638,0.034082005882446385,0.034614302725973004,0.03288251519142177,0.03278194517394757,0.02589137885623511,0.028372646659253365,0.027305946814932498,0.034964593934868934,0.035355636600476574,0.03513533951866561,0.03403342436854647,0.03369584121683875,0.03634418709293089,0.03756200634471805,0.03538918828594122,0.03555702431771248,0.033086685288324064,0.027696453969817326
Telcm,0.039287879803018275,0.030914359415409053,0.04312907331691818,0.03001095751389992,0.033457014673550424,0.04275951719936458,0.05966411207942809,0.051430683914217616,0.048024085126290694,0.05568078076727561,0.052404191928514685,0.04207750937092931,0.04612688182684669,0.052502527421763305,0.04196803871803018,0.05132733955043685,0.05240749452740268,0.05866166070055597,0.05998418658459093,0.05156383373788721,0.055749799903097676,0.05428808413820492,0.05565556121842733,0.058353390552819684,0.05567872271008738,0.03234995824463861,0.03186460512787927,0.0632703997077045,0.061977336870532154,0.0773844272565528,0.034082005882446385,0.06092986410007943,0.051812389613979354,0.049873095347100854,0.05227845451787133,0.04261671029388403,0.047202875526608415,0.041843556028594124,0.05170034731374108,0.045113137220015864,0.053296526765687066,0.051491238602065136,0.05370863453852265,0.054758773621922184,0.05072052828911833,0.04465266376806991,0.051220704044479745,0.04800206696266879,0.041367680918189036
PerSv,0.04107910737410642,0.03109314427958699,0.041818966268467025,0.030222195281969816,0.033237239386814915,0.04429899938681492,0.06406827782049246,0.05302347349960287,0.05007598089594918,0.061127607030976965,0.05543546099761717,0.04206166042573469,0.04613355755361398,0.05404289528832406,0.04515729602223986,0.05319185022081016,0.05504598673550437,0.06273437032883239,0.06232162343129465,0.055103775434471806,0.05783878693884035,0.057082294694201736,0.05936983423987289,0.06242802977918981,0.05879645415726767,0.033712380508339954,0.029109501661636214,0.06423087947895155,0.06326088403494838,0.07996715830976968,0.034614302725973004,0.051812389613979354,0.0677925078379666,0.05258040022557585,0.054754643904686234,0.043758756155679125,0.04800297294360604,0.043257177378872115,0.05416560118824464,0.04522656781572676,0.05602138474662431,0.0536340676409849,0.05684637849722,0.06005939162827644,0.05360514636378078,0.04667719269896742,0.05366432615091341,0.04991507336934074,0.04257561371882446
BusSv,0.039246101629864964,0.028995547787132637,0.042436295667990453,0.029126749936457495,0.03187957408578237,0.042747063013502756,0.06158520599523431,0.05160295708339953,0.04820361410166799,0.05850156076727558,0.0544310475440826,0.04444093299285147,0.04722788039714059,0.054244687485305816,0.04356001979825259,0.051872666015885645,0.05475461743447177,0.06195977776171567,0.06157560096108022,0.05367315364257346,0.057888779426529,0.055901296894360616,0.05791000240984908,0.06175639330103254,0.05633879276568703,0.03255164200953138,0.03097928112470213,0.06457040107386815,0.0612262668149325,0.0763144218236696,0.03288251519142177,0.049873095347100854,0.05258040022557585,0.055960452884829225,0.05528900236536933,0.046272667879269265,0.05032284420015885,0.04475289845909451,0.052124073572676725,0.04473901687053216,0.054576750355837964,0.052453978840349476,0.05326452702462271,0.05731568702938838,0.05167968673232726,0.04530049490389197,0.05344258541064337,0.04992621700238284,0.043087383062748216
Hardw,0.0402886748911835,0.030677794770452734,0.04716853076568705,0.030632521548848303,0.03294748294360602,0.04991739417474187,0.06586279397299442,0.052582576737092934,0.0517288812438443,0.061415020837172374,0.06044910918347895,0.048175477872915005,0.05349450924543289,0.057635292085782386,0.04679674598411438,0.053891699289912616,0.05772909757744242,0.06650195615409056,0.06445561679904686,0.0550648291691819,0.06168299121683875,0.059821863455123116,0.06269647806671963,0.06241694401429706,0.059066774764098474,0.03558605349483718,0.035949119351866565,0.06830715568546465,0.06261104740270054,0.07676623031294677,0.03278194517394757,0.05227845451787133,0.054754643904686234,0.05528900236536933,0.07386648846862591,0.05298480052422558,0.058305258738681504,0.05071080695790308,0.05353049262271643,0.046395231326449564,0.05711574127243845,0.05484582891183478,0.05752092298332009,0.06050783592533757,0.051107446484511494,0.04614719430976966,0.05633421239714058,0.05243539109928516,0.04549326907386816
Softw,0.03170191285146941,0.0251865082446386,0.04076884258935663,0.026698561699761723,0.0267076983161239,0.04393682295472596,0.05308110081016678,0.038110007148530585,0.041931349150119146,0.04664825857029389,0.05134187251787134,0.04475395623510723,0.05226237312152501,0.04604951815726767,0.03731983499602859,0.04097598228752977,0.045633988228752975,0.052580776473391565,0.04815054244638602,0.04118908778395552,0.048805066195393175,0.05027546187450355,0.04740611070691024,0.049151401858617945,0.04615397490071485,0.031834878236695785,0.03331747431294678,0.05411113782366958,0.04778169877680697,0.05865353687053217,0.02589137885623511,0.04261671029388403,0.043758756155679125,0.046272667879269265,0.05298480052422558,0.054686542811755376,0.05078542459094521,0.04443081226370136,0.039797736711675955,0.035150619602859416,0.04368429256552819,0.043367256425734704,0.045881015313741065,0.04675371890389198,0.03704081563145354,0.0362382971564734,0.04549929776012708,0.04296610149324861,0.039709227799841144
Chips,0.03576087209531374,0.027312077089753767,0.04341190813661636,0.028046278792692617,0.02925176496902304,0.04545257443685465,0.05583834858776806,0.0449202459666402,0.046530503396346325,0.052522000813343905,0.05374148917553614,0.04726834331374106,0.053501578332009525,0.05368820401588561,0.04180644939158062,0.0482561648101668,0.05215970703733123,0.05910656794916599,0.05865170065131056,0.05166782111517078,0.057596931304209696,0.05876042668784749,0.05604909996505161,0.05636531572994438,0.05227142224622716,0.03378637394757744,0.03656070279904687,0.06349608613820493,0.058862709134233505,0.0697957749833201,0.028372646659253365,0.047202875526608415,0.04800297294360604,0.05032284420015885,0.058305258738681504,0.05078542459094521,0.06174025457664811,0.050112855536139776,0.047239406093725164,0.041355802637013515,0.05050591513264497,0.049644678030182694,0.05041123346783161,0.05039894961080223,0.044400635539316925,0.04022682930579825,0.05053532350119143,0.04802959172676727,0.042629501972994435
LabEq,0.032330724447974586,0.02500946964257347,0.037867236791104035,0.02538507431294678,0.028149127434471805,0.039151390246227165,0.050763755552025405,0.0394665166322478,0.04167877096108023,0.04704695828435266,0.0501249637172359,0.04226240359015091,0.04631095987291501,0.04729878014297061,0.03742473073868149,0.04243297096108023,0.04740030929308977,0.05380805223193009,0.05104564727561556,0.04559198954725972,0.051381502684670365,0.05129403069102463,0.04940962141382047,0.05055174386020651,0.04667012206513106,0.028719314821286736,0.029931907768069907,0.05611127618745036,0.04927497483717236,0.06002141003971405,0.027305946814932498,0.041843556028594124,0.043257177378872115,0.04475289845909451,0.05071080695790308,0.04443081226370136,0.050112855536139776,0.05078506274821288,0.04221884130262112,0.03884702783161239,0.04549023050039714,0.04399918656076251,0.04411771548848293,0.045336511358220824,0.039631530738681496,0.03741113251787131,0.044607995456711666,0.042897848482922954,0.03805080533756949
Paper,0.04161290230976965,0.030861920235107226,0.04177740670691024,0.03080228989674344,0.033990082125496444,0.040770532705321695,0.06216282782525814,0.0568991801683876,0.05041728901985704,0.06255680451469417,0.05230017027164415,0.0405253329404289,0.042198553868149316,0.05850278946465448,0.045844556889594906,0.05699730188721207,0.057997186735504365,0.06472473393804605,0.06799110546465448,0.05781192284670372,0.06130088868308181,0.05598521999999999,0.06356260330103256,0.0630352155393169,0.06141708976012709,0.034698363923749,0.02820775963780779,0.06822723091977759,0.06756945976171565,0.08190230378395551,0.034964593934868934,0.05170034731374108,0.05416560118824464,0.052124073572676725,0.05353049262271643,0.039797736711675955,0.047239406093725164,0.04221884130262112,0.07094315208260525,0.052310409912629065,0.05805334879428117,0.05619484711675933,0.056731512800635424,0.058148969197776,0.05716008738999207,0.048060846525814126,0.055030260403494825,0.050059218525814145,0.04076176446703733
